FluxView - FluxMed acquisition system
Signal file
Serial Number	:
W version:	1.20h-OX-CO2	File version:	1.13
Sampling rate:	256 Hz
Time	Flow	Volume	Paw	Pes	Ptpulm	Pga	Ptdiaf	CO2	
0.00391	-0.0	-388	12.0	13.5	-1.5	0.0	-13.5	0.0	
0.00781	-0.1	-388	12.0	13.5	-1.5	0.0	-13.5	0.0	
0.01172	-0.1	-388	11.9	13.6	-1.7	0.0	-13.6	0.0	
0.01562	-0.0	-388	11.8	13.6	-1.8	0.0	-13.6	0.0	
0.01953	-0.0	-388	11.8	13.6	-1.8	0.0	-13.6	0.0	
0.02344	-0.1	-388	11.9	13.6	-1.7	0.0	-13.6	0.0	
0.02734	-0.0	-388	12.0	13.7	-1.7	0.0	-13.7	0.0	
0.03125	0.0	-388	12.0	13.7	-1.7	0.0	-13.7	0.0	
0.03516	-0.0	-388	11.9	13.7	-1.8	0.0	-13.7	0.0	
0.03906	0.0	-388	11.8	13.7	-1.9	0.0	-13.7	0.0	
0.04297	-0.0	-388	11.9	13.7	-1.8	0.0	-13.7	0.0	
0.04688	-0.2	-388	11.9	13.7	-1.8	0.0	-13.7	0.0	
0.05078	-0.2	-388	11.8	13.7	-1.9	0.0	-13.7	0.0	
0.05469	-0.1	-388	11.9	13.8	-1.9	0.0	-13.8	0.0	
0.05859	-0.2	-388	11.9	13.8	-1.9	0.0	-13.8	0.0	
0.06250	-0.1	-388	12.0	13.8	-1.8	0.0	-13.8	0.0	
0.06641	0.0	-388	12.0	13.8	-1.8	0.0	-13.8	0.0	
0.07031	-0.0	-388	12.0	13.9	-1.9	0.0	-13.9	0.0	
0.07422	-0.0	-388	12.0	13.9	-1.9	0.0	-13.9	0.0	
0.07812	-0.0	-388	11.9	13.8	-1.9	0.0	-13.8	0.0	
0.08203	-0.1	-388	11.9	13.9	-2.0	0.0	-13.9	0.0	
0.08594	-0.1	-388	11.9	13.9	-2.0	0.0	-13.9	0.0	
0.08984	-0.1	-388	11.9	13.9	-2.0	0.0	-13.9	0.0	
0.09375	-0.1	-388	11.9	13.9	-2.0	0.0	-13.9	0.0	
0.09766	0.0	-388	11.9	13.9	-2.0	0.0	-13.9	0.0	
0.10156	-0.1	-388	11.9	14.0	-2.1	0.0	-14.0	0.0	
0.10547	-0.1	-388	11.9	14.0	-2.1	0.0	-14.0	0.0	
0.10938	-0.0	-388	11.9	14.0	-2.1	0.0	-14.0	0.0	
0.11328	0.0	-388	11.9	14.0	-2.1	0.0	-14.0	0.0	
0.11719	0.0	-388	12.0	14.0	-2.0	0.0	-14.0	0.0	
0.12109	-0.2	-388	11.9	14.0	-2.1	0.0	-14.0	0.0	
0.12500	-0.2	-388	11.9	14.0	-2.1	0.0	-14.0	0.0	
0.12891	0.0	-388	12.0	14.0	-2.0	0.0	-14.0	0.0	
0.13281	-0.1	-388	11.9	14.0	-2.1	0.0	-14.0	0.0	
0.13672	-0.4	-388	12.0	14.0	-2.0	0.0	-14.0	0.0	
0.14062	-0.3	-388	12.0	14.0	-2.0	0.0	-14.0	0.0	
0.14453	-0.3	-388	12.1	14.0	-1.9	0.0	-14.0	0.0	
0.14844	-0.3	-388	12.1	14.0	-1.9	0.0	-14.0	0.0	
0.15234	-0.3	-388	12.1	14.0	-1.9	0.0	-14.0	0.0	
0.15625	-0.3	-388	12.1	14.0	-1.9	0.0	-14.0	0.0	
0.16016	-0.4	-388	12.1	14.0	-1.9	0.0	-14.0	0.0	
0.16406	-0.4	-388	12.1	14.0	-1.9	0.0	-14.0	0.0	
0.16797	-0.3	-388	12.2	14.0	-1.8	0.0	-14.0	0.0	
0.17188	-0.3	-388	12.3	14.0	-1.7	0.0	-14.0	0.0	
0.17578	-0.1	-388	12.3	14.0	-1.7	0.0	-14.0	0.0	
0.17969	-0.1	-388	12.3	14.0	-1.7	0.0	-14.0	0.0	
0.18359	-0.3	-388	12.3	14.0	-1.7	0.0	-14.0	0.0	
0.18750	-0.2	-388	12.3	14.0	-1.7	0.0	-14.0	0.0	
0.19141	-0.1	-388	12.4	14.0	-1.6	0.0	-14.0	0.0	
0.19531	-0.2	-388	12.4	14.0	-1.6	0.0	-14.0	0.0	
0.19922	-0.3	-388	12.4	14.0	-1.6	0.0	-14.0	0.0	
0.20312	-0.2	-388	12.4	14.0	-1.6	0.0	-14.0	0.0	
0.20703	-0.1	-388	12.5	14.0	-1.5	0.0	-14.0	0.0	
0.21094	0.0	-388	12.5	14.0	-1.5	0.0	-14.0	0.0	
0.21484	-0.0	-388	12.5	14.0	-1.5	0.0	-14.0	0.0	
0.21875	-0.1	-388	12.5	14.0	-1.5	0.0	-14.0	0.0	
0.22266	-0.1	-388	12.4	14.0	-1.6	0.0	-14.0	0.0	
0.22656	-0.1	-388	12.4	14.1	-1.7	0.0	-14.1	0.0	
0.23047	0.1	-388	12.5	14.1	-1.6	0.0	-14.1	0.0	
0.23438	0.1	-388	12.4	14.0	-1.6	0.0	-14.0	0.0	
0.23828	0.1	-388	12.4	14.1	-1.7	0.0	-14.1	0.0	
0.24219	0.2	-388	12.4	14.2	-1.8	0.0	-14.2	0.0	
0.24609	0.2	-388	12.4	14.2	-1.8	0.0	-14.2	0.0	
0.25000	0.1	-388	12.3	14.1	-1.8	0.0	-14.1	0.0	
0.25391	-0.0	-388	12.3	14.2	-1.9	0.0	-14.2	0.0	
0.25781	0.1	-388	12.3	14.2	-1.9	0.0	-14.2	0.0	
0.26172	0.1	-388	12.3	14.2	-1.9	0.0	-14.2	0.0	
0.26562	0.0	-388	12.3	14.2	-1.9	0.0	-14.2	0.0	
0.26953	-0.0	-388	12.3	14.3	-2.0	0.0	-14.3	0.0	
0.27344	-0.1	-388	12.2	14.3	-2.1	0.0	-14.3	0.0	
0.27734	-0.1	-388	12.3	14.4	-2.1	0.0	-14.4	0.0	
0.28125	-0.2	-388	12.3	14.4	-2.1	0.0	-14.4	0.0	
0.28516	-0.3	-388	12.3	14.4	-2.1	0.0	-14.4	0.0	
0.28906	-0.3	-388	12.3	14.4	-2.1	0.0	-14.4	0.0	
0.29297	-0.1	-388	12.3	14.4	-2.1	0.0	-14.4	0.0	
0.29688	-0.1	-388	12.3	14.4	-2.1	0.0	-14.4	0.0	
0.30078	-0.2	-388	12.3	14.4	-2.1	0.0	-14.4	0.0	
0.30469	-0.2	-388	12.4	14.5	-2.1	0.0	-14.5	0.0	
0.30859	-0.0	-388	12.3	14.5	-2.2	0.0	-14.5	0.0	
0.31250	-0.1	-388	12.4	14.5	-2.1	0.0	-14.5	0.0	
0.31641	0.0	-388	12.4	14.5	-2.1	0.0	-14.5	0.0	
0.32031	0.0	-388	12.4	14.5	-2.1	0.0	-14.5	0.0	
0.32422	-0.1	-388	12.3	14.4	-2.1	0.0	-14.4	0.0	
0.32812	0.1	-388	12.3	14.4	-2.1	0.0	-14.4	0.0	
0.33203	0.2	-388	12.3	14.4	-2.1	0.0	-14.4	0.0	
0.33594	0.1	-388	12.2	14.4	-2.2	0.0	-14.4	0.0	
0.33984	0.4	-388	12.1	14.4	-2.3	0.0	-14.4	0.0	
0.34375	0.6	-388	12.1	14.4	-2.3	0.0	-14.4	0.0	
0.34766	0.5	-388	12.1	14.3	-2.2	0.0	-14.3	0.0	
0.35156	0.7	-388	12.0	14.3	-2.3	0.0	-14.3	0.0	
0.35547	0.9	-388	11.9	14.3	-2.4	0.0	-14.3	0.0	
0.35938	0.8	-388	11.9	14.2	-2.3	0.0	-14.2	0.0	
0.36328	0.7	-388	11.8	14.1	-2.3	0.0	-14.1	0.0	
0.36719	0.7	-388	11.8	14.1	-2.3	0.0	-14.1	0.0	
0.37109	0.5	-388	11.7	14.0	-2.3	0.0	-14.0	0.0	
0.37500	0.3	-388	11.7	14.0	-2.3	0.0	-14.0	0.0	
0.37891	0.2	-388	11.7	14.0	-2.3	0.0	-14.0	0.0	
0.38281	-0.1	-388	11.7	13.9	-2.2	0.0	-13.9	0.0	
0.38672	-0.2	-388	11.7	14.0	-2.3	0.0	-14.0	0.0	
0.39062	-0.2	-388	11.7	13.9	-2.2	0.0	-13.9	0.0	
0.39453	-0.2	-388	11.7	13.8	-2.1	0.0	-13.8	0.0	
0.39844	-0.3	-388	11.8	13.8	-2.0	0.0	-13.8	0.0	
0.40234	-0.3	-388	11.8	13.8	-2.0	0.0	-13.8	0.0	
0.40625	-0.3	-388	11.8	13.7	-1.9	0.0	-13.7	0.0	
0.41016	-0.4	-388	11.9	13.7	-1.8	0.0	-13.7	0.0	
0.41406	-0.5	-388	11.9	13.7	-1.8	0.0	-13.7	0.0	
0.41797	-0.5	-388	12.0	13.7	-1.7	0.0	-13.7	0.0	
0.42188	-0.7	-388	12.1	13.7	-1.6	0.0	-13.7	0.0	
0.42578	-0.8	-388	12.2	13.6	-1.4	0.0	-13.6	0.0	
0.42969	-0.7	-388	12.2	13.6	-1.4	0.0	-13.6	0.0	
0.43359	-0.6	-388	12.2	13.6	-1.4	0.0	-13.6	0.0	
0.43750	-0.5	-388	12.3	13.6	-1.3	0.0	-13.6	0.0	
0.44141	-0.6	-388	12.4	13.6	-1.2	0.0	-13.6	0.0	
0.44531	-0.5	-388	12.4	13.5	-1.1	0.0	-13.5	0.0	
0.44922	-0.3	-388	12.4	13.5	-1.1	0.0	-13.5	0.0	
0.45312	-0.3	-388	12.4	13.5	-1.1	0.0	-13.5	0.0	
0.45703	-0.2	-389	12.5	13.5	-1.0	0.0	-13.5	0.0	
0.46094	-0.1	-389	12.5	13.5	-1.0	0.0	-13.5	0.0	
0.46484	-0.1	-389	12.5	13.5	-1.0	0.0	-13.5	0.0	
0.46875	-0.0	-389	12.5	13.5	-1.0	0.0	-13.5	0.0	
0.47266	-0.1	-389	12.5	13.5	-1.0	0.0	-13.5	0.0	
0.47656	-0.1	-389	12.5	13.4	-0.9	0.0	-13.4	0.0	
0.48047	0.0	-389	12.5	13.4	-0.9	0.0	-13.4	0.0	
0.48438	-0.0	-389	12.5	13.4	-0.9	0.0	-13.4	0.0	
0.48828	-0.1	-389	12.4	13.4	-1.0	0.0	-13.4	0.0	
0.49219	0.0	-389	12.4	13.4	-1.0	0.0	-13.4	0.0	
0.49609	0.1	-389	12.5	13.4	-0.9	0.0	-13.4	0.0	
0.50000	0.0	-389	12.4	13.3	-0.9	0.0	-13.3	0.0	
0.50391	0.1	-389	12.4	13.3	-0.9	0.0	-13.3	0.0	
0.50781	-0.0	-389	12.4	13.3	-0.9	0.0	-13.3	0.0	
0.51172	-0.2	-389	12.4	13.3	-0.9	0.0	-13.3	0.0	
0.51562	-0.2	-389	12.4	13.3	-0.9	0.0	-13.3	0.0	
0.51953	-0.2	-389	12.4	13.3	-0.9	0.0	-13.3	0.0	
0.52344	-0.3	-389	12.5	13.2	-0.7	0.0	-13.2	0.0	
0.52734	-0.2	-389	12.5	13.2	-0.7	0.0	-13.2	0.0	
0.53125	-0.1	-389	12.5	13.3	-0.8	0.0	-13.3	0.0	
0.53516	-0.2	-389	12.5	13.3	-0.8	0.0	-13.3	0.0	
0.53906	-0.3	-389	12.6	13.3	-0.7	0.0	-13.3	0.0	
0.54297	-0.4	-389	12.6	13.3	-0.7	0.0	-13.3	0.0	
0.54688	-0.5	-389	12.6	13.3	-0.7	0.0	-13.3	0.0	
0.55078	-0.5	-389	12.8	13.4	-0.6	0.0	-13.4	0.0	
0.55469	-0.5	-389	12.8	13.4	-0.6	0.0	-13.4	0.0	
0.55859	-0.5	-389	12.8	13.4	-0.6	0.0	-13.4	0.0	
0.56250	-0.4	-389	12.9	13.4	-0.5	0.0	-13.4	0.0	
0.56641	-0.1	-389	12.9	13.4	-0.5	0.0	-13.4	0.0	
0.57031	-0.1	-389	12.8	13.4	-0.6	0.0	-13.4	0.0	
0.57422	-0.1	-389	12.8	13.5	-0.7	0.0	-13.5	0.0	
0.57812	0.0	-389	12.8	13.5	-0.7	0.0	-13.5	0.0	
0.58203	0.1	-389	12.8	13.4	-0.6	0.0	-13.4	0.0	
0.58594	0.1	-389	12.8	13.4	-0.6	0.0	-13.4	0.0	
0.58984	0.2	-389	12.8	13.4	-0.6	0.0	-13.4	0.0	
0.59375	0.4	-389	12.8	13.4	-0.6	0.0	-13.4	0.0	
0.59766	0.4	-389	12.7	13.4	-0.7	0.0	-13.4	0.0	
0.60156	0.4	-389	12.6	13.4	-0.8	0.0	-13.4	0.0	
0.60547	0.5	-389	12.6	13.4	-0.8	0.0	-13.4	0.0	
0.60938	0.5	-389	12.5	13.5	-1.0	0.0	-13.5	0.0	
0.61328	0.4	-389	12.4	13.5	-1.1	0.0	-13.5	0.0	
0.61719	0.5	-389	12.5	13.5	-1.0	0.0	-13.5	0.0	
0.62109	0.3	-389	12.4	13.5	-1.1	0.0	-13.5	0.0	
0.62500	0.0	-389	12.4	13.5	-1.1	0.0	-13.5	0.0	
0.62891	0.2	-389	12.4	13.5	-1.1	0.0	-13.5	0.0	
0.63281	0.1	-389	12.3	13.5	-1.2	0.0	-13.5	0.0	
0.63672	-0.1	-389	12.3	13.5	-1.2	0.0	-13.5	0.0	
0.64062	-0.0	-389	12.4	13.5	-1.1	0.0	-13.5	0.0	
0.64453	-0.1	-389	12.4	13.6	-1.2	0.0	-13.6	0.0	
0.64844	-0.3	-389	12.4	13.5	-1.1	0.0	-13.5	0.0	
0.65234	-0.1	-389	12.3	13.5	-1.2	0.0	-13.5	0.0	
0.65625	-0.0	-389	12.3	13.5	-1.2	0.0	-13.5	0.0	
0.66016	-0.2	-389	12.3	13.5	-1.2	0.0	-13.5	0.0	
0.66406	-0.1	-389	12.3	13.6	-1.3	0.0	-13.6	0.0	
0.66797	-0.0	-389	12.3	13.6	-1.3	0.0	-13.6	0.0	
0.67188	-0.1	-389	12.3	13.6	-1.3	0.0	-13.6	0.0	
0.67578	-0.2	-389	12.4	13.6	-1.2	0.0	-13.6	0.0	
0.67969	-0.2	-389	12.4	13.6	-1.2	0.0	-13.6	0.0	
0.68359	-0.1	-389	12.4	13.6	-1.2	0.0	-13.6	0.0	
0.68750	-0.2	-389	12.4	13.6	-1.2	0.0	-13.6	0.0	
0.69141	-0.0	-389	12.4	13.6	-1.2	0.0	-13.6	0.0	
0.69531	-0.0	-389	12.4	13.7	-1.3	0.0	-13.7	0.0	
0.69922	-0.2	-389	12.4	13.6	-1.2	0.0	-13.6	0.0	
0.70312	-0.1	-389	12.4	13.6	-1.2	0.0	-13.6	0.0	
0.70703	-0.1	-389	12.5	13.7	-1.2	0.0	-13.7	0.0	
0.71094	-0.1	-389	12.5	13.6	-1.1	0.0	-13.6	0.0	
0.71484	-0.1	-389	12.5	13.6	-1.1	0.0	-13.6	0.0	
0.71875	-0.1	-389	12.5	13.7	-1.2	0.0	-13.7	0.0	
0.72266	-0.2	-389	12.5	13.7	-1.2	0.0	-13.7	0.0	
0.72656	-0.3	-389	12.6	13.7	-1.1	0.0	-13.7	0.0	
0.73047	-0.1	-389	12.6	13.8	-1.2	0.0	-13.8	0.0	
0.73438	-0.0	-389	12.6	13.8	-1.2	0.0	-13.8	0.0	
0.73828	-0.2	-389	12.6	13.8	-1.2	0.0	-13.8	0.0	
0.74219	-0.1	-389	12.6	13.8	-1.2	0.0	-13.8	0.0	
0.74609	-0.1	-389	12.6	13.9	-1.3	0.0	-13.9	0.0	
0.75000	-0.2	-389	12.7	13.9	-1.2	0.0	-13.9	0.0	
0.75391	-0.1	-389	12.7	13.9	-1.2	0.0	-13.9	0.0	
0.75781	-0.1	-389	12.6	13.9	-1.3	0.0	-13.9	0.0	
0.76172	-0.2	-389	12.6	13.9	-1.3	0.0	-13.9	0.0	
0.76562	-0.1	-389	12.6	14.0	-1.4	0.0	-14.0	0.0	
0.76953	0.0	-389	12.6	14.0	-1.4	0.0	-14.0	0.0	
0.77344	-0.1	-389	12.6	14.0	-1.4	0.0	-14.0	0.0	
0.77734	-0.2	-389	12.7	14.0	-1.3	0.0	-14.0	0.0	
0.78125	-0.0	-389	12.7	14.0	-1.3	0.0	-14.0	0.0	
0.78516	-0.0	-389	12.7	14.0	-1.3	0.0	-14.0	0.0	
0.78906	-0.1	-389	12.8	14.1	-1.3	0.0	-14.1	0.0	
0.79297	0.0	-389	12.7	14.1	-1.4	0.0	-14.1	0.0	
0.79688	0.0	-389	12.7	14.1	-1.4	0.0	-14.1	0.0	
0.80078	-0.1	-389	12.7	14.1	-1.4	0.0	-14.1	0.0	
0.80469	-0.1	-389	12.7	14.2	-1.5	0.0	-14.2	0.0	
0.80859	0.1	-389	12.6	14.2	-1.6	0.0	-14.2	0.0	
0.81250	-0.0	-389	12.6	14.3	-1.7	0.0	-14.3	0.0	
0.81641	-0.1	-389	12.6	14.3	-1.7	0.0	-14.3	0.0	
0.82031	0.0	-389	12.6	14.3	-1.7	0.0	-14.3	0.0	
0.82422	-0.1	-389	12.6	14.3	-1.7	0.0	-14.3	0.0	
0.82812	-0.1	-389	12.7	14.4	-1.7	0.0	-14.4	0.0	
0.83203	0.1	-389	12.6	14.4	-1.8	0.0	-14.4	0.0	
0.83594	-0.0	-389	12.6	14.4	-1.8	0.0	-14.4	0.0	
0.83984	-0.2	-389	12.6	14.4	-1.8	0.0	-14.4	0.0	
0.84375	-0.1	-389	12.6	14.4	-1.8	0.0	-14.4	0.0	
0.84766	-0.1	-389	12.6	14.4	-1.8	0.0	-14.4	0.0	
0.85156	-0.1	-389	12.6	14.5	-1.9	0.0	-14.5	0.0	
0.85547	0.0	-389	12.6	14.5	-1.9	0.0	-14.5	0.0	
0.85938	-0.1	-389	12.6	14.5	-1.9	0.0	-14.5	0.0	
0.86328	-0.2	-389	12.6	14.5	-1.9	0.0	-14.5	0.0	
0.86719	-0.1	-389	12.6	14.6	-2.0	0.0	-14.6	0.0	
0.87109	-0.0	-389	12.6	14.6	-2.0	0.0	-14.6	0.0	
0.87500	-0.1	-389	12.7	14.5	-1.8	0.0	-14.5	0.0	
0.87891	-0.1	-389	12.7	14.6	-1.9	0.0	-14.6	0.0	
0.88281	-0.0	-389	12.6	14.6	-2.0	0.0	-14.6	0.0	
0.88672	0.0	-389	12.6	14.6	-2.0	0.0	-14.6	0.0	
0.89062	-0.1	-389	12.7	14.6	-1.9	0.0	-14.6	0.0	
0.89453	-0.2	-389	12.7	14.6	-1.9	0.0	-14.6	0.0	
0.89844	-0.2	-389	12.7	14.5	-1.8	0.0	-14.5	0.0	
0.90234	-0.2	-389	12.7	14.6	-1.9	0.0	-14.6	0.0	
0.90625	-0.2	-389	12.7	14.6	-1.9	0.0	-14.6	0.0	
0.91016	-0.2	-389	12.8	14.6	-1.8	0.0	-14.6	0.0	
0.91406	-0.2	-389	12.8	14.6	-1.8	0.0	-14.6	0.0	
0.91797	-0.2	-389	12.8	14.6	-1.8	0.0	-14.6	0.0	
0.92188	-0.3	-389	12.8	14.6	-1.8	0.0	-14.6	0.0	
0.92578	-0.3	-389	12.8	14.6	-1.8	0.0	-14.6	0.0	
0.92969	-0.2	-389	12.9	14.6	-1.7	0.0	-14.6	0.0	
0.93359	-0.3	-389	12.9	14.6	-1.7	0.0	-14.6	0.0	
0.93750	-0.3	-389	12.9	14.6	-1.7	0.0	-14.6	0.0	
0.94141	-0.1	-389	12.9	14.6	-1.7	0.0	-14.6	0.0	
0.94531	-0.1	-389	13.0	14.6	-1.6	0.0	-14.6	0.0	
0.94922	-0.3	-389	13.0	14.6	-1.6	0.0	-14.6	0.0	
0.95312	-0.3	-389	13.0	14.6	-1.6	0.0	-14.6	0.0	
0.95703	-0.2	-389	13.1	14.6	-1.5	0.0	-14.6	0.0	
0.96094	-0.2	-389	13.1	14.5	-1.4	0.0	-14.5	0.0	
0.96484	-0.3	-389	13.1	14.6	-1.5	0.0	-14.6	0.0	
0.96875	-0.2	-389	13.2	14.6	-1.4	0.0	-14.6	0.0	
0.97266	-0.2	-389	13.2	14.5	-1.3	0.0	-14.5	0.0	
0.97656	-0.3	-389	13.2	14.5	-1.3	0.0	-14.5	0.0	
0.98047	-0.2	-389	13.3	14.6	-1.3	0.0	-14.6	0.0	
0.98438	-0.1	-389	13.3	14.6	-1.3	0.0	-14.6	0.0	
0.98828	-0.1	-389	13.2	14.6	-1.4	0.0	-14.6	0.0	
0.99219	0.1	-389	13.2	14.6	-1.4	0.0	-14.6	0.0	
0.99609	-0.1	-389	13.2	14.6	-1.4	0.0	-14.6	0.0	
1.00000	-0.2	-389	13.2	14.7	-1.5	0.0	-14.7	0.0	
1.00391	-0.1	-389	13.3	14.7	-1.4	0.0	-14.7	0.0	
1.00781	-0.0	-389	13.3	14.7	-1.4	0.0	-14.7	0.0	
1.01172	-0.1	-389	13.3	14.7	-1.4	0.0	-14.7	0.0	
1.01562	-0.1	-389	13.3	14.8	-1.5	0.0	-14.8	0.0	
1.01953	-0.1	-389	13.3	14.8	-1.5	0.0	-14.8	0.0	
1.02344	-0.2	-389	13.3	14.8	-1.5	0.0	-14.8	0.0	
1.02734	-0.2	-389	13.3	14.9	-1.6	0.0	-14.9	0.0	
1.03125	-0.1	-389	13.4	15.0	-1.6	0.0	-15.0	0.0	
1.03516	-0.3	-389	13.4	14.9	-1.5	0.0	-14.9	0.0	
1.03906	-0.4	-389	13.4	15.0	-1.6	0.0	-15.0	0.0	
1.04297	-0.2	-389	13.4	15.0	-1.6	0.0	-15.0	0.0	
1.04688	-0.3	-389	13.5	15.0	-1.5	0.0	-15.0	0.0	
1.05078	-0.4	-389	13.5	15.1	-1.6	0.0	-15.1	0.0	
1.05469	-0.4	-390	13.5	15.1	-1.6	0.0	-15.1	0.0	
1.05859	-0.4	-390	13.6	15.1	-1.5	0.0	-15.1	0.0	
1.06250	-0.5	-390	13.6	15.1	-1.5	0.0	-15.1	0.0	
1.06641	-0.4	-390	13.6	15.2	-1.6	0.0	-15.2	0.0	
1.07031	-0.4	-390	13.7	15.2	-1.5	0.0	-15.2	0.0	
1.07422	-0.5	-390	13.7	15.2	-1.5	0.0	-15.2	0.0	
1.07812	-0.3	-390	13.7	15.2	-1.5	0.0	-15.2	0.0	
1.08203	-0.2	-390	13.8	15.2	-1.4	0.0	-15.2	0.0	
1.08594	-0.2	-390	13.8	15.3	-1.5	0.0	-15.3	0.0	
1.08984	-0.1	-390	13.8	15.3	-1.5	0.0	-15.3	0.0	
1.09375	-0.0	-390	13.7	15.3	-1.6	0.0	-15.3	0.0	
1.09766	-0.1	-390	13.7	15.3	-1.6	0.0	-15.3	0.0	
1.10156	0.1	-390	13.7	15.3	-1.6	0.0	-15.3	0.0	
1.10547	0.3	-390	13.6	15.2	-1.6	0.0	-15.2	0.0	
1.10938	0.2	-390	13.6	15.3	-1.7	0.0	-15.3	0.0	
1.11328	0.3	-390	13.6	15.2	-1.6	0.0	-15.2	0.0	
1.11719	0.6	-390	13.5	15.2	-1.7	0.0	-15.2	0.0	
1.12109	0.8	-390	13.4	15.2	-1.8	0.0	-15.2	0.0	
1.12500	0.8	-390	13.3	15.2	-1.9	0.0	-15.2	0.0	
1.12891	0.9	-389	13.3	15.1	-1.8	0.0	-15.1	0.0	
1.13281	0.8	-389	13.2	15.1	-1.9	0.0	-15.1	0.0	
1.13672	0.5	-389	13.2	15.1	-1.9	0.0	-15.1	0.0	
1.14062	0.3	-389	13.2	15.1	-1.9	0.0	-15.1	0.0	
1.14453	0.2	-389	13.2	15.0	-1.8	0.0	-15.0	0.0	
1.14844	-0.1	-389	13.2	15.0	-1.8	0.0	-15.0	0.0	
1.15234	-0.3	-389	13.2	15.0	-1.8	0.0	-15.0	0.0	
1.15625	-0.3	-389	13.3	15.0	-1.7	0.0	-15.0	0.0	
1.16016	-0.4	-389	13.3	14.9	-1.6	0.0	-14.9	0.0	
1.16406	-0.5	-389	13.4	14.9	-1.5	0.0	-14.9	0.0	
1.16797	-0.6	-389	13.4	14.9	-1.5	0.0	-14.9	0.0	
1.17188	-1.0	-390	13.5	14.8	-1.3	0.0	-14.8	0.0	
1.17578	-1.5	-390	13.6	14.9	-1.3	0.0	-14.9	0.0	
1.17969	-1.9	-390	13.7	14.9	-1.2	0.0	-14.9	0.0	
1.18359	-2.1	-390	13.8	14.8	-1.0	0.0	-14.8	0.0	
1.18750	-2.1	-390	14.0	14.8	-0.8	0.0	-14.8	0.0	
1.19141	-1.9	-390	14.0	14.9	-0.9	0.0	-14.9	0.0	
1.19531	-1.8	-390	14.1	14.8	-0.7	0.0	-14.8	0.0	
1.19922	-1.6	-390	14.2	14.8	-0.6	0.0	-14.8	0.0	
1.20312	-1.3	-390	14.3	14.8	-0.5	0.0	-14.8	0.0	
1.20703	-1.0	-391	14.3	14.9	-0.6	0.0	-14.9	0.0	
1.21094	-0.8	-391	14.3	14.9	-0.6	0.0	-14.9	0.0	
1.21484	-0.5	-391	14.4	14.8	-0.4	0.0	-14.8	0.0	
1.21875	-0.1	-391	14.5	14.8	-0.3	0.0	-14.8	0.0	
1.22266	-0.3	-391	14.5	14.9	-0.4	0.0	-14.9	0.0	
1.22656	-0.3	-391	14.5	14.9	-0.4	0.0	-14.9	0.0	
1.23047	-0.1	-391	14.5	14.9	-0.4	0.0	-14.9	0.0	
1.23438	-0.1	-391	14.5	14.9	-0.4	0.0	-14.9	0.0	
1.23828	-0.2	-391	14.6	14.9	-0.3	0.0	-14.9	0.0	
1.24219	-0.1	-391	14.6	14.9	-0.3	0.0	-14.9	0.0	
1.24609	-0.2	-391	14.6	14.9	-0.3	0.0	-14.9	0.0	
1.25000	-0.3	-391	14.6	14.9	-0.3	0.0	-14.9	0.0	
1.25391	-0.3	-391	14.7	14.9	-0.2	0.0	-14.9	0.0	
1.25781	-0.2	-391	14.7	14.9	-0.2	0.0	-14.9	0.0	
1.26172	-0.4	-391	14.8	14.9	-0.1	0.0	-14.9	0.0	
1.26562	-0.4	-391	14.8	14.8	0.0	0.0	-14.8	0.0	
1.26953	-0.3	-391	14.8	14.9	-0.1	0.0	-14.9	0.0	
1.27344	-0.4	-391	14.8	14.9	-0.1	0.0	-14.9	0.0	
1.27734	-0.4	-391	14.9	15.0	-0.1	0.0	-15.0	0.0	
1.28125	-0.4	-391	15.0	15.0	0.0	0.0	-15.0	0.0	
1.28516	-0.5	-391	15.0	15.0	0.0	0.0	-15.0	0.0	
1.28906	-0.6	-391	15.1	15.0	0.1	0.0	-15.0	0.0	
1.29297	-0.6	-391	15.1	15.0	0.1	0.0	-15.0	0.0	
1.29688	-0.6	-391	15.1	15.0	0.1	0.0	-15.0	0.0	
1.30078	-0.6	-391	15.2	15.0	0.2	0.0	-15.0	0.0	
1.30469	-0.5	-391	15.2	15.1	0.1	0.0	-15.1	0.0	
1.30859	-0.5	-391	15.3	15.1	0.2	0.0	-15.1	0.0	
1.31250	-0.5	-391	15.3	15.2	0.1	0.0	-15.2	0.0	
1.31641	-0.5	-391	15.4	15.2	0.2	0.0	-15.2	0.0	
1.32031	-0.6	-391	15.4	15.2	0.2	0.0	-15.2	0.0	
1.32422	-0.5	-391	15.5	15.3	0.2	0.0	-15.3	0.0	
1.32812	-0.5	-391	15.5	15.3	0.2	0.0	-15.3	0.0	
1.33203	-0.4	-391	15.6	15.3	0.3	0.0	-15.3	0.0	
1.33594	-0.3	-391	15.6	15.4	0.2	0.0	-15.4	0.0	
1.33984	-0.3	-391	15.6	15.4	0.2	0.0	-15.4	0.0	
1.34375	-0.2	-391	15.6	15.4	0.2	0.0	-15.4	0.0	
1.34766	0.1	-391	15.6	15.5	0.1	0.0	-15.5	0.0	
1.35156	-0.1	-391	15.6	15.5	0.1	0.0	-15.5	0.0	
1.35547	-0.1	-391	15.6	15.5	0.1	0.0	-15.5	0.0	
1.35938	0.0	-391	15.6	15.6	0.0	0.0	-15.6	0.0	
1.36328	-0.0	-391	15.6	15.6	0.0	0.0	-15.6	0.0	
1.36719	0.1	-391	15.6	15.6	0.0	0.0	-15.6	0.0	
1.37109	0.0	-391	15.5	15.6	-0.1	0.0	-15.6	0.0	
1.37500	-0.1	-391	15.5	15.7	-0.2	0.0	-15.7	0.0	
1.37891	0.1	-391	15.6	15.7	-0.1	0.0	-15.7	0.0	
1.38281	-0.0	-391	15.5	15.7	-0.2	0.0	-15.7	0.0	
1.38672	-0.2	-391	15.5	15.7	-0.2	0.0	-15.7	0.0	
1.39062	0.0	-391	15.5	15.8	-0.3	0.0	-15.8	0.0	
1.39453	0.1	-391	15.5	15.8	-0.3	0.0	-15.8	0.0	
1.39844	-0.1	-391	15.5	15.8	-0.3	0.0	-15.8	0.0	
1.40234	-0.2	-391	15.5	15.8	-0.3	0.0	-15.8	0.0	
1.40625	-0.0	-391	15.6	15.8	-0.2	0.0	-15.8	0.0	
1.41016	-0.1	-391	15.6	15.9	-0.3	0.0	-15.9	0.0	
1.41406	-0.4	-391	15.7	15.9	-0.2	0.0	-15.9	0.0	
1.41797	-0.4	-391	15.7	16.0	-0.3	0.0	-16.0	0.0	
1.42188	-0.4	-392	15.7	16.0	-0.3	0.0	-16.0	0.0	
1.42578	-0.5	-392	15.7	16.0	-0.3	0.0	-16.0	0.0	
1.42969	-0.4	-392	15.8	16.0	-0.2	0.0	-16.0	0.0	
1.43359	-0.4	-392	15.8	16.0	-0.2	0.0	-16.0	0.0	
1.43750	-0.6	-392	15.8	16.1	-0.3	0.0	-16.1	0.0	
1.44141	-0.5	-392	15.9	16.1	-0.2	0.0	-16.1	0.0	
1.44531	-0.5	-392	16.0	16.2	-0.2	0.0	-16.2	0.0	
1.44922	-0.6	-392	16.0	16.2	-0.2	0.0	-16.2	0.0	
1.45312	-0.7	-392	16.1	16.2	-0.1	0.0	-16.2	0.0	
1.45703	-0.7	-392	16.1	16.2	-0.1	0.0	-16.2	0.0	
1.46094	-0.7	-392	16.2	16.3	-0.1	0.0	-16.3	0.0	
1.46484	-0.7	-392	16.2	16.3	-0.1	0.0	-16.3	0.0	
1.46875	-0.7	-392	16.3	16.3	0.0	0.0	-16.3	0.0	
1.47266	-0.8	-392	16.3	16.4	-0.1	0.0	-16.4	0.0	
1.47656	-0.7	-392	16.4	16.4	0.0	0.0	-16.4	0.0	
1.48047	-0.6	-392	16.5	16.5	0.0	0.0	-16.5	0.0	
1.48438	-0.8	-392	16.5	16.5	0.0	0.0	-16.5	0.0	
1.48828	-0.7	-392	16.6	16.6	0.0	0.0	-16.6	0.0	
1.49219	-0.6	-392	16.6	16.7	-0.1	0.0	-16.7	0.0	
1.49609	-0.6	-392	16.7	16.7	0.0	0.0	-16.7	0.0	
1.50000	-0.4	-392	16.7	16.7	0.0	0.0	-16.7	0.0	
1.50391	-0.4	-392	16.7	16.7	0.0	0.0	-16.7	0.0	
1.50781	-0.4	-392	16.8	16.8	0.0	0.0	-16.8	0.0	
1.51172	-0.3	-392	16.8	16.8	0.0	0.0	-16.8	0.0	
1.51562	-0.2	-392	16.8	16.9	-0.1	0.0	-16.9	0.0	
1.51953	-0.2	-392	16.9	16.9	0.0	0.0	-16.9	0.0	
1.52344	-0.3	-392	16.9	16.9	0.0	0.0	-16.9	0.0	
1.52734	-0.3	-392	16.9	17.0	-0.1	0.0	-17.0	0.0	
1.53125	-0.2	-392	16.9	17.0	-0.1	0.0	-17.0	0.0	
1.53516	-0.1	-392	16.9	17.1	-0.2	0.0	-17.1	0.0	
1.53906	-0.1	-392	16.9	17.2	-0.3	0.0	-17.2	0.0	
1.54297	0.0	-392	16.9	17.2	-0.3	0.0	-17.2	0.0	
1.54688	-0.1	-392	17.0	17.2	-0.2	0.0	-17.2	0.0	
1.55078	-0.1	-392	17.0	17.3	-0.3	0.0	-17.3	0.0	
1.55469	0.0	-392	16.9	17.3	-0.4	0.0	-17.3	0.0	
1.55859	-0.0	-392	17.0	17.4	-0.4	0.0	-17.4	0.0	
1.56250	-0.1	-393	17.0	17.4	-0.4	0.0	-17.4	0.0	
1.56641	0.0	-393	17.0	17.4	-0.4	0.0	-17.4	0.0	
1.57031	-0.0	-393	17.0	17.5	-0.5	0.0	-17.5	0.0	
1.57422	-0.1	-393	16.9	17.5	-0.6	0.0	-17.5	0.0	
1.57812	-0.1	-393	17.0	17.5	-0.5	0.0	-17.5	0.0	
1.58203	0.1	-393	17.0	17.6	-0.6	0.0	-17.6	0.0	
1.58594	-0.0	-393	16.9	17.6	-0.7	0.0	-17.6	0.0	
1.58984	-0.1	-393	16.9	17.6	-0.7	0.0	-17.6	0.0	
1.59375	0.1	-393	17.0	17.7	-0.7	0.0	-17.7	0.0	
1.59766	-0.1	-393	16.9	17.8	-0.9	0.0	-17.8	0.0	
1.60156	-0.2	-393	16.9	17.8	-0.9	0.0	-17.8	0.0	
1.60547	-0.0	-393	17.0	17.8	-0.8	0.0	-17.8	0.0	
1.60938	-0.1	-393	16.9	17.9	-1.0	0.0	-17.9	0.0	
1.61328	-0.2	-393	16.9	17.9	-1.0	0.0	-17.9	0.0	
1.61719	-0.2	-393	16.9	17.9	-1.0	0.0	-17.9	0.0	
1.62109	-0.2	-393	16.9	18.0	-1.1	0.0	-18.0	0.0	
1.62500	-0.2	-393	17.0	18.0	-1.0	0.0	-18.0	0.0	
1.62891	-0.1	-393	17.0	18.0	-1.0	0.0	-18.0	0.0	
1.63281	0.0	-393	17.0	18.0	-1.0	0.0	-18.0	0.0	
1.63672	-0.1	-393	17.0	18.1	-1.1	0.0	-18.1	0.0	
1.64062	-0.2	-393	17.0	18.1	-1.1	0.0	-18.1	0.0	
1.64453	-0.1	-393	17.0	18.1	-1.1	0.0	-18.1	0.0	
1.64844	-0.1	-393	17.0	18.2	-1.2	0.0	-18.2	0.0	
1.65234	-0.1	-393	17.0	18.2	-1.2	0.0	-18.2	0.0	
1.65625	-0.1	-393	17.1	18.2	-1.1	0.0	-18.2	0.0	
1.66016	-0.2	-393	17.1	18.2	-1.1	0.0	-18.2	0.0	
1.66406	-0.3	-393	17.1	18.3	-1.2	0.0	-18.3	0.0	
1.66797	-0.3	-393	17.2	18.3	-1.1	0.0	-18.3	0.0	
1.67188	-0.5	-393	17.2	18.3	-1.1	0.0	-18.3	0.0	
1.67578	-0.7	-393	17.3	18.3	-1.0	0.0	-18.3	0.0	
1.67969	-0.7	-393	17.4	18.3	-0.9	0.0	-18.3	0.0	
1.68359	-0.9	-393	17.4	18.3	-0.9	0.0	-18.3	0.0	
1.68750	-1.0	-393	17.5	18.4	-0.9	0.0	-18.4	0.0	
1.69141	-0.9	-393	17.6	18.4	-0.8	0.0	-18.4	0.0	
1.69531	-0.9	-393	17.7	18.4	-0.7	0.0	-18.4	0.0	
1.69922	-1.0	-393	17.7	18.4	-0.7	0.0	-18.4	0.0	
1.70312	-0.9	-393	17.8	18.4	-0.6	0.0	-18.4	0.0	
1.70703	-0.6	-393	17.8	18.5	-0.7	0.0	-18.5	0.0	
1.71094	-0.6	-393	17.8	18.4	-0.6	0.0	-18.4	0.0	
1.71484	-0.4	-393	17.9	18.5	-0.6	0.0	-18.5	0.0	
1.71875	-0.2	-393	17.9	18.5	-0.6	0.0	-18.5	0.0	
1.72266	-0.1	-393	17.9	18.5	-0.6	0.0	-18.5	0.0	
1.72656	-0.1	-393	17.9	18.5	-0.6	0.0	-18.5	0.0	
1.73047	0.1	-393	17.9	18.5	-0.6	0.0	-18.5	0.0	
1.73438	0.0	-393	18.0	18.5	-0.5	0.0	-18.5	0.0	
1.73828	-0.1	-393	17.9	18.6	-0.7	0.0	-18.6	0.0	
1.74219	0.1	-393	17.9	18.5	-0.6	0.0	-18.5	0.0	
1.74609	0.0	-393	17.9	18.6	-0.7	0.0	-18.6	0.0	
1.75000	-0.0	-393	17.9	18.6	-0.7	0.0	-18.6	0.0	
1.75391	0.1	-393	17.9	18.6	-0.7	0.0	-18.6	0.0	
1.75781	0.0	-393	17.8	18.6	-0.8	0.0	-18.6	0.0	
1.76172	-0.1	-393	17.8	18.7	-0.9	0.0	-18.7	0.0	
1.76562	0.0	-393	17.8	18.7	-0.9	0.0	-18.7	0.0	
1.76953	0.2	-393	17.7	18.7	-1.0	0.0	-18.7	0.0	
1.77344	0.1	-393	17.7	18.7	-1.0	0.0	-18.7	0.0	
1.77734	0.1	-393	17.7	18.7	-1.0	0.0	-18.7	0.0	
1.78125	0.2	-393	17.6	18.8	-1.2	0.0	-18.8	0.0	
1.78516	0.2	-393	17.6	18.8	-1.2	0.0	-18.8	0.0	
1.78906	0.1	-393	17.5	18.8	-1.3	0.0	-18.8	0.0	
1.79297	0.2	-393	17.6	18.9	-1.3	0.0	-18.9	0.0	
1.79688	0.0	-393	17.6	18.9	-1.3	0.0	-18.9	0.0	
1.80078	-0.2	-393	17.5	18.9	-1.4	0.0	-18.9	0.0	
1.80469	-0.2	-393	17.5	18.9	-1.4	0.0	-18.9	0.0	
1.80859	-0.2	-393	17.6	18.9	-1.3	0.0	-18.9	0.0	
1.81250	-0.3	-393	17.7	19.0	-1.3	0.0	-19.0	0.0	
1.81641	-0.2	-393	17.7	19.1	-1.4	0.0	-19.1	0.0	
1.82031	-0.3	-393	17.7	19.1	-1.4	0.0	-19.1	0.0	
1.82422	-0.4	-393	17.7	19.1	-1.4	0.0	-19.1	0.0	
1.82812	-0.4	-393	17.7	19.1	-1.4	0.0	-19.1	0.0	
1.83203	-0.6	-393	17.8	19.1	-1.3	0.0	-19.1	0.0	
1.83594	-0.6	-393	17.8	19.1	-1.3	0.0	-19.1	0.0	
1.83984	-0.3	-393	17.8	19.2	-1.4	0.0	-19.2	0.0	
1.84375	-0.1	-393	17.9	19.3	-1.4	0.0	-19.3	0.0	
1.84766	-0.1	-393	17.8	19.3	-1.5	0.0	-19.3	0.0	
1.85156	-0.0	-393	17.8	19.3	-1.5	0.0	-19.3	0.0	
1.85547	0.1	-393	17.9	19.3	-1.4	0.0	-19.3	0.0	
1.85938	-0.1	-393	17.9	19.3	-1.4	0.0	-19.3	0.0	
1.86328	-0.1	-393	17.9	19.3	-1.4	0.0	-19.3	0.0	
1.86719	0.0	-393	17.9	19.3	-1.4	0.0	-19.3	0.0	
1.87109	0.1	-393	17.8	19.3	-1.5	0.0	-19.3	0.0	
1.87500	0.0	-393	17.8	19.3	-1.5	0.0	-19.3	0.0	
1.87891	0.1	-393	17.8	19.3	-1.5	0.0	-19.3	0.0	
1.88281	0.1	-393	17.7	19.2	-1.5	0.0	-19.2	0.0	
1.88672	0.1	-393	17.7	19.3	-1.6	0.0	-19.3	0.0	
1.89062	0.3	-393	17.7	19.3	-1.6	0.0	-19.3	0.0	
1.89453	0.3	-393	17.6	19.2	-1.6	0.0	-19.2	0.0	
1.89844	0.1	-393	17.6	19.2	-1.6	0.0	-19.2	0.0	
1.90234	0.2	-393	17.5	19.2	-1.7	0.0	-19.2	0.0	
1.90625	0.3	-393	17.6	19.1	-1.5	0.0	-19.1	0.0	
1.91016	0.1	-393	17.5	19.2	-1.7	0.0	-19.2	0.0	
1.91406	-0.1	-393	17.5	19.1	-1.6	0.0	-19.1	0.0	
1.91797	-0.0	-393	17.5	19.1	-1.6	0.0	-19.1	0.0	
1.92188	-0.2	-393	17.5	19.1	-1.6	0.0	-19.1	0.0	
1.92578	-0.4	-393	17.6	19.1	-1.5	0.0	-19.1	0.0	
1.92969	-0.4	-393	17.6	19.1	-1.5	0.0	-19.1	0.0	
1.93359	-0.4	-393	17.7	19.0	-1.3	0.0	-19.0	0.0	
1.93750	-0.6	-394	17.7	19.0	-1.3	0.0	-19.0	0.0	
1.94141	-0.7	-394	17.8	19.0	-1.2	0.0	-19.0	0.0	
1.94531	-1.1	-394	17.9	19.0	-1.1	0.0	-19.0	0.0	
1.94922	-1.5	-394	18.0	19.0	-1.0	0.0	-19.0	0.0	
1.95312	-1.5	-394	18.1	19.0	-0.9	0.0	-19.0	0.0	
1.95703	-1.6	-394	18.1	19.0	-0.9	0.0	-19.0	0.0	
1.96094	-1.7	-394	18.2	19.0	-0.8	0.0	-19.0	0.0	
1.96484	-1.4	-394	18.3	19.0	-0.7	0.0	-19.0	0.0	
1.96875	-1.1	-394	18.4	19.0	-0.6	0.0	-19.0	0.0	
1.97266	-0.9	-394	18.4	19.0	-0.6	0.0	-19.0	0.0	
1.97656	-0.6	-394	18.4	19.0	-0.6	0.0	-19.0	0.0	
1.98047	-0.3	-394	18.5	19.0	-0.5	0.0	-19.0	0.0	
1.98438	-0.2	-394	18.5	19.0	-0.5	0.0	-19.0	0.0	
1.98828	-0.2	-394	18.5	19.0	-0.5	0.0	-19.0	0.0	
1.99219	-0.3	-394	18.6	19.0	-0.4	0.0	-19.0	0.0	
1.99609	-0.2	-394	18.6	19.1	-0.5	0.0	-19.1	0.0	
2.00000	-0.2	-394	18.6	19.1	-0.5	0.0	-19.1	0.0	
2.00391	-0.2	-394	18.6	19.1	-0.5	0.0	-19.1	0.0	
2.00781	-0.2	-394	18.7	19.1	-0.4	0.0	-19.1	0.0	
2.01172	-0.2	-394	18.7	19.1	-0.4	0.0	-19.1	0.0	
2.01562	-0.2	-394	18.7	19.0	-0.3	0.0	-19.0	0.0	
2.01953	-0.3	-394	18.7	19.1	-0.4	0.0	-19.1	0.0	
2.02344	-0.4	-394	18.7	19.1	-0.4	0.0	-19.1	0.0	
2.02734	-0.3	-395	18.7	19.1	-0.4	0.0	-19.1	0.0	
2.03125	-0.1	-395	18.7	19.1	-0.4	0.0	-19.1	0.0	
2.03516	-0.0	-395	18.7	19.1	-0.4	0.0	-19.1	0.0	
2.03906	-0.1	-395	18.7	19.1	-0.4	0.0	-19.1	0.0	
2.04297	-0.1	-395	18.7	19.1	-0.4	0.0	-19.1	0.0	
2.04688	-0.1	-395	18.7	19.1	-0.4	0.0	-19.1	0.0	
2.05078	-0.2	-395	18.7	19.1	-0.4	0.0	-19.1	0.0	
2.05469	-0.1	-395	18.7	19.2	-0.5	0.0	-19.2	0.0	
2.05859	-0.1	-395	18.7	19.2	-0.5	0.0	-19.2	0.0	
2.06250	-0.2	-395	18.8	19.1	-0.3	0.0	-19.1	0.0	
2.06641	-0.1	-395	18.8	19.1	-0.3	0.0	-19.1	0.0	
2.07031	-0.3	-395	18.8	19.2	-0.4	0.0	-19.2	0.0	
2.07422	-0.6	-395	18.8	19.2	-0.4	0.0	-19.2	0.0	
2.07812	-0.5	-395	18.9	19.3	-0.4	0.0	-19.3	0.0	
2.08203	-0.5	-395	19.0	19.3	-0.3	0.0	-19.3	0.0	
2.08594	-0.9	-395	19.0	19.4	-0.4	0.0	-19.4	0.0	
2.08984	-1.1	-395	19.2	19.4	-0.2	0.0	-19.4	0.0	
2.09375	-1.2	-395	19.3	19.4	-0.1	0.0	-19.4	0.0	
2.09766	-1.5	-395	19.3	19.5	-0.2	0.0	-19.5	0.0	
2.10156	-1.6	-395	19.4	19.6	-0.2	0.0	-19.6	0.0	
2.10547	-1.5	-395	19.6	19.6	0.0	0.0	-19.6	0.0	
2.10938	-1.3	-395	19.6	19.6	0.0	0.0	-19.6	0.0	
2.11328	-1.1	-395	19.6	19.6	0.0	0.0	-19.6	0.0	
2.11719	-0.8	-395	19.7	19.7	0.0	0.0	-19.7	0.0	
2.12109	-0.4	-395	19.7	19.7	0.0	0.0	-19.7	0.0	
2.12500	-0.3	-395	19.7	19.7	0.0	0.0	-19.7	0.0	
2.12891	-0.3	-395	19.7	19.7	0.0	0.0	-19.7	0.0	
2.13281	-0.2	-396	19.7	19.8	-0.1	0.0	-19.8	0.0	
2.13672	-0.1	-396	19.7	19.8	-0.1	0.0	-19.8	0.0	
2.14062	-0.1	-396	19.8	19.8	0.0	0.0	-19.8	0.0	
2.14453	-0.1	-396	19.8	19.9	-0.1	0.0	-19.9	0.0	
2.14844	-0.2	-396	19.7	19.9	-0.2	0.0	-19.9	0.0	
2.15234	-0.2	-396	19.7	19.9	-0.2	0.0	-19.9	0.0	
2.15625	-0.1	-396	19.7	20.0	-0.3	0.0	-20.0	0.0	
2.16016	-0.1	-396	19.8	20.0	-0.2	0.0	-20.0	0.0	
2.16406	0.0	-396	19.8	20.0	-0.2	0.0	-20.0	0.0	
2.16797	0.1	-396	19.7	20.0	-0.3	0.0	-20.0	0.0	
2.17188	-0.1	-396	19.7	20.0	-0.3	0.0	-20.0	0.0	
2.17578	-0.1	-396	19.7	20.1	-0.4	0.0	-20.1	0.0	
2.17969	0.1	-396	19.7	20.1	-0.4	0.0	-20.1	0.0	
2.18359	-0.0	-396	19.7	20.1	-0.4	0.0	-20.1	0.0	
2.18750	-0.1	-396	19.7	20.1	-0.4	0.0	-20.1	0.0	
2.19141	0.0	-396	19.7	20.1	-0.4	0.0	-20.1	0.0	
2.19531	0.0	-396	19.6	20.2	-0.6	0.0	-20.2	0.0	
2.19922	0.0	-396	19.5	20.2	-0.7	0.0	-20.2	0.0	
2.20312	0.3	-396	19.5	20.2	-0.7	0.0	-20.2	0.0	
2.20703	0.6	-396	19.4	20.2	-0.8	0.0	-20.2	0.0	
2.21094	0.8	-395	19.3	20.2	-0.9	0.0	-20.2	0.0	
2.21484	1.3	-395	19.1	20.2	-1.1	0.0	-20.2	0.0	
2.21875	1.9	-395	19.0	20.2	-1.2	0.0	-20.2	0.0	
2.22266	2.1	-395	18.9	20.2	-1.3	0.0	-20.2	0.0	
2.22656	2.4	-395	18.8	20.3	-1.5	0.0	-20.3	0.0	
2.23047	2.5	-395	18.7	20.3	-1.6	0.0	-20.3	0.0	
2.23438	2.3	-395	18.6	20.3	-1.7	0.0	-20.3	0.0	
2.23828	1.9	-395	18.5	20.3	-1.8	0.0	-20.3	0.0	
2.24219	1.7	-394	18.4	20.2	-1.8	0.0	-20.2	0.0	
2.24609	1.5	-394	18.4	20.2	-1.8	0.0	-20.2	0.0	
2.25000	1.1	-394	18.3	20.3	-2.0	0.0	-20.3	0.0	
2.25391	0.6	-394	18.3	20.3	-2.0	0.0	-20.3	0.0	
2.25781	0.1	-394	18.3	20.3	-2.0	0.0	-20.3	0.0	
2.26172	-0.4	-394	18.3	20.2	-1.9	0.0	-20.2	0.0	
2.26562	-0.6	-394	18.2	20.2	-2.0	0.0	-20.2	0.0	
2.26953	-0.4	-394	18.3	20.3	-2.0	0.0	-20.3	0.0	
2.27344	-0.3	-394	18.3	20.3	-2.0	0.0	-20.3	0.0	
2.27734	-0.1	-394	18.4	20.2	-1.8	0.0	-20.2	0.0	
2.28125	-0.1	-394	18.4	20.3	-1.9	0.0	-20.3	0.0	
2.28516	-0.3	-394	18.4	20.3	-1.9	0.0	-20.3	0.0	
2.28906	-0.2	-394	18.4	20.2	-1.8	0.0	-20.2	0.0	
2.29297	-0.1	-394	18.4	20.3	-1.9	0.0	-20.3	0.0	
2.29688	0.0	-394	18.4	20.3	-1.9	0.0	-20.3	0.0	
2.30078	0.2	-394	18.3	20.2	-1.9	0.0	-20.2	0.0	
2.30469	0.3	-394	18.3	20.2	-1.9	0.0	-20.2	0.0	
2.30859	0.4	-394	18.2	20.3	-2.1	0.0	-20.3	0.0	
2.31250	0.6	-394	18.1	20.2	-2.1	0.0	-20.2	0.0	
2.31641	1.0	-394	18.0	20.2	-2.2	0.0	-20.2	0.0	
2.32031	1.2	-394	17.9	20.2	-2.3	0.0	-20.2	0.0	
2.32422	1.3	-394	17.8	20.2	-2.4	0.0	-20.2	0.0	
2.32812	1.7	-394	17.7	20.2	-2.5	0.0	-20.2	0.0	
2.33203	1.8	-394	17.6	20.2	-2.6	0.0	-20.2	0.0	
2.33594	1.7	-394	17.5	20.2	-2.7	0.0	-20.2	0.0	
2.33984	1.7	-394	17.4	20.2	-2.8	0.0	-20.2	0.0	
2.34375	1.8	-393	17.3	20.2	-2.9	0.0	-20.2	0.0	
2.34766	1.7	-393	17.1	20.1	-3.0	0.0	-20.1	0.0	
2.35156	1.8	-393	17.1	20.2	-3.1	0.0	-20.2	0.0	
2.35547	1.8	-393	17.0	20.1	-3.1	0.0	-20.1	0.0	
2.35938	1.6	-393	16.9	20.1	-3.2	0.0	-20.1	0.0	
2.36328	1.6	-393	16.8	20.1	-3.3	0.0	-20.1	0.0	
2.36719	1.6	-393	16.7	20.0	-3.3	0.0	-20.0	0.0	
2.37109	1.5	-393	16.6	20.0	-3.4	0.0	-20.0	0.0	
2.37500	1.5	-393	16.5	20.0	-3.5	0.0	-20.0	0.0	
2.37891	1.6	-393	16.4	20.0	-3.6	0.0	-20.0	0.0	
2.38281	1.5	-392	16.3	19.9	-3.6	0.0	-19.9	0.0	
2.38672	1.3	-392	16.3	19.9	-3.6	0.0	-19.9	0.0	
2.39062	1.4	-392	16.2	19.9	-3.7	0.0	-19.9	0.0	
2.39453	1.4	-392	16.1	19.9	-3.8	0.0	-19.9	0.0	
2.39844	1.1	-392	16.0	19.9	-3.9	0.0	-19.9	0.0	
2.40234	1.1	-392	16.0	19.8	-3.8	0.0	-19.8	0.0	
2.40625	1.4	-392	15.9	19.7	-3.8	0.0	-19.7	0.0	
2.41016	1.5	-392	15.7	19.7	-4.0	0.0	-19.7	0.0	
2.41406	1.4	-392	15.7	19.7	-4.0	0.0	-19.7	0.0	
2.41797	1.6	-392	15.6	19.7	-4.1	0.0	-19.7	0.0	
2.42188	1.8	-391	15.4	19.6	-4.2	0.0	-19.6	0.0	
2.42578	1.7	-391	15.4	19.6	-4.2	0.0	-19.6	0.0	
2.42969	1.8	-391	15.3	19.6	-4.3	0.0	-19.6	0.0	
2.43359	1.8	-391	15.2	19.5	-4.3	0.0	-19.5	0.0	
2.43750	1.7	-391	15.1	19.4	-4.3	0.0	-19.4	0.0	
2.44141	1.7	-391	15.0	19.4	-4.4	0.0	-19.4	0.0	
2.44531	1.8	-391	14.9	19.4	-4.5	0.0	-19.4	0.0	
2.44922	1.8	-391	14.8	19.3	-4.5	0.0	-19.3	0.0	
2.45312	1.6	-391	14.7	19.2	-4.5	0.0	-19.2	0.0	
2.45703	1.5	-390	14.7	19.2	-4.5	0.0	-19.2	0.0	
2.46094	1.4	-390	14.6	19.1	-4.5	0.0	-19.1	0.0	
2.46484	1.2	-390	14.5	19.1	-4.6	0.0	-19.1	0.0	
2.46875	1.0	-390	14.5	19.0	-4.5	0.0	-19.0	0.0	
2.47266	0.7	-390	14.5	18.9	-4.4	0.0	-18.9	0.0	
2.47656	0.6	-390	14.4	18.9	-4.5	0.0	-18.9	0.0	
2.48047	0.5	-390	14.4	18.9	-4.5	0.0	-18.9	0.0	
2.48438	0.3	-390	14.4	18.8	-4.4	0.0	-18.8	0.0	
2.48828	0.3	-390	14.3	18.7	-4.4	0.0	-18.7	0.0	
2.49219	0.5	-390	14.3	18.7	-4.4	0.0	-18.7	0.0	
2.49609	0.3	-390	14.3	18.6	-4.3	0.0	-18.6	0.0	
2.50000	0.1	-390	14.2	18.5	-4.3	0.0	-18.5	0.0	
2.50391	0.2	-390	14.2	18.4	-4.2	0.0	-18.4	0.0	
2.50781	0.2	-390	14.3	18.4	-4.1	0.0	-18.4	0.0	
2.51172	0.3	-390	14.2	18.4	-4.2	0.0	-18.4	0.0	
2.51562	0.3	-390	14.1	18.3	-4.2	0.0	-18.3	0.0	
2.51953	0.3	-390	14.1	18.2	-4.1	0.0	-18.2	0.0	
2.52344	0.4	-390	14.0	18.1	-4.1	0.0	-18.1	0.0	
2.52734	0.3	-390	14.0	18.1	-4.1	0.0	-18.1	0.0	
2.53125	0.4	-390	13.9	18.1	-4.2	0.0	-18.1	0.0	
2.53516	0.5	-390	13.9	18.0	-4.1	0.0	-18.0	0.0	
2.53906	0.5	-390	13.9	18.0	-4.1	0.0	-18.0	0.0	
2.54297	0.7	-390	13.8	17.9	-4.1	0.0	-17.9	0.0	
2.54688	0.6	-390	13.7	17.9	-4.2	0.0	-17.9	0.0	
2.55078	0.5	-390	13.7	17.8	-4.1	0.0	-17.8	0.0	
2.55469	0.8	-390	13.7	17.8	-4.1	0.0	-17.8	0.0	
2.55859	0.8	-390	13.6	17.8	-4.2	0.0	-17.8	0.0	
2.56250	0.7	-390	13.5	17.8	-4.3	0.0	-17.8	0.0	
2.56641	0.6	-390	13.5	17.7	-4.2	0.0	-17.7	0.0	
2.57031	0.4	-389	13.5	17.7	-4.2	0.0	-17.7	0.0	
2.57422	0.2	-389	13.5	17.7	-4.2	0.0	-17.7	0.0	
2.57812	0.1	-389	13.4	17.6	-4.2	0.0	-17.6	0.0	
2.58203	0.0	-389	13.5	17.6	-4.1	0.0	-17.6	0.0	
2.58594	-0.1	-389	13.4	17.6	-4.2	0.0	-17.6	0.0	
2.58984	-0.1	-389	13.5	17.6	-4.1	0.0	-17.6	0.0	
2.59375	-0.0	-389	13.5	17.6	-4.1	0.0	-17.6	0.0	
2.59766	-0.1	-389	13.4	17.5	-4.1	0.0	-17.5	0.0	
2.60156	-0.1	-389	13.4	17.5	-4.1	0.0	-17.5	0.0	
2.60547	0.1	-389	13.5	17.5	-4.0	0.0	-17.5	0.0	
2.60938	0.1	-389	13.4	17.5	-4.1	0.0	-17.5	0.0	
2.61328	-0.0	-389	13.4	17.5	-4.1	0.0	-17.5	0.0	
2.61719	0.2	-389	13.4	17.5	-4.1	0.0	-17.5	0.0	
2.62109	0.2	-389	13.4	17.5	-4.1	0.0	-17.5	0.0	
2.62500	0.1	-389	13.3	17.4	-4.1	0.0	-17.4	0.0	
2.62891	0.2	-389	13.3	17.4	-4.1	0.0	-17.4	0.0	
2.63281	0.3	-389	13.3	17.3	-4.0	0.0	-17.3	0.0	
2.63672	0.2	-389	13.3	17.3	-4.0	0.0	-17.3	0.0	
2.64062	0.4	-389	13.2	17.2	-4.0	0.0	-17.2	0.0	
2.64453	0.5	-389	13.1	17.2	-4.1	0.0	-17.2	0.0	
2.64844	0.7	-389	13.0	17.1	-4.1	0.0	-17.1	0.0	
2.65234	1.1	-389	12.9	17.0	-4.1	0.0	-17.0	0.0	
2.65625	1.3	-389	12.8	16.9	-4.1	0.0	-16.9	0.0	
2.66016	1.5	-389	12.6	16.8	-4.2	0.0	-16.8	0.0	
2.66406	1.9	-389	12.6	16.8	-4.2	0.0	-16.8	0.0	
2.66797	2.3	-389	12.5	16.8	-4.3	0.0	-16.8	0.0	
2.67188	2.3	-389	12.3	16.7	-4.4	0.0	-16.7	0.0	
2.67578	2.3	-388	12.2	16.6	-4.4	0.0	-16.6	0.0	
2.67969	2.6	-388	12.1	16.6	-4.5	0.0	-16.6	0.0	
2.68359	2.7	-388	12.0	16.5	-4.5	0.0	-16.5	0.0	
2.68750	2.4	-388	11.9	16.3	-4.4	0.0	-16.3	0.0	
2.69141	2.1	-388	11.7	16.2	-4.5	0.0	-16.2	0.0	
2.69531	1.8	-388	11.7	16.2	-4.5	0.0	-16.2	0.0	
2.69922	1.3	-388	11.7	16.1	-4.4	0.0	-16.1	0.0	
2.70312	1.0	-388	11.6	15.9	-4.3	0.0	-15.9	0.0	
2.70703	0.6	-388	11.6	15.9	-4.3	0.0	-15.9	0.0	
2.71094	0.2	-388	11.6	15.9	-4.3	0.0	-15.9	0.0	
2.71484	0.0	-388	11.5	15.8	-4.3	0.0	-15.8	0.0	
2.71875	-0.1	-388	11.6	15.7	-4.1	0.0	-15.7	0.0	
2.72266	-0.3	-388	11.6	15.6	-4.0	0.0	-15.6	0.0	
2.72656	-0.3	-388	11.6	15.5	-3.9	0.0	-15.5	0.0	
2.73047	-0.3	-388	11.6	15.5	-3.9	0.0	-15.5	0.0	
2.73438	-0.3	-388	11.7	15.4	-3.7	0.0	-15.4	0.0	
2.73828	-0.3	-388	11.7	15.3	-3.6	0.0	-15.3	0.0	
2.74219	-0.3	-388	11.8	15.3	-3.5	0.0	-15.3	0.0	
2.74609	-0.5	-388	11.8	15.3	-3.5	0.0	-15.3	0.0	
2.75000	-0.5	-388	11.8	15.2	-3.4	0.0	-15.2	0.0	
2.75391	-0.4	-388	11.9	15.2	-3.3	0.0	-15.2	0.0	
2.75781	-0.4	-388	11.9	15.1	-3.2	0.0	-15.1	0.0	
2.76172	-0.2	-388	11.9	15.0	-3.1	0.0	-15.0	0.0	
2.76562	0.0	-388	12.0	15.0	-3.0	0.0	-15.0	0.0	
2.76953	-0.1	-388	12.0	14.9	-2.9	0.0	-14.9	0.0	
2.77344	-0.1	-388	11.9	14.8	-2.9	0.0	-14.8	0.0	
2.77734	0.0	-388	12.0	14.8	-2.8	0.0	-14.8	0.0	
2.78125	0.1	-388	12.0	14.8	-2.8	0.0	-14.8	0.0	
2.78516	-0.1	-388	12.0	14.8	-2.8	0.0	-14.8	0.0	
2.78906	-0.1	-388	12.0	14.8	-2.8	0.0	-14.8	0.0	
2.79297	0.1	-388	12.0	14.7	-2.7	0.0	-14.7	0.0	
2.79688	-0.0	-388	12.0	14.6	-2.6	0.0	-14.6	0.0	
2.80078	-0.2	-388	12.0	14.6	-2.6	0.0	-14.6	0.0	
2.80469	-0.0	-388	12.0	14.5	-2.5	0.0	-14.5	0.0	
2.80859	-0.1	-388	12.0	14.5	-2.5	0.0	-14.5	0.0	
2.81250	-0.2	-388	12.0	14.5	-2.5	0.0	-14.5	0.0	
2.81641	-0.1	-388	12.0	14.4	-2.4	0.0	-14.4	0.0	
2.82031	-0.1	-388	12.0	14.3	-2.3	0.0	-14.3	0.0	
2.82422	-0.2	-388	12.0	14.4	-2.4	0.0	-14.4	0.0	
2.82812	-0.1	-388	12.0	14.3	-2.3	0.0	-14.3	0.0	
2.83203	-0.2	-388	12.1	14.3	-2.2	0.0	-14.3	0.0	
2.83594	-0.2	-388	12.1	14.2	-2.1	0.0	-14.2	0.0	
2.83984	-0.2	-388	12.1	14.2	-2.1	0.0	-14.2	0.0	
2.84375	-0.2	-388	12.2	14.2	-2.0	0.0	-14.2	0.0	
2.84766	-0.4	-388	12.2	14.1	-1.9	0.0	-14.1	0.0	
2.85156	-0.3	-388	12.2	14.1	-1.9	0.0	-14.1	0.0	
2.85547	-0.1	-388	12.3	14.2	-1.9	0.0	-14.2	0.0	
2.85938	-0.3	-388	12.3	14.2	-1.9	0.0	-14.2	0.0	
2.86328	-0.4	-388	12.3	14.1	-1.8	0.0	-14.1	0.0	
2.86719	-0.2	-388	12.4	14.1	-1.7	0.0	-14.1	0.0	
2.87109	-0.3	-388	12.4	14.1	-1.7	0.0	-14.1	0.0	
2.87500	-0.3	-388	12.3	14.1	-1.8	0.0	-14.1	0.0	
2.87891	-0.1	-388	12.4	14.1	-1.7	0.0	-14.1	0.0	
2.88281	-0.1	-388	12.4	14.2	-1.8	0.0	-14.2	0.0	
2.88672	-0.2	-388	12.4	14.2	-1.8	0.0	-14.2	0.0	
2.89062	0.1	-388	12.5	14.1	-1.6	0.0	-14.1	0.0	
2.89453	0.2	-388	12.5	14.1	-1.6	0.0	-14.1	0.0	
2.89844	0.0	-388	12.4	14.1	-1.7	0.0	-14.1	0.0	
2.90234	0.2	-388	12.4	14.1	-1.7	0.0	-14.1	0.0	
2.90625	0.3	-388	12.4	14.1	-1.7	0.0	-14.1	0.0	
2.91016	0.1	-388	12.3	14.1	-1.8	0.0	-14.1	0.0	
2.91406	0.1	-388	12.3	14.1	-1.8	0.0	-14.1	0.0	
2.91797	0.3	-388	12.3	14.1	-1.8	0.0	-14.1	0.0	
2.92188	0.3	-388	12.2	14.1	-1.9	0.0	-14.1	0.0	
2.92578	0.3	-388	12.2	14.1	-1.9	0.0	-14.1	0.0	
2.92969	0.4	-388	12.2	14.1	-1.9	0.0	-14.1	0.0	
2.93359	0.3	-388	12.2	14.1	-1.9	0.0	-14.1	0.0	
2.93750	0.1	-388	12.1	14.1	-2.0	0.0	-14.1	0.0	
2.94141	0.3	-388	12.1	14.1	-2.0	0.0	-14.1	0.0	
2.94531	0.1	-388	12.1	14.1	-2.0	0.0	-14.1	0.0	
2.94922	-0.2	-388	12.0	14.0	-2.0	0.0	-14.0	0.0	
2.95312	-0.1	-388	12.0	14.0	-2.0	0.0	-14.0	0.0	
2.95703	-0.1	-388	12.0	14.0	-2.0	0.0	-14.0	0.0	
2.96094	-0.2	-388	12.0	14.0	-2.0	0.0	-14.0	0.0	
2.96484	-0.2	-388	12.0	14.0	-2.0	0.0	-14.0	0.0	
2.96875	-0.1	-388	12.1	14.1	-2.0	0.0	-14.1	0.0	
2.97266	-0.1	-388	12.1	14.0	-1.9	0.0	-14.0	0.0	
2.97656	-0.3	-388	12.1	14.0	-1.9	0.0	-14.0	0.0	
2.98047	-0.3	-388	12.1	14.0	-1.9	0.0	-14.0	0.0	
2.98438	-0.1	-388	12.1	14.0	-1.9	0.0	-14.0	0.0	
2.98828	-0.1	-388	12.1	14.0	-1.9	0.0	-14.0	0.0	
2.99219	-0.1	-388	12.1	14.0	-1.9	0.0	-14.0	0.0	
2.99609	-0.1	-388	12.0	14.0	-2.0	0.0	-14.0	0.0	
3.00000	-0.2	-388	12.1	14.0	-1.9	0.0	-14.0	0.0	
3.00391	-0.1	-388	12.2	14.0	-1.8	0.0	-14.0	0.0	
3.00781	-0.1	-388	12.1	14.0	-1.9	0.0	-14.0	0.0	
3.01172	-0.1	-388	12.1	14.0	-1.9	0.0	-14.0	0.0	
3.01562	0.1	-388	12.1	14.0	-1.9	0.0	-14.0	0.0	
3.01953	-0.1	-388	12.1	14.0	-1.9	0.0	-14.0	0.0	
3.02344	-0.2	-388	12.1	14.0	-1.9	0.0	-14.0	0.0	
3.02734	-0.1	-388	12.1	14.0	-1.9	0.0	-14.0	0.0	
3.03125	0.0	-388	12.1	14.0	-1.9	0.0	-14.0	0.0	
3.03516	-0.2	-388	12.1	14.0	-1.9	0.0	-14.0	0.0	
3.03906	-0.2	-388	12.1	14.0	-1.9	0.0	-14.0	0.0	
3.04297	0.1	-388	12.1	14.1	-2.0	0.0	-14.1	0.0	
3.04688	-0.1	-388	12.1	14.0	-1.9	0.0	-14.0	0.0	
3.05078	-0.2	-388	12.1	14.1	-2.0	0.0	-14.1	0.0	
3.05469	0.0	-388	12.1	14.1	-2.0	0.0	-14.1	0.0	
3.05859	-0.1	-388	12.1	14.1	-2.0	0.0	-14.1	0.0	
3.06250	-0.2	-388	12.1	14.1	-2.0	0.0	-14.1	0.0	
3.06641	0.1	-388	12.1	14.2	-2.1	0.0	-14.2	0.0	
3.07031	0.1	-388	12.1	14.2	-2.1	0.0	-14.2	0.0	
3.07422	-0.2	-388	12.1	14.1	-2.0	0.0	-14.1	0.0	
3.07812	-0.1	-388	12.1	14.2	-2.1	0.0	-14.2	0.0	
3.08203	0.0	-388	12.1	14.2	-2.1	0.0	-14.2	0.0	
3.08594	-0.1	-388	12.1	14.2	-2.1	0.0	-14.2	0.0	
3.08984	-0.0	-388	12.1	14.2	-2.1	0.0	-14.2	0.0	
3.09375	0.2	-388	12.0	14.2	-2.2	0.0	-14.2	0.0	
3.09766	0.0	-388	12.0	14.2	-2.2	0.0	-14.2	0.0	
3.10156	-0.2	-388	12.0	14.2	-2.2	0.0	-14.2	0.0	
3.10547	0.0	-388	12.0	14.3	-2.3	0.0	-14.3	0.0	
3.10938	0.1	-388	12.0	14.3	-2.3	0.0	-14.3	0.0	
3.11328	-0.1	-388	12.0	14.3	-2.3	0.0	-14.3	0.0	
3.11719	0.1	-388	12.0	14.3	-2.3	0.0	-14.3	0.0	
3.12109	0.1	-388	12.0	14.3	-2.3	0.0	-14.3	0.0	
3.12500	-0.0	-388	11.9	14.3	-2.4	0.0	-14.3	0.0	
3.12891	0.1	-388	12.0	14.3	-2.3	0.0	-14.3	0.0	
3.13281	0.0	-388	12.0	14.3	-2.3	0.0	-14.3	0.0	
3.13672	-0.2	-388	11.9	14.4	-2.5	0.0	-14.4	0.0	
3.14062	-0.1	-388	11.9	14.3	-2.4	0.0	-14.3	0.0	
3.14453	-0.1	-388	11.9	14.3	-2.4	0.0	-14.3	0.0	
3.14844	-0.1	-388	11.9	14.4	-2.5	0.0	-14.4	0.0	
3.15234	-0.2	-388	11.9	14.4	-2.5	0.0	-14.4	0.0	
3.15625	-0.0	-388	11.9	14.4	-2.5	0.0	-14.4	0.0	
3.16016	0.0	-388	11.9	14.4	-2.5	0.0	-14.4	0.0	
3.16406	0.1	-388	11.9	14.4	-2.5	0.0	-14.4	0.0	
3.16797	0.0	-388	11.9	14.5	-2.6	0.0	-14.5	0.0	
3.17188	-0.1	-388	11.9	14.4	-2.5	0.0	-14.4	0.0	
3.17578	-0.1	-388	11.9	14.4	-2.5	0.0	-14.4	0.0	
3.17969	0.0	-388	11.9	14.5	-2.6	0.0	-14.5	0.0	
3.18359	-0.0	-388	11.9	14.5	-2.6	0.0	-14.5	0.0	
3.18750	0.0	-388	11.9	14.5	-2.6	0.0	-14.5	0.0	
3.19141	0.0	-388	11.9	14.5	-2.6	0.0	-14.5	0.0	
3.19531	-0.1	-388	11.8	14.4	-2.6	0.0	-14.4	0.0	
3.19922	-0.1	-388	11.8	14.4	-2.6	0.0	-14.4	0.0	
3.20312	-0.1	-388	11.8	14.5	-2.7	0.0	-14.5	0.0	
3.20703	0.0	-388	11.9	14.5	-2.6	0.0	-14.5	0.0	
3.21094	-0.1	-388	11.8	14.4	-2.6	0.0	-14.4	0.0	
3.21484	-0.1	-388	11.8	14.4	-2.6	0.0	-14.4	0.0	
3.21875	0.0	-388	11.8	14.4	-2.6	0.0	-14.4	0.0	
3.22266	-0.0	-388	11.8	14.4	-2.6	0.0	-14.4	0.0	
3.22656	-0.2	-388	11.8	14.4	-2.6	0.0	-14.4	0.0	
3.23047	-0.1	-388	11.9	14.4	-2.5	0.0	-14.4	0.0	
3.23438	-0.1	-388	11.9	14.4	-2.5	0.0	-14.4	0.0	
3.23828	-0.1	-388	11.9	14.4	-2.5	0.0	-14.4	0.0	
3.24219	0.0	-388	11.9	14.4	-2.5	0.0	-14.4	0.0	
3.24609	-0.0	-388	11.9	14.4	-2.5	0.0	-14.4	0.0	
3.25000	-0.2	-388	11.9	14.3	-2.4	0.0	-14.3	0.0	
3.25391	0.0	-388	11.9	14.3	-2.4	0.0	-14.3	0.0	
3.25781	-0.0	-388	11.9	14.3	-2.4	0.0	-14.3	0.0	
3.26172	-0.2	-388	11.9	14.3	-2.4	0.0	-14.3	0.0	
3.26562	-0.1	-388	11.9	14.3	-2.4	0.0	-14.3	0.0	
3.26953	0.0	-388	11.9	14.2	-2.3	0.0	-14.2	0.0	
3.27344	-0.1	-388	11.9	14.2	-2.3	0.0	-14.2	0.0	
3.27734	-0.1	-388	12.0	14.2	-2.2	0.0	-14.2	0.0	
3.28125	-0.1	-388	12.0	14.2	-2.2	0.0	-14.2	0.0	
3.28516	-0.1	-388	11.9	14.1	-2.2	0.0	-14.1	0.0	
3.28906	0.0	-388	12.0	14.2	-2.2	0.0	-14.2	0.0	
3.29297	-0.0	-388	12.0	14.2	-2.2	0.0	-14.2	0.0	
3.29688	-0.1	-388	11.9	14.1	-2.2	0.0	-14.1	0.0	
3.30078	-0.1	-388	11.9	14.1	-2.2	0.0	-14.1	0.0	
3.30469	0.1	-388	11.9	14.1	-2.2	0.0	-14.1	0.0	
3.30859	0.0	-388	11.9	14.1	-2.2	0.0	-14.1	0.0	
3.31250	-0.0	-388	11.8	14.1	-2.3	0.0	-14.1	0.0	
3.31641	0.1	-388	11.8	14.2	-2.4	0.0	-14.2	0.0	
3.32031	0.1	-388	11.8	14.2	-2.4	0.0	-14.2	0.0	
3.32422	-0.0	-388	11.8	14.1	-2.3	0.0	-14.1	0.0	
3.32812	0.1	-388	11.8	14.2	-2.4	0.0	-14.2	0.0	
3.33203	0.2	-388	11.8	14.2	-2.4	0.0	-14.2	0.0	
3.33594	-0.1	-388	11.8	14.2	-2.4	0.0	-14.2	0.0	
3.33984	0.0	-388	11.8	14.3	-2.5	0.0	-14.3	0.0	
3.34375	0.2	-388	11.7	14.3	-2.6	0.0	-14.3	0.0	
3.34766	-0.1	-388	11.7	14.3	-2.6	0.0	-14.3	0.0	
3.35156	-0.1	-388	11.7	14.3	-2.6	0.0	-14.3	0.0	
3.35547	0.0	-388	11.8	14.3	-2.5	0.0	-14.3	0.0	
3.35938	-0.2	-388	11.8	14.3	-2.5	0.0	-14.3	0.0	
3.36328	-0.1	-388	11.8	14.3	-2.5	0.0	-14.3	0.0	
3.36719	-0.1	-388	11.8	14.4	-2.6	0.0	-14.4	0.0	
3.37109	-0.2	-388	11.8	14.4	-2.6	0.0	-14.4	0.0	
3.37500	-0.3	-388	11.8	14.4	-2.6	0.0	-14.4	0.0	
3.37891	-0.2	-388	11.9	14.4	-2.5	0.0	-14.4	0.0	
3.38281	-0.3	-388	11.9	14.4	-2.5	0.0	-14.4	0.0	
3.38672	-0.4	-388	11.9	14.4	-2.5	0.0	-14.4	0.0	
3.39062	-0.2	-388	12.0	14.5	-2.5	0.0	-14.5	0.0	
3.39453	-0.0	-388	12.0	14.4	-2.4	0.0	-14.4	0.0	
3.39844	-0.2	-388	12.0	14.4	-2.4	0.0	-14.4	0.0	
3.40234	-0.0	-388	12.0	14.4	-2.4	0.0	-14.4	0.0	
3.40625	0.0	-388	12.0	14.4	-2.4	0.0	-14.4	0.0	
3.41016	-0.1	-388	11.9	14.4	-2.5	0.0	-14.4	0.0	
3.41406	0.2	-388	11.9	14.4	-2.5	0.0	-14.4	0.0	
3.41797	0.3	-388	11.9	14.4	-2.5	0.0	-14.4	0.0	
3.42188	0.3	-388	11.7	14.3	-2.6	0.0	-14.3	0.0	
3.42578	0.5	-388	11.7	14.3	-2.6	0.0	-14.3	0.0	
3.42969	0.8	-388	11.6	14.3	-2.7	0.0	-14.3	0.0	
3.43359	1.0	-388	11.5	14.2	-2.7	0.0	-14.2	0.0	
3.43750	0.9	-388	11.5	14.2	-2.7	0.0	-14.2	0.0	
3.44141	1.1	-388	11.4	14.1	-2.7	0.0	-14.1	0.0	
3.44531	1.1	-388	11.3	14.1	-2.8	0.0	-14.1	0.0	
3.44922	0.9	-388	11.2	14.0	-2.8	0.0	-14.0	0.0	
3.45312	0.8	-388	11.3	14.0	-2.7	0.0	-14.0	0.0	
3.45703	0.7	-388	11.2	13.9	-2.7	0.0	-13.9	0.0	
3.46094	0.4	-388	11.1	13.9	-2.8	0.0	-13.9	0.0	
3.46484	0.1	-388	11.1	13.8	-2.7	0.0	-13.8	0.0	
3.46875	-0.1	-388	11.2	13.8	-2.6	0.0	-13.8	0.0	
3.47266	-0.1	-388	11.1	13.8	-2.7	0.0	-13.8	0.0	
3.47656	-0.3	-388	11.1	13.8	-2.7	0.0	-13.8	0.0	
3.48047	-0.2	-388	11.2	13.7	-2.5	0.0	-13.7	0.0	
3.48438	-0.2	-388	11.2	13.7	-2.5	0.0	-13.7	0.0	
3.48828	-0.3	-388	11.2	13.6	-2.4	0.0	-13.6	0.0	
3.49219	-0.3	-388	11.3	13.6	-2.3	0.0	-13.6	0.0	
3.49609	-0.5	-388	11.4	13.6	-2.2	0.0	-13.6	0.0	
3.50000	-0.8	-388	11.4	13.5	-2.1	0.0	-13.5	0.0	
3.50391	-0.8	-388	11.5	13.5	-2.0	0.0	-13.5	0.0	
3.50781	-1.0	-388	11.6	13.5	-1.9	0.0	-13.5	0.0	
3.51172	-1.0	-388	11.6	13.4	-1.8	0.0	-13.4	0.0	
3.51562	-0.9	-388	11.7	13.4	-1.7	0.0	-13.4	0.0	
3.51953	-0.9	-388	11.8	13.4	-1.6	0.0	-13.4	0.0	
3.52344	-0.8	-388	11.8	13.3	-1.5	0.0	-13.3	0.0	
3.52734	-0.6	-388	11.8	13.4	-1.6	0.0	-13.4	0.0	
3.53125	-0.6	-388	11.9	13.4	-1.5	0.0	-13.4	0.0	
3.53516	-0.6	-388	11.9	13.3	-1.4	0.0	-13.3	0.0	
3.53906	-0.4	-389	12.0	13.3	-1.3	0.0	-13.3	0.0	
3.54297	-0.2	-389	12.1	13.3	-1.2	0.0	-13.3	0.0	
3.54688	-0.2	-389	12.1	13.3	-1.2	0.0	-13.3	0.0	
3.55078	-0.2	-389	12.0	13.2	-1.2	0.0	-13.2	0.0	
3.55469	-0.0	-389	12.1	13.2	-1.1	0.0	-13.2	0.0	
3.55859	-0.1	-389	12.0	13.2	-1.2	0.0	-13.2	0.0	
3.56250	-0.1	-389	12.1	13.2	-1.1	0.0	-13.2	0.0	
3.56641	0.1	-389	12.1	13.2	-1.1	0.0	-13.2	0.0	
3.57031	0.0	-389	12.1	13.2	-1.1	0.0	-13.2	0.0	
3.57422	-0.2	-389	12.0	13.1	-1.1	0.0	-13.1	0.0	
3.57812	-0.1	-389	12.0	13.1	-1.1	0.0	-13.1	0.0	
3.58203	0.0	-389	12.0	13.1	-1.1	0.0	-13.1	0.0	
3.58594	-0.1	-389	12.0	13.1	-1.1	0.0	-13.1	0.0	
3.58984	-0.0	-389	12.0	13.1	-1.1	0.0	-13.1	0.0	
3.59375	-0.0	-389	12.0	13.1	-1.1	0.0	-13.1	0.0	
3.59766	-0.1	-389	12.0	13.1	-1.1	0.0	-13.1	0.0	
3.60156	0.0	-389	12.0	13.1	-1.1	0.0	-13.1	0.0	
3.60547	0.1	-389	12.0	13.0	-1.0	0.0	-13.0	0.0	
3.60938	-0.1	-389	11.9	13.0	-1.1	0.0	-13.0	0.0	
3.61328	-0.3	-389	11.9	13.0	-1.1	0.0	-13.0	0.0	
3.61719	-0.2	-389	12.0	13.0	-1.0	0.0	-13.0	0.0	
3.62109	-0.1	-389	12.0	13.0	-1.0	0.0	-13.0	0.0	
3.62500	-0.3	-389	12.0	13.0	-1.0	0.0	-13.0	0.0	
3.62891	-0.3	-389	12.0	13.0	-1.0	0.0	-13.0	0.0	
3.63281	-0.2	-389	12.1	13.0	-0.9	0.0	-13.0	0.0	
3.63672	-0.3	-389	12.1	13.0	-0.9	0.0	-13.0	0.0	
3.64062	-0.3	-389	12.1	13.1	-1.0	0.0	-13.1	0.0	
3.64453	-0.3	-389	12.2	13.1	-0.9	0.0	-13.1	0.0	
3.64844	-0.3	-389	12.2	13.1	-0.9	0.0	-13.1	0.0	
3.65234	-0.2	-389	12.2	13.1	-0.9	0.0	-13.1	0.0	
3.65625	0.0	-389	12.1	13.1	-1.0	0.0	-13.1	0.0	
3.66016	-0.0	-389	12.1	13.1	-1.0	0.0	-13.1	0.0	
3.66406	-0.0	-389	12.1	13.1	-1.0	0.0	-13.1	0.0	
3.66797	0.2	-389	12.1	13.1	-1.0	0.0	-13.1	0.0	
3.67188	0.0	-389	12.1	13.1	-1.0	0.0	-13.1	0.0	
3.67578	-0.1	-389	12.1	13.1	-1.0	0.0	-13.1	0.0	
3.67969	0.1	-389	12.0	13.1	-1.1	0.0	-13.1	0.0	
3.68359	0.2	-389	12.0	13.1	-1.1	0.0	-13.1	0.0	
3.68750	0.1	-389	12.0	13.1	-1.1	0.0	-13.1	0.0	
3.69141	0.2	-389	12.0	13.1	-1.1	0.0	-13.1	0.0	
3.69531	0.3	-389	11.9	13.1	-1.2	0.0	-13.1	0.0	
3.69922	0.2	-389	11.8	13.2	-1.4	0.0	-13.2	0.0	
3.70312	0.2	-389	11.8	13.2	-1.4	0.0	-13.2	0.0	
3.70703	0.3	-389	11.8	13.1	-1.3	0.0	-13.1	0.0	
3.71094	0.2	-389	11.7	13.1	-1.4	0.0	-13.1	0.0	
3.71484	0.1	-389	11.7	13.2	-1.5	0.0	-13.2	0.0	
3.71875	0.2	-389	11.8	13.2	-1.4	0.0	-13.2	0.0	
3.72266	0.1	-389	11.7	13.2	-1.5	0.0	-13.2	0.0	
3.72656	-0.0	-389	11.7	13.2	-1.5	0.0	-13.2	0.0	
3.73047	-0.1	-389	11.7	13.2	-1.5	0.0	-13.2	0.0	
3.73438	-0.2	-389	11.7	13.2	-1.5	0.0	-13.2	0.0	
3.73828	-0.2	-389	11.7	13.2	-1.5	0.0	-13.2	0.0	
3.74219	-0.1	-389	11.7	13.2	-1.5	0.0	-13.2	0.0	
3.74609	-0.1	-389	11.6	13.2	-1.6	0.0	-13.2	0.0	
3.75000	-0.2	-389	11.7	13.2	-1.5	0.0	-13.2	0.0	
3.75391	-0.1	-389	11.7	13.2	-1.5	0.0	-13.2	0.0	
3.75781	0.1	-389	11.7	13.3	-1.6	0.0	-13.3	0.0	
3.76172	0.0	-389	11.7	13.2	-1.5	0.0	-13.2	0.0	
3.76562	-0.1	-389	11.8	13.2	-1.4	0.0	-13.2	0.0	
3.76953	-0.1	-389	11.7	13.3	-1.6	0.0	-13.3	0.0	
3.77344	-0.2	-389	11.7	13.2	-1.5	0.0	-13.2	0.0	
3.77734	-0.1	-389	11.7	13.3	-1.6	0.0	-13.3	0.0	
3.78125	-0.1	-389	11.7	13.3	-1.6	0.0	-13.3	0.0	
3.78516	-0.1	-389	11.7	13.2	-1.5	0.0	-13.2	0.0	
3.78906	-0.1	-389	11.7	13.3	-1.6	0.0	-13.3	0.0	
3.79297	-0.2	-389	11.8	13.3	-1.5	0.0	-13.3	0.0	
3.79688	-0.2	-389	11.8	13.3	-1.5	0.0	-13.3	0.0	
3.80078	-0.1	-389	11.7	13.3	-1.6	0.0	-13.3	0.0	
3.80469	-0.0	-389	11.7	13.4	-1.7	0.0	-13.4	0.0	
3.80859	-0.1	-389	11.7	13.4	-1.7	0.0	-13.4	0.0	
3.81250	-0.1	-389	11.7	13.3	-1.6	0.0	-13.3	0.0	
3.81641	-0.1	-389	11.8	13.4	-1.6	0.0	-13.4	0.0	
3.82031	-0.1	-389	11.8	13.4	-1.6	0.0	-13.4	0.0	
3.82422	-0.1	-389	11.8	13.4	-1.6	0.0	-13.4	0.0	
3.82812	-0.1	-389	11.8	13.4	-1.6	0.0	-13.4	0.0	
3.83203	-0.1	-389	11.8	13.4	-1.6	0.0	-13.4	0.0	
3.83594	-0.1	-389	11.8	13.5	-1.7	0.0	-13.5	0.0	
3.83984	-0.1	-389	11.8	13.4	-1.6	0.0	-13.4	0.0	
3.84375	-0.0	-389	11.8	13.5	-1.7	0.0	-13.5	0.0	
3.84766	-0.0	-389	11.8	13.5	-1.7	0.0	-13.5	0.0	
3.85156	-0.1	-389	11.8	13.5	-1.7	0.0	-13.5	0.0	
3.85547	-0.1	-389	11.8	13.6	-1.8	0.0	-13.6	0.0	
3.85938	-0.1	-389	11.8	13.6	-1.8	0.0	-13.6	0.0	
3.86328	-0.1	-389	11.8	13.6	-1.8	0.0	-13.6	0.0	
3.86719	0.0	-389	11.8	13.6	-1.8	0.0	-13.6	0.0	
3.87109	0.1	-389	11.7	13.6	-1.9	0.0	-13.6	0.0	
3.87500	-0.0	-389	11.7	13.7	-2.0	0.0	-13.7	0.0	
3.87891	-0.0	-389	11.8	13.7	-1.9	0.0	-13.7	0.0	
3.88281	-0.0	-389	11.7	13.7	-2.0	0.0	-13.7	0.0	
3.88672	-0.1	-389	11.7	13.7	-2.0	0.0	-13.7	0.0	
3.89062	0.0	-389	11.7	13.7	-2.0	0.0	-13.7	0.0	
3.89453	0.1	-389	11.7	13.7	-2.0	0.0	-13.7	0.0	
3.89844	-0.1	-389	11.7	13.8	-2.1	0.0	-13.8	0.0	
3.90234	-0.2	-389	11.7	13.8	-2.1	0.0	-13.8	0.0	
3.90625	-0.1	-389	11.7	13.8	-2.1	0.0	-13.8	0.0	
3.91016	-0.1	-389	11.7	13.8	-2.1	0.0	-13.8	0.0	
3.91406	-0.1	-389	11.7	13.8	-2.1	0.0	-13.8	0.0	
3.91797	0.1	-389	11.7	13.9	-2.2	0.0	-13.9	0.0	
3.92188	-0.0	-389	11.7	13.9	-2.2	0.0	-13.9	0.0	
3.92578	-0.2	-389	11.7	13.9	-2.2	0.0	-13.9	0.0	
3.92969	-0.1	-389	11.7	13.9	-2.2	0.0	-13.9	0.0	
3.93359	0.1	-389	11.7	13.9	-2.2	0.0	-13.9	0.0	
3.93750	-0.0	-389	11.7	13.9	-2.2	0.0	-13.9	0.0	
3.94141	-0.0	-389	11.7	13.9	-2.2	0.0	-13.9	0.0	
3.94531	0.1	-389	11.7	14.0	-2.3	0.0	-14.0	0.0	
3.94922	-0.1	-389	11.7	14.0	-2.3	0.0	-14.0	0.0	
3.95312	-0.2	-389	11.7	14.0	-2.3	0.0	-14.0	0.0	
3.95703	0.0	-389	11.7	14.0	-2.3	0.0	-14.0	0.0	
3.96094	-0.1	-389	11.7	14.0	-2.3	0.0	-14.0	0.0	
3.96484	-0.1	-389	11.7	14.0	-2.3	0.0	-14.0	0.0	
3.96875	-0.1	-389	11.7	14.0	-2.3	0.0	-14.0	0.0	
3.97266	-0.2	-389	11.7	14.0	-2.3	0.0	-14.0	0.0	
3.97656	-0.1	-389	11.7	14.0	-2.3	0.0	-14.0	0.0	
3.98047	0.0	-389	11.7	14.0	-2.3	0.0	-14.0	0.0	
3.98438	-0.2	-389	11.7	14.0	-2.3	0.0	-14.0	0.0	
3.98828	-0.2	-389	11.8	14.0	-2.2	0.0	-14.0	0.0	
3.99219	-0.1	-389	11.8	13.9	-2.1	0.0	-13.9	0.0	
3.99609	-0.3	-389	11.7	14.0	-2.3	0.0	-14.0	0.0	
4.00000	-0.2	-389	11.8	13.9	-2.1	0.0	-13.9	0.0	
4.00391	-0.0	-389	11.9	13.9	-2.0	0.0	-13.9	0.0	
4.00781	-0.1	-389	11.9	13.9	-2.0	0.0	-13.9	0.0	
4.01172	-0.2	-389	11.9	13.9	-2.0	0.0	-13.9	0.0	
4.01562	-0.0	-389	11.9	13.9	-2.0	0.0	-13.9	0.0	
4.01953	-0.0	-389	11.9	13.9	-2.0	0.0	-13.9	0.0	
4.02344	-0.3	-389	12.0	13.9	-1.9	0.0	-13.9	0.0	
4.02734	-0.3	-389	11.9	13.9	-2.0	0.0	-13.9	0.0	
4.03125	-0.1	-389	12.0	13.9	-1.9	0.0	-13.9	0.0	
4.03516	-0.2	-389	12.1	13.9	-1.8	0.0	-13.9	0.0	
4.03906	-0.2	-389	12.0	13.9	-1.9	0.0	-13.9	0.0	
4.04297	-0.1	-389	12.0	13.9	-1.9	0.0	-13.9	0.0	
4.04688	-0.1	-389	12.0	13.9	-1.9	0.0	-13.9	0.0	
4.05078	-0.2	-389	12.1	13.9	-1.8	0.0	-13.9	0.0	
4.05469	-0.0	-389	12.1	13.9	-1.8	0.0	-13.9	0.0	
4.05859	-0.0	-389	12.0	13.9	-1.9	0.0	-13.9	0.0	
4.06250	-0.2	-389	12.1	13.9	-1.8	0.0	-13.9	0.0	
4.06641	-0.1	-389	12.0	13.9	-1.9	0.0	-13.9	0.0	
4.07031	-0.0	-389	12.0	13.9	-1.9	0.0	-13.9	0.0	
4.07422	-0.0	-389	12.1	13.9	-1.8	0.0	-13.9	0.0	
4.07812	-0.0	-389	12.0	14.0	-2.0	0.0	-14.0	0.0	
4.08203	-0.0	-389	12.0	14.0	-2.0	0.0	-14.0	0.0	
4.08594	-0.1	-389	12.0	14.0	-2.0	0.0	-14.0	0.0	
4.08984	-0.1	-389	12.0	14.0	-2.0	0.0	-14.0	0.0	
4.09375	-0.1	-389	12.0	14.1	-2.1	0.0	-14.1	0.0	
4.09766	-0.1	-389	12.0	14.0	-2.0	0.0	-14.0	0.0	
4.10156	-0.1	-389	11.9	14.1	-2.2	0.0	-14.1	0.0	
4.10547	0.0	-389	11.9	14.1	-2.2	0.0	-14.1	0.0	
4.10938	-0.1	-389	11.9	14.1	-2.2	0.0	-14.1	0.0	
4.11328	-0.1	-389	11.9	14.2	-2.3	0.0	-14.2	0.0	
4.11719	-0.1	-389	12.0	14.2	-2.2	0.0	-14.2	0.0	
4.12109	-0.1	-389	12.0	14.2	-2.2	0.0	-14.2	0.0	
4.12500	-0.2	-389	12.0	14.2	-2.2	0.0	-14.2	0.0	
4.12891	-0.2	-389	12.0	14.3	-2.3	0.0	-14.3	0.0	
4.13281	-0.3	-389	12.0	14.3	-2.3	0.0	-14.3	0.0	
4.13672	-0.2	-389	12.1	14.3	-2.2	0.0	-14.3	0.0	
4.14062	-0.2	-389	12.1	14.3	-2.2	0.0	-14.3	0.0	
4.14453	-0.3	-389	12.1	14.4	-2.3	0.0	-14.4	0.0	
4.14844	-0.3	-389	12.1	14.4	-2.3	0.0	-14.4	0.0	
4.15234	-0.2	-389	12.1	14.3	-2.2	0.0	-14.3	0.0	
4.15625	-0.0	-389	12.1	14.3	-2.2	0.0	-14.3	0.0	
4.16016	0.0	-389	12.2	14.4	-2.2	0.0	-14.4	0.0	
4.16406	-0.0	-389	12.2	14.4	-2.2	0.0	-14.4	0.0	
4.16797	0.1	-389	12.1	14.3	-2.2	0.0	-14.3	0.0	
4.17188	0.1	-389	12.1	14.4	-2.3	0.0	-14.4	0.0	
4.17578	0.1	-389	12.1	14.3	-2.2	0.0	-14.3	0.0	
4.17969	0.3	-389	12.0	14.3	-2.3	0.0	-14.3	0.0	
4.18359	0.5	-389	11.9	14.3	-2.4	0.0	-14.3	0.0	
4.18750	0.6	-389	11.8	14.3	-2.5	0.0	-14.3	0.0	
4.19141	0.9	-389	11.8	14.3	-2.5	0.0	-14.3	0.0	
4.19531	1.2	-389	11.7	14.3	-2.6	0.0	-14.3	0.0	
4.19922	1.2	-389	11.5	14.2	-2.7	0.0	-14.2	0.0	
4.20312	1.2	-389	11.5	14.1	-2.6	0.0	-14.1	0.0	
4.20703	1.4	-389	11.4	14.1	-2.7	0.0	-14.1	0.0	
4.21094	1.2	-389	11.3	14.1	-2.8	0.0	-14.1	0.0	
4.21484	1.0	-389	11.3	14.0	-2.7	0.0	-14.0	0.0	
4.21875	1.0	-389	11.3	14.0	-2.7	0.0	-14.0	0.0	
4.22266	0.6	-389	11.2	13.9	-2.7	0.0	-13.9	0.0	
4.22656	0.2	-389	11.1	13.9	-2.8	0.0	-13.9	0.0	
4.23047	0.3	-389	11.1	13.8	-2.7	0.0	-13.8	0.0	
4.23438	0.1	-389	11.1	13.7	-2.6	0.0	-13.7	0.0	
4.23828	-0.2	-389	11.1	13.8	-2.7	0.0	-13.8	0.0	
4.24219	-0.2	-389	11.2	13.8	-2.6	0.0	-13.8	0.0	
4.24609	-0.3	-389	11.2	13.7	-2.5	0.0	-13.7	0.0	
4.25000	-0.5	-389	11.2	13.6	-2.4	0.0	-13.6	0.0	
4.25391	-0.3	-389	11.3	13.6	-2.3	0.0	-13.6	0.0	
4.25781	-0.5	-389	11.3	13.6	-2.3	0.0	-13.6	0.0	
4.26172	-0.7	-389	11.4	13.5	-2.1	0.0	-13.5	0.0	
4.26562	-0.7	-389	11.5	13.5	-2.0	0.0	-13.5	0.0	
4.26953	-0.8	-389	11.6	13.5	-1.9	0.0	-13.5	0.0	
4.27344	-1.0	-389	11.6	13.5	-1.9	0.0	-13.5	0.0	
4.27734	-1.0	-389	11.7	13.5	-1.8	0.0	-13.5	0.0	
4.28125	-0.9	-389	11.7	13.4	-1.7	0.0	-13.4	0.0	
4.28516	-0.8	-389	11.8	13.4	-1.6	0.0	-13.4	0.0	
4.28906	-0.7	-389	11.9	13.4	-1.5	0.0	-13.4	0.0	
4.29297	-0.5	-389	11.9	13.4	-1.5	0.0	-13.4	0.0	
4.29688	-0.3	-389	11.9	13.3	-1.4	0.0	-13.3	0.0	
4.30078	-0.2	-389	11.9	13.3	-1.4	0.0	-13.3	0.0	
4.30469	-0.3	-389	12.0	13.3	-1.3	0.0	-13.3	0.0	
4.30859	-0.2	-389	12.0	13.3	-1.3	0.0	-13.3	0.0	
4.31250	-0.1	-389	11.9	13.3	-1.4	0.0	-13.3	0.0	
4.31641	0.1	-389	11.9	13.2	-1.3	0.0	-13.2	0.0	
4.32031	0.2	-389	12.0	13.3	-1.3	0.0	-13.3	0.0	
4.32422	-0.0	-389	11.9	13.2	-1.3	0.0	-13.2	0.0	
4.32812	0.1	-389	11.9	13.2	-1.3	0.0	-13.2	0.0	
4.33203	0.2	-389	12.0	13.1	-1.1	0.0	-13.1	0.0	
4.33594	-0.0	-389	11.9	13.1	-1.2	0.0	-13.1	0.0	
4.33984	0.0	-389	11.9	13.1	-1.2	0.0	-13.1	0.0	
4.34375	0.2	-389	11.9	13.1	-1.2	0.0	-13.1	0.0	
4.34766	0.0	-389	11.8	13.1	-1.3	0.0	-13.1	0.0	
4.35156	-0.0	-389	11.8	13.1	-1.3	0.0	-13.1	0.0	
4.35547	0.1	-389	11.8	13.1	-1.3	0.0	-13.1	0.0	
4.35938	0.1	-389	11.8	13.0	-1.2	0.0	-13.0	0.0	
4.36328	-0.1	-389	11.8	13.0	-1.2	0.0	-13.0	0.0	
4.36719	-0.0	-389	11.8	13.0	-1.2	0.0	-13.0	0.0	
4.37109	0.1	-389	11.7	13.0	-1.3	0.0	-13.0	0.0	
4.37500	0.0	-389	11.7	12.9	-1.2	0.0	-12.9	0.0	
4.37891	-0.1	-389	11.7	13.0	-1.3	0.0	-13.0	0.0	
4.38281	-0.1	-389	11.7	13.0	-1.3	0.0	-13.0	0.0	
4.38672	-0.2	-389	11.8	13.0	-1.2	0.0	-13.0	0.0	
4.39062	-0.2	-389	11.8	13.0	-1.2	0.0	-13.0	0.0	
4.39453	-0.2	-389	11.9	13.0	-1.1	0.0	-13.0	0.0	
4.39844	-0.3	-389	11.9	13.0	-1.1	0.0	-13.0	0.0	
4.40234	-0.2	-389	11.7	13.0	-1.3	0.0	-13.0	0.0	
4.40625	-0.1	-389	12.3	13.0	-0.7	0.0	-13.0	0.0	
4.41016	-0.2	-389	12.6	13.0	-0.4	0.0	-13.0	0.0	
4.41406	0.4	-389	12.2	13.0	-0.8	0.0	-13.0	0.0	
