FluxView - FluxMed acquisition system
Signal file
Serial Number	:
W version:	1.20h-OX-CO2	File version:	1.13
Sampling rate:	256 Hz
Time	Flow	Volume	Paw	Pes	Ptpulm	Pga	Ptdiaf	CO2	
0.00391	-0.0	221	19.0	15.6	3.4	0.7	-14.9	15.6	
0.00781	-0.0	221	19.0	15.5	3.5	0.7	-14.8	15.5	
0.01172	-0.0	221	19.0	15.5	3.5	0.7	-14.8	15.5	
0.01562	-0.1	221	19.0	15.5	3.5	0.7	-14.8	15.5	
0.01953	-0.2	221	19.0	15.5	3.5	0.7	-14.8	15.5	
0.02344	-0.2	221	19.0	15.5	3.5	0.7	-14.8	15.5	
0.02734	-0.3	221	19.0	15.5	3.5	0.7	-14.8	15.5	
0.03125	-0.4	221	19.0	15.5	3.5	0.7	-14.8	15.5	
0.03516	-0.4	221	19.0	15.5	3.5	0.7	-14.8	15.5	
0.03906	-0.4	221	19.0	15.5	3.5	0.7	-14.8	15.5	
0.04297	-0.5	221	19.0	15.5	3.5	0.7	-14.8	15.5	
0.04688	-0.5	221	19.0	15.5	3.5	0.7	-14.8	15.5	
0.05078	-0.5	221	19.0	15.5	3.5	0.7	-14.8	15.5	
0.05469	-0.5	221	19.0	15.5	3.5	0.7	-14.8	15.5	
0.05859	-0.4	221	19.1	15.5	3.6	0.7	-14.8	15.5	
0.06250	-0.4	221	19.1	15.5	3.6	0.7	-14.8	15.5	
0.06641	-0.4	221	19.1	15.5	3.6	0.7	-14.8	15.5	
0.07031	-0.4	220	19.1	15.5	3.6	0.7	-14.8	15.5	
0.07422	-0.4	220	19.1	15.5	3.6	0.7	-14.8	15.5	
0.07812	-0.3	220	19.1	15.5	3.6	0.7	-14.8	15.5	
0.08203	-0.4	220	19.1	15.5	3.6	0.7	-14.8	15.5	
0.08594	-0.4	220	19.1	15.5	3.6	0.7	-14.8	15.5	
0.08984	-0.3	220	19.1	15.5	3.6	0.7	-14.8	15.5	
0.09375	-0.3	220	19.1	15.5	3.6	0.7	-14.8	15.5	
0.09766	-0.3	220	19.1	15.6	3.5	0.7	-14.9	15.6	
0.10156	-0.3	220	19.1	15.6	3.5	0.7	-14.9	15.6	
0.10547	-0.3	220	19.1	15.6	3.5	0.7	-14.9	15.6	
0.10938	-0.3	220	19.1	15.6	3.5	0.7	-14.9	15.6	
0.11328	-0.3	220	19.1	15.6	3.5	0.7	-14.9	15.6	
0.11719	-0.3	220	19.1	15.6	3.5	0.7	-14.9	15.6	
0.12109	-0.3	220	19.1	15.6	3.5	0.7	-14.9	15.6	
0.12500	-0.3	220	19.1	15.6	3.5	0.7	-14.9	15.6	
0.12891	-0.3	220	19.1	15.6	3.5	0.7	-14.9	15.6	
0.13281	-0.4	220	19.1	15.6	3.5	0.7	-14.9	15.6	
0.13672	-0.4	220	19.1	15.6	3.5	0.7	-14.9	15.6	
0.14062	-0.3	220	19.1	15.6	3.5	0.7	-14.9	15.6	
0.14453	-0.4	220	19.1	15.6	3.5	0.7	-14.9	15.6	
0.14844	-0.4	220	19.1	15.6	3.5	0.7	-14.9	15.6	
0.15234	-0.4	220	19.1	15.6	3.5	0.7	-14.9	15.6	
0.15625	-0.4	220	19.1	15.6	3.5	0.7	-14.9	15.6	
0.16016	-0.3	220	19.1	15.6	3.5	0.7	-14.9	15.6	
0.16406	-0.3	220	19.1	15.7	3.4	0.7	-15.0	15.7	
0.16797	-0.3	220	19.1	15.7	3.4	0.7	-15.0	15.7	
0.17188	-0.4	220	19.1	15.6	3.5	0.7	-14.9	15.6	
0.17578	-0.3	220	19.1	15.7	3.4	0.7	-15.0	15.7	
0.17969	-0.3	220	19.1	15.7	3.4	0.7	-15.0	15.7	
0.18359	-0.3	220	19.0	15.6	3.4	0.7	-14.9	15.6	
0.18750	-0.3	220	19.0	15.6	3.4	0.7	-14.9	15.6	
0.19141	-0.3	220	19.0	15.6	3.4	0.7	-14.9	15.6	
0.19531	-0.3	220	19.0	15.7	3.3	0.7	-15.0	15.7	
0.19922	-0.2	220	19.0	15.6	3.4	0.7	-14.9	15.6	
0.20312	-0.2	220	19.0	15.6	3.4	0.7	-14.9	15.6	
0.20703	-0.2	220	18.9	15.6	3.3	0.7	-14.9	15.6	
0.21094	-0.2	220	18.9	15.6	3.3	0.7	-14.9	15.6	
0.21484	-0.1	220	18.9	15.6	3.3	0.7	-14.9	15.6	
0.21875	-0.1	220	18.9	15.5	3.4	0.7	-14.8	15.5	
0.22266	-0.1	220	18.8	15.5	3.3	0.7	-14.8	15.5	
0.22656	-0.2	220	18.8	15.5	3.3	0.7	-14.8	15.5	
0.23047	-0.2	220	18.8	15.5	3.3	0.7	-14.8	15.5	
0.23438	-0.2	220	18.8	15.5	3.3	0.7	-14.8	15.5	
0.23828	-0.2	220	18.7	15.5	3.2	0.7	-14.8	15.5	
0.24219	-0.2	220	18.7	15.5	3.2	0.7	-14.8	15.5	
0.24609	-0.3	220	18.7	15.4	3.3	0.7	-14.7	15.4	
0.25000	-0.4	220	18.7	15.4	3.3	0.7	-14.7	15.4	
0.25391	-0.4	220	18.7	15.4	3.3	0.7	-14.7	15.4	
0.25781	-0.5	220	18.7	15.4	3.3	0.7	-14.7	15.4	
0.26172	-0.5	220	18.8	15.4	3.4	0.7	-14.7	15.4	
0.26562	-0.6	219	18.8	15.4	3.4	0.7	-14.7	15.4	
0.26953	-0.6	219	18.8	15.4	3.4	0.7	-14.7	15.4	
0.27344	-0.7	219	18.9	15.4	3.5	0.7	-14.7	15.4	
0.27734	-0.7	219	18.9	15.4	3.5	0.7	-14.7	15.4	
0.28125	-0.7	219	19.0	15.4	3.6	0.7	-14.7	15.4	
0.28516	-0.7	219	19.0	15.4	3.6	0.7	-14.7	15.4	
0.28906	-0.7	219	19.1	15.4	3.7	0.7	-14.7	15.4	
0.29297	-0.7	219	19.1	15.4	3.7	0.7	-14.7	15.4	
0.29688	-0.7	219	19.2	15.4	3.8	0.7	-14.7	15.4	
0.30078	-0.7	219	19.2	15.4	3.8	0.7	-14.7	15.4	
0.30469	-0.7	219	19.2	15.4	3.8	0.7	-14.7	15.4	
0.30859	-0.7	219	19.3	15.4	3.9	0.7	-14.7	15.4	
0.31250	-0.6	219	19.3	15.4	3.9	0.7	-14.7	15.4	
0.31641	-0.5	219	19.4	15.4	4.0	0.7	-14.7	15.4	
0.32031	-0.5	219	19.4	15.4	4.0	0.7	-14.7	15.4	
0.32422	-0.4	219	19.4	15.4	4.0	0.7	-14.7	15.4	
0.32812	-0.4	219	19.4	15.4	4.0	0.7	-14.7	15.4	
0.33203	-0.4	219	19.5	15.4	4.1	0.7	-14.7	15.4	
0.33594	-0.4	219	19.5	15.4	4.1	0.7	-14.7	15.4	
0.33984	-0.3	219	19.5	15.4	4.1	0.7	-14.7	15.4	
0.34375	-0.4	219	19.5	15.4	4.1	0.7	-14.7	15.4	
0.34766	-0.3	219	19.5	15.4	4.1	0.7	-14.7	15.4	
0.35156	-0.3	219	19.5	15.4	4.1	0.7	-14.7	15.4	
0.35547	-0.3	219	19.5	15.4	4.1	0.7	-14.7	15.4	
0.35938	-0.3	219	19.5	15.4	4.1	0.7	-14.7	15.4	
0.36328	-0.3	219	19.5	15.4	4.1	0.7	-14.7	15.4	
0.36719	-0.3	219	19.5	15.4	4.1	0.7	-14.7	15.4	
0.37109	-0.3	219	19.5	15.4	4.1	0.7	-14.7	15.4	
0.37500	-0.3	219	19.5	15.4	4.1	0.7	-14.7	15.4	
0.37891	-0.3	219	19.5	15.4	4.1	0.7	-14.7	15.4	
0.38281	-0.4	219	19.5	15.4	4.1	0.7	-14.7	15.4	
0.38672	-0.4	219	19.5	15.4	4.1	0.7	-14.7	15.4	
0.39062	-0.4	218	19.5	15.4	4.1	0.7	-14.7	15.4	
0.39453	-0.4	218	19.5	15.4	4.1	0.7	-14.7	15.4	
0.39844	-0.4	218	19.5	15.4	4.1	0.7	-14.7	15.4	
0.40234	-0.4	218	19.5	15.4	4.1	0.7	-14.7	15.4	
0.40625	-0.4	218	19.5	15.4	4.1	0.7	-14.7	15.4	
0.41016	-0.4	218	19.6	15.4	4.2	0.7	-14.7	15.4	
0.41406	-0.4	218	19.6	15.4	4.2	0.7	-14.7	15.4	
0.41797	-0.4	218	19.6	15.4	4.2	0.7	-14.7	15.4	
0.42188	-0.4	218	19.6	15.4	4.2	0.7	-14.7	15.4	
0.42578	-0.4	218	19.6	15.4	4.2	0.7	-14.7	15.4	
0.42969	-0.4	218	19.6	15.5	4.1	0.7	-14.8	15.5	
0.43359	-0.4	218	19.6	15.5	4.1	0.7	-14.8	15.5	
0.43750	-0.4	218	19.6	15.5	4.1	0.7	-14.8	15.5	
0.44141	-0.4	218	19.6	15.5	4.1	0.7	-14.8	15.5	
0.44531	-0.4	218	19.7	15.5	4.2	0.7	-14.8	15.5	
0.44922	-0.4	218	19.7	15.5	4.2	0.7	-14.8	15.5	
0.45312	-0.4	218	19.7	15.5	4.2	0.7	-14.8	15.5	
0.45703	-0.4	218	19.7	15.5	4.2	0.7	-14.8	15.5	
0.46094	-0.3	218	19.7	15.5	4.2	0.7	-14.8	15.5	
0.46484	-0.3	218	19.7	15.5	4.2	0.7	-14.8	15.5	
0.46875	-0.3	218	19.6	15.5	4.1	0.7	-14.8	15.5	
0.47266	-0.3	218	19.6	15.5	4.1	0.7	-14.8	15.5	
0.47656	-0.2	218	19.6	15.5	4.1	0.7	-14.8	15.5	
0.48047	-0.2	218	19.6	15.5	4.1	0.7	-14.8	15.5	
0.48438	-0.2	218	19.6	15.5	4.1	0.7	-14.8	15.5	
0.48828	-0.2	218	19.6	15.5	4.1	0.7	-14.8	15.5	
0.49219	-0.2	218	19.5	15.5	4.0	0.7	-14.8	15.5	
0.49609	-0.2	218	19.5	15.5	4.0	0.7	-14.8	15.5	
0.50000	-0.2	218	19.5	15.5	4.0	0.7	-14.8	15.5	
0.50391	-0.3	218	19.5	15.5	4.0	0.7	-14.8	15.5	
0.50781	-0.3	218	19.5	15.5	4.0	0.7	-14.8	15.5	
0.51172	-0.3	218	19.5	15.5	4.0	0.7	-14.8	15.5	
0.51562	-0.4	218	19.5	15.5	4.0	0.7	-14.8	15.5	
0.51953	-0.3	218	19.5	15.5	4.0	0.7	-14.8	15.5	
0.52344	-0.3	218	19.5	15.6	3.9	0.7	-14.9	15.6	
0.52734	-0.4	218	19.4	15.5	3.9	0.7	-14.8	15.5	
0.53125	-0.4	218	19.4	15.6	3.8	0.7	-14.9	15.6	
0.53516	-0.4	218	19.4	15.6	3.8	0.7	-14.9	15.6	
0.53906	-0.4	218	19.4	15.6	3.8	0.7	-14.9	15.6	
0.54297	-0.3	218	19.4	15.6	3.8	0.7	-14.9	15.6	
0.54688	-0.4	218	19.4	15.6	3.8	0.7	-14.9	15.6	
0.55078	-0.4	218	19.4	15.6	3.8	0.7	-14.9	15.6	
0.55469	-0.3	218	19.4	15.6	3.8	0.7	-14.9	15.6	
0.55859	-0.4	218	19.4	15.6	3.8	0.7	-14.9	15.6	
0.56250	-0.3	218	19.4	15.6	3.8	0.7	-14.9	15.6	
0.56641	-0.3	217	19.4	15.6	3.8	0.7	-14.9	15.6	
0.57031	-0.3	217	19.4	15.6	3.8	0.7	-14.9	15.6	
0.57422	-0.3	217	19.4	15.6	3.8	0.7	-14.9	15.6	
0.57812	-0.3	217	19.4	15.6	3.8	0.7	-14.9	15.6	
0.58203	-0.3	217	19.4	15.6	3.8	0.7	-14.9	15.6	
0.58594	-0.3	217	19.4	15.6	3.8	0.7	-14.9	15.6	
0.58984	-0.3	217	19.4	15.6	3.8	0.7	-14.9	15.6	
0.59375	-0.3	217	19.4	15.6	3.8	0.7	-14.9	15.6	
0.59766	-0.3	217	19.4	15.6	3.8	0.7	-14.9	15.6	
0.60156	-0.3	217	19.3	15.6	3.7	0.7	-14.9	15.6	
0.60547	-0.3	217	19.3	15.6	3.7	0.7	-14.9	15.6	
0.60938	-0.4	217	19.3	15.6	3.7	0.7	-14.9	15.6	
0.61328	-0.3	217	19.3	15.6	3.7	0.7	-14.9	15.6	
0.61719	-0.3	217	19.3	15.7	3.6	0.7	-15.0	15.7	
0.62109	-0.4	217	19.3	15.6	3.7	0.7	-14.9	15.6	
0.62500	-0.3	217	19.3	15.6	3.7	0.7	-14.9	15.6	
0.62891	-0.3	217	19.3	15.7	3.6	0.7	-15.0	15.7	
0.63281	-0.4	217	19.3	15.6	3.7	0.7	-14.9	15.6	
0.63672	-0.4	217	19.3	15.7	3.6	0.7	-15.0	15.7	
0.64062	-0.3	217	19.3	15.7	3.6	0.7	-15.0	15.7	
0.64453	-0.3	217	19.3	15.6	3.7	0.7	-14.9	15.6	
0.64844	-0.3	217	19.3	15.6	3.7	0.7	-14.9	15.6	
0.65234	-0.4	217	19.3	15.7	3.6	0.7	-15.0	15.7	
0.65625	-0.3	217	19.3	15.7	3.6	0.7	-15.0	15.7	
0.66016	-0.3	217	19.3	15.7	3.6	0.7	-15.0	15.7	
0.66406	-0.4	217	19.3	15.7	3.6	0.7	-15.0	15.7	
0.66797	-0.3	217	19.3	15.7	3.6	0.7	-15.0	15.7	
0.67188	-0.3	217	19.3	15.7	3.6	0.7	-15.0	15.7	
0.67578	-0.3	217	19.3	15.7	3.6	0.7	-15.0	15.7	
0.67969	-0.3	217	19.3	15.6	3.7	0.7	-14.9	15.6	
0.68359	-0.3	217	19.3	15.7	3.6	0.7	-15.0	15.7	
0.68750	-0.3	217	19.3	15.7	3.6	0.7	-15.0	15.7	
0.69141	-0.3	217	19.3	15.7	3.6	0.7	-15.0	15.7	
0.69531	-0.4	217	19.2	15.7	3.5	0.7	-15.0	15.7	
0.69922	-0.4	217	19.2	15.7	3.5	0.7	-15.0	15.7	
0.70312	-0.3	217	19.2	15.7	3.5	0.7	-15.0	15.7	
0.70703	-0.4	217	19.2	15.7	3.5	0.7	-15.0	15.7	
0.71094	-0.4	217	19.2	15.7	3.5	0.7	-15.0	15.7	
0.71484	-0.3	217	19.2	15.7	3.5	0.7	-15.0	15.7	
0.71875	-0.4	217	19.2	15.7	3.5	0.7	-15.0	15.7	
0.72266	-0.4	217	19.2	15.6	3.6	0.7	-14.9	15.6	
0.72656	-0.3	217	19.2	15.6	3.6	0.7	-14.9	15.6	
0.73047	-0.4	217	19.2	15.6	3.6	0.7	-14.9	15.6	
0.73438	-0.4	217	19.2	15.6	3.6	0.7	-14.9	15.6	
0.73828	-0.4	217	19.2	15.7	3.5	0.7	-15.0	15.7	
0.74219	-0.3	217	19.2	15.7	3.5	0.7	-15.0	15.7	
0.74609	-0.3	216	19.3	15.7	3.6	0.7	-15.0	15.7	
0.75000	-0.4	216	19.3	15.7	3.6	0.7	-15.0	15.7	
0.75391	-0.4	216	19.3	15.6	3.7	0.7	-14.9	15.6	
0.75781	-0.4	216	19.2	15.6	3.6	0.7	-14.9	15.6	
0.76172	-0.4	216	19.3	15.7	3.6	0.7	-15.0	15.7	
0.76562	-0.4	216	19.3	15.6	3.7	0.7	-14.9	15.6	
0.76953	-0.4	216	19.3	15.6	3.7	0.7	-14.9	15.6	
0.77344	-0.4	216	19.3	15.7	3.6	0.7	-15.0	15.7	
0.77734	-0.4	216	19.3	15.6	3.7	0.7	-14.9	15.6	
0.78125	-0.4	216	19.3	15.6	3.7	0.7	-14.9	15.6	
0.78516	-0.4	216	19.3	15.6	3.7	0.7	-14.9	15.6	
0.78906	-0.3	216	19.3	15.6	3.7	0.7	-14.9	15.6	
0.79297	-0.4	216	19.3	15.7	3.6	0.7	-15.0	15.7	
0.79688	-0.4	216	19.3	15.6	3.7	0.7	-14.9	15.6	
0.80078	-0.4	216	19.3	15.6	3.7	0.7	-14.9	15.6	
0.80469	-0.3	216	19.3	15.7	3.6	0.7	-15.0	15.7	
0.80859	-0.4	216	19.3	15.6	3.7	0.7	-14.9	15.6	
0.81250	-0.4	216	19.3	15.6	3.7	0.7	-14.9	15.6	
0.81641	-0.4	216	19.3	15.6	3.7	0.7	-14.9	15.6	
0.82031	-0.3	216	19.3	15.7	3.6	0.7	-15.0	15.7	
0.82422	-0.3	216	19.3	15.7	3.6	0.7	-15.0	15.7	
0.82812	-0.3	216	19.3	15.6	3.7	0.7	-14.9	15.6	
0.83203	-0.4	216	19.3	15.7	3.6	0.7	-15.0	15.7	
0.83594	-0.4	216	19.3	15.7	3.6	0.7	-15.0	15.7	
0.83984	-0.4	216	19.3	15.7	3.6	0.7	-15.0	15.7	
0.84375	-0.4	216	19.3	15.7	3.6	0.7	-15.0	15.7	
0.84766	-0.4	216	19.3	15.6	3.7	0.7	-14.9	15.6	
0.85156	-0.4	216	19.4	15.7	3.7	0.7	-15.0	15.7	
0.85547	-0.4	216	19.4	15.7	3.7	0.7	-15.0	15.7	
0.85938	-0.4	216	19.3	15.7	3.6	0.7	-15.0	15.7	
0.86328	-0.4	216	19.4	15.6	3.8	0.7	-14.9	15.6	
0.86719	-0.4	216	19.4	15.6	3.8	0.7	-14.9	15.6	
0.87109	-0.4	216	19.4	15.6	3.8	0.7	-14.9	15.6	
0.87500	-0.4	216	19.4	15.6	3.8	0.7	-14.9	15.6	
0.87891	-0.3	216	19.4	15.6	3.8	0.7	-14.9	15.6	
0.88281	-0.3	216	19.4	15.6	3.8	0.7	-14.9	15.6	
0.88672	-0.4	216	19.4	15.6	3.8	0.7	-14.9	15.6	
0.89062	-0.3	216	19.4	15.6	3.8	0.7	-14.9	15.6	
0.89453	-0.3	216	19.4	15.6	3.8	0.7	-14.9	15.6	
0.89844	-0.4	216	19.4	15.6	3.8	0.7	-14.9	15.6	
0.90234	-0.4	216	19.4	15.6	3.8	0.7	-14.9	15.6	
0.90625	-0.4	215	19.4	15.6	3.8	0.7	-14.9	15.6	
0.91016	-0.4	215	19.4	15.6	3.8	0.7	-14.9	15.6	
0.91406	-0.4	215	19.4	15.6	3.8	0.7	-14.9	15.6	
0.91797	-0.4	215	19.4	15.6	3.8	0.7	-14.9	15.6	
0.92188	-0.4	215	19.4	15.6	3.8	0.7	-14.9	15.6	
0.92578	-0.4	215	19.5	15.6	3.9	0.7	-14.9	15.6	
0.92969	-0.4	215	19.5	15.6	3.9	0.7	-14.9	15.6	
0.93359	-0.4	215	19.5	15.6	3.9	0.7	-14.9	15.6	
0.93750	-0.4	215	19.5	15.6	3.9	0.7	-14.9	15.6	
0.94141	-0.4	215	19.5	15.6	3.9	0.7	-14.9	15.6	
0.94531	-0.4	215	19.5	15.6	3.9	0.7	-14.9	15.6	
0.94922	-0.4	215	19.5	15.6	3.9	0.7	-14.9	15.6	
0.95312	-0.4	215	19.5	15.6	3.9	0.7	-14.9	15.6	
0.95703	-0.4	215	19.5	15.6	3.9	0.7	-14.9	15.6	
0.96094	-0.4	215	19.5	15.6	3.9	0.7	-14.9	15.6	
0.96484	-0.4	215	19.5	15.6	3.9	0.7	-14.9	15.6	
0.96875	-0.4	215	19.6	15.6	4.0	0.7	-14.9	15.6	
0.97266	-0.3	215	19.5	15.6	3.9	0.7	-14.9	15.6	
0.97656	-0.4	215	19.6	15.6	4.0	0.7	-14.9	15.6	
0.98047	-0.4	215	19.6	15.6	4.0	0.7	-14.9	15.6	
0.98438	-0.4	215	19.6	15.7	3.9	0.7	-15.0	15.7	
0.98828	-0.4	215	19.6	15.7	3.9	0.7	-15.0	15.7	
0.99219	-0.4	215	19.6	15.7	3.9	0.7	-15.0	15.7	
0.99609	-0.4	215	19.6	15.7	3.9	0.7	-15.0	15.7	
1.00000	-0.4	215	19.6	15.7	3.9	0.7	-15.0	15.7	
1.00391	-0.4	215	19.6	15.7	3.9	0.7	-15.0	15.7	
1.00781	-0.4	215	19.7	15.7	4.0	0.7	-15.0	15.7	
1.01172	-0.5	215	19.7	15.7	4.0	0.7	-15.0	15.7	
1.01562	-0.5	215	19.7	15.8	3.9	0.7	-15.1	15.8	
1.01953	-0.5	215	19.7	15.8	3.9	0.7	-15.1	15.8	
1.02344	-0.5	215	19.8	15.8	4.0	0.7	-15.1	15.8	
1.02734	-0.5	215	19.8	15.8	4.0	0.7	-15.1	15.8	
1.03125	-0.5	215	19.8	15.8	4.0	0.7	-15.1	15.8	
1.03516	-0.5	215	19.8	15.8	4.0	0.7	-15.1	15.8	
1.03906	-0.5	215	19.9	15.8	4.1	0.7	-15.1	15.8	
1.04297	-0.5	215	19.9	15.9	4.0	0.7	-15.2	15.9	
1.04688	-0.5	214	19.9	15.9	4.0	0.7	-15.2	15.9	
1.05078	-0.5	214	19.9	15.9	4.0	0.7	-15.2	15.9	
1.05469	-0.5	214	19.9	15.9	4.0	0.7	-15.2	15.9	
1.05859	-0.5	214	20.0	15.9	4.1	0.7	-15.2	15.9	
1.06250	-0.5	214	20.0	16.0	4.0	0.7	-15.3	16.0	
1.06641	-0.4	214	20.0	16.0	4.0	0.7	-15.3	16.0	
1.07031	-0.5	214	20.0	16.0	4.0	0.7	-15.3	16.0	
1.07422	-0.5	214	20.1	16.0	4.1	0.7	-15.3	16.0	
1.07812	-0.5	214	20.1	16.0	4.1	0.7	-15.3	16.0	
1.08203	-0.5	214	20.1	16.0	4.1	0.7	-15.3	16.0	
1.08594	-0.4	214	20.1	16.0	4.1	0.7	-15.3	16.0	
1.08984	-0.4	214	20.1	16.1	4.0	0.7	-15.4	16.1	
1.09375	-0.4	214	20.2	16.1	4.1	0.7	-15.4	16.1	
1.09766	-0.4	214	20.2	16.1	4.1	0.7	-15.4	16.1	
1.10156	-0.4	214	20.2	16.1	4.1	0.7	-15.4	16.1	
1.10547	-0.4	214	20.2	16.1	4.1	0.7	-15.4	16.1	
1.10938	-0.4	214	20.2	16.1	4.1	0.7	-15.4	16.1	
1.11328	-0.4	214	20.2	16.1	4.1	0.7	-15.4	16.1	
1.11719	-0.4	214	20.3	16.1	4.2	0.7	-15.4	16.1	
1.12109	-0.5	214	20.3	16.1	4.2	0.7	-15.4	16.1	
1.12500	-0.5	214	20.3	16.1	4.2	0.7	-15.4	16.1	
1.12891	-0.6	214	20.3	16.1	4.2	0.7	-15.4	16.1	
1.13281	-0.6	214	20.4	16.1	4.3	0.7	-15.4	16.1	
1.13672	-0.7	214	20.4	16.1	4.3	0.7	-15.4	16.1	
1.14062	-0.8	214	20.5	16.2	4.3	0.7	-15.5	16.2	
1.14453	-0.9	214	20.5	16.2	4.3	0.7	-15.5	16.2	
1.14844	-1.1	214	20.6	16.2	4.4	0.7	-15.5	16.2	
1.15234	-1.2	214	20.6	16.2	4.4	0.7	-15.5	16.2	
1.15625	-1.4	213	20.7	16.2	4.5	0.7	-15.5	16.2	
1.16016	-1.6	213	20.8	16.3	4.5	0.7	-15.6	16.3	
1.16406	-1.7	213	20.9	16.3	4.6	0.7	-15.6	16.3	
1.16797	-1.8	213	21.0	16.3	4.7	0.7	-15.6	16.3	
1.17188	-2.0	213	21.1	16.4	4.7	0.7	-15.7	16.4	
1.17578	-2.1	213	21.3	16.4	4.9	0.7	-15.7	16.4	
1.17969	-2.2	213	21.4	16.4	5.0	0.7	-15.7	16.4	
1.18359	-2.2	213	21.5	16.5	5.0	0.7	-15.8	16.5	
1.18750	-2.3	212	21.6	16.5	5.1	0.7	-15.8	16.5	
1.19141	-2.3	212	21.7	16.5	5.2	0.7	-15.8	16.5	
1.19531	-2.3	212	21.9	16.6	5.3	0.7	-15.9	16.6	
1.19922	-2.3	212	22.0	16.6	5.4	0.7	-15.9	16.6	
1.20312	-2.3	212	22.1	16.7	5.4	0.7	-16.0	16.7	
1.20703	-2.3	212	22.2	16.7	5.5	0.7	-16.0	16.7	
1.21094	-2.3	211	22.4	16.8	5.6	0.7	-16.1	16.8	
1.21484	-2.2	211	22.5	16.8	5.7	0.7	-16.1	16.8	
1.21875	-2.1	211	22.6	16.9	5.7	0.7	-16.2	16.9	
1.22266	-2.1	211	22.7	16.9	5.8	0.7	-16.2	16.9	
1.22656	-2.1	211	22.8	17.0	5.8	0.7	-16.3	17.0	
1.23047	-2.0	211	22.9	17.0	5.9	0.7	-16.3	17.0	
1.23438	-2.0	211	23.0	17.1	5.9	0.7	-16.4	17.1	
1.23828	-2.0	211	23.1	17.1	6.0	0.7	-16.4	17.1	
1.24219	-1.9	210	23.2	17.2	6.0	0.7	-16.5	17.2	
1.24609	-1.9	210	23.3	17.3	6.0	0.7	-16.6	17.3	
1.25000	-2.0	210	23.4	17.3	6.1	0.7	-16.6	17.3	
1.25391	-2.0	210	23.5	17.4	6.1	0.7	-16.7	17.4	
1.25781	-2.0	210	23.6	17.4	6.2	0.7	-16.7	17.4	
1.26172	-2.0	210	23.7	17.5	6.2	0.7	-16.8	17.5	
1.26562	-2.1	210	23.8	17.6	6.2	0.7	-16.9	17.6	
1.26953	-2.2	209	23.9	17.6	6.3	0.7	-16.9	17.6	
1.27344	-2.3	209	24.1	17.7	6.4	0.7	-17.0	17.7	
1.27734	-2.4	209	24.2	17.7	6.5	0.7	-17.0	17.7	
1.28125	-2.4	209	24.3	17.8	6.5	0.7	-17.1	17.8	
1.28516	-2.5	209	24.4	17.9	6.5	0.7	-17.2	17.9	
1.28906	-2.5	209	24.5	17.9	6.6	0.7	-17.2	17.9	
1.29297	-2.5	209	24.6	18.0	6.6	0.7	-17.3	18.0	
1.29688	-2.6	208	24.8	18.1	6.7	0.7	-17.4	18.1	
1.30078	-2.5	208	24.9	18.1	6.8	0.7	-17.4	18.1	
1.30469	-2.4	208	25.0	18.2	6.8	0.7	-17.5	18.2	
1.30859	-2.4	208	25.1	18.3	6.8	0.7	-17.6	18.3	
1.31250	-2.3	208	25.2	18.4	6.8	0.7	-17.7	18.4	
1.31641	-2.2	208	25.3	18.5	6.8	0.7	-17.8	18.5	
1.32031	-2.1	207	25.4	18.5	6.9	0.7	-17.8	18.5	
1.32422	-2.0	207	25.5	18.6	6.9	0.7	-17.9	18.6	
1.32812	-1.9	207	25.6	18.7	6.9	0.7	-18.0	18.7	
1.33203	-1.8	207	25.7	18.8	6.9	0.7	-18.1	18.8	
1.33594	-1.6	207	25.8	18.8	7.0	0.7	-18.1	18.8	
1.33984	-1.5	207	25.9	18.9	7.0	0.7	-18.2	18.9	
1.34375	-1.4	207	25.9	19.0	6.9	0.7	-18.3	19.0	
1.34766	-1.3	207	26.0	19.1	6.9	0.7	-18.4	19.1	
1.35156	-1.2	207	26.1	19.1	7.0	0.7	-18.4	19.1	
1.35547	-1.1	207	26.1	19.2	6.9	0.7	-18.5	19.2	
1.35938	-1.0	207	26.1	19.3	6.8	0.7	-18.6	19.3	
1.36328	-0.9	206	26.2	19.3	6.9	0.7	-18.6	19.3	
1.36719	-0.7	206	26.2	19.4	6.8	0.7	-18.7	19.4	
1.37109	-0.6	206	26.2	19.4	6.8	0.7	-18.7	19.4	
1.37500	-0.5	206	26.2	19.5	6.7	0.7	-18.8	19.5	
1.37891	-0.4	206	26.2	19.6	6.6	0.7	-18.9	19.6	
1.38281	-0.4	206	26.2	19.6	6.6	0.7	-18.9	19.6	
1.38672	-0.3	206	26.2	19.7	6.5	0.7	-19.0	19.7	
1.39062	-0.3	206	26.2	19.7	6.5	0.7	-19.0	19.7	
1.39453	-0.2	206	26.2	19.7	6.5	0.7	-19.0	19.7	
1.39844	-0.2	206	26.2	19.8	6.4	0.7	-19.1	19.8	
1.40234	-0.2	206	26.2	19.8	6.4	0.7	-19.1	19.8	
1.40625	-0.1	206	26.1	19.9	6.2	0.7	-19.2	19.9	
1.41016	-0.1	206	26.1	19.9	6.2	0.7	-19.2	19.9	
1.41406	-0.1	206	26.0	19.9	6.1	0.7	-19.2	19.9	
1.41797	-0.1	206	26.0	20.0	6.0	0.7	-19.3	20.0	
1.42188	-0.1	206	26.0	20.0	6.0	0.7	-19.3	20.0	
1.42578	-0.1	206	25.9	20.0	5.9	0.7	-19.3	20.0	
1.42969	-0.1	206	25.9	20.1	5.8	0.7	-19.4	20.1	
1.43359	-0.1	206	25.8	20.1	5.7	0.7	-19.4	20.1	
1.43750	-0.1	206	25.8	20.1	5.7	0.7	-19.4	20.1	
1.44141	-0.1	206	25.7	20.1	5.6	0.7	-19.4	20.1	
1.44531	-0.1	206	25.7	20.1	5.6	0.7	-19.4	20.1	
1.44922	-0.0	206	25.6	20.2	5.4	0.7	-19.5	20.2	
1.45312	0.0	206	25.6	20.2	5.4	0.7	-19.5	20.2	
1.45703	0.1	206	25.5	20.2	5.3	0.7	-19.5	20.2	
1.46094	0.1	206	25.5	20.2	5.3	0.7	-19.5	20.2	
1.46484	0.1	206	25.4	20.2	5.2	0.7	-19.5	20.2	
1.46875	0.1	206	25.3	20.2	5.1	0.7	-19.5	20.2	
1.47266	0.1	206	25.3	20.2	5.1	0.7	-19.5	20.2	
1.47656	0.1	206	25.2	20.2	5.0	0.7	-19.5	20.2	
1.48047	0.2	206	25.2	20.2	5.0	0.7	-19.5	20.2	
1.48438	0.2	206	25.1	20.2	4.9	0.7	-19.5	20.2	
1.48828	0.3	206	25.0	20.2	4.8	0.7	-19.5	20.2	
1.49219	0.3	206	25.0	20.2	4.8	0.7	-19.5	20.2	
1.49609	0.3	206	24.9	20.2	4.7	0.7	-19.5	20.2	
1.50000	0.4	206	24.8	20.2	4.6	0.7	-19.5	20.2	
1.50391	0.5	206	24.7	20.2	4.5	0.7	-19.5	20.2	
1.50781	0.5	206	24.7	20.1	4.6	0.7	-19.4	20.1	
1.51172	0.6	206	24.6	20.1	4.5	0.7	-19.4	20.1	
1.51562	0.7	206	24.5	20.1	4.4	0.7	-19.4	20.1	
1.51953	0.8	206	24.4	20.1	4.3	0.7	-19.4	20.1	
1.52344	0.9	207	24.3	20.0	4.3	0.7	-19.3	20.0	
1.52734	1.0	207	24.2	20.0	4.2	0.7	-19.3	20.0	
1.53125	1.1	207	24.1	20.0	4.1	0.7	-19.3	20.0	
1.53516	1.2	207	24.0	19.9	4.1	0.7	-19.2	19.9	
1.53906	1.3	207	23.9	19.9	4.0	0.7	-19.2	19.9	
1.54297	1.4	207	23.7	19.8	3.9	0.7	-19.1	19.8	
1.54688	1.5	207	23.6	19.8	3.8	0.7	-19.1	19.8	
1.55078	1.6	207	23.5	19.7	3.8	0.7	-19.0	19.7	
1.55469	1.7	207	23.4	19.7	3.7	0.7	-19.0	19.7	
1.55859	1.8	207	23.2	19.6	3.6	0.7	-18.9	19.6	
1.56250	1.8	207	23.1	19.6	3.5	0.7	-18.9	19.6	
1.56641	1.9	208	23.0	19.5	3.5	0.7	-18.8	19.5	
1.57031	1.9	208	22.9	19.4	3.5	0.7	-18.7	19.4	
1.57422	1.9	208	22.7	19.4	3.3	0.7	-18.7	19.4	
1.57812	1.9	208	22.6	19.3	3.3	0.7	-18.6	19.3	
1.58203	1.9	208	22.5	19.2	3.3	0.7	-18.5	19.2	
1.58594	1.9	208	22.3	19.2	3.1	0.7	-18.5	19.2	
1.58984	1.8	208	22.2	19.1	3.1	0.7	-18.4	19.1	
1.59375	1.7	208	22.1	19.0	3.1	0.7	-18.3	19.0	
1.59766	1.6	209	22.0	19.0	3.0	0.7	-18.3	19.0	
1.60156	1.6	209	21.9	18.9	3.0	0.7	-18.2	18.9	
1.60547	1.5	209	21.8	18.8	3.0	0.7	-18.1	18.8	
1.60938	1.5	209	21.6	18.8	2.8	0.7	-18.1	18.8	
1.61328	1.5	209	21.5	18.7	2.8	0.7	-18.0	18.7	
1.61719	1.5	209	21.4	18.6	2.8	0.7	-17.9	18.6	
1.62109	1.5	209	21.3	18.6	2.7	0.7	-17.9	18.6	
1.62500	1.5	209	21.2	18.5	2.7	0.7	-17.8	18.5	
1.62891	1.5	209	21.1	18.4	2.7	0.7	-17.7	18.4	
1.63281	1.6	209	21.0	18.4	2.6	0.7	-17.7	18.4	
1.63672	1.6	210	20.9	18.3	2.6	0.7	-17.6	18.3	
1.64062	1.7	210	20.8	18.2	2.6	0.7	-17.5	18.2	
1.64453	1.7	210	20.7	18.1	2.6	0.7	-17.4	18.1	
1.64844	1.7	210	20.5	18.0	2.5	0.7	-17.3	18.0	
1.65234	1.7	210	20.4	18.0	2.4	0.7	-17.3	18.0	
1.65625	1.7	210	20.3	17.9	2.4	0.7	-17.2	17.9	
1.66016	1.6	210	20.2	17.8	2.4	0.7	-17.1	17.8	
1.66406	1.5	210	20.1	17.7	2.4	0.7	-17.0	17.7	
1.66797	1.5	210	20.0	17.6	2.4	0.7	-16.9	17.6	
1.67188	1.3	210	19.9	17.6	2.3	0.7	-16.9	17.6	
1.67578	1.1	211	19.8	17.5	2.3	0.7	-16.8	17.5	
1.67969	1.0	211	19.8	17.4	2.4	0.7	-16.7	17.4	
1.68359	0.8	211	19.7	17.4	2.3	0.7	-16.7	17.4	
1.68750	0.5	211	19.6	17.3	2.3	0.7	-16.6	17.3	
1.69141	0.3	211	19.6	17.2	2.4	0.7	-16.5	17.2	
1.69531	0.1	211	19.6	17.2	2.4	0.7	-16.5	17.2	
1.69922	-0.0	211	19.5	17.1	2.4	0.7	-16.4	17.1	
1.70312	-0.2	211	19.5	17.1	2.4	0.7	-16.4	17.1	
1.70703	-0.3	211	19.5	17.0	2.5	0.7	-16.3	17.0	
1.71094	-0.4	211	19.5	17.0	2.5	0.7	-16.3	17.0	
1.71484	-0.5	211	19.5	16.9	2.6	0.7	-16.2	16.9	
1.71875	-0.6	211	19.5	16.9	2.6	0.7	-16.2	16.9	
1.72266	-0.6	211	19.5	16.8	2.7	0.7	-16.1	16.8	
1.72656	-0.6	211	19.6	16.8	2.8	0.7	-16.1	16.8	
1.73047	-0.6	210	19.6	16.8	2.8	0.7	-16.1	16.8	
1.73438	-0.6	210	19.6	16.8	2.8	0.7	-16.1	16.8	
1.73828	-0.6	210	19.6	16.7	2.9	0.7	-16.0	16.7	
1.74219	-0.5	210	19.7	16.7	3.0	0.7	-16.0	16.7	
1.74609	-0.5	210	19.7	16.7	3.0	0.7	-16.0	16.7	
1.75000	-0.5	210	19.8	16.7	3.1	0.7	-16.0	16.7	
1.75391	-0.5	210	19.8	16.6	3.2	0.7	-15.9	16.6	
1.75781	-0.4	210	19.8	16.6	3.2	0.7	-15.9	16.6	
1.76172	-0.4	210	19.8	16.6	3.2	0.7	-15.9	16.6	
1.76562	-0.4	210	19.9	16.6	3.3	0.8	-15.8	16.6	
1.76953	-0.3	210	19.9	16.6	3.3	0.8	-15.8	16.6	
1.77344	-0.3	210	19.9	16.5	3.4	0.8	-15.7	16.5	
1.77734	-0.3	210	19.9	16.5	3.4	0.8	-15.7	16.5	
1.78125	-0.3	210	19.9	16.5	3.4	0.8	-15.7	16.5	
1.78516	-0.3	210	19.9	16.5	3.4	0.8	-15.7	16.5	
1.78906	-0.3	210	19.9	16.5	3.4	0.8	-15.7	16.5	
1.79297	-0.3	210	19.9	16.5	3.4	0.8	-15.7	16.5	
1.79688	-0.3	210	19.9	16.5	3.4	0.8	-15.7	16.5	
1.80078	-0.3	210	19.9	16.5	3.4	0.8	-15.7	16.5	
1.80469	-0.3	210	19.9	16.4	3.5	0.8	-15.6	16.4	
1.80859	-0.3	210	19.9	16.4	3.5	0.8	-15.6	16.4	
1.81250	-0.3	210	19.9	16.4	3.5	0.8	-15.6	16.4	
1.81641	-0.3	210	19.9	16.4	3.5	0.8	-15.6	16.4	
1.82031	-0.3	210	19.9	16.4	3.5	0.8	-15.6	16.4	
1.82422	-0.3	210	19.9	16.4	3.5	0.8	-15.6	16.4	
1.82812	-0.3	210	19.9	16.4	3.5	0.8	-15.6	16.4	
1.83203	-0.3	210	19.9	16.4	3.5	0.8	-15.6	16.4	
1.83594	-0.2	210	19.9	16.4	3.5	0.8	-15.6	16.4	
1.83984	-0.2	210	19.9	16.3	3.6	0.8	-15.5	16.3	
1.84375	-0.2	210	19.8	16.3	3.5	0.8	-15.5	16.3	
1.84766	-0.2	210	19.8	16.3	3.5	0.8	-15.5	16.3	
1.85156	-0.2	210	19.8	16.3	3.5	0.8	-15.5	16.3	
1.85547	-0.1	210	19.8	16.3	3.5	0.8	-15.5	16.3	
1.85938	-0.2	210	19.7	16.3	3.4	0.8	-15.5	16.3	
1.86328	-0.2	210	19.7	16.3	3.4	0.8	-15.5	16.3	
1.86719	-0.2	210	19.7	16.2	3.5	0.8	-15.4	16.2	
1.87109	-0.2	210	19.6	16.2	3.4	0.8	-15.4	16.2	
1.87500	-0.2	210	19.6	16.2	3.4	0.8	-15.4	16.2	
1.87891	-0.2	210	19.6	16.2	3.4	0.8	-15.4	16.2	
1.88281	-0.2	210	19.6	16.2	3.4	0.8	-15.4	16.2	
1.88672	-0.2	210	19.6	16.2	3.4	0.8	-15.4	16.2	
1.89062	-0.2	210	19.5	16.2	3.3	0.8	-15.4	16.2	
1.89453	-0.2	210	19.5	16.2	3.3	0.8	-15.4	16.2	
1.89844	-0.2	210	19.5	16.1	3.4	0.8	-15.3	16.1	
1.90234	-0.3	210	19.5	16.1	3.4	0.8	-15.3	16.1	
1.90625	-0.3	210	19.5	16.1	3.4	0.8	-15.3	16.1	
1.91016	-0.3	210	19.4	16.1	3.3	0.8	-15.3	16.1	
1.91406	-0.3	210	19.4	16.1	3.3	0.8	-15.3	16.1	
1.91797	-0.3	210	19.4	16.1	3.3	0.8	-15.3	16.1	
1.92188	-0.3	210	19.4	16.0	3.4	0.8	-15.2	16.0	
1.92578	-0.3	210	19.4	16.0	3.4	0.8	-15.2	16.0	
1.92969	-0.3	209	19.4	16.0	3.4	0.8	-15.2	16.0	
1.93359	-0.4	209	19.4	16.0	3.4	0.8	-15.2	16.0	
1.93750	-0.4	209	19.4	16.0	3.4	0.8	-15.2	16.0	
1.94141	-0.3	209	19.4	16.0	3.4	0.8	-15.2	16.0	
1.94531	-0.4	209	19.4	16.0	3.4	0.8	-15.2	16.0	
1.94922	-0.4	209	19.4	16.0	3.4	0.8	-15.2	16.0	
1.95312	-0.3	209	19.4	16.0	3.4	0.8	-15.2	16.0	
1.95703	-0.3	209	19.4	16.0	3.4	0.8	-15.2	16.0	
1.96094	-0.3	209	19.4	16.0	3.4	0.8	-15.2	16.0	
1.96484	-0.3	209	19.4	15.9	3.5	0.8	-15.1	15.9	
1.96875	-0.3	209	19.4	15.9	3.5	0.8	-15.1	15.9	
1.97266	-0.3	209	19.3	15.9	3.4	0.8	-15.1	15.9	
1.97656	-0.3	209	19.3	15.9	3.4	0.8	-15.1	15.9	
1.98047	-0.2	209	19.3	15.9	3.4	0.8	-15.1	15.9	
1.98438	-0.2	209	19.3	15.8	3.5	0.8	-15.0	15.8	
1.98828	-0.2	209	19.3	15.8	3.5	0.8	-15.0	15.8	
1.99219	-0.2	209	19.2	15.8	3.4	0.8	-15.0	15.8	
1.99609	-0.2	209	19.2	15.8	3.4	0.8	-15.0	15.8	
2.00000	-0.2	209	19.2	15.7	3.5	0.8	-14.9	15.7	
2.00391	-0.2	209	19.2	15.7	3.5	0.8	-14.9	15.7	
2.00781	-0.3	209	19.2	15.7	3.5	0.8	-14.9	15.7	
2.01172	-0.3	209	19.2	15.7	3.5	0.8	-14.9	15.7	
2.01562	-0.3	209	19.2	15.7	3.5	0.8	-14.9	15.7	
2.01953	-0.3	209	19.2	15.7	3.5	0.8	-14.9	15.7	
2.02344	-0.4	209	19.2	15.7	3.5	0.8	-14.9	15.7	
2.02734	-0.4	209	19.2	15.6	3.6	0.8	-14.8	15.6	
2.03125	-0.5	209	19.2	15.6	3.6	0.8	-14.8	15.6	
2.03516	-0.5	209	19.2	15.6	3.6	0.8	-14.8	15.6	
2.03906	-0.6	209	19.2	15.6	3.6	0.8	-14.8	15.6	
2.04297	-0.6	209	19.3	15.6	3.7	0.8	-14.8	15.6	
2.04688	-0.7	209	19.3	15.6	3.7	0.8	-14.8	15.6	
2.05078	-0.7	209	19.4	15.6	3.8	0.8	-14.8	15.6	
2.05469	-0.7	209	19.4	15.6	3.8	0.8	-14.8	15.6	
2.05859	-0.8	209	19.5	15.6	3.9	0.8	-14.8	15.6	
2.06250	-0.7	209	19.5	15.6	3.9	0.8	-14.8	15.6	
2.06641	-0.8	209	19.6	15.6	4.0	0.8	-14.8	15.6	
2.07031	-0.7	209	19.6	15.6	4.0	0.8	-14.8	15.6	
2.07422	-0.7	208	19.7	15.6	4.1	0.8	-14.8	15.6	
2.07812	-0.7	208	19.7	15.6	4.1	0.8	-14.8	15.6	
2.08203	-0.6	208	19.8	15.6	4.2	0.8	-14.8	15.6	
2.08594	-0.6	208	19.8	15.6	4.2	0.8	-14.8	15.6	
2.08984	-0.6	208	19.8	15.6	4.2	0.8	-14.8	15.6	
2.09375	-0.5	208	19.9	15.6	4.3	0.8	-14.8	15.6	
2.09766	-0.4	208	19.9	15.6	4.3	0.8	-14.8	15.6	
2.10156	-0.4	208	19.9	15.6	4.3	0.8	-14.8	15.6	
2.10547	-0.4	208	19.9	15.6	4.3	0.8	-14.8	15.6	
2.10938	-0.4	208	19.9	15.6	4.3	0.8	-14.8	15.6	
2.11328	-0.3	208	19.9	15.6	4.3	0.8	-14.8	15.6	
2.11719	-0.3	208	19.9	15.6	4.3	0.8	-14.8	15.6	
2.12109	-0.3	208	19.9	15.6	4.3	0.8	-14.8	15.6	
2.12500	-0.3	208	19.9	15.6	4.3	0.8	-14.8	15.6	
2.12891	-0.3	208	19.9	15.6	4.3	0.8	-14.8	15.6	
2.13281	-0.3	208	19.9	15.6	4.3	0.8	-14.8	15.6	
2.13672	-0.3	208	19.9	15.6	4.3	0.8	-14.8	15.6	
2.14062	-0.3	208	19.9	15.6	4.3	0.8	-14.8	15.6	
2.14453	-0.3	208	19.9	15.7	4.2	0.8	-14.9	15.7	
2.14844	-0.3	208	19.9	15.6	4.3	0.8	-14.8	15.6	
2.15234	-0.4	208	19.9	15.6	4.3	0.8	-14.8	15.6	
2.15625	-0.4	208	19.9	15.6	4.3	0.8	-14.8	15.6	
2.16016	-0.4	208	19.9	15.6	4.3	0.8	-14.8	15.6	
2.16406	-0.4	208	19.9	15.6	4.3	0.8	-14.8	15.6	
2.16797	-0.4	208	19.9	15.6	4.3	0.8	-14.8	15.6	
2.17188	-0.4	208	19.9	15.6	4.3	0.8	-14.8	15.6	
2.17578	-0.4	208	19.9	15.7	4.2	0.8	-14.9	15.7	
2.17969	-0.5	208	19.9	15.6	4.3	0.8	-14.8	15.6	
2.18359	-0.5	208	19.9	15.6	4.3	0.8	-14.8	15.6	
2.18750	-0.4	208	19.9	15.7	4.2	0.8	-14.9	15.7	
2.19141	-0.4	208	20.0	15.6	4.4	0.8	-14.8	15.6	
2.19531	-0.4	208	20.0	15.6	4.4	0.8	-14.8	15.6	
2.19922	-0.4	208	20.0	15.7	4.3	0.8	-14.9	15.7	
2.20312	-0.4	208	20.0	15.7	4.3	0.8	-14.9	15.7	
2.20703	-0.4	208	20.0	15.7	4.3	0.8	-14.9	15.7	
2.21094	-0.4	208	20.0	15.7	4.3	0.8	-14.9	15.7	
2.21484	-0.4	208	20.0	15.7	4.3	0.8	-14.9	15.7	
2.21875	-0.4	208	20.0	15.7	4.3	0.8	-14.9	15.7	
2.22266	-0.4	207	20.0	15.7	4.3	0.8	-14.9	15.7	
2.22656	-0.3	207	20.0	15.7	4.3	0.8	-14.9	15.7	
2.23047	-0.3	207	20.0	15.7	4.3	0.8	-14.9	15.7	
2.23438	-0.3	207	20.0	15.7	4.3	0.8	-14.9	15.7	
2.23828	-0.3	207	20.0	15.7	4.3	0.8	-14.9	15.7	
2.24219	-0.3	207	20.0	15.7	4.3	0.8	-14.9	15.7	
2.24609	-0.3	207	20.0	15.7	4.3	0.8	-14.9	15.7	
2.25000	-0.2	207	19.9	15.7	4.2	0.8	-14.9	15.7	
2.25391	-0.2	207	19.9	15.7	4.2	0.8	-14.9	15.7	
2.25781	-0.2	207	19.9	15.7	4.2	0.8	-14.9	15.7	
2.26172	-0.2	207	19.8	15.7	4.1	0.8	-14.9	15.7	
2.26562	-0.2	207	19.8	15.7	4.1	0.8	-14.9	15.7	
2.26953	-0.2	207	19.8	15.7	4.1	0.8	-14.9	15.7	
2.27344	-0.2	207	19.8	15.7	4.1	0.8	-14.9	15.7	
2.27734	-0.2	207	19.8	15.7	4.1	0.8	-14.9	15.7	
2.28125	-0.2	207	19.7	15.7	4.0	0.8	-14.9	15.7	
2.28516	-0.3	207	19.7	15.7	4.0	0.8	-14.9	15.7	
2.28906	-0.2	207	19.7	15.7	4.0	0.8	-14.9	15.7	
2.29297	-0.2	207	19.7	15.7	4.0	0.8	-14.9	15.7	
2.29688	-0.3	207	19.7	15.7	4.0	0.8	-14.9	15.7	
2.30078	-0.3	207	19.6	15.7	3.9	0.8	-14.9	15.7	
2.30469	-0.3	207	19.6	15.7	3.9	0.8	-14.9	15.7	
2.30859	-0.3	207	19.6	15.7	3.9	0.8	-14.9	15.7	
2.31250	-0.3	207	19.6	15.7	3.9	0.8	-14.9	15.7	
2.31641	-0.3	207	19.6	15.7	3.9	0.8	-14.9	15.7	
2.32031	-0.3	207	19.6	15.7	3.9	0.8	-14.9	15.7	
2.32422	-0.4	207	19.6	15.7	3.9	0.8	-14.9	15.7	
2.32812	-0.3	207	19.6	15.7	3.9	0.8	-14.9	15.7	
2.33203	-0.3	207	19.6	15.7	3.9	0.8	-14.9	15.7	
2.33594	-0.3	207	19.6	15.7	3.9	0.8	-14.9	15.7	
2.33984	-0.3	207	19.6	15.7	3.9	0.8	-14.9	15.7	
2.34375	-0.3	207	19.6	15.7	3.9	0.8	-14.9	15.7	
2.34766	-0.3	207	19.5	15.7	3.8	0.8	-14.9	15.7	
2.35156	-0.3	207	19.5	15.7	3.8	0.8	-14.9	15.7	
2.35547	-0.3	207	19.5	15.7	3.8	0.8	-14.9	15.7	
2.35938	-0.3	207	19.5	15.7	3.8	0.8	-14.9	15.7	
2.36328	-0.3	207	19.5	15.7	3.8	0.8	-14.9	15.7	
2.36719	-0.3	207	19.5	15.7	3.8	0.8	-14.9	15.7	
2.37109	-0.3	207	19.5	15.7	3.8	0.8	-14.9	15.7	
2.37500	-0.3	207	19.5	15.7	3.8	0.8	-14.9	15.7	
2.37891	-0.3	207	19.4	15.7	3.7	0.8	-14.9	15.7	
2.38281	-0.3	207	19.4	15.7	3.7	0.8	-14.9	15.7	
2.38672	-0.3	207	19.4	15.7	3.7	0.8	-14.9	15.7	
2.39062	-0.3	207	19.4	15.7	3.7	0.8	-14.9	15.7	
2.39453	-0.3	207	19.4	15.7	3.7	0.8	-14.9	15.7	
2.39844	-0.3	207	19.4	15.7	3.7	0.8	-14.9	15.7	
2.40234	-0.4	207	19.4	15.7	3.7	0.8	-14.9	15.7	
2.40625	-0.4	207	19.4	15.7	3.7	0.8	-14.9	15.7	
2.41016	-0.4	207	19.4	15.7	3.7	0.8	-14.9	15.7	
2.41406	-0.4	207	19.4	15.7	3.7	0.8	-14.9	15.7	
2.41797	-0.4	207	19.4	15.7	3.7	0.8	-14.9	15.7	
2.42188	-0.4	207	19.4	15.7	3.7	0.8	-14.9	15.7	
2.42578	-0.4	206	19.4	15.7	3.7	0.8	-14.9	15.7	
2.42969	-0.4	206	19.5	15.7	3.8	0.8	-14.9	15.7	
2.43359	-0.4	206	19.5	15.7	3.8	0.8	-14.9	15.7	
2.43750	-0.4	206	19.5	15.7	3.8	0.8	-14.9	15.7	
2.44141	-0.4	206	19.5	15.7	3.8	0.8	-14.9	15.7	
2.44531	-0.4	206	19.5	15.7	3.8	0.8	-14.9	15.7	
2.44922	-0.4	206	19.5	15.7	3.8	0.8	-14.9	15.7	
2.45312	-0.3	206	19.5	15.7	3.8	0.8	-14.9	15.7	
2.45703	-0.4	206	19.5	15.7	3.8	0.8	-14.9	15.7	
2.46094	-0.4	206	19.5	15.7	3.8	0.8	-14.9	15.7	
2.46484	-0.4	206	19.5	15.7	3.8	0.8	-14.9	15.7	
2.46875	-0.4	206	19.5	15.7	3.8	0.8	-14.9	15.7	
2.47266	-0.4	206	19.5	15.7	3.8	0.8	-14.9	15.7	
2.47656	-0.3	206	19.5	15.7	3.8	0.8	-14.9	15.7	
2.48047	-0.4	206	19.5	15.7	3.8	0.8	-14.9	15.7	
2.48438	-0.4	206	19.5	15.7	3.8	0.8	-14.9	15.7	
2.48828	-0.4	206	19.5	15.7	3.8	0.8	-14.9	15.7	
2.49219	-0.4	206	19.6	15.7	3.9	0.8	-14.9	15.7	
2.49609	-0.3	206	19.5	15.7	3.8	0.8	-14.9	15.7	
2.50000	-0.3	206	19.5	15.7	3.8	0.8	-14.9	15.7	
2.50391	-0.4	206	19.6	15.8	3.8	0.8	-15.0	15.8	
2.50781	-0.4	206	19.6	15.7	3.9	0.8	-14.9	15.7	
2.51172	-0.4	206	19.5	15.8	3.7	0.8	-15.0	15.8	
2.51562	-0.4	206	19.5	15.8	3.7	0.8	-15.0	15.8	
2.51953	-0.4	206	19.6	15.7	3.9	0.8	-14.9	15.7	
2.52344	-0.4	206	19.6	15.8	3.8	0.8	-15.0	15.8	
2.52734	-0.4	206	19.6	15.8	3.8	0.8	-15.0	15.8	
2.53125	-0.3	206	19.6	15.8	3.8	0.8	-15.0	15.8	
2.53516	-0.4	206	19.6	15.8	3.8	0.8	-15.0	15.8	
2.53906	-0.3	206	19.6	15.8	3.8	0.8	-15.0	15.8	
2.54297	-0.3	206	19.6	15.7	3.9	0.8	-14.9	15.7	
2.54688	-0.4	206	19.6	15.7	3.9	0.8	-14.9	15.7	
2.55078	-0.3	206	19.6	15.8	3.8	0.8	-15.0	15.8	
2.55469	-0.4	206	19.6	15.8	3.8	0.8	-15.0	15.8	
2.55859	-0.4	206	19.6	15.8	3.8	0.8	-15.0	15.8	
2.56250	-0.4	206	19.6	15.8	3.8	0.8	-15.0	15.8	
2.56641	-0.4	206	19.6	15.8	3.8	0.8	-15.0	15.8	
2.57031	-0.4	206	19.6	15.8	3.8	0.8	-15.0	15.8	
2.57422	-0.4	206	19.6	15.8	3.8	0.8	-15.0	15.8	
2.57812	-0.4	206	19.6	15.8	3.8	0.8	-15.0	15.8	
2.58203	-0.4	206	19.6	15.8	3.8	0.8	-15.0	15.8	
2.58594	-0.4	205	19.6	15.8	3.8	0.8	-15.0	15.8	
2.58984	-0.4	205	19.6	15.8	3.8	0.8	-15.0	15.8	
2.59375	-0.3	205	19.6	15.8	3.8	0.8	-15.0	15.8	
2.59766	-0.3	205	19.6	15.8	3.8	0.8	-15.0	15.8	
2.60156	-0.4	205	19.6	15.8	3.8	0.8	-15.0	15.8	
2.60547	-0.3	205	19.6	15.8	3.8	0.8	-15.0	15.8	
2.60938	-0.4	205	19.6	15.8	3.8	0.8	-15.0	15.8	
2.61328	-0.4	205	19.6	15.8	3.8	0.8	-15.0	15.8	
2.61719	-0.4	205	19.6	15.8	3.8	0.8	-15.0	15.8	
2.62109	-0.3	205	19.6	15.8	3.8	0.8	-15.0	15.8	
2.62500	-0.4	205	19.6	15.8	3.8	0.8	-15.0	15.8	
2.62891	-0.4	205	19.6	15.8	3.8	0.8	-15.0	15.8	
2.63281	-0.4	205	19.6	15.8	3.8	0.8	-15.0	15.8	
2.63672	-0.4	205	19.6	15.8	3.8	0.8	-15.0	15.8	
2.64062	-0.4	205	19.6	15.8	3.8	0.8	-15.0	15.8	
2.64453	-0.4	205	19.6	15.8	3.8	0.8	-15.0	15.8	
2.64844	-0.4	205	19.6	15.8	3.8	0.8	-15.0	15.8	
2.65234	-0.4	205	19.6	15.7	3.9	0.8	-14.9	15.7	
2.65625	-0.4	205	19.6	15.7	3.9	0.8	-14.9	15.7	
2.66016	-0.4	205	19.6	15.7	3.9	0.8	-14.9	15.7	
2.66406	-0.4	205	19.6	15.7	3.9	0.8	-14.9	15.7	
2.66797	-0.3	205	19.6	15.7	3.9	0.8	-14.9	15.7	
2.67188	-0.4	205	19.6	15.7	3.9	0.8	-14.9	15.7	
2.67578	-0.4	205	19.6	15.7	3.9	0.8	-14.9	15.7	
2.67969	-0.4	205	19.7	15.7	4.0	0.8	-14.9	15.7	
2.68359	-0.4	205	19.7	15.7	4.0	0.8	-14.9	15.7	
2.68750	-0.4	205	19.7	15.7	4.0	0.8	-14.9	15.7	
2.69141	-0.4	205	19.7	15.7	4.0	0.8	-14.9	15.7	
2.69531	-0.4	205	19.7	15.7	4.0	0.8	-14.9	15.7	
2.69922	-0.4	205	19.7	15.7	4.0	0.8	-14.9	15.7	
2.70312	-0.4	205	19.7	15.7	4.0	0.8	-14.9	15.7	
2.70703	-0.4	205	19.7	15.7	4.0	0.8	-14.9	15.7	
2.71094	-0.4	205	19.8	15.7	4.1	0.8	-14.9	15.7	
2.71484	-0.4	205	19.8	15.7	4.1	0.8	-14.9	15.7	
2.71875	-0.4	205	19.8	15.7	4.1	0.8	-14.9	15.7	
2.72266	-0.4	205	19.8	15.7	4.1	0.8	-14.9	15.7	
2.72656	-0.4	205	19.8	15.7	4.1	0.8	-14.9	15.7	
2.73047	-0.4	205	19.8	15.7	4.1	0.8	-14.9	15.7	
2.73438	-0.4	205	19.8	15.7	4.1	0.8	-14.9	15.7	
2.73828	-0.4	204	19.8	15.7	4.1	0.8	-14.9	15.7	
2.74219	-0.4	204	19.9	15.7	4.2	0.8	-14.9	15.7	
2.74609	-0.4	204	19.9	15.8	4.1	0.8	-15.0	15.8	
2.75000	-0.3	204	19.9	15.8	4.1	0.8	-15.0	15.8	
2.75391	-0.4	204	19.9	15.8	4.1	0.8	-15.0	15.8	
2.75781	-0.4	204	19.9	15.8	4.1	0.8	-15.0	15.8	
2.76172	-0.4	204	19.9	15.8	4.1	0.8	-15.0	15.8	
2.76562	-0.4	204	19.9	15.8	4.1	0.8	-15.0	15.8	
2.76953	-0.4	204	19.9	15.8	4.1	0.8	-15.0	15.8	
2.77344	-0.4	204	19.9	15.8	4.1	0.8	-15.0	15.8	
2.77734	-0.4	204	19.9	15.8	4.1	0.8	-15.0	15.8	
2.78125	-0.4	204	19.9	15.9	4.0	0.8	-15.1	15.9	
2.78516	-0.4	204	20.0	15.9	4.1	0.8	-15.1	15.9	
2.78906	-0.4	204	19.9	15.9	4.0	0.8	-15.1	15.9	
2.79297	-0.4	204	20.0	15.9	4.1	0.8	-15.1	15.9	
2.79688	-0.4	204	20.0	15.9	4.1	0.8	-15.1	15.9	
2.80078	-0.4	204	20.0	15.9	4.1	0.8	-15.1	15.9	
2.80469	-0.4	204	20.0	15.9	4.1	0.8	-15.1	15.9	
2.80859	-0.4	204	20.0	15.9	4.1	0.8	-15.1	15.9	
2.81250	-0.4	204	20.0	16.0	4.0	0.8	-15.2	16.0	
2.81641	-0.5	204	20.1	16.0	4.1	0.8	-15.2	16.0	
2.82031	-0.4	204	20.1	16.0	4.1	0.8	-15.2	16.0	
2.82422	-0.4	204	20.1	16.0	4.1	0.8	-15.2	16.0	
2.82812	-0.5	204	20.1	16.0	4.1	0.8	-15.2	16.0	
2.83203	-0.5	204	20.2	16.0	4.2	0.8	-15.2	16.0	
2.83594	-0.4	204	20.2	16.1	4.1	0.8	-15.3	16.1	
2.83984	-0.4	204	20.2	16.1	4.1	0.8	-15.3	16.1	
2.84375	-0.4	204	20.2	16.1	4.1	0.8	-15.3	16.1	
2.84766	-0.4	204	20.2	16.1	4.1	0.8	-15.3	16.1	
2.85156	-0.4	204	20.2	16.1	4.1	0.8	-15.3	16.1	
2.85547	-0.4	204	20.2	16.1	4.1	0.8	-15.3	16.1	
2.85938	-0.4	204	20.2	16.1	4.1	0.8	-15.3	16.1	
2.86328	-0.4	204	20.3	16.1	4.2	0.8	-15.3	16.1	
2.86719	-0.4	204	20.3	16.1	4.2	0.8	-15.3	16.1	
2.87109	-0.4	204	20.3	16.1	4.2	0.8	-15.3	16.1	
2.87500	-0.4	204	20.3	16.1	4.2	0.8	-15.3	16.1	
2.87891	-0.4	204	20.3	16.1	4.2	0.8	-15.3	16.1	
2.88281	-0.4	204	20.3	16.1	4.2	0.8	-15.3	16.1	
2.88672	-0.5	203	20.3	16.1	4.2	0.8	-15.3	16.1	
2.89062	-0.6	203	20.4	16.1	4.3	0.8	-15.3	16.1	
2.89453	-0.7	203	20.4	16.1	4.3	0.8	-15.3	16.1	
2.89844	-0.7	203	20.4	16.1	4.3	0.8	-15.3	16.1	
2.90234	-0.8	203	20.5	16.2	4.3	0.8	-15.4	16.2	
2.90625	-1.0	203	20.6	16.2	4.4	0.8	-15.4	16.2	
2.91016	-1.3	203	20.7	16.2	4.5	0.8	-15.4	16.2	
2.91406	-1.6	203	20.7	16.2	4.5	0.8	-15.4	16.2	
2.91797	-1.8	203	20.8	16.3	4.5	0.8	-15.5	16.3	
2.92188	-2.1	203	21.0	16.3	4.7	0.8	-15.5	16.3	
2.92578	-2.4	203	21.1	16.3	4.8	0.8	-15.5	16.3	
2.92969	-2.7	202	21.2	16.4	4.8	0.8	-15.6	16.4	
2.93359	-3.0	202	21.4	16.4	5.0	0.8	-15.6	16.4	
2.93750	-3.2	202	21.6	16.5	5.1	0.8	-15.7	16.5	
2.94141	-3.5	202	21.7	16.5	5.2	0.8	-15.7	16.5	
2.94531	-3.7	202	21.9	16.6	5.3	0.8	-15.8	16.6	
2.94922	-3.8	201	22.1	16.6	5.5	0.8	-15.8	16.6	
2.95312	-4.0	201	22.3	16.7	5.6	0.8	-15.9	16.7	
2.95703	-4.0	201	22.4	16.8	5.6	0.8	-16.0	16.8	
2.96094	-4.0	201	22.6	16.8	5.8	0.8	-16.0	16.8	
2.96484	-4.0	200	22.8	16.9	5.9	0.8	-16.1	16.9	
2.96875	-3.9	200	23.0	16.9	6.1	0.8	-16.1	16.9	
2.97266	-3.8	200	23.1	17.0	6.1	0.8	-16.2	17.0	
2.97656	-3.6	200	23.3	17.1	6.2	0.8	-16.3	17.1	
2.98047	-3.4	199	23.4	17.2	6.2	0.8	-16.4	17.2	
2.98438	-3.3	199	23.6	17.2	6.4	0.8	-16.4	17.2	
2.98828	-3.1	199	23.7	17.3	6.4	0.8	-16.5	17.3	
2.99219	-2.9	199	23.9	17.4	6.5	0.8	-16.6	17.4	
2.99609	-2.7	199	24.0	17.5	6.5	0.8	-16.7	17.5	
3.00000	-2.6	198	24.1	17.5	6.6	0.8	-16.7	17.5	
3.00391	-2.6	198	24.2	17.6	6.6	0.8	-16.8	17.6	
3.00781	-2.5	198	24.4	17.7	6.7	0.8	-16.9	17.7	
3.01172	-2.5	198	24.5	17.8	6.7	0.8	-17.0	17.8	
3.01562	-2.5	198	24.6	17.9	6.7	0.8	-17.1	17.9	
3.01953	-2.5	198	24.7	17.9	6.8	0.8	-17.1	17.9	
3.02344	-2.6	197	24.8	18.0	6.8	0.8	-17.2	18.0	
3.02734	-2.8	197	25.0	18.1	6.9	0.8	-17.3	18.1	
3.03125	-2.9	197	25.1	18.2	6.9	0.8	-17.4	18.2	
3.03516	-3.1	197	25.3	18.3	7.0	0.8	-17.5	18.3	
3.03906	-3.3	197	25.4	18.3	7.1	0.8	-17.5	18.3	
3.04297	-3.4	196	25.6	18.4	7.2	0.8	-17.6	18.4	
3.04688	-3.5	196	25.7	18.5	7.2	0.8	-17.7	18.5	
3.05078	-3.6	196	25.9	18.6	7.3	0.8	-17.8	18.6	
3.05469	-3.6	196	26.0	18.7	7.3	0.8	-17.9	18.7	
3.05859	-3.8	195	26.2	18.8	7.4	0.8	-18.0	18.8	
3.06250	-3.8	195	26.4	18.9	7.5	0.8	-18.1	18.9	
3.06641	-3.9	195	26.5	19.0	7.5	0.8	-18.2	19.0	
3.07031	-3.8	195	26.7	19.0	7.7	0.8	-18.2	19.0	
3.07422	-3.9	194	26.9	19.2	7.7	0.8	-18.4	19.2	
3.07812	-3.9	194	27.0	19.2	7.8	0.8	-18.4	19.2	
3.08203	-3.9	194	27.2	19.4	7.8	0.8	-18.6	19.4	
3.08594	-3.9	194	27.4	19.5	7.9	0.8	-18.7	19.5	
3.08984	-3.8	193	27.5	19.5	8.0	0.8	-18.7	19.5	
3.09375	-3.7	193	27.7	19.7	8.0	0.8	-18.9	19.7	
3.09766	-3.7	193	27.8	19.8	8.0	0.8	-19.0	19.8	
3.10156	-3.6	193	28.0	19.9	8.1	0.8	-19.1	19.9	
3.10547	-3.4	192	28.1	20.0	8.1	0.8	-19.2	20.0	
3.10938	-3.3	192	28.2	20.1	8.1	0.8	-19.3	20.1	
3.11328	-3.1	192	28.3	20.2	8.1	0.8	-19.4	20.2	
3.11719	-2.8	192	28.5	20.3	8.2	0.8	-19.5	20.3	
3.12109	-2.7	192	28.6	20.4	8.2	0.8	-19.6	20.4	
3.12500	-2.4	192	28.7	20.5	8.2	0.8	-19.7	20.5	
3.12891	-2.1	191	28.8	20.6	8.2	0.8	-19.8	20.6	
3.13281	-1.9	191	28.9	20.7	8.2	0.8	-19.9	20.7	
3.13672	-1.6	191	28.9	20.8	8.1	0.8	-20.0	20.8	
3.14062	-1.4	191	29.0	20.9	8.1	0.8	-20.1	20.9	
3.14453	-1.2	191	29.0	21.0	8.0	0.8	-20.2	21.0	
3.14844	-1.0	191	29.1	21.1	8.0	0.8	-20.3	21.1	
3.15234	-0.9	191	29.1	21.2	7.9	0.8	-20.4	21.2	
3.15625	-0.7	191	29.2	21.2	8.0	0.8	-20.4	21.2	
3.16016	-0.7	191	29.2	21.3	7.9	0.8	-20.5	21.3	
3.16406	-0.6	191	29.2	21.4	7.8	0.8	-20.6	21.4	
3.16797	-0.5	191	29.2	21.5	7.7	0.8	-20.7	21.5	
3.17188	-0.5	191	29.3	21.6	7.7	0.8	-20.8	21.6	
3.17578	-0.5	191	29.3	21.6	7.7	0.8	-20.8	21.6	
3.17969	-0.5	191	29.3	21.7	7.6	0.8	-20.9	21.7	
3.18359	-0.5	191	29.3	21.8	7.5	0.8	-21.0	21.8	
3.18750	-0.4	191	29.3	21.8	7.5	0.8	-21.0	21.8	
3.19141	-0.4	191	29.3	21.9	7.4	0.8	-21.1	21.9	
3.19531	-0.4	191	29.3	22.0	7.3	0.8	-21.2	22.0	
3.19922	-0.3	191	29.3	22.0	7.3	0.8	-21.2	22.0	
3.20312	-0.2	191	29.3	22.1	7.2	0.8	-21.3	22.1	
3.20703	-0.1	191	29.3	22.1	7.2	0.8	-21.3	22.1	
3.21094	-0.0	191	29.2	22.2	7.0	0.8	-21.4	22.2	
3.21484	0.1	191	29.2	22.2	7.0	0.8	-21.4	22.2	
3.21875	0.3	191	29.1	22.3	6.8	0.8	-21.5	22.3	
3.22266	0.5	191	29.0	22.3	6.7	0.8	-21.5	22.3	
3.22656	0.7	191	28.9	22.3	6.6	0.8	-21.5	22.3	
3.23047	1.0	191	28.8	22.4	6.4	0.8	-21.6	22.4	
3.23438	1.2	191	28.7	22.4	6.3	0.8	-21.6	22.4	
3.23828	1.3	191	28.6	22.4	6.2	0.8	-21.6	22.4	
3.24219	1.4	191	28.5	22.4	6.1	0.8	-21.6	22.4	
3.24609	1.6	191	28.3	22.4	5.9	0.8	-21.6	22.4	
3.25000	1.6	191	28.2	22.4	5.8	0.8	-21.6	22.4	
3.25391	1.7	191	28.1	22.4	5.7	0.8	-21.6	22.4	
3.25781	1.6	191	27.9	22.4	5.5	0.8	-21.6	22.4	
3.26172	1.6	191	27.8	22.4	5.4	0.8	-21.6	22.4	
3.26562	1.6	192	27.6	22.4	5.2	0.8	-21.6	22.4	
3.26953	1.6	192	27.5	22.4	5.1	0.8	-21.6	22.4	
3.27344	1.6	192	27.4	22.3	5.1	0.8	-21.5	22.3	
3.27734	1.6	192	27.2	22.3	4.9	0.8	-21.5	22.3	
3.28125	1.7	192	27.1	22.3	4.8	0.8	-21.5	22.3	
3.28516	1.8	192	26.9	22.2	4.7	0.8	-21.4	22.2	
3.28906	2.0	192	26.8	22.2	4.6	0.8	-21.4	22.2	
3.29297	2.3	192	26.6	22.1	4.5	0.8	-21.3	22.1	
3.29688	2.5	193	26.5	22.1	4.4	0.8	-21.3	22.1	
3.30078	2.8	193	26.3	22.0	4.3	0.8	-21.2	22.0	
3.30469	3.1	193	26.1	21.9	4.2	0.8	-21.1	21.9	
3.30859	3.4	193	25.9	21.9	4.0	0.8	-21.1	21.9	
3.31250	3.6	193	25.7	21.8	3.9	0.8	-21.0	21.8	
3.31641	3.9	194	25.5	21.7	3.8	0.8	-20.9	21.7	
3.32031	4.0	194	25.3	21.6	3.7	0.8	-20.8	21.6	
3.32422	4.1	194	25.0	21.5	3.5	0.8	-20.7	21.5	
3.32812	4.2	194	24.8	21.4	3.4	0.8	-20.6	21.4	
3.33203	4.2	195	24.6	21.3	3.3	0.8	-20.5	21.3	
3.33594	4.1	195	24.4	21.2	3.2	0.8	-20.4	21.2	
3.33984	4.1	195	24.2	21.1	3.1	0.8	-20.3	21.1	
3.34375	4.0	196	24.0	21.0	3.0	0.8	-20.2	21.0	
3.34766	3.8	196	23.8	20.9	2.9	0.8	-20.1	20.9	
3.35156	3.6	196	23.6	20.8	2.8	0.8	-20.0	20.8	
3.35547	3.4	196	23.4	20.7	2.7	0.8	-19.9	20.7	
3.35938	3.1	196	23.3	20.6	2.7	0.8	-19.8	20.6	
3.36328	2.9	197	23.1	20.5	2.6	0.8	-19.7	20.5	
3.36719	2.6	197	23.0	20.4	2.6	0.8	-19.6	20.4	
3.37109	2.3	197	22.8	20.3	2.5	0.8	-19.5	20.3	
3.37500	2.0	197	22.7	20.2	2.5	0.8	-19.4	20.2	
3.37891	1.7	197	22.6	20.1	2.5	0.8	-19.3	20.1	
3.38281	1.5	197	22.5	20.0	2.5	0.8	-19.2	20.0	
3.38672	1.3	197	22.4	19.9	2.5	0.8	-19.1	19.9	
3.39062	1.1	197	22.3	19.9	2.4	0.8	-19.1	19.9	
3.39453	0.9	197	22.3	19.8	2.5	0.8	-19.0	19.8	
3.39844	0.7	198	22.2	19.7	2.5	0.8	-18.9	19.7	
3.40234	0.6	198	22.1	19.6	2.5	0.8	-18.8	19.6	
3.40625	0.5	198	22.0	19.5	2.5	0.8	-18.7	19.5	
3.41016	0.5	198	21.9	19.4	2.5	0.8	-18.6	19.4	
3.41406	0.5	198	21.9	19.4	2.5	0.8	-18.6	19.4	
3.41797	0.6	198	21.8	19.3	2.5	0.8	-18.5	19.3	
3.42188	0.7	198	21.7	19.2	2.5	0.8	-18.4	19.2	
3.42578	0.8	198	21.6	19.1	2.5	0.8	-18.3	19.1	
3.42969	1.0	198	21.6	19.0	2.6	0.8	-18.2	19.0	
3.43359	1.1	198	21.5	19.0	2.5	0.8	-18.2	19.0	
3.43750	1.3	198	21.4	18.9	2.5	0.8	-18.1	18.9	
3.44141	1.3	198	21.3	18.8	2.5	0.8	-18.0	18.8	
3.44531	1.3	198	21.2	18.7	2.5	0.8	-17.9	18.7	
3.44922	1.3	198	21.1	18.6	2.5	0.8	-17.8	18.6	
3.45312	1.3	198	21.0	18.6	2.4	0.8	-17.8	18.6	
3.45703	1.2	198	20.9	18.5	2.4	0.8	-17.7	18.5	
3.46094	1.1	198	20.8	18.4	2.4	0.8	-17.6	18.4	
3.46484	0.9	199	20.8	18.3	2.5	0.8	-17.5	18.3	
3.46875	0.8	199	20.7	18.3	2.4	0.8	-17.5	18.3	
3.47266	0.7	199	20.6	18.2	2.4	0.8	-17.4	18.2	
3.47656	0.5	199	20.6	18.2	2.4	0.8	-17.4	18.2	
3.48047	0.3	199	20.5	18.1	2.4	0.8	-17.3	18.1	
3.48438	0.1	199	20.5	18.0	2.5	0.8	-17.2	18.0	
3.48828	0.0	199	20.5	17.9	2.6	0.8	-17.1	17.9	
3.49219	-0.1	199	20.4	17.9	2.5	0.8	-17.1	17.9	
3.49609	-0.1	199	20.4	17.8	2.6	0.8	-17.0	17.8	
3.50000	-0.2	199	20.4	17.8	2.6	0.8	-17.0	17.8	
3.50391	-0.2	199	20.3	17.7	2.6	0.8	-16.9	17.7	
3.50781	-0.2	199	20.3	17.7	2.6	0.8	-16.9	17.7	
3.51172	-0.2	199	20.3	17.6	2.7	0.8	-16.8	17.6	
3.51562	-0.1	199	20.3	17.6	2.7	0.8	-16.8	17.6	
3.51953	-0.1	199	20.2	17.5	2.7	0.8	-16.7	17.5	
3.52344	-0.0	199	20.2	17.5	2.7	0.8	-16.7	17.5	
3.52734	0.0	199	20.2	17.4	2.8	0.8	-16.6	17.4	
3.53125	0.1	199	20.1	17.4	2.7	0.8	-16.6	17.4	
3.53516	0.1	199	20.1	17.3	2.8	0.8	-16.5	17.3	
3.53906	0.1	199	20.0	17.3	2.7	0.8	-16.5	17.3	
3.54297	0.1	199	20.0	17.2	2.8	0.8	-16.4	17.2	
3.54688	0.1	199	19.9	17.2	2.7	0.8	-16.4	17.2	
3.55078	0.1	199	19.9	17.1	2.8	0.8	-16.3	17.1	
3.55469	0.0	199	19.9	17.0	2.9	0.8	-16.2	17.0	
3.55859	-0.1	199	19.9	17.0	2.9	0.8	-16.2	17.0	
3.56250	-0.1	199	19.8	17.0	2.8	0.8	-16.2	17.0	
3.56641	-0.2	199	19.8	16.9	2.9	0.8	-16.1	16.9	
3.57031	-0.3	199	19.8	16.9	2.9	0.8	-16.1	16.9	
3.57422	-0.3	199	19.8	16.8	3.0	0.8	-16.0	16.8	
3.57812	-0.3	199	19.8	16.8	3.0	0.8	-16.0	16.8	
3.58203	-0.3	199	19.8	16.8	3.0	0.8	-16.0	16.8	
3.58594	-0.4	199	19.8	16.8	3.0	0.8	-16.0	16.8	
3.58984	-0.4	199	19.8	16.7	3.1	0.8	-15.9	16.7	
3.59375	-0.5	198	19.8	16.7	3.1	0.8	-15.9	16.7	
3.59766	-0.5	198	19.9	16.7	3.2	0.8	-15.9	16.7	
3.60156	-0.4	198	19.9	16.7	3.2	0.8	-15.9	16.7	
3.60547	-0.4	198	19.9	16.6	3.3	0.8	-15.8	16.6	
3.60938	-0.4	198	19.9	16.6	3.3	0.8	-15.8	16.6	
3.61328	-0.4	198	19.9	16.6	3.3	0.8	-15.8	16.6	
3.61719	-0.3	198	19.9	16.6	3.3	0.8	-15.8	16.6	
3.62109	-0.3	198	19.9	16.6	3.3	0.8	-15.8	16.6	
3.62500	-0.3	198	19.9	16.5	3.4	0.8	-15.7	16.5	
3.62891	-0.3	198	19.9	16.5	3.4	0.8	-15.7	16.5	
3.63281	-0.3	198	19.9	16.5	3.4	0.8	-15.7	16.5	
3.63672	-0.3	198	19.9	16.5	3.4	0.8	-15.7	16.5	
3.64062	-0.2	198	19.9	16.5	3.4	0.8	-15.7	16.5	
3.64453	-0.2	198	19.9	16.5	3.4	0.8	-15.7	16.5	
3.64844	-0.2	198	19.9	16.4	3.5	0.8	-15.6	16.4	
3.65234	-0.2	198	19.8	16.4	3.4	0.8	-15.6	16.4	
3.65625	-0.2	198	19.8	16.4	3.4	0.8	-15.6	16.4	
3.66016	-0.3	198	19.8	16.4	3.4	0.8	-15.6	16.4	
3.66406	-0.2	198	19.8	16.4	3.4	0.8	-15.6	16.4	
3.66797	-0.2	198	19.7	16.4	3.3	0.8	-15.6	16.4	
3.67188	-0.3	198	19.7	16.4	3.3	0.8	-15.6	16.4	
3.67578	-0.3	198	19.7	16.3	3.4	0.8	-15.5	16.3	
3.67969	-0.3	198	19.7	16.3	3.4	0.8	-15.5	16.3	
3.68359	-0.3	198	19.7	16.3	3.4	0.8	-15.5	16.3	
3.68750	-0.3	198	19.7	16.3	3.4	0.8	-15.5	16.3	
3.69141	-0.3	198	19.7	16.3	3.4	0.8	-15.5	16.3	
3.69531	-0.3	198	19.7	16.3	3.4	0.8	-15.5	16.3	
3.69922	-0.3	198	19.7	16.3	3.4	0.8	-15.5	16.3	
3.70312	-0.4	198	19.6	16.2	3.4	0.8	-15.4	16.2	
3.70703	-0.4	198	19.6	16.2	3.4	0.8	-15.4	16.2	
3.71094	-0.3	198	19.6	16.2	3.4	0.8	-15.4	16.2	
3.71484	-0.3	198	19.6	16.2	3.4	0.8	-15.4	16.2	
3.71875	-0.3	198	19.6	16.2	3.4	0.8	-15.4	16.2	
3.72266	-0.3	198	19.6	16.2	3.4	0.8	-15.4	16.2	
3.72656	-0.3	198	19.6	16.2	3.4	0.8	-15.4	16.2	
3.73047	-0.3	198	19.6	16.2	3.4	0.8	-15.4	16.2	
3.73438	-0.2	198	19.6	16.2	3.4	0.8	-15.4	16.2	
3.73828	-0.2	198	19.6	16.1	3.5	0.8	-15.3	16.1	
3.74219	-0.1	198	19.5	16.1	3.4	0.8	-15.3	16.1	
3.74609	-0.1	198	19.5	16.1	3.4	0.8	-15.3	16.1	
3.75000	-0.1	198	19.5	16.1	3.4	0.8	-15.3	16.1	
3.75391	-0.0	198	19.5	16.0	3.5	0.8	-15.2	16.0	
3.75781	0.0	198	19.4	16.0	3.4	0.8	-15.2	16.0	
3.76172	0.1	198	19.4	16.0	3.4	0.8	-15.2	16.0	
3.76562	0.0	198	19.3	15.9	3.4	0.8	-15.1	15.9	
3.76953	0.0	198	19.3	15.9	3.4	0.8	-15.1	15.9	
3.77344	0.1	198	19.3	15.9	3.4	0.8	-15.1	15.9	
3.77734	0.0	198	19.2	15.9	3.3	0.8	-15.1	15.9	
3.78125	-0.0	198	19.2	15.8	3.4	0.8	-15.0	15.8	
3.78516	-0.1	198	19.2	15.8	3.4	0.8	-15.0	15.8	
3.78906	-0.2	198	19.1	15.8	3.3	0.8	-15.0	15.8	
3.79297	-0.2	198	19.1	15.8	3.3	0.8	-15.0	15.8	
3.79688	-0.3	198	19.1	15.7	3.4	0.8	-14.9	15.7	
3.80078	-0.3	198	19.1	15.7	3.4	0.8	-14.9	15.7	
3.80469	-0.4	198	19.1	15.7	3.4	0.8	-14.9	15.7	
3.80859	-0.4	198	19.1	15.7	3.4	0.8	-14.9	15.7	
3.81250	-0.5	198	19.2	15.7	3.5	0.8	-14.9	15.7	
3.81641	-0.6	198	19.2	15.7	3.5	0.8	-14.9	15.7	
3.82031	-0.6	198	19.2	15.7	3.5	0.8	-14.9	15.7	
3.82422	-0.7	197	19.3	15.6	3.7	0.8	-14.8	15.6	
3.82812	-0.7	197	19.3	15.6	3.7	0.8	-14.8	15.6	
3.83203	-0.7	197	19.4	15.6	3.8	0.8	-14.8	15.6	
3.83594	-0.7	197	19.4	15.6	3.8	0.8	-14.8	15.6	
3.83984	-0.7	197	19.4	15.6	3.8	0.8	-14.8	15.6	
3.84375	-0.7	197	19.5	15.6	3.9	0.8	-14.8	15.6	
3.84766	-0.6	197	19.5	15.6	3.9	0.8	-14.8	15.6	
3.85156	-0.6	197	19.6	15.6	4.0	0.8	-14.8	15.6	
3.85547	-0.6	197	19.6	15.6	4.0	0.8	-14.8	15.6	
3.85938	-0.6	197	19.7	15.6	4.1	0.8	-14.8	15.6	
3.86328	-0.5	197	19.7	15.6	4.1	0.8	-14.8	15.6	
3.86719	-0.5	197	19.7	15.6	4.1	0.8	-14.8	15.6	
3.87109	-0.4	197	19.8	15.6	4.2	0.8	-14.8	15.6	
3.87500	-0.4	197	19.8	15.6	4.2	0.8	-14.8	15.6	
3.87891	-0.4	197	19.8	15.6	4.2	0.8	-14.8	15.6	
3.88281	-0.4	197	19.8	15.6	4.2	0.8	-14.8	15.6	
3.88672	-0.3	197	19.8	15.6	4.2	0.8	-14.8	15.6	
3.89062	-0.3	197	19.8	15.6	4.2	0.8	-14.8	15.6	
3.89453	-0.3	197	19.8	15.6	4.2	0.8	-14.8	15.6	
3.89844	-0.3	197	19.8	15.6	4.2	0.8	-14.8	15.6	
3.90234	-0.3	197	19.8	15.6	4.2	0.8	-14.8	15.6	
3.90625	-0.3	197	19.8	15.6	4.2	0.8	-14.8	15.6	
3.91016	-0.3	197	19.8	15.6	4.2	0.8	-14.8	15.6	
3.91406	-0.3	197	19.8	15.6	4.2	0.8	-14.8	15.6	
3.91797	-0.4	197	19.8	15.6	4.2	0.8	-14.8	15.6	
3.92188	-0.3	197	19.8	15.6	4.2	0.8	-14.8	15.6	
3.92578	-0.3	197	19.8	15.6	4.2	0.8	-14.8	15.6	
3.92969	-0.3	197	19.8	15.6	4.2	0.8	-14.8	15.6	
3.93359	-0.4	197	19.8	15.6	4.2	0.8	-14.8	15.6	
3.93750	-0.4	197	19.8	15.6	4.2	0.8	-14.8	15.6	
3.94141	-0.4	197	19.8	15.6	4.2	0.8	-14.8	15.6	
3.94531	-0.4	197	19.8	15.6	4.2	0.8	-14.8	15.6	
3.94922	-0.4	197	19.9	15.6	4.3	0.8	-14.8	15.6	
3.95312	-0.4	197	19.9	15.6	4.3	0.8	-14.8	15.6	
3.95703	-0.4	197	19.8	15.6	4.2	0.8	-14.8	15.6	
3.96094	-0.3	196	19.9	15.6	4.3	0.8	-14.8	15.6	
3.96484	-0.4	196	19.9	15.6	4.3	0.8	-14.8	15.6	
3.96875	-0.4	196	19.9	15.6	4.3	0.8	-14.8	15.6	
3.97266	-0.4	196	19.9	15.6	4.3	0.8	-14.8	15.6	
3.97656	-0.4	196	19.9	15.6	4.3	0.8	-14.8	15.6	
3.98047	-0.4	196	19.9	15.6	4.3	0.8	-14.8	15.6	
3.98438	-0.4	196	19.9	15.6	4.3	0.8	-14.8	15.6	
3.98828	-0.4	196	19.9	15.6	4.3	0.8	-14.8	15.6	
3.99219	-0.3	196	19.9	15.6	4.3	0.8	-14.8	15.6	
3.99609	-0.4	196	19.9	15.6	4.3	0.8	-14.8	15.6	
4.00000	-0.4	196	19.9	15.6	4.3	0.8	-14.8	15.6	
4.00391	-0.3	196	19.9	15.7	4.2	0.8	-14.9	15.7	
4.00781	-0.3	196	19.9	15.7	4.2	0.8	-14.9	15.7	
4.01172	-0.3	196	19.9	15.7	4.2	0.8	-14.9	15.7	
4.01562	-0.2	196	19.9	15.7	4.2	0.8	-14.9	15.7	
4.01953	-0.2	196	19.9	15.7	4.2	0.8	-14.9	15.7	
4.02344	-0.2	196	19.8	15.6	4.2	0.8	-14.8	15.6	
4.02734	-0.2	196	19.8	15.6	4.2	0.8	-14.8	15.6	
4.03125	-0.2	196	19.8	15.6	4.2	0.8	-14.8	15.6	
4.03516	-0.1	196	19.8	15.6	4.2	0.8	-14.8	15.6	
4.03906	-0.2	196	19.7	15.6	4.1	0.8	-14.8	15.6	
4.04297	-0.2	196	19.7	15.6	4.1	0.8	-14.8	15.6	
4.04688	-0.2	196	19.7	15.6	4.1	0.8	-14.8	15.6	
4.05078	-0.2	196	19.7	15.6	4.1	0.8	-14.8	15.6	
4.05469	-0.2	196	19.6	15.6	4.0	0.8	-14.8	15.6	
4.05859	-0.3	196	19.6	15.6	4.0	0.8	-14.8	15.6	
4.06250	-0.3	196	19.6	15.6	4.0	0.8	-14.8	15.6	
4.06641	-0.3	196	19.6	15.6	4.0	0.8	-14.8	15.6	
4.07031	-0.3	196	19.6	15.6	4.0	0.8	-14.8	15.6	
4.07422	-0.4	196	19.5	15.6	3.9	0.8	-14.8	15.6	
4.07812	-0.4	196	19.6	15.7	3.9	0.8	-14.9	15.7	
4.08203	-0.3	196	19.6	15.6	4.0	0.8	-14.8	15.6	
4.08594	-0.4	196	19.5	15.6	3.9	0.8	-14.8	15.6	
4.08984	-0.4	196	19.5	15.6	3.9	0.8	-14.8	15.6	
4.09375	-0.4	196	19.5	15.6	3.9	0.8	-14.8	15.6	
4.09766	-0.4	196	19.5	15.6	3.9	0.8	-14.8	15.6	
4.10156	-0.3	196	19.5	15.6	3.9	0.8	-14.8	15.6	
4.10547	-0.3	196	19.5	15.6	3.9	0.8	-14.8	15.6	
4.10938	-0.3	196	19.5	15.7	3.8	0.8	-14.9	15.7	
4.11328	-0.3	196	19.5	15.7	3.8	0.8	-14.9	15.7	
4.11719	-0.3	196	19.5	15.6	3.9	0.8	-14.8	15.6	
4.12109	-0.3	196	19.5	15.7	3.8	0.8	-14.9	15.7	
4.12500	-0.3	196	19.5	15.7	3.8	0.8	-14.9	15.7	
4.12891	-0.3	196	19.5	15.7	3.8	0.8	-14.9	15.7	
4.13281	-0.3	196	19.5	15.7	3.8	0.8	-14.9	15.7	
4.13672	-0.3	196	19.5	15.7	3.8	0.8	-14.9	15.7	
4.14062	-0.2	196	19.4	15.7	3.7	0.8	-14.9	15.7	
4.14453	-0.2	196	19.4	15.7	3.7	0.8	-14.9	15.7	
4.14844	-0.3	196	19.4	15.7	3.7	0.8	-14.9	15.7	
4.15234	-0.3	196	19.4	15.6	3.8	0.8	-14.8	15.6	
4.15625	-0.3	196	19.4	15.6	3.8	0.8	-14.8	15.6	
4.16016	-0.3	195	19.4	15.7	3.7	0.8	-14.9	15.7	
4.16406	-0.3	195	19.4	15.7	3.7	0.8	-14.9	15.7	
4.16797	-0.3	195	19.4	15.6	3.8	0.8	-14.8	15.6	
4.17188	-0.3	195	19.4	15.6	3.8	0.8	-14.8	15.6	
4.17578	-0.4	195	19.4	15.6	3.8	0.8	-14.8	15.6	
4.17969	-0.4	195	19.3	15.6	3.7	0.8	-14.8	15.6	
4.18359	-0.4	195	19.4	15.6	3.8	0.8	-14.8	15.6	
4.18750	-0.4	195	19.4	15.6	3.8	0.8	-14.8	15.6	
4.19141	-0.4	195	19.4	15.6	3.8	0.8	-14.8	15.6	
4.19531	-0.4	195	19.4	15.6	3.8	0.8	-14.8	15.6	
4.19922	-0.3	195	19.3	15.6	3.7	0.8	-14.8	15.6	
4.20312	-0.4	195	19.3	15.6	3.7	0.8	-14.8	15.6	
4.20703	-0.4	195	19.3	15.6	3.7	0.8	-14.8	15.6	
4.21094	-0.4	195	19.3	15.6	3.7	0.8	-14.8	15.6	
4.21484	-0.4	195	19.3	15.6	3.7	0.8	-14.8	15.6	
4.21875	-0.4	195	19.3	15.6	3.7	0.8	-14.8	15.6	
4.22266	-0.4	195	19.3	15.6	3.7	0.8	-14.8	15.6	
4.22656	-0.3	195	19.3	15.6	3.7	0.8	-14.8	15.6	
4.23047	-0.4	195	19.3	15.6	3.7	0.8	-14.8	15.6	
4.23438	-0.4	195	19.3	15.6	3.7	0.8	-14.8	15.6	
4.23828	-0.4	195	19.3	15.6	3.7	0.8	-14.8	15.6	
4.24219	-0.4	195	19.3	15.6	3.7	0.8	-14.8	15.6	
4.24609	-0.4	195	19.3	15.6	3.7	0.8	-14.8	15.6	
4.25000	-0.4	195	19.3	15.6	3.7	0.8	-14.8	15.6	
4.25391	-0.4	195	19.3	15.6	3.7	0.8	-14.8	15.6	
4.25781	-0.4	195	19.3	15.6	3.7	0.8	-14.8	15.6	
4.26172	-0.4	195	19.3	15.6	3.7	0.8	-14.8	15.6	
4.26562	-0.4	195	19.3	15.6	3.7	0.8	-14.8	15.6	
4.26953	-0.4	195	19.3	15.6	3.7	0.8	-14.8	15.6	
4.27344	-0.4	195	19.3	15.6	3.7	0.8	-14.8	15.6	
4.27734	-0.4	195	19.3	15.6	3.7	0.8	-14.8	15.6	
4.28125	-0.3	195	19.3	15.6	3.7	0.8	-14.8	15.6	
4.28516	-0.3	195	19.3	15.6	3.7	0.8	-14.8	15.6	
4.28906	-0.3	195	19.3	15.6	3.7	0.8	-14.8	15.6	
4.29297	-0.4	195	19.3	15.6	3.7	0.8	-14.8	15.6	
4.29688	-0.4	195	19.3	15.6	3.7	0.8	-14.8	15.6	
4.30078	-0.4	195	19.4	15.6	3.8	0.8	-14.8	15.6	
4.30469	-0.3	195	19.4	15.6	3.8	0.8	-14.8	15.6	
4.30859	-0.3	195	19.4	15.6	3.8	0.8	-14.8	15.6	
4.31250	-0.3	195	19.4	15.6	3.8	0.8	-14.8	15.6	
4.31641	-0.3	195	19.4	15.6	3.8	0.8	-14.8	15.6	
4.32031	-0.3	194	19.4	15.6	3.8	0.8	-14.8	15.6	
4.32422	-0.3	194	19.4	15.6	3.8	0.8	-14.8	15.6	
4.32812	-0.3	194	19.4	15.6	3.8	0.8	-14.8	15.6	
4.33203	-0.4	194	19.4	15.6	3.8	0.8	-14.8	15.6	
4.33594	-0.4	194	19.4	15.6	3.8	0.8	-14.8	15.6	
4.33984	-0.3	194	19.4	15.6	3.8	0.8	-14.8	15.6	
4.34375	-0.3	194	19.4	15.6	3.8	0.8	-14.8	15.6	
4.34766	-0.4	194	19.4	15.6	3.8	0.8	-14.8	15.6	
4.35156	-0.4	194	19.4	15.6	3.8	0.8	-14.8	15.6	
4.35547	-0.4	194	19.4	15.6	3.8	0.8	-14.8	15.6	
4.35938	-0.4	194	19.4	15.6	3.8	0.8	-14.8	15.6	
4.36328	-0.3	194	19.4	15.6	3.8	0.8	-14.8	15.6	
