FluxView - FluxMed acquisition system
Signal file
Serial Number	:
W version:	1.20h-OX-CO2	File version:	1.13
Sampling rate:	256 Hz
Time	Flow	Volume	Paw	Pes	Ptpulm	Pga	Ptdiaf	CO2	
0.00391	-0.5	10224	14.6	14.7	-0.1	14.7	0.0	14.7	
0.00781	-0.2	10224	14.6	14.8	-0.2	14.8	0.0	14.8	
0.01172	-0.0	10224	14.7	14.7	0.0	14.7	0.0	14.7	
0.01562	-0.1	10224	14.8	14.8	0.0	14.8	0.0	14.8	
0.01953	-0.2	10224	14.7	14.8	-0.1	14.8	0.0	14.8	
0.02344	-0.4	10224	14.7	14.9	-0.2	14.9	0.0	14.9	
0.02734	-0.6	10224	14.6	14.8	-0.2	14.8	0.0	14.8	
0.03125	-0.6	10224	14.6	14.9	-0.3	14.9	0.0	14.9	
0.03516	-0.4	10224	14.6	15.0	-0.4	15.0	0.0	15.0	
0.03906	-0.2	10224	14.7	14.9	-0.2	14.9	0.0	14.9	
0.04297	-0.1	10224	14.7	14.9	-0.2	14.9	0.0	14.9	
0.04688	0.0	10224	14.8	15.0	-0.2	15.0	0.0	15.0	
0.05078	-0.2	10224	14.8	14.9	-0.1	14.9	0.0	14.9	
0.05469	-0.4	10224	14.7	15.0	-0.3	15.0	0.0	15.0	
0.05859	-0.5	10224	14.8	15.0	-0.2	15.0	0.0	15.0	
0.06250	-0.7	10224	14.7	15.0	-0.3	15.0	0.0	15.0	
0.06641	-0.6	10224	14.7	15.0	-0.3	15.0	0.0	15.0	
0.07031	-0.3	10224	14.7	15.0	-0.3	15.0	0.0	15.0	
0.07422	-0.3	10224	14.8	15.0	-0.2	15.0	0.0	15.0	
0.07812	-0.2	10224	14.8	15.1	-0.3	15.1	0.0	15.1	
0.08203	-0.2	10224	14.9	15.1	-0.2	15.1	0.0	15.1	
0.08594	-0.2	10224	14.9	15.1	-0.2	15.1	0.0	15.1	
0.08984	-0.3	10224	14.9	15.1	-0.2	15.1	0.0	15.1	
0.09375	-0.4	10224	14.9	15.1	-0.2	15.1	0.0	15.1	
0.09766	-0.3	10224	14.9	15.2	-0.3	15.2	0.0	15.2	
0.10156	-0.2	10224	14.8	15.2	-0.4	15.2	0.0	15.2	
0.10547	-0.5	10224	14.9	15.1	-0.2	15.1	0.0	15.1	
0.10938	-0.6	10224	14.9	15.2	-0.3	15.2	0.0	15.2	
0.11328	-0.4	10224	14.9	15.2	-0.3	15.2	0.0	15.2	
0.11719	-0.3	10224	14.9	15.2	-0.3	15.2	0.0	15.2	
0.12109	-0.2	10224	15.0	15.2	-0.2	15.2	0.0	15.2	
0.12500	-0.2	10224	14.9	15.3	-0.4	15.3	0.0	15.3	
0.12891	-0.4	10223	15.0	15.3	-0.3	15.3	0.0	15.3	
0.13281	-0.4	10223	15.0	15.3	-0.3	15.3	0.0	15.3	
0.13672	-0.4	10223	14.9	15.3	-0.4	15.3	0.0	15.3	
0.14062	-0.4	10223	14.9	15.3	-0.4	15.3	0.0	15.3	
0.14453	-0.2	10223	15.0	15.3	-0.3	15.3	0.0	15.3	
0.14844	-0.2	10223	15.0	15.3	-0.3	15.3	0.0	15.3	
0.15234	-0.3	10223	15.0	15.3	-0.3	15.3	0.0	15.3	
0.15625	-0.2	10223	15.0	15.3	-0.3	15.3	0.0	15.3	
0.16016	-0.3	10223	15.0	15.3	-0.3	15.3	0.0	15.3	
0.16406	-0.4	10223	15.0	15.3	-0.3	15.3	0.0	15.3	
0.16797	-0.4	10223	15.0	15.3	-0.3	15.3	0.0	15.3	
0.17188	-0.4	10223	15.0	15.4	-0.4	15.4	0.0	15.4	
0.17578	-0.3	10223	14.9	15.4	-0.5	15.4	0.0	15.4	
0.17969	-0.1	10223	14.9	15.4	-0.5	15.4	0.0	15.4	
0.18359	-0.1	10223	14.9	15.4	-0.5	15.4	0.0	15.4	
0.18750	-0.2	10223	14.9	15.4	-0.5	15.4	0.0	15.4	
0.19141	-0.3	10223	15.0	15.3	-0.3	15.3	0.0	15.3	
0.19531	-0.3	10223	15.0	15.4	-0.4	15.4	0.0	15.4	
0.19922	-0.3	10223	14.9	15.4	-0.5	15.4	0.0	15.4	
0.20312	-0.3	10223	14.9	15.3	-0.4	15.3	0.0	15.3	
0.20703	-0.3	10223	14.9	15.3	-0.4	15.3	0.0	15.3	
0.21094	-0.3	10223	14.8	15.3	-0.5	15.3	0.0	15.3	
0.21484	-0.4	10223	14.8	15.3	-0.5	15.3	0.0	15.3	
0.21875	-0.3	10223	14.8	15.3	-0.5	15.3	0.0	15.3	
0.22266	-0.3	10223	14.9	15.3	-0.4	15.3	0.0	15.3	
0.22656	-0.4	10223	14.8	15.3	-0.5	15.3	0.0	15.3	
0.23047	-0.2	10223	14.8	15.3	-0.5	15.3	0.0	15.3	
0.23438	-0.2	10223	14.8	15.3	-0.5	15.3	0.0	15.3	
0.23828	-0.4	10223	14.8	15.3	-0.5	15.3	0.0	15.3	
0.24219	-0.3	10223	14.8	15.3	-0.5	15.3	0.0	15.3	
0.24609	-0.3	10223	14.9	15.3	-0.4	15.3	0.0	15.3	
0.25000	-0.2	10223	14.8	15.2	-0.4	15.2	0.0	15.2	
0.25391	-0.2	10223	14.8	15.2	-0.4	15.2	0.0	15.2	
0.25781	-0.4	10223	14.9	15.3	-0.4	15.3	0.0	15.3	
0.26172	-0.4	10223	14.8	15.3	-0.5	15.3	0.0	15.3	
0.26562	-0.4	10223	14.9	15.3	-0.4	15.3	0.0	15.3	
0.26953	-0.3	10223	14.9	15.3	-0.4	15.3	0.0	15.3	
0.27344	-0.3	10223	14.9	15.2	-0.3	15.2	0.0	15.2	
0.27734	-0.3	10223	14.9	15.2	-0.3	15.2	0.0	15.2	
0.28125	-0.3	10223	15.0	15.2	-0.2	15.2	0.0	15.2	
0.28516	-0.3	10223	14.9	15.3	-0.4	15.3	0.0	15.3	
0.28906	-0.3	10223	14.9	15.3	-0.4	15.3	0.0	15.3	
0.29297	-0.2	10223	14.9	15.2	-0.3	15.2	0.0	15.2	
0.29688	-0.2	10223	14.9	15.2	-0.3	15.2	0.0	15.2	
0.30078	-0.3	10223	14.9	15.3	-0.4	15.3	0.0	15.3	
0.30469	-0.1	10223	14.9	15.2	-0.3	15.2	0.0	15.2	
0.30859	-0.2	10223	14.9	15.2	-0.3	15.2	0.0	15.2	
0.31250	-0.4	10223	14.8	15.3	-0.5	15.3	0.0	15.3	
0.31641	-0.3	10223	14.8	15.2	-0.4	15.2	0.0	15.2	
0.32031	-0.2	10223	14.9	15.2	-0.3	15.2	0.0	15.2	
0.32422	-0.2	10223	14.8	15.3	-0.5	15.3	0.0	15.3	
0.32812	-0.3	10223	14.8	15.3	-0.5	15.3	0.0	15.3	
0.33203	-0.3	10223	14.8	15.2	-0.4	15.2	0.0	15.2	
0.33594	-0.3	10222	14.8	15.2	-0.4	15.2	0.0	15.2	
0.33984	-0.4	10222	14.8	15.2	-0.4	15.2	0.0	15.2	
0.34375	-0.3	10222	14.8	15.2	-0.4	15.2	0.0	15.2	
0.34766	-0.2	10222	14.8	15.2	-0.4	15.2	0.0	15.2	
0.35156	-0.4	10222	14.7	15.2	-0.5	15.2	0.0	15.2	
0.35547	-0.4	10222	14.7	15.2	-0.5	15.2	0.0	15.2	
0.35938	-0.4	10222	14.7	15.2	-0.5	15.2	0.0	15.2	
0.36328	-0.4	10222	14.7	15.2	-0.5	15.2	0.0	15.2	
0.36719	-0.3	10222	14.7	15.2	-0.5	15.2	0.0	15.2	
0.37109	-0.3	10222	14.8	15.2	-0.4	15.2	0.0	15.2	
0.37500	-0.3	10222	14.8	15.2	-0.4	15.2	0.0	15.2	
0.37891	-0.3	10222	14.8	15.2	-0.4	15.2	0.0	15.2	
0.38281	-0.4	10222	14.8	15.2	-0.4	15.2	0.0	15.2	
0.38672	-0.4	10222	14.8	15.2	-0.4	15.2	0.0	15.2	
0.39062	-0.5	10222	14.8	15.2	-0.4	15.2	0.0	15.2	
0.39453	-0.3	10222	14.8	15.2	-0.4	15.2	0.0	15.2	
0.39844	-0.3	10222	14.8	15.2	-0.4	15.2	0.0	15.2	
0.40234	-0.5	10222	14.8	15.3	-0.5	15.3	0.0	15.3	
0.40625	-0.2	10222	14.8	15.2	-0.4	15.2	0.0	15.2	
0.41016	-0.1	10222	14.8	15.2	-0.4	15.2	0.0	15.2	
0.41406	-0.3	10222	14.8	15.2	-0.4	15.2	0.0	15.2	
0.41797	-0.3	10222	14.9	15.2	-0.3	15.2	0.0	15.2	
0.42188	-0.3	10222	14.9	15.1	-0.2	15.1	0.0	15.1	
0.42578	-0.4	10222	14.8	15.2	-0.4	15.2	0.0	15.2	
0.42969	-0.2	10222	14.8	15.2	-0.4	15.2	0.0	15.2	
0.43359	-0.2	10222	14.9	15.2	-0.3	15.2	0.0	15.2	
0.43750	-0.3	10222	14.8	15.2	-0.4	15.2	0.0	15.2	
0.44141	-0.4	10222	14.9	15.2	-0.3	15.2	0.0	15.2	
0.44531	-0.3	10222	14.9	15.2	-0.3	15.2	0.0	15.2	
0.44922	-0.3	10222	14.9	15.2	-0.3	15.2	0.0	15.2	
0.45312	-0.3	10222	14.9	15.2	-0.3	15.2	0.0	15.2	
0.45703	-0.2	10222	14.9	15.2	-0.3	15.2	0.0	15.2	
0.46094	-0.4	10222	14.8	15.2	-0.4	15.2	0.0	15.2	
0.46484	-0.4	10222	14.8	15.2	-0.4	15.2	0.0	15.2	
0.46875	-0.2	10222	14.9	15.2	-0.3	15.2	0.0	15.2	
0.47266	-0.3	10222	14.9	15.2	-0.3	15.2	0.0	15.2	
0.47656	-0.4	10222	14.9	15.2	-0.3	15.2	0.0	15.2	
0.48047	-0.3	10222	14.9	15.2	-0.3	15.2	0.0	15.2	
0.48438	-0.3	10222	14.9	15.2	-0.3	15.2	0.0	15.2	
0.48828	-0.3	10222	14.9	15.2	-0.3	15.2	0.0	15.2	
0.49219	-0.3	10222	14.9	15.2	-0.3	15.2	0.0	15.2	
0.49609	-0.3	10222	14.9	15.2	-0.3	15.2	0.0	15.2	
0.50000	-0.3	10222	14.9	15.2	-0.3	15.2	0.0	15.2	
0.50391	-0.3	10222	14.8	15.2	-0.4	15.2	0.0	15.2	
0.50781	-0.2	10222	14.9	15.2	-0.3	15.2	0.0	15.2	
0.51172	-0.2	10222	14.9	15.2	-0.3	15.2	0.0	15.2	
0.51562	-0.3	10222	14.9	15.2	-0.3	15.2	0.0	15.2	
0.51953	-0.3	10222	14.9	15.2	-0.3	15.2	0.0	15.2	
0.52344	-0.2	10222	14.9	15.2	-0.3	15.2	0.0	15.2	
0.52734	-0.3	10221	14.9	15.2	-0.3	15.2	0.0	15.2	
0.53125	-0.2	10221	14.9	15.2	-0.3	15.2	0.0	15.2	
0.53516	-0.3	10221	14.9	15.2	-0.3	15.2	0.0	15.2	
0.53906	-0.4	10221	14.9	15.1	-0.2	15.1	0.0	15.1	
0.54297	-0.3	10221	14.9	15.2	-0.3	15.2	0.0	15.2	
0.54688	-0.3	10221	15.0	15.1	-0.1	15.1	0.0	15.1	
0.55078	-0.4	10221	15.0	15.2	-0.2	15.2	0.0	15.2	
0.55469	-0.3	10221	14.9	15.2	-0.3	15.2	0.0	15.2	
0.55859	-0.3	10221	14.9	15.1	-0.2	15.1	0.0	15.1	
0.56250	-0.4	10221	15.0	15.1	-0.1	15.1	0.0	15.1	
0.56641	-0.3	10221	15.0	15.1	-0.1	15.1	0.0	15.1	
0.57031	-0.3	10221	14.9	15.1	-0.2	15.1	0.0	15.1	
0.57422	-0.4	10221	14.9	15.1	-0.2	15.1	0.0	15.1	
0.57812	-0.3	10221	15.0	15.1	-0.1	15.1	0.0	15.1	
0.58203	-0.3	10221	15.0	15.1	-0.1	15.1	0.0	15.1	
0.58594	-0.4	10221	15.0	15.1	-0.1	15.1	0.0	15.1	
0.58984	-0.4	10221	15.0	15.1	-0.1	15.1	0.0	15.1	
0.59375	-0.3	10221	15.0	15.1	-0.1	15.1	0.0	15.1	
0.59766	-0.3	10221	15.0	15.0	0.0	15.0	0.0	15.0	
0.60156	-0.3	10221	15.0	15.0	0.0	15.0	0.0	15.0	
0.60547	-0.2	10221	15.0	15.1	-0.1	15.1	0.0	15.1	
0.60938	-0.3	10221	15.0	15.0	0.0	15.0	0.0	15.0	
0.61328	-0.3	10221	15.1	14.9	0.2	14.9	0.0	14.9	
0.61719	-0.2	10221	15.1	15.0	0.1	15.0	0.0	15.0	
0.62109	-0.3	10221	15.1	15.0	0.1	15.0	0.0	15.0	
0.62500	-0.5	10221	15.1	15.0	0.1	15.0	0.0	15.0	
0.62891	-0.4	10221	15.1	15.0	0.1	15.0	0.0	15.0	
0.63281	-0.2	10221	15.1	15.0	0.1	15.0	0.0	15.0	
0.63672	-0.4	10221	15.1	14.9	0.2	14.9	0.0	14.9	
0.64062	-0.4	10221	15.1	15.0	0.1	15.0	0.0	15.0	
0.64453	-0.3	10221	15.1	15.0	0.1	15.0	0.0	15.0	
0.64844	-0.2	10221	15.1	15.0	0.1	15.0	0.0	15.0	
0.65234	-0.3	10221	15.1	15.0	0.1	15.0	0.0	15.0	
0.65625	-0.2	10221	15.1	15.0	0.1	15.0	0.0	15.0	
0.66016	-0.3	10221	15.1	15.0	0.1	15.0	0.0	15.0	
0.66406	-0.4	10221	15.1	15.1	0.0	15.1	0.0	15.1	
0.66797	-0.2	10221	15.1	15.0	0.1	15.0	0.0	15.0	
0.67188	-0.2	10221	15.1	15.0	0.1	15.0	0.0	15.0	
0.67578	-0.4	10221	15.1	15.1	0.0	15.1	0.0	15.1	
0.67969	-0.3	10221	15.2	15.1	0.1	15.1	0.0	15.1	
0.68359	-0.2	10221	15.2	15.1	0.1	15.1	0.0	15.1	
0.68750	-0.4	10221	15.2	15.1	0.1	15.1	0.0	15.1	
0.69141	-0.4	10221	15.2	15.1	0.1	15.1	0.0	15.1	
0.69531	-0.4	10221	15.3	15.1	0.2	15.1	0.0	15.1	
0.69922	-0.4	10221	15.4	15.1	0.3	15.1	0.0	15.1	
0.70312	-0.4	10221	15.4	15.1	0.3	15.1	0.0	15.1	
0.70703	-0.6	10221	15.4	15.1	0.3	15.1	0.0	15.1	
0.71094	-0.7	10220	15.4	15.1	0.3	15.1	0.0	15.1	
0.71484	-0.5	10220	15.4	15.1	0.3	15.1	0.0	15.1	
0.71875	-0.4	10220	15.5	15.1	0.4	15.1	0.0	15.1	
0.72266	-0.5	10220	15.5	15.0	0.5	15.0	0.0	15.0	
0.72656	-0.4	10220	15.5	15.1	0.4	15.1	0.0	15.1	
0.73047	-0.3	10220	15.5	15.1	0.4	15.1	0.0	15.1	
0.73438	-0.3	10220	15.5	15.1	0.4	15.1	0.0	15.1	
0.73828	-0.4	10220	15.5	15.1	0.4	15.1	0.0	15.1	
0.74219	-0.4	10220	15.5	15.1	0.4	15.1	0.0	15.1	
0.74609	-0.3	10220	15.5	15.1	0.4	15.1	0.0	15.1	
0.75000	-0.4	10220	15.5	15.1	0.4	15.1	0.0	15.1	
0.75391	-0.4	10220	15.5	15.1	0.4	15.1	0.0	15.1	
0.75781	-0.3	10220	15.5	15.1	0.4	15.1	0.0	15.1	
0.76172	-0.3	10220	15.4	15.2	0.2	15.2	0.0	15.2	
0.76562	-0.3	10220	15.5	15.2	0.3	15.2	0.0	15.2	
0.76953	-0.3	10220	15.6	15.2	0.4	15.2	0.0	15.2	
0.77344	-0.3	10220	15.5	15.2	0.3	15.2	0.0	15.2	
0.77734	-0.3	10220	15.5	15.2	0.3	15.2	0.0	15.2	
0.78125	-0.3	10220	15.5	15.3	0.2	15.3	0.0	15.3	
0.78516	-0.3	10220	15.5	15.4	0.1	15.4	0.0	15.4	
0.78906	-0.4	10220	15.6	15.4	0.2	15.4	0.0	15.4	
0.79297	-0.5	10220	15.6	15.4	0.2	15.4	0.0	15.4	
0.79688	-0.6	10220	15.7	15.4	0.3	15.4	0.0	15.4	
0.80078	-0.7	10220	15.7	15.5	0.2	15.5	0.0	15.5	
0.80469	-0.8	10220	15.8	15.5	0.3	15.5	0.0	15.5	
0.80859	-0.9	10220	15.9	15.5	0.4	15.5	0.0	15.5	
0.81250	-1.0	10220	15.9	15.6	0.3	15.6	0.0	15.6	
0.81641	-0.9	10220	16.0	15.7	0.3	15.7	0.0	15.7	
0.82031	-0.9	10220	16.1	15.7	0.4	15.7	0.0	15.7	
0.82422	-0.9	10220	16.1	15.7	0.4	15.7	0.0	15.7	
0.82812	-0.9	10219	16.2	15.8	0.4	15.8	0.0	15.8	
0.83203	-0.9	10219	16.2	15.8	0.4	15.8	0.0	15.8	
0.83594	-0.9	10219	16.3	15.8	0.5	15.8	0.0	15.8	
0.83984	-0.8	10219	16.3	15.9	0.4	15.9	0.0	15.9	
0.84375	-0.6	10219	16.4	15.9	0.5	15.9	0.0	15.9	
0.84766	-0.5	10219	16.4	15.9	0.5	15.9	0.0	15.9	
0.85156	-0.6	10219	16.4	16.0	0.4	16.0	0.0	16.0	
0.85547	-0.5	10219	16.5	16.0	0.5	16.0	0.0	16.0	
0.85938	-0.5	10219	16.5	16.1	0.4	16.1	0.0	16.1	
0.86328	-0.6	10219	16.6	16.1	0.5	16.1	0.0	16.1	
0.86719	-0.6	10219	16.6	16.2	0.4	16.2	0.0	16.2	
0.87109	-0.4	10219	16.7	16.2	0.5	16.2	0.0	16.2	
0.87500	-0.4	10219	16.6	16.3	0.3	16.3	0.0	16.3	
0.87891	-0.4	10219	16.7	16.3	0.4	16.3	0.0	16.3	
0.88281	-0.4	10219	16.7	16.3	0.4	16.3	0.0	16.3	
0.88672	-0.4	10219	16.6	16.4	0.2	16.4	0.0	16.4	
0.89062	-0.4	10219	16.7	16.4	0.3	16.4	0.0	16.4	
0.89453	-0.4	10219	16.8	16.4	0.4	16.4	0.0	16.4	
0.89844	-0.5	10219	16.8	16.5	0.3	16.5	0.0	16.5	
0.90234	-0.5	10219	16.8	16.6	0.2	16.6	0.0	16.6	
0.90625	-0.4	10219	16.9	16.5	0.4	16.5	0.0	16.5	
0.91016	-0.5	10219	16.9	16.6	0.3	16.6	0.0	16.6	
0.91406	-0.7	10219	16.9	16.7	0.2	16.7	0.0	16.7	
0.91797	-0.6	10219	17.0	16.7	0.3	16.7	0.0	16.7	
0.92188	-0.5	10219	17.0	16.8	0.2	16.8	0.0	16.8	
0.92578	-0.5	10219	17.0	16.8	0.2	16.8	0.0	16.8	
0.92969	-0.6	10219	17.1	16.8	0.3	16.8	0.0	16.8	
0.93359	-0.7	10219	17.1	16.9	0.2	16.9	0.0	16.9	
0.93750	-0.7	10218	17.2	16.9	0.3	16.9	0.0	16.9	
0.94141	-0.6	10218	17.2	17.0	0.2	17.0	0.0	17.0	
0.94531	-0.5	10218	17.3	17.0	0.3	17.0	0.0	17.0	
0.94922	-0.7	10218	17.3	17.0	0.3	17.0	0.0	17.0	
0.95312	-0.6	10218	17.3	17.1	0.2	17.1	0.0	17.1	
0.95703	-0.5	10218	17.4	17.2	0.2	17.2	0.0	17.2	
0.96094	-0.7	10218	17.4	17.2	0.2	17.2	0.0	17.2	
0.96484	-0.7	10218	17.4	17.3	0.1	17.3	0.0	17.3	
0.96875	-0.5	10218	17.5	17.3	0.2	17.3	0.0	17.3	
0.97266	-0.8	10218	17.6	17.4	0.2	17.4	0.0	17.4	
0.97656	-0.8	10218	17.6	17.4	0.2	17.4	0.0	17.4	
0.98047	-0.5	10218	17.7	17.5	0.2	17.5	0.0	17.5	
0.98438	-0.5	10218	17.7	17.5	0.2	17.5	0.0	17.5	
0.98828	-0.7	10218	17.7	17.5	0.2	17.5	0.0	17.5	
0.99219	-0.6	10218	17.7	17.6	0.1	17.6	0.0	17.6	
0.99609	-0.5	10218	17.8	17.7	0.1	17.7	0.0	17.7	
1.00000	-0.4	10218	17.8	17.7	0.1	17.7	0.0	17.7	
1.00391	-0.3	10218	17.8	17.7	0.1	17.7	0.0	17.7	
1.00781	-0.3	10218	17.8	17.8	0.0	17.8	0.0	17.8	
1.01172	-0.2	10218	17.8	17.8	0.0	17.8	0.0	17.8	
1.01562	-0.4	10218	17.9	17.9	0.0	17.9	0.0	17.9	
1.01953	-0.5	10218	17.9	17.9	0.0	17.9	0.0	17.9	
1.02344	-0.4	10218	17.9	17.9	0.0	17.9	0.0	17.9	
1.02734	-0.4	10218	18.0	18.0	0.0	18.0	0.0	18.0	
1.03125	-0.4	10218	18.1	18.0	0.1	18.0	0.0	18.0	
1.03516	-0.4	10218	18.0	18.0	0.0	18.0	0.0	18.0	
1.03906	-0.6	10218	18.0	18.1	-0.1	18.1	0.0	18.1	
1.04297	-0.6	10218	18.1	18.1	0.0	18.1	0.0	18.1	
1.04688	-0.6	10218	18.1	18.1	0.0	18.1	0.0	18.1	
1.05078	-0.6	10217	18.2	18.1	0.1	18.1	0.0	18.1	
1.05469	-0.5	10217	18.2	18.1	0.1	18.1	0.0	18.1	
1.05859	-0.5	10217	18.2	18.2	0.0	18.2	0.0	18.2	
1.06250	-0.6	10217	18.2	18.3	-0.1	18.3	0.0	18.3	
1.06641	-0.4	10217	18.3	18.2	0.1	18.2	0.0	18.2	
1.07031	-0.5	10217	18.4	18.3	0.1	18.3	0.0	18.3	
1.07422	-0.6	10217	18.4	18.3	0.1	18.3	0.0	18.3	
1.07812	-0.5	10217	18.4	18.3	0.1	18.3	0.0	18.3	
1.08203	-0.4	10217	18.5	18.3	0.2	18.3	0.0	18.3	
1.08594	-0.5	10217	18.5	18.4	0.1	18.4	0.0	18.4	
1.08984	-0.4	10217	18.5	18.4	0.1	18.4	0.0	18.4	
1.09375	-0.3	10217	18.5	18.4	0.1	18.4	0.0	18.4	
1.09766	-0.5	10217	18.5	18.5	0.0	18.5	0.0	18.5	
1.10156	-0.5	10217	18.5	18.5	0.0	18.5	0.0	18.5	
1.10547	-0.4	10217	18.5	18.5	0.0	18.5	0.0	18.5	
1.10938	-0.4	10217	18.6	18.5	0.1	18.5	0.0	18.5	
1.11328	-0.4	10217	18.6	18.6	0.0	18.6	0.0	18.6	
1.11719	-0.3	10217	18.6	18.6	0.0	18.6	0.0	18.6	
1.12109	-0.4	10217	18.7	18.6	0.1	18.6	0.0	18.6	
1.12500	-0.6	10217	18.7	18.7	0.0	18.7	0.0	18.7	
1.12891	-0.6	10217	18.8	18.7	0.1	18.7	0.0	18.7	
1.13281	-0.7	10217	18.8	18.7	0.1	18.7	0.0	18.7	
1.13672	-0.8	10217	18.9	18.7	0.2	18.7	0.0	18.7	
1.14062	-0.7	10217	18.9	18.8	0.1	18.8	0.0	18.8	
1.14453	-0.7	10217	19.0	18.9	0.1	18.9	0.0	18.9	
1.14844	-0.9	10217	19.1	18.9	0.2	18.9	0.0	18.9	
1.15234	-0.9	10217	19.1	18.9	0.2	18.9	0.0	18.9	
1.15625	-0.9	10217	19.1	19.0	0.1	19.0	0.0	19.0	
1.16016	-1.0	10216	19.2	19.0	0.2	19.0	0.0	19.0	
1.16406	-1.0	10216	19.3	19.1	0.2	19.1	0.0	19.1	
1.16797	-1.0	10216	19.3	19.1	0.2	19.1	0.0	19.1	
1.17188	-1.0	10216	19.3	19.2	0.1	19.2	0.0	19.2	
1.17578	-0.9	10216	19.5	19.2	0.3	19.2	0.0	19.2	
1.17969	-0.9	10216	19.5	19.3	0.2	19.3	0.0	19.3	
1.18359	-0.8	10216	19.5	19.4	0.1	19.4	0.0	19.4	
1.18750	-0.8	10216	19.6	19.4	0.2	19.4	0.0	19.4	
1.19141	-0.7	10216	19.7	19.4	0.3	19.4	0.0	19.4	
1.19531	-0.6	10216	19.7	19.4	0.3	19.4	0.0	19.4	
1.19922	-0.6	10216	19.7	19.5	0.2	19.5	0.0	19.5	
1.20312	-0.5	10216	19.7	19.6	0.1	19.6	0.0	19.6	
1.20703	-0.5	10216	19.8	19.6	0.2	19.6	0.0	19.6	
1.21094	-0.7	10216	19.8	19.7	0.1	19.7	0.0	19.7	
1.21484	-0.6	10216	19.8	19.7	0.1	19.7	0.0	19.7	
1.21875	-0.5	10216	19.9	19.7	0.2	19.7	0.0	19.7	
1.22266	-0.6	10216	20.0	19.8	0.2	19.8	0.0	19.8	
1.22656	-0.6	10216	20.0	19.9	0.1	19.9	0.0	19.9	
1.23047	-0.7	10216	20.1	20.0	0.1	20.0	0.0	20.0	
1.23438	-0.9	10216	20.2	20.0	0.2	20.0	0.0	20.0	
1.23828	-1.1	10215	20.2	20.1	0.1	20.1	0.0	20.1	
1.24219	-0.9	10215	20.2	20.1	0.1	20.1	0.0	20.1	
1.24609	-0.9	10215	20.3	20.1	0.2	20.1	0.0	20.1	
1.25000	-1.0	10215	20.4	20.2	0.2	20.2	0.0	20.2	
1.25391	-1.1	10215	20.5	20.3	0.2	20.3	0.0	20.3	
1.25781	-1.3	10215	20.6	20.4	0.2	20.4	0.0	20.4	
1.26172	-1.3	10215	20.6	20.4	0.2	20.4	0.0	20.4	
1.26562	-1.2	10215	20.7	20.5	0.2	20.5	0.0	20.5	
1.26953	-1.3	10215	20.8	20.5	0.3	20.5	0.0	20.5	
1.27344	-1.4	10215	20.9	20.6	0.3	20.6	0.0	20.6	
1.27734	-1.4	10215	21.0	20.6	0.4	20.6	0.0	20.6	
1.28125	-1.5	10215	21.1	20.8	0.3	20.8	0.0	20.8	
1.28516	-1.8	10214	21.3	20.8	0.5	20.8	0.0	20.8	
1.28906	-1.8	10214	21.3	20.8	0.5	20.8	0.0	20.8	
1.29297	-1.6	10214	21.3	20.9	0.4	20.9	0.0	20.9	
1.29688	-1.7	10214	21.4	21.0	0.4	21.0	0.0	21.0	
1.30078	-1.7	10214	21.6	21.0	0.6	21.0	0.0	21.0	
1.30469	-1.5	10214	21.7	21.1	0.6	21.1	0.0	21.1	
1.30859	-1.7	10214	21.7	21.2	0.5	21.2	0.0	21.2	
1.31250	-1.9	10214	21.8	21.3	0.5	21.3	0.0	21.3	
1.31641	-1.6	10214	21.9	21.4	0.5	21.4	0.0	21.4	
1.32031	-1.5	10214	22.0	21.5	0.5	21.5	0.0	21.5	
1.32422	-1.7	10213	22.1	21.5	0.6	21.5	0.0	21.5	
1.32812	-1.6	10213	22.2	21.6	0.6	21.6	0.0	21.6	
1.33203	-1.5	10213	22.3	21.6	0.7	21.6	0.0	21.6	
1.33594	-1.6	10213	22.4	21.7	0.7	21.7	0.0	21.7	
1.33984	-1.6	10213	22.4	21.8	0.6	21.8	0.0	21.8	
1.34375	-1.7	10213	22.5	21.9	0.6	21.9	0.0	21.9	
1.34766	-1.7	10213	22.6	21.9	0.7	21.9	0.0	21.9	
1.35156	-1.6	10213	22.7	22.0	0.7	22.0	0.0	22.0	
1.35547	-1.6	10213	22.8	22.1	0.7	22.1	0.0	22.1	
1.35938	-1.7	10212	22.9	22.2	0.7	22.2	0.0	22.2	
1.36328	-1.7	10212	23.0	22.3	0.7	22.3	0.0	22.3	
1.36719	-1.8	10212	23.1	22.4	0.7	22.4	0.0	22.4	
1.37109	-1.9	10212	23.2	22.5	0.7	22.5	0.0	22.5	
1.37500	-2.0	10212	23.3	22.6	0.7	22.6	0.0	22.6	
1.37891	-2.0	10212	23.5	22.7	0.8	22.7	0.0	22.7	
1.38281	-2.1	10212	23.6	22.8	0.8	22.8	0.0	22.8	
1.38672	-2.3	10212	23.8	22.9	0.9	22.9	0.0	22.9	
1.39062	-2.5	10211	23.9	23.0	0.9	23.0	0.0	23.0	
1.39453	-2.7	10211	24.0	23.0	1.0	23.0	0.0	23.0	
1.39844	-2.7	10211	24.2	23.1	1.1	23.1	0.0	23.1	
1.40234	-2.8	10211	24.3	23.2	1.1	23.2	0.0	23.2	
1.40625	-2.9	10211	24.4	23.3	1.1	23.3	0.0	23.3	
1.41016	-3.2	10210	24.5	23.4	1.1	23.4	0.0	23.4	
1.41406	-3.2	10210	24.7	23.5	1.2	23.5	0.0	23.5	
1.41797	-3.2	10210	24.8	23.6	1.2	23.6	0.0	23.6	
1.42188	-3.2	10210	24.9	23.7	1.2	23.7	0.0	23.7	
1.42578	-3.2	10210	25.1	23.8	1.3	23.8	0.0	23.8	
1.42969	-2.9	10209	25.2	24.0	1.2	24.0	0.0	24.0	
1.43359	-2.7	10209	25.3	24.1	1.2	24.1	0.0	24.1	
1.43750	-2.5	10209	25.4	24.1	1.3	24.1	0.0	24.1	
1.44141	-2.3	10209	25.5	24.2	1.3	24.2	0.0	24.2	
1.44531	-2.2	10209	25.5	24.3	1.2	24.3	0.0	24.3	
1.44922	-2.0	10209	25.6	24.3	1.3	24.3	0.0	24.3	
1.45312	-1.7	10209	25.7	24.4	1.3	24.4	0.0	24.4	
1.45703	-1.6	10208	25.8	24.5	1.3	24.5	0.0	24.5	
1.46094	-1.6	10208	25.8	24.6	1.2	24.6	0.0	24.6	
1.46484	-1.5	10208	25.9	24.6	1.3	24.6	0.0	24.6	
1.46875	-1.3	10208	26.0	24.7	1.3	24.7	0.0	24.7	
1.47266	-1.2	10208	26.0	24.8	1.2	24.8	0.0	24.8	
1.47656	-1.3	10208	26.1	24.9	1.2	24.9	0.0	24.9	
1.48047	-1.4	10208	26.2	25.0	1.2	25.0	0.0	25.0	
1.48438	-1.4	10208	26.3	25.0	1.3	25.0	0.0	25.0	
1.48828	-1.7	10208	26.4	25.0	1.4	25.0	0.0	25.0	
1.49219	-1.9	10208	26.5	25.2	1.3	25.2	0.0	25.2	
1.49609	-1.9	10207	26.6	25.3	1.3	25.3	0.0	25.3	
1.50000	-2.3	10207	26.7	25.4	1.3	25.4	0.0	25.4	
1.50391	-2.5	10207	26.9	25.5	1.4	25.5	0.0	25.5	
1.50781	-2.6	10207	27.0	25.6	1.4	25.6	0.0	25.6	
1.51172	-2.7	10207	27.1	25.8	1.3	25.8	0.0	25.8	
1.51562	-2.7	10207	27.2	25.9	1.3	25.9	0.0	25.9	
1.51953	-2.5	10206	27.3	25.9	1.4	25.9	0.0	25.9	
1.52344	-2.4	10206	27.5	26.1	1.4	26.1	0.0	26.1	
1.52734	-2.3	10206	27.5	26.2	1.3	26.2	0.0	26.2	
1.53125	-2.2	10206	27.6	26.2	1.4	26.2	0.0	26.2	
1.53516	-2.2	10206	27.8	26.4	1.4	26.4	0.0	26.4	
1.53906	-2.4	10206	27.8	26.5	1.3	26.5	0.0	26.5	
1.54297	-2.4	10206	27.9	26.5	1.4	26.5	0.0	26.5	
1.54688	-2.5	10205	28.0	26.7	1.3	26.7	0.0	26.7	
1.55078	-2.4	10205	28.1	26.7	1.4	26.7	0.0	26.7	
1.55469	-2.4	10205	28.2	26.8	1.4	26.8	0.0	26.8	
1.55859	-2.3	10205	28.4	27.0	1.4	27.0	0.0	27.0	
1.56250	-2.3	10205	28.4	27.0	1.4	27.0	0.0	27.0	
1.56641	-2.4	10205	28.6	27.1	1.5	27.1	0.0	27.1	
1.57031	-2.5	10204	28.7	27.2	1.5	27.2	0.0	27.2	
1.57422	-2.4	10204	28.8	27.3	1.5	27.3	0.0	27.3	
1.57812	-2.2	10204	28.8	27.3	1.5	27.3	0.0	27.3	
1.58203	-2.2	10204	29.0	27.5	1.5	27.5	0.0	27.5	
1.58594	-2.1	10204	29.1	27.5	1.6	27.5	0.0	27.5	
1.58984	-2.3	10204	29.2	27.5	1.7	27.5	0.0	27.5	
1.59375	-2.5	10204	29.3	27.7	1.6	27.7	0.0	27.7	
1.59766	-2.5	10203	29.4	27.8	1.6	27.8	0.0	27.8	
1.60156	-2.5	10203	29.5	27.8	1.7	27.8	0.0	27.8	
1.60547	-2.4	10203	29.6	27.9	1.7	27.9	0.0	27.9	
1.60938	-2.2	10203	29.6	28.0	1.6	28.0	0.0	28.0	
1.61328	-2.0	10203	29.7	28.1	1.6	28.1	0.0	28.1	
1.61719	-1.8	10203	29.8	28.3	1.5	28.3	0.0	28.3	
1.62109	-1.7	10203	29.9	28.4	1.5	28.4	0.0	28.4	
1.62500	-1.7	10202	29.9	28.5	1.4	28.5	0.0	28.5	
1.62891	-1.4	10202	30.0	28.7	1.3	28.7	0.0	28.7	
1.63281	-1.2	10202	30.1	28.7	1.4	28.7	0.0	28.7	
1.63672	-1.4	10202	30.2	28.8	1.4	28.8	0.0	28.8	
1.64062	-1.2	10202	30.2	28.9	1.3	28.9	0.0	28.9	
1.64453	-1.2	10202	30.3	28.9	1.4	28.9	0.0	28.9	
1.64844	-1.5	10202	30.4	29.0	1.4	29.0	0.0	29.0	
1.65234	-1.5	10202	30.4	29.2	1.2	29.2	0.0	29.2	
1.65625	-1.4	10202	30.4	29.3	1.1	29.3	0.0	29.3	
1.66016	-1.4	10202	30.5	29.3	1.2	29.3	0.0	29.3	
1.66406	-1.3	10202	30.6	29.4	1.2	29.4	0.0	29.4	
1.66797	-1.2	10202	30.7	29.5	1.2	29.5	0.0	29.5	
1.67188	-1.2	10201	30.7	29.6	1.1	29.6	0.0	29.6	
1.67578	-1.3	10201	30.7	29.7	1.0	29.7	0.0	29.7	
1.67969	-1.2	10201	30.8	29.8	1.0	29.8	0.0	29.8	
1.68359	-1.0	10201	30.8	29.9	0.9	29.9	0.0	29.9	
1.68750	-0.7	10201	30.8	29.9	0.9	29.9	0.0	29.9	
1.69141	-0.6	10201	30.8	30.0	0.8	30.0	0.0	30.0	
1.69531	-0.3	10201	30.7	30.0	0.7	30.0	0.0	30.0	
1.69922	-0.2	10201	30.7	30.1	0.6	30.1	0.0	30.1	
1.70312	-0.1	10201	30.7	30.2	0.5	30.2	0.0	30.2	
1.70703	-0.2	10201	30.6	30.2	0.4	30.2	0.0	30.2	
1.71094	-0.3	10201	30.6	30.2	0.4	30.2	0.0	30.2	
1.71484	-0.2	10201	30.5	30.3	0.2	30.3	0.0	30.3	
1.71875	-0.1	10201	30.5	30.3	0.2	30.3	0.0	30.3	
1.72266	-0.2	10201	30.5	30.3	0.2	30.3	0.0	30.3	
1.72656	-0.1	10201	30.4	30.4	0.0	30.4	0.0	30.4	
1.73047	0.0	10201	30.3	30.4	-0.1	30.4	0.0	30.4	
1.73438	-0.1	10201	30.3	30.5	-0.2	30.5	0.0	30.5	
1.73828	-0.1	10201	30.2	30.5	-0.3	30.5	0.0	30.5	
1.74219	-0.0	10201	30.1	30.5	-0.4	30.5	0.0	30.5	
1.74609	-0.0	10201	30.0	30.5	-0.5	30.5	0.0	30.5	
1.75000	-0.1	10201	30.0	30.6	-0.6	30.6	0.0	30.6	
1.75391	-0.2	10201	29.9	30.6	-0.7	30.6	0.0	30.6	
1.75781	-0.2	10201	29.9	30.6	-0.7	30.6	0.0	30.6	
1.76172	-0.1	10201	29.8	30.6	-0.8	30.6	0.0	30.6	
1.76562	-0.0	10201	29.7	30.6	-0.9	30.6	0.0	30.6	
1.76953	-0.1	10201	29.6	30.6	-1.0	30.6	0.0	30.6	
1.77344	-0.1	10201	29.5	30.6	-1.1	30.6	0.0	30.6	
1.77734	0.1	10201	29.4	30.6	-1.2	30.6	0.0	30.6	
1.78125	0.2	10201	29.4	30.6	-1.2	30.6	0.0	30.6	
1.78516	0.2	10201	29.3	30.6	-1.3	30.6	0.0	30.6	
1.78906	0.1	10201	29.2	30.6	-1.4	30.6	0.0	30.6	
1.79297	0.2	10201	29.1	30.5	-1.4	30.5	0.0	30.5	
1.79688	0.3	10201	29.0	30.5	-1.5	30.5	0.0	30.5	
1.80078	0.4	10201	28.9	30.6	-1.7	30.6	0.0	30.6	
1.80469	0.5	10201	28.8	30.6	-1.8	30.6	0.0	30.6	
1.80859	0.5	10201	28.7	30.6	-1.9	30.6	0.0	30.6	
1.81250	0.6	10201	28.6	30.5	-1.9	30.5	0.0	30.5	
1.81641	0.8	10201	28.5	30.5	-2.0	30.5	0.0	30.5	
1.82031	0.9	10201	28.4	30.4	-2.0	30.4	0.0	30.4	
1.82422	0.9	10201	28.2	30.5	-2.3	30.5	0.0	30.5	
1.82812	1.1	10201	28.2	30.5	-2.3	30.5	0.0	30.5	
1.83203	1.2	10201	28.1	30.4	-2.3	30.4	0.0	30.4	
1.83594	1.0	10202	27.9	30.4	-2.5	30.4	0.0	30.4	
1.83984	1.0	10202	27.8	30.4	-2.6	30.4	0.0	30.4	
1.84375	1.0	10202	27.8	30.3	-2.5	30.3	0.0	30.3	
1.84766	0.9	10202	27.6	30.3	-2.7	30.3	0.0	30.3	
1.85156	1.0	10202	27.4	30.3	-2.9	30.3	0.0	30.3	
1.85547	1.4	10202	27.4	30.2	-2.8	30.2	0.0	30.2	
1.85938	1.6	10202	27.3	30.1	-2.8	30.1	0.0	30.1	
1.86328	1.6	10202	27.2	30.1	-2.9	30.1	0.0	30.1	
1.86719	1.3	10202	27.1	30.1	-3.0	30.1	0.0	30.1	
1.87109	0.7	10202	26.9	29.9	-3.0	29.9	0.0	29.9	
1.87500	0.5	10202	26.8	29.9	-3.1	29.9	0.0	29.9	
1.87891	0.9	10202	26.7	29.8	-3.1	29.8	0.0	29.8	
1.88281	1.0	10202	26.6	29.7	-3.1	29.7	0.0	29.7	
1.88672	0.6	10202	26.5	29.6	-3.1	29.6	0.0	29.6	
1.89062	0.6	10202	26.5	29.6	-3.1	29.6	0.0	29.6	
1.89453	0.9	10203	26.4	29.5	-3.1	29.5	0.0	29.5	
1.89844	1.0	10203	26.3	29.4	-3.1	29.4	0.0	29.4	
1.90234	0.9	10203	26.0	29.3	-3.3	29.3	0.0	29.3	
1.90625	0.9	10203	25.8	29.2	-3.4	29.2	0.0	29.2	
1.91016	1.0	10203	25.6	29.1	-3.5	29.1	0.0	29.1	
1.91406	1.6	10203	25.4	29.0	-3.6	29.0	0.0	29.0	
1.91797	2.6	10203	25.2	28.9	-3.7	28.9	0.0	28.9	
1.92188	3.2	10203	25.0	28.7	-3.7	28.7	0.0	28.7	
1.92578	3.8	10203	24.7	28.6	-3.9	28.6	0.0	28.6	
1.92969	4.0	10204	24.4	28.5	-4.1	28.5	0.0	28.5	
1.93359	3.9	10204	24.1	28.4	-4.3	28.4	0.0	28.4	
1.93750	3.7	10204	23.9	28.3	-4.4	28.3	0.0	28.3	
1.94141	3.6	10204	23.7	28.1	-4.4	28.1	0.0	28.1	
1.94531	3.6	10205	23.5	28.0	-4.5	28.0	0.0	28.0	
1.94922	3.5	10205	23.3	27.8	-4.5	27.8	0.0	27.8	
1.95312	3.2	10205	23.1	27.7	-4.6	27.7	0.0	27.7	
1.95703	3.2	10205	23.0	27.6	-4.6	27.6	0.0	27.6	
1.96094	2.9	10206	22.9	27.4	-4.5	27.4	0.0	27.4	
1.96484	2.6	10206	22.8	27.3	-4.5	27.3	0.0	27.3	
1.96875	2.3	10206	22.7	27.1	-4.4	27.1	0.0	27.1	
1.97266	1.5	10206	22.5	26.9	-4.4	26.9	0.0	26.9	
1.97656	0.8	10206	22.4	26.8	-4.4	26.8	0.0	26.8	
1.98047	1.0	10206	22.2	26.7	-4.5	26.7	0.0	26.7	
1.98438	1.2	10206	22.1	26.5	-4.4	26.5	0.0	26.5	
1.98828	1.2	10206	21.9	26.4	-4.5	26.4	0.0	26.4	
1.99219	1.6	10206	21.8	26.2	-4.4	26.2	0.0	26.2	
1.99609	1.9	10206	21.7	26.1	-4.4	26.1	0.0	26.1	
2.00000	1.9	10207	21.5	26.0	-4.5	26.0	0.0	26.0	
2.00391	2.2	10207	21.2	25.8	-4.6	25.8	0.0	25.8	
2.00781	2.6	10207	21.0	25.6	-4.6	25.6	0.0	25.6	
2.01172	2.9	10207	20.8	25.5	-4.7	25.5	0.0	25.5	
2.01562	3.3	10207	20.4	25.3	-4.9	25.3	0.0	25.3	
2.01953	3.7	10208	20.2	25.1	-4.9	25.1	0.0	25.1	
2.02344	4.1	10208	20.0	25.0	-5.0	25.0	0.0	25.0	
2.02734	4.5	10208	19.7	24.8	-5.1	24.8	0.0	24.8	
2.03125	4.9	10208	19.4	24.6	-5.2	24.6	0.0	24.6	
2.03516	4.7	10209	19.1	24.4	-5.3	24.4	0.0	24.4	
2.03906	4.4	10209	18.9	24.2	-5.3	24.2	0.0	24.2	
2.04297	4.2	10209	18.6	24.1	-5.5	24.1	0.0	24.1	
2.04688	4.3	10210	18.3	24.0	-5.7	24.0	0.0	24.0	
2.05078	4.6	10210	18.0	23.7	-5.7	23.7	0.0	23.7	
2.05469	4.6	10210	17.8	23.5	-5.7	23.5	0.0	23.5	
2.05859	4.1	10210	17.6	23.3	-5.7	23.3	0.0	23.3	
2.06250	4.1	10211	17.3	23.1	-5.8	23.1	0.0	23.1	
2.06641	4.2	10211	17.1	22.9	-5.8	22.9	0.0	22.9	
2.07031	3.6	10211	16.9	22.7	-5.8	22.7	0.0	22.7	
2.07422	3.6	10211	16.7	22.5	-5.8	22.5	0.0	22.5	
2.07812	3.5	10212	16.5	22.4	-5.9	22.4	0.0	22.4	
2.08203	2.7	10212	16.4	22.2	-5.8	22.2	0.0	22.2	
2.08594	2.7	10212	16.2	22.0	-5.8	22.0	0.0	22.0	
2.08984	2.5	10212	16.1	21.8	-5.7	21.8	0.0	21.8	
2.09375	2.2	10212	16.0	21.6	-5.6	21.6	0.0	21.6	
2.09766	2.8	10213	15.8	21.5	-5.7	21.5	0.0	21.5	
2.10156	2.7	10213	15.7	21.3	-5.6	21.3	0.0	21.3	
2.10547	2.5	10213	15.6	21.1	-5.5	21.1	0.0	21.1	
2.10938	2.4	10213	15.5	21.0	-5.5	21.0	0.0	21.0	
2.11328	1.5	10213	15.4	20.8	-5.4	20.8	0.0	20.8	
2.11719	1.2	10213	15.3	20.6	-5.3	20.6	0.0	20.6	
2.12109	1.3	10213	15.2	20.5	-5.3	20.5	0.0	20.5	
2.12500	1.1	10213	15.1	20.3	-5.2	20.3	0.0	20.3	
2.12891	1.0	10213	15.1	20.2	-5.1	20.2	0.0	20.2	
2.13281	1.0	10213	15.1	20.0	-4.9	20.0	0.0	20.0	
2.13672	1.0	10214	15.0	19.8	-4.8	19.8	0.0	19.8	
2.14062	0.9	10214	14.9	19.7	-4.8	19.7	0.0	19.7	
2.14453	0.7	10214	14.9	19.6	-4.7	19.6	0.0	19.6	
2.14844	0.4	10214	14.9	19.4	-4.5	19.4	0.0	19.4	
2.15234	0.3	10214	14.8	19.3	-4.5	19.3	0.0	19.3	
2.15625	0.3	10214	14.8	19.2	-4.4	19.2	0.0	19.2	
2.16016	0.0	10214	14.8	19.1	-4.3	19.1	0.0	19.1	
2.16406	-0.1	10214	14.8	19.0	-4.2	19.0	0.0	19.0	
2.16797	-0.0	10214	14.8	18.8	-4.0	18.8	0.0	18.8	
2.17188	-0.2	10214	14.8	18.7	-3.9	18.7	0.0	18.7	
2.17578	-0.2	10214	14.8	18.6	-3.8	18.6	0.0	18.6	
2.17969	-0.2	10214	14.9	18.5	-3.6	18.5	0.0	18.5	
2.18359	-0.3	10214	14.9	18.3	-3.4	18.3	0.0	18.3	
2.18750	-0.4	10214	14.9	18.3	-3.4	18.3	0.0	18.3	
2.19141	-0.3	10214	15.0	18.2	-3.2	18.2	0.0	18.2	
2.19531	-0.2	10214	15.0	18.1	-3.1	18.1	0.0	18.1	
2.19922	-0.3	10214	15.0	18.0	-3.0	18.0	0.0	18.0	
2.20312	-0.3	10214	15.1	17.9	-2.8	17.9	0.0	17.9	
2.20703	-0.3	10214	15.2	17.8	-2.6	17.8	0.0	17.8	
2.21094	-0.5	10213	15.2	17.8	-2.6	17.8	0.0	17.8	
2.21484	-0.6	10213	15.2	17.7	-2.5	17.7	0.0	17.7	
2.21875	-0.4	10213	15.3	17.7	-2.4	17.7	0.0	17.7	
2.22266	-0.4	10213	15.4	17.6	-2.2	17.6	0.0	17.6	
2.22656	-0.7	10213	15.4	17.5	-2.1	17.5	0.0	17.5	
2.23047	-0.5	10213	15.5	17.5	-2.0	17.5	0.0	17.5	
2.23438	-0.4	10213	15.6	17.4	-1.8	17.4	0.0	17.4	
2.23828	-0.5	10213	15.6	17.3	-1.7	17.3	0.0	17.3	
2.24219	-0.5	10213	15.6	17.4	-1.8	17.4	0.0	17.4	
2.24609	-0.4	10213	15.8	17.3	-1.5	17.3	0.0	17.3	
2.25000	-0.7	10213	15.8	17.2	-1.4	17.2	0.0	17.2	
2.25391	-0.7	10213	15.9	17.2	-1.3	17.2	0.0	17.2	
2.25781	-0.5	10213	16.0	17.2	-1.2	17.2	0.0	17.2	
2.26172	-0.7	10213	16.0	17.1	-1.1	17.1	0.0	17.1	
2.26562	-1.0	10213	16.1	17.1	-1.0	17.1	0.0	17.1	
2.26953	-0.9	10213	16.2	17.0	-0.8	17.0	0.0	17.0	
2.27344	-0.9	10213	16.3	17.0	-0.7	17.0	0.0	17.0	
2.27734	-1.1	10213	16.4	17.1	-0.7	17.1	0.0	17.1	
2.28125	-1.0	10213	16.5	17.0	-0.5	17.0	0.0	17.0	
2.28516	-1.1	10213	16.6	17.0	-0.4	17.0	0.0	17.0	
2.28906	-1.3	10213	16.7	17.0	-0.3	17.0	0.0	17.0	
2.29297	-1.1	10212	16.8	17.0	-0.2	17.0	0.0	17.0	
2.29688	-1.3	10212	16.8	16.9	-0.1	16.9	0.0	16.9	
2.30078	-1.3	10212	16.9	17.0	-0.1	17.0	0.0	17.0	
2.30469	-1.1	10212	17.0	16.9	0.1	16.9	0.0	16.9	
2.30859	-1.1	10212	17.1	16.9	0.2	16.9	0.0	16.9	
2.31250	-1.1	10212	17.1	17.0	0.1	17.0	0.0	17.0	
2.31641	-1.1	10212	17.2	17.0	0.2	17.0	0.0	17.0	
2.32031	-0.9	10212	17.3	17.0	0.3	17.0	0.0	17.0	
2.32422	-0.8	10212	17.3	17.0	0.3	17.0	0.0	17.0	
2.32812	-0.7	10212	17.4	17.0	0.4	17.0	0.0	17.0	
2.33203	-0.5	10212	17.5	17.0	0.5	17.0	0.0	17.0	
2.33594	-0.6	10212	17.5	17.0	0.5	17.0	0.0	17.0	
2.33984	-0.5	10212	17.5	17.0	0.5	17.0	0.0	17.0	
2.34375	-0.3	10212	17.5	17.1	0.4	17.1	0.0	17.1	
2.34766	-0.4	10212	17.5	17.0	0.5	17.0	0.0	17.0	
2.35156	-0.3	10212	17.5	17.1	0.4	17.1	0.0	17.1	
2.35547	-0.2	10212	17.6	17.1	0.5	17.1	0.0	17.1	
2.35938	-0.2	10212	17.6	17.1	0.5	17.1	0.0	17.1	
2.36328	-0.2	10212	17.6	17.1	0.5	17.1	0.0	17.1	
2.36719	-0.2	10212	17.5	17.2	0.3	17.2	0.0	17.2	
2.37109	-0.2	10212	17.5	17.2	0.3	17.2	0.0	17.2	
2.37500	-0.3	10212	17.5	17.2	0.3	17.2	0.0	17.2	
2.37891	-0.2	10212	17.5	17.3	0.2	17.3	0.0	17.3	
2.38281	-0.2	10212	17.4	17.3	0.1	17.3	0.0	17.3	
2.38672	-0.3	10212	17.3	17.2	0.1	17.2	0.0	17.2	
2.39062	-0.1	10212	17.4	17.3	0.1	17.3	0.0	17.3	
2.39453	0.1	10212	17.3	17.3	0.0	17.3	0.0	17.3	
2.39844	-0.1	10212	17.2	17.3	-0.1	17.3	0.0	17.3	
2.40234	-0.1	10212	17.2	17.2	0.0	17.2	0.0	17.2	
2.40625	-0.0	10212	17.3	17.3	0.0	17.3	0.0	17.3	
2.41016	-0.1	10212	17.2	17.3	-0.1	17.3	0.0	17.3	
2.41406	-0.2	10212	17.2	17.2	0.0	17.2	0.0	17.2	
2.41797	-0.1	10212	17.1	17.2	-0.1	17.2	0.0	17.2	
2.42188	-0.2	10212	17.0	17.2	-0.2	17.2	0.0	17.2	
2.42578	-0.4	10212	17.1	17.2	-0.1	17.2	0.0	17.2	
2.42969	-0.2	10211	17.0	17.2	-0.2	17.2	0.0	17.2	
2.43359	-0.1	10211	17.0	17.2	-0.2	17.2	0.0	17.2	
2.43750	-0.3	10211	17.0	17.1	-0.1	17.1	0.0	17.1	
2.44141	-0.2	10211	16.9	17.1	-0.2	17.1	0.0	17.1	
2.44531	0.0	10211	16.9	17.1	-0.2	17.1	0.0	17.1	
2.44922	-0.2	10211	16.9	17.0	-0.1	17.0	0.0	17.0	
2.45312	-0.2	10211	16.9	17.0	-0.1	17.0	0.0	17.0	
2.45703	-0.0	10211	16.9	17.0	-0.1	17.0	0.0	17.0	
2.46094	-0.1	10211	16.8	16.9	-0.1	16.9	0.0	16.9	
2.46484	-0.1	10211	16.8	17.0	-0.2	17.0	0.0	17.0	
2.46875	0.0	10211	16.7	17.0	-0.3	17.0	0.0	17.0	
2.47266	-0.1	10211	16.7	16.9	-0.2	16.9	0.0	16.9	
2.47656	-0.0	10211	16.7	17.0	-0.3	17.0	0.0	17.0	
2.48047	0.2	10211	16.6	17.0	-0.4	17.0	0.0	17.0	
2.48438	0.1	10211	16.6	16.9	-0.3	16.9	0.0	16.9	
2.48828	-0.0	10211	16.6	17.0	-0.4	17.0	0.0	17.0	
2.49219	-0.1	10211	16.5	17.0	-0.5	17.0	0.0	17.0	
2.49609	-0.2	10211	16.5	17.0	-0.5	17.0	0.0	17.0	
2.50000	-0.3	10211	16.5	17.0	-0.5	17.0	0.0	17.0	
2.50391	-0.2	10211	16.4	17.0	-0.6	17.0	0.0	17.0	
2.50781	-0.2	10211	16.4	17.0	-0.6	17.0	0.0	17.0	
2.51172	-0.3	10211	16.4	17.0	-0.6	17.0	0.0	17.0	
2.51562	-0.2	10211	16.4	17.0	-0.6	17.0	0.0	17.0	
2.51953	-0.2	10211	16.4	17.0	-0.6	17.0	0.0	17.0	
2.52344	-0.3	10211	16.4	17.0	-0.6	17.0	0.0	17.0	
2.52734	-0.2	10211	16.4	17.0	-0.6	17.0	0.0	17.0	
2.53125	-0.2	10211	16.4	17.0	-0.6	17.0	0.0	17.0	
2.53516	-0.3	10211	16.4	17.0	-0.6	17.0	0.0	17.0	
2.53906	-0.3	10211	16.4	17.0	-0.6	17.0	0.0	17.0	
2.54297	-0.4	10211	16.4	17.0	-0.6	17.0	0.0	17.0	
2.54688	-0.4	10211	16.5	17.0	-0.5	17.0	0.0	17.0	
2.55078	-0.3	10211	16.5	17.1	-0.6	17.1	0.0	17.1	
2.55469	-0.3	10211	16.5	17.1	-0.6	17.1	0.0	17.1	
2.55859	-0.4	10211	16.5	17.1	-0.6	17.1	0.0	17.1	
2.56250	-0.4	10211	16.4	17.1	-0.7	17.1	0.0	17.1	
2.56641	-0.2	10211	16.5	17.1	-0.6	17.1	0.0	17.1	
2.57031	-0.2	10211	16.4	17.1	-0.7	17.1	0.0	17.1	
2.57422	-0.3	10211	16.4	17.1	-0.7	17.1	0.0	17.1	
2.57812	-0.2	10211	16.4	17.1	-0.7	17.1	0.0	17.1	
2.58203	-0.3	10211	16.4	17.1	-0.7	17.1	0.0	17.1	
2.58594	-0.3	10211	16.4	17.1	-0.7	17.1	0.0	17.1	
2.58984	-0.1	10211	16.4	17.1	-0.7	17.1	0.0	17.1	
2.59375	-0.2	10211	16.4	17.1	-0.7	17.1	0.0	17.1	
2.59766	-0.4	10211	16.3	17.1	-0.8	17.1	0.0	17.1	
2.60156	-0.2	10211	16.3	17.1	-0.8	17.1	0.0	17.1	
2.60547	-0.1	10211	16.3	17.1	-0.8	17.1	0.0	17.1	
2.60938	-0.2	10211	16.3	17.0	-0.7	17.0	0.0	17.0	
2.61328	-0.3	10211	16.3	17.1	-0.8	17.1	0.0	17.1	
2.61719	-0.1	10211	16.3	17.1	-0.8	17.1	0.0	17.1	
2.62109	-0.2	10211	16.2	17.0	-0.8	17.0	0.0	17.0	
2.62500	-0.2	10211	16.3	17.0	-0.7	17.0	0.0	17.0	
2.62891	-0.3	10211	16.3	17.1	-0.8	17.1	0.0	17.1	
2.63281	-0.4	10211	16.2	17.1	-0.9	17.1	0.0	17.1	
2.63672	-0.3	10211	16.2	17.1	-0.9	17.1	0.0	17.1	
2.64062	-0.2	10211	16.2	17.1	-0.9	17.1	0.0	17.1	
2.64453	-0.4	10211	16.2	17.0	-0.8	17.0	0.0	17.0	
2.64844	-0.3	10211	16.2	17.0	-0.8	17.0	0.0	17.0	
2.65234	-0.3	10211	16.2	17.1	-0.9	17.1	0.0	17.1	
2.65625	-0.2	10211	16.2	17.0	-0.8	17.0	0.0	17.0	
2.66016	-0.2	10211	16.2	17.0	-0.8	17.0	0.0	17.0	
2.66406	-0.3	10211	16.1	17.1	-1.0	17.1	0.0	17.1	
2.66797	-0.2	10211	16.2	17.0	-0.8	17.0	0.0	17.0	
2.67188	0.1	10211	16.3	17.1	-0.8	17.1	0.0	17.1	
2.67578	-0.2	10211	16.2	17.1	-0.9	17.1	0.0	17.1	
2.67969	-0.4	10211	16.1	17.1	-1.0	17.1	0.0	17.1	
2.68359	-0.5	10211	16.1	17.1	-1.0	17.1	0.0	17.1	
2.68750	-0.6	10211	16.2	17.1	-0.9	17.1	0.0	17.1	
2.69141	-0.4	10211	16.2	17.1	-0.9	17.1	0.0	17.1	
2.69531	-0.2	10211	16.2	17.1	-0.9	17.1	0.0	17.1	
2.69922	-0.4	10210	16.2	17.1	-0.9	17.1	0.0	17.1	
2.70312	-0.3	10210	16.2	17.1	-0.9	17.1	0.0	17.1	
2.70703	-0.2	10210	16.2	17.1	-0.9	17.1	0.0	17.1	
2.71094	-0.5	10210	16.1	17.1	-1.0	17.1	0.0	17.1	
2.71484	-0.4	10210	16.1	17.1	-1.0	17.1	0.0	17.1	
2.71875	-0.2	10210	16.2	17.1	-0.9	17.1	0.0	17.1	
2.72266	-0.1	10210	16.2	17.1	-0.9	17.1	0.0	17.1	
2.72656	-0.2	10210	16.1	17.2	-1.1	17.2	0.0	17.2	
2.73047	-0.3	10210	16.1	17.1	-1.0	17.1	0.0	17.1	
2.73438	-0.2	10210	16.1	17.1	-1.0	17.1	0.0	17.1	
2.73828	-0.2	10210	16.0	17.1	-1.1	17.1	0.0	17.1	
2.74219	-0.2	10210	16.1	17.1	-1.0	17.1	0.0	17.1	
2.74609	-0.2	10210	16.0	17.2	-1.2	17.2	0.0	17.2	
2.75000	-0.2	10210	16.0	17.1	-1.1	17.1	0.0	17.1	
2.75391	-0.1	10210	16.0	17.1	-1.1	17.1	0.0	17.1	
2.75781	-0.3	10210	15.9	17.1	-1.2	17.1	0.0	17.1	
2.76172	-0.4	10210	15.9	17.0	-1.1	17.0	0.0	17.0	
2.76562	-0.3	10210	15.9	17.0	-1.1	17.0	0.0	17.0	
2.76953	-0.2	10210	15.9	17.0	-1.1	17.0	0.0	17.0	
2.77344	-0.3	10210	15.9	17.0	-1.1	17.0	0.0	17.0	
2.77734	-0.1	10210	15.9	17.0	-1.1	17.0	0.0	17.0	
2.78125	-0.1	10210	15.8	17.0	-1.2	17.0	0.0	17.0	
2.78516	-0.2	10210	15.8	17.0	-1.2	17.0	0.0	17.0	
2.78906	-0.3	10210	15.8	17.0	-1.2	17.0	0.0	17.0	
2.79297	-0.3	10210	15.7	16.9	-1.2	16.9	0.0	16.9	
2.79688	-0.1	10210	15.8	16.9	-1.1	16.9	0.0	16.9	
2.80078	-0.1	10210	15.7	16.9	-1.2	16.9	0.0	16.9	
2.80469	-0.1	10210	15.6	16.9	-1.3	16.9	0.0	16.9	
2.80859	0.0	10210	15.6	16.8	-1.2	16.8	0.0	16.8	
2.81250	0.1	10210	15.6	16.8	-1.2	16.8	0.0	16.8	
2.81641	0.1	10210	15.5	16.8	-1.3	16.8	0.0	16.8	
2.82031	-0.1	10210	15.5	16.8	-1.3	16.8	0.0	16.8	
2.82422	-0.2	10210	15.4	16.7	-1.3	16.7	0.0	16.7	
2.82812	-0.1	10210	15.4	16.7	-1.3	16.7	0.0	16.7	
2.83203	-0.1	10210	15.4	16.7	-1.3	16.7	0.0	16.7	
2.83594	-0.2	10210	15.3	16.7	-1.4	16.7	0.0	16.7	
2.83984	-0.2	10210	15.3	16.7	-1.4	16.7	0.0	16.7	
2.84375	0.0	10210	15.3	16.6	-1.3	16.6	0.0	16.6	
2.84766	0.0	10210	15.2	16.6	-1.4	16.6	0.0	16.6	
2.85156	-0.1	10210	15.2	16.6	-1.4	16.6	0.0	16.6	
2.85547	0.0	10210	15.3	16.5	-1.2	16.5	0.0	16.5	
2.85938	-0.1	10210	15.2	16.5	-1.3	16.5	0.0	16.5	
2.86328	-0.2	10210	15.1	16.5	-1.4	16.5	0.0	16.5	
2.86719	-0.1	10210	15.1	16.5	-1.4	16.5	0.0	16.5	
2.87109	-0.2	10210	15.1	16.4	-1.3	16.4	0.0	16.4	
2.87500	-0.3	10210	15.1	16.4	-1.3	16.4	0.0	16.4	
2.87891	-0.3	10210	15.1	16.4	-1.3	16.4	0.0	16.4	
2.88281	-0.3	10210	15.1	16.3	-1.2	16.3	0.0	16.3	
2.88672	-0.2	10210	15.1	16.3	-1.2	16.3	0.0	16.3	
2.89062	-0.2	10210	15.0	16.3	-1.3	16.3	0.0	16.3	
2.89453	-0.3	10210	15.0	16.3	-1.3	16.3	0.0	16.3	
2.89844	-0.3	10210	15.0	16.3	-1.3	16.3	0.0	16.3	
2.90234	-0.3	10210	15.1	16.3	-1.2	16.3	0.0	16.3	
2.90625	-0.3	10210	15.0	16.3	-1.3	16.3	0.0	16.3	
2.91016	-0.4	10210	14.9	16.2	-1.3	16.2	0.0	16.2	
2.91406	-0.3	10210	15.0	16.2	-1.2	16.2	0.0	16.2	
2.91797	-0.2	10210	15.1	16.1	-1.0	16.1	0.0	16.1	
2.92188	-0.3	10210	15.0	16.2	-1.2	16.2	0.0	16.2	
2.92578	-0.4	10210	15.1	16.2	-1.1	16.2	0.0	16.2	
2.92969	-0.3	10210	15.1	16.2	-1.1	16.2	0.0	16.2	
2.93359	-0.3	10210	15.0	16.2	-1.2	16.2	0.0	16.2	
2.93750	-0.4	10210	15.1	16.2	-1.1	16.2	0.0	16.2	
2.94141	-0.3	10210	15.1	16.2	-1.1	16.2	0.0	16.2	
2.94531	-0.3	10210	15.2	16.1	-0.9	16.1	0.0	16.1	
2.94922	-0.4	10210	15.1	16.2	-1.1	16.2	0.0	16.2	
2.95312	-0.4	10210	15.2	16.2	-1.0	16.2	0.0	16.2	
2.95703	-0.3	10210	15.3	16.2	-0.9	16.2	0.0	16.2	
2.96094	-0.5	10210	15.3	16.2	-0.9	16.2	0.0	16.2	
2.96484	-0.6	10209	15.3	16.1	-0.8	16.1	0.0	16.1	
2.96875	-0.6	10209	15.4	16.2	-0.8	16.2	0.0	16.2	
2.97266	-0.7	10209	15.4	16.2	-0.8	16.2	0.0	16.2	
2.97656	-0.6	10209	15.5	16.2	-0.7	16.2	0.0	16.2	
2.98047	-0.5	10209	15.5	16.2	-0.7	16.2	0.0	16.2	
2.98438	-0.6	10209	15.6	16.2	-0.6	16.2	0.0	16.2	
2.98828	-0.7	10209	15.6	16.2	-0.6	16.2	0.0	16.2	
2.99219	-0.6	10209	15.7	16.2	-0.5	16.2	0.0	16.2	
2.99609	-0.6	10209	15.8	16.3	-0.5	16.3	0.0	16.3	
3.00000	-0.7	10209	15.8	16.3	-0.5	16.3	0.0	16.3	
3.00391	-0.6	10209	15.8	16.3	-0.5	16.3	0.0	16.3	
3.00781	-0.5	10209	15.9	16.3	-0.4	16.3	0.0	16.3	
3.01172	-0.6	10209	15.9	16.3	-0.4	16.3	0.0	16.3	
3.01562	-0.6	10209	16.0	16.3	-0.3	16.3	0.0	16.3	
3.01953	-0.4	10209	16.0	16.4	-0.4	16.4	0.0	16.4	
3.02344	-0.3	10209	16.0	16.4	-0.4	16.4	0.0	16.4	
3.02734	-0.2	10209	16.0	16.4	-0.4	16.4	0.0	16.4	
3.03125	-0.2	10209	16.1	16.4	-0.3	16.4	0.0	16.4	
3.03516	-0.3	10209	16.1	16.4	-0.3	16.4	0.0	16.4	
3.03906	-0.3	10209	16.0	16.4	-0.4	16.4	0.0	16.4	
3.04297	-0.3	10209	16.1	16.5	-0.4	16.5	0.0	16.5	
3.04688	-0.3	10209	16.1	16.6	-0.5	16.6	0.0	16.6	
3.05078	-0.2	10209	16.1	16.6	-0.5	16.6	0.0	16.6	
3.05469	-0.1	10209	16.1	16.5	-0.4	16.5	0.0	16.5	
3.05859	-0.2	10209	16.1	16.5	-0.4	16.5	0.0	16.5	
3.06250	-0.3	10209	16.1	16.5	-0.4	16.5	0.0	16.5	
3.06641	-0.3	10209	16.1	16.5	-0.4	16.5	0.0	16.5	
3.07031	-0.2	10209	16.1	16.6	-0.5	16.6	0.0	16.6	
3.07422	-0.2	10209	16.1	16.6	-0.5	16.6	0.0	16.6	
3.07812	-0.2	10209	16.0	16.6	-0.6	16.6	0.0	16.6	
3.08203	-0.2	10209	16.0	16.6	-0.6	16.6	0.0	16.6	
3.08594	-0.2	10209	16.0	16.6	-0.6	16.6	0.0	16.6	
3.08984	-0.2	10209	16.0	16.6	-0.6	16.6	0.0	16.6	
3.09375	-0.2	10209	16.0	16.6	-0.6	16.6	0.0	16.6	
3.09766	-0.2	10209	16.0	16.6	-0.6	16.6	0.0	16.6	
3.10156	-0.2	10209	15.9	16.6	-0.7	16.6	0.0	16.6	
3.10547	-0.3	10209	15.9	16.6	-0.7	16.6	0.0	16.6	
3.10938	-0.2	10209	15.9	16.6	-0.7	16.6	0.0	16.6	
3.11328	-0.3	10209	15.9	16.6	-0.7	16.6	0.0	16.6	
3.11719	-0.3	10209	15.9	16.6	-0.7	16.6	0.0	16.6	
3.12109	-0.2	10209	15.9	16.6	-0.7	16.6	0.0	16.6	
3.12500	-0.3	10209	15.9	16.6	-0.7	16.6	0.0	16.6	
3.12891	-0.2	10209	15.9	16.6	-0.7	16.6	0.0	16.6	
3.13281	-0.2	10209	15.9	16.6	-0.7	16.6	0.0	16.6	
3.13672	-0.4	10208	16.0	16.6	-0.6	16.6	0.0	16.6	
3.14062	-0.4	10208	15.9	16.6	-0.7	16.6	0.0	16.6	
3.14453	-0.3	10208	15.9	16.6	-0.7	16.6	0.0	16.6	
3.14844	-0.4	10208	15.9	16.5	-0.6	16.5	0.0	16.5	
3.15234	-0.2	10208	15.9	16.5	-0.6	16.5	0.0	16.5	
3.15625	-0.3	10208	16.0	16.5	-0.5	16.5	0.0	16.5	
3.16016	-0.4	10208	15.9	16.5	-0.6	16.5	0.0	16.5	
3.16406	-0.3	10208	15.9	16.5	-0.6	16.5	0.0	16.5	
3.16797	-0.4	10208	16.0	16.5	-0.5	16.5	0.0	16.5	
3.17188	-0.5	10208	15.9	16.5	-0.6	16.5	0.0	16.5	
3.17578	-0.4	10208	15.9	16.5	-0.6	16.5	0.0	16.5	
3.17969	-0.3	10208	16.0	16.5	-0.5	16.5	0.0	16.5	
3.18359	-0.4	10208	16.0	16.4	-0.4	16.4	0.0	16.4	
3.18750	-0.4	10208	15.9	16.4	-0.5	16.4	0.0	16.4	
3.19141	-0.2	10208	15.9	16.4	-0.5	16.4	0.0	16.4	
3.19531	-0.2	10208	16.0	16.5	-0.5	16.5	0.0	16.5	
3.19922	-0.3	10208	15.9	16.5	-0.6	16.5	0.0	16.5	
3.20312	-0.2	10208	15.9	16.4	-0.5	16.4	0.0	16.4	
3.20703	-0.2	10208	15.9	16.4	-0.5	16.4	0.0	16.4	
3.21094	-0.2	10208	15.9	16.4	-0.5	16.4	0.0	16.4	
3.21484	-0.3	10208	15.9	16.5	-0.6	16.5	0.0	16.5	
3.21875	-0.4	10208	16.0	16.5	-0.5	16.5	0.0	16.5	
3.22266	-0.4	10208	16.0	16.5	-0.5	16.5	0.0	16.5	
3.22656	-0.3	10208	16.0	16.5	-0.5	16.5	0.0	16.5	
3.23047	-0.2	10208	16.0	16.5	-0.5	16.5	0.0	16.5	
3.23438	-0.3	10208	16.0	16.5	-0.5	16.5	0.0	16.5	
3.23828	-0.4	10208	16.1	16.5	-0.4	16.5	0.0	16.5	
3.24219	-0.4	10208	16.1	16.5	-0.4	16.5	0.0	16.5	
3.24609	-0.6	10208	16.2	16.6	-0.4	16.6	0.0	16.6	
3.25000	-0.7	10208	16.2	16.6	-0.4	16.6	0.0	16.6	
3.25391	-0.7	10208	16.3	16.6	-0.3	16.6	0.0	16.6	
3.25781	-0.6	10208	16.4	16.6	-0.2	16.6	0.0	16.6	
3.26172	-0.5	10208	16.4	16.6	-0.2	16.6	0.0	16.6	
3.26562	-0.7	10208	16.5	16.6	-0.1	16.6	0.0	16.6	
3.26953	-1.0	10208	16.6	16.6	0.0	16.6	0.0	16.6	
3.27344	-1.1	10208	16.7	16.6	0.1	16.6	0.0	16.6	
3.27734	-1.0	10207	16.7	16.6	0.1	16.6	0.0	16.6	
3.28125	-1.0	10207	16.8	16.6	0.2	16.6	0.0	16.6	
3.28516	-1.1	10207	16.8	16.6	0.2	16.6	0.0	16.6	
3.28906	-1.0	10207	16.9	16.6	0.3	16.6	0.0	16.6	
3.29297	-0.6	10207	16.9	16.7	0.2	16.7	0.0	16.7	
3.29688	-0.5	10207	16.9	16.6	0.3	16.6	0.0	16.6	
3.30078	-0.7	10207	17.0	16.6	0.4	16.6	0.0	16.6	
3.30469	-0.5	10207	17.1	16.7	0.4	16.7	0.0	16.7	
3.30859	-0.3	10207	17.1	16.7	0.4	16.7	0.0	16.7	
3.31250	-0.4	10207	17.1	16.7	0.4	16.7	0.0	16.7	
3.31641	-0.2	10207	17.1	16.7	0.4	16.7	0.0	16.7	
3.32031	-0.0	10207	17.1	16.7	0.4	16.7	0.0	16.7	
3.32422	-0.2	10207	17.0	16.8	0.2	16.8	0.0	16.8	
3.32812	-0.2	10207	17.0	16.8	0.2	16.8	0.0	16.8	
3.33203	-0.2	10207	17.1	16.9	0.2	16.9	0.0	16.9	
3.33594	-0.3	10207	17.1	16.9	0.2	16.9	0.0	16.9	
3.33984	-0.2	10207	17.1	17.0	0.1	17.0	0.0	17.0	
3.34375	-0.3	10207	17.1	17.0	0.1	17.0	0.0	17.0	
3.34766	-0.4	10207	17.1	17.1	0.0	17.1	0.0	17.1	
3.35156	-0.5	10207	17.2	17.1	0.1	17.1	0.0	17.1	
3.35547	-0.6	10207	17.3	17.1	0.2	17.1	0.0	17.1	
3.35938	-0.5	10207	17.3	17.2	0.1	17.2	0.0	17.2	
3.36328	-0.6	10207	17.4	17.2	0.2	17.2	0.0	17.2	
3.36719	-0.8	10207	17.4	17.3	0.1	17.3	0.0	17.3	
3.37109	-0.9	10207	17.5	17.3	0.2	17.3	0.0	17.3	
3.37500	-1.1	10207	17.6	17.4	0.2	17.4	0.0	17.4	
3.37891	-1.0	10207	17.7	17.5	0.2	17.5	0.0	17.5	
3.38281	-1.0	10206	17.8	17.5	0.3	17.5	0.0	17.5	
3.38672	-1.3	10206	17.8	17.5	0.3	17.5	0.0	17.5	
3.39062	-1.2	10206	17.9	17.6	0.3	17.6	0.0	17.6	
3.39453	-1.1	10206	18.0	17.6	0.4	17.6	0.0	17.6	
3.39844	-1.2	10206	18.0	17.7	0.3	17.7	0.0	17.7	
3.40234	-1.0	10206	18.1	17.7	0.4	17.7	0.0	17.7	
3.40625	-0.8	10206	18.1	17.8	0.3	17.8	0.0	17.8	
3.41016	-0.8	10206	18.1	17.8	0.3	17.8	0.0	17.8	
3.41406	-0.7	10206	18.2	17.9	0.3	17.9	0.0	17.9	
3.41797	-0.6	10206	18.2	17.9	0.3	17.9	0.0	17.9	
3.42188	-0.6	10206	18.3	17.9	0.4	17.9	0.0	17.9	
3.42578	-0.5	10206	18.3	18.0	0.3	18.0	0.0	18.0	
3.42969	-0.3	10206	18.3	18.1	0.2	18.1	0.0	18.1	
3.43359	-0.4	10206	18.3	18.1	0.2	18.1	0.0	18.1	
3.43750	-0.6	10206	18.4	18.1	0.3	18.1	0.0	18.1	
3.44141	-0.6	10206	18.5	18.2	0.3	18.2	0.0	18.2	
3.44531	-0.7	10206	18.5	18.3	0.2	18.3	0.0	18.3	
3.44922	-0.6	10206	18.5	18.3	0.2	18.3	0.0	18.3	
3.45312	-0.5	10206	18.5	18.4	0.1	18.4	0.0	18.4	
3.45703	-0.7	10206	18.7	18.4	0.3	18.4	0.0	18.4	
3.46094	-0.6	10206	18.6	18.5	0.1	18.5	0.0	18.5	
3.46484	-0.4	10205	18.7	18.5	0.2	18.5	0.0	18.5	
3.46875	-0.6	10205	18.8	18.5	0.3	18.5	0.0	18.5	
3.47266	-0.6	10205	18.7	18.5	0.2	18.5	0.0	18.5	
3.47656	-0.4	10205	18.7	18.6	0.1	18.6	0.0	18.6	
3.48047	-0.3	10205	18.8	18.6	0.2	18.6	0.0	18.6	
3.48438	-0.3	10205	18.8	18.7	0.1	18.7	0.0	18.7	
3.48828	-0.4	10205	18.8	18.7	0.1	18.7	0.0	18.7	
3.49219	-0.3	10205	18.8	18.8	0.0	18.8	0.0	18.8	
3.49609	-0.3	10205	18.8	18.7	0.1	18.7	0.0	18.7	
3.50000	-0.3	10205	18.7	18.8	-0.1	18.8	0.0	18.8	
3.50391	-0.2	10205	18.8	18.8	0.0	18.8	0.0	18.8	
3.50781	-0.2	10205	18.8	18.9	-0.1	18.9	0.0	18.9	
3.51172	-0.4	10205	18.7	18.9	-0.2	18.9	0.0	18.9	
3.51562	-0.4	10205	18.8	18.9	-0.1	18.9	0.0	18.9	
3.51953	-0.3	10205	18.8	18.9	-0.1	18.9	0.0	18.9	
3.52344	-0.3	10205	18.8	19.0	-0.2	19.0	0.0	19.0	
3.52734	-0.2	10205	18.8	19.0	-0.2	19.0	0.0	19.0	
3.53125	-0.2	10205	18.7	19.0	-0.3	19.0	0.0	19.0	
3.53516	-0.3	10205	18.7	19.1	-0.4	19.1	0.0	19.1	
3.53906	-0.3	10205	18.8	19.1	-0.3	19.1	0.0	19.1	
3.54297	-0.3	10205	18.8	19.1	-0.3	19.1	0.0	19.1	
3.54688	-0.5	10205	18.8	19.1	-0.3	19.1	0.0	19.1	
3.55078	-0.4	10205	18.8	19.2	-0.4	19.2	0.0	19.2	
3.55469	-0.3	10205	18.8	19.2	-0.4	19.2	0.0	19.2	
3.55859	-0.4	10205	18.8	19.3	-0.5	19.3	0.0	19.3	
3.56250	-0.5	10205	18.8	19.3	-0.5	19.3	0.0	19.3	
3.56641	-0.3	10205	18.8	19.2	-0.4	19.2	0.0	19.2	
3.57031	-0.3	10205	18.8	19.3	-0.5	19.3	0.0	19.3	
3.57422	-0.4	10205	18.8	19.4	-0.6	19.4	0.0	19.4	
3.57812	-0.3	10205	18.9	19.4	-0.5	19.4	0.0	19.4	
3.58203	-0.2	10205	18.8	19.4	-0.6	19.4	0.0	19.4	
3.58594	-0.2	10205	18.8	19.4	-0.6	19.4	0.0	19.4	
3.58984	-0.4	10205	18.8	19.4	-0.6	19.4	0.0	19.4	
3.59375	-0.4	10205	18.9	19.4	-0.5	19.4	0.0	19.4	
3.59766	-0.4	10205	18.9	19.4	-0.5	19.4	0.0	19.4	
3.60156	-0.4	10205	18.9	19.4	-0.5	19.4	0.0	19.4	
3.60547	-0.3	10205	18.9	19.4	-0.5	19.4	0.0	19.4	
3.60938	-0.2	10205	18.8	19.4	-0.6	19.4	0.0	19.4	
3.61328	-0.3	10205	18.8	19.4	-0.6	19.4	0.0	19.4	
3.61719	-0.4	10205	18.8	19.4	-0.6	19.4	0.0	19.4	
3.62109	-0.4	10205	18.7	19.4	-0.7	19.4	0.0	19.4	
3.62500	-0.3	10205	18.7	19.4	-0.7	19.4	0.0	19.4	
3.62891	-0.2	10205	18.7	19.4	-0.7	19.4	0.0	19.4	
3.63281	-0.0	10205	18.6	19.4	-0.8	19.4	0.0	19.4	
3.63672	0.0	10205	18.6	19.4	-0.8	19.4	0.0	19.4	
3.64062	-0.0	10205	18.5	19.4	-0.9	19.4	0.0	19.4	
3.64453	0.4	10205	18.5	19.4	-0.9	19.4	0.0	19.4	
3.64844	0.1	10205	18.3	19.3	-1.0	19.3	0.0	19.3	
3.65234	0.9	10205	18.3	19.3	-1.0	19.3	0.0	19.3	
3.65625	4.8	10205	19.0	19.3	-0.3	19.3	0.0	19.3	
3.66016	8.1	10206	19.4	19.3	0.1	19.3	0.0	19.3	
3.66406	11.3	10206	19.5	19.3	0.2	19.3	0.0	19.3	
3.66797	15.8	10207	19.8	19.2	0.6	19.2	0.0	19.2	
3.67188	18.8	10208	20.1	19.2	0.9	19.2	0.0	19.2	
3.67578	20.3	10210	20.2	19.2	1.0	19.2	0.0	19.2	
3.67969	21.6	10211	20.1	19.2	0.9	19.2	0.0	19.2	
3.68359	25.0	10213	20.3	19.2	1.1	19.2	0.0	19.2	
3.68750	28.8	10215	20.6	19.2	1.4	19.2	0.0	19.2	
3.69141	31.3	10217	20.7	19.2	1.5	19.2	0.0	19.2	
3.69531	35.3	10219	21.0	19.1	1.9	19.1	0.0	19.1	
3.69922	37.5	10221	21.4	19.0	2.4	19.0	0.0	19.0	
3.70312	38.3	10224	21.6	19.0	2.6	19.0	0.0	19.0	
