FluxView - FluxMed acquisition system
Signal file
Serial Number	:
W version:	1.20h-OX-CO2	File version:	1.13
Sampling rate:	256 Hz
Time	Flow	Volume	Paw	Pes	Ptpulm	Pga	Ptdiaf	CO2	
0.00391	1.0	39726	30.7	24.7	6.0	23.0	-1.7	24.7	
0.00781	1.0	39726	30.6	24.8	5.8	23.0	-1.8	24.8	
0.01172	0.9	39726	30.6	24.8	5.8	23.0	-1.8	24.8	
0.01562	0.7	39726	30.6	24.8	5.8	23.0	-1.8	24.8	
0.01953	0.6	39726	30.5	24.8	5.7	23.0	-1.8	24.8	
0.02344	0.5	39726	30.5	24.8	5.7	23.0	-1.8	24.8	
0.02734	0.4	39726	30.5	24.8	5.7	23.0	-1.8	24.8	
0.03125	0.4	39726	30.5	24.9	5.6	23.0	-1.9	24.9	
0.03516	0.3	39727	30.5	24.9	5.6	23.0	-1.9	24.9	
0.03906	0.2	39727	30.5	24.9	5.6	23.0	-1.9	24.9	
0.04297	0.1	39727	30.5	24.9	5.6	23.0	-1.9	24.9	
0.04688	0.1	39727	30.5	25.0	5.5	23.0	-2.0	25.0	
0.05078	0.1	39727	30.5	25.0	5.5	23.0	-2.0	25.0	
0.05469	0.1	39727	30.5	25.0	5.5	23.0	-2.0	25.0	
0.05859	0.1	39727	30.5	25.0	5.5	23.0	-2.0	25.0	
0.06250	0.1	39727	30.5	25.1	5.4	23.0	-2.1	25.1	
0.06641	0.1	39727	30.5	25.1	5.4	23.0	-2.1	25.1	
0.07031	0.1	39727	30.5	25.1	5.4	23.0	-2.1	25.1	
0.07422	0.2	39727	30.6	25.1	5.5	23.0	-2.1	25.1	
0.07812	0.2	39727	30.6	25.1	5.5	23.0	-2.1	25.1	
0.08203	0.3	39727	30.5	25.1	5.4	23.0	-2.1	25.1	
0.08594	0.3	39727	30.5	25.2	5.3	23.0	-2.2	25.2	
0.08984	0.4	39727	30.5	25.2	5.3	23.0	-2.2	25.2	
0.09375	0.5	39727	30.5	25.2	5.3	23.0	-2.2	25.2	
0.09766	0.5	39727	30.5	25.2	5.3	23.0	-2.2	25.2	
0.10156	0.6	39727	30.4	25.2	5.2	23.0	-2.2	25.2	
0.10547	0.7	39727	30.4	25.1	5.3	23.0	-2.1	25.1	
0.10938	0.7	39727	30.4	25.1	5.3	23.0	-2.1	25.1	
0.11328	0.8	39727	30.3	25.1	5.2	23.0	-2.1	25.1	
0.11719	0.8	39727	30.2	25.1	5.1	23.0	-2.1	25.1	
0.12109	0.7	39727	30.2	25.1	5.1	23.0	-2.1	25.1	
0.12500	0.7	39727	30.2	25.1	5.1	23.0	-2.1	25.1	
0.12891	0.6	39727	30.1	25.1	5.0	23.0	-2.1	25.1	
0.13281	0.5	39727	30.1	25.1	5.0	23.0	-2.1	25.1	
0.13672	0.4	39727	30.1	25.1	5.0	23.0	-2.1	25.1	
0.14062	0.3	39727	30.1	25.1	5.0	23.0	-2.1	25.1	
0.14453	0.2	39727	30.1	25.0	5.1	23.0	-2.0	25.0	
0.14844	0.1	39727	30.1	25.0	5.1	23.0	-2.0	25.0	
0.15234	-0.0	39727	30.1	25.0	5.1	23.0	-2.0	25.0	
0.15625	-0.1	39727	30.2	25.0	5.2	23.0	-2.0	25.0	
0.16016	-0.2	39727	30.2	25.0	5.2	23.0	-2.0	25.0	
0.16406	-0.2	39727	30.3	25.0	5.3	23.0	-2.0	25.0	
0.16797	-0.3	39727	30.3	25.0	5.3	23.0	-2.0	25.0	
0.17188	-0.3	39727	30.4	25.0	5.4	23.0	-2.0	25.0	
0.17578	-0.3	39727	30.5	25.0	5.5	23.0	-2.0	25.0	
0.17969	-0.3	39727	30.5	25.0	5.5	23.0	-2.0	25.0	
0.18359	-0.2	39727	30.6	25.0	5.6	23.0	-2.0	25.0	
0.18750	-0.2	39727	30.6	25.0	5.6	23.0	-2.0	25.0	
0.19141	-0.1	39727	30.7	25.0	5.7	23.0	-2.0	25.0	
0.19531	-0.0	39727	30.7	24.9	5.8	23.0	-1.9	24.9	
0.19922	0.1	39727	30.7	25.0	5.7	23.0	-2.0	25.0	
0.20312	0.2	39727	30.7	25.0	5.7	23.0	-2.0	25.0	
0.20703	0.2	39727	30.7	24.9	5.8	23.0	-1.9	24.9	
0.21094	0.3	39727	30.7	24.9	5.8	23.0	-1.9	24.9	
0.21484	0.4	39727	30.7	24.9	5.8	23.0	-1.9	24.9	
0.21875	0.5	39727	30.7	24.9	5.8	23.0	-1.9	24.9	
0.22266	0.5	39727	30.7	24.9	5.8	23.0	-1.9	24.9	
0.22656	0.5	39727	30.6	25.0	5.6	23.0	-2.0	25.0	
0.23047	0.5	39727	30.6	25.0	5.6	23.0	-2.0	25.0	
0.23438	0.5	39727	30.5	25.0	5.5	23.0	-2.0	25.0	
0.23828	0.6	39727	30.5	24.9	5.6	23.0	-1.9	24.9	
0.24219	0.6	39727	30.5	25.0	5.5	23.0	-2.0	25.0	
0.24609	0.5	39727	30.4	25.0	5.4	23.0	-2.0	25.0	
0.25000	0.5	39727	30.3	25.0	5.3	23.0	-2.0	25.0	
0.25391	0.5	39727	30.3	25.0	5.3	23.0	-2.0	25.0	
0.25781	0.5	39727	30.3	25.0	5.3	23.0	-2.0	25.0	
0.26172	0.4	39728	30.2	24.9	5.3	23.0	-1.9	24.9	
0.26562	0.5	39728	30.2	24.9	5.3	23.0	-1.9	24.9	
0.26953	0.4	39728	30.2	25.0	5.2	23.0	-2.0	25.0	
0.27344	0.4	39728	30.1	24.9	5.2	23.0	-1.9	24.9	
0.27734	0.4	39728	30.1	24.9	5.2	23.0	-1.9	24.9	
0.28125	0.4	39728	30.1	25.0	5.1	23.0	-2.0	25.0	
0.28516	0.4	39728	30.0	25.0	5.0	23.0	-2.0	25.0	
0.28906	0.4	39728	30.0	24.9	5.1	23.0	-1.9	24.9	
0.29297	0.4	39728	30.0	25.0	5.0	23.0	-2.0	25.0	
0.29688	0.5	39728	29.9	25.0	4.9	23.0	-2.0	25.0	
0.30078	0.6	39728	29.9	25.0	4.9	23.0	-2.0	25.0	
0.30469	0.6	39728	29.8	25.0	4.8	23.0	-2.0	25.0	
0.30859	0.7	39728	29.8	25.0	4.8	23.0	-2.0	25.0	
0.31250	0.8	39728	29.7	25.0	4.7	23.0	-2.0	25.0	
0.31641	0.9	39728	29.6	25.0	4.6	23.0	-2.0	25.0	
0.32031	1.0	39728	29.6	25.0	4.6	23.0	-2.0	25.0	
0.32422	1.1	39728	29.5	25.0	4.5	23.0	-2.0	25.0	
0.32812	1.2	39728	29.4	25.0	4.4	23.0	-2.0	25.0	
0.33203	1.3	39728	29.3	25.0	4.3	23.0	-2.0	25.0	
0.33594	1.4	39728	29.2	25.0	4.2	23.0	-2.0	25.0	
0.33984	1.5	39728	29.1	25.0	4.1	23.0	-2.0	25.0	
0.34375	1.6	39729	29.0	25.0	4.0	23.0	-2.0	25.0	
0.34766	1.7	39729	28.9	25.0	3.9	23.0	-2.0	25.0	
0.35156	1.8	39729	28.8	24.9	3.9	23.0	-1.9	24.9	
0.35547	2.0	39729	28.7	24.9	3.8	23.0	-1.9	24.9	
0.35938	2.1	39729	28.6	24.9	3.7	23.0	-1.9	24.9	
0.36328	2.2	39729	28.4	24.9	3.5	23.0	-1.9	24.9	
0.36719	2.3	39729	28.3	24.9	3.4	23.0	-1.9	24.9	
0.37109	2.4	39730	28.2	24.9	3.3	23.0	-1.9	24.9	
0.37500	2.6	39730	28.0	24.8	3.2	23.0	-1.8	24.8	
0.37891	2.8	39730	27.9	24.8	3.1	23.0	-1.8	24.8	
0.38281	2.9	39730	27.7	24.8	2.9	23.0	-1.8	24.8	
0.38672	3.2	39730	27.5	24.8	2.7	23.0	-1.8	24.8	
0.39062	3.4	39731	27.4	24.7	2.7	23.0	-1.7	24.7	
0.39453	3.6	39731	27.2	24.7	2.5	23.0	-1.7	24.7	
0.39844	3.7	39731	27.0	24.7	2.3	23.0	-1.7	24.7	
0.40234	4.0	39731	26.8	24.6	2.2	23.0	-1.6	24.6	
0.40625	4.1	39732	26.7	24.6	2.1	23.0	-1.6	24.6	
0.41016	4.3	39732	26.4	24.5	1.9	23.0	-1.5	24.5	
0.41406	4.4	39732	26.2	24.5	1.7	23.0	-1.5	24.5	
0.41797	4.6	39732	26.0	24.4	1.6	23.0	-1.4	24.4	
0.42188	4.7	39733	25.8	24.4	1.4	23.0	-1.4	24.4	
0.42578	4.8	39733	25.6	24.3	1.3	23.0	-1.3	24.3	
0.42969	4.9	39733	25.4	24.3	1.1	23.0	-1.3	24.3	
0.43359	5.0	39734	25.2	24.2	1.0	23.0	-1.2	24.2	
0.43750	5.0	39734	24.9	24.2	0.7	23.0	-1.2	24.2	
0.44141	5.0	39734	24.7	24.1	0.6	23.0	-1.1	24.1	
0.44531	5.0	39735	24.5	24.1	0.4	23.0	-1.1	24.1	
0.44922	5.0	39735	24.3	24.0	0.3	23.0	-1.0	24.0	
0.45312	5.0	39735	24.1	23.9	0.2	23.0	-0.9	23.9	
0.45703	5.0	39736	23.8	23.8	0.0	23.0	-0.8	23.8	
0.46094	4.9	39736	23.6	23.8	-0.2	23.0	-0.8	23.8	
0.46484	4.8	39736	23.4	23.7	-0.3	23.0	-0.7	23.7	
0.46875	4.8	39737	23.2	23.6	-0.4	23.0	-0.6	23.6	
0.47266	4.7	39737	23.0	23.6	-0.6	23.0	-0.6	23.6	
0.47656	4.6	39737	22.8	23.5	-0.7	23.0	-0.5	23.5	
0.48047	4.5	39737	22.6	23.4	-0.8	23.0	-0.4	23.4	
0.48438	4.4	39738	22.4	23.3	-0.9	23.0	-0.3	23.3	
0.48828	4.3	39738	22.3	23.3	-1.0	23.0	-0.3	23.3	
0.49219	4.2	39738	22.1	23.2	-1.1	23.0	-0.2	23.2	
0.49609	4.1	39739	21.9	23.1	-1.2	23.0	-0.1	23.1	
0.50000	3.9	39739	21.7	23.0	-1.3	23.0	0.0	23.0	
0.50391	3.8	39739	21.6	22.9	-1.3	23.0	0.1	22.9	
0.50781	3.7	39739	21.4	22.8	-1.4	23.0	0.2	22.8	
0.51172	3.5	39740	21.3	22.8	-1.5	23.0	0.2	22.8	
0.51562	3.4	39740	21.1	22.7	-1.6	23.0	0.3	22.7	
0.51953	3.4	39740	21.0	22.6	-1.6	23.0	0.4	22.6	
0.52344	3.2	39740	20.9	22.5	-1.6	23.0	0.5	22.5	
0.52734	3.1	39740	20.7	22.4	-1.7	23.0	0.6	22.4	
0.53125	3.0	39741	20.6	22.3	-1.7	23.0	0.7	22.3	
0.53516	2.9	39741	20.5	22.2	-1.7	23.0	0.8	22.2	
0.53906	2.7	39741	20.4	22.1	-1.7	23.0	0.9	22.1	
0.54297	2.7	39741	20.2	22.0	-1.8	23.0	1.0	22.0	
0.54688	2.6	39741	20.1	21.9	-1.8	23.0	1.1	21.9	
0.55078	2.5	39741	20.0	21.8	-1.8	23.0	1.2	21.8	
0.55469	2.4	39742	19.9	21.7	-1.8	23.0	1.3	21.7	
0.55859	2.3	39742	19.8	21.6	-1.8	23.0	1.4	21.6	
0.56250	2.3	39742	19.7	21.5	-1.8	23.0	1.5	21.5	
0.56641	2.1	39742	19.6	21.4	-1.8	23.0	1.6	21.4	
0.57031	2.1	39742	19.5	21.4	-1.9	23.0	1.6	21.4	
0.57422	2.0	39742	19.4	21.3	-1.9	23.0	1.7	21.3	
0.57812	1.9	39742	19.3	21.2	-1.9	23.0	1.8	21.2	
0.58203	1.8	39743	19.2	21.1	-1.9	23.0	1.9	21.1	
0.58594	1.8	39743	19.2	21.0	-1.8	23.0	2.0	21.0	
0.58984	1.7	39743	19.1	20.9	-1.8	23.0	2.1	20.9	
0.59375	1.6	39743	19.0	20.8	-1.8	23.0	2.2	20.8	
0.59766	1.6	39743	18.9	20.8	-1.9	23.0	2.2	20.8	
0.60156	1.5	39743	18.9	20.7	-1.8	23.0	2.3	20.7	
0.60547	1.4	39743	18.8	20.6	-1.8	23.0	2.4	20.6	
0.60938	1.4	39743	18.7	20.5	-1.8	23.0	2.5	20.5	
0.61328	1.4	39743	18.7	20.5	-1.8	23.0	2.5	20.5	
0.61719	1.3	39743	18.6	20.4	-1.8	23.0	2.6	20.4	
0.62109	1.2	39744	18.5	20.3	-1.8	23.0	2.7	20.3	
0.62500	1.2	39744	18.5	20.3	-1.8	23.0	2.7	20.3	
0.62891	1.2	39744	18.4	20.2	-1.8	23.0	2.8	20.2	
0.63281	1.2	39744	18.4	20.1	-1.7	23.0	2.9	20.1	
0.63672	1.1	39744	18.3	20.0	-1.7	23.0	3.0	20.0	
0.64062	1.1	39744	18.3	20.0	-1.7	23.0	3.0	20.0	
0.64453	1.1	39744	18.2	19.9	-1.7	23.0	3.1	19.9	
0.64844	1.0	39744	18.2	19.8	-1.6	23.0	3.2	19.8	
0.65234	0.9	39744	18.1	19.7	-1.6	23.0	3.3	19.7	
0.65625	0.9	39744	18.1	19.7	-1.6	23.0	3.3	19.7	
0.66016	0.8	39744	18.0	19.5	-1.5	23.0	3.5	19.5	
0.66406	0.7	39744	18.0	19.5	-1.5	23.0	3.5	19.5	
0.66797	0.7	39744	18.0	19.4	-1.4	23.0	3.6	19.4	
0.67188	0.6	39744	17.9	19.3	-1.4	23.0	3.7	19.3	
0.67578	0.5	39744	17.9	19.2	-1.3	23.0	3.8	19.2	
0.67969	0.5	39744	17.9	19.1	-1.2	23.0	3.9	19.1	
0.68359	0.4	39744	17.9	19.0	-1.1	23.0	4.0	19.0	
0.68750	0.4	39744	17.8	18.9	-1.1	23.0	4.1	18.9	
0.69141	0.3	39744	17.8	18.8	-1.0	23.0	4.2	18.8	
0.69531	0.3	39744	17.8	18.7	-0.9	23.0	4.3	18.7	
0.69922	0.2	39744	17.8	18.6	-0.8	23.0	4.4	18.6	
0.70312	0.1	39744	17.8	18.5	-0.7	23.0	4.5	18.5	
0.70703	0.1	39744	17.8	18.4	-0.6	23.0	4.6	18.4	
0.71094	0.1	39745	17.8	18.3	-0.5	23.0	4.7	18.3	
0.71484	0.1	39745	17.8	18.2	-0.4	23.0	4.8	18.2	
0.71875	0.1	39745	17.8	18.1	-0.3	23.0	4.9	18.1	
0.72266	0.1	39745	17.9	18.1	-0.2	23.0	4.9	18.1	
0.72656	0.0	39745	17.9	18.0	-0.1	23.0	5.0	18.0	
0.73047	-0.0	39745	17.9	17.9	0.0	23.0	5.1	17.9	
0.73438	0.0	39745	17.9	17.9	0.0	23.0	5.1	17.9	
0.73828	0.0	39745	18.0	17.8	0.2	23.0	5.2	17.8	
0.74219	-0.1	39745	18.0	17.8	0.2	23.0	5.2	17.8	
0.74609	-0.0	39745	18.1	17.7	0.4	23.0	5.3	17.7	
0.75000	-0.0	39745	18.1	17.7	0.4	23.0	5.3	17.7	
0.75391	-0.1	39745	18.1	17.7	0.4	23.0	5.3	17.7	
0.75781	-0.1	39745	18.2	17.6	0.6	23.0	5.4	17.6	
0.76172	-0.1	39744	18.2	17.6	0.6	23.0	5.4	17.6	
0.76562	-0.1	39744	18.3	17.6	0.7	23.0	5.4	17.6	
0.76953	-0.2	39744	18.3	17.5	0.8	23.0	5.5	17.5	
0.77344	-0.2	39744	18.4	17.5	0.9	23.0	5.5	17.5	
0.77734	-0.2	39744	18.5	17.5	1.0	23.0	5.5	17.5	
0.78125	-0.2	39744	18.5	17.5	1.0	23.0	5.5	17.5	
0.78516	-0.3	39744	18.6	17.5	1.1	23.0	5.5	17.5	
0.78906	-0.3	39744	18.7	17.5	1.2	23.0	5.5	17.5	
0.79297	-0.4	39744	18.7	17.4	1.3	23.0	5.6	17.4	
0.79688	-0.4	39744	18.8	17.4	1.4	23.0	5.6	17.4	
0.80078	-0.3	39744	18.9	17.4	1.5	23.0	5.6	17.4	
0.80469	-0.4	39744	19.0	17.4	1.6	23.0	5.6	17.4	
0.80859	-0.4	39744	19.0	17.3	1.7	23.0	5.7	17.3	
0.81250	-0.4	39744	19.1	17.3	1.8	23.0	5.7	17.3	
0.81641	-0.4	39744	19.2	17.3	1.9	23.0	5.7	17.3	
0.82031	-0.4	39744	19.2	17.2	2.0	23.0	5.8	17.2	
0.82422	-0.4	39744	19.3	17.2	2.1	23.0	5.8	17.2	
0.82812	-0.4	39744	19.4	17.2	2.2	23.0	5.8	17.2	
0.83203	-0.4	39744	19.5	17.2	2.3	23.0	5.8	17.2	
0.83594	-0.4	39744	19.5	17.1	2.4	23.0	5.9	17.1	
0.83984	-0.5	39744	19.6	17.1	2.5	23.0	5.9	17.1	
0.84375	-0.5	39744	19.7	17.1	2.6	23.0	5.9	17.1	
0.84766	-0.6	39744	19.8	17.0	2.8	23.0	6.0	17.0	
0.85156	-0.8	39744	19.9	17.0	2.9	23.0	6.0	17.0	
0.85547	-0.9	39744	20.0	17.0	3.0	23.0	6.0	17.0	
0.85938	-1.2	39744	20.1	17.0	3.1	23.0	6.0	17.0	
0.86328	-1.4	39744	20.2	16.9	3.3	23.0	6.1	16.9	
0.86719	-1.7	39744	20.4	16.9	3.5	23.0	6.1	16.9	
0.87109	-2.0	39743	20.5	16.9	3.6	23.0	6.1	16.9	
0.87500	-2.2	39743	20.7	16.9	3.8	23.0	6.1	16.9	
0.87891	-2.5	39743	20.8	16.9	3.9	23.0	6.1	16.9	
0.88281	-2.7	39743	21.0	16.9	4.1	23.0	6.1	16.9	
0.88672	-2.8	39743	21.2	16.9	4.3	23.0	6.1	16.9	
0.89062	-2.9	39743	21.4	16.9	4.5	23.0	6.1	16.9	
0.89453	-3.0	39742	21.5	16.9	4.6	23.0	6.1	16.9	
0.89844	-3.0	39742	21.7	16.9	4.8	23.0	6.1	16.9	
0.90234	-2.9	39742	21.9	16.9	5.0	23.0	6.1	16.9	
0.90625	-2.8	39742	22.0	16.9	5.1	23.0	6.1	16.9	
0.91016	-2.6	39742	22.2	16.9	5.3	23.0	6.1	16.9	
0.91406	-2.4	39742	22.3	16.9	5.4	23.0	6.1	16.9	
0.91797	-2.2	39741	22.5	16.9	5.6	23.0	6.1	16.9	
0.92188	-2.0	39741	22.6	16.9	5.7	23.0	6.1	16.9	
0.92578	-1.7	39741	22.7	16.9	5.8	23.0	6.1	16.9	
0.92969	-1.5	39741	22.8	17.0	5.8	23.0	6.0	17.0	
0.93359	-1.3	39741	22.9	17.0	5.9	23.0	6.0	17.0	
0.93750	-1.0	39741	23.0	17.0	6.0	23.0	6.0	17.0	
0.94141	-0.8	39741	23.1	17.0	6.1	23.0	6.0	17.0	
0.94531	-0.7	39741	23.2	17.0	6.2	23.0	6.0	17.0	
0.94922	-0.5	39741	23.3	17.1	6.2	23.0	5.9	17.1	
0.95312	-0.4	39741	23.3	17.1	6.2	23.0	5.9	17.1	
0.95703	-0.4	39741	23.4	17.1	6.3	23.0	5.9	17.1	
0.96094	-0.3	39741	23.4	17.1	6.3	23.0	5.9	17.1	
0.96484	-0.2	39741	23.5	17.2	6.3	23.0	5.8	17.2	
0.96875	-0.2	39741	23.5	17.2	6.3	23.0	5.8	17.2	
0.97266	-0.2	39741	23.6	17.2	6.4	23.0	5.8	17.2	
0.97656	-0.2	39741	23.6	17.3	6.3	23.0	5.7	17.3	
0.98047	-0.2	39741	23.7	17.3	6.4	23.0	5.7	17.3	
0.98438	-0.3	39741	23.7	17.3	6.4	23.0	5.7	17.3	
0.98828	-0.3	39741	23.8	17.3	6.5	23.0	5.7	17.3	
0.99219	-0.3	39741	23.8	17.4	6.4	23.0	5.6	17.4	
0.99609	-0.4	39741	23.9	17.4	6.5	23.0	5.6	17.4	
1.00000	-0.4	39741	23.9	17.5	6.4	23.0	5.5	17.5	
1.00391	-0.4	39740	24.0	17.5	6.5	23.0	5.5	17.5	
1.00781	-0.4	39740	24.1	17.5	6.6	23.0	5.5	17.5	
1.01172	-0.4	39740	24.1	17.6	6.5	23.0	5.4	17.6	
1.01562	-0.4	39740	24.2	17.6	6.6	23.0	5.4	17.6	
1.01953	-0.4	39740	24.2	17.6	6.6	23.0	5.4	17.6	
1.02344	-0.4	39740	24.3	17.7	6.6	23.0	5.3	17.7	
1.02734	-0.3	39740	24.3	17.7	6.6	23.0	5.3	17.7	
1.03125	-0.3	39740	24.4	17.7	6.7	23.0	5.3	17.7	
1.03516	-0.2	39740	24.4	17.8	6.6	23.0	5.2	17.8	
1.03906	-0.2	39740	24.4	17.8	6.6	23.0	5.2	17.8	
1.04297	-0.1	39740	24.5	17.9	6.6	23.0	5.1	17.9	
1.04688	-0.1	39740	24.5	17.9	6.6	23.0	5.1	17.9	
1.05078	-0.1	39740	24.5	17.9	6.6	23.0	5.1	17.9	
1.05469	0.0	39740	24.6	18.0	6.6	23.0	5.0	18.0	
1.05859	0.0	39740	24.6	18.0	6.6	23.0	5.0	18.0	
1.06250	0.0	39740	24.6	18.1	6.5	23.0	4.9	18.1	
1.06641	0.0	39740	24.6	18.1	6.5	23.0	4.9	18.1	
1.07031	-0.0	39740	24.7	18.1	6.6	23.0	4.9	18.1	
1.07422	-0.1	39740	24.7	18.2	6.5	23.0	4.8	18.2	
1.07812	-0.1	39740	24.8	18.2	6.6	23.0	4.8	18.2	
1.08203	-0.2	39740	24.8	18.2	6.6	23.0	4.8	18.2	
1.08594	-0.2	39740	24.8	18.3	6.5	23.0	4.7	18.3	
1.08984	-0.3	39740	24.9	18.3	6.6	23.0	4.7	18.3	
1.09375	-0.3	39740	24.9	18.3	6.6	23.0	4.7	18.3	
1.09766	-0.4	39740	25.0	18.4	6.6	23.0	4.6	18.4	
1.10156	-0.5	39740	25.1	18.4	6.7	23.0	4.6	18.4	
1.10547	-0.6	39740	25.1	18.5	6.6	23.0	4.5	18.5	
1.10938	-0.6	39740	25.2	18.5	6.7	23.0	4.5	18.5	
1.11328	-0.7	39740	25.3	18.5	6.8	23.0	4.5	18.5	
1.11719	-0.7	39740	25.3	18.6	6.7	23.0	4.4	18.6	
1.12109	-0.7	39740	25.4	18.6	6.8	23.0	4.4	18.6	
1.12500	-0.7	39740	25.5	18.6	6.9	23.0	4.4	18.6	
1.12891	-0.6	39740	25.6	18.6	7.0	23.0	4.4	18.6	
1.13281	-0.7	39740	25.6	18.7	6.9	23.0	4.3	18.7	
1.13672	-0.6	39740	25.7	18.7	7.0	23.0	4.3	18.7	
1.14062	-0.6	39740	25.8	18.7	7.1	23.0	4.3	18.7	
1.14453	-0.5	39740	25.8	18.8	7.0	23.0	4.2	18.8	
1.14844	-0.5	39740	25.9	18.8	7.1	23.0	4.2	18.8	
1.15234	-0.4	39740	25.9	18.9	7.0	23.0	4.1	18.9	
1.15625	-0.4	39740	26.0	18.9	7.1	23.0	4.1	18.9	
1.16016	-0.3	39740	26.0	18.9	7.1	23.0	4.1	18.9	
1.16406	-0.3	39740	26.1	19.0	7.1	23.0	4.0	19.0	
1.16797	-0.2	39740	26.1	19.0	7.1	23.0	4.0	19.0	
1.17188	-0.2	39740	26.2	19.0	7.2	23.0	4.0	19.0	
1.17578	-0.2	39740	26.2	19.1	7.1	23.0	3.9	19.1	
1.17969	-0.1	39740	26.2	19.1	7.1	23.0	3.9	19.1	
1.18359	-0.1	39740	26.3	19.2	7.1	23.0	3.8	19.2	
1.18750	-0.1	39740	26.3	19.2	7.1	23.0	3.8	19.2	
1.19141	-0.1	39739	26.3	19.2	7.1	23.0	3.8	19.2	
1.19531	-0.1	39739	26.4	19.3	7.1	23.0	3.7	19.3	
1.19922	-0.1	39739	26.4	19.3	7.1	23.0	3.7	19.3	
1.20312	-0.1	39739	26.4	19.3	7.1	23.0	3.7	19.3	
1.20703	-0.2	39739	26.5	19.4	7.1	23.0	3.6	19.4	
1.21094	-0.2	39739	26.5	19.4	7.1	23.0	3.6	19.4	
1.21484	-0.1	39739	26.6	19.4	7.2	23.0	3.6	19.4	
1.21875	-0.2	39739	26.6	19.5	7.1	23.0	3.5	19.5	
1.22266	-0.2	39739	26.7	19.5	7.2	23.0	3.5	19.5	
1.22656	-0.2	39739	26.7	19.6	7.1	23.0	3.4	19.6	
1.23047	-0.2	39739	26.7	19.6	7.1	23.0	3.4	19.6	
1.23438	-0.2	39739	26.8	19.6	7.2	23.0	3.4	19.6	
1.23828	-0.2	39739	26.8	19.7	7.1	23.0	3.3	19.7	
1.24219	-0.2	39739	26.8	19.7	7.1	23.0	3.3	19.7	
1.24609	-0.2	39739	26.9	19.8	7.1	23.0	3.2	19.8	
1.25000	-0.2	39739	26.9	19.8	7.1	23.0	3.2	19.8	
1.25391	-0.2	39739	26.9	19.8	7.1	23.0	3.2	19.8	
1.25781	-0.2	39739	27.0	19.9	7.1	23.0	3.1	19.9	
1.26172	-0.2	39739	27.0	19.9	7.1	23.0	3.1	19.9	
1.26562	-0.2	39739	27.1	20.0	7.1	23.0	3.0	20.0	
1.26953	-0.2	39739	27.1	20.0	7.1	23.0	3.0	20.0	
1.27344	-0.2	39739	27.1	20.1	7.0	23.0	2.9	20.1	
1.27734	-0.1	39739	27.2	20.1	7.1	23.0	2.9	20.1	
1.28125	-0.1	39739	27.2	20.2	7.0	23.0	2.8	20.2	
1.28516	-0.2	39739	27.3	20.2	7.1	23.0	2.8	20.2	
1.28906	-0.2	39739	27.3	20.2	7.1	23.0	2.8	20.2	
1.29297	-0.2	39739	27.3	20.3	7.0	23.0	2.7	20.3	
1.29688	-0.2	39739	27.4	20.4	7.0	23.0	2.6	20.4	
1.30078	-0.2	39739	27.4	20.4	7.0	23.0	2.6	20.4	
1.30469	-0.2	39739	27.4	20.5	6.9	23.0	2.5	20.5	
1.30859	-0.2	39739	27.5	20.5	7.0	23.0	2.5	20.5	
1.31250	-0.2	39739	27.5	20.6	6.9	23.0	2.4	20.6	
1.31641	-0.2	39739	27.6	20.6	7.0	23.0	2.4	20.6	
1.32031	-0.2	39739	27.6	20.7	6.9	23.0	2.3	20.7	
1.32422	-0.2	39739	27.7	20.8	6.9	23.0	2.2	20.8	
1.32812	-0.2	39739	27.7	20.8	6.9	23.0	2.2	20.8	
1.33203	-0.2	39739	27.7	20.9	6.8	23.0	2.1	20.9	
1.33594	-0.2	39739	27.8	20.9	6.9	23.0	2.1	20.9	
1.33984	-0.2	39739	27.8	21.0	6.8	23.0	2.0	21.0	
1.34375	-0.2	39739	27.9	21.0	6.9	23.0	2.0	21.0	
1.34766	-0.2	39739	27.9	21.1	6.8	23.0	1.9	21.1	
1.35156	-0.2	39739	28.0	21.1	6.9	23.0	1.9	21.1	
1.35547	-0.2	39739	28.0	21.2	6.8	23.0	1.8	21.2	
1.35938	-0.2	39739	28.0	21.2	6.8	23.0	1.8	21.2	
1.36328	-0.1	39739	28.1	21.2	6.9	23.0	1.8	21.2	
1.36719	-0.1	39739	28.1	21.3	6.8	23.0	1.7	21.3	
1.37109	-0.1	39739	28.1	21.3	6.8	23.0	1.7	21.3	
1.37500	-0.1	39739	28.2	21.4	6.8	23.0	1.6	21.4	
1.37891	-0.1	39739	28.2	21.4	6.8	23.0	1.6	21.4	
1.38281	-0.1	39739	28.2	21.4	6.8	23.0	1.6	21.4	
1.38672	-0.1	39739	28.3	21.4	6.9	23.0	1.6	21.4	
1.39062	-0.1	39739	28.3	21.5	6.8	23.0	1.5	21.5	
1.39453	-0.1	39739	28.3	21.5	6.8	23.0	1.5	21.5	
1.39844	-0.1	39739	28.3	21.5	6.8	23.0	1.5	21.5	
1.40234	-0.0	39739	28.4	21.5	6.9	23.0	1.5	21.5	
1.40625	-0.0	39739	28.4	21.5	6.9	23.0	1.5	21.5	
1.41016	-0.0	39739	28.4	21.5	6.9	23.0	1.5	21.5	
1.41406	0.0	39739	28.4	21.6	6.8	23.0	1.4	21.6	
1.41797	0.0	39739	28.4	21.6	6.8	23.0	1.4	21.6	
1.42188	0.1	39739	28.5	21.6	6.9	23.0	1.4	21.6	
1.42578	0.1	39739	28.5	21.6	6.9	23.0	1.4	21.6	
1.42969	0.0	39739	28.5	21.6	6.9	23.0	1.4	21.6	
1.43359	0.1	39739	28.5	21.6	6.9	23.0	1.4	21.6	
1.43750	0.1	39739	28.5	21.6	6.9	23.0	1.4	21.6	
1.44141	0.1	39739	28.5	21.7	6.8	23.0	1.3	21.7	
1.44531	0.1	39739	28.5	21.7	6.8	23.0	1.3	21.7	
1.44922	0.1	39739	28.5	21.7	6.8	23.0	1.3	21.7	
1.45312	0.1	39739	28.5	21.7	6.8	23.0	1.3	21.7	
1.45703	0.1	39739	28.5	21.7	6.8	23.0	1.3	21.7	
1.46094	0.1	39739	28.5	21.8	6.7	23.0	1.2	21.8	
1.46484	0.1	39739	28.6	21.8	6.8	23.0	1.2	21.8	
1.46875	0.1	39739	28.5	21.9	6.6	23.0	1.1	21.9	
1.47266	0.1	39739	28.6	21.9	6.7	23.0	1.1	21.9	
1.47656	0.1	39739	28.6	21.9	6.7	23.0	1.1	21.9	
1.48047	0.1	39739	28.6	22.0	6.6	23.0	1.0	22.0	
1.48438	0.1	39739	28.6	22.0	6.6	23.0	1.0	22.0	
1.48828	0.0	39739	28.6	22.1	6.5	23.0	0.9	22.1	
1.49219	0.0	39739	28.6	22.1	6.5	23.0	0.9	22.1	
1.49609	0.0	39739	28.6	22.2	6.4	23.0	0.8	22.2	
1.50000	0.0	39739	28.6	22.2	6.4	23.0	0.8	22.2	
1.50391	0.0	39739	28.7	22.3	6.4	23.0	0.7	22.3	
1.50781	0.0	39739	28.7	22.3	6.4	23.0	0.7	22.3	
1.51172	0.0	39739	28.7	22.3	6.4	23.0	0.7	22.3	
1.51562	0.0	39739	28.7	22.4	6.3	23.0	0.6	22.4	
1.51953	0.0	39739	28.7	22.4	6.3	23.0	0.6	22.4	
1.52344	0.0	39739	28.8	22.4	6.4	23.0	0.6	22.4	
1.52734	0.1	39739	28.8	22.5	6.3	23.0	0.5	22.5	
1.53125	0.2	39739	28.8	22.5	6.3	23.0	0.5	22.5	
1.53516	0.2	39739	28.7	22.5	6.2	23.0	0.5	22.5	
1.53906	0.2	39739	28.7	22.5	6.2	23.0	0.5	22.5	
1.54297	0.2	39739	28.7	22.5	6.2	23.0	0.5	22.5	
1.54688	0.3	39739	28.7	22.5	6.2	23.0	0.5	22.5	
1.55078	0.3	39739	28.7	22.6	6.1	23.0	0.4	22.6	
1.55469	0.3	39739	28.7	22.6	6.1	23.0	0.4	22.6	
1.55859	0.3	39739	28.6	22.6	6.0	23.0	0.4	22.6	
1.56250	0.3	39739	28.6	22.6	6.0	23.0	0.4	22.6	
1.56641	0.3	39739	28.6	22.6	6.0	23.0	0.4	22.6	
1.57031	0.2	39739	28.6	22.6	6.0	23.0	0.4	22.6	
1.57422	0.2	39739	28.6	22.6	6.0	23.0	0.4	22.6	
1.57812	0.1	39739	28.6	22.6	6.0	23.0	0.4	22.6	
1.58203	0.0	39739	28.6	22.6	6.0	23.0	0.4	22.6	
1.58594	-0.1	39739	28.6	22.6	6.0	23.0	0.4	22.6	
1.58984	-0.2	39739	28.6	22.6	6.0	23.0	0.4	22.6	
1.59375	-0.4	39739	28.7	22.6	6.1	23.0	0.4	22.6	
1.59766	-0.5	39739	28.7	22.6	6.1	23.0	0.4	22.6	
1.60156	-0.6	39739	28.8	22.6	6.2	23.0	0.4	22.6	
1.60547	-0.7	39739	28.8	22.6	6.2	23.0	0.4	22.6	
1.60938	-0.8	39739	28.9	22.6	6.3	23.0	0.4	22.6	
1.61328	-0.9	39739	29.0	22.6	6.4	23.0	0.4	22.6	
1.61719	-0.9	39739	29.1	22.6	6.5	23.0	0.4	22.6	
1.62109	-0.9	39739	29.2	22.7	6.5	23.0	0.3	22.7	
1.62500	-0.9	39739	29.2	22.7	6.5	23.0	0.3	22.7	
1.62891	-0.7	39739	29.3	22.7	6.6	23.0	0.3	22.7	
1.63281	-0.6	39739	29.4	22.7	6.7	23.0	0.3	22.7	
1.63672	-0.5	39739	29.4	22.7	6.7	23.0	0.3	22.7	
1.64062	-0.3	39739	29.5	22.7	6.8	23.0	0.3	22.7	
1.64453	-0.3	39739	29.5	22.7	6.8	23.0	0.3	22.7	
1.64844	-0.1	39739	29.5	22.8	6.7	23.0	0.2	22.8	
1.65234	-0.0	39739	29.6	22.8	6.8	23.0	0.2	22.8	
1.65625	0.0	39739	29.6	22.8	6.8	23.0	0.2	22.8	
1.66016	0.1	39739	29.6	22.8	6.8	23.0	0.2	22.8	
1.66406	0.2	39739	29.6	22.8	6.8	23.0	0.2	22.8	
1.66797	0.2	39739	29.6	22.9	6.7	23.0	0.1	22.9	
1.67188	0.3	39739	29.6	22.9	6.7	23.0	0.1	22.9	
1.67578	0.3	39739	29.5	22.9	6.6	23.0	0.1	22.9	
1.67969	0.3	39739	29.5	22.9	6.6	23.0	0.1	22.9	
1.68359	0.2	39739	29.5	22.9	6.6	23.0	0.1	22.9	
1.68750	0.3	39739	29.5	23.0	6.5	23.0	0.0	23.0	
1.69141	0.2	39739	29.5	23.0	6.5	23.0	0.0	23.0	
1.69531	0.2	39739	29.5	23.0	6.5	23.0	0.0	23.0	
1.69922	0.2	39739	29.5	23.0	6.5	23.0	0.0	23.0	
1.70312	0.1	39739	29.5	23.0	6.5	23.0	0.0	23.0	
1.70703	0.1	39739	29.4	23.1	6.3	23.0	-0.1	23.1	
1.71094	0.1	39739	29.5	23.1	6.4	23.0	-0.1	23.1	
1.71484	0.1	39739	29.5	23.1	6.4	23.0	-0.1	23.1	
1.71875	0.1	39739	29.5	23.1	6.4	23.0	-0.1	23.1	
1.72266	0.1	39739	29.5	23.1	6.4	23.0	-0.1	23.1	
1.72656	0.0	39739	29.5	23.2	6.3	23.0	-0.2	23.2	
1.73047	0.0	39739	29.5	23.2	6.3	23.0	-0.2	23.2	
1.73438	0.1	39739	29.5	23.2	6.3	23.0	-0.2	23.2	
1.73828	0.1	39739	29.5	23.2	6.3	23.0	-0.2	23.2	
1.74219	0.1	39739	29.5	23.2	6.3	23.0	-0.2	23.2	
1.74609	0.1	39739	29.5	23.3	6.2	23.0	-0.3	23.3	
1.75000	0.2	39739	29.5	23.3	6.2	23.0	-0.3	23.3	
1.75391	0.2	39739	29.5	23.3	6.2	23.0	-0.3	23.3	
1.75781	0.2	39739	29.5	23.4	6.1	23.0	-0.4	23.4	
1.76172	0.2	39739	29.5	23.4	6.1	23.0	-0.4	23.4	
1.76562	0.2	39739	29.5	23.4	6.1	23.0	-0.4	23.4	
1.76953	0.2	39739	29.4	23.4	6.0	23.0	-0.4	23.4	
1.77344	0.2	39739	29.4	23.4	6.0	23.0	-0.4	23.4	
1.77734	0.3	39739	29.4	23.5	5.9	23.0	-0.5	23.5	
1.78125	0.2	39739	29.4	23.5	5.9	23.0	-0.5	23.5	
1.78516	0.2	39739	29.3	23.5	5.8	23.0	-0.5	23.5	
1.78906	0.2	39739	29.3	23.5	5.8	23.0	-0.5	23.5	
1.79297	0.2	39739	29.3	23.6	5.7	23.0	-0.6	23.6	
1.79688	0.2	39739	29.3	23.6	5.7	23.0	-0.6	23.6	
1.80078	0.1	39739	29.3	23.6	5.7	23.0	-0.6	23.6	
1.80469	0.1	39739	29.3	23.6	5.7	23.0	-0.6	23.6	
1.80859	0.1	39739	29.3	23.6	5.7	23.0	-0.6	23.6	
1.81250	0.0	39739	29.3	23.7	5.6	23.0	-0.7	23.7	
1.81641	-0.0	39739	29.3	23.7	5.6	23.0	-0.7	23.7	
1.82031	-0.0	39739	29.4	23.7	5.7	23.0	-0.7	23.7	
1.82422	-0.1	39739	29.4	23.7	5.7	23.0	-0.7	23.7	
1.82812	-0.1	39739	29.4	23.7	5.7	23.0	-0.7	23.7	
1.83203	-0.1	39739	29.4	23.8	5.6	23.0	-0.8	23.8	
1.83594	-0.1	39739	29.5	23.8	5.7	23.0	-0.8	23.8	
1.83984	-0.1	39739	29.5	23.8	5.7	23.0	-0.8	23.8	
1.84375	-0.0	39739	29.5	23.8	5.7	23.0	-0.8	23.8	
1.84766	-0.0	39739	29.5	23.8	5.7	23.0	-0.8	23.8	
1.85156	0.0	39739	29.6	23.8	5.8	23.0	-0.8	23.8	
1.85547	0.1	39739	29.6	23.8	5.8	23.0	-0.8	23.8	
1.85938	0.1	39739	29.6	23.9	5.7	23.0	-0.9	23.9	
1.86328	0.1	39739	29.6	23.9	5.7	23.0	-0.9	23.9	
1.86719	0.1	39739	29.6	23.9	5.7	23.0	-0.9	23.9	
1.87109	0.1	39739	29.6	23.9	5.7	23.0	-0.9	23.9	
1.87500	0.2	39739	29.6	23.9	5.7	23.0	-0.9	23.9	
1.87891	0.2	39739	29.6	23.9	5.7	23.0	-0.9	23.9	
1.88281	0.2	39739	29.6	23.9	5.7	23.0	-0.9	23.9	
1.88672	0.2	39739	29.6	24.0	5.6	23.0	-1.0	24.0	
1.89062	0.2	39739	29.6	23.9	5.7	23.0	-0.9	23.9	
1.89453	0.2	39739	29.6	24.0	5.6	23.0	-1.0	24.0	
1.89844	0.2	39739	29.6	24.0	5.6	23.0	-1.0	24.0	
1.90234	0.2	39739	29.5	24.0	5.5	23.0	-1.0	24.0	
1.90625	0.2	39739	29.5	24.0	5.5	23.0	-1.0	24.0	
1.91016	0.2	39739	29.5	24.0	5.5	23.0	-1.0	24.0	
1.91406	0.2	39739	29.5	24.0	5.5	23.0	-1.0	24.0	
1.91797	0.2	39739	29.5	24.0	5.5	23.0	-1.0	24.0	
1.92188	0.1	39739	29.5	24.0	5.5	23.0	-1.0	24.0	
1.92578	0.1	39739	29.5	24.1	5.4	23.0	-1.1	24.1	
1.92969	0.1	39739	29.5	24.1	5.4	23.0	-1.1	24.1	
1.93359	0.1	39739	29.5	24.1	5.4	23.0	-1.1	24.1	
1.93750	0.1	39739	29.5	24.1	5.4	23.0	-1.1	24.1	
1.94141	0.1	39739	29.5	24.1	5.4	23.0	-1.1	24.1	
1.94531	0.1	39739	29.5	24.1	5.4	23.0	-1.1	24.1	
1.94922	0.1	39739	29.5	24.1	5.4	23.0	-1.1	24.1	
1.95312	0.1	39739	29.5	24.1	5.4	23.0	-1.1	24.1	
1.95703	0.1	39739	29.5	24.2	5.3	23.0	-1.2	24.2	
1.96094	0.1	39739	29.6	24.2	5.4	23.0	-1.2	24.2	
1.96484	0.1	39739	29.6	24.2	5.4	23.0	-1.2	24.2	
1.96875	0.1	39739	29.6	24.2	5.4	23.0	-1.2	24.2	
1.97266	0.1	39739	29.6	24.2	5.4	23.0	-1.2	24.2	
1.97656	0.1	39739	29.6	24.2	5.4	23.0	-1.2	24.2	
1.98047	0.1	39739	29.6	24.2	5.4	23.0	-1.2	24.2	
1.98438	0.1	39739	29.6	24.3	5.3	23.0	-1.3	24.3	
1.98828	0.1	39739	29.6	24.3	5.3	23.0	-1.3	24.3	
1.99219	0.1	39739	29.6	24.3	5.3	23.0	-1.3	24.3	
1.99609	0.1	39739	29.6	24.3	5.3	23.1	-1.2	24.3	
2.00000	0.0	39739	29.7	24.3	5.4	23.1	-1.2	24.3	
2.00391	0.1	39739	29.7	24.4	5.3	23.1	-1.3	24.4	
2.00781	0.0	39739	29.7	24.4	5.3	23.1	-1.3	24.4	
2.01172	0.0	39739	29.7	24.4	5.3	23.1	-1.3	24.4	
2.01562	0.0	39739	29.7	24.4	5.3	23.1	-1.3	24.4	
2.01953	0.1	39739	29.7	24.5	5.2	23.1	-1.4	24.5	
2.02344	0.1	39739	29.8	24.5	5.3	23.1	-1.4	24.5	
2.02734	-0.0	39739	29.8	24.5	5.3	23.1	-1.4	24.5	
2.03125	0.0	39739	29.8	24.5	5.3	23.1	-1.4	24.5	
2.03516	0.1	39739	29.8	24.6	5.2	23.1	-1.5	24.6	
2.03906	0.0	39739	29.8	24.6	5.2	23.1	-1.5	24.6	
2.04297	0.0	39739	29.8	24.6	5.2	23.1	-1.5	24.6	
2.04688	0.0	39739	29.9	24.7	5.2	23.1	-1.6	24.7	
2.05078	0.0	39739	29.9	24.7	5.2	23.1	-1.6	24.7	
2.05469	0.1	39739	29.9	24.7	5.2	23.1	-1.6	24.7	
2.05859	0.1	39739	29.9	24.8	5.1	23.1	-1.7	24.8	
2.06250	0.1	39739	29.9	24.8	5.1	23.1	-1.7	24.8	
2.06641	0.1	39739	29.9	24.8	5.1	23.1	-1.7	24.8	
2.07031	0.1	39739	29.9	24.9	5.0	23.1	-1.8	24.9	
2.07422	0.1	39739	29.9	24.9	5.0	23.1	-1.8	24.9	
2.07812	0.1	39739	29.9	24.9	5.0	23.1	-1.8	24.9	
2.08203	0.1	39739	29.9	24.9	5.0	23.1	-1.8	24.9	
2.08594	0.1	39739	29.9	24.9	5.0	23.1	-1.8	24.9	
2.08984	0.1	39739	30.0	25.0	5.0	23.1	-1.9	25.0	
2.09375	0.1	39739	30.0	25.0	5.0	23.1	-1.9	25.0	
2.09766	0.1	39739	30.0	25.0	5.0	23.1	-1.9	25.0	
2.10156	0.1	39739	30.0	25.0	5.0	23.1	-1.9	25.0	
2.10547	0.1	39739	30.0	25.0	5.0	23.1	-1.9	25.0	
2.10938	0.1	39739	30.0	25.0	5.0	23.1	-1.9	25.0	
2.11328	0.1	39739	30.0	25.0	5.0	23.1	-1.9	25.0	
2.11719	0.1	39739	30.0	25.0	5.0	23.1	-1.9	25.0	
2.12109	0.1	39739	30.0	25.0	5.0	23.1	-1.9	25.0	
2.12500	0.2	39739	30.0	25.0	5.0	23.1	-1.9	25.0	
2.12891	0.1	39739	30.0	25.0	5.0	23.1	-1.9	25.0	
2.13281	0.1	39739	30.0	24.9	5.1	23.1	-1.8	24.9	
2.13672	0.1	39739	30.0	24.9	5.1	23.1	-1.8	24.9	
2.14062	0.1	39740	30.0	24.9	5.1	23.1	-1.8	24.9	
2.14453	0.1	39740	30.0	24.9	5.1	23.1	-1.8	24.9	
2.14844	0.2	39740	30.0	24.9	5.1	23.1	-1.8	24.9	
2.15234	0.2	39740	30.0	24.9	5.1	23.1	-1.8	24.9	
2.15625	0.1	39740	30.0	24.9	5.1	23.1	-1.8	24.9	
2.16016	0.1	39740	30.0	24.9	5.1	23.1	-1.8	24.9	
2.16406	0.1	39740	30.0	24.8	5.2	23.1	-1.7	24.8	
2.16797	0.2	39740	30.0	24.8	5.2	23.1	-1.7	24.8	
2.17188	0.2	39740	30.0	24.8	5.2	23.1	-1.7	24.8	
2.17578	0.2	39740	30.0	24.8	5.2	23.1	-1.7	24.8	
2.17969	0.1	39740	30.0	24.8	5.2	23.1	-1.7	24.8	
2.18359	0.1	39740	30.0	24.8	5.2	23.1	-1.7	24.8	
2.18750	0.1	39740	30.0	24.9	5.1	23.1	-1.8	24.9	
2.19141	0.1	39740	30.0	24.9	5.1	23.1	-1.8	24.9	
2.19531	0.1	39740	30.0	24.9	5.1	23.1	-1.8	24.9	
2.19922	0.1	39740	30.0	24.9	5.1	23.1	-1.8	24.9	
2.20312	0.1	39740	30.0	25.0	5.0	23.1	-1.9	25.0	
2.20703	0.1	39740	30.0	25.0	5.0	23.1	-1.9	25.0	
2.21094	0.1	39740	30.0	25.0	5.0	23.1	-1.9	25.0	
2.21484	0.1	39740	30.0	25.0	5.0	23.1	-1.9	25.0	
2.21875	0.1	39740	30.0	25.1	4.9	23.1	-2.0	25.1	
2.22266	0.1	39740	30.0	25.1	4.9	23.1	-2.0	25.1	
2.22656	0.1	39740	30.1	25.1	5.0	23.1	-2.0	25.1	
2.23047	0.1	39740	30.1	25.1	5.0	23.1	-2.0	25.1	
2.23438	0.1	39740	30.1	25.1	5.0	23.1	-2.0	25.1	
2.23828	0.1	39740	30.1	25.2	4.9	23.1	-2.1	25.2	
2.24219	0.1	39740	30.1	25.2	4.9	23.1	-2.1	25.2	
2.24609	0.1	39740	30.1	25.2	4.9	23.1	-2.1	25.2	
2.25000	0.2	39740	30.1	25.2	4.9	23.1	-2.1	25.2	
2.25391	0.2	39740	30.1	25.2	4.9	23.1	-2.1	25.2	
2.25781	0.2	39740	30.1	25.2	4.9	23.1	-2.1	25.2	
2.26172	0.3	39740	30.0	25.2	4.8	23.1	-2.1	25.2	
2.26562	0.3	39740	30.0	25.2	4.8	23.1	-2.1	25.2	
2.26953	0.3	39740	30.0	25.2	4.8	23.1	-2.1	25.2	
2.27344	0.4	39740	30.0	25.2	4.8	23.1	-2.1	25.2	
2.27734	0.4	39740	29.9	25.2	4.7	23.1	-2.1	25.2	
2.28125	0.4	39740	29.9	25.1	4.8	23.1	-2.0	25.1	
2.28516	0.4	39740	29.9	25.1	4.8	23.1	-2.0	25.1	
2.28906	0.3	39740	29.8	25.1	4.7	23.1	-2.0	25.1	
2.29297	0.3	39740	29.8	25.1	4.7	23.1	-2.0	25.1	
2.29688	0.3	39740	29.8	25.1	4.7	23.1	-2.0	25.1	
2.30078	0.2	39740	29.8	25.1	4.7	23.1	-2.0	25.1	
2.30469	0.1	39740	29.8	25.1	4.7	23.1	-2.0	25.1	
2.30859	-0.0	39740	29.8	25.1	4.7	23.1	-2.0	25.1	
2.31250	-0.2	39740	29.8	25.0	4.8	23.1	-1.9	25.0	
2.31641	-0.3	39740	29.9	25.0	4.9	23.1	-1.9	25.0	
2.32031	-0.4	39740	29.9	25.0	4.9	23.1	-1.9	25.0	
2.32422	-0.5	39740	30.0	25.0	5.0	23.1	-1.9	25.0	
2.32812	-0.6	39740	30.0	25.0	5.0	23.1	-1.9	25.0	
2.33203	-0.7	39740	30.1	25.0	5.1	23.1	-1.9	25.0	
2.33594	-0.7	39740	30.2	25.0	5.2	23.1	-1.9	25.0	
2.33984	-0.7	39740	30.3	25.0	5.3	23.1	-1.9	25.0	
2.34375	-0.7	39740	30.3	25.0	5.3	23.1	-1.9	25.0	
2.34766	-0.7	39740	30.4	25.0	5.4	23.1	-1.9	25.0	
2.35156	-0.6	39740	30.5	25.0	5.5	23.1	-1.9	25.0	
2.35547	-0.5	39740	30.5	25.0	5.5	23.1	-1.9	25.0	
2.35938	-0.4	39740	30.6	25.0	5.6	23.1	-1.9	25.0	
2.36328	-0.3	39740	30.6	25.0	5.6	23.1	-1.9	25.0	
2.36719	-0.1	39740	30.7	25.0	5.7	23.1	-1.9	25.0	
2.37109	-0.0	39740	30.7	25.0	5.7	23.1	-1.9	25.0	
2.37500	0.0	39740	30.7	25.0	5.7	23.1	-1.9	25.0	
2.37891	0.1	39740	30.7	25.0	5.7	23.1	-1.9	25.0	
2.38281	0.2	39740	30.7	25.0	5.7	23.1	-1.9	25.0	
2.38672	0.2	39740	30.7	25.0	5.7	23.1	-1.9	25.0	
2.39062	0.3	39740	30.7	25.0	5.7	23.1	-1.9	25.0	
2.39453	0.3	39740	30.7	25.0	5.7	23.1	-1.9	25.0	
2.39844	0.3	39740	30.6	25.0	5.6	23.1	-1.9	25.0	
2.40234	0.3	39740	30.6	25.0	5.6	23.1	-1.9	25.0	
2.40625	0.3	39740	30.6	25.0	5.6	23.1	-1.9	25.0	
2.41016	0.3	39740	30.6	25.0	5.6	23.1	-1.9	25.0	
2.41406	0.3	39740	30.5	25.0	5.5	23.1	-1.9	25.0	
2.41797	0.2	39740	30.5	25.0	5.5	23.1	-1.9	25.0	
2.42188	0.2	39740	30.5	25.0	5.5	23.1	-1.9	25.0	
2.42578	0.2	39740	30.5	25.0	5.5	23.1	-1.9	25.0	
2.42969	0.2	39740	30.4	25.0	5.4	23.1	-1.9	25.0	
2.43359	0.2	39740	30.5	25.1	5.4	23.1	-2.0	25.1	
2.43750	0.1	39740	30.4	25.1	5.3	23.1	-2.0	25.1	
2.44141	0.1	39740	30.4	25.1	5.3	23.1	-2.0	25.1	
2.44531	0.1	39740	30.4	25.1	5.3	23.1	-2.0	25.1	
2.44922	0.1	39740	30.4	25.1	5.3	23.1	-2.0	25.1	
2.45312	0.1	39740	30.4	25.1	5.3	23.1	-2.0	25.1	
2.45703	0.1	39740	30.4	25.1	5.3	23.1	-2.0	25.1	
2.46094	0.1	39740	30.4	25.1	5.3	23.1	-2.0	25.1	
2.46484	0.2	39740	30.4	25.1	5.3	23.1	-2.0	25.1	
2.46875	0.2	39740	30.4	25.2	5.2	23.1	-2.1	25.2	
2.47266	0.2	39740	30.4	25.2	5.2	23.1	-2.1	25.2	
2.47656	0.2	39740	30.4	25.2	5.2	23.1	-2.1	25.2	
2.48047	0.2	39740	30.3	25.2	5.1	23.1	-2.1	25.2	
2.48438	0.2	39740	30.3	25.2	5.1	23.1	-2.1	25.2	
2.48828	0.3	39740	30.3	25.2	5.1	23.1	-2.1	25.2	
2.49219	0.3	39740	30.3	25.2	5.1	23.1	-2.1	25.2	
2.49609	0.2	39740	30.3	25.2	5.1	23.1	-2.1	25.2	
2.50000	0.3	39740	30.2	25.2	5.0	23.1	-2.1	25.2	
2.50391	0.3	39740	30.2	25.3	4.9	23.1	-2.2	25.3	
2.50781	0.2	39740	30.2	25.3	4.9	23.1	-2.2	25.3	
2.51172	0.2	39740	30.2	25.3	4.9	23.1	-2.2	25.3	
2.51562	0.2	39740	30.2	25.3	4.9	23.1	-2.2	25.3	
2.51953	0.2	39740	30.1	25.3	4.8	23.1	-2.2	25.3	
2.52344	0.1	39740	30.1	25.3	4.8	23.1	-2.2	25.3	
2.52734	0.1	39740	30.1	25.3	4.8	23.1	-2.2	25.3	
2.53125	0.1	39740	30.1	25.3	4.8	23.1	-2.2	25.3	
2.53516	0.1	39740	30.1	25.3	4.8	23.1	-2.2	25.3	
2.53906	0.1	39740	30.2	25.4	4.8	23.1	-2.3	25.4	
2.54297	0.1	39740	30.2	25.4	4.8	23.1	-2.3	25.4	
2.54688	0.1	39740	30.2	25.4	4.8	23.1	-2.3	25.4	
2.55078	0.0	39740	30.2	25.4	4.8	23.1	-2.3	25.4	
2.55469	0.0	39740	30.2	25.4	4.8	23.1	-2.3	25.4	
2.55859	0.1	39740	30.2	25.4	4.8	23.1	-2.3	25.4	
2.56250	0.1	39740	30.2	25.4	4.8	23.1	-2.3	25.4	
2.56641	0.0	39740	30.3	25.4	4.9	23.1	-2.3	25.4	
2.57031	0.1	39740	30.3	25.4	4.9	23.1	-2.3	25.4	
2.57422	0.1	39740	30.3	25.4	4.9	23.1	-2.3	25.4	
2.57812	0.1	39740	30.3	25.4	4.9	23.1	-2.3	25.4	
2.58203	0.1	39740	30.3	25.4	4.9	23.1	-2.3	25.4	
2.58594	0.2	39740	30.3	25.4	4.9	23.1	-2.3	25.4	
2.58984	0.2	39740	30.3	25.4	4.9	23.1	-2.3	25.4	
2.59375	0.2	39740	30.3	25.4	4.9	23.1	-2.3	25.4	
2.59766	0.2	39740	30.3	25.4	4.9	23.1	-2.3	25.4	
2.60156	0.2	39740	30.3	25.4	4.9	23.1	-2.3	25.4	
2.60547	0.2	39740	30.3	25.4	4.9	23.1	-2.3	25.4	
2.60938	0.2	39740	30.2	25.4	4.8	23.1	-2.3	25.4	
2.61328	0.2	39740	30.2	25.4	4.8	23.1	-2.3	25.4	
2.61719	0.2	39740	30.2	25.4	4.8	23.1	-2.3	25.4	
2.62109	0.2	39740	30.2	25.4	4.8	23.1	-2.3	25.4	
2.62500	0.2	39740	30.2	25.4	4.8	23.1	-2.3	25.4	
2.62891	0.2	39740	30.2	25.4	4.8	23.1	-2.3	25.4	
2.63281	0.2	39740	30.1	25.4	4.7	23.1	-2.3	25.4	
2.63672	0.1	39740	30.1	25.4	4.7	23.1	-2.3	25.4	
2.64062	0.1	39740	30.1	25.4	4.7	23.1	-2.3	25.4	
2.64453	0.1	39740	30.1	25.4	4.7	23.1	-2.3	25.4	
2.64844	0.1	39740	30.1	25.4	4.7	23.1	-2.3	25.4	
2.65234	0.1	39740	30.1	25.4	4.7	23.1	-2.3	25.4	
2.65625	0.1	39740	30.1	25.4	4.7	23.1	-2.3	25.4	
2.66016	0.1	39740	30.1	25.4	4.7	23.1	-2.3	25.4	
2.66406	0.1	39740	30.1	25.4	4.7	23.1	-2.3	25.4	
2.66797	0.1	39740	30.1	25.4	4.7	23.1	-2.3	25.4	
2.67188	0.1	39740	30.1	25.4	4.7	23.1	-2.3	25.4	
2.67578	0.1	39740	30.2	25.4	4.8	23.1	-2.3	25.4	
2.67969	0.1	39740	30.1	25.5	4.6	23.1	-2.4	25.5	
2.68359	0.1	39740	30.2	25.5	4.7	23.1	-2.4	25.5	
2.68750	0.1	39740	30.2	25.5	4.7	23.1	-2.4	25.5	
2.69141	0.1	39740	30.2	25.5	4.7	23.1	-2.4	25.5	
2.69531	0.1	39740	30.2	25.5	4.7	23.1	-2.4	25.5	
2.69922	0.1	39740	30.2	25.5	4.7	23.1	-2.4	25.5	
2.70312	0.1	39740	30.2	25.5	4.7	23.1	-2.4	25.5	
2.70703	0.2	39740	30.2	25.5	4.7	23.1	-2.4	25.5	
2.71094	0.2	39740	30.2	25.5	4.7	23.1	-2.4	25.5	
2.71484	0.2	39740	30.2	25.5	4.7	23.1	-2.4	25.5	
2.71875	0.1	39740	30.2	25.5	4.7	23.1	-2.4	25.5	
2.72266	0.1	39740	30.2	25.6	4.6	23.1	-2.5	25.6	
2.72656	0.2	39740	30.2	25.6	4.6	23.1	-2.5	25.6	
2.73047	0.1	39740	30.2	25.6	4.6	23.1	-2.5	25.6	
2.73438	0.1	39740	30.3	25.6	4.7	23.1	-2.5	25.6	
2.73828	0.1	39740	30.3	25.6	4.7	23.1	-2.5	25.6	
2.74219	0.1	39740	30.3	25.6	4.7	23.1	-2.5	25.6	
2.74609	0.1	39740	30.3	25.6	4.7	23.1	-2.5	25.6	
2.75000	0.1	39740	30.3	25.6	4.7	23.1	-2.5	25.6	
2.75391	0.1	39740	30.3	25.7	4.6	23.1	-2.6	25.7	
2.75781	0.1	39741	30.3	25.7	4.6	23.1	-2.6	25.7	
2.76172	0.1	39741	30.3	25.7	4.6	23.1	-2.6	25.7	
2.76562	0.1	39741	30.3	25.7	4.6	23.1	-2.6	25.7	
2.76953	0.1	39741	30.3	25.7	4.6	23.1	-2.6	25.7	
2.77344	0.1	39741	30.3	25.8	4.5	23.1	-2.7	25.8	
2.77734	0.1	39741	30.3	25.8	4.5	23.1	-2.7	25.8	
2.78125	0.1	39741	30.3	25.8	4.5	23.1	-2.7	25.8	
2.78516	0.1	39741	30.4	25.8	4.6	23.1	-2.7	25.8	
2.78906	0.1	39741	30.4	25.9	4.5	23.1	-2.8	25.9	
2.79297	0.1	39741	30.4	25.9	4.5	23.1	-2.8	25.9	
2.79688	0.1	39741	30.4	25.9	4.5	23.1	-2.8	25.9	
2.80078	0.1	39741	30.4	25.9	4.5	23.1	-2.8	25.9	
2.80469	0.2	39741	30.4	25.9	4.5	23.1	-2.8	25.9	
2.80859	0.2	39741	30.4	25.9	4.5	23.1	-2.8	25.9	
2.81250	0.2	39741	30.4	25.9	4.5	23.1	-2.8	25.9	
2.81641	0.1	39741	30.4	25.9	4.5	23.1	-2.8	25.9	
2.82031	0.1	39741	30.4	26.0	4.4	23.1	-2.9	26.0	
2.82422	0.1	39741	30.4	26.0	4.4	23.1	-2.9	26.0	
2.82812	0.1	39741	30.4	25.9	4.5	23.1	-2.8	25.9	
2.83203	0.1	39741	30.4	25.9	4.5	23.1	-2.8	25.9	
2.83594	0.1	39741	30.4	25.9	4.5	23.1	-2.8	25.9	
2.83984	0.1	39741	30.4	25.9	4.5	23.1	-2.8	25.9	
2.84375	0.1	39741	30.4	25.9	4.5	23.1	-2.8	25.9	
2.84766	0.1	39741	30.4	25.9	4.5	23.1	-2.8	25.9	
2.85156	0.1	39741	30.4	25.8	4.6	23.1	-2.7	25.8	
2.85547	0.1	39741	30.4	25.8	4.6	23.1	-2.7	25.8	
2.85938	0.1	39741	30.4	25.8	4.6	23.1	-2.7	25.8	
2.86328	0.1	39741	30.4	25.8	4.6	23.1	-2.7	25.8	
2.86719	0.1	39741	30.4	25.8	4.6	23.1	-2.7	25.8	
2.87109	0.1	39741	30.4	25.8	4.6	23.1	-2.7	25.8	
2.87500	0.1	39741	30.4	25.7	4.7	23.1	-2.6	25.7	
2.87891	0.1	39741	30.4	25.7	4.7	23.1	-2.6	25.7	
2.88281	0.1	39741	30.4	25.7	4.7	23.1	-2.6	25.7	
2.88672	0.1	39741	30.4	25.7	4.7	23.1	-2.6	25.7	
2.89062	0.2	39741	30.4	25.7	4.7	23.1	-2.6	25.7	
2.89453	0.2	39741	30.4	25.7	4.7	23.1	-2.6	25.7	
2.89844	0.1	39741	30.4	25.7	4.7	23.1	-2.6	25.7	
2.90234	0.1	39741	30.4	25.7	4.7	23.1	-2.6	25.7	
2.90625	0.1	39741	30.4	25.7	4.7	23.1	-2.6	25.7	
2.91016	0.1	39741	30.4	25.7	4.7	23.1	-2.6	25.7	
2.91406	0.1	39741	30.4	25.7	4.7	23.1	-2.6	25.7	
2.91797	0.1	39741	30.4	25.7	4.7	23.1	-2.6	25.7	
2.92188	0.1	39741	30.4	25.7	4.7	23.1	-2.6	25.7	
2.92578	0.1	39741	30.4	25.8	4.6	23.1	-2.7	25.8	
2.92969	0.1	39741	30.4	25.8	4.6	23.1	-2.7	25.8	
2.93359	0.1	39741	30.4	25.8	4.6	23.1	-2.7	25.8	
2.93750	0.1	39741	30.5	25.8	4.7	23.1	-2.7	25.8	
2.94141	0.1	39741	30.5	25.8	4.7	23.1	-2.7	25.8	
2.94531	0.1	39741	30.5	25.8	4.7	23.1	-2.7	25.8	
2.94922	0.1	39741	30.5	25.8	4.7	23.1	-2.7	25.8	
2.95312	0.1	39741	30.5	25.9	4.6	23.1	-2.8	25.9	
2.95703	0.1	39741	30.5	25.9	4.6	23.1	-2.8	25.9	
2.96094	0.1	39741	30.5	25.9	4.6	23.1	-2.8	25.9	
2.96484	0.2	39741	30.5	25.9	4.6	23.1	-2.8	25.9	
2.96875	0.2	39741	30.5	25.9	4.6	23.1	-2.8	25.9	
2.97266	0.1	39741	30.5	25.9	4.6	23.1	-2.8	25.9	
2.97656	0.2	39741	30.5	25.9	4.6	23.1	-2.8	25.9	
2.98047	0.2	39741	30.5	25.9	4.6	23.1	-2.8	25.9	
2.98438	0.3	39741	30.5	25.9	4.6	23.1	-2.8	25.9	
2.98828	0.3	39741	30.4	25.9	4.5	23.1	-2.8	25.9	
2.99219	0.4	39741	30.4	25.9	4.5	23.1	-2.8	25.9	
2.99609	0.4	39741	30.4	25.9	4.5	23.1	-2.8	25.9	
3.00000	0.4	39741	30.4	25.8	4.6	23.1	-2.7	25.8	
3.00391	0.4	39741	30.3	25.8	4.5	23.1	-2.7	25.8	
3.00781	0.4	39741	30.3	25.8	4.5	23.1	-2.7	25.8	
3.01172	0.4	39741	30.3	25.8	4.5	23.1	-2.7	25.8	
3.01562	0.3	39741	30.2	25.8	4.4	23.1	-2.7	25.8	
3.01953	0.3	39741	30.2	25.8	4.4	23.1	-2.7	25.8	
3.02344	0.2	39741	30.2	25.8	4.4	23.1	-2.7	25.8	
3.02734	0.1	39741	30.2	25.8	4.4	23.1	-2.7	25.8	
3.03125	0.0	39741	30.2	25.7	4.5	23.1	-2.6	25.7	
3.03516	-0.1	39741	30.2	25.7	4.5	23.1	-2.6	25.7	
3.03906	-0.2	39741	30.3	25.7	4.6	23.1	-2.6	25.7	
3.04297	-0.3	39741	30.3	25.7	4.6	23.1	-2.6	25.7	
3.04688	-0.3	39741	30.4	25.7	4.7	23.1	-2.6	25.7	
3.05078	-0.5	39741	30.4	25.6	4.8	23.1	-2.5	25.6	
3.05469	-0.5	39741	30.5	25.6	4.9	23.1	-2.5	25.6	
3.05859	-0.6	39741	30.6	25.6	5.0	23.1	-2.5	25.6	
3.06250	-0.6	39741	30.6	25.6	5.0	23.1	-2.5	25.6	
3.06641	-0.6	39741	30.7	25.6	5.1	23.1	-2.5	25.6	
3.07031	-0.5	39741	30.8	25.6	5.2	23.1	-2.5	25.6	
3.07422	-0.5	39741	30.8	25.6	5.2	23.1	-2.5	25.6	
3.07812	-0.4	39741	30.9	25.6	5.3	23.1	-2.5	25.6	
3.08203	-0.3	39741	30.9	25.6	5.3	23.1	-2.5	25.6	
3.08594	-0.2	39741	31.0	25.6	5.4	23.1	-2.5	25.6	
3.08984	-0.1	39741	31.0	25.6	5.4	23.1	-2.5	25.6	
3.09375	-0.0	39741	31.0	25.6	5.4	23.1	-2.5	25.6	
3.09766	0.1	39741	31.0	25.6	5.4	23.1	-2.5	25.6	
3.10156	0.1	39741	31.0	25.6	5.4	23.1	-2.5	25.6	
3.10547	0.2	39741	31.0	25.6	5.4	23.1	-2.5	25.6	
3.10938	0.2	39741	31.0	25.6	5.4	23.1	-2.5	25.6	
3.11328	0.2	39741	31.0	25.6	5.4	23.1	-2.5	25.6	
3.11719	0.3	39741	31.0	25.6	5.4	23.1	-2.5	25.6	
3.12109	0.3	39741	31.0	25.6	5.4	23.1	-2.5	25.6	
3.12500	0.4	39741	30.9	25.6	5.3	23.1	-2.5	25.6	
3.12891	0.3	39741	30.9	25.6	5.3	23.1	-2.5	25.6	
3.13281	0.3	39741	30.9	25.6	5.3	23.1	-2.5	25.6	
3.13672	0.3	39741	30.9	25.6	5.3	23.1	-2.5	25.6	
3.14062	0.3	39741	30.8	25.6	5.2	23.1	-2.5	25.6	
3.14453	0.2	39741	30.8	25.6	5.2	23.1	-2.5	25.6	
3.14844	0.2	39741	30.8	25.6	5.2	23.1	-2.5	25.6	
3.15234	0.2	39741	30.8	25.6	5.2	23.1	-2.5	25.6	
3.15625	0.1	39741	30.8	25.6	5.2	23.1	-2.5	25.6	
3.16016	0.1	39741	30.7	25.6	5.1	23.1	-2.5	25.6	
3.16406	0.1	39741	30.7	25.6	5.1	23.1	-2.5	25.6	
3.16797	0.2	39741	30.7	25.6	5.1	23.1	-2.5	25.6	
3.17188	0.1	39741	30.7	25.6	5.1	23.1	-2.5	25.6	
3.17578	0.1	39741	30.7	25.7	5.0	23.1	-2.6	25.7	
3.17969	0.2	39741	30.7	25.7	5.0	23.1	-2.6	25.7	
3.18359	0.2	39741	30.7	25.7	5.0	23.1	-2.6	25.7	
3.18750	0.2	39741	30.7	25.7	5.0	23.1	-2.6	25.7	
3.19141	0.2	39741	30.7	25.7	5.0	23.1	-2.6	25.7	
3.19531	0.2	39741	30.7	25.7	5.0	23.1	-2.6	25.7	
3.19922	0.2	39741	30.6	25.7	4.9	23.1	-2.6	25.7	
3.20312	0.2	39741	30.6	25.7	4.9	23.1	-2.6	25.7	
3.20703	0.3	39741	30.6	25.7	4.9	23.1	-2.6	25.7	
3.21094	0.3	39741	30.6	25.7	4.9	23.1	-2.6	25.7	
3.21484	0.3	39741	30.6	25.7	4.9	23.1	-2.6	25.7	
3.21875	0.3	39741	30.5	25.8	4.7	23.1	-2.7	25.8	
3.22266	0.2	39741	30.5	25.8	4.7	23.1	-2.7	25.8	
3.22656	0.2	39741	30.5	25.8	4.7	23.1	-2.7	25.8	
3.23047	0.2	39741	30.5	25.8	4.7	23.1	-2.7	25.8	
3.23438	0.2	39741	30.5	25.8	4.7	23.1	-2.7	25.8	
3.23828	0.2	39741	30.5	25.8	4.7	23.1	-2.7	25.8	
3.24219	0.1	39741	30.5	25.8	4.7	23.1	-2.7	25.8	
3.24609	0.1	39741	30.5	25.8	4.7	23.1	-2.7	25.8	
3.25000	0.1	39741	30.5	25.8	4.7	23.1	-2.7	25.8	
3.25391	0.1	39741	30.5	25.8	4.7	23.1	-2.7	25.8	
3.25781	0.1	39741	30.5	25.8	4.7	23.1	-2.7	25.8	
3.26172	0.1	39741	30.5	25.9	4.6	23.1	-2.8	25.9	
3.26562	-0.0	39741	30.5	25.9	4.6	23.1	-2.8	25.9	
3.26953	-0.0	39741	30.6	25.9	4.7	23.1	-2.8	25.9	
3.27344	0.0	39741	30.6	25.9	4.7	23.1	-2.8	25.9	
3.27734	-0.0	39741	30.6	25.9	4.7	23.1	-2.8	25.9	
3.28125	0.0	39741	30.6	25.9	4.7	23.1	-2.8	25.9	
3.28516	0.1	39741	30.7	25.9	4.8	23.1	-2.8	25.9	
3.28906	0.1	39741	30.7	25.9	4.8	23.1	-2.8	25.9	
3.29297	0.1	39741	30.7	25.9	4.8	23.1	-2.8	25.9	
3.29688	0.1	39741	30.7	25.9	4.8	23.1	-2.8	25.9	
3.30078	0.1	39741	30.7	25.9	4.8	23.1	-2.8	25.9	
3.30469	0.2	39741	30.7	25.9	4.8	23.1	-2.8	25.9	
3.30859	0.2	39741	30.7	25.9	4.8	23.1	-2.8	25.9	
3.31250	0.2	39741	30.7	25.9	4.8	23.1	-2.8	25.9	
3.31641	0.2	39741	30.7	25.9	4.8	23.1	-2.8	25.9	
3.32031	0.2	39741	30.7	25.9	4.8	23.1	-2.8	25.9	
3.32422	0.2	39741	30.7	25.9	4.8	23.1	-2.8	25.9	
3.32812	0.2	39741	30.7	25.9	4.8	23.1	-2.8	25.9	
3.33203	0.2	39742	30.7	25.9	4.8	23.1	-2.8	25.9	
3.33594	0.2	39742	30.7	25.9	4.8	23.1	-2.8	25.9	
3.33984	0.2	39742	30.6	25.9	4.7	23.1	-2.8	25.9	
3.34375	0.2	39742	30.6	25.9	4.7	23.1	-2.8	25.9	
3.34766	0.2	39742	30.6	25.9	4.7	23.1	-2.8	25.9	
3.35156	0.2	39742	30.6	25.9	4.7	23.1	-2.8	25.9	
3.35547	0.1	39742	30.6	25.9	4.7	23.1	-2.8	25.9	
3.35938	0.2	39742	30.6	25.9	4.7	23.1	-2.8	25.9	
3.36328	0.1	39742	30.6	25.9	4.7	23.1	-2.8	25.9	
3.36719	0.1	39742	30.6	25.9	4.7	23.1	-2.8	25.9	
3.37109	0.1	39742	30.6	25.9	4.7	23.1	-2.8	25.9	
3.37500	0.1	39742	30.6	25.9	4.7	23.1	-2.8	25.9	
3.37891	0.1	39742	30.6	25.9	4.7	23.1	-2.8	25.9	
3.38281	0.1	39742	30.6	25.9	4.7	23.1	-2.8	25.9	
3.38672	0.1	39742	30.6	25.9	4.7	23.1	-2.8	25.9	
3.39062	0.1	39742	30.6	25.9	4.7	23.1	-2.8	25.9	
3.39453	0.1	39742	30.6	25.9	4.7	23.1	-2.8	25.9	
3.39844	0.1	39742	30.6	26.0	4.6	23.1	-2.9	26.0	
3.40234	0.1	39742	30.6	26.0	4.6	23.1	-2.9	26.0	
3.40625	0.1	39742	30.6	26.0	4.6	23.1	-2.9	26.0	
3.41016	0.1	39742	30.7	26.0	4.7	23.1	-2.9	26.0	
3.41406	0.1	39742	30.7	26.0	4.7	23.1	-2.9	26.0	
3.41797	0.1	39742	30.7	26.0	4.7	23.1	-2.9	26.0	
3.42188	0.1	39742	30.7	26.0	4.7	23.1	-2.9	26.0	
3.42578	0.1	39742	30.7	26.0	4.7	23.1	-2.9	26.0	
3.42969	0.1	39742	30.7	26.0	4.7	23.1	-2.9	26.0	
3.43359	0.1	39742	30.7	26.0	4.7	23.1	-2.9	26.0	
3.43750	0.1	39742	30.7	26.0	4.7	23.1	-2.9	26.0	
3.44141	0.1	39742	30.8	26.0	4.8	23.1	-2.9	26.0	
3.44531	0.1	39742	30.8	26.1	4.7	23.1	-3.0	26.1	
3.44922	0.1	39742	30.8	26.1	4.7	23.1	-3.0	26.1	
3.45312	0.1	39742	30.8	26.1	4.7	23.1	-3.0	26.1	
3.45703	0.1	39742	30.8	26.1	4.7	23.1	-3.0	26.1	
3.46094	0.1	39742	30.8	26.1	4.7	23.1	-3.0	26.1	
3.46484	0.1	39742	30.8	26.1	4.7	23.1	-3.0	26.1	
3.46875	0.1	39742	30.8	26.1	4.7	23.1	-3.0	26.1	
3.47266	0.1	39742	30.8	26.1	4.7	23.1	-3.0	26.1	
3.47656	0.1	39742	30.9	26.2	4.7	23.1	-3.1	26.2	
3.48047	0.1	39742	30.9	26.2	4.7	23.1	-3.1	26.2	
3.48438	0.1	39742	30.9	26.2	4.7	23.1	-3.1	26.2	
3.48828	0.1	39742	30.9	26.2	4.7	23.1	-3.1	26.2	
3.49219	0.1	39742	30.9	26.3	4.6	23.1	-3.2	26.3	
3.49609	0.1	39742	30.9	26.3	4.6	23.1	-3.2	26.3	
3.50000	0.2	39742	30.9	26.3	4.6	23.1	-3.2	26.3	
3.50391	0.1	39742	30.9	26.3	4.6	23.1	-3.2	26.3	
3.50781	0.1	39742	30.9	26.4	4.5	23.1	-3.3	26.4	
3.51172	0.1	39742	30.9	26.4	4.5	23.1	-3.3	26.4	
3.51562	0.1	39742	30.9	26.4	4.5	23.1	-3.3	26.4	
3.51953	0.1	39742	30.9	26.4	4.5	23.1	-3.3	26.4	
3.52344	0.1	39742	30.9	26.4	4.5	23.1	-3.3	26.4	
3.52734	0.2	39742	30.9	26.4	4.5	23.1	-3.3	26.4	
3.53125	0.2	39742	30.9	26.4	4.5	23.1	-3.3	26.4	
3.53516	0.1	39742	30.9	26.5	4.4	23.1	-3.4	26.5	
3.53906	0.1	39742	30.9	26.5	4.4	23.1	-3.4	26.5	
3.54297	0.1	39742	30.9	26.4	4.5	23.1	-3.3	26.4	
3.54688	0.1	39742	30.9	26.4	4.5	23.1	-3.3	26.4	
3.55078	0.1	39742	30.9	26.4	4.5	23.1	-3.3	26.4	
3.55469	0.1	39742	30.9	26.4	4.5	23.1	-3.3	26.4	
3.55859	0.1	39742	30.9	26.4	4.5	23.1	-3.3	26.4	
3.56250	0.1	39742	30.9	26.4	4.5	23.1	-3.3	26.4	
3.56641	0.1	39742	30.9	26.4	4.5	23.1	-3.3	26.4	
3.57031	0.1	39742	30.9	26.4	4.5	23.1	-3.3	26.4	
3.57422	0.1	39742	30.9	26.3	4.6	23.1	-3.2	26.3	
3.57812	0.2	39742	30.9	26.3	4.6	23.1	-3.2	26.3	
3.58203	0.2	39742	30.9	26.3	4.6	23.1	-3.2	26.3	
3.58594	0.2	39742	30.9	26.3	4.6	23.1	-3.2	26.3	
3.58984	0.2	39742	30.9	26.3	4.6	23.1	-3.2	26.3	
3.59375	0.2	39742	30.9	26.3	4.6	23.1	-3.2	26.3	
3.59766	0.2	39742	30.9	26.2	4.7	23.1	-3.1	26.2	
3.60156	0.2	39742	30.9	26.2	4.7	23.1	-3.1	26.2	
3.60547	0.2	39742	30.9	26.2	4.7	23.1	-3.1	26.2	
3.60938	0.1	39742	30.9	26.2	4.7	23.1	-3.1	26.2	
3.61328	0.1	39742	30.9	26.2	4.7	23.1	-3.1	26.2	
3.61719	0.2	39742	30.9	26.2	4.7	23.1	-3.1	26.2	
3.62109	0.1	39742	30.9	26.2	4.7	23.1	-3.1	26.2	
3.62500	0.1	39742	30.9	26.2	4.7	23.1	-3.1	26.2	
3.62891	0.1	39742	30.9	26.2	4.7	23.1	-3.1	26.2	
3.63281	0.1	39742	30.9	26.2	4.7	23.1	-3.1	26.2	
3.63672	0.1	39742	30.9	26.2	4.7	23.1	-3.1	26.2	
3.64062	0.1	39742	30.9	26.2	4.7	23.1	-3.1	26.2	
3.64453	0.1	39742	30.9	26.2	4.7	23.1	-3.1	26.2	
3.64844	0.1	39742	30.9	26.2	4.7	23.1	-3.1	26.2	
3.65234	0.1	39742	30.9	26.3	4.6	23.1	-3.2	26.3	
3.65625	0.1	39742	31.0	26.3	4.7	23.1	-3.2	26.3	
3.66016	0.1	39742	31.0	26.3	4.7	23.1	-3.2	26.3	
3.66406	0.1	39742	31.0	26.3	4.7	23.1	-3.2	26.3	
3.66797	0.1	39742	31.0	26.3	4.7	23.1	-3.2	26.3	
3.67188	0.1	39742	31.0	26.3	4.7	23.1	-3.2	26.3	
3.67578	0.1	39742	31.0	26.4	4.6	23.1	-3.3	26.4	
3.67969	0.1	39742	31.0	26.4	4.6	23.1	-3.3	26.4	
3.68359	0.1	39742	31.0	26.4	4.6	23.1	-3.3	26.4	
3.68750	0.2	39742	31.0	26.4	4.6	23.1	-3.3	26.4	
3.69141	0.1	39742	31.0	26.4	4.6	23.1	-3.3	26.4	
3.69531	0.2	39742	31.0	26.4	4.6	23.1	-3.3	26.4	
3.69922	0.2	39742	31.0	26.4	4.6	23.1	-3.3	26.4	
3.70312	0.2	39742	31.0	26.4	4.6	23.1	-3.3	26.4	
3.70703	0.3	39742	31.0	26.4	4.6	23.1	-3.3	26.4	
3.71094	0.3	39742	30.9	26.4	4.5	23.1	-3.3	26.4	
3.71484	0.4	39742	30.9	26.4	4.5	23.1	-3.3	26.4	
3.71875	0.4	39742	30.9	26.4	4.5	23.1	-3.3	26.4	
3.72266	0.5	39742	30.8	26.3	4.5	23.1	-3.2	26.3	
3.72656	0.4	39742	30.8	26.3	4.5	23.1	-3.2	26.3	
3.73047	0.4	39742	30.8	26.3	4.5	23.1	-3.2	26.3	
3.73438	0.4	39742	30.7	26.3	4.4	23.1	-3.2	26.3	
3.73828	0.4	39742	30.7	26.3	4.4	23.1	-3.2	26.3	
3.74219	0.3	39743	30.7	26.3	4.4	23.1	-3.2	26.3	
3.74609	0.2	39743	30.7	26.2	4.5	23.1	-3.1	26.2	
3.75000	0.1	39743	30.7	26.2	4.5	23.1	-3.1	26.2	
3.75391	0.0	39743	30.7	26.2	4.5	23.1	-3.1	26.2	
3.75781	-0.1	39743	30.7	26.2	4.5	23.1	-3.1	26.2	
3.76172	-0.2	39743	30.8	26.2	4.6	23.1	-3.1	26.2	
3.76562	-0.4	39742	30.8	26.2	4.6	23.1	-3.1	26.2	
3.76953	-0.5	39742	30.9	26.2	4.7	23.1	-3.1	26.2	
3.77344	-0.6	39742	31.0	26.1	4.9	23.1	-3.0	26.1	
3.77734	-0.6	39742	31.0	26.1	4.9	23.1	-3.0	26.1	
3.78125	-0.7	39742	31.1	26.1	5.0	23.1	-3.0	26.1	
3.78516	-0.7	39742	31.2	26.1	5.1	23.1	-3.0	26.1	
3.78906	-0.6	39742	31.2	26.1	5.1	23.1	-3.0	26.1	
3.79297	-0.5	39742	31.3	26.1	5.2	23.1	-3.0	26.1	
3.79688	-0.5	39742	31.4	26.1	5.3	23.1	-3.0	26.1	
3.80078	-0.4	39742	31.4	26.1	5.3	23.1	-3.0	26.1	
3.80469	-0.3	39742	31.4	26.1	5.3	23.1	-3.0	26.1	
3.80859	-0.1	39742	31.5	26.1	5.4	23.1	-3.0	26.1	
3.81250	-0.1	39742	31.5	26.1	5.4	23.1	-3.0	26.1	
3.81641	0.0	39742	31.5	26.1	5.4	23.1	-3.0	26.1	
3.82031	0.2	39742	31.5	26.1	5.4	23.1	-3.0	26.1	
3.82422	0.2	39742	31.5	26.1	5.4	23.1	-3.0	26.1	
3.82812	0.2	39742	31.5	26.1	5.4	23.1	-3.0	26.1	
3.83203	0.3	39742	31.5	26.1	5.4	23.1	-3.0	26.1	
3.83594	0.3	39742	31.5	26.1	5.4	23.1	-3.0	26.1	
3.83984	0.3	39742	31.5	26.1	5.4	23.1	-3.0	26.1	
3.84375	0.3	39742	31.5	26.1	5.4	23.1	-3.0	26.1	
3.84766	0.3	39742	31.4	26.1	5.3	23.1	-3.0	26.1	
3.85156	0.3	39742	31.4	26.1	5.3	23.1	-3.0	26.1	
3.85547	0.2	39742	31.4	26.1	5.3	23.1	-3.0	26.1	
3.85938	0.3	39742	31.3	26.1	5.2	23.1	-3.0	26.1	
3.86328	0.2	39742	31.3	26.1	5.2	23.1	-3.0	26.1	
3.86719	0.2	39742	31.3	26.1	5.2	23.1	-3.0	26.1	
3.87109	0.2	39742	31.3	26.1	5.2	23.1	-3.0	26.1	
3.87500	0.2	39742	31.3	26.1	5.2	23.1	-3.0	26.1	
3.87891	0.1	39742	31.3	26.1	5.2	23.1	-3.0	26.1	
3.88281	0.2	39742	31.3	26.1	5.2	23.1	-3.0	26.1	
3.88672	0.2	39742	31.3	26.1	5.2	23.1	-3.0	26.1	
3.89062	0.1	39742	31.3	26.1	5.2	23.1	-3.0	26.1	
3.89453	0.2	39742	31.2	26.1	5.1	23.1	-3.0	26.1	
3.89844	0.1	39742	31.2	26.2	5.0	23.1	-3.1	26.2	
3.90234	0.2	39742	31.2	26.2	5.0	23.1	-3.1	26.2	
3.90625	0.2	39742	31.2	26.2	5.0	23.1	-3.1	26.2	
3.91016	0.2	39742	31.2	26.2	5.0	23.1	-3.1	26.2	
3.91406	0.2	39742	31.2	26.2	5.0	23.1	-3.1	26.2	
3.91797	0.3	39742	31.2	26.2	5.0	23.1	-3.1	26.2	
3.92188	0.2	39743	31.2	26.2	5.0	23.1	-3.1	26.2	
3.92578	0.3	39743	31.1	26.2	4.9	23.1	-3.1	26.2	
3.92969	0.3	39743	31.1	26.2	4.9	23.1	-3.1	26.2	
3.93359	0.3	39743	31.1	26.2	4.9	23.1	-3.1	26.2	
3.93750	0.3	39743	31.1	26.2	4.9	23.1	-3.1	26.2	
3.94141	0.2	39743	31.0	26.2	4.8	23.1	-3.1	26.2	
3.94531	0.2	39743	31.0	26.2	4.8	23.1	-3.1	26.2	
3.94922	0.2	39743	31.0	26.3	4.7	23.1	-3.2	26.3	
3.95312	0.2	39743	31.0	26.3	4.7	23.1	-3.2	26.3	
3.95703	0.1	39743	31.0	26.3	4.7	23.1	-3.2	26.3	
3.96094	0.2	39743	31.0	26.3	4.7	23.1	-3.2	26.3	
3.96484	0.2	39743	31.0	26.3	4.7	23.1	-3.2	26.3	
3.96875	0.1	39743	31.0	26.3	4.7	23.1	-3.2	26.3	
3.97266	0.1	39743	31.0	26.3	4.7	23.1	-3.2	26.3	
3.97656	0.1	39743	31.0	26.3	4.7	23.1	-3.2	26.3	
3.98047	0.0	39743	31.0	26.3	4.7	23.1	-3.2	26.3	
3.98438	0.1	39743	31.0	26.3	4.7	23.1	-3.2	26.3	
3.98828	0.1	39743	31.0	26.4	4.6	23.1	-3.3	26.4	
3.99219	0.0	39743	31.0	26.4	4.6	23.1	-3.3	26.4	
3.99609	0.1	39743	31.1	26.4	4.7	23.1	-3.3	26.4	
4.00000	0.1	39743	31.1	26.4	4.7	23.1	-3.3	26.4	
4.00391	0.1	39743	31.1	26.4	4.7	23.1	-3.3	26.4	
4.00781	0.1	39743	31.1	26.4	4.7	23.1	-3.3	26.4	
4.01172	0.1	39743	31.1	26.4	4.7	23.1	-3.3	26.4	
4.01562	0.1	39743	31.1	26.4	4.7	23.1	-3.3	26.4	
4.01953	0.2	39743	31.1	26.4	4.7	23.1	-3.3	26.4	
4.02344	0.2	39743	31.1	26.4	4.7	23.1	-3.3	26.4	
4.02734	0.2	39743	31.1	26.4	4.7	23.1	-3.3	26.4	
4.03125	0.2	39743	31.1	26.4	4.7	23.1	-3.3	26.4	
4.03516	0.2	39743	31.1	26.4	4.7	23.1	-3.3	26.4	
4.03906	0.2	39743	31.1	26.4	4.7	23.1	-3.3	26.4	
4.04297	0.2	39743	31.1	26.4	4.7	23.1	-3.3	26.4	
4.04688	0.2	39743	31.0	26.4	4.6	23.1	-3.3	26.4	
4.05078	0.2	39743	31.0	26.4	4.6	23.1	-3.3	26.4	
4.05469	0.2	39743	31.0	26.4	4.6	23.1	-3.3	26.4	
4.05859	0.2	39743	31.0	26.4	4.6	23.1	-3.3	26.4	
4.06250	0.2	39743	31.0	26.4	4.6	23.1	-3.3	26.4	
4.06641	0.2	39743	31.0	26.4	4.6	23.1	-3.3	26.4	
4.07031	0.2	39743	30.9	26.4	4.5	23.1	-3.3	26.4	
4.07422	0.2	39743	30.9	26.4	4.5	23.1	-3.3	26.4	
4.07812	0.2	39743	30.9	26.4	4.5	23.1	-3.3	26.4	
4.08203	0.2	39743	30.9	26.4	4.5	23.1	-3.3	26.4	
4.08594	0.2	39743	30.9	26.4	4.5	23.1	-3.3	26.4	
4.08984	0.2	39743	30.9	26.4	4.5	23.1	-3.3	26.4	
4.09375	0.1	39743	30.9	26.4	4.5	23.1	-3.3	26.4	
4.09766	0.1	39743	30.9	26.4	4.5	23.1	-3.3	26.4	
4.10156	0.1	39743	30.9	26.4	4.5	23.1	-3.3	26.4	
4.10547	0.1	39743	30.9	26.4	4.5	23.1	-3.3	26.4	
4.10938	0.1	39743	30.9	26.4	4.5	23.1	-3.3	26.4	
4.11328	0.1	39743	30.9	26.4	4.5	23.1	-3.3	26.4	
4.11719	0.1	39743	30.9	26.4	4.5	23.1	-3.3	26.4	
4.12109	0.1	39743	30.9	26.4	4.5	23.1	-3.3	26.4	
4.12500	0.1	39743	30.9	26.4	4.5	23.1	-3.3	26.4	
4.12891	0.1	39743	30.9	26.4	4.5	23.1	-3.3	26.4	
4.13281	0.1	39743	31.0	26.4	4.6	23.1	-3.3	26.4	
4.13672	0.1	39743	31.0	26.4	4.6	23.1	-3.3	26.4	
4.14062	0.1	39743	31.0	26.4	4.6	23.1	-3.3	26.4	
4.14453	0.1	39743	31.0	26.4	4.6	23.1	-3.3	26.4	
4.14844	0.1	39743	31.0	26.4	4.6	23.1	-3.3	26.4	
4.15234	0.1	39743	31.0	26.4	4.6	23.1	-3.3	26.4	
4.15625	0.1	39743	31.0	26.4	4.6	23.1	-3.3	26.4	
4.16016	0.1	39743	31.0	26.5	4.5	23.1	-3.4	26.5	
4.16406	0.1	39743	31.0	26.5	4.5	23.1	-3.4	26.5	
4.16797	0.1	39743	31.0	26.5	4.5	23.1	-3.4	26.5	
4.17188	0.1	39743	31.1	26.5	4.6	23.1	-3.4	26.5	
4.17578	0.1	39743	31.1	26.5	4.6	23.1	-3.4	26.5	
4.17969	0.1	39743	31.1	26.5	4.6	23.1	-3.4	26.5	
4.18359	0.1	39743	31.1	26.5	4.6	23.1	-3.4	26.5	
4.18750	0.2	39743	31.1	26.5	4.6	23.1	-3.4	26.5	
4.19141	0.1	39743	31.1	26.5	4.6	23.1	-3.4	26.5	
4.19531	0.1	39743	31.1	26.6	4.5	23.1	-3.5	26.6	
4.19922	0.2	39743	31.1	26.6	4.5	23.1	-3.5	26.6	
4.20312	0.1	39743	31.1	26.6	4.5	23.1	-3.5	26.6	
4.20703	0.1	39743	31.1	26.6	4.5	23.1	-3.5	26.6	
4.21094	0.1	39743	31.1	26.6	4.5	23.1	-3.5	26.6	
4.21484	0.1	39743	31.1	26.7	4.4	23.1	-3.6	26.7	
4.21875	0.1	39743	31.1	26.7	4.4	23.1	-3.6	26.7	
4.22266	0.1	39743	31.1	26.7	4.4	23.1	-3.6	26.7	
4.22656	0.1	39743	31.1	26.7	4.4	23.1	-3.6	26.7	
4.23047	0.1	39743	31.1	26.7	4.4	23.1	-3.6	26.7	
4.23438	0.1	39743	31.1	26.8	4.3	23.1	-3.7	26.8	
4.23828	0.1	39743	31.2	26.8	4.4	23.1	-3.7	26.8	
4.24219	0.1	39743	31.2	26.8	4.4	23.1	-3.7	26.8	
4.24609	0.1	39743	31.2	26.8	4.4	23.1	-3.7	26.8	
4.25000	0.1	39743	31.1	26.8	4.3	23.1	-3.7	26.8	
4.25391	0.1	39743	31.1	26.8	4.3	23.1	-3.7	26.8	
4.25781	0.1	39743	31.2	26.8	4.4	23.1	-3.7	26.8	
4.26172	0.2	39743	31.2	26.8	4.4	23.1	-3.7	26.8	
4.26562	0.2	39743	31.2	26.8	4.4	23.1	-3.7	26.8	
4.26953	0.1	39743	31.2	26.8	4.4	23.1	-3.7	26.8	
4.27344	0.1	39743	31.2	26.8	4.4	23.1	-3.7	26.8	
4.27734	0.2	39743	31.1	26.8	4.3	23.1	-3.7	26.8	
4.28125	0.2	39743	31.2	26.8	4.4	23.1	-3.7	26.8	
4.28516	0.1	39743	31.2	26.8	4.4	23.1	-3.7	26.8	
4.28906	0.1	39743	31.1	26.7	4.4	23.1	-3.6	26.7	
4.29297	0.2	39743	31.1	26.7	4.4	23.1	-3.6	26.7	
4.29688	0.2	39743	31.1	26.7	4.4	23.1	-3.6	26.7	
4.30078	0.2	39743	31.1	26.7	4.4	23.1	-3.6	26.7	
4.30469	0.2	39743	31.1	26.6	4.5	23.1	-3.5	26.6	
4.30859	0.1	39743	31.1	26.6	4.5	23.1	-3.5	26.6	
4.31250	0.1	39743	31.1	26.6	4.5	23.1	-3.5	26.6	
4.31641	0.2	39743	31.1	26.6	4.5	23.1	-3.5	26.6	
4.32031	0.1	39743	31.1	26.6	4.5	23.1	-3.5	26.6	
4.32422	0.1	39743	31.1	26.5	4.6	23.1	-3.4	26.5	
4.32812	0.2	39743	31.1	26.5	4.6	23.1	-3.4	26.5	
4.33203	0.2	39743	31.1	26.5	4.6	23.1	-3.4	26.5	
4.33594	0.2	39743	31.1	26.5	4.6	23.1	-3.4	26.5	
4.33984	0.2	39744	31.1	26.5	4.6	23.1	-3.4	26.5	
4.34375	0.1	39744	31.1	26.5	4.6	23.1	-3.4	26.5	
4.34766	0.1	39744	31.1	26.5	4.6	23.1	-3.4	26.5	
4.35156	0.1	39744	31.1	26.5	4.6	23.1	-3.4	26.5	
4.35547	0.1	39744	31.1	26.5	4.6	23.1	-3.4	26.5	
4.35938	0.1	39744	31.1	26.5	4.6	23.1	-3.4	26.5	
4.36328	0.1	39744	31.1	26.5	4.6	23.1	-3.4	26.5	
4.36719	0.1	39744	31.1	26.5	4.6	23.1	-3.4	26.5	
4.37109	0.1	39744	31.1	26.5	4.6	23.1	-3.4	26.5	
4.37500	0.1	39744	31.1	26.6	4.5	23.1	-3.5	26.6	
4.37891	0.1	39744	31.1	26.6	4.5	23.1	-3.5	26.6	
4.38281	0.1	39744	31.1	26.6	4.5	23.1	-3.5	26.6	
4.38672	0.1	39744	31.2	26.6	4.6	23.1	-3.5	26.6	
4.39062	0.1	39744	31.2	26.6	4.6	23.1	-3.5	26.6	
4.39453	0.1	39744	31.2	26.7	4.5	23.1	-3.6	26.7	
4.39844	0.1	39744	31.2	26.7	4.5	23.1	-3.6	26.7	
4.40234	0.1	39744	31.2	26.6	4.6	23.1	-3.5	26.6	
4.40625	0.1	39744	31.2	26.7	4.5	23.1	-3.6	26.7	
4.41016	0.2	39744	31.2	26.7	4.5	23.1	-3.6	26.7	
4.41406	0.2	39744	31.2	26.7	4.5	23.1	-3.6	26.7	
4.41797	0.2	39744	31.2	26.7	4.5	23.1	-3.6	26.7	
4.42188	0.3	39744	31.2	26.7	4.5	23.1	-3.6	26.7	
4.42578	0.3	39744	31.1	26.7	4.4	23.1	-3.6	26.7	
4.42969	0.3	39744	31.1	26.7	4.4	23.1	-3.6	26.7	
4.43359	0.4	39744	31.1	26.6	4.5	23.1	-3.5	26.6	
4.43750	0.4	39744	31.0	26.6	4.4	23.1	-3.5	26.6	
4.44141	0.5	39744	31.0	26.6	4.4	23.1	-3.5	26.6	
4.44531	0.5	39744	31.0	26.6	4.4	23.1	-3.5	26.6	
4.44922	0.4	39744	30.9	26.6	4.3	23.1	-3.5	26.6	
4.45312	0.5	39744	30.9	26.6	4.3	23.1	-3.5	26.6	
4.45703	0.4	39744	30.9	26.6	4.3	23.1	-3.5	26.6	
4.46094	0.3	39744	30.9	26.5	4.4	23.1	-3.4	26.5	
4.46484	0.2	39744	30.9	26.5	4.4	23.1	-3.4	26.5	
4.46875	0.1	39744	30.9	26.5	4.4	23.1	-3.4	26.5	
4.47266	0.0	39744	30.9	26.5	4.4	23.1	-3.4	26.5	
4.47656	-0.1	39744	30.9	26.5	4.4	23.1	-3.4	26.5	
4.48047	-0.2	39744	30.9	26.4	4.5	23.1	-3.3	26.4	
4.48438	-0.3	39744	31.0	26.4	4.6	23.1	-3.3	26.4	
4.48828	-0.4	39744	31.0	26.4	4.6	23.1	-3.3	26.4	
4.49219	-0.5	39744	31.1	26.4	4.7	23.1	-3.3	26.4	
4.49609	-0.6	39744	31.1	26.4	4.7	23.1	-3.3	26.4	
4.50000	-0.6	39744	31.2	26.4	4.8	23.1	-3.3	26.4	
4.50391	-0.6	39744	31.3	26.4	4.9	23.1	-3.3	26.4	
4.50781	-0.6	39744	31.4	26.4	5.0	23.1	-3.3	26.4	
4.51172	-0.6	39744	31.4	26.4	5.0	23.1	-3.3	26.4	
4.51562	-0.5	39744	31.5	26.3	5.2	23.1	-3.2	26.3	
4.51953	-0.4	39744	31.5	26.3	5.2	23.1	-3.2	26.3	
4.52344	-0.3	39744	31.6	26.3	5.3	23.1	-3.2	26.3	
4.52734	-0.2	39744	31.6	26.3	5.3	23.1	-3.2	26.3	
4.53125	-0.1	39744	31.6	26.3	5.3	23.1	-3.2	26.3	
4.53516	0.0	39744	31.7	26.3	5.4	23.1	-3.2	26.3	
4.53906	0.1	39744	31.7	26.3	5.4	23.1	-3.2	26.3	
4.54297	0.2	39744	31.7	26.3	5.4	23.1	-3.2	26.3	
4.54688	0.2	39744	31.7	26.3	5.4	23.1	-3.2	26.3	
4.55078	0.3	39744	31.7	26.3	5.4	23.1	-3.2	26.3	
4.55469	0.3	39744	31.7	26.3	5.4	23.1	-3.2	26.3	
4.55859	0.3	39744	31.6	26.3	5.3	23.1	-3.2	26.3	
4.56250	0.3	39744	31.6	26.3	5.3	23.1	-3.2	26.3	
4.56641	0.3	39744	31.6	26.3	5.3	23.1	-3.2	26.3	
4.57031	0.3	39744	31.6	26.3	5.3	23.1	-3.2	26.3	
4.57422	0.3	39744	31.5	26.3	5.2	23.1	-3.2	26.3	
4.57812	0.3	39744	31.5	26.3	5.2	23.1	-3.2	26.3	
4.58203	0.2	39744	31.5	26.3	5.2	23.1	-3.2	26.3	
4.58594	0.2	39744	31.5	26.3	5.2	23.1	-3.2	26.3	
4.58984	0.2	39744	31.5	26.3	5.2	23.1	-3.2	26.3	
4.59375	0.2	39744	31.5	26.4	5.1	23.1	-3.3	26.4	
4.59766	0.2	39744	31.4	26.4	5.0	23.1	-3.3	26.4	
4.60156	0.1	39744	31.4	26.3	5.1	23.1	-3.2	26.3	
4.60547	0.1	39744	31.4	26.4	5.0	23.1	-3.3	26.4	
4.60938	0.1	39744	31.4	26.4	5.0	23.1	-3.3	26.4	
4.61328	0.1	39744	31.5	26.4	5.1	23.1	-3.3	26.4	
4.61719	0.1	39744	31.5	26.4	5.1	23.1	-3.3	26.4	
4.62109	0.2	39744	31.5	26.4	5.1	23.1	-3.3	26.4	
4.62500	0.1	39744	31.5	26.4	5.1	23.1	-3.3	26.4	
4.62891	0.1	39744	31.4	26.4	5.0	23.1	-3.3	26.4	
4.63281	0.2	39744	31.4	26.4	5.0	23.1	-3.3	26.4	
4.63672	0.2	39744	31.4	26.4	5.0	23.1	-3.3	26.4	
4.64062	0.2	39744	31.4	26.4	5.0	23.1	-3.3	26.4	
4.64453	0.2	39744	31.4	26.4	5.0	23.1	-3.3	26.4	
4.64844	0.3	39744	31.4	26.5	4.9	23.1	-3.4	26.5	
4.65234	0.3	39744	31.4	26.5	4.9	23.1	-3.4	26.5	
4.65625	0.3	39744	31.4	26.5	4.9	23.1	-3.4	26.5	
4.66016	0.3	39744	31.4	26.5	4.9	23.1	-3.4	26.5	
4.66406	0.2	39744	31.3	26.5	4.8	23.1	-3.4	26.5	
4.66797	0.2	39744	31.3	26.5	4.8	23.1	-3.4	26.5	
4.67188	0.2	39744	31.3	26.5	4.8	23.1	-3.4	26.5	
4.67578	0.2	39744	31.3	26.5	4.8	23.1	-3.4	26.5	
4.67969	0.2	39744	31.3	26.5	4.8	23.1	-3.4	26.5	
4.68359	0.1	39744	31.3	26.6	4.7	23.1	-3.5	26.6	
4.68750	0.1	39744	31.3	26.6	4.7	23.1	-3.5	26.6	
4.69141	0.1	39744	31.3	26.6	4.7	23.1	-3.5	26.6	
4.69531	0.1	39744	31.3	26.6	4.7	23.1	-3.5	26.6	
4.69922	0.1	39744	31.3	26.6	4.7	23.1	-3.5	26.6	
4.70312	0.0	39744	31.3	26.6	4.7	23.1	-3.5	26.6	
4.70703	0.0	39744	31.3	26.6	4.7	23.1	-3.5	26.6	
4.71094	0.0	39744	31.4	26.6	4.8	23.1	-3.5	26.6	
4.71484	0.1	39744	31.4	26.6	4.8	23.1	-3.5	26.6	
4.71875	0.1	39744	31.4	26.6	4.8	23.1	-3.5	26.6	
4.72266	0.1	39744	31.4	26.6	4.8	23.1	-3.5	26.6	
4.72656	0.1	39744	31.4	26.6	4.8	23.1	-3.5	26.6	
4.73047	0.1	39744	31.4	26.6	4.8	23.1	-3.5	26.6	
4.73438	0.1	39744	31.4	26.6	4.8	23.1	-3.5	26.6	
4.73828	0.1	39744	31.4	26.6	4.8	23.1	-3.5	26.6	
4.74219	0.2	39744	31.4	26.7	4.7	23.1	-3.6	26.7	
4.74609	0.2	39744	31.4	26.7	4.7	23.1	-3.6	26.7	
4.75000	0.2	39744	31.4	26.7	4.7	23.1	-3.6	26.7	
4.75391	0.2	39744	31.4	26.7	4.7	23.1	-3.6	26.7	
4.75781	0.2	39744	31.4	26.7	4.7	23.1	-3.6	26.7	
4.76172	0.2	39744	31.4	26.7	4.7	23.1	-3.6	26.7	
4.76562	0.2	39744	31.4	26.7	4.7	23.1	-3.6	26.7	
4.76953	0.2	39744	31.4	26.7	4.7	23.1	-3.6	26.7	
4.77344	0.2	39744	31.4	26.7	4.7	23.1	-3.6	26.7	
4.77734	0.2	39744	31.3	26.7	4.6	23.1	-3.6	26.7	
4.78125	0.2	39744	31.3	26.7	4.6	23.1	-3.6	26.7	
4.78516	0.2	39744	31.3	26.7	4.6	23.1	-3.6	26.7	
4.78906	0.2	39744	31.3	26.7	4.6	23.1	-3.6	26.7	
4.79297	0.2	39744	31.3	26.7	4.6	23.1	-3.6	26.7	
4.79688	0.1	39744	31.3	26.7	4.6	23.1	-3.6	26.7	
4.80078	0.2	39744	31.3	26.7	4.6	23.1	-3.6	26.7	
4.80469	0.2	39744	31.3	26.7	4.6	23.1	-3.6	26.7	
4.80859	0.1	39744	31.3	26.7	4.6	23.1	-3.6	26.7	
4.81250	0.1	39744	31.3	26.7	4.6	23.1	-3.6	26.7	
4.81641	0.1	39744	31.3	26.7	4.6	23.1	-3.6	26.7	
4.82031	0.1	39744	31.3	26.7	4.6	23.1	-3.6	26.7	
4.82422	0.1	39744	31.3	26.7	4.6	23.1	-3.6	26.7	
4.82812	0.2	39744	31.3	26.7	4.6	23.1	-3.6	26.7	
4.83203	0.1	39744	31.3	26.7	4.6	23.1	-3.6	26.7	
4.83594	0.1	39744	31.3	26.7	4.6	23.1	-3.6	26.7	
4.83984	0.1	39744	31.3	26.7	4.6	23.1	-3.6	26.7	
4.84375	0.1	39744	31.3	26.7	4.6	23.1	-3.6	26.7	
4.84766	0.1	39744	31.3	26.7	4.6	23.1	-3.6	26.7	
4.85156	0.1	39744	31.3	26.7	4.6	23.1	-3.6	26.7	
4.85547	0.1	39744	31.3	26.7	4.6	23.1	-3.6	26.7	
4.85938	0.1	39744	31.3	26.8	4.5	23.1	-3.7	26.8	
4.86328	0.1	39744	31.4	26.7	4.7	23.1	-3.6	26.7	
4.86719	0.1	39744	31.4	26.8	4.6	23.1	-3.7	26.8	
4.87109	0.1	39744	31.4	26.8	4.6	23.1	-3.7	26.8	
4.87500	0.1	39744	31.4	26.7	4.7	23.1	-3.6	26.7	
4.87891	0.1	39744	31.4	26.8	4.6	23.1	-3.7	26.8	
4.88281	0.1	39744	31.4	26.8	4.6	23.1	-3.7	26.8	
4.88672	0.1	39745	31.4	26.8	4.6	23.1	-3.7	26.8	
4.89062	0.1	39745	31.4	26.8	4.6	23.1	-3.7	26.8	
4.89453	0.1	39745	31.4	26.8	4.6	23.1	-3.7	26.8	
4.89844	0.1	39745	31.4	26.8	4.6	23.1	-3.7	26.8	
4.90234	0.1	39745	31.5	26.8	4.7	23.1	-3.7	26.8	
4.90625	0.1	39745	31.5	26.9	4.6	23.1	-3.8	26.9	
4.91016	0.1	39745	31.5	26.9	4.6	23.1	-3.8	26.9	
4.91406	0.1	39745	31.5	26.9	4.6	23.1	-3.8	26.9	
4.91797	0.1	39745	31.5	26.9	4.6	23.1	-3.8	26.9	
4.92188	0.1	39745	31.5	26.9	4.6	23.1	-3.8	26.9	
4.92578	0.1	39745	31.5	26.9	4.6	23.1	-3.8	26.9	
4.92969	0.1	39745	31.5	27.0	4.5	23.1	-3.9	27.0	
4.93359	0.1	39745	31.5	27.0	4.5	23.1	-3.9	27.0	
4.93750	0.1	39745	31.6	27.0	4.6	23.1	-3.9	27.0	
4.94141	0.1	39745	31.5	27.0	4.5	23.1	-3.9	27.0	
4.94531	0.1	39745	31.6	27.1	4.5	23.1	-4.0	27.1	
4.94922	0.1	39745	31.6	27.1	4.5	23.1	-4.0	27.1	
4.95312	0.1	39745	31.6	27.1	4.5	23.1	-4.0	27.1	
4.95703	0.1	39745	31.6	27.1	4.5	23.1	-4.0	27.1	
4.96094	0.1	39745	31.6	27.1	4.5	23.1	-4.0	27.1	
4.96484	0.1	39745	31.6	27.1	4.5	23.1	-4.0	27.1	
4.96875	0.1	39745	31.6	27.2	4.4	23.1	-4.1	27.2	
4.97266	0.1	39745	31.6	27.2	4.4	23.1	-4.1	27.2	
4.97656	0.1	39745	31.6	27.2	4.4	23.1	-4.1	27.2	
4.98047	0.1	39745	31.6	27.2	4.4	23.1	-4.1	27.2	
4.98438	0.1	39745	31.6	27.2	4.4	23.1	-4.1	27.2	
4.98828	0.1	39745	31.7	27.2	4.5	23.1	-4.1	27.2	
4.99219	0.1	39745	31.6	27.2	4.4	23.1	-4.1	27.2	
4.99609	0.1	39745	31.6	27.1	4.5	23.1	-4.0	27.1	
5.00000	0.1	39745	31.6	27.1	4.5	23.1	-4.0	27.1	
5.00391	0.2	39745	31.6	27.1	4.5	23.1	-4.0	27.1	
5.00781	0.2	39745	31.6	27.1	4.5	23.1	-4.0	27.1	
5.01172	0.1	39745	31.6	27.1	4.5	23.1	-4.0	27.1	
5.01562	0.1	39745	31.6	27.1	4.5	23.1	-4.0	27.1	
5.01953	0.1	39745	31.6	27.1	4.5	23.1	-4.0	27.1	
5.02344	0.1	39745	31.6	27.0	4.6	23.1	-3.9	27.0	
5.02734	0.1	39745	31.6	27.0	4.6	23.1	-3.9	27.0	
5.03125	0.1	39745	31.6	27.0	4.6	23.1	-3.9	27.0	
5.03516	0.2	39745	31.6	27.0	4.6	23.1	-3.9	27.0	
5.03906	0.2	39745	31.6	27.0	4.6	23.1	-3.9	27.0	
5.04297	0.1	39745	31.6	26.9	4.7	23.1	-3.8	26.9	
5.04688	0.1	39745	31.6	26.9	4.7	23.1	-3.8	26.9	
5.05078	0.1	39745	31.6	26.9	4.7	23.1	-3.8	26.9	
5.05469	0.1	39745	31.6	26.9	4.7	23.1	-3.8	26.9	
5.05859	0.1	39745	31.6	26.9	4.7	23.1	-3.8	26.9	
5.06250	-0.1	39745	31.4	26.9	4.5	23.1	-3.8	26.9	
5.06641	-0.5	39745	31.2	26.9	4.3	23.1	-3.8	26.9	
5.07031	-1.3	39745	30.8	26.9	3.9	23.1	-3.8	26.9	
5.07422	-2.6	39745	30.3	26.9	3.4	23.1	-3.8	26.9	
5.07812	-4.7	39744	29.7	26.9	2.8	23.1	-3.8	26.9	
5.08203	-7.3	39744	29.0	26.9	2.1	23.1	-3.8	26.9	
5.08594	-10.5	39743	28.2	27.0	1.2	23.1	-3.9	27.0	
5.08984	-13.9	39742	27.4	27.0	0.4	23.1	-3.9	27.0	
5.09375	-17.5	39741	26.4	27.0	-0.6	23.1	-3.9	27.0	
5.09766	-21.1	39740	25.4	27.0	-1.6	23.1	-3.9	27.0	
5.10156	-24.4	39738	24.4	27.0	-2.6	23.1	-3.9	27.0	
5.10547	-27.4	39736	23.4	27.0	-3.6	23.1	-3.9	27.0	
