FluxView - FluxMed acquisition system
Signal file
Serial Number	:
W version:	1.20h-OX-CO2	File version:	1.13
Sampling rate:	256 Hz
Time	Flow	Volume	Paw	Pes	Ptpulm	Pga	Ptdiaf	CO2	
0.00391	-0.8	387	14.2	11.7	2.5	0.0	-11.7	0.0	
0.00781	-0.2	387	14.4	11.7	2.7	0.0	-11.7	0.0	
0.01172	-0.4	387	14.2	11.7	2.5	0.0	-11.7	0.0	
0.01562	-0.7	387	14.1	11.6	2.5	0.0	-11.6	0.0	
0.01953	-0.9	387	14.1	11.6	2.5	0.0	-11.6	0.0	
0.02344	-1.1	386	14.2	11.5	2.7	0.0	-11.5	0.0	
0.02734	-1.2	386	14.1	11.5	2.6	0.0	-11.5	0.0	
0.03125	-1.1	386	14.0	11.5	2.5	0.0	-11.5	0.0	
0.03516	-1.0	386	14.1	11.4	2.7	0.0	-11.4	0.0	
0.03906	-1.0	386	14.2	11.5	2.7	0.0	-11.5	0.0	
0.04297	-1.1	386	14.2	11.5	2.7	0.0	-11.5	0.0	
0.04688	-1.1	386	14.1	11.4	2.7	0.0	-11.4	0.0	
0.05078	-1.1	386	14.1	11.4	2.7	0.0	-11.4	0.0	
0.05469	-1.2	386	14.2	11.4	2.8	0.0	-11.4	0.0	
0.05859	-1.2	386	14.3	11.3	3.0	0.0	-11.3	0.0	
0.06250	-1.2	386	14.3	11.3	3.0	0.0	-11.3	0.0	
0.06641	-1.2	386	14.2	11.3	2.9	0.0	-11.3	0.0	
0.07031	-1.2	386	14.3	11.3	3.0	0.0	-11.3	0.0	
0.07422	-1.1	386	14.3	11.3	3.0	0.0	-11.3	0.0	
0.07812	-1.3	385	14.3	11.3	3.0	0.0	-11.3	0.0	
0.08203	-1.3	385	14.3	11.3	3.0	0.0	-11.3	0.0	
0.08594	-1.2	385	14.3	11.3	3.0	0.0	-11.3	0.0	
0.08984	-1.2	385	14.3	11.3	3.0	0.0	-11.3	0.0	
0.09375	-1.1	385	14.4	11.2	3.2	0.0	-11.2	0.0	
0.09766	-1.0	385	14.4	11.2	3.2	0.0	-11.2	0.0	
0.10156	-1.0	385	14.4	11.2	3.2	0.0	-11.2	0.0	
0.10547	-1.1	385	14.4	11.2	3.2	0.0	-11.2	0.0	
0.10938	-1.0	385	14.5	11.2	3.3	0.0	-11.2	0.0	
0.11328	-1.1	385	14.4	11.2	3.2	0.0	-11.2	0.0	
0.11719	-1.2	385	14.5	11.2	3.3	0.0	-11.2	0.0	
0.12109	-1.0	385	14.4	11.2	3.2	0.0	-11.2	0.0	
0.12500	-0.9	385	14.4	11.2	3.2	0.0	-11.2	0.0	
0.12891	-1.0	385	14.4	11.2	3.2	0.0	-11.2	0.0	
0.13281	-1.1	384	14.5	11.3	3.2	0.0	-11.3	0.0	
0.13672	-1.0	384	14.5	11.3	3.2	0.0	-11.3	0.0	
0.14062	-1.1	384	14.5	11.3	3.2	0.0	-11.3	0.0	
0.14453	-1.1	384	14.5	11.3	3.2	0.0	-11.3	0.0	
0.14844	-1.0	384	14.5	11.3	3.2	0.0	-11.3	0.0	
0.15234	-1.1	384	14.6	11.3	3.3	0.0	-11.3	0.0	
0.15625	-1.1	384	14.6	11.4	3.2	0.0	-11.4	0.0	
0.16016	-0.9	384	14.5	11.4	3.1	0.0	-11.4	0.0	
0.16406	-1.0	384	14.5	11.4	3.1	0.0	-11.4	0.0	
0.16797	-1.1	384	14.6	11.4	3.2	0.0	-11.4	0.0	
0.17188	-1.0	384	14.5	11.4	3.1	0.0	-11.4	0.0	
0.17578	-1.0	384	14.5	11.4	3.1	0.0	-11.4	0.0	
0.17969	-0.9	384	14.5	11.4	3.1	0.0	-11.4	0.0	
0.18359	-1.0	384	14.5	11.5	3.0	0.0	-11.5	0.0	
0.18750	-1.0	384	14.5	11.5	3.0	0.0	-11.5	0.0	
0.19141	-1.1	383	14.5	11.5	3.0	0.0	-11.5	0.0	
0.19531	-1.0	383	14.5	11.5	3.0	0.0	-11.5	0.0	
0.19922	-0.7	383	14.6	11.5	3.1	0.0	-11.5	0.0	
0.20312	-0.8	383	14.5	11.5	3.0	0.0	-11.5	0.0	
0.20703	-0.9	383	14.4	11.5	2.9	0.0	-11.5	0.0	
0.21094	-0.9	383	14.5	11.5	3.0	0.0	-11.5	0.0	
0.21484	-1.0	383	14.5	11.5	3.0	0.0	-11.5	0.0	
0.21875	-1.1	383	14.5	11.5	3.0	0.0	-11.5	0.0	
0.22266	-1.1	383	14.5	11.5	3.0	0.0	-11.5	0.0	
0.22656	-1.2	383	14.5	11.6	2.9	0.0	-11.6	0.0	
0.23047	-1.2	383	14.5	11.6	2.9	0.0	-11.6	0.0	
0.23438	-1.1	383	14.5	11.6	2.9	0.0	-11.6	0.0	
0.23828	-1.2	383	14.5	11.6	2.9	0.0	-11.6	0.0	
0.24219	-1.3	383	14.6	11.6	3.0	0.0	-11.6	0.0	
0.24609	-1.3	383	14.6	11.6	3.0	0.0	-11.6	0.0	
0.25000	-1.2	382	14.7	11.7	3.0	0.0	-11.7	0.0	
0.25391	-1.4	382	14.7	11.7	3.0	0.0	-11.7	0.0	
0.25781	-1.6	382	14.7	11.7	3.0	0.0	-11.7	0.0	
0.26172	-1.5	382	14.8	11.7	3.1	0.0	-11.7	0.0	
0.26562	-1.4	382	14.8	11.7	3.1	0.0	-11.7	0.0	
0.26953	-1.5	382	14.8	11.8	3.0	0.0	-11.8	0.0	
0.27344	-1.5	382	14.9	11.8	3.1	0.0	-11.8	0.0	
0.27734	-1.5	382	14.9	11.7	3.2	0.0	-11.7	0.0	
0.28125	-1.6	382	14.9	11.8	3.1	0.0	-11.8	0.0	
0.28516	-1.5	382	15.0	11.8	3.2	0.0	-11.8	0.0	
0.28906	-1.3	381	15.0	11.8	3.2	0.0	-11.8	0.0	
0.29297	-1.4	381	15.0	11.9	3.1	0.0	-11.9	0.0	
0.29688	-1.3	381	15.0	11.9	3.1	0.0	-11.9	0.0	
0.30078	-1.1	381	15.1	11.9	3.2	0.0	-11.9	0.0	
0.30469	-1.1	381	15.0	11.9	3.1	0.0	-11.9	0.0	
0.30859	-1.0	381	15.1	11.9	3.2	0.0	-11.9	0.0	
0.31250	-1.0	381	15.2	11.9	3.3	0.0	-11.9	0.0	
0.31641	-1.1	381	15.1	12.0	3.1	0.0	-12.0	0.0	
0.32031	-1.0	381	15.1	12.0	3.1	0.0	-12.0	0.0	
0.32422	-0.9	381	15.1	12.0	3.1	0.0	-12.0	0.0	
0.32812	-1.1	381	15.1	12.0	3.1	0.0	-12.0	0.0	
0.33203	-1.1	381	15.1	12.1	3.0	0.0	-12.1	0.0	
0.33594	-0.8	381	15.2	12.1	3.1	0.0	-12.1	0.0	
0.33984	-0.9	381	15.1	12.0	3.1	0.0	-12.0	0.0	
0.34375	-1.0	380	15.1	12.1	3.0	0.0	-12.1	0.0	
0.34766	-0.8	380	15.1	12.2	2.9	0.0	-12.2	0.0	
0.35156	-0.8	380	15.1	12.1	3.0	0.0	-12.1	0.0	
0.35547	-0.9	380	15.1	12.1	3.0	0.0	-12.1	0.0	
0.35938	-0.8	380	15.1	12.1	3.0	0.0	-12.1	0.0	
0.36328	-0.7	380	15.0	12.2	2.8	0.0	-12.2	0.0	
0.36719	-0.7	380	15.0	12.2	2.8	0.0	-12.2	0.0	
0.37109	-0.8	380	15.0	12.2	2.8	0.0	-12.2	0.0	
0.37500	-0.8	380	15.0	12.2	2.8	0.0	-12.2	0.0	
0.37891	-0.8	380	14.9	12.2	2.7	0.0	-12.2	0.0	
0.38281	-0.8	380	15.0	12.2	2.8	0.0	-12.2	0.0	
0.38672	-0.9	380	14.9	12.2	2.7	0.0	-12.2	0.0	
0.39062	-1.0	380	14.9	12.3	2.6	0.0	-12.3	0.0	
0.39453	-1.0	380	14.9	12.2	2.7	0.0	-12.2	0.0	
0.39844	-1.0	380	14.9	12.2	2.7	0.0	-12.2	0.0	
0.40234	-1.1	380	14.9	12.3	2.6	0.0	-12.3	0.0	
0.40625	-1.2	380	14.9	12.3	2.6	0.0	-12.3	0.0	
0.41016	-1.1	380	15.0	12.3	2.7	0.0	-12.3	0.0	
0.41406	-1.0	379	14.9	12.3	2.6	0.0	-12.3	0.0	
0.41797	-1.1	379	14.9	12.3	2.6	0.0	-12.3	0.0	
0.42188	-1.2	379	14.9	12.3	2.6	0.0	-12.3	0.0	
0.42578	-1.1	379	14.9	12.3	2.6	0.0	-12.3	0.0	
0.42969	-1.1	379	14.9	12.3	2.6	0.0	-12.3	0.0	
0.43359	-1.1	379	15.0	12.3	2.7	0.0	-12.3	0.0	
0.43750	-1.1	379	15.0	12.4	2.6	0.0	-12.4	0.0	
0.44141	-1.2	379	15.0	12.3	2.7	0.0	-12.3	0.0	
0.44531	-1.2	379	15.0	12.3	2.7	0.0	-12.3	0.0	
0.44922	-1.1	379	15.0	12.3	2.7	0.0	-12.3	0.0	
0.45312	-1.1	379	15.0	12.3	2.7	0.0	-12.3	0.0	
0.45703	-1.1	379	15.0	12.3	2.7	0.0	-12.3	0.0	
0.46094	-1.0	379	15.1	12.3	2.8	0.0	-12.3	0.0	
0.46484	-1.0	379	15.0	12.3	2.7	0.0	-12.3	0.0	
0.46875	-1.0	378	15.0	12.4	2.6	0.0	-12.4	0.0	
0.47266	-1.0	378	15.1	12.4	2.7	0.0	-12.4	0.0	
0.47656	-1.0	378	15.1	12.3	2.8	0.0	-12.3	0.0	
0.48047	-1.0	378	15.1	12.3	2.8	0.0	-12.3	0.0	
0.48438	-1.0	378	15.1	12.3	2.8	0.0	-12.3	0.0	
0.48828	-1.1	378	15.1	12.3	2.8	0.0	-12.3	0.0	
0.49219	-1.2	378	15.1	12.4	2.7	0.0	-12.4	0.0	
0.49609	-1.2	378	15.1	12.4	2.7	0.0	-12.4	0.0	
0.50000	-1.0	378	15.1	12.4	2.7	0.0	-12.4	0.0	
0.50391	-1.0	378	15.1	12.4	2.7	0.0	-12.4	0.0	
0.50781	-1.0	378	15.1	12.4	2.7	0.0	-12.4	0.0	
0.51172	-1.0	378	15.1	12.4	2.7	0.0	-12.4	0.0	
0.51562	-1.1	378	15.1	12.4	2.7	0.0	-12.4	0.0	
0.51953	-1.0	378	15.1	12.4	2.7	0.0	-12.4	0.0	
0.52344	-0.8	378	15.1	12.4	2.7	0.0	-12.4	0.0	
0.52734	-1.0	377	15.1	12.4	2.7	0.0	-12.4	0.0	
0.53125	-1.1	377	15.2	12.4	2.8	0.0	-12.4	0.0	
0.53516	-0.9	377	15.2	12.4	2.8	0.0	-12.4	0.0	
0.53906	-1.0	377	15.2	12.3	2.9	0.0	-12.3	0.0	
0.54297	-1.1	377	15.1	12.4	2.7	0.0	-12.4	0.0	
0.54688	-0.9	377	15.2	12.4	2.8	0.0	-12.4	0.0	
0.55078	-1.0	377	15.2	12.3	2.9	0.0	-12.3	0.0	
0.55469	-1.1	377	15.2	12.4	2.8	0.0	-12.4	0.0	
0.55859	-0.9	377	15.2	12.4	2.8	0.0	-12.4	0.0	
0.56250	-0.9	377	15.2	12.3	2.9	0.0	-12.3	0.0	
0.56641	-1.0	377	15.2	12.4	2.8	0.0	-12.4	0.0	
0.57031	-0.7	377	15.2	12.4	2.8	0.0	-12.4	0.0	
0.57422	-0.8	377	15.2	12.4	2.8	0.0	-12.4	0.0	
0.57812	-1.0	377	15.2	12.4	2.8	0.0	-12.4	0.0	
0.58203	-1.0	377	15.2	12.4	2.8	0.0	-12.4	0.0	
0.58594	-0.9	377	15.2	12.4	2.8	0.0	-12.4	0.0	
0.58984	-0.9	376	15.2	12.3	2.9	0.0	-12.3	0.0	
0.59375	-0.9	376	15.2	12.3	2.9	0.0	-12.3	0.0	
0.59766	-1.0	376	15.1	12.4	2.7	0.0	-12.4	0.0	
0.60156	-1.0	376	15.2	12.4	2.8	0.0	-12.4	0.0	
0.60547	-1.1	376	15.2	12.4	2.8	0.0	-12.4	0.0	
0.60938	-1.1	376	15.2	12.4	2.8	0.0	-12.4	0.0	
0.61328	-1.0	376	15.2	12.4	2.8	0.0	-12.4	0.0	
0.61719	-1.0	376	15.1	12.4	2.7	0.0	-12.4	0.0	
0.62109	-1.0	376	15.1	12.4	2.7	0.0	-12.4	0.0	
0.62500	-0.9	376	15.2	12.3	2.9	0.0	-12.3	0.0	
0.62891	-1.0	376	15.2	12.4	2.8	0.0	-12.4	0.0	
0.63281	-1.0	376	15.2	12.4	2.8	0.0	-12.4	0.0	
0.63672	-1.0	376	15.2	12.3	2.9	0.0	-12.3	0.0	
0.64062	-1.1	376	15.2	12.2	3.0	0.0	-12.2	0.0	
0.64453	-0.9	376	15.2	12.2	3.0	0.0	-12.2	0.0	
0.64844	-0.8	375	15.2	12.3	2.9	0.0	-12.3	0.0	
0.65234	-1.1	375	15.1	12.2	2.9	0.0	-12.2	0.0	
0.65625	-0.9	375	15.2	12.1	3.1	0.0	-12.1	0.0	
0.66016	-0.9	375	15.2	12.1	3.1	0.0	-12.1	0.0	
0.66406	-1.1	375	15.1	12.1	3.0	0.0	-12.1	0.0	
0.66797	-1.0	375	15.1	12.1	3.0	0.0	-12.1	0.0	
0.67188	-1.1	375	15.2	12.0	3.2	0.0	-12.0	0.0	
0.67578	-1.0	375	15.3	12.0	3.3	0.0	-12.0	0.0	
0.67969	-0.8	375	15.2	12.0	3.2	0.0	-12.0	0.0	
0.68359	-1.2	375	15.2	11.9	3.3	0.0	-11.9	0.0	
0.68750	-1.4	375	15.3	11.9	3.4	0.0	-11.9	0.0	
0.69141	-1.3	375	15.3	11.9	3.4	0.0	-11.9	0.0	
0.69531	-1.2	375	15.3	11.9	3.4	0.0	-11.9	0.0	
0.69922	-1.0	375	15.4	11.9	3.5	0.0	-11.9	0.0	
0.70312	-1.4	374	15.3	11.9	3.4	0.0	-11.9	0.0	
0.70703	-1.6	374	15.4	11.9	3.5	0.0	-11.9	0.0	
0.71094	-1.2	374	15.5	11.9	3.6	0.0	-11.9	0.0	
0.71484	-1.3	374	15.5	11.8	3.7	0.0	-11.8	0.0	
0.71875	-1.5	374	15.4	11.8	3.6	0.0	-11.8	0.0	
0.72266	-1.3	374	15.5	11.8	3.7	0.0	-11.8	0.0	
0.72656	-1.5	374	15.6	11.8	3.8	0.0	-11.8	0.0	
0.73047	-1.5	374	15.6	11.8	3.8	0.0	-11.8	0.0	
0.73438	-1.0	374	15.6	11.8	3.8	0.0	-11.8	0.0	
0.73828	-1.2	374	15.6	11.8	3.8	0.0	-11.8	0.0	
0.74219	-1.2	374	15.6	11.8	3.8	0.0	-11.8	0.0	
0.74609	-1.0	374	15.7	11.8	3.9	0.0	-11.8	0.0	
0.75000	-1.1	373	15.7	11.8	3.9	0.0	-11.8	0.0	
0.75391	-0.9	373	15.8	11.7	4.1	0.0	-11.7	0.0	
0.75781	-0.8	373	15.8	11.7	4.1	0.0	-11.7	0.0	
0.76172	-1.0	373	15.7	11.8	3.9	0.0	-11.8	0.0	
0.76562	-0.9	373	15.7	11.7	4.0	0.0	-11.7	0.0	
0.76953	-1.0	373	15.7	11.7	4.0	0.0	-11.7	0.0	
0.77344	-1.1	373	15.7	11.7	4.0	0.0	-11.7	0.0	
0.77734	-0.9	373	15.8	11.8	4.0	0.0	-11.8	0.0	
0.78125	-1.0	373	15.8	11.7	4.1	0.0	-11.7	0.0	
0.78516	-1.1	373	15.7	11.7	4.0	0.0	-11.7	0.0	
0.78906	-0.9	373	15.7	11.8	3.9	0.0	-11.8	0.0	
0.79297	-1.0	373	15.7	11.8	3.9	0.0	-11.8	0.0	
0.79688	-1.1	373	15.7	11.8	3.9	0.0	-11.8	0.0	
0.80078	-1.1	373	15.8	11.8	4.0	0.0	-11.8	0.0	
0.80469	-1.0	373	15.8	11.8	4.0	0.0	-11.8	0.0	
0.80859	-1.1	373	15.8	11.9	3.9	0.0	-11.9	0.0	
0.81250	-1.0	372	15.8	11.9	3.9	0.0	-11.9	0.0	
0.81641	-0.9	372	15.8	11.9	3.9	0.0	-11.9	0.0	
0.82031	-1.0	372	15.8	11.9	3.9	0.0	-11.9	0.0	
0.82422	-1.1	372	15.8	11.9	3.9	0.0	-11.9	0.0	
0.82812	-1.0	372	15.9	11.9	4.0	0.0	-11.9	0.0	
0.83203	-1.2	372	15.9	12.0	3.9	0.0	-12.0	0.0	
0.83594	-1.3	372	15.9	12.0	3.9	0.0	-12.0	0.0	
0.83984	-1.1	372	16.0	12.0	4.0	0.0	-12.0	0.0	
0.84375	-1.1	372	16.0	12.0	4.0	0.0	-12.0	0.0	
0.84766	-1.2	372	16.0	12.0	4.0	0.0	-12.0	0.0	
0.85156	-1.3	372	16.0	12.1	3.9	0.0	-12.1	0.0	
0.85547	-1.3	372	16.1	12.1	4.0	0.0	-12.1	0.0	
0.85938	-1.3	372	16.2	12.1	4.1	0.0	-12.1	0.0	
0.86328	-1.5	371	16.2	12.2	4.0	0.0	-12.2	0.0	
0.86719	-1.6	371	16.2	12.2	4.0	0.0	-12.2	0.0	
0.87109	-1.6	371	16.3	12.2	4.1	0.0	-12.2	0.0	
0.87500	-1.7	371	16.3	12.2	4.1	0.0	-12.2	0.0	
0.87891	-1.8	371	16.3	12.3	4.0	0.0	-12.3	0.0	
0.88281	-2.0	371	16.4	12.4	4.0	0.0	-12.4	0.0	
0.88672	-2.1	371	16.5	12.4	4.1	0.0	-12.4	0.0	
0.89062	-2.2	371	16.5	12.4	4.1	0.0	-12.4	0.0	
0.89453	-2.4	370	16.6	12.4	4.2	0.0	-12.4	0.0	
0.89844	-2.3	370	16.6	12.4	4.2	0.0	-12.4	0.0	
0.90234	-2.2	370	16.7	12.5	4.2	0.0	-12.5	0.0	
0.90625	-2.5	370	16.7	12.6	4.1	0.0	-12.6	0.0	
0.91016	-2.7	370	16.8	12.6	4.2	0.0	-12.6	0.0	
0.91406	-2.8	370	17.0	12.6	4.4	0.0	-12.6	0.0	
0.91797	-3.0	369	17.1	12.7	4.4	0.0	-12.7	0.0	
0.92188	-3.1	369	17.1	12.7	4.4	0.0	-12.7	0.0	
0.92578	-3.4	369	17.3	12.8	4.5	0.0	-12.8	0.0	
0.92969	-3.9	369	17.4	12.9	4.5	0.0	-12.9	0.0	
0.93359	-4.2	368	17.5	12.9	4.6	0.0	-12.9	0.0	
0.93750	-4.6	368	17.6	13.0	4.6	0.0	-13.0	0.0	
0.94141	-5.1	368	17.8	13.0	4.8	0.0	-13.0	0.0	
0.94531	-5.5	367	17.9	13.1	4.8	0.0	-13.1	0.0	
0.94922	-5.9	367	18.1	13.2	4.9	0.0	-13.2	0.0	
0.95312	-6.1	367	18.3	13.2	5.1	0.0	-13.2	0.0	
0.95703	-6.1	366	18.4	13.3	5.1	0.0	-13.3	0.0	
0.96094	-6.2	366	18.5	13.4	5.1	0.0	-13.4	0.0	
0.96484	-6.2	366	18.7	13.4	5.3	0.0	-13.4	0.0	
0.96875	-6.0	365	18.8	13.5	5.3	0.0	-13.5	0.0	
0.97266	-5.8	365	19.0	13.6	5.4	0.0	-13.6	0.0	
0.97656	-5.4	364	19.1	13.7	5.4	0.0	-13.7	0.0	
0.98047	-5.2	364	19.3	13.8	5.5	0.0	-13.8	0.0	
0.98438	-5.5	364	19.5	13.9	5.6	0.0	-13.9	0.0	
0.98828	-5.3	363	19.5	14.0	5.5	0.0	-14.0	0.0	
0.99219	-5.0	363	19.7	14.0	5.7	0.0	-14.0	0.0	
0.99609	-4.8	363	19.8	14.1	5.7	0.0	-14.1	0.0	
1.00000	-4.5	362	19.9	14.2	5.7	0.0	-14.2	0.0	
1.00391	-4.3	362	20.0	14.2	5.8	0.0	-14.2	0.0	
1.00781	-4.3	362	20.1	14.4	5.7	0.0	-14.4	0.0	
1.01172	-4.6	362	20.2	14.5	5.7	0.0	-14.5	0.0	
1.01562	-4.9	361	20.3	14.5	5.8	0.0	-14.5	0.0	
1.01953	-4.8	361	20.4	14.7	5.7	0.0	-14.7	0.0	
1.02344	-4.7	361	20.5	14.7	5.8	0.0	-14.7	0.0	
1.02734	-4.5	360	20.6	14.8	5.8	0.0	-14.8	0.0	
1.03125	-4.4	360	20.8	14.9	5.9	0.0	-14.9	0.0	
1.03516	-4.6	360	20.8	15.0	5.8	0.0	-15.0	0.0	
1.03906	-4.6	359	20.9	15.1	5.8	0.0	-15.1	0.0	
1.04297	-4.0	359	21.0	15.2	5.8	0.0	-15.2	0.0	
1.04688	-3.8	359	21.1	15.3	5.8	0.0	-15.3	0.0	
1.05078	-3.6	359	21.2	15.4	5.8	0.0	-15.4	0.0	
1.05469	-3.2	358	21.3	15.5	5.8	0.0	-15.5	0.0	
1.05859	-2.9	358	21.3	15.5	5.8	0.0	-15.5	0.0	
1.06250	-2.5	358	21.4	15.6	5.8	0.0	-15.6	0.0	
1.06641	-2.2	358	21.4	15.7	5.7	0.0	-15.7	0.0	
1.07031	-2.3	358	21.5	15.8	5.7	0.0	-15.8	0.0	
1.07422	-2.4	358	21.6	15.9	5.7	0.0	-15.9	0.0	
1.07812	-2.6	358	21.6	15.9	5.7	0.0	-15.9	0.0	
1.08203	-2.5	357	21.7	16.0	5.7	0.0	-16.0	0.0	
1.08594	-2.5	357	21.8	16.0	5.8	0.0	-16.0	0.0	
1.08984	-2.8	357	21.8	16.2	5.6	0.0	-16.2	0.0	
1.09375	-2.8	357	21.9	16.3	5.6	0.0	-16.3	0.0	
1.09766	-3.0	357	22.0	16.4	5.6	0.0	-16.4	0.0	
1.10156	-3.2	356	22.1	16.4	5.7	0.0	-16.4	0.0	
1.10547	-3.2	356	22.2	16.5	5.7	0.0	-16.5	0.0	
1.10938	-3.1	356	22.2	16.5	5.7	0.0	-16.5	0.0	
1.11328	-3.1	356	22.3	16.7	5.6	0.0	-16.7	0.0	
1.11719	-3.0	356	22.3	16.7	5.6	0.0	-16.7	0.0	
1.12109	-3.0	355	22.4	16.8	5.6	0.0	-16.8	0.0	
1.12500	-3.1	355	22.6	16.9	5.7	0.0	-16.9	0.0	
1.12891	-3.3	355	22.7	16.9	5.8	0.0	-16.9	0.0	
1.13281	-3.4	355	22.7	17.1	5.6	0.0	-17.1	0.0	
1.13672	-3.6	355	22.7	17.1	5.6	0.0	-17.1	0.0	
1.14062	-3.9	354	22.9	17.2	5.7	0.0	-17.2	0.0	
1.14453	-4.2	354	23.1	17.3	5.8	0.0	-17.3	0.0	
1.14844	-4.4	354	23.2	17.3	5.9	0.0	-17.3	0.0	
1.15234	-4.9	353	23.2	17.4	5.8	0.0	-17.4	0.0	
1.15625	-5.3	353	23.3	17.5	5.8	0.0	-17.5	0.0	
1.16016	-5.5	353	23.5	17.6	5.9	0.0	-17.6	0.0	
1.16406	-5.8	352	23.6	17.7	5.9	0.0	-17.7	0.0	
1.16797	-5.9	352	23.8	17.8	6.0	0.0	-17.8	0.0	
1.17188	-5.9	352	23.9	17.9	6.0	0.0	-17.9	0.0	
1.17578	-5.8	351	24.1	18.0	6.1	0.0	-18.0	0.0	
1.17969	-5.7	351	24.2	18.0	6.2	0.0	-18.0	0.0	
1.18359	-5.8	350	24.3	18.1	6.2	0.0	-18.1	0.0	
1.18750	-5.6	350	24.4	18.3	6.1	0.0	-18.3	0.0	
1.19141	-5.7	350	24.5	18.4	6.1	0.0	-18.4	0.0	
1.19531	-5.3	349	24.7	18.4	6.3	0.0	-18.4	0.0	
1.19922	-4.8	349	24.9	18.5	6.4	0.0	-18.5	0.0	
1.20312	-4.8	349	25.0	18.6	6.4	0.0	-18.6	0.0	
1.20703	-4.6	348	25.0	18.7	6.3	0.0	-18.7	0.0	
1.21094	-4.3	348	25.1	18.8	6.3	0.0	-18.8	0.0	
1.21484	-4.5	348	25.2	18.9	6.3	0.0	-18.9	0.0	
1.21875	-4.1	348	25.3	19.0	6.3	0.0	-19.0	0.0	
1.22266	-3.8	347	25.5	19.1	6.4	0.0	-19.1	0.0	
1.22656	-3.6	347	25.5	19.1	6.4	0.0	-19.1	0.0	
1.23047	-3.2	347	25.5	19.2	6.3	0.0	-19.2	0.0	
1.23438	-2.9	347	25.6	19.3	6.3	0.0	-19.3	0.0	
1.23828	-2.7	347	25.7	19.4	6.3	0.0	-19.4	0.0	
1.24219	-2.3	346	25.7	19.5	6.2	0.0	-19.5	0.0	
1.24609	-1.9	346	25.7	19.5	6.2	0.0	-19.5	0.0	
1.25000	-1.4	346	25.7	19.6	6.1	0.0	-19.6	0.0	
1.25391	-1.1	346	25.7	19.7	6.0	0.0	-19.7	0.0	
1.25781	-1.1	346	25.7	19.8	5.9	0.0	-19.8	0.0	
1.26172	-1.2	346	25.8	19.8	6.0	0.0	-19.8	0.0	
1.26562	-1.3	346	25.8	19.9	5.9	0.0	-19.9	0.0	
1.26953	-1.2	346	25.9	20.0	5.9	0.0	-20.0	0.0	
1.27344	-1.1	346	25.8	20.0	5.8	0.0	-20.0	0.0	
1.27734	-1.1	346	25.8	20.1	5.7	0.0	-20.1	0.0	
1.28125	-1.1	346	25.8	20.2	5.6	0.0	-20.2	0.0	
1.28516	-1.2	346	25.8	20.2	5.6	0.0	-20.2	0.0	
1.28906	-1.3	345	25.8	20.3	5.5	0.0	-20.3	0.0	
1.29297	-1.3	345	25.8	20.3	5.5	0.0	-20.3	0.0	
1.29688	-1.3	345	25.8	20.3	5.5	0.0	-20.3	0.0	
1.30078	-1.3	345	25.8	20.4	5.4	0.0	-20.4	0.0	
1.30469	-1.2	345	25.9	20.4	5.5	0.0	-20.4	0.0	
1.30859	-1.2	345	25.9	20.4	5.5	0.0	-20.4	0.0	
1.31250	-1.2	345	25.9	20.4	5.5	0.0	-20.4	0.0	
1.31641	-1.1	345	25.8	20.4	5.4	0.0	-20.4	0.0	
1.32031	-1.1	345	25.9	20.5	5.4	0.0	-20.5	0.0	
1.32422	-1.0	345	26.0	20.5	5.5	0.0	-20.5	0.0	
1.32812	-1.1	345	26.0	20.5	5.5	0.0	-20.5	0.0	
1.33203	-1.2	345	26.0	20.5	5.5	0.0	-20.5	0.0	
1.33594	-1.2	344	26.0	20.5	5.5	0.0	-20.5	0.0	
1.33984	-1.2	344	26.1	20.5	5.6	0.0	-20.5	0.0	
1.34375	-1.3	344	26.1	20.6	5.5	0.0	-20.6	0.0	
1.34766	-1.4	344	26.1	20.6	5.5	0.0	-20.6	0.0	
1.35156	-1.4	344	26.2	20.6	5.6	0.0	-20.6	0.0	
1.35547	-1.4	344	26.2	20.6	5.6	0.0	-20.6	0.0	
1.35938	-1.5	344	26.1	20.6	5.5	0.0	-20.6	0.0	
1.36328	-1.3	344	26.1	20.7	5.4	0.0	-20.7	0.0	
1.36719	-1.3	344	26.2	20.7	5.5	0.0	-20.7	0.0	
1.37109	-1.3	344	26.2	20.7	5.5	0.0	-20.7	0.0	
1.37500	-1.2	344	26.1	20.7	5.4	0.0	-20.7	0.0	
1.37891	-1.1	344	26.1	20.7	5.4	0.0	-20.7	0.0	
1.38281	-0.9	343	26.1	20.8	5.3	0.0	-20.8	0.0	
1.38672	-0.9	343	26.1	20.8	5.3	0.0	-20.8	0.0	
1.39062	-0.9	343	26.0	20.7	5.3	0.0	-20.7	0.0	
1.39453	-0.8	343	26.0	20.7	5.3	0.0	-20.7	0.0	
1.39844	-0.7	343	26.0	20.8	5.2	0.0	-20.8	0.0	
1.40234	-0.9	343	26.0	20.8	5.2	0.0	-20.8	0.0	
1.40625	-0.9	343	25.9	20.8	5.1	0.0	-20.8	0.0	
1.41016	-0.6	343	25.8	20.8	5.0	0.0	-20.8	0.0	
1.41406	-0.2	343	25.8	20.8	5.0	0.0	-20.8	0.0	
1.41797	0.2	343	25.8	20.8	5.0	0.0	-20.8	0.0	
1.42188	0.4	343	25.8	20.8	5.0	0.0	-20.8	0.0	
1.42578	0.5	343	25.7	20.8	4.9	0.0	-20.8	0.0	
1.42969	0.6	343	25.5	20.8	4.7	0.0	-20.8	0.0	
1.43359	0.5	343	25.4	20.8	4.6	0.0	-20.8	0.0	
1.43750	0.6	343	25.4	20.8	4.6	0.0	-20.8	0.0	
1.44141	0.6	343	25.3	20.8	4.5	0.0	-20.8	0.0	
1.44531	0.6	343	25.2	20.8	4.4	0.0	-20.8	0.0	
1.44922	0.6	343	25.1	20.8	4.3	0.0	-20.8	0.0	
1.45312	0.5	343	25.0	20.8	4.2	0.0	-20.8	0.0	
1.45703	0.4	343	25.0	20.8	4.2	0.0	-20.8	0.0	
1.46094	0.3	343	24.9	20.8	4.1	0.0	-20.8	0.0	
1.46484	-0.1	343	24.8	20.8	4.0	0.0	-20.8	0.0	
1.46875	-0.3	343	24.8	20.8	4.0	0.0	-20.8	0.0	
1.47266	-0.5	343	24.8	20.8	4.0	0.0	-20.8	0.0	
1.47656	-0.6	343	24.7	20.8	3.9	0.0	-20.8	0.0	
1.48047	-0.6	343	24.7	20.8	3.9	0.0	-20.8	0.0	
1.48438	-0.7	343	24.7	20.8	3.9	0.0	-20.8	0.0	
1.48828	-0.7	343	24.6	20.8	3.8	0.0	-20.8	0.0	
1.49219	-0.6	343	24.5	20.9	3.6	0.0	-20.9	0.0	
1.49609	-0.4	343	24.5	20.8	3.7	0.0	-20.8	0.0	
1.50000	-0.3	343	24.4	20.8	3.6	0.0	-20.8	0.0	
1.50391	-0.1	343	24.2	20.8	3.4	0.0	-20.8	0.0	
1.50781	0.3	343	24.1	20.8	3.3	0.0	-20.8	0.0	
1.51172	1.1	343	24.0	20.7	3.3	0.0	-20.7	0.0	
1.51562	1.8	343	23.8	20.7	3.1	0.0	-20.7	0.0	
1.51953	2.5	344	23.6	20.7	2.9	0.0	-20.7	0.0	
1.52344	3.6	344	23.5	20.7	2.8	0.0	-20.7	0.0	
1.52734	4.5	344	23.3	20.6	2.7	0.0	-20.6	0.0	
1.53125	5.4	344	23.0	20.6	2.4	0.0	-20.6	0.0	
1.53516	6.0	345	22.9	20.5	2.4	0.0	-20.5	0.0	
1.53906	6.7	345	22.7	20.4	2.3	0.0	-20.4	0.0	
1.54297	7.1	346	22.5	20.4	2.1	0.0	-20.4	0.0	
1.54688	5.6	346	22.3	20.4	1.9	0.0	-20.4	0.0	
1.55078	4.8	346	22.1	20.3	1.8	0.0	-20.3	0.0	
1.55469	5.7	347	21.9	20.2	1.7	0.0	-20.2	0.0	
1.55859	5.5	347	21.7	20.2	1.5	0.0	-20.2	0.0	
1.56250	6.0	348	21.5	20.1	1.4	0.0	-20.1	0.0	
1.56641	6.5	348	21.3	20.0	1.3	0.0	-20.0	0.0	
1.57031	6.0	348	21.1	19.9	1.2	0.0	-19.9	0.0	
1.57422	6.1	349	20.9	19.8	1.1	0.0	-19.8	0.0	
1.57812	5.9	349	20.7	19.8	0.9	0.0	-19.8	0.0	
1.58203	5.3	349	20.4	19.7	0.7	0.0	-19.7	0.0	
1.58594	5.5	350	20.2	19.6	0.6	0.0	-19.6	0.0	
1.58984	6.1	350	20.0	19.5	0.5	0.0	-19.5	0.0	
1.59375	6.1	351	19.7	19.4	0.3	0.0	-19.4	0.0	
1.59766	6.1	351	19.5	19.3	0.2	0.0	-19.3	0.0	
1.60156	6.8	351	19.3	19.2	0.1	0.0	-19.2	0.0	
1.60547	7.4	352	19.0	19.1	-0.1	0.0	-19.1	0.0	
1.60938	7.4	352	18.8	18.9	-0.1	0.0	-18.9	0.0	
1.61328	7.8	353	18.5	18.9	-0.4	0.0	-18.9	0.0	
1.61719	7.5	353	18.3	18.8	-0.5	0.0	-18.8	0.0	
1.62109	7.2	354	18.1	18.6	-0.5	0.0	-18.6	0.0	
1.62500	7.3	354	17.9	18.6	-0.7	0.0	-18.6	0.0	
1.62891	7.1	355	17.6	18.4	-0.8	0.0	-18.4	0.0	
1.63281	7.6	355	17.4	18.2	-0.8	0.0	-18.2	0.0	
1.63672	8.0	356	17.1	18.1	-1.0	0.0	-18.1	0.0	
1.64062	7.1	356	16.9	18.0	-1.1	0.0	-18.0	0.0	
1.64453	7.0	357	16.7	17.8	-1.1	0.0	-17.8	0.0	
1.64844	6.9	357	16.5	17.7	-1.2	0.0	-17.7	0.0	
1.65234	5.6	358	16.3	17.6	-1.3	0.0	-17.6	0.0	
1.65625	5.1	358	16.2	17.4	-1.2	0.0	-17.4	0.0	
1.66016	5.2	358	16.0	17.3	-1.3	0.0	-17.3	0.0	
1.66406	4.9	359	15.8	17.2	-1.4	0.0	-17.2	0.0	
1.66797	4.9	359	15.6	17.1	-1.5	0.0	-17.1	0.0	
1.67188	4.4	359	15.4	16.9	-1.5	0.0	-16.9	0.0	
1.67578	2.9	359	15.4	16.9	-1.5	0.0	-16.9	0.0	
1.67969	2.5	359	15.3	16.7	-1.4	0.0	-16.7	0.0	
1.68359	2.6	360	15.2	16.6	-1.4	0.0	-16.6	0.0	
1.68750	2.2	360	15.1	16.5	-1.4	0.0	-16.5	0.0	
1.69141	1.8	360	15.0	16.3	-1.3	0.0	-16.3	0.0	
1.69531	1.3	360	15.0	16.2	-1.2	0.0	-16.2	0.0	
1.69922	0.4	360	14.9	16.2	-1.3	0.0	-16.2	0.0	
1.70312	0.0	360	14.8	16.0	-1.2	0.0	-16.0	0.0	
1.70703	-0.1	360	14.8	15.9	-1.1	0.0	-15.9	0.0	
1.71094	-0.4	360	14.8	15.8	-1.0	0.0	-15.8	0.0	
1.71484	-0.4	360	14.8	15.7	-0.9	0.0	-15.7	0.0	
1.71875	-0.4	360	14.7	15.6	-0.9	0.0	-15.6	0.0	
1.72266	-0.6	360	14.7	15.5	-0.8	0.0	-15.5	0.0	
1.72656	-0.7	360	14.6	15.4	-0.8	0.0	-15.4	0.0	
1.73047	-0.8	360	14.6	15.3	-0.7	0.0	-15.3	0.0	
1.73438	-0.8	360	14.6	15.2	-0.6	0.0	-15.2	0.0	
1.73828	-0.8	360	14.5	15.1	-0.6	0.0	-15.1	0.0	
1.74219	-0.7	360	14.5	15.1	-0.6	0.0	-15.1	0.0	
1.74609	-0.6	360	14.5	15.0	-0.5	0.0	-15.0	0.0	
1.75000	-0.7	360	14.4	14.9	-0.5	0.0	-14.9	0.0	
1.75391	-0.7	360	14.4	14.8	-0.4	0.0	-14.8	0.0	
1.75781	-0.7	359	14.5	14.7	-0.2	0.0	-14.7	0.0	
1.76172	-0.6	359	14.4	14.6	-0.2	0.0	-14.6	0.0	
1.76562	-0.7	359	14.4	14.6	-0.2	0.0	-14.6	0.0	
1.76953	-0.7	359	14.4	14.5	-0.1	0.0	-14.5	0.0	
1.77344	-0.8	359	14.4	14.4	0.0	0.0	-14.4	0.0	
1.77734	-0.9	359	14.4	14.3	0.1	0.0	-14.3	0.0	
1.78125	-0.8	359	14.4	14.2	0.2	0.0	-14.2	0.0	
1.78516	-0.8	359	14.3	14.2	0.1	0.0	-14.2	0.0	
1.78906	-0.9	359	14.3	14.2	0.1	0.0	-14.2	0.0	
1.79297	-0.7	359	14.3	14.1	0.2	0.0	-14.1	0.0	
1.79688	-0.8	359	14.2	14.0	0.2	0.0	-14.0	0.0	
1.80078	-1.1	359	14.3	13.9	0.4	0.0	-13.9	0.0	
1.80469	-1.0	359	14.3	13.9	0.4	0.0	-13.9	0.0	
1.80859	-1.0	359	14.4	13.8	0.6	0.0	-13.8	0.0	
1.81250	-0.9	359	14.3	13.7	0.6	0.0	-13.7	0.0	
1.81641	-1.0	359	14.2	13.7	0.5	0.0	-13.7	0.0	
1.82031	-1.1	359	14.1	13.6	0.5	0.0	-13.6	0.0	
1.82422	-1.0	359	14.2	13.6	0.6	0.0	-13.6	0.0	
1.82812	-1.0	358	14.4	13.5	0.9	0.0	-13.5	0.0	
1.83203	-0.9	358	14.5	13.5	1.0	0.0	-13.5	0.0	
1.83594	-0.8	358	14.4	13.4	1.0	0.0	-13.4	0.0	
1.83984	-0.9	358	14.2	13.4	0.8	0.0	-13.4	0.0	
1.84375	-1.1	358	14.2	13.3	0.9	0.0	-13.3	0.0	
1.84766	-1.1	358	14.4	13.3	1.1	0.0	-13.3	0.0	
1.85156	-1.0	358	14.5	13.2	1.3	0.0	-13.2	0.0	
1.85547	-0.9	358	14.4	13.1	1.3	0.0	-13.1	0.0	
1.85938	-1.1	358	14.4	13.1	1.3	0.0	-13.1	0.0	
1.86328	-1.1	358	14.3	13.1	1.2	0.0	-13.1	0.0	
1.86719	-1.0	358	14.4	13.0	1.4	0.0	-13.0	0.0	
1.87109	-1.0	358	14.4	13.0	1.4	0.0	-13.0	0.0	
1.87500	-1.0	358	14.4	12.9	1.5	0.0	-12.9	0.0	
1.87891	-0.9	358	14.4	12.9	1.5	0.0	-12.9	0.0	
1.88281	-1.2	358	14.4	12.9	1.5	0.0	-12.9	0.0	
1.88672	-1.2	357	14.5	12.8	1.7	0.0	-12.8	0.0	
1.89062	-1.0	357	14.4	12.8	1.6	0.0	-12.8	0.0	
1.89453	-0.9	357	14.3	12.7	1.6	0.0	-12.7	0.0	
1.89844	-0.9	357	14.3	12.7	1.6	0.0	-12.7	0.0	
1.90234	-0.9	357	14.4	12.7	1.7	0.0	-12.7	0.0	
1.90625	-0.9	357	14.4	12.7	1.7	0.0	-12.7	0.0	
1.91016	-0.9	357	14.4	12.6	1.8	0.0	-12.6	0.0	
1.91406	-1.0	357	14.4	12.5	1.9	0.0	-12.5	0.0	
1.91797	-1.0	357	14.4	12.5	1.9	0.0	-12.5	0.0	
1.92188	-1.0	357	14.4	12.5	1.9	0.0	-12.5	0.0	
1.92578	-0.9	357	14.4	12.4	2.0	0.0	-12.4	0.0	
1.92969	-0.8	357	14.4	12.4	2.0	0.0	-12.4	0.0	
1.93359	-1.1	357	14.4	12.4	2.0	0.0	-12.4	0.0	
1.93750	-1.1	357	14.4	12.4	2.0	0.0	-12.4	0.0	
1.94141	-1.0	357	14.4	12.4	2.0	0.0	-12.4	0.0	
1.94531	-1.1	357	14.4	12.3	2.1	0.0	-12.3	0.0	
1.94922	-1.2	356	14.4	12.2	2.2	0.0	-12.2	0.0	
1.95312	-1.1	356	14.4	12.2	2.2	0.0	-12.2	0.0	
1.95703	-0.9	356	14.4	12.2	2.2	0.0	-12.2	0.0	
1.96094	-0.9	356	14.4	12.2	2.2	0.0	-12.2	0.0	
1.96484	-1.0	356	14.5	12.1	2.4	0.0	-12.1	0.0	
1.96875	-1.0	356	14.5	12.1	2.4	0.0	-12.1	0.0	
1.97266	-0.9	356	14.4	12.0	2.4	0.0	-12.0	0.0	
1.97656	-0.8	356	14.4	12.0	2.4	0.0	-12.0	0.0	
1.98047	-0.9	356	14.4	11.9	2.5	0.0	-11.9	0.0	
1.98438	-0.9	356	14.4	11.9	2.5	0.0	-11.9	0.0	
1.98828	-0.8	356	14.3	11.8	2.5	0.0	-11.8	0.0	
1.99219	-0.9	356	14.3	11.8	2.5	0.0	-11.8	0.0	
1.99609	-0.8	356	14.3	11.7	2.6	0.0	-11.7	0.0	
2.00000	-0.7	356	14.4	11.6	2.8	0.0	-11.6	0.0	
2.00391	-0.9	356	14.3	11.6	2.7	0.0	-11.6	0.0	
2.00781	-0.9	356	14.3	11.5	2.8	0.0	-11.5	0.0	
2.01172	-0.9	356	14.3	11.5	2.8	0.0	-11.5	0.0	
2.01562	-1.1	355	14.3	11.5	2.8	0.0	-11.5	0.0	
2.01953	-1.2	355	14.4	11.4	3.0	0.0	-11.4	0.0	
2.02344	-1.2	355	14.4	11.3	3.1	0.0	-11.3	0.0	
2.02734	-1.2	355	14.4	11.3	3.1	0.0	-11.3	0.0	
2.03125	-1.2	355	14.4	11.3	3.1	0.0	-11.3	0.0	
2.03516	-1.2	355	14.4	11.3	3.1	0.0	-11.3	0.0	
2.03906	-1.3	355	14.5	11.2	3.3	0.0	-11.2	0.0	
2.04297	-1.3	355	14.5	11.2	3.3	0.0	-11.2	0.0	
2.04688	-1.3	355	14.5	11.2	3.3	0.0	-11.2	0.0	
2.05078	-1.4	355	14.5	11.1	3.4	0.0	-11.1	0.0	
2.05469	-1.4	355	14.5	11.1	3.4	0.0	-11.1	0.0	
2.05859	-1.3	355	14.6	11.1	3.5	0.0	-11.1	0.0	
2.06250	-1.3	354	14.6	11.1	3.5	0.0	-11.1	0.0	
2.06641	-1.3	354	14.7	11.1	3.6	0.0	-11.1	0.0	
2.07031	-1.2	354	14.6	11.0	3.6	0.0	-11.0	0.0	
2.07422	-1.1	354	14.6	11.0	3.6	0.0	-11.0	0.0	
2.07812	-1.1	354	14.6	11.0	3.6	0.0	-11.0	0.0	
2.08203	-1.0	354	14.7	11.0	3.7	0.0	-11.0	0.0	
2.08594	-0.9	354	14.7	10.9	3.8	0.0	-10.9	0.0	
2.08984	-0.9	354	14.7	10.9	3.8	0.0	-10.9	0.0	
2.09375	-0.9	354	14.7	10.9	3.8	0.0	-10.9	0.0	
2.09766	-1.0	354	14.7	10.9	3.8	0.0	-10.9	0.0	
2.10156	-0.9	354	14.7	10.9	3.8	0.0	-10.9	0.0	
2.10547	-0.8	354	14.6	10.8	3.8	0.0	-10.8	0.0	
2.10938	-0.8	354	14.7	10.8	3.9	0.0	-10.8	0.0	
2.11328	-0.7	354	14.7	10.9	3.8	0.0	-10.9	0.0	
2.11719	-0.8	354	14.6	10.8	3.8	0.0	-10.8	0.0	
2.12109	-0.8	354	14.6	10.8	3.8	0.0	-10.8	0.0	
2.12500	-0.7	353	14.6	10.8	3.8	0.0	-10.8	0.0	
2.12891	-0.7	353	14.5	10.8	3.7	0.0	-10.8	0.0	
2.13281	-0.8	353	14.6	10.8	3.8	0.0	-10.8	0.0	
2.13672	-0.8	353	14.6	10.8	3.8	0.0	-10.8	0.0	
2.14062	-0.8	353	14.5	10.8	3.7	0.0	-10.8	0.0	
2.14453	-0.7	353	14.5	10.9	3.6	0.0	-10.9	0.0	
2.14844	-0.7	353	14.5	10.8	3.7	0.0	-10.8	0.0	
2.15234	-0.9	353	14.4	10.9	3.5	0.0	-10.9	0.0	
2.15625	-0.9	353	14.5	10.9	3.6	0.0	-10.9	0.0	
2.16016	-0.7	353	14.5	10.8	3.7	0.0	-10.8	0.0	
2.16406	-1.0	353	14.5	10.9	3.6	0.0	-10.9	0.0	
2.16797	-1.0	353	14.4	10.8	3.6	0.0	-10.8	0.0	
2.17188	-0.9	353	14.3	10.8	3.5	0.0	-10.8	0.0	
2.17578	-0.8	353	14.4	10.8	3.6	0.0	-10.8	0.0	
2.17969	-0.7	353	14.4	10.8	3.6	0.0	-10.8	0.0	
2.18359	-0.6	353	14.3	10.8	3.5	0.0	-10.8	0.0	
2.18750	-0.6	353	14.3	10.8	3.5	0.0	-10.8	0.0	
2.19141	-0.7	353	14.2	10.8	3.4	0.0	-10.8	0.0	
2.19531	-0.7	353	14.2	10.8	3.4	0.0	-10.8	0.0	
2.19922	-0.7	353	14.2	10.8	3.4	0.0	-10.8	0.0	
2.20312	-0.8	352	14.2	10.9	3.3	0.0	-10.9	0.0	
2.20703	-0.8	352	14.1	10.9	3.2	0.0	-10.9	0.0	
2.21094	-0.7	352	14.2	10.9	3.3	0.0	-10.9	0.0	
2.21484	-0.9	352	14.2	10.9	3.3	0.0	-10.9	0.0	
2.21875	-1.0	352	14.1	10.9	3.2	0.0	-10.9	0.0	
2.22266	-1.0	352	14.1	10.9	3.2	0.0	-10.9	0.0	
2.22656	-1.0	352	14.1	10.9	3.2	0.0	-10.9	0.0	
2.23047	-1.2	352	14.1	10.9	3.2	0.0	-10.9	0.0	
2.23438	-1.1	352	14.1	10.8	3.3	0.0	-10.8	0.0	
2.23828	-1.1	352	14.2	10.8	3.4	0.0	-10.8	0.0	
2.24219	-1.2	352	14.2	10.9	3.3	0.0	-10.9	0.0	
2.24609	-1.3	352	14.2	11.0	3.2	0.0	-11.0	0.0	
2.25000	-1.3	352	14.2	10.9	3.3	0.0	-10.9	0.0	
2.25391	-1.4	352	14.2	10.9	3.3	0.0	-10.9	0.0	
2.25781	-1.5	351	14.3	10.9	3.4	0.0	-10.9	0.0	
2.26172	-1.5	351	14.4	10.9	3.5	0.0	-10.9	0.0	
2.26562	-1.4	351	14.4	10.9	3.5	0.0	-10.9	0.0	
2.26953	-1.2	351	14.3	10.9	3.4	0.0	-10.9	0.0	
2.27344	-1.3	351	14.3	10.9	3.4	0.0	-10.9	0.0	
2.27734	-1.4	351	14.4	11.0	3.4	0.0	-11.0	0.0	
2.28125	-1.3	351	14.4	11.0	3.4	0.0	-11.0	0.0	
2.28516	-1.3	351	14.5	11.0	3.5	0.0	-11.0	0.0	
2.28906	-1.2	351	14.6	11.0	3.6	0.0	-11.0	0.0	
2.29297	-1.0	351	14.5	11.0	3.5	0.0	-11.0	0.0	
2.29688	-0.9	351	14.5	11.0	3.5	0.0	-11.0	0.0	
2.30078	-1.0	351	14.4	11.0	3.4	0.0	-11.0	0.0	
2.30469	-1.1	351	14.5	11.0	3.5	0.0	-11.0	0.0	
2.30859	-1.1	350	14.6	11.1	3.5	0.0	-11.1	0.0	
2.31250	-1.0	350	14.6	11.1	3.5	0.0	-11.1	0.0	
2.31641	-1.0	350	14.5	11.1	3.4	0.0	-11.1	0.0	
2.32031	-1.1	350	14.5	11.1	3.4	0.0	-11.1	0.0	
2.32422	-1.1	350	14.5	11.1	3.4	0.0	-11.1	0.0	
2.32812	-0.9	350	14.4	11.1	3.3	0.0	-11.1	0.0	
2.33203	-0.9	350	14.5	11.1	3.4	0.0	-11.1	0.0	
2.33594	-1.0	350	14.6	11.1	3.5	0.0	-11.1	0.0	
2.33984	-0.9	350	14.6	11.2	3.4	0.0	-11.2	0.0	
2.34375	-0.8	350	14.6	11.2	3.4	0.0	-11.2	0.0	
2.34766	-0.9	350	14.3	11.2	3.1	0.0	-11.2	0.0	
2.35156	-0.9	350	14.3	11.2	3.1	0.0	-11.2	0.0	
2.35547	-0.9	350	14.4	11.1	3.3	0.0	-11.1	0.0	
2.35938	-1.0	350	14.6	11.2	3.4	0.0	-11.2	0.0	
2.36328	-1.1	350	14.8	11.2	3.6	0.0	-11.2	0.0	
2.36719	-0.8	350	14.0	11.2	2.8	0.0	-11.2	0.0	
2.37109	-1.2	349	14.7	11.2	3.5	0.0	-11.2	0.0	
2.37500	-0.9	349	14.2	11.1	3.1	0.0	-11.1	0.0	
2.37891	-0.9	349	13.8	11.2	2.6	0.0	-11.2	0.0	
2.38281	3.4	350	20.4	11.2	9.2	0.0	-11.2	0.0	
2.38672	23.0	351	25.0	11.2	13.8	0.0	-11.2	0.0	
2.39062	39.6	354	21.4	11.2	10.2	0.0	-11.2	0.0	
2.39453	38.8	356	18.7	11.3	7.4	0.0	-11.3	0.0	
