FluxView - FluxMed acquisition system
Signal file
Serial Number	:
W version:	1.20h-OX-CO2	File version:	1.13
Sampling rate:	256 Hz
Time	Flow	Volume	Paw	Pes	Ptpulm	Pga	Ptdiaf	CO2	
0.00391	0.5	-19844	27.6	21.0	6.6	21.0	0.0	21.0	
0.00781	0.1	-19844	27.7	21.0	6.7	21.0	0.0	21.0	
0.01172	0.3	-19844	27.6	21.0	6.6	21.0	0.0	21.0	
0.01562	0.5	-19844	27.6	21.0	6.6	21.0	0.0	21.0	
0.01953	0.2	-19844	27.7	21.0	6.7	21.0	0.0	21.0	
0.02344	0.5	-19844	27.7	21.0	6.7	21.0	0.0	21.0	
0.02734	0.7	-19844	27.6	21.0	6.6	21.0	0.0	21.0	
0.03125	0.4	-19844	27.5	21.0	6.5	21.0	0.0	21.0	
0.03516	0.3	-19844	27.4	21.0	6.4	21.0	0.0	21.0	
0.03906	0.2	-19844	27.4	21.1	6.3	21.1	0.0	21.1	
0.04297	-0.1	-19844	27.4	21.1	6.3	21.1	0.0	21.1	
0.04688	0.5	-19844	27.2	21.1	6.1	21.1	0.0	21.1	
0.05078	0.8	-19843	27.2	21.1	6.1	21.1	0.0	21.1	
0.05469	0.1	-19843	27.4	21.1	6.3	21.1	0.0	21.1	
0.05859	-0.1	-19843	27.4	21.1	6.3	21.1	0.0	21.1	
0.06250	0.2	-19843	27.2	21.1	6.1	21.1	0.0	21.1	
0.06641	0.8	-19843	27.1	21.1	6.0	21.1	0.0	21.1	
0.07031	1.0	-19843	26.9	21.1	5.8	21.1	0.0	21.1	
0.07422	0.2	-19843	27.0	21.1	5.9	21.1	0.0	21.1	
0.07812	-0.2	-19843	27.1	21.1	6.0	21.1	0.0	21.1	
0.08203	-0.2	-19843	27.1	21.1	6.0	21.1	0.0	21.1	
0.08594	-0.5	-19843	27.1	21.1	6.0	21.1	0.0	21.1	
0.08984	-0.4	-19843	27.2	21.1	6.1	21.1	0.0	21.1	
0.09375	-0.2	-19843	27.1	21.2	5.9	21.2	0.0	21.2	
0.09766	-0.1	-19843	27.0	21.1	5.9	21.1	0.0	21.1	
0.10156	-0.1	-19843	27.0	21.2	5.8	21.2	0.0	21.2	
0.10547	-0.3	-19843	27.1	21.2	5.9	21.2	0.0	21.2	
0.10938	-0.5	-19843	27.1	21.2	5.9	21.2	0.0	21.2	
0.11328	-0.3	-19844	27.1	21.1	6.0	21.1	0.0	21.1	
0.11719	-0.2	-19844	27.1	21.2	5.9	21.2	0.0	21.2	
0.12109	-0.3	-19844	27.1	21.2	5.9	21.2	0.0	21.2	
0.12500	-0.5	-19844	27.2	21.2	6.0	21.2	0.0	21.2	
0.12891	-0.4	-19844	27.2	21.2	6.0	21.2	0.0	21.2	
0.13281	-0.3	-19844	27.2	21.2	6.0	21.2	0.0	21.2	
0.13672	-0.4	-19844	27.2	21.2	6.0	21.2	0.0	21.2	
0.14062	-0.3	-19844	27.1	21.2	5.9	21.2	0.0	21.2	
0.14453	0.0	-19844	27.1	21.2	5.9	21.2	0.0	21.2	
0.14844	0.1	-19844	27.0	21.2	5.8	21.2	0.0	21.2	
0.15234	-0.0	-19844	27.0	21.2	5.8	21.2	0.0	21.2	
0.15625	0.2	-19844	27.0	21.2	5.8	21.2	0.0	21.2	
0.16016	0.3	-19844	26.9	21.1	5.8	21.1	0.0	21.1	
0.16406	0.3	-19844	26.9	21.1	5.8	21.1	0.0	21.1	
0.16797	0.4	-19844	26.9	21.1	5.8	21.1	0.0	21.1	
0.17188	0.4	-19844	26.8	21.1	5.7	21.1	0.0	21.1	
0.17578	0.2	-19844	26.7	21.1	5.6	21.1	0.0	21.1	
0.17969	0.1	-19844	26.7	21.2	5.5	21.2	0.0	21.2	
0.18359	0.1	-19844	26.6	21.1	5.5	21.1	0.0	21.1	
0.18750	0.0	-19844	26.6	21.1	5.5	21.1	0.0	21.1	
0.19141	-0.2	-19844	26.7	21.1	5.6	21.1	0.0	21.1	
0.19531	-0.3	-19844	26.6	21.1	5.5	21.1	0.0	21.1	
0.19922	-0.1	-19844	26.5	21.1	5.4	21.1	0.0	21.1	
0.20312	-0.3	-19844	26.6	21.1	5.5	21.1	0.0	21.1	
0.20703	-0.1	-19844	26.6	21.1	5.5	21.1	0.0	21.1	
0.21094	-0.0	-19844	26.5	21.0	5.5	21.0	0.0	21.0	
0.21484	-0.4	-19844	26.7	21.1	5.6	21.1	0.0	21.1	
0.21875	-0.4	-19844	26.7	21.1	5.6	21.1	0.0	21.1	
0.22266	-0.6	-19844	26.7	21.1	5.6	21.1	0.0	21.1	
0.22656	-0.8	-19844	26.8	21.1	5.7	21.1	0.0	21.1	
0.23047	-0.6	-19844	26.8	21.1	5.7	21.1	0.0	21.1	
0.23438	-0.6	-19844	26.8	21.1	5.7	21.1	0.0	21.1	
0.23828	-0.6	-19844	26.7	21.1	5.6	21.1	0.0	21.1	
0.24219	-0.3	-19844	26.7	21.2	5.5	21.2	0.0	21.2	
0.24609	-0.1	-19844	26.7	21.1	5.6	21.1	0.0	21.1	
0.25000	-0.3	-19844	26.8	21.1	5.7	21.1	0.0	21.1	
0.25391	-0.6	-19844	26.8	21.1	5.7	21.1	0.0	21.1	
0.25781	-0.3	-19844	26.8	21.1	5.7	21.1	0.0	21.1	
0.26172	-0.3	-19844	26.8	21.1	5.7	21.1	0.0	21.1	
0.26562	-0.5	-19844	26.8	21.1	5.7	21.1	0.0	21.1	
0.26953	-0.5	-19844	26.8	21.1	5.7	21.1	0.0	21.1	
0.27344	-0.4	-19844	26.8	21.1	5.7	21.1	0.0	21.1	
0.27734	-0.2	-19844	26.7	21.1	5.6	21.1	0.0	21.1	
0.28125	-0.5	-19844	26.8	21.1	5.7	21.1	0.0	21.1	
0.28516	-1.1	-19844	26.9	21.1	5.8	21.1	0.0	21.1	
0.28906	-0.7	-19844	26.8	21.1	5.7	21.1	0.0	21.1	
0.29297	-0.1	-19844	26.7	21.0	5.7	21.0	0.0	21.0	
0.29688	-0.1	-19844	26.7	21.1	5.6	21.1	0.0	21.1	
0.30078	-0.1	-19844	26.6	21.1	5.5	21.1	0.0	21.1	
0.30469	-0.3	-19844	26.6	21.0	5.6	21.0	0.0	21.0	
0.30859	-0.8	-19844	26.7	21.1	5.6	21.1	0.0	21.1	
0.31250	-0.8	-19844	26.6	21.1	5.5	21.1	0.0	21.1	
0.31641	-0.4	-19844	26.6	21.1	5.5	21.1	0.0	21.1	
0.32031	-0.4	-19844	26.7	21.1	5.6	21.1	0.0	21.1	
0.32422	-0.4	-19844	26.6	21.1	5.5	21.1	0.0	21.1	
0.32812	-0.2	-19844	26.5	21.1	5.4	21.1	0.0	21.1	
0.33203	-0.2	-19844	26.5	21.1	5.4	21.1	0.0	21.1	
0.33594	0.0	-19844	26.4	21.1	5.3	21.1	0.0	21.1	
0.33984	-0.0	-19844	26.4	21.1	5.3	21.1	0.0	21.1	
0.34375	-0.2	-19844	26.5	21.1	5.4	21.1	0.0	21.1	
0.34766	0.4	-19844	26.3	21.1	5.2	21.1	0.0	21.1	
0.35156	0.5	-19844	26.3	21.1	5.2	21.1	0.0	21.1	
0.35547	-0.4	-19844	26.5	21.1	5.4	21.1	0.0	21.1	
0.35938	-0.4	-19844	26.5	21.1	5.4	21.1	0.0	21.1	
0.36328	0.2	-19844	26.4	21.1	5.3	21.1	0.0	21.1	
0.36719	0.1	-19844	26.4	21.1	5.3	21.1	0.0	21.1	
0.37109	-0.1	-19844	26.4	21.1	5.3	21.1	0.0	21.1	
0.37500	-0.2	-19844	26.4	21.1	5.3	21.1	0.0	21.1	
0.37891	-0.4	-19845	26.5	21.1	5.4	21.1	0.0	21.1	
0.38281	-0.5	-19845	26.4	21.1	5.3	21.1	0.0	21.1	
0.38672	0.1	-19845	26.2	21.1	5.1	21.1	0.0	21.1	
0.39062	0.3	-19845	26.2	21.1	5.1	21.1	0.0	21.1	
0.39453	-0.2	-19845	26.3	21.2	5.1	21.2	0.0	21.2	
0.39844	-0.3	-19845	26.2	21.1	5.1	21.1	0.0	21.1	
0.40234	-0.1	-19845	26.2	21.1	5.1	21.1	0.0	21.1	
0.40625	-0.2	-19845	26.3	21.1	5.2	21.1	0.0	21.1	
0.41016	-0.3	-19845	26.2	21.1	5.1	21.1	0.0	21.1	
0.41406	-0.1	-19845	26.1	21.1	5.0	21.1	0.0	21.1	
0.41797	-0.1	-19845	26.1	21.1	5.0	21.1	0.0	21.1	
0.42188	-0.3	-19845	26.1	21.1	5.0	21.1	0.0	21.1	
0.42578	-0.3	-19845	26.0	21.1	4.9	21.1	0.0	21.1	
0.42969	-0.1	-19845	26.0	21.1	4.9	21.1	0.0	21.1	
0.43359	-0.1	-19845	26.0	21.0	5.0	21.0	0.0	21.0	
0.43750	-0.0	-19845	25.9	21.0	4.9	21.0	0.0	21.0	
0.44141	-0.1	-19845	25.9	21.0	4.9	21.0	0.0	21.0	
0.44531	-0.1	-19845	25.9	21.0	4.9	21.0	0.0	21.0	
0.44922	-0.2	-19845	25.9	21.0	4.9	21.0	0.0	21.0	
0.45312	-0.3	-19845	25.8	21.0	4.8	21.0	0.0	21.0	
0.45703	0.1	-19845	25.6	21.0	4.6	21.0	0.0	21.0	
0.46094	0.3	-19845	25.6	20.9	4.7	20.9	0.0	20.9	
0.46484	-0.2	-19845	25.7	20.9	4.8	20.9	0.0	20.9	
0.46875	-0.1	-19845	25.7	20.9	4.8	20.9	0.0	20.9	
0.47266	0.0	-19845	25.6	20.9	4.7	20.9	0.0	20.9	
0.47656	-0.4	-19845	25.6	20.9	4.7	20.9	0.0	20.9	
0.48047	-0.3	-19845	25.5	20.9	4.6	20.9	0.0	20.9	
0.48438	0.0	-19845	25.4	20.8	4.6	20.8	0.0	20.8	
0.48828	-0.2	-19845	25.5	20.8	4.7	20.8	0.0	20.8	
0.49219	-0.3	-19845	25.5	20.8	4.7	20.8	0.0	20.8	
0.49609	-0.3	-19845	25.4	20.8	4.6	20.8	0.0	20.8	
0.50000	-0.5	-19845	25.5	20.7	4.8	20.7	0.0	20.7	
0.50391	-0.4	-19845	25.5	20.7	4.8	20.7	0.0	20.7	
0.50781	-0.2	-19845	25.5	20.7	4.8	20.7	0.0	20.7	
0.51172	-0.4	-19845	25.4	20.7	4.7	20.7	0.0	20.7	
0.51562	-0.7	-19845	25.5	20.7	4.8	20.7	0.0	20.7	
0.51953	-0.5	-19845	25.5	20.7	4.8	20.7	0.0	20.7	
0.52344	-0.3	-19845	25.4	20.7	4.7	20.7	0.0	20.7	
0.52734	-0.4	-19845	25.4	20.7	4.7	20.7	0.0	20.7	
0.53125	-0.4	-19845	25.4	20.7	4.7	20.7	0.0	20.7	
0.53516	-0.3	-19845	25.3	20.6	4.7	20.6	0.0	20.6	
0.53906	-0.2	-19845	25.3	20.6	4.7	20.6	0.0	20.6	
0.54297	-0.3	-19845	25.3	20.6	4.7	20.6	0.0	20.6	
0.54688	-0.2	-19845	25.3	20.6	4.7	20.6	0.0	20.6	
0.55078	-0.2	-19845	25.2	20.6	4.6	20.6	0.0	20.6	
0.55469	-0.2	-19845	25.2	20.6	4.6	20.6	0.0	20.6	
0.55859	0.2	-19845	25.1	20.5	4.6	20.5	0.0	20.5	
0.56250	0.1	-19845	25.1	20.5	4.6	20.5	0.0	20.5	
0.56641	0.0	-19845	25.1	20.5	4.6	20.5	0.0	20.5	
0.57031	0.3	-19845	25.0	20.5	4.5	20.5	0.0	20.5	
0.57422	0.3	-19845	24.9	20.4	4.5	20.4	0.0	20.4	
0.57812	0.5	-19845	24.8	20.4	4.4	20.4	0.0	20.4	
0.58203	0.3	-19845	24.8	20.4	4.4	20.4	0.0	20.4	
0.58594	-0.2	-19845	24.8	20.4	4.4	20.4	0.0	20.4	
0.58984	0.3	-19845	24.6	20.4	4.2	20.4	0.0	20.4	
0.59375	1.1	-19845	24.5	20.3	4.2	20.3	0.0	20.3	
0.59766	0.8	-19845	24.5	20.3	4.2	20.3	0.0	20.3	
0.60156	0.7	-19845	24.4	20.3	4.1	20.3	0.0	20.3	
0.60547	1.2	-19845	24.2	20.2	4.0	20.2	0.0	20.2	
0.60938	1.1	-19845	24.2	20.2	4.0	20.2	0.0	20.2	
0.61328	0.4	-19845	24.3	20.2	4.1	20.2	0.0	20.2	
0.61719	0.6	-19845	24.2	20.1	4.1	20.1	0.0	20.1	
0.62109	1.3	-19845	24.0	20.1	3.9	20.1	0.0	20.1	
0.62500	1.5	-19844	23.8	20.0	3.8	20.0	0.0	20.0	
0.62891	1.2	-19844	23.8	20.0	3.8	20.0	0.0	20.0	
0.63281	1.0	-19844	23.7	20.0	3.7	20.0	0.0	20.0	
0.63672	0.9	-19844	23.6	20.0	3.6	20.0	0.0	20.0	
0.64062	0.9	-19844	23.5	19.9	3.6	19.9	0.0	19.9	
0.64453	0.8	-19844	23.5	19.8	3.7	19.8	0.0	19.8	
0.64844	0.9	-19844	23.4	19.8	3.6	19.8	0.0	19.8	
0.65234	1.0	-19844	23.3	19.7	3.6	19.7	0.0	19.7	
0.65625	1.0	-19844	23.2	19.7	3.5	19.7	0.0	19.7	
0.66016	1.1	-19844	23.1	19.6	3.5	19.6	0.0	19.6	
0.66406	1.0	-19844	23.0	19.6	3.4	19.6	0.0	19.6	
0.66797	1.1	-19844	23.0	19.6	3.4	19.6	0.0	19.6	
0.67188	1.3	-19844	22.8	19.5	3.3	19.5	0.0	19.5	
0.67578	1.0	-19844	22.8	19.5	3.3	19.5	0.0	19.5	
0.67969	0.6	-19844	22.7	19.4	3.3	19.4	0.0	19.4	
0.68359	0.4	-19844	22.7	19.4	3.3	19.4	0.0	19.4	
0.68750	0.2	-19844	22.7	19.3	3.4	19.3	0.0	19.3	
0.69141	0.4	-19843	22.6	19.3	3.3	19.3	0.0	19.3	
0.69531	0.5	-19843	22.5	19.2	3.3	19.2	0.0	19.2	
0.69922	0.3	-19843	22.4	19.1	3.3	19.1	0.0	19.1	
0.70312	0.5	-19843	22.4	19.1	3.3	19.1	0.0	19.1	
0.70703	0.4	-19843	22.3	19.0	3.3	19.0	0.0	19.0	
0.71094	0.1	-19843	22.3	19.0	3.3	19.0	0.0	19.0	
0.71484	0.3	-19843	22.2	19.0	3.2	19.0	0.0	19.0	
0.71875	0.3	-19843	22.2	18.9	3.3	18.9	0.0	18.9	
0.72266	0.1	-19843	22.2	18.9	3.3	18.9	0.0	18.9	
0.72656	0.2	-19843	22.1	18.9	3.2	18.9	0.0	18.9	
0.73047	0.0	-19843	22.0	18.8	3.2	18.8	0.0	18.8	
0.73438	-0.2	-19843	22.1	18.7	3.4	18.7	0.0	18.7	
0.73828	-0.2	-19843	22.0	18.7	3.3	18.7	0.0	18.7	
0.74219	-0.1	-19843	22.0	18.6	3.4	18.6	0.0	18.6	
0.74609	-0.2	-19843	21.9	18.6	3.3	18.6	0.0	18.6	
0.75000	-0.2	-19843	21.9	18.6	3.3	18.6	0.0	18.6	
0.75391	-0.2	-19843	21.9	18.5	3.4	18.5	0.0	18.5	
0.75781	-0.4	-19843	21.9	18.4	3.5	18.4	0.0	18.4	
0.76172	-0.5	-19843	21.9	18.4	3.5	18.4	0.0	18.4	
0.76562	-0.4	-19843	21.9	18.4	3.5	18.4	0.0	18.4	
0.76953	-0.3	-19843	21.9	18.4	3.5	18.4	0.0	18.4	
0.77344	-0.3	-19843	21.8	18.3	3.5	18.3	0.0	18.3	
0.77734	-0.3	-19844	21.8	18.3	3.5	18.3	0.0	18.3	
0.78125	-0.2	-19844	21.9	18.2	3.7	18.2	0.0	18.2	
0.78516	-0.2	-19844	21.8	18.2	3.6	18.2	0.0	18.2	
0.78906	-0.2	-19844	21.8	18.1	3.7	18.1	0.0	18.1	
0.79297	-0.1	-19844	21.8	18.1	3.7	18.1	0.0	18.1	
0.79688	-0.2	-19844	21.8	18.1	3.7	18.1	0.0	18.1	
0.80078	-0.3	-19844	21.7	18.1	3.6	18.1	0.0	18.1	
0.80469	-0.2	-19844	21.7	18.0	3.7	18.0	0.0	18.0	
0.80859	-0.2	-19844	21.7	18.0	3.7	18.0	0.0	18.0	
0.81250	-0.4	-19844	21.7	17.9	3.8	17.9	0.0	17.9	
0.81641	-0.2	-19844	21.6	17.9	3.7	17.9	0.0	17.9	
0.82031	-0.2	-19844	21.6	17.9	3.7	17.9	0.0	17.9	
0.82422	-0.3	-19844	21.6	17.9	3.7	17.9	0.0	17.9	
0.82812	-0.1	-19844	21.5	17.8	3.7	17.8	0.0	17.8	
0.83203	-0.2	-19844	21.6	17.8	3.8	17.8	0.0	17.8	
0.83594	-0.5	-19844	21.6	17.8	3.8	17.8	0.0	17.8	
0.83984	-0.3	-19844	21.5	17.7	3.8	17.7	0.0	17.7	
0.84375	-0.1	-19844	21.5	17.7	3.8	17.7	0.0	17.7	
0.84766	-0.2	-19844	21.4	17.6	3.8	17.6	0.0	17.6	
0.85156	-0.2	-19844	21.4	17.6	3.8	17.6	0.0	17.6	
0.85547	-0.2	-19844	21.4	17.6	3.8	17.6	0.0	17.6	
0.85938	-0.2	-19844	21.3	17.5	3.8	17.5	0.0	17.5	
0.86328	-0.3	-19844	21.3	17.5	3.8	17.5	0.0	17.5	
0.86719	-0.2	-19844	21.3	17.5	3.8	17.5	0.0	17.5	
0.87109	-0.2	-19844	21.2	17.4	3.8	17.4	0.0	17.4	
0.87500	-0.2	-19844	21.3	17.4	3.9	17.4	0.0	17.4	
0.87891	-0.2	-19844	21.3	17.4	3.9	17.4	0.0	17.4	
0.88281	-0.3	-19844	21.2	17.3	3.9	17.3	0.0	17.3	
0.88672	-0.4	-19844	21.2	17.3	3.9	17.3	0.0	17.3	
0.89062	-0.3	-19844	21.2	17.3	3.9	17.3	0.0	17.3	
0.89453	-0.3	-19844	21.2	17.2	4.0	17.2	0.0	17.2	
0.89844	-0.4	-19844	21.2	17.2	4.0	17.2	0.0	17.2	
0.90234	-0.3	-19844	21.1	17.2	3.9	17.2	0.0	17.2	
0.90625	-0.4	-19844	21.2	17.2	4.0	17.2	0.0	17.2	
0.91016	-0.5	-19844	21.2	17.1	4.1	17.1	0.0	17.1	
0.91406	-0.2	-19844	21.2	17.1	4.1	17.1	0.0	17.1	
0.91797	-0.2	-19844	21.1	17.1	4.0	17.1	0.0	17.1	
0.92188	-0.3	-19844	21.1	17.0	4.1	17.0	0.0	17.0	
0.92578	-0.3	-19844	21.1	17.0	4.1	17.0	0.0	17.0	
0.92969	-0.3	-19844	21.1	17.0	4.1	17.0	0.0	17.0	
0.93359	-0.3	-19844	21.0	17.0	4.0	17.0	0.0	17.0	
0.93750	-0.2	-19844	21.0	17.0	4.0	17.0	0.0	17.0	
0.94141	-0.1	-19844	21.0	16.9	4.1	16.9	0.0	16.9	
0.94531	-0.1	-19844	21.0	16.9	4.1	16.9	0.0	16.9	
0.94922	-0.2	-19844	21.0	16.9	4.1	16.9	0.0	16.9	
0.95312	-0.1	-19844	20.9	16.9	4.0	16.9	0.0	16.9	
0.95703	-0.1	-19844	20.9	16.9	4.0	16.9	0.0	16.9	
0.96094	-0.3	-19844	20.9	16.8	4.1	16.8	0.0	16.8	
0.96484	-0.2	-19844	20.8	16.9	3.9	16.9	0.0	16.9	
0.96875	-0.1	-19844	20.8	16.8	4.0	16.8	0.0	16.8	
0.97266	-0.2	-19844	20.8	16.8	4.0	16.8	0.0	16.8	
0.97656	-0.2	-19844	20.8	16.8	4.0	16.8	0.0	16.8	
0.98047	-0.3	-19844	20.8	16.8	4.0	16.8	0.0	16.8	
0.98438	-0.4	-19844	20.8	16.8	4.0	16.8	0.0	16.8	
0.98828	-0.4	-19844	20.8	16.8	4.0	16.8	0.0	16.8	
0.99219	-0.4	-19844	20.8	16.8	4.0	16.8	0.0	16.8	
0.99609	-0.4	-19844	20.8	16.7	4.1	16.7	0.0	16.7	
1.00000	-0.5	-19844	20.8	16.7	4.1	16.7	0.0	16.7	
1.00391	-0.6	-19844	20.8	16.7	4.1	16.7	0.0	16.7	
1.00781	-0.4	-19845	20.8	16.7	4.1	16.7	0.0	16.7	
1.01172	-0.4	-19845	20.8	16.7	4.1	16.7	0.0	16.7	
1.01562	-0.5	-19845	20.8	16.7	4.1	16.7	0.0	16.7	
1.01953	-0.4	-19845	20.8	16.6	4.2	16.6	0.0	16.6	
1.02344	-0.3	-19845	20.8	16.6	4.2	16.6	0.0	16.6	
1.02734	-0.4	-19845	20.8	16.6	4.2	16.6	0.0	16.6	
1.03125	-0.5	-19845	20.9	16.6	4.3	16.6	0.0	16.6	
1.03516	-0.5	-19845	20.9	16.6	4.3	16.6	0.0	16.6	
1.03906	-0.5	-19845	20.8	16.6	4.2	16.6	0.0	16.6	
1.04297	-0.5	-19845	20.8	16.5	4.3	16.5	0.0	16.5	
1.04688	-0.5	-19845	20.8	16.5	4.3	16.5	0.0	16.5	
1.05078	-0.4	-19845	20.8	16.5	4.3	16.5	0.0	16.5	
1.05469	-0.3	-19845	20.8	16.5	4.3	16.5	0.0	16.5	
1.05859	-0.3	-19845	20.7	16.5	4.2	16.5	0.0	16.5	
1.06250	-0.3	-19845	20.7	16.5	4.2	16.5	0.0	16.5	
1.06641	-0.2	-19845	20.7	16.5	4.2	16.5	0.0	16.5	
1.07031	-0.2	-19845	20.7	16.5	4.2	16.5	0.0	16.5	
1.07422	-0.1	-19845	20.7	16.4	4.3	16.4	0.0	16.4	
1.07812	-0.1	-19845	20.6	16.4	4.2	16.4	0.0	16.4	
1.08203	-0.3	-19845	20.7	16.4	4.3	16.4	0.0	16.4	
1.08594	-0.4	-19845	20.7	16.4	4.3	16.4	0.0	16.4	
1.08984	-0.4	-19845	20.6	16.4	4.2	16.4	0.0	16.4	
1.09375	-0.5	-19845	20.6	16.4	4.2	16.4	0.0	16.4	
1.09766	-0.4	-19845	20.7	16.4	4.3	16.4	0.0	16.4	
1.10156	-0.4	-19845	20.6	16.3	4.3	16.3	0.0	16.3	
1.10547	-0.5	-19845	20.6	16.3	4.3	16.3	0.0	16.3	
1.10938	-0.5	-19845	20.7	16.3	4.4	16.3	0.0	16.3	
1.11328	-0.5	-19845	20.7	16.3	4.4	16.3	0.0	16.3	
1.11719	-0.5	-19845	20.7	16.3	4.4	16.3	0.0	16.3	
1.12109	-0.4	-19845	20.7	16.3	4.4	16.3	0.0	16.3	
1.12500	-0.5	-19845	20.7	16.2	4.5	16.2	0.0	16.2	
1.12891	-0.4	-19845	20.7	16.3	4.4	16.3	0.0	16.3	
1.13281	-0.4	-19845	20.7	16.3	4.4	16.3	0.0	16.3	
1.13672	-0.4	-19845	20.7	16.2	4.5	16.2	0.0	16.2	
1.14062	-0.3	-19845	20.8	16.3	4.5	16.3	0.0	16.3	
1.14453	-0.3	-19845	20.7	16.3	4.4	16.3	0.0	16.3	
1.14844	-0.4	-19845	20.7	16.3	4.4	16.3	0.0	16.3	
1.15234	-0.4	-19845	20.7	16.3	4.4	16.3	0.0	16.3	
1.15625	-0.4	-19845	20.7	16.2	4.5	16.2	0.0	16.2	
1.16016	-0.3	-19846	20.7	16.2	4.5	16.2	0.0	16.2	
1.16406	-0.4	-19846	20.7	16.2	4.5	16.2	0.0	16.2	
1.16797	-0.3	-19846	20.7	16.2	4.5	16.2	0.0	16.2	
1.17188	-0.3	-19846	20.7	16.2	4.5	16.2	0.0	16.2	
1.17578	-0.4	-19846	20.7	16.2	4.5	16.2	0.0	16.2	
1.17969	-0.4	-19846	20.7	16.2	4.5	16.2	0.0	16.2	
1.18359	-0.4	-19846	20.7	16.1	4.6	16.1	0.0	16.1	
1.18750	-0.4	-19846	20.6	16.1	4.5	16.1	0.0	16.1	
1.19141	-0.4	-19846	20.6	16.1	4.5	16.1	0.0	16.1	
1.19531	-0.3	-19846	20.6	16.1	4.5	16.1	0.0	16.1	
1.19922	-0.4	-19846	20.6	16.1	4.5	16.1	0.0	16.1	
1.20312	-0.5	-19846	20.6	16.0	4.6	16.0	0.0	16.0	
1.20703	-0.2	-19846	20.6	16.0	4.6	16.0	0.0	16.0	
1.21094	-0.2	-19846	20.6	16.1	4.5	16.1	0.0	16.1	
1.21484	-0.5	-19846	20.6	16.1	4.5	16.1	0.0	16.1	
1.21875	-0.4	-19846	20.6	16.0	4.6	16.0	0.0	16.0	
1.22266	-0.4	-19846	20.6	16.0	4.6	16.0	0.0	16.0	
1.22656	-0.4	-19846	20.6	16.0	4.6	16.0	0.0	16.0	
1.23047	-0.3	-19846	20.6	16.0	4.6	16.0	0.0	16.0	
1.23438	-0.3	-19846	20.6	16.0	4.6	16.0	0.0	16.0	
1.23828	-0.3	-19846	20.6	16.0	4.6	16.0	0.0	16.0	
1.24219	-0.4	-19846	20.6	16.0	4.6	16.0	0.0	16.0	
1.24609	-0.5	-19846	20.5	16.0	4.5	16.0	0.0	16.0	
1.25000	-0.5	-19846	20.6	15.9	4.7	15.9	0.0	15.9	
1.25391	-0.4	-19846	20.6	16.0	4.6	16.0	0.0	16.0	
1.25781	-0.5	-19846	20.5	16.0	4.5	16.0	0.0	16.0	
1.26172	-0.5	-19846	20.5	16.0	4.5	16.0	0.0	16.0	
1.26562	-0.4	-19846	20.5	16.0	4.5	16.0	0.0	16.0	
1.26953	-0.3	-19846	20.5	16.0	4.5	16.0	0.0	16.0	
1.27344	-0.4	-19846	20.5	15.9	4.6	15.9	0.0	15.9	
1.27734	-0.4	-19846	20.5	15.9	4.6	15.9	0.0	15.9	
1.28125	-0.3	-19846	20.4	16.0	4.4	16.0	0.0	16.0	
1.28516	-0.3	-19846	20.5	16.0	4.5	16.0	0.0	16.0	
1.28906	-0.4	-19846	20.4	16.0	4.4	16.0	0.0	16.0	
1.29297	-0.2	-19846	20.4	16.0	4.4	16.0	0.0	16.0	
1.29688	-0.3	-19846	20.4	15.9	4.5	15.9	0.0	15.9	
1.30078	-0.5	-19846	20.4	16.0	4.4	16.0	0.0	16.0	
1.30469	-0.4	-19846	20.4	16.0	4.4	16.0	0.0	16.0	
1.30859	-0.4	-19846	20.3	15.9	4.4	15.9	0.0	15.9	
1.31250	-0.2	-19846	20.3	15.9	4.4	15.9	0.0	15.9	
1.31641	-0.1	-19846	20.3	15.9	4.4	15.9	0.0	15.9	
1.32031	-0.2	-19846	20.2	15.9	4.3	15.9	0.0	15.9	
1.32422	-0.3	-19846	20.2	15.8	4.4	15.8	0.0	15.8	
1.32812	-0.4	-19847	20.2	15.8	4.4	15.8	0.0	15.8	
1.33203	-0.4	-19847	20.2	15.9	4.3	15.9	0.0	15.9	
1.33594	-0.4	-19847	20.2	15.8	4.4	15.8	0.0	15.8	
1.33984	-0.4	-19847	20.1	15.8	4.3	15.8	0.0	15.8	
1.34375	-0.4	-19847	20.1	15.9	4.2	15.9	0.0	15.9	
1.34766	-0.4	-19847	20.1	15.8	4.3	15.8	0.0	15.8	
1.35156	-0.4	-19847	20.1	15.8	4.3	15.8	0.0	15.8	
1.35547	-0.3	-19847	20.1	15.8	4.3	15.8	0.0	15.8	
1.35938	-0.4	-19847	20.0	15.8	4.2	15.8	0.0	15.8	
1.36328	-0.5	-19847	20.1	15.8	4.3	15.8	0.0	15.8	
1.36719	-0.3	-19847	20.1	15.8	4.3	15.8	0.0	15.8	
1.37109	-0.3	-19847	20.0	15.8	4.2	15.8	0.0	15.8	
1.37500	-0.4	-19847	20.0	15.7	4.3	15.7	0.0	15.7	
1.37891	-0.2	-19847	19.9	15.7	4.2	15.7	0.0	15.7	
1.38281	-0.3	-19847	19.9	15.7	4.2	15.7	0.0	15.7	
1.38672	-0.5	-19847	20.0	15.7	4.3	15.7	0.0	15.7	
1.39062	-0.3	-19847	19.9	15.6	4.3	15.6	0.0	15.6	
1.39453	-0.2	-19847	19.9	15.6	4.3	15.6	0.0	15.6	
1.39844	-0.3	-19847	19.9	15.6	4.3	15.6	0.0	15.6	
1.40234	-0.3	-19847	19.8	15.7	4.1	15.7	0.0	15.7	
1.40625	-0.2	-19847	19.8	15.6	4.2	15.6	0.0	15.6	
1.41016	-0.3	-19847	19.8	15.6	4.2	15.6	0.0	15.6	
1.41406	-0.4	-19847	19.8	15.6	4.2	15.6	0.0	15.6	
1.41797	-0.3	-19847	19.8	15.6	4.2	15.6	0.0	15.6	
1.42188	-0.2	-19847	19.7	15.5	4.2	15.5	0.0	15.5	
1.42578	-0.4	-19847	19.7	15.6	4.1	15.6	0.0	15.6	
1.42969	-0.4	-19847	19.7	15.6	4.1	15.6	0.0	15.6	
1.43359	-0.4	-19847	19.7	15.5	4.2	15.5	0.0	15.5	
1.43750	-0.5	-19847	19.7	15.5	4.2	15.5	0.0	15.5	
1.44141	-0.3	-19847	19.7	15.6	4.1	15.6	0.0	15.6	
1.44531	-0.3	-19847	19.7	15.6	4.1	15.6	0.0	15.6	
1.44922	-0.5	-19847	19.6	15.6	4.0	15.6	0.0	15.6	
1.45312	-0.4	-19847	19.6	15.5	4.1	15.5	0.0	15.5	
1.45703	-0.3	-19847	19.6	15.5	4.1	15.5	0.0	15.5	
1.46094	-0.4	-19847	19.6	15.5	4.1	15.5	0.0	15.5	
1.46484	-0.3	-19847	19.5	15.5	4.0	15.5	0.0	15.5	
1.46875	-0.3	-19847	19.5	15.5	4.0	15.5	0.0	15.5	
1.47266	-0.4	-19847	19.5	15.5	4.0	15.5	0.0	15.5	
1.47656	-0.3	-19847	19.5	15.5	4.0	15.5	0.0	15.5	
1.48047	-0.3	-19847	19.5	15.5	4.0	15.5	0.0	15.5	
1.48438	-0.3	-19847	19.5	15.5	4.0	15.5	0.0	15.5	
1.48828	-0.3	-19847	19.4	15.5	3.9	15.5	0.0	15.5	
1.49219	-0.3	-19847	19.4	15.5	3.9	15.5	0.0	15.5	
1.49609	-0.3	-19847	19.4	15.5	3.9	15.5	0.0	15.5	
1.50000	-0.3	-19847	19.4	15.5	3.9	15.5	0.0	15.5	
1.50391	-0.2	-19848	19.4	15.4	4.0	15.4	0.0	15.4	
1.50781	-0.3	-19848	19.4	15.4	4.0	15.4	0.0	15.4	
1.51172	-0.5	-19848	19.4	15.4	4.0	15.4	0.0	15.4	
1.51562	-0.4	-19848	19.4	15.4	4.0	15.4	0.0	15.4	
1.51953	-0.4	-19848	19.4	15.4	4.0	15.4	0.0	15.4	
1.52344	-0.4	-19848	19.3	15.4	3.9	15.4	0.0	15.4	
1.52734	-0.4	-19848	19.4	15.4	4.0	15.4	0.0	15.4	
1.53125	-0.4	-19848	19.3	15.4	3.9	15.4	0.0	15.4	
1.53516	-0.4	-19848	19.3	15.4	3.9	15.4	0.0	15.4	
1.53906	-0.4	-19848	19.3	15.4	3.9	15.4	0.0	15.4	
1.54297	-0.4	-19848	19.3	15.4	3.9	15.4	0.0	15.4	
1.54688	-0.4	-19848	19.3	15.4	3.9	15.4	0.0	15.4	
1.55078	-0.5	-19848	19.3	15.4	3.9	15.4	0.0	15.4	
1.55469	-0.4	-19848	19.3	15.4	3.9	15.4	0.0	15.4	
1.55859	-0.4	-19848	19.3	15.4	3.9	15.4	0.0	15.4	
1.56250	-0.5	-19848	19.3	15.4	3.9	15.4	0.0	15.4	
1.56641	-0.4	-19848	19.3	15.4	3.9	15.4	0.0	15.4	
1.57031	-0.4	-19848	19.3	15.4	3.9	15.4	0.0	15.4	
1.57422	-0.5	-19848	19.3	15.4	3.9	15.4	0.0	15.4	
1.57812	-0.4	-19848	19.4	15.4	4.0	15.4	0.0	15.4	
1.58203	-0.4	-19848	19.4	15.4	4.0	15.4	0.0	15.4	
1.58594	-0.5	-19848	19.4	15.4	4.0	15.4	0.0	15.4	
1.58984	-0.4	-19848	19.4	15.4	4.0	15.4	0.0	15.4	
1.59375	-0.4	-19848	19.5	15.4	4.1	15.4	0.0	15.4	
1.59766	-0.7	-19848	19.5	15.4	4.1	15.4	0.0	15.4	
1.60156	-0.7	-19848	19.5	15.4	4.1	15.4	0.0	15.4	
1.60547	-0.5	-19848	19.6	15.4	4.2	15.4	0.0	15.4	
1.60938	-0.8	-19848	19.7	15.4	4.3	15.4	0.0	15.4	
1.61328	-0.9	-19848	19.7	15.4	4.3	15.4	0.0	15.4	
1.61719	-0.8	-19848	19.7	15.5	4.2	15.5	0.0	15.5	
1.62109	-0.8	-19848	19.8	15.5	4.3	15.5	0.0	15.5	
1.62500	-0.9	-19849	19.8	15.5	4.3	15.5	0.0	15.5	
1.62891	-1.0	-19849	19.9	15.5	4.4	15.5	0.0	15.5	
1.63281	-1.0	-19849	19.9	15.5	4.4	15.5	0.0	15.5	
1.63672	-1.1	-19849	20.0	15.5	4.5	15.5	0.0	15.5	
1.64062	-1.2	-19849	20.1	15.6	4.5	15.6	0.0	15.6	
1.64453	-1.3	-19849	20.2	15.6	4.6	15.6	0.0	15.6	
1.64844	-1.4	-19849	20.2	15.6	4.6	15.6	0.0	15.6	
1.65234	-1.5	-19849	20.3	15.7	4.6	15.7	0.0	15.7	
1.65625	-1.4	-19849	20.4	15.7	4.7	15.7	0.0	15.7	
1.66016	-1.5	-19849	20.5	15.7	4.8	15.7	0.0	15.7	
1.66406	-1.7	-19849	20.6	15.8	4.8	15.8	0.0	15.8	
1.66797	-1.6	-19849	20.7	15.8	4.9	15.8	0.0	15.8	
1.67188	-1.6	-19850	20.8	15.8	5.0	15.8	0.0	15.8	
1.67578	-1.7	-19850	20.8	15.8	5.0	15.8	0.0	15.8	
1.67969	-1.6	-19850	20.9	15.9	5.0	15.9	0.0	15.9	
1.68359	-1.6	-19850	21.0	15.9	5.1	15.9	0.0	15.9	
1.68750	-1.6	-19850	21.1	16.0	5.1	16.0	0.0	16.0	
1.69141	-1.5	-19850	21.1	16.0	5.1	16.0	0.0	16.0	
1.69531	-1.4	-19850	21.3	16.1	5.2	16.1	0.0	16.1	
1.69922	-1.4	-19850	21.3	16.1	5.2	16.1	0.0	16.1	
1.70312	-1.4	-19850	21.4	16.1	5.3	16.1	0.0	16.1	
1.70703	-1.1	-19850	21.5	16.2	5.3	16.2	0.0	16.2	
1.71094	-1.1	-19851	21.5	16.2	5.3	16.2	0.0	16.2	
1.71484	-1.1	-19851	21.6	16.3	5.3	16.3	0.0	16.3	
1.71875	-1.0	-19851	21.6	16.3	5.3	16.3	0.0	16.3	
1.72266	-0.9	-19851	21.6	16.4	5.2	16.4	0.0	16.4	
1.72656	-1.0	-19851	21.7	16.4	5.3	16.4	0.0	16.4	
1.73047	-1.0	-19851	21.8	16.4	5.4	16.4	0.0	16.4	
1.73438	-1.0	-19851	21.9	16.5	5.4	16.5	0.0	16.5	
1.73828	-1.2	-19851	21.9	16.5	5.4	16.5	0.0	16.5	
1.74219	-1.1	-19851	21.9	16.6	5.3	16.6	0.0	16.6	
1.74609	-0.9	-19851	22.0	16.7	5.3	16.7	0.0	16.7	
1.75000	-1.0	-19851	22.1	16.7	5.4	16.7	0.0	16.7	
1.75391	-1.1	-19851	22.2	16.7	5.5	16.7	0.0	16.7	
1.75781	-1.1	-19851	22.2	16.7	5.5	16.7	0.0	16.7	
1.76172	-1.1	-19851	22.3	16.7	5.6	16.7	0.0	16.7	
1.76562	-1.1	-19851	22.3	16.8	5.5	16.8	0.0	16.8	
1.76953	-1.1	-19852	22.4	16.9	5.5	16.9	0.0	16.9	
1.77344	-1.1	-19852	22.4	16.9	5.5	16.9	0.0	16.9	
1.77734	-1.0	-19852	22.5	17.0	5.5	17.0	0.0	17.0	
1.78125	-1.0	-19852	22.6	17.0	5.6	17.0	0.0	17.0	
1.78516	-1.1	-19852	22.6	17.0	5.6	17.0	0.0	17.0	
1.78906	-1.0	-19852	22.7	17.1	5.6	17.1	0.0	17.1	
1.79297	-0.9	-19852	22.8	17.2	5.6	17.2	0.0	17.2	
1.79688	-0.9	-19852	22.8	17.2	5.6	17.2	0.0	17.2	
1.80078	-1.0	-19852	22.8	17.2	5.6	17.2	0.0	17.2	
1.80469	-1.0	-19852	22.8	17.3	5.5	17.3	0.0	17.3	
1.80859	-1.0	-19852	22.9	17.3	5.6	17.3	0.0	17.3	
1.81250	-1.1	-19852	22.9	17.4	5.5	17.4	0.0	17.4	
1.81641	-0.9	-19852	23.0	17.4	5.6	17.4	0.0	17.4	
1.82031	-0.8	-19852	23.0	17.5	5.5	17.5	0.0	17.5	
1.82422	-1.0	-19852	23.0	17.5	5.5	17.5	0.0	17.5	
1.82812	-0.9	-19853	23.1	17.6	5.5	17.6	0.0	17.6	
1.83203	-0.7	-19853	23.1	17.6	5.5	17.6	0.0	17.6	
1.83594	-0.6	-19853	23.1	17.6	5.5	17.6	0.0	17.6	
1.83984	-0.6	-19853	23.1	17.6	5.5	17.6	0.0	17.6	
1.84375	-0.4	-19853	23.2	17.7	5.5	17.7	0.0	17.7	
1.84766	-0.4	-19853	23.2	17.7	5.5	17.7	0.0	17.7	
1.85156	-0.5	-19853	23.2	17.8	5.4	17.8	0.0	17.8	
1.85547	-0.5	-19853	23.2	17.8	5.4	17.8	0.0	17.8	
1.85938	-0.5	-19853	23.2	17.9	5.3	17.9	0.0	17.9	
1.86328	-0.6	-19853	23.2	17.9	5.3	17.9	0.0	17.9	
1.86719	-0.5	-19853	23.2	17.9	5.3	17.9	0.0	17.9	
1.87109	-0.4	-19853	23.2	18.0	5.2	18.0	0.0	18.0	
1.87500	-0.4	-19853	23.1	18.0	5.1	18.0	0.0	18.0	
1.87891	-0.5	-19853	23.2	18.1	5.1	18.1	0.0	18.1	
1.88281	-0.6	-19853	23.3	18.1	5.2	18.1	0.0	18.1	
1.88672	-0.7	-19853	23.3	18.2	5.1	18.2	0.0	18.2	
1.89062	-0.6	-19853	23.3	18.2	5.1	18.2	0.0	18.2	
1.89453	-0.6	-19853	23.3	18.3	5.0	18.3	0.0	18.3	
1.89844	-0.8	-19853	23.4	18.2	5.2	18.2	0.0	18.2	
1.90234	-0.9	-19853	23.4	18.2	5.2	18.2	0.0	18.2	
1.90625	-0.8	-19853	23.4	18.3	5.1	18.3	0.0	18.3	
1.91016	-0.8	-19853	23.4	18.4	5.0	18.4	0.0	18.4	
1.91406	-0.7	-19853	23.5	18.4	5.1	18.4	0.0	18.4	
1.91797	-0.6	-19853	23.5	18.4	5.1	18.4	0.0	18.4	
1.92188	-0.7	-19853	23.6	18.5	5.1	18.5	0.0	18.5	
1.92578	-0.7	-19853	23.6	18.5	5.1	18.5	0.0	18.5	
1.92969	-0.6	-19854	23.6	18.5	5.1	18.5	0.0	18.5	
1.93359	-0.6	-19854	23.6	18.5	5.1	18.5	0.0	18.5	
1.93750	-0.5	-19854	23.6	18.5	5.1	18.5	0.0	18.5	
1.94141	-0.5	-19854	23.6	18.6	5.0	18.6	0.0	18.6	
1.94531	-0.5	-19854	23.6	18.6	5.0	18.6	0.0	18.6	
1.94922	-0.3	-19854	23.6	18.6	5.0	18.6	0.0	18.6	
1.95312	-0.3	-19854	23.6	18.6	5.0	18.6	0.0	18.6	
1.95703	-0.3	-19854	23.6	18.6	5.0	18.6	0.0	18.6	
1.96094	-0.3	-19854	23.5	18.7	4.8	18.7	0.0	18.7	
1.96484	-0.4	-19854	23.5	18.7	4.8	18.7	0.0	18.7	
1.96875	-0.2	-19854	23.5	18.7	4.8	18.7	0.0	18.7	
1.97266	-0.2	-19854	23.4	18.7	4.7	18.7	0.0	18.7	
1.97656	-0.3	-19854	23.4	18.7	4.7	18.7	0.0	18.7	
1.98047	-0.3	-19854	23.4	18.7	4.7	18.7	0.0	18.7	
1.98438	-0.5	-19854	23.4	18.8	4.6	18.8	0.0	18.8	
1.98828	-0.6	-19854	23.4	18.8	4.6	18.8	0.0	18.8	
1.99219	-0.5	-19854	23.4	18.8	4.6	18.8	0.0	18.8	
1.99609	-0.5	-19854	23.4	18.8	4.6	18.8	0.0	18.8	
2.00000	-0.5	-19854	23.4	18.8	4.6	18.8	0.0	18.8	
2.00391	-0.4	-19854	23.4	18.8	4.6	18.8	0.0	18.8	
2.00781	-0.5	-19854	23.5	18.9	4.6	18.9	0.0	18.9	
2.01172	-0.7	-19854	23.4	18.8	4.6	18.8	0.0	18.8	
2.01562	-0.6	-19854	23.5	18.8	4.7	18.8	0.0	18.8	
2.01953	-0.6	-19854	23.5	18.8	4.7	18.8	0.0	18.8	
2.02344	-0.6	-19854	23.5	18.8	4.7	18.8	0.0	18.8	
2.02734	-0.6	-19854	23.5	18.9	4.6	18.9	0.0	18.9	
2.03125	-0.6	-19854	23.6	18.9	4.7	18.9	0.0	18.9	
2.03516	-0.7	-19854	23.6	18.9	4.7	18.9	0.0	18.9	
2.03906	-0.8	-19854	23.6	18.9	4.7	18.9	0.0	18.9	
2.04297	-0.5	-19854	23.7	19.0	4.7	19.0	0.0	19.0	
2.04688	-0.5	-19854	23.7	19.0	4.7	19.0	0.0	19.0	
2.05078	-0.7	-19855	23.7	19.0	4.7	19.0	0.0	19.0	
2.05469	-0.6	-19855	23.7	19.0	4.7	19.0	0.0	19.0	
2.05859	-0.6	-19855	23.7	19.0	4.7	19.0	0.0	19.0	
2.06250	-0.6	-19855	23.7	19.0	4.7	19.0	0.0	19.0	
2.06641	-0.4	-19855	23.7	19.0	4.7	19.0	0.0	19.0	
2.07031	-0.5	-19855	23.8	19.0	4.8	19.0	0.0	19.0	
2.07422	-0.5	-19855	23.8	19.0	4.8	19.0	0.0	19.0	
2.07812	-0.6	-19855	23.8	19.0	4.8	19.0	0.0	19.0	
2.08203	-0.6	-19855	23.8	19.1	4.7	19.1	0.0	19.1	
2.08594	-0.6	-19855	23.8	19.1	4.7	19.1	0.0	19.1	
2.08984	-0.6	-19855	23.8	19.1	4.7	19.1	0.0	19.1	
2.09375	-0.4	-19855	23.9	19.1	4.8	19.1	0.0	19.1	
2.09766	-0.4	-19855	23.8	19.2	4.6	19.2	0.0	19.2	
2.10156	-0.6	-19855	23.9	19.2	4.7	19.2	0.0	19.2	
2.10547	-0.5	-19855	23.9	19.2	4.7	19.2	0.0	19.2	
2.10938	-0.4	-19855	23.9	19.1	4.8	19.1	0.0	19.1	
2.11328	-0.5	-19855	23.9	19.2	4.7	19.2	0.0	19.2	
2.11719	-0.4	-19855	23.9	19.2	4.7	19.2	0.0	19.2	
2.12109	-0.4	-19855	23.9	19.2	4.7	19.2	0.0	19.2	
2.12500	-0.6	-19855	24.0	19.3	4.7	19.3	0.0	19.3	
2.12891	-0.5	-19855	24.0	19.2	4.8	19.2	0.0	19.2	
2.13281	-0.5	-19855	24.0	19.2	4.8	19.2	0.0	19.2	
2.13672	-0.5	-19855	24.0	19.3	4.7	19.3	0.0	19.3	
2.14062	-0.5	-19855	24.0	19.3	4.7	19.3	0.0	19.3	
2.14453	-0.5	-19855	24.0	19.3	4.7	19.3	0.0	19.3	
2.14844	-0.4	-19855	23.9	19.3	4.6	19.3	0.0	19.3	
2.15234	-0.4	-19855	24.0	19.3	4.7	19.3	0.0	19.3	
2.15625	-0.4	-19855	24.0	19.3	4.7	19.3	0.0	19.3	
2.16016	-0.4	-19855	23.9	19.3	4.6	19.3	0.0	19.3	
2.16406	-0.5	-19855	23.9	19.3	4.6	19.3	0.0	19.3	
2.16797	-0.4	-19855	24.0	19.3	4.7	19.3	0.0	19.3	
2.17188	-0.3	-19855	23.9	19.4	4.5	19.4	0.0	19.4	
2.17578	-0.5	-19856	23.9	19.4	4.5	19.4	0.0	19.4	
2.17969	-0.4	-19856	24.0	19.4	4.6	19.4	0.0	19.4	
2.18359	-0.4	-19856	24.0	19.5	4.5	19.5	0.0	19.5	
2.18750	-0.5	-19856	24.0	19.5	4.5	19.5	0.0	19.5	
2.19141	-0.4	-19856	24.0	19.5	4.5	19.5	0.0	19.5	
2.19531	-0.3	-19856	24.0	19.5	4.5	19.5	0.0	19.5	
2.19922	-0.4	-19856	24.0	19.6	4.4	19.6	0.0	19.6	
2.20312	-0.5	-19856	23.9	19.5	4.4	19.5	0.0	19.5	
2.20703	-0.4	-19856	23.9	19.5	4.4	19.5	0.0	19.5	
2.21094	-0.3	-19856	23.9	19.6	4.3	19.6	0.0	19.6	
2.21484	-0.4	-19856	23.9	19.6	4.3	19.6	0.0	19.6	
2.21875	-0.4	-19856	23.9	19.6	4.3	19.6	0.0	19.6	
2.22266	-0.4	-19856	23.9	19.5	4.4	19.5	0.0	19.5	
2.22656	-0.4	-19856	23.8	19.5	4.3	19.5	0.0	19.5	
2.23047	-0.3	-19856	23.8	19.6	4.2	19.6	0.0	19.6	
2.23438	-0.4	-19856	23.8	19.6	4.2	19.6	0.0	19.6	
2.23828	-0.4	-19856	23.8	19.6	4.2	19.6	0.0	19.6	
2.24219	-0.4	-19856	23.8	19.6	4.2	19.6	0.0	19.6	
2.24609	-0.4	-19856	23.8	19.5	4.3	19.5	0.0	19.5	
2.25000	-0.4	-19856	23.7	19.6	4.1	19.6	0.0	19.6	
2.25391	-0.4	-19856	23.7	19.6	4.1	19.6	0.0	19.6	
2.25781	-0.4	-19856	23.7	19.6	4.1	19.6	0.0	19.6	
2.26172	-0.5	-19856	23.7	19.6	4.1	19.6	0.0	19.6	
2.26562	-0.4	-19856	23.7	19.6	4.1	19.6	0.0	19.6	
2.26953	-0.3	-19856	23.7	19.6	4.1	19.6	0.0	19.6	
2.27344	-0.3	-19856	23.7	19.6	4.1	19.6	0.0	19.6	
2.27734	-0.4	-19856	23.7	19.6	4.1	19.6	0.0	19.6	
2.28125	-0.4	-19856	23.7	19.5	4.2	19.5	0.0	19.5	
2.28516	-0.4	-19856	23.7	19.5	4.2	19.5	0.0	19.5	
2.28906	-0.4	-19856	23.6	19.5	4.1	19.5	0.0	19.5	
2.29297	-0.4	-19856	23.6	19.5	4.1	19.5	0.0	19.5	
2.29688	-0.5	-19856	23.6	19.5	4.1	19.5	0.0	19.5	
2.30078	-0.5	-19856	23.6	19.5	4.1	19.5	0.0	19.5	
2.30469	-0.4	-19856	23.6	19.5	4.1	19.5	0.0	19.5	
2.30859	-0.3	-19856	23.6	19.5	4.1	19.5	0.0	19.5	
2.31250	-0.5	-19856	23.6	19.5	4.1	19.5	0.0	19.5	
2.31641	-0.5	-19856	23.6	19.5	4.1	19.5	0.0	19.5	
2.32031	-0.4	-19856	23.6	19.5	4.1	19.5	0.0	19.5	
2.32422	-0.5	-19857	23.7	19.5	4.2	19.5	0.0	19.5	
2.32812	-0.4	-19857	23.7	19.5	4.2	19.5	0.0	19.5	
2.33203	-0.3	-19857	23.6	19.5	4.1	19.5	0.0	19.5	
2.33594	-0.6	-19857	23.6	19.5	4.1	19.5	0.0	19.5	
2.33984	-0.6	-19857	23.6	19.5	4.1	19.5	0.0	19.5	
2.34375	-0.5	-19857	23.6	19.5	4.1	19.5	0.0	19.5	
2.34766	-0.6	-19857	23.7	19.5	4.2	19.5	0.0	19.5	
2.35156	-0.5	-19857	23.7	19.5	4.2	19.5	0.0	19.5	
2.35547	-0.3	-19857	23.6	19.5	4.1	19.5	0.0	19.5	
2.35938	-0.5	-19857	23.6	19.5	4.1	19.5	0.0	19.5	
2.36328	-0.5	-19857	23.6	19.6	4.0	19.6	0.0	19.6	
2.36719	-0.4	-19857	23.6	19.5	4.1	19.5	0.0	19.5	
2.37109	-0.4	-19857	23.6	19.5	4.1	19.5	0.0	19.5	
2.37500	-0.3	-19857	23.6	19.5	4.1	19.5	0.0	19.5	
2.37891	-0.2	-19857	23.6	19.5	4.1	19.5	0.0	19.5	
2.38281	-0.5	-19857	23.6	19.5	4.1	19.5	0.0	19.5	
2.38672	-0.5	-19857	23.6	19.5	4.1	19.5	0.0	19.5	
2.39062	-0.3	-19857	23.5	19.5	4.0	19.5	0.0	19.5	
2.39453	-0.3	-19857	23.5	19.6	3.9	19.6	0.0	19.6	
2.39844	-0.3	-19857	23.5	19.5	4.0	19.5	0.0	19.5	
2.40234	-0.4	-19857	23.5	19.5	4.0	19.5	0.0	19.5	
2.40625	-0.3	-19857	23.5	19.5	4.0	19.5	0.0	19.5	
2.41016	-0.3	-19857	23.4	19.5	3.9	19.5	0.0	19.5	
2.41406	-0.5	-19857	23.5	19.5	4.0	19.5	0.0	19.5	
2.41797	-0.3	-19857	23.5	19.5	4.0	19.5	0.0	19.5	
2.42188	-0.3	-19857	23.5	19.5	4.0	19.5	0.0	19.5	
2.42578	-0.5	-19857	23.4	19.5	3.9	19.5	0.0	19.5	
2.42969	-0.4	-19857	23.4	19.5	3.9	19.5	0.0	19.5	
2.43359	-0.4	-19857	23.4	19.5	3.9	19.5	0.0	19.5	
2.43750	-0.5	-19857	23.4	19.6	3.8	19.6	0.0	19.6	
2.44141	-0.4	-19857	23.5	19.6	3.9	19.6	0.0	19.6	
2.44531	-0.4	-19857	23.4	19.6	3.8	19.6	0.0	19.6	
2.44922	-0.5	-19857	23.4	19.6	3.8	19.6	0.0	19.6	
2.45312	-0.5	-19857	23.5	19.6	3.9	19.6	0.0	19.6	
2.45703	-0.5	-19857	23.5	19.6	3.9	19.6	0.0	19.6	
2.46094	-0.5	-19857	23.4	19.6	3.8	19.6	0.0	19.6	
2.46484	-0.5	-19858	23.4	19.6	3.8	19.6	0.0	19.6	
2.46875	-0.5	-19858	23.5	19.6	3.9	19.6	0.0	19.6	
2.47266	-0.6	-19858	23.5	19.6	3.9	19.6	0.0	19.6	
2.47656	-0.6	-19858	23.5	19.6	3.9	19.6	0.0	19.6	
2.48047	-0.5	-19858	23.5	19.6	3.9	19.6	0.0	19.6	
2.48438	-0.4	-19858	23.5	19.6	3.9	19.6	0.0	19.6	
2.48828	-0.4	-19858	23.5	19.6	3.9	19.6	0.0	19.6	
2.49219	-0.3	-19858	23.5	19.6	3.9	19.6	0.0	19.6	
2.49609	-0.4	-19858	23.5	19.7	3.8	19.7	0.0	19.7	
2.50000	-0.6	-19858	23.6	19.6	4.0	19.6	0.0	19.6	
2.50391	-0.5	-19858	23.5	19.6	3.9	19.6	0.0	19.6	
2.50781	-0.5	-19858	23.6	19.7	3.9	19.7	0.0	19.7	
2.51172	-0.5	-19858	23.6	19.6	4.0	19.6	0.0	19.6	
2.51562	-0.4	-19858	23.6	19.6	4.0	19.6	0.0	19.6	
2.51953	-0.4	-19858	23.6	19.6	4.0	19.6	0.0	19.6	
2.52344	-0.5	-19858	23.5	19.7	3.8	19.7	0.0	19.7	
2.52734	-0.5	-19858	23.6	19.7	3.9	19.7	0.0	19.7	
2.53125	-0.4	-19858	23.6	19.7	3.9	19.7	0.0	19.7	
2.53516	-0.5	-19858	23.6	19.7	3.9	19.7	0.0	19.7	
2.53906	-0.5	-19858	23.6	19.7	3.9	19.7	0.0	19.7	
2.54297	-0.4	-19858	23.6	19.7	3.9	19.7	0.0	19.7	
2.54688	-0.4	-19858	23.6	19.7	3.9	19.7	0.0	19.7	
2.55078	-0.5	-19858	23.6	19.7	3.9	19.7	0.0	19.7	
2.55469	-0.6	-19858	23.6	19.7	3.9	19.7	0.0	19.7	
2.55859	-0.5	-19858	23.6	19.7	3.9	19.7	0.0	19.7	
2.56250	-0.5	-19858	23.7	19.7	4.0	19.7	0.0	19.7	
2.56641	-0.6	-19858	23.6	19.7	3.9	19.7	0.0	19.7	
2.57031	-0.5	-19858	23.7	19.8	3.9	19.8	0.0	19.8	
2.57422	-0.4	-19858	23.7	19.7	4.0	19.7	0.0	19.7	
2.57812	-0.5	-19858	23.6	19.8	3.8	19.8	0.0	19.8	
2.58203	-0.5	-19858	23.7	19.8	3.9	19.8	0.0	19.8	
2.58594	-0.4	-19858	23.7	19.7	4.0	19.7	0.0	19.7	
2.58984	-0.4	-19859	23.7	19.7	4.0	19.7	0.0	19.7	
2.59375	-0.4	-19859	23.7	19.8	3.9	19.8	0.0	19.8	
2.59766	-0.5	-19859	23.7	19.8	3.9	19.8	0.0	19.8	
2.60156	-0.4	-19859	23.6	19.8	3.8	19.8	0.0	19.8	
2.60547	-0.4	-19859	23.7	19.8	3.9	19.8	0.0	19.8	
2.60938	-0.5	-19859	23.7	19.8	3.9	19.8	0.0	19.8	
2.61328	-0.4	-19859	23.6	19.7	3.9	19.7	0.0	19.7	
2.61719	-0.3	-19859	23.7	19.8	3.9	19.8	0.0	19.8	
2.62109	-0.4	-19859	23.7	19.8	3.9	19.8	0.0	19.8	
2.62500	-0.6	-19859	23.7	19.8	3.9	19.8	0.0	19.8	
2.62891	-0.5	-19859	23.7	19.8	3.9	19.8	0.0	19.8	
2.63281	-0.4	-19859	23.6	19.8	3.8	19.8	0.0	19.8	
2.63672	-0.4	-19859	23.6	19.8	3.8	19.8	0.0	19.8	
2.64062	-0.5	-19859	23.6	19.8	3.8	19.8	0.0	19.8	
2.64453	-0.4	-19859	23.6	19.8	3.8	19.8	0.0	19.8	
2.64844	-0.3	-19859	23.6	19.8	3.8	19.8	0.0	19.8	
2.65234	-0.5	-19859	23.7	19.8	3.9	19.8	0.0	19.8	
2.65625	-0.5	-19859	23.7	19.8	3.9	19.8	0.0	19.8	
2.66016	-0.4	-19859	23.6	19.8	3.8	19.8	0.0	19.8	
2.66406	-0.3	-19859	23.6	19.8	3.8	19.8	0.0	19.8	
2.66797	-0.3	-19859	23.7	19.8	3.9	19.8	0.0	19.8	
2.67188	-0.6	-19859	23.7	19.8	3.9	19.8	0.0	19.8	
2.67578	-0.6	-19859	23.7	19.8	3.9	19.8	0.0	19.8	
2.67969	-0.3	-19859	23.6	19.8	3.8	19.8	0.0	19.8	
2.68359	-0.4	-19859	23.6	19.7	3.9	19.7	0.0	19.7	
2.68750	-0.7	-19859	23.7	19.8	3.9	19.8	0.0	19.8	
2.69141	-0.5	-19859	23.7	19.8	3.9	19.8	0.0	19.8	
2.69531	-0.3	-19859	23.6	19.8	3.8	19.8	0.0	19.8	
2.69922	-0.4	-19859	23.6	19.8	3.8	19.8	0.0	19.8	
2.70312	-0.5	-19859	23.7	19.8	3.9	19.8	0.0	19.8	
2.70703	-0.5	-19859	23.8	19.8	4.0	19.8	0.0	19.8	
2.71094	-0.6	-19859	23.8	19.8	4.0	19.8	0.0	19.8	
2.71484	-0.5	-19859	23.7	19.7	4.0	19.7	0.0	19.7	
2.71875	-0.3	-19859	23.7	19.7	4.0	19.7	0.0	19.7	
2.72266	-0.3	-19859	23.7	19.7	4.0	19.7	0.0	19.7	
2.72656	-0.4	-19860	23.7	19.7	4.0	19.7	0.0	19.7	
2.73047	-0.4	-19860	23.7	19.7	4.0	19.7	0.0	19.7	
2.73438	-0.5	-19860	23.7	19.7	4.0	19.7	0.0	19.7	
2.73828	-0.6	-19860	23.7	19.7	4.0	19.7	0.0	19.7	
2.74219	-0.4	-19860	23.8	19.7	4.1	19.7	0.0	19.7	
2.74609	-0.3	-19860	23.8	19.8	4.0	19.8	0.0	19.8	
2.75000	-0.3	-19860	23.6	19.7	3.9	19.7	0.0	19.7	
2.75391	-0.2	-19860	23.7	19.7	4.0	19.7	0.0	19.7	
2.75781	-0.2	-19860	23.6	19.7	3.9	19.7	0.0	19.7	
2.76172	-0.4	-19860	23.6	19.7	3.9	19.7	0.0	19.7	
2.76562	-0.5	-19860	23.7	19.7	4.0	19.7	0.0	19.7	
2.76953	-0.6	-19860	23.7	19.8	3.9	19.8	0.0	19.8	
2.77344	-0.7	-19860	23.6	19.7	3.9	19.7	0.0	19.7	
2.77734	-0.6	-19860	23.6	19.7	3.9	19.7	0.0	19.7	
2.78125	-0.5	-19860	23.6	19.8	3.8	19.8	0.0	19.8	
2.78516	-0.5	-19860	23.6	19.8	3.8	19.8	0.0	19.8	
2.78906	-0.5	-19860	23.6	19.7	3.9	19.7	0.0	19.7	
2.79297	-0.4	-19860	23.6	19.8	3.8	19.8	0.0	19.8	
2.79688	-0.5	-19860	23.6	19.8	3.8	19.8	0.0	19.8	
2.80078	-0.5	-19860	23.6	19.8	3.8	19.8	0.0	19.8	
2.80469	-0.4	-19860	23.6	19.8	3.8	19.8	0.0	19.8	
2.80859	-0.4	-19860	23.7	19.8	3.9	19.8	0.0	19.8	
2.81250	-0.4	-19860	23.7	19.8	3.9	19.8	0.0	19.8	
2.81641	-0.4	-19860	23.7	19.8	3.9	19.8	0.0	19.8	
2.82031	-0.4	-19860	23.7	19.8	3.9	19.8	0.0	19.8	
2.82422	-0.4	-19860	23.7	19.8	3.9	19.8	0.0	19.8	
2.82812	-0.4	-19860	23.7	19.8	3.9	19.8	0.0	19.8	
2.83203	-0.3	-19860	23.8	19.8	4.0	19.8	0.0	19.8	
2.83594	-0.4	-19860	23.8	19.8	4.0	19.8	0.0	19.8	
2.83984	-0.5	-19860	23.8	19.8	4.0	19.8	0.0	19.8	
2.84375	-0.4	-19860	23.8	19.8	4.0	19.8	0.0	19.8	
2.84766	-0.3	-19860	23.8	19.8	4.0	19.8	0.0	19.8	
2.85156	-0.3	-19860	23.7	19.8	3.9	19.8	0.0	19.8	
2.85547	-0.2	-19860	23.7	19.8	3.9	19.8	0.0	19.8	
2.85938	-0.3	-19860	23.7	19.8	3.9	19.8	0.0	19.8	
2.86328	-0.3	-19860	23.7	19.8	3.9	19.8	0.0	19.8	
2.86719	-0.4	-19860	23.7	19.7	4.0	19.7	0.0	19.7	
2.87109	-0.5	-19861	23.7	19.7	4.0	19.7	0.0	19.7	
2.87500	-0.5	-19861	23.7	19.7	4.0	19.7	0.0	19.7	
2.87891	-0.5	-19861	23.7	19.7	4.0	19.7	0.0	19.7	
2.88281	-0.5	-19861	23.7	19.7	4.0	19.7	0.0	19.7	
2.88672	-0.5	-19861	23.6	19.7	3.9	19.7	0.0	19.7	
2.89062	-0.5	-19861	23.6	19.7	3.9	19.7	0.0	19.7	
2.89453	-0.5	-19861	23.6	19.7	3.9	19.7	0.0	19.7	
2.89844	-0.5	-19861	23.6	19.6	4.0	19.6	0.0	19.6	
2.90234	-0.6	-19861	23.6	19.6	4.0	19.6	0.0	19.6	
2.90625	-0.6	-19861	23.6	19.7	3.9	19.7	0.0	19.7	
2.91016	-0.5	-19861	23.6	19.7	3.9	19.7	0.0	19.7	
2.91406	-0.5	-19861	23.6	19.6	4.0	19.6	0.0	19.6	
2.91797	-0.5	-19861	23.6	19.6	4.0	19.6	0.0	19.6	
2.92188	-0.5	-19861	23.7	19.7	4.0	19.7	0.0	19.7	
2.92578	-0.6	-19861	23.7	19.6	4.1	19.6	0.0	19.6	
2.92969	-0.7	-19861	23.7	19.7	4.0	19.7	0.0	19.7	
2.93359	-0.6	-19861	23.7	19.7	4.0	19.7	0.0	19.7	
2.93750	-0.6	-19861	23.8	19.7	4.1	19.7	0.0	19.7	
2.94141	-0.5	-19861	23.7	19.7	4.0	19.7	0.0	19.7	
2.94531	-0.4	-19861	23.8	19.7	4.1	19.7	0.0	19.7	
2.94922	-0.6	-19861	23.8	19.7	4.1	19.7	0.0	19.7	
2.95312	-0.6	-19861	23.8	19.7	4.1	19.7	0.0	19.7	
2.95703	-0.4	-19861	23.8	19.7	4.1	19.7	0.0	19.7	
2.96094	-0.4	-19861	23.8	19.7	4.1	19.7	0.0	19.7	
2.96484	-0.5	-19861	23.8	19.7	4.1	19.7	0.0	19.7	
2.96875	-0.3	-19861	23.8	19.7	4.1	19.7	0.0	19.7	
2.97266	-0.4	-19861	23.8	19.7	4.1	19.7	0.0	19.7	
2.97656	-0.5	-19861	23.8	19.7	4.1	19.7	0.0	19.7	
2.98047	-0.4	-19861	23.8	19.7	4.1	19.7	0.0	19.7	
2.98438	-0.4	-19861	23.9	19.7	4.2	19.7	0.0	19.7	
2.98828	-0.4	-19861	23.8	19.7	4.1	19.7	0.0	19.7	
2.99219	-0.3	-19861	23.8	19.6	4.2	19.6	0.0	19.6	
2.99609	-0.4	-19862	23.8	19.7	4.1	19.7	0.0	19.7	
3.00000	-0.6	-19862	23.8	19.7	4.1	19.7	0.0	19.7	
3.00391	-0.6	-19862	23.9	19.7	4.2	19.7	0.0	19.7	
3.00781	-0.5	-19862	23.9	19.7	4.2	19.7	0.0	19.7	
3.01172	-0.5	-19862	23.9	19.6	4.3	19.6	0.0	19.6	
3.01562	-0.4	-19862	23.9	19.6	4.3	19.6	0.0	19.6	
3.01953	-0.4	-19862	23.9	19.7	4.2	19.7	0.0	19.7	
3.02344	-0.4	-19862	23.9	19.7	4.2	19.7	0.0	19.7	
3.02734	-0.6	-19862	23.9	19.7	4.2	19.7	0.0	19.7	
3.03125	-0.5	-19862	23.9	19.7	4.2	19.7	0.0	19.7	
3.03516	-0.5	-19862	23.9	19.7	4.2	19.7	0.0	19.7	
3.03906	-0.5	-19862	23.9	19.7	4.2	19.7	0.0	19.7	
3.04297	-0.3	-19862	23.8	19.7	4.1	19.7	0.0	19.7	
3.04688	-0.2	-19862	23.8	19.6	4.2	19.6	0.0	19.6	
3.05078	-0.3	-19862	23.8	19.6	4.2	19.6	0.0	19.6	
3.05469	-0.3	-19862	23.8	19.7	4.1	19.7	0.0	19.7	
3.05859	-0.3	-19862	23.9	19.7	4.2	19.7	0.0	19.7	
3.06250	-0.5	-19862	23.9	19.7	4.2	19.7	0.0	19.7	
3.06641	-0.5	-19862	23.8	19.7	4.1	19.7	0.0	19.7	
3.07031	-0.4	-19862	23.8	19.7	4.1	19.7	0.0	19.7	
3.07422	-0.4	-19862	23.8	19.7	4.1	19.7	0.0	19.7	
3.07812	-0.5	-19862	23.8	19.7	4.1	19.7	0.0	19.7	
3.08203	-0.4	-19862	23.8	19.7	4.1	19.7	0.0	19.7	
3.08594	-0.3	-19862	23.8	19.7	4.1	19.7	0.0	19.7	
3.08984	-0.3	-19862	23.7	19.7	4.0	19.7	0.0	19.7	
3.09375	-0.4	-19862	23.7	19.7	4.0	19.7	0.0	19.7	
3.09766	-0.5	-19862	23.8	19.8	4.0	19.8	0.0	19.8	
3.10156	-0.6	-19862	23.8	19.7	4.1	19.7	0.0	19.7	
3.10547	-0.5	-19862	23.8	19.8	4.0	19.8	0.0	19.8	
3.10938	-0.3	-19862	23.7	19.8	3.9	19.8	0.0	19.8	
3.11328	-0.3	-19862	23.7	19.8	3.9	19.8	0.0	19.8	
3.11719	-0.2	-19862	23.7	19.8	3.9	19.8	0.0	19.8	
3.12109	-0.1	-19862	23.6	19.8	3.8	19.8	0.0	19.8	
3.12500	-0.2	-19862	23.6	19.8	3.8	19.8	0.0	19.8	
3.12891	-0.4	-19862	23.6	19.8	3.8	19.8	0.0	19.8	
3.13281	-0.4	-19862	23.6	19.8	3.8	19.8	0.0	19.8	
3.13672	-0.4	-19862	23.6	19.8	3.8	19.8	0.0	19.8	
3.14062	-0.5	-19863	23.6	19.8	3.8	19.8	0.0	19.8	
3.14453	-0.3	-19863	23.5	19.8	3.7	19.8	0.0	19.8	
3.14844	-0.4	-19863	23.5	19.8	3.7	19.8	0.0	19.8	
3.15234	-0.5	-19863	23.5	19.7	3.8	19.7	0.0	19.7	
3.15625	-0.4	-19863	23.5	19.7	3.8	19.7	0.0	19.7	
3.16016	-0.3	-19863	23.4	19.7	3.7	19.7	0.0	19.7	
3.16406	-0.3	-19863	23.4	19.7	3.7	19.7	0.0	19.7	
3.16797	-0.3	-19863	23.4	19.7	3.7	19.7	0.0	19.7	
3.17188	-0.2	-19863	23.4	19.6	3.8	19.6	0.0	19.6	
3.17578	-0.3	-19863	23.3	19.7	3.6	19.7	0.0	19.7	
3.17969	-0.2	-19863	23.3	19.7	3.6	19.7	0.0	19.7	
3.18359	-0.1	-19863	23.3	19.6	3.7	19.6	0.0	19.6	
3.18750	-0.2	-19863	23.3	19.6	3.7	19.6	0.0	19.6	
3.19141	-0.4	-19863	23.3	19.6	3.7	19.6	0.0	19.6	
3.19531	-0.3	-19863	23.3	19.6	3.7	19.6	0.0	19.6	
3.19922	-0.3	-19863	23.3	19.6	3.7	19.6	0.0	19.6	
3.20312	-0.3	-19863	23.2	19.6	3.6	19.6	0.0	19.6	
3.20703	-0.3	-19863	23.2	19.6	3.6	19.6	0.0	19.6	
3.21094	-0.4	-19863	23.3	19.6	3.7	19.6	0.0	19.6	
3.21484	-0.6	-19863	23.3	19.6	3.7	19.6	0.0	19.6	
3.21875	-0.5	-19863	23.3	19.6	3.7	19.6	0.0	19.6	
3.22266	-0.6	-19863	23.3	19.5	3.8	19.5	0.0	19.5	
3.22656	-0.7	-19863	23.2	19.5	3.7	19.5	0.0	19.5	
3.23047	-0.5	-19863	23.3	19.5	3.8	19.5	0.0	19.5	
3.23438	-0.4	-19863	23.3	19.6	3.7	19.6	0.0	19.6	
3.23828	-0.5	-19863	23.3	19.6	3.7	19.6	0.0	19.6	
3.24219	-0.4	-19863	23.3	19.5	3.8	19.5	0.0	19.5	
3.24609	-0.3	-19863	23.3	19.5	3.8	19.5	0.0	19.5	
3.25000	-0.5	-19863	23.2	19.5	3.7	19.5	0.0	19.5	
3.25391	-0.5	-19863	23.3	19.5	3.8	19.5	0.0	19.5	
3.25781	-0.4	-19863	23.3	19.5	3.8	19.5	0.0	19.5	
3.26172	-0.4	-19863	23.2	19.5	3.7	19.5	0.0	19.5	
3.26562	-0.4	-19863	23.2	19.5	3.7	19.5	0.0	19.5	
3.26953	-0.3	-19863	23.2	19.5	3.7	19.5	0.0	19.5	
3.27344	-0.4	-19863	23.2	19.5	3.7	19.5	0.0	19.5	
3.27734	-0.4	-19863	23.2	19.5	3.7	19.5	0.0	19.5	
3.28125	-0.2	-19863	23.2	19.5	3.7	19.5	0.0	19.5	
3.28516	-0.1	-19863	23.2	19.5	3.7	19.5	0.0	19.5	
3.28906	-0.2	-19863	23.2	19.4	3.8	19.4	0.0	19.4	
3.29297	-0.3	-19863	23.2	19.5	3.7	19.5	0.0	19.5	
3.29688	-0.4	-19863	23.2	19.5	3.7	19.5	0.0	19.5	
3.30078	-0.4	-19863	23.2	19.4	3.8	19.4	0.0	19.4	
3.30469	-0.3	-19863	23.1	19.5	3.6	19.5	0.0	19.5	
3.30859	-0.4	-19864	23.1	19.5	3.6	19.5	0.0	19.5	
3.31250	-0.4	-19864	23.1	19.4	3.7	19.4	0.0	19.4	
3.31641	-0.4	-19864	23.1	19.4	3.7	19.4	0.0	19.4	
3.32031	-0.4	-19864	23.2	19.5	3.7	19.5	0.0	19.5	
3.32422	-0.5	-19864	23.1	19.5	3.6	19.5	0.0	19.5	
3.32812	-0.5	-19864	23.1	19.5	3.6	19.5	0.0	19.5	
3.33203	-0.4	-19864	23.1	19.4	3.7	19.4	0.0	19.4	
3.33594	-0.5	-19864	23.2	19.5	3.7	19.5	0.0	19.5	
3.33984	-0.6	-19864	23.1	19.5	3.6	19.5	0.0	19.5	
3.34375	-0.5	-19864	23.2	19.5	3.7	19.5	0.0	19.5	
3.34766	-0.4	-19864	23.1	19.4	3.7	19.4	0.0	19.4	
3.35156	-0.6	-19864	23.1	19.5	3.6	19.5	0.0	19.5	
3.35547	-0.5	-19864	23.1	19.5	3.6	19.5	0.0	19.5	
3.35938	-0.3	-19864	23.1	19.5	3.6	19.5	0.0	19.5	
3.36328	-0.5	-19864	23.1	19.5	3.6	19.5	0.0	19.5	
3.36719	-0.5	-19864	23.1	19.5	3.6	19.5	0.0	19.5	
3.37109	-0.4	-19864	23.2	19.5	3.7	19.5	0.0	19.5	
3.37500	-0.5	-19864	23.2	19.5	3.7	19.5	0.0	19.5	
3.37891	-0.5	-19864	23.1	19.5	3.6	19.5	0.0	19.5	
3.38281	-0.5	-19864	23.2	19.5	3.7	19.5	0.0	19.5	
3.38672	-0.5	-19864	23.2	19.5	3.7	19.5	0.0	19.5	
3.39062	-0.5	-19864	23.1	19.5	3.6	19.5	0.0	19.5	
3.39453	-0.5	-19864	23.1	19.5	3.6	19.5	0.0	19.5	
3.39844	-0.5	-19864	23.1	19.6	3.5	19.6	0.0	19.6	
3.40234	-0.5	-19864	23.2	19.5	3.7	19.5	0.0	19.5	
3.40625	-0.5	-19864	23.1	19.5	3.6	19.5	0.0	19.5	
