FluxView - FluxMed acquisition system
Signal file
Serial Number	:
W version:	1.20h-OX-CO2	File version:	1.13
Sampling rate:	256 Hz
Time	Flow	Volume	Paw	Pes	Ptpulm	Pga	Ptdiaf	CO2	
0.00391	-0.7	-1453	7.7	11.4	-3.7	0.0	-11.4	0.0	
0.00781	-0.8	-1453	7.7	11.4	-3.7	0.0	-11.4	0.0	
0.01172	-0.7	-1453	7.8	11.3	-3.5	0.0	-11.3	0.0	
0.01562	-0.5	-1453	7.9	11.3	-3.4	0.0	-11.3	0.0	
0.01953	-0.4	-1453	7.9	11.2	-3.3	0.0	-11.2	0.0	
0.02344	-0.4	-1453	7.9	11.2	-3.3	0.0	-11.2	0.0	
0.02734	-0.4	-1453	7.9	11.2	-3.3	0.0	-11.2	0.0	
0.03125	-0.4	-1453	7.9	11.2	-3.3	0.0	-11.2	0.0	
0.03516	-0.4	-1453	7.8	11.1	-3.3	0.0	-11.1	0.0	
0.03906	-0.4	-1453	7.8	11.2	-3.4	0.0	-11.2	0.0	
0.04297	-0.3	-1453	7.9	11.2	-3.3	0.0	-11.2	0.0	
0.04688	-0.3	-1453	7.9	11.2	-3.3	0.0	-11.2	0.0	
0.05078	-0.4	-1453	7.9	11.2	-3.3	0.0	-11.2	0.0	
0.05469	-0.3	-1453	7.9	11.1	-3.2	0.0	-11.1	0.0	
0.05859	-0.3	-1453	7.9	11.1	-3.2	0.0	-11.1	0.0	
0.06250	-0.3	-1454	7.9	11.1	-3.2	0.0	-11.1	0.0	
0.06641	-0.3	-1454	7.8	11.1	-3.3	0.0	-11.1	0.0	
0.07031	-0.3	-1454	7.8	11.1	-3.3	0.0	-11.1	0.0	
0.07422	-0.3	-1454	7.8	11.1	-3.3	0.0	-11.1	0.0	
0.07812	-0.3	-1454	7.8	11.0	-3.2	0.0	-11.0	0.0	
0.08203	-0.3	-1454	7.8	11.0	-3.2	0.0	-11.0	0.0	
0.08594	-0.3	-1454	7.8	11.0	-3.2	0.0	-11.0	0.0	
0.08984	-0.2	-1454	7.7	11.0	-3.3	0.0	-11.0	0.0	
0.09375	-0.3	-1454	7.7	11.0	-3.3	0.0	-11.0	0.0	
0.09766	-0.3	-1454	7.7	11.0	-3.3	0.0	-11.0	0.0	
0.10156	-0.2	-1454	7.7	11.0	-3.3	0.0	-11.0	0.0	
0.10547	-0.3	-1454	7.7	11.0	-3.3	0.0	-11.0	0.0	
0.10938	-0.4	-1454	7.7	11.0	-3.3	0.0	-11.0	0.0	
0.11328	-0.4	-1454	7.7	10.9	-3.2	0.0	-10.9	0.0	
0.11719	-0.5	-1454	7.7	10.9	-3.2	0.0	-10.9	0.0	
0.12109	-0.4	-1454	7.7	10.9	-3.2	0.0	-10.9	0.0	
0.12500	-0.3	-1454	7.8	10.9	-3.1	0.0	-10.9	0.0	
0.12891	-0.4	-1454	7.8	10.9	-3.1	0.0	-10.9	0.0	
0.13281	-0.6	-1454	7.8	10.9	-3.1	0.0	-10.9	0.0	
0.13672	-0.5	-1454	7.8	10.9	-3.1	0.0	-10.9	0.0	
0.14062	-0.4	-1454	7.9	10.9	-3.0	0.0	-10.9	0.0	
0.14453	-0.5	-1454	7.9	10.9	-3.0	0.0	-10.9	0.0	
0.14844	-0.6	-1454	7.9	10.9	-3.0	0.0	-10.9	0.0	
0.15234	-0.6	-1454	8.0	10.9	-2.9	0.0	-10.9	0.0	
0.15625	-0.8	-1454	8.0	10.9	-2.9	0.0	-10.9	0.0	
0.16016	-1.0	-1454	8.1	10.9	-2.8	0.0	-10.9	0.0	
0.16406	-0.9	-1454	8.2	11.0	-2.8	0.0	-11.0	0.0	
0.16797	-1.0	-1454	8.2	11.0	-2.8	0.0	-11.0	0.0	
0.17188	-1.1	-1454	8.2	11.1	-2.9	0.0	-11.1	0.0	
0.17578	-0.9	-1454	8.3	11.1	-2.8	0.0	-11.1	0.0	
0.17969	-0.7	-1454	8.3	11.1	-2.8	0.0	-11.1	0.0	
0.18359	-0.7	-1455	8.3	11.2	-2.9	0.0	-11.2	0.0	
0.18750	-0.5	-1455	8.3	11.3	-3.0	0.0	-11.3	0.0	
0.19141	-0.3	-1455	8.4	11.3	-2.9	0.0	-11.3	0.0	
0.19531	-0.3	-1455	8.4	11.4	-3.0	0.0	-11.4	0.0	
0.19922	-0.2	-1455	8.4	11.5	-3.1	0.0	-11.5	0.0	
0.20312	-0.3	-1455	8.4	11.5	-3.1	0.0	-11.5	0.0	
0.20703	-0.4	-1455	8.4	11.6	-3.2	0.0	-11.6	0.0	
0.21094	-0.3	-1455	8.4	11.6	-3.2	0.0	-11.6	0.0	
0.21484	-0.3	-1455	8.4	11.6	-3.2	0.0	-11.6	0.0	
0.21875	-0.4	-1455	8.4	11.6	-3.2	0.0	-11.6	0.0	
0.22266	-0.3	-1455	8.5	11.6	-3.1	0.0	-11.6	0.0	
0.22656	-0.3	-1455	8.4	11.7	-3.3	0.0	-11.7	0.0	
0.23047	-0.5	-1455	8.4	11.7	-3.3	0.0	-11.7	0.0	
0.23438	-0.5	-1455	8.4	11.7	-3.3	0.0	-11.7	0.0	
0.23828	-0.4	-1455	8.4	11.7	-3.3	0.0	-11.7	0.0	
0.24219	-0.5	-1455	8.5	11.8	-3.3	0.0	-11.8	0.0	
0.24609	-0.5	-1455	8.5	11.9	-3.4	0.0	-11.9	0.0	
0.25000	-0.4	-1455	8.6	11.9	-3.3	0.0	-11.9	0.0	
0.25391	-0.5	-1455	8.6	11.9	-3.3	0.0	-11.9	0.0	
0.25781	-0.6	-1455	8.6	12.0	-3.4	0.0	-12.0	0.0	
0.26172	-0.5	-1455	8.6	12.0	-3.4	0.0	-12.0	0.0	
0.26562	-0.4	-1455	8.6	12.1	-3.5	0.0	-12.1	0.0	
0.26953	-0.5	-1455	8.6	12.1	-3.5	0.0	-12.1	0.0	
0.27344	-0.4	-1455	8.6	12.1	-3.5	0.0	-12.1	0.0	
0.27734	-0.4	-1455	8.7	12.2	-3.5	0.0	-12.2	0.0	
0.28125	-0.5	-1455	8.7	12.2	-3.5	0.0	-12.2	0.0	
0.28516	-0.4	-1455	8.7	12.2	-3.5	0.0	-12.2	0.0	
0.28906	-0.3	-1455	8.7	12.3	-3.6	0.0	-12.3	0.0	
0.29297	-0.4	-1455	8.7	12.3	-3.6	0.0	-12.3	0.0	
0.29688	-0.5	-1455	8.6	12.4	-3.8	0.0	-12.4	0.0	
0.30078	-0.3	-1455	8.7	12.4	-3.7	0.0	-12.4	0.0	
0.30469	-0.4	-1455	8.6	12.3	-3.7	0.0	-12.3	0.0	
0.30859	-0.4	-1455	8.6	12.4	-3.8	0.0	-12.4	0.0	
0.31250	-0.4	-1455	8.7	12.4	-3.7	0.0	-12.4	0.0	
0.31641	-0.3	-1455	8.6	12.4	-3.8	0.0	-12.4	0.0	
0.32031	-0.3	-1455	8.5	12.4	-3.9	0.0	-12.4	0.0	
0.32422	-0.4	-1455	8.6	12.4	-3.8	0.0	-12.4	0.0	
0.32812	-0.6	-1456	8.7	12.4	-3.7	0.0	-12.4	0.0	
0.33203	-0.4	-1456	8.6	12.5	-3.9	0.0	-12.5	0.0	
0.33594	-0.3	-1456	8.6	12.5	-3.9	0.0	-12.5	0.0	
0.33984	-0.4	-1456	8.6	12.5	-3.9	0.0	-12.5	0.0	
0.34375	-0.4	-1456	8.6	12.5	-3.9	0.0	-12.5	0.0	
0.34766	-0.5	-1456	8.7	12.5	-3.8	0.0	-12.5	0.0	
0.35156	-0.4	-1456	8.7	12.6	-3.9	0.0	-12.6	0.0	
0.35547	-0.4	-1456	8.7	12.5	-3.8	0.0	-12.5	0.0	
0.35938	-0.6	-1456	8.7	12.6	-3.9	0.0	-12.6	0.0	
0.36328	-0.4	-1456	8.7	12.7	-4.0	0.0	-12.7	0.0	
0.36719	-0.3	-1456	8.7	12.6	-3.9	0.0	-12.6	0.0	
0.37109	-0.4	-1456	8.7	12.6	-3.9	0.0	-12.6	0.0	
0.37500	-0.3	-1456	8.7	12.6	-3.9	0.0	-12.6	0.0	
0.37891	-0.3	-1456	8.7	12.6	-3.9	0.0	-12.6	0.0	
0.38281	-0.5	-1456	8.8	12.6	-3.8	0.0	-12.6	0.0	
0.38672	-0.5	-1456	8.8	12.5	-3.7	0.0	-12.5	0.0	
0.39062	-0.3	-1456	8.7	12.5	-3.8	0.0	-12.5	0.0	
0.39453	-0.4	-1456	8.7	12.5	-3.8	0.0	-12.5	0.0	
0.39844	-0.4	-1456	8.8	12.5	-3.7	0.0	-12.5	0.0	
0.40234	-0.3	-1456	8.7	12.5	-3.8	0.0	-12.5	0.0	
0.40625	-0.4	-1456	8.7	12.5	-3.8	0.0	-12.5	0.0	
0.41016	-0.5	-1456	8.7	12.5	-3.8	0.0	-12.5	0.0	
0.41406	-0.4	-1456	8.7	12.5	-3.8	0.0	-12.5	0.0	
0.41797	-0.3	-1456	8.8	12.5	-3.7	0.0	-12.5	0.0	
0.42188	-0.2	-1456	8.7	12.4	-3.7	0.0	-12.4	0.0	
0.42578	-0.3	-1456	8.8	12.4	-3.6	0.0	-12.4	0.0	
0.42969	-0.4	-1456	8.8	12.5	-3.7	0.0	-12.5	0.0	
0.43359	-0.4	-1456	8.8	12.4	-3.6	0.0	-12.4	0.0	
0.43750	-0.3	-1456	8.8	12.4	-3.6	0.0	-12.4	0.0	
0.44141	-0.4	-1456	8.8	12.4	-3.6	0.0	-12.4	0.0	
0.44531	-0.4	-1456	8.7	12.4	-3.7	0.0	-12.4	0.0	
0.44922	-0.3	-1456	8.7	12.4	-3.7	0.0	-12.4	0.0	
0.45312	-0.2	-1456	8.7	12.4	-3.7	0.0	-12.4	0.0	
0.45703	-0.2	-1456	8.6	12.3	-3.7	0.0	-12.3	0.0	
0.46094	-0.2	-1456	8.5	12.3	-3.8	0.0	-12.3	0.0	
0.46484	0.1	-1456	8.5	12.3	-3.8	0.0	-12.3	0.0	
0.46875	0.4	-1456	8.4	12.3	-3.9	0.0	-12.3	0.0	
0.47266	0.6	-1456	8.3	12.2	-3.9	0.0	-12.2	0.0	
0.47656	0.9	-1456	8.3	12.2	-3.9	0.0	-12.2	0.0	
0.48047	1.0	-1456	8.2	12.1	-3.9	0.0	-12.1	0.0	
0.48438	0.7	-1456	8.1	12.1	-4.0	0.0	-12.1	0.0	
0.48828	0.4	-1456	8.2	12.1	-3.9	0.0	-12.1	0.0	
0.49219	0.1	-1456	8.1	12.0	-3.9	0.0	-12.0	0.0	
0.49609	-0.4	-1456	8.1	11.9	-3.8	0.0	-11.9	0.0	
0.50000	-0.6	-1456	8.1	11.9	-3.8	0.0	-11.9	0.0	
0.50391	-0.6	-1456	8.1	11.9	-3.8	0.0	-11.9	0.0	
0.50781	-0.7	-1456	8.1	11.8	-3.7	0.0	-11.8	0.0	
0.51172	-0.5	-1456	8.1	11.8	-3.7	0.0	-11.8	0.0	
0.51562	-0.4	-1456	8.1	11.7	-3.6	0.0	-11.7	0.0	
0.51953	-0.4	-1456	8.1	11.7	-3.6	0.0	-11.7	0.0	
0.52344	-0.5	-1456	8.1	11.7	-3.6	0.0	-11.7	0.0	
0.52734	-0.5	-1456	8.2	11.7	-3.5	0.0	-11.7	0.0	
0.53125	-0.5	-1456	8.2	11.6	-3.4	0.0	-11.6	0.0	
0.53516	-0.4	-1456	8.2	11.5	-3.3	0.0	-11.5	0.0	
0.53906	-0.3	-1456	8.2	11.5	-3.3	0.0	-11.5	0.0	
0.54297	-0.3	-1456	8.2	11.5	-3.3	0.0	-11.5	0.0	
0.54688	-0.4	-1456	8.2	11.4	-3.2	0.0	-11.4	0.0	
0.55078	-0.3	-1456	8.2	11.5	-3.3	0.0	-11.5	0.0	
0.55469	-0.4	-1457	8.2	11.4	-3.2	0.0	-11.4	0.0	
0.55859	-0.4	-1457	8.2	11.4	-3.2	0.0	-11.4	0.0	
0.56250	-0.3	-1457	8.2	11.4	-3.2	0.0	-11.4	0.0	
0.56641	-0.3	-1457	8.2	11.4	-3.2	0.0	-11.4	0.0	
0.57031	-0.4	-1457	8.2	11.4	-3.2	0.0	-11.4	0.0	
0.57422	-0.2	-1457	8.1	11.4	-3.3	0.0	-11.4	0.0	
0.57812	-0.3	-1457	8.1	11.4	-3.3	0.0	-11.4	0.0	
0.58203	-0.4	-1457	8.1	11.4	-3.3	0.0	-11.4	0.0	
0.58594	-0.2	-1457	8.1	11.4	-3.3	0.0	-11.4	0.0	
0.58984	-0.0	-1457	8.1	11.3	-3.2	0.0	-11.3	0.0	
0.59375	-0.3	-1457	8.1	11.3	-3.2	0.0	-11.3	0.0	
0.59766	-0.3	-1457	8.0	11.3	-3.3	0.0	-11.3	0.0	
0.60156	-0.2	-1457	8.0	11.3	-3.3	0.0	-11.3	0.0	
0.60547	-0.3	-1457	8.0	11.2	-3.2	0.0	-11.2	0.0	
0.60938	-0.4	-1457	8.0	11.2	-3.2	0.0	-11.2	0.0	
0.61328	-0.2	-1457	8.0	11.3	-3.3	0.0	-11.3	0.0	
0.61719	-0.4	-1457	8.0	11.2	-3.2	0.0	-11.2	0.0	
0.62109	-0.5	-1457	8.0	11.2	-3.2	0.0	-11.2	0.0	
0.62500	-0.3	-1457	8.0	11.2	-3.2	0.0	-11.2	0.0	
0.62891	-0.3	-1457	8.0	11.2	-3.2	0.0	-11.2	0.0	
0.63281	-0.5	-1457	8.0	11.2	-3.2	0.0	-11.2	0.0	
0.63672	-0.5	-1457	8.0	11.2	-3.2	0.0	-11.2	0.0	
0.64062	-0.4	-1457	8.1	11.2	-3.1	0.0	-11.2	0.0	
0.64453	-0.4	-1457	8.1	11.1	-3.0	0.0	-11.1	0.0	
0.64844	-0.3	-1457	8.1	11.1	-3.0	0.0	-11.1	0.0	
0.65234	-0.3	-1457	8.1	11.2	-3.1	0.0	-11.2	0.0	
0.65625	-0.6	-1457	8.1	11.1	-3.0	0.0	-11.1	0.0	
0.66016	-0.6	-1457	8.1	11.1	-3.0	0.0	-11.1	0.0	
0.66406	-0.5	-1457	8.2	11.1	-2.9	0.0	-11.1	0.0	
0.66797	-0.6	-1457	8.2	11.1	-2.9	0.0	-11.1	0.0	
0.67188	-0.6	-1457	8.2	11.2	-3.0	0.0	-11.2	0.0	
0.67578	-0.5	-1457	8.3	11.2	-2.9	0.0	-11.2	0.0	
0.67969	-0.7	-1457	8.3	11.2	-2.9	0.0	-11.2	0.0	
0.68359	-0.9	-1457	8.3	11.2	-2.9	0.0	-11.2	0.0	
0.68750	-0.7	-1457	8.4	11.2	-2.8	0.0	-11.2	0.0	
0.69141	-0.7	-1457	8.5	11.3	-2.8	0.0	-11.3	0.0	
0.69531	-0.8	-1458	8.5	11.4	-2.9	0.0	-11.4	0.0	
0.69922	-0.5	-1458	8.5	11.4	-2.9	0.0	-11.4	0.0	
0.70312	-0.4	-1458	8.5	11.5	-3.0	0.0	-11.5	0.0	
0.70703	-0.5	-1458	8.5	11.5	-3.0	0.0	-11.5	0.0	
0.71094	-0.3	-1458	8.5	11.6	-3.1	0.0	-11.6	0.0	
0.71484	-0.3	-1458	8.6	11.6	-3.0	0.0	-11.6	0.0	
0.71875	-0.4	-1458	8.6	11.6	-3.0	0.0	-11.6	0.0	
0.72266	-0.3	-1458	8.5	11.7	-3.2	0.0	-11.7	0.0	
0.72656	-0.3	-1458	8.6	11.7	-3.1	0.0	-11.7	0.0	
0.73047	-0.4	-1458	8.6	11.7	-3.1	0.0	-11.7	0.0	
0.73438	-0.5	-1458	8.6	11.8	-3.2	0.0	-11.8	0.0	
0.73828	-0.5	-1458	8.6	11.8	-3.2	0.0	-11.8	0.0	
0.74219	-0.5	-1458	8.6	11.8	-3.2	0.0	-11.8	0.0	
0.74609	-0.5	-1458	8.6	11.8	-3.2	0.0	-11.8	0.0	
0.75000	-0.6	-1458	8.7	11.9	-3.2	0.0	-11.9	0.0	
0.75391	-0.6	-1458	8.7	11.9	-3.2	0.0	-11.9	0.0	
0.75781	-0.6	-1458	8.6	11.9	-3.3	0.0	-11.9	0.0	
0.76172	-0.6	-1458	8.7	12.0	-3.3	0.0	-12.0	0.0	
0.76562	-0.5	-1458	8.7	12.0	-3.3	0.0	-12.0	0.0	
0.76953	-0.5	-1458	8.7	12.1	-3.4	0.0	-12.1	0.0	
0.77344	-0.5	-1458	8.8	12.1	-3.3	0.0	-12.1	0.0	
0.77734	-0.4	-1458	8.8	12.1	-3.3	0.0	-12.1	0.0	
0.78125	-0.5	-1458	8.8	12.1	-3.3	0.0	-12.1	0.0	
0.78516	-0.5	-1458	8.8	12.2	-3.4	0.0	-12.2	0.0	
0.78906	-0.3	-1458	8.8	12.2	-3.4	0.0	-12.2	0.0	
0.79297	-0.4	-1458	8.8	12.3	-3.5	0.0	-12.3	0.0	
0.79688	-0.5	-1458	8.8	12.3	-3.5	0.0	-12.3	0.0	
0.80078	-0.2	-1458	8.8	12.3	-3.5	0.0	-12.3	0.0	
0.80469	-0.3	-1458	8.8	12.3	-3.5	0.0	-12.3	0.0	
0.80859	-0.4	-1458	8.8	12.4	-3.6	0.0	-12.4	0.0	
0.81250	-0.3	-1458	8.8	12.4	-3.6	0.0	-12.4	0.0	
0.81641	-0.3	-1458	8.8	12.5	-3.7	0.0	-12.5	0.0	
0.82031	-0.3	-1458	8.8	12.5	-3.7	0.0	-12.5	0.0	
0.82422	-0.3	-1458	8.8	12.5	-3.7	0.0	-12.5	0.0	
0.82812	-0.5	-1458	8.8	12.5	-3.7	0.0	-12.5	0.0	
0.83203	-0.5	-1458	8.7	12.5	-3.8	0.0	-12.5	0.0	
0.83594	-0.3	-1459	8.8	12.5	-3.7	0.0	-12.5	0.0	
0.83984	-0.3	-1459	8.8	12.5	-3.7	0.0	-12.5	0.0	
0.84375	-0.4	-1459	8.8	12.5	-3.7	0.0	-12.5	0.0	
0.84766	-0.4	-1459	8.8	12.5	-3.7	0.0	-12.5	0.0	
0.85156	-0.4	-1459	8.8	12.6	-3.8	0.0	-12.6	0.0	
0.85547	-0.4	-1459	8.8	12.6	-3.8	0.0	-12.6	0.0	
0.85938	-0.4	-1459	8.8	12.6	-3.8	0.0	-12.6	0.0	
0.86328	-0.4	-1459	8.8	12.7	-3.9	0.0	-12.7	0.0	
0.86719	-0.5	-1459	8.8	12.6	-3.8	0.0	-12.6	0.0	
0.87109	-0.5	-1459	8.8	12.7	-3.9	0.0	-12.7	0.0	
0.87500	-0.4	-1459	8.9	12.7	-3.8	0.0	-12.7	0.0	
0.87891	-0.3	-1459	8.9	12.7	-3.8	0.0	-12.7	0.0	
0.88281	-0.4	-1459	8.8	12.7	-3.9	0.0	-12.7	0.0	
0.88672	-0.5	-1459	8.8	12.8	-4.0	0.0	-12.8	0.0	
0.89062	-0.2	-1459	8.9	12.7	-3.8	0.0	-12.7	0.0	
0.89453	-0.3	-1459	8.9	12.7	-3.8	0.0	-12.7	0.0	
0.89844	-0.5	-1459	8.9	12.7	-3.8	0.0	-12.7	0.0	
0.90234	-0.5	-1459	8.9	12.6	-3.7	0.0	-12.6	0.0	
0.90625	-0.5	-1459	8.9	12.6	-3.7	0.0	-12.6	0.0	
0.91016	-0.4	-1459	8.9	12.6	-3.7	0.0	-12.6	0.0	
0.91406	-0.4	-1459	8.9	12.6	-3.7	0.0	-12.6	0.0	
0.91797	-0.4	-1459	8.9	12.7	-3.8	0.0	-12.7	0.0	
0.92188	-0.3	-1459	8.9	12.6	-3.7	0.0	-12.6	0.0	
0.92578	-0.3	-1459	8.9	12.5	-3.6	0.0	-12.5	0.0	
0.92969	-0.4	-1459	8.9	12.6	-3.7	0.0	-12.6	0.0	
0.93359	-0.5	-1459	8.9	12.5	-3.6	0.0	-12.5	0.0	
0.93750	-0.4	-1459	8.9	12.6	-3.7	0.0	-12.6	0.0	
0.94141	-0.4	-1459	8.9	12.6	-3.7	0.0	-12.6	0.0	
0.94531	-0.4	-1459	8.9	12.6	-3.7	0.0	-12.6	0.0	
0.94922	-0.4	-1459	8.9	12.5	-3.6	0.0	-12.5	0.0	
0.95312	-0.3	-1459	8.9	12.5	-3.6	0.0	-12.5	0.0	
0.95703	-0.4	-1459	8.8	12.5	-3.7	0.0	-12.5	0.0	
0.96094	-0.4	-1459	8.9	12.5	-3.6	0.0	-12.5	0.0	
0.96484	-0.3	-1459	8.9	12.5	-3.6	0.0	-12.5	0.0	
0.96875	-0.4	-1459	8.8	12.5	-3.7	0.0	-12.5	0.0	
0.97266	-0.3	-1459	8.8	12.5	-3.7	0.0	-12.5	0.0	
0.97656	-0.1	-1459	8.8	12.5	-3.7	0.0	-12.5	0.0	
0.98047	-0.1	-1459	8.6	12.4	-3.8	0.0	-12.4	0.0	
0.98438	-0.0	-1459	8.5	12.4	-3.9	0.0	-12.4	0.0	
0.98828	0.3	-1459	8.5	12.4	-3.9	0.0	-12.4	0.0	
0.99219	0.6	-1459	8.4	12.3	-3.9	0.0	-12.3	0.0	
0.99609	0.8	-1459	8.4	12.3	-3.9	0.0	-12.3	0.0	
1.00000	0.9	-1459	8.3	12.2	-3.9	0.0	-12.2	0.0	
1.00391	0.7	-1459	8.3	12.2	-3.9	0.0	-12.2	0.0	
1.00781	0.4	-1459	8.3	12.1	-3.8	0.0	-12.1	0.0	
1.01172	-0.0	-1459	8.3	12.1	-3.8	0.0	-12.1	0.0	
1.01562	-0.3	-1459	8.2	12.0	-3.8	0.0	-12.0	0.0	
1.01953	-0.6	-1459	8.2	11.9	-3.7	0.0	-11.9	0.0	
1.02344	-0.8	-1459	8.2	11.9	-3.7	0.0	-11.9	0.0	
1.02734	-0.5	-1459	8.2	11.9	-3.7	0.0	-11.9	0.0	
1.03125	-0.4	-1459	8.2	11.8	-3.6	0.0	-11.8	0.0	
1.03516	-0.5	-1459	8.2	11.8	-3.6	0.0	-11.8	0.0	
1.03906	-0.6	-1459	8.3	11.8	-3.5	0.0	-11.8	0.0	
1.04297	-0.5	-1459	8.2	11.7	-3.5	0.0	-11.7	0.0	
1.04688	-0.5	-1459	8.3	11.7	-3.4	0.0	-11.7	0.0	
1.05078	-0.5	-1460	8.4	11.7	-3.3	0.0	-11.7	0.0	
1.05469	-0.5	-1460	8.3	11.7	-3.4	0.0	-11.7	0.0	
1.05859	-0.5	-1460	8.3	11.6	-3.3	0.0	-11.6	0.0	
1.06250	-0.4	-1460	8.4	11.6	-3.2	0.0	-11.6	0.0	
1.06641	-0.4	-1460	8.4	11.6	-3.2	0.0	-11.6	0.0	
1.07031	-0.4	-1460	8.3	11.5	-3.2	0.0	-11.5	0.0	
1.07422	-0.3	-1460	8.4	11.5	-3.1	0.0	-11.5	0.0	
1.07812	-0.3	-1460	8.4	11.5	-3.1	0.0	-11.5	0.0	
1.08203	-0.4	-1460	8.3	11.5	-3.2	0.0	-11.5	0.0	
1.08594	-0.3	-1460	8.4	11.5	-3.1	0.0	-11.5	0.0	
1.08984	-0.2	-1460	8.4	11.5	-3.1	0.0	-11.5	0.0	
1.09375	-0.2	-1460	8.3	11.5	-3.2	0.0	-11.5	0.0	
1.09766	-0.2	-1460	8.3	11.5	-3.2	0.0	-11.5	0.0	
1.10156	-0.3	-1460	8.3	11.5	-3.2	0.0	-11.5	0.0	
1.10547	-0.4	-1460	8.3	11.4	-3.1	0.0	-11.4	0.0	
1.10938	-0.4	-1460	8.3	11.4	-3.1	0.0	-11.4	0.0	
1.11328	-0.2	-1460	8.2	11.4	-3.2	0.0	-11.4	0.0	
1.11719	-0.3	-1460	8.2	11.3	-3.1	0.0	-11.3	0.0	
1.12109	-0.4	-1460	8.2	11.4	-3.2	0.0	-11.4	0.0	
1.12500	-0.3	-1460	8.2	11.4	-3.2	0.0	-11.4	0.0	
1.12891	-0.3	-1460	8.2	11.3	-3.1	0.0	-11.3	0.0	
1.13281	-0.4	-1460	8.1	11.3	-3.2	0.0	-11.3	0.0	
1.13672	-0.3	-1460	8.2	11.3	-3.1	0.0	-11.3	0.0	
1.14062	-0.4	-1460	8.2	11.3	-3.1	0.0	-11.3	0.0	
1.14453	-0.3	-1460	8.2	11.3	-3.1	0.0	-11.3	0.0	
1.14844	-0.3	-1460	8.1	11.3	-3.2	0.0	-11.3	0.0	
1.15234	-0.5	-1460	8.2	11.3	-3.1	0.0	-11.3	0.0	
1.15625	-0.5	-1460	8.1	11.3	-3.2	0.0	-11.3	0.0	
1.16016	-0.4	-1460	8.2	11.2	-3.0	0.0	-11.2	0.0	
1.16406	-0.5	-1460	8.2	11.2	-3.0	0.0	-11.2	0.0	
1.16797	-0.5	-1460	8.2	11.3	-3.1	0.0	-11.3	0.0	
1.17188	-0.5	-1460	8.3	11.2	-2.9	0.0	-11.2	0.0	
1.17578	-0.4	-1460	8.3	11.3	-3.0	0.0	-11.3	0.0	
1.17969	-0.6	-1460	8.3	11.3	-3.0	0.0	-11.3	0.0	
1.18359	-0.7	-1460	8.3	11.2	-2.9	0.0	-11.2	0.0	
1.18750	-0.7	-1460	8.4	11.2	-2.8	0.0	-11.2	0.0	
1.19141	-0.7	-1460	8.4	11.2	-2.8	0.0	-11.2	0.0	
1.19531	-0.7	-1460	8.4	11.2	-2.8	0.0	-11.2	0.0	
1.19922	-0.7	-1461	8.5	11.3	-2.8	0.0	-11.3	0.0	
1.20312	-0.9	-1461	8.6	11.3	-2.7	0.0	-11.3	0.0	
1.20703	-1.0	-1461	8.6	11.4	-2.8	0.0	-11.4	0.0	
1.21094	-0.9	-1461	8.7	11.4	-2.7	0.0	-11.4	0.0	
1.21484	-0.9	-1461	8.7	11.5	-2.8	0.0	-11.5	0.0	
1.21875	-0.8	-1461	8.7	11.5	-2.8	0.0	-11.5	0.0	
1.22266	-0.5	-1461	8.7	11.5	-2.8	0.0	-11.5	0.0	
1.22656	-0.3	-1461	8.8	11.6	-2.8	0.0	-11.6	0.0	
1.23047	-0.5	-1461	8.8	11.7	-2.9	0.0	-11.7	0.0	
1.23438	-0.5	-1461	8.8	11.7	-2.9	0.0	-11.7	0.0	
1.23828	-0.4	-1461	8.8	11.8	-3.0	0.0	-11.8	0.0	
1.24219	-0.4	-1461	8.7	11.8	-3.1	0.0	-11.8	0.0	
1.24609	-0.3	-1461	8.8	11.8	-3.0	0.0	-11.8	0.0	
1.25000	-0.3	-1461	8.8	11.9	-3.1	0.0	-11.9	0.0	
1.25391	-0.3	-1461	8.8	11.9	-3.1	0.0	-11.9	0.0	
1.25781	-0.4	-1461	8.8	11.9	-3.1	0.0	-11.9	0.0	
1.26172	-0.5	-1461	8.8	12.0	-3.2	0.0	-12.0	0.0	
1.26562	-0.5	-1461	8.8	12.0	-3.2	0.0	-12.0	0.0	
1.26953	-0.5	-1461	8.8	12.0	-3.2	0.0	-12.0	0.0	
1.27344	-0.4	-1461	8.8	12.0	-3.2	0.0	-12.0	0.0	
1.27734	-0.4	-1461	8.9	12.1	-3.2	0.0	-12.1	0.0	
1.28125	-0.5	-1461	8.9	12.1	-3.2	0.0	-12.1	0.0	
1.28516	-0.5	-1461	8.9	12.1	-3.2	0.0	-12.1	0.0	
1.28906	-0.5	-1461	8.9	12.2	-3.3	0.0	-12.2	0.0	
1.29297	-0.6	-1461	8.9	12.2	-3.3	0.0	-12.2	0.0	
1.29688	-0.6	-1461	8.9	12.2	-3.3	0.0	-12.2	0.0	
1.30078	-0.4	-1461	8.9	12.3	-3.4	0.0	-12.3	0.0	
1.30469	-0.3	-1461	9.0	12.4	-3.4	0.0	-12.4	0.0	
1.30859	-0.4	-1461	8.9	12.4	-3.5	0.0	-12.4	0.0	
1.31250	-0.3	-1461	8.9	12.4	-3.5	0.0	-12.4	0.0	
1.31641	-0.3	-1462	9.0	12.4	-3.4	0.0	-12.4	0.0	
1.32031	-0.4	-1462	9.0	12.5	-3.5	0.0	-12.5	0.0	
1.32422	-0.3	-1462	9.0	12.5	-3.5	0.0	-12.5	0.0	
1.32812	-0.3	-1462	9.0	12.5	-3.5	0.0	-12.5	0.0	
1.33203	-0.4	-1462	9.0	12.5	-3.5	0.0	-12.5	0.0	
1.33594	-0.4	-1462	9.0	12.6	-3.6	0.0	-12.6	0.0	
1.33984	-0.3	-1462	9.0	12.6	-3.6	0.0	-12.6	0.0	
1.34375	-0.4	-1462	9.0	12.6	-3.6	0.0	-12.6	0.0	
1.34766	-0.4	-1462	9.0	12.6	-3.6	0.0	-12.6	0.0	
1.35156	-0.4	-1462	9.0	12.6	-3.6	0.0	-12.6	0.0	
1.35547	-0.4	-1462	8.9	12.6	-3.7	0.0	-12.6	0.0	
1.35938	-0.5	-1462	9.0	12.7	-3.7	0.0	-12.7	0.0	
1.36328	-0.4	-1462	9.0	12.7	-3.7	0.0	-12.7	0.0	
1.36719	-0.4	-1462	8.9	12.6	-3.7	0.0	-12.6	0.0	
1.37109	-0.5	-1462	9.0	12.7	-3.7	0.0	-12.7	0.0	
1.37500	-0.4	-1462	9.0	12.7	-3.7	0.0	-12.7	0.0	
1.37891	-0.4	-1462	8.9	12.8	-3.9	0.0	-12.8	0.0	
1.38281	-0.5	-1462	8.9	12.8	-3.9	0.0	-12.8	0.0	
1.38672	-0.3	-1462	9.0	12.8	-3.8	0.0	-12.8	0.0	
1.39062	-0.3	-1462	9.0	12.8	-3.8	0.0	-12.8	0.0	
1.39453	-0.4	-1462	9.0	12.8	-3.8	0.0	-12.8	0.0	
1.39844	-0.4	-1462	9.0	12.8	-3.8	0.0	-12.8	0.0	
1.40234	-0.3	-1462	9.0	12.8	-3.8	0.0	-12.8	0.0	
1.40625	-0.3	-1462	9.0	12.8	-3.8	0.0	-12.8	0.0	
1.41016	-0.4	-1462	9.0	12.8	-3.8	0.0	-12.8	0.0	
1.41406	-0.3	-1462	9.0	12.7	-3.7	0.0	-12.7	0.0	
1.41797	-0.3	-1462	9.0	12.7	-3.7	0.0	-12.7	0.0	
1.42188	-0.4	-1462	8.9	12.7	-3.8	0.0	-12.7	0.0	
1.42578	-0.3	-1462	8.9	12.7	-3.8	0.0	-12.7	0.0	
1.42969	-0.4	-1462	8.9	12.7	-3.8	0.0	-12.7	0.0	
1.43359	-0.5	-1462	8.9	12.7	-3.8	0.0	-12.7	0.0	
1.43750	-0.4	-1462	9.0	12.7	-3.7	0.0	-12.7	0.0	
1.44141	-0.3	-1462	9.0	12.7	-3.7	0.0	-12.7	0.0	
1.44531	-0.5	-1462	9.0	12.7	-3.7	0.0	-12.7	0.0	
1.44922	-0.4	-1462	8.9	12.7	-3.8	0.0	-12.7	0.0	
1.45312	-0.3	-1462	8.9	12.6	-3.7	0.0	-12.6	0.0	
1.45703	-0.4	-1462	8.9	12.6	-3.7	0.0	-12.6	0.0	
1.46094	-0.4	-1462	9.0	12.6	-3.6	0.0	-12.6	0.0	
1.46484	-0.3	-1462	9.0	12.6	-3.6	0.0	-12.6	0.0	
1.46875	-0.5	-1462	8.9	12.6	-3.7	0.0	-12.6	0.0	
1.47266	-0.4	-1463	8.9	12.6	-3.7	0.0	-12.6	0.0	
1.47656	-0.2	-1463	9.0	12.6	-3.6	0.0	-12.6	0.0	
1.48047	-0.3	-1463	9.0	12.6	-3.6	0.0	-12.6	0.0	
1.48438	-0.3	-1463	8.9	12.6	-3.7	0.0	-12.6	0.0	
1.48828	-0.2	-1463	8.9	12.5	-3.6	0.0	-12.5	0.0	
1.49219	-0.3	-1463	8.9	12.5	-3.6	0.0	-12.5	0.0	
1.49609	-0.3	-1463	8.8	12.5	-3.7	0.0	-12.5	0.0	
1.50000	0.0	-1463	8.7	12.5	-3.8	0.0	-12.5	0.0	
1.50391	0.2	-1463	8.7	12.5	-3.8	0.0	-12.5	0.0	
1.50781	0.4	-1463	8.6	12.4	-3.8	0.0	-12.4	0.0	
1.51172	0.7	-1463	8.5	12.4	-3.9	0.0	-12.4	0.0	
1.51562	0.8	-1462	8.5	12.3	-3.8	0.0	-12.3	0.0	
1.51953	0.7	-1462	8.4	12.2	-3.8	0.0	-12.2	0.0	
1.52344	0.6	-1462	8.4	12.2	-3.8	0.0	-12.2	0.0	
1.52734	0.2	-1462	8.4	12.2	-3.8	0.0	-12.2	0.0	
1.53125	-0.2	-1462	8.3	12.1	-3.8	0.0	-12.1	0.0	
1.53516	-0.4	-1462	8.3	12.1	-3.8	0.0	-12.1	0.0	
1.53906	-0.6	-1462	8.4	12.0	-3.6	0.0	-12.0	0.0	
1.54297	-0.6	-1462	8.4	12.0	-3.6	0.0	-12.0	0.0	
1.54688	-0.5	-1463	8.4	11.9	-3.5	0.0	-11.9	0.0	
1.55078	-0.4	-1463	8.4	11.9	-3.5	0.0	-11.9	0.0	
1.55469	-0.5	-1463	8.4	11.8	-3.4	0.0	-11.8	0.0	
1.55859	-0.5	-1463	8.4	11.8	-3.4	0.0	-11.8	0.0	
1.56250	-0.4	-1463	8.4	11.8	-3.4	0.0	-11.8	0.0	
1.56641	-0.4	-1463	8.4	11.8	-3.4	0.0	-11.8	0.0	
1.57031	-0.4	-1463	8.4	11.7	-3.3	0.0	-11.7	0.0	
1.57422	-0.3	-1463	8.5	11.7	-3.2	0.0	-11.7	0.0	
1.57812	-0.3	-1463	8.5	11.7	-3.2	0.0	-11.7	0.0	
1.58203	-0.3	-1463	8.5	11.7	-3.2	0.0	-11.7	0.0	
1.58594	-0.3	-1463	8.5	11.6	-3.1	0.0	-11.6	0.0	
1.58984	-0.3	-1463	8.4	11.6	-3.2	0.0	-11.6	0.0	
1.59375	-0.4	-1463	8.4	11.6	-3.2	0.0	-11.6	0.0	
1.59766	-0.5	-1463	8.4	11.6	-3.2	0.0	-11.6	0.0	
1.60156	-0.5	-1463	8.4	11.6	-3.2	0.0	-11.6	0.0	
1.60547	-0.4	-1463	8.4	11.5	-3.1	0.0	-11.5	0.0	
1.60938	-0.3	-1463	8.4	11.5	-3.1	0.0	-11.5	0.0	
1.61328	-0.3	-1463	8.4	11.5	-3.1	0.0	-11.5	0.0	
1.61719	-0.2	-1463	8.4	11.5	-3.1	0.0	-11.5	0.0	
1.62109	-0.3	-1463	8.3	11.5	-3.2	0.0	-11.5	0.0	
1.62500	-0.2	-1463	8.3	11.5	-3.2	0.0	-11.5	0.0	
1.62891	-0.1	-1463	8.3	11.5	-3.2	0.0	-11.5	0.0	
1.63281	-0.3	-1463	8.3	11.5	-3.2	0.0	-11.5	0.0	
1.63672	-0.3	-1463	8.3	11.4	-3.1	0.0	-11.4	0.0	
1.64062	-0.2	-1463	8.3	11.4	-3.1	0.0	-11.4	0.0	
1.64453	-0.2	-1463	8.3	11.4	-3.1	0.0	-11.4	0.0	
1.64844	-0.2	-1463	8.2	11.4	-3.2	0.0	-11.4	0.0	
1.65234	-0.2	-1463	8.2	11.4	-3.2	0.0	-11.4	0.0	
1.65625	-0.3	-1463	8.2	11.4	-3.2	0.0	-11.4	0.0	
1.66016	-0.4	-1463	8.2	11.3	-3.1	0.0	-11.3	0.0	
1.66406	-0.3	-1463	8.2	11.3	-3.1	0.0	-11.3	0.0	
1.66797	-0.3	-1463	8.2	11.3	-3.1	0.0	-11.3	0.0	
1.67188	-0.4	-1463	8.3	11.3	-3.0	0.0	-11.3	0.0	
1.67578	-0.4	-1463	8.3	11.3	-3.0	0.0	-11.3	0.0	
1.67969	-0.5	-1463	8.3	11.3	-3.0	0.0	-11.3	0.0	
1.68359	-0.6	-1463	8.3	11.2	-2.9	0.0	-11.2	0.0	
1.68750	-0.4	-1463	8.3	11.2	-2.9	0.0	-11.2	0.0	
1.69141	-0.4	-1463	8.4	11.2	-2.8	0.0	-11.2	0.0	
1.69531	-0.4	-1463	8.4	11.2	-2.8	0.0	-11.2	0.0	
1.69922	-0.4	-1463	8.4	11.2	-2.8	0.0	-11.2	0.0	
1.70312	-0.6	-1463	8.4	11.3	-2.9	0.0	-11.3	0.0	
1.70703	-0.7	-1463	8.4	11.3	-2.9	0.0	-11.3	0.0	
1.71094	-0.7	-1464	8.4	11.3	-2.9	0.0	-11.3	0.0	
1.71484	-0.7	-1464	8.5	11.3	-2.8	0.0	-11.3	0.0	
1.71875	-0.7	-1464	8.5	11.3	-2.8	0.0	-11.3	0.0	
1.72266	-0.9	-1464	8.6	11.3	-2.7	0.0	-11.3	0.0	
1.72656	-0.9	-1464	8.7	11.4	-2.7	0.0	-11.4	0.0	
1.73047	-1.1	-1464	8.7	11.4	-2.7	0.0	-11.4	0.0	
1.73438	-1.1	-1464	8.7	11.5	-2.8	0.0	-11.5	0.0	
1.73828	-0.7	-1464	8.8	11.5	-2.7	0.0	-11.5	0.0	
1.74219	-0.6	-1464	8.8	11.6	-2.8	0.0	-11.6	0.0	
1.74609	-0.5	-1464	8.8	11.7	-2.9	0.0	-11.7	0.0	
1.75000	-0.4	-1464	8.8	11.7	-2.9	0.0	-11.7	0.0	
1.75391	-0.3	-1464	8.8	11.7	-2.9	0.0	-11.7	0.0	
1.75781	-0.3	-1464	8.8	11.8	-3.0	0.0	-11.8	0.0	
1.76172	-0.4	-1464	8.8	11.9	-3.1	0.0	-11.9	0.0	
1.76562	-0.4	-1464	8.9	11.9	-3.0	0.0	-11.9	0.0	
1.76953	-0.4	-1464	8.8	11.9	-3.1	0.0	-11.9	0.0	
1.77344	-0.4	-1464	8.8	11.9	-3.1	0.0	-11.9	0.0	
1.77734	-0.3	-1464	8.9	11.9	-3.0	0.0	-11.9	0.0	
1.78125	-0.4	-1464	8.9	11.9	-3.0	0.0	-11.9	0.0	
1.78516	-0.4	-1464	8.9	12.0	-3.1	0.0	-12.0	0.0	
1.78906	-0.3	-1464	8.9	12.0	-3.1	0.0	-12.0	0.0	
1.79297	-0.4	-1464	8.9	12.1	-3.2	0.0	-12.1	0.0	
1.79688	-0.5	-1464	8.9	12.1	-3.2	0.0	-12.1	0.0	
1.80078	-0.3	-1464	9.0	12.1	-3.1	0.0	-12.1	0.0	
1.80469	-0.3	-1464	9.0	12.1	-3.1	0.0	-12.1	0.0	
1.80859	-0.5	-1464	8.9	12.2	-3.3	0.0	-12.2	0.0	
1.81250	-0.3	-1464	9.0	12.2	-3.2	0.0	-12.2	0.0	
1.81641	-0.3	-1464	9.0	12.3	-3.3	0.0	-12.3	0.0	
1.82031	-0.3	-1464	9.0	12.3	-3.3	0.0	-12.3	0.0	
1.82422	-0.3	-1464	9.0	12.3	-3.3	0.0	-12.3	0.0	
1.82812	-0.4	-1465	9.0	12.4	-3.4	0.0	-12.4	0.0	
1.83203	-0.5	-1465	9.0	12.4	-3.4	0.0	-12.4	0.0	
1.83594	-0.4	-1465	9.0	12.4	-3.4	0.0	-12.4	0.0	
1.83984	-0.3	-1465	9.0	12.5	-3.5	0.0	-12.5	0.0	
1.84375	-0.4	-1465	9.0	12.5	-3.5	0.0	-12.5	0.0	
1.84766	-0.4	-1465	9.0	12.5	-3.5	0.0	-12.5	0.0	
1.85156	-0.4	-1465	9.0	12.6	-3.6	0.0	-12.6	0.0	
1.85547	-0.4	-1465	9.0	12.6	-3.6	0.0	-12.6	0.0	
1.85938	-0.4	-1465	9.0	12.6	-3.6	0.0	-12.6	0.0	
1.86328	-0.5	-1465	9.0	12.6	-3.6	0.0	-12.6	0.0	
1.86719	-0.5	-1465	9.0	12.6	-3.6	0.0	-12.6	0.0	
1.87109	-0.3	-1465	9.0	12.6	-3.6	0.0	-12.6	0.0	
1.87500	-0.3	-1465	9.0	12.6	-3.6	0.0	-12.6	0.0	
1.87891	-0.4	-1465	9.0	12.6	-3.6	0.0	-12.6	0.0	
1.88281	-0.5	-1465	8.9	12.6	-3.7	0.0	-12.6	0.0	
1.88672	-0.4	-1465	9.0	12.7	-3.7	0.0	-12.7	0.0	
1.89062	-0.4	-1465	9.0	12.6	-3.6	0.0	-12.6	0.0	
1.89453	-0.4	-1465	9.0	12.7	-3.7	0.0	-12.7	0.0	
1.89844	-0.5	-1465	9.0	12.7	-3.7	0.0	-12.7	0.0	
1.90234	-0.6	-1465	9.0	12.7	-3.7	0.0	-12.7	0.0	
1.90625	-0.6	-1465	9.1	12.8	-3.7	0.0	-12.8	0.0	
1.91016	-0.7	-1465	9.0	12.8	-3.8	0.0	-12.8	0.0	
1.91406	-0.6	-1465	9.0	12.8	-3.8	0.0	-12.8	0.0	
1.91797	-0.5	-1465	9.1	12.8	-3.7	0.0	-12.8	0.0	
1.92188	-0.3	-1465	9.1	12.7	-3.6	0.0	-12.7	0.0	
1.92578	-0.4	-1465	9.1	12.8	-3.7	0.0	-12.8	0.0	
1.92969	-0.5	-1465	9.1	12.8	-3.7	0.0	-12.8	0.0	
1.93359	-0.4	-1465	9.1	12.8	-3.7	0.0	-12.8	0.0	
1.93750	-0.4	-1465	9.1	12.8	-3.7	0.0	-12.8	0.0	
1.94141	-0.4	-1465	9.1	12.8	-3.7	0.0	-12.8	0.0	
1.94531	-0.3	-1465	9.1	12.7	-3.6	0.0	-12.7	0.0	
1.94922	-0.3	-1465	9.1	12.7	-3.6	0.0	-12.7	0.0	
1.95312	-0.3	-1465	9.1	12.7	-3.6	0.0	-12.7	0.0	
1.95703	-0.3	-1465	9.1	12.7	-3.6	0.0	-12.7	0.0	
1.96094	-0.3	-1465	9.1	12.7	-3.6	0.0	-12.7	0.0	
1.96484	-0.3	-1465	9.1	12.7	-3.6	0.0	-12.7	0.0	
1.96875	-0.4	-1465	9.1	12.7	-3.6	0.0	-12.7	0.0	
1.97266	-0.3	-1466	9.0	12.7	-3.7	0.0	-12.7	0.0	
1.97656	-0.2	-1466	9.0	12.6	-3.6	0.0	-12.6	0.0	
1.98047	-0.4	-1466	9.0	12.7	-3.7	0.0	-12.7	0.0	
1.98438	-0.5	-1466	9.0	12.7	-3.7	0.0	-12.7	0.0	
1.98828	-0.4	-1466	9.1	12.7	-3.6	0.0	-12.7	0.0	
1.99219	-0.3	-1466	9.1	12.7	-3.6	0.0	-12.7	0.0	
1.99609	-0.5	-1466	9.1	12.6	-3.5	0.0	-12.6	0.0	
2.00000	-0.4	-1466	9.1	12.6	-3.5	0.0	-12.6	0.0	
2.00391	-0.4	-1466	9.1	12.6	-3.5	0.0	-12.6	0.0	
2.00781	-0.4	-1466	9.0	12.6	-3.6	0.0	-12.6	0.0	
2.01172	-0.1	-1466	8.9	12.6	-3.7	0.0	-12.6	0.0	
2.01562	-0.0	-1466	8.9	12.6	-3.7	0.0	-12.6	0.0	
2.01953	-0.1	-1466	8.8	12.5	-3.7	0.0	-12.5	0.0	
2.02344	0.3	-1466	8.7	12.5	-3.8	0.0	-12.5	0.0	
2.02734	0.5	-1466	8.7	12.5	-3.8	0.0	-12.5	0.0	
2.03125	0.6	-1466	8.6	12.4	-3.8	0.0	-12.4	0.0	
2.03516	0.8	-1466	8.5	12.4	-3.9	0.0	-12.4	0.0	
2.03906	0.7	-1466	8.5	12.3	-3.8	0.0	-12.3	0.0	
2.04297	0.3	-1466	8.5	12.2	-3.7	0.0	-12.2	0.0	
2.04688	0.1	-1466	8.4	12.3	-3.9	0.0	-12.3	0.0	
2.05078	-0.4	-1466	8.4	12.2	-3.8	0.0	-12.2	0.0	
2.05469	-0.6	-1466	8.4	12.1	-3.7	0.0	-12.1	0.0	
2.05859	-0.6	-1466	8.4	12.1	-3.7	0.0	-12.1	0.0	
2.06250	-0.6	-1466	8.4	12.0	-3.6	0.0	-12.0	0.0	
2.06641	-0.5	-1466	8.4	12.0	-3.6	0.0	-12.0	0.0	
2.07031	-0.5	-1466	8.5	11.9	-3.4	0.0	-11.9	0.0	
2.07422	-0.5	-1466	8.5	11.9	-3.4	0.0	-11.9	0.0	
2.07812	-0.4	-1466	8.5	11.9	-3.4	0.0	-11.9	0.0	
2.08203	-0.6	-1466	8.5	11.8	-3.3	0.0	-11.8	0.0	
2.08594	-0.5	-1466	8.6	11.8	-3.2	0.0	-11.8	0.0	
2.08984	-0.4	-1466	8.6	11.8	-3.2	0.0	-11.8	0.0	
2.09375	-0.5	-1466	8.6	11.7	-3.1	0.0	-11.7	0.0	
2.09766	-0.4	-1466	8.6	11.7	-3.1	0.0	-11.7	0.0	
2.10156	-0.5	-1466	8.6	11.7	-3.1	0.0	-11.7	0.0	
2.10547	-0.4	-1466	8.6	11.7	-3.1	0.0	-11.7	0.0	
2.10938	-0.3	-1466	8.6	11.7	-3.1	0.0	-11.7	0.0	
2.11328	-0.3	-1466	8.6	11.6	-3.0	0.0	-11.6	0.0	
2.11719	-0.4	-1466	8.5	11.6	-3.1	0.0	-11.6	0.0	
2.12109	-0.2	-1466	8.6	11.6	-3.0	0.0	-11.6	0.0	
2.12500	-0.1	-1466	8.6	11.7	-3.1	0.0	-11.7	0.0	
2.12891	-0.2	-1466	8.6	11.6	-3.0	0.0	-11.6	0.0	
2.13281	-0.4	-1466	8.5	11.5	-3.0	0.0	-11.5	0.0	
2.13672	-0.3	-1466	8.5	11.6	-3.1	0.0	-11.6	0.0	
2.14062	-0.1	-1466	8.5	11.5	-3.0	0.0	-11.5	0.0	
2.14453	-0.1	-1466	8.4	11.5	-3.1	0.0	-11.5	0.0	
2.14844	-0.2	-1466	8.5	11.5	-3.0	0.0	-11.5	0.0	
2.15234	-0.2	-1466	8.4	11.5	-3.1	0.0	-11.5	0.0	
2.15625	-0.3	-1466	8.3	11.5	-3.2	0.0	-11.5	0.0	
2.16016	-0.4	-1466	8.4	11.5	-3.1	0.0	-11.5	0.0	
2.16406	-0.3	-1466	8.4	11.5	-3.1	0.0	-11.5	0.0	
2.16797	-0.4	-1466	8.4	11.4	-3.0	0.0	-11.4	0.0	
2.17188	-0.5	-1466	8.4	11.4	-3.0	0.0	-11.4	0.0	
2.17578	-0.3	-1466	8.4	11.4	-3.0	0.0	-11.4	0.0	
2.17969	-0.4	-1466	8.4	11.4	-3.0	0.0	-11.4	0.0	
2.18359	-0.5	-1466	8.4	11.4	-3.0	0.0	-11.4	0.0	
2.18750	-0.4	-1466	8.4	11.4	-3.0	0.0	-11.4	0.0	
2.19141	-0.5	-1466	8.5	11.4	-2.9	0.0	-11.4	0.0	
2.19531	-0.5	-1466	8.4	11.4	-3.0	0.0	-11.4	0.0	
2.19922	-0.4	-1467	8.5	11.3	-2.8	0.0	-11.3	0.0	
2.20312	-0.5	-1467	8.5	11.3	-2.8	0.0	-11.3	0.0	
2.20703	-0.6	-1467	8.6	11.4	-2.8	0.0	-11.4	0.0	
2.21094	-0.6	-1467	8.6	11.3	-2.7	0.0	-11.3	0.0	
2.21484	-0.6	-1467	8.6	11.3	-2.7	0.0	-11.3	0.0	
2.21875	-0.6	-1467	8.7	11.4	-2.7	0.0	-11.4	0.0	
2.22266	-0.6	-1467	8.7	11.4	-2.7	0.0	-11.4	0.0	
2.22656	-0.5	-1467	8.8	11.4	-2.6	0.0	-11.4	0.0	
2.23047	-0.6	-1467	8.7	11.4	-2.7	0.0	-11.4	0.0	
2.23438	-0.8	-1467	8.8	11.4	-2.6	0.0	-11.4	0.0	
2.23828	-0.8	-1467	8.8	11.5	-2.7	0.0	-11.5	0.0	
2.24219	-0.7	-1467	8.9	11.5	-2.6	0.0	-11.5	0.0	
2.24609	-0.8	-1467	8.9	11.5	-2.6	0.0	-11.5	0.0	
2.25000	-0.6	-1467	9.0	11.6	-2.6	0.0	-11.6	0.0	
2.25391	-0.5	-1467	9.0	11.7	-2.7	0.0	-11.7	0.0	
2.25781	-0.5	-1467	8.9	11.7	-2.8	0.0	-11.7	0.0	
2.26172	-0.4	-1467	9.0	11.7	-2.7	0.0	-11.7	0.0	
2.26562	-0.3	-1467	9.0	11.8	-2.8	0.0	-11.8	0.0	
2.26953	-0.2	-1467	9.0	11.8	-2.8	0.0	-11.8	0.0	
2.27344	-0.2	-1467	9.0	11.9	-2.9	0.0	-11.9	0.0	
2.27734	-0.3	-1467	9.0	11.9	-2.9	0.0	-11.9	0.0	
2.28125	-0.3	-1467	9.0	12.0	-3.0	0.0	-12.0	0.0	
2.28516	-0.4	-1467	9.0	12.0	-3.0	0.0	-12.0	0.0	
2.28906	-0.4	-1467	9.0	12.0	-3.0	0.0	-12.0	0.0	
2.29297	-0.5	-1467	9.0	12.1	-3.1	0.0	-12.1	0.0	
2.29688	-0.5	-1467	9.0	12.0	-3.0	0.0	-12.0	0.0	
2.30078	-0.3	-1467	9.1	12.1	-3.0	0.0	-12.1	0.0	
2.30469	-0.5	-1467	9.1	12.2	-3.1	0.0	-12.2	0.0	
2.30859	-0.6	-1467	9.1	12.1	-3.0	0.0	-12.1	0.0	
2.31250	-0.5	-1467	9.1	12.1	-3.0	0.0	-12.1	0.0	
2.31641	-0.6	-1468	9.1	12.2	-3.1	0.0	-12.2	0.0	
2.32031	-0.7	-1468	9.1	12.3	-3.2	0.0	-12.3	0.0	
2.32422	-0.6	-1468	9.2	12.3	-3.1	0.0	-12.3	0.0	
2.32812	-0.5	-1468	9.2	12.3	-3.1	0.0	-12.3	0.0	
2.33203	-0.5	-1468	9.2	12.3	-3.1	0.0	-12.3	0.0	
2.33594	-0.5	-1468	9.2	12.4	-3.2	0.0	-12.4	0.0	
2.33984	-0.4	-1468	9.3	12.5	-3.2	0.0	-12.5	0.0	
2.34375	-0.4	-1468	9.2	12.5	-3.3	0.0	-12.5	0.0	
2.34766	-0.4	-1468	9.3	12.5	-3.2	0.0	-12.5	0.0	
2.35156	-0.3	-1468	9.3	12.6	-3.3	0.0	-12.6	0.0	
2.35547	-0.3	-1468	9.3	12.6	-3.3	0.0	-12.6	0.0	
2.35938	-0.3	-1468	9.3	12.6	-3.3	0.0	-12.6	0.0	
2.36328	-0.4	-1468	9.3	12.7	-3.4	0.0	-12.7	0.0	
2.36719	-0.5	-1468	9.3	12.7	-3.4	0.0	-12.7	0.0	
2.37109	-0.5	-1468	9.3	12.7	-3.4	0.0	-12.7	0.0	
2.37500	-0.4	-1468	9.3	12.7	-3.4	0.0	-12.7	0.0	
2.37891	-0.5	-1468	9.3	12.7	-3.4	0.0	-12.7	0.0	
2.38281	-0.4	-1468	9.3	12.7	-3.4	0.0	-12.7	0.0	
2.38672	-0.3	-1468	9.3	12.8	-3.5	0.0	-12.8	0.0	
2.39062	-0.3	-1468	9.2	12.8	-3.6	0.0	-12.8	0.0	
2.39453	-0.3	-1468	9.2	12.8	-3.6	0.0	-12.8	0.0	
2.39844	-0.3	-1468	9.3	12.8	-3.5	0.0	-12.8	0.0	
2.40234	-0.4	-1468	9.3	12.8	-3.5	0.0	-12.8	0.0	
2.40625	-0.5	-1468	9.3	12.8	-3.5	0.0	-12.8	0.0	
2.41016	-0.5	-1468	9.3	12.8	-3.5	0.0	-12.8	0.0	
2.41406	-0.5	-1468	9.4	12.9	-3.5	0.0	-12.9	0.0	
2.41797	-0.6	-1468	9.3	12.9	-3.6	0.0	-12.9	0.0	
2.42188	-0.6	-1468	9.3	12.9	-3.6	0.0	-12.9	0.0	
2.42578	-0.4	-1468	9.4	12.9	-3.5	0.0	-12.9	0.0	
2.42969	-0.5	-1468	9.4	13.0	-3.6	0.0	-13.0	0.0	
2.43359	-0.6	-1468	9.3	13.0	-3.7	0.0	-13.0	0.0	
2.43750	-0.5	-1468	9.4	13.0	-3.6	0.0	-13.0	0.0	
2.44141	-0.5	-1468	9.5	13.0	-3.5	0.0	-13.0	0.0	
2.44531	-0.5	-1468	9.4	13.0	-3.6	0.0	-13.0	0.0	
2.44922	-0.3	-1468	9.5	13.0	-3.5	0.0	-13.0	0.0	
2.45312	-0.5	-1469	9.5	13.0	-3.5	0.0	-13.0	0.0	
2.45703	-0.6	-1469	9.5	13.0	-3.5	0.0	-13.0	0.0	
2.46094	-0.4	-1469	9.5	13.0	-3.5	0.0	-13.0	0.0	
2.46484	-0.5	-1469	9.6	13.0	-3.4	0.0	-13.0	0.0	
2.46875	-0.6	-1469	9.6	13.0	-3.4	0.0	-13.0	0.0	
2.47266	-0.5	-1469	9.6	13.0	-3.4	0.0	-13.0	0.0	
2.47656	-0.4	-1469	9.7	13.0	-3.3	0.0	-13.0	0.0	
2.48047	-0.6	-1469	9.6	13.0	-3.4	0.0	-13.0	0.0	
2.48438	-0.6	-1469	9.7	13.0	-3.3	0.0	-13.0	0.0	
2.48828	-0.5	-1469	9.7	13.0	-3.3	0.0	-13.0	0.0	
2.49219	-0.5	-1469	9.7	13.0	-3.3	0.0	-13.0	0.0	
2.49609	-0.4	-1469	9.8	13.0	-3.2	0.0	-13.0	0.0	
2.50000	-0.4	-1469	9.8	13.1	-3.3	0.0	-13.1	0.0	
2.50391	-0.5	-1469	9.8	13.0	-3.2	0.0	-13.0	0.0	
2.50781	-0.5	-1469	9.8	13.0	-3.2	0.0	-13.0	0.0	
2.51172	-0.5	-1469	9.8	13.0	-3.2	0.0	-13.0	0.0	
2.51562	-0.5	-1469	9.8	13.0	-3.2	0.0	-13.0	0.0	
2.51953	-0.3	-1469	9.9	13.0	-3.1	0.0	-13.0	0.0	
2.52344	-0.3	-1469	9.9	13.0	-3.1	0.0	-13.0	0.0	
2.52734	-0.3	-1469	9.8	13.1	-3.3	0.0	-13.1	0.0	
2.53125	-0.3	-1469	9.7	13.1	-3.4	0.0	-13.1	0.0	
2.53516	-0.4	-1469	9.6	13.0	-3.4	0.0	-13.0	0.0	
2.53906	-0.2	-1469	9.6	13.0	-3.4	0.0	-13.0	0.0	
2.54297	0.1	-1469	9.5	13.0	-3.5	0.0	-13.0	0.0	
2.54688	0.3	-1469	9.5	12.9	-3.4	0.0	-12.9	0.0	
2.55078	0.5	-1469	9.4	12.9	-3.5	0.0	-12.9	0.0	
2.55469	0.7	-1469	9.3	12.9	-3.6	0.0	-12.9	0.0	
2.55859	0.5	-1469	9.3	12.8	-3.5	0.0	-12.8	0.0	
2.56250	0.2	-1469	9.3	12.8	-3.5	0.0	-12.8	0.0	
2.56641	-0.1	-1469	9.3	12.8	-3.5	0.0	-12.8	0.0	
2.57031	-0.5	-1469	9.3	12.7	-3.4	0.0	-12.7	0.0	
2.57422	-0.7	-1469	9.3	12.7	-3.4	0.0	-12.7	0.0	
2.57812	-0.7	-1469	9.3	12.7	-3.4	0.0	-12.7	0.0	
2.58203	-0.7	-1469	9.3	12.6	-3.3	0.0	-12.6	0.0	
2.58594	-0.6	-1469	9.3	12.6	-3.3	0.0	-12.6	0.0	
2.58984	-0.6	-1469	9.4	12.6	-3.2	0.0	-12.6	0.0	
2.59375	-0.8	-1469	9.5	12.5	-3.0	0.0	-12.5	0.0	
2.59766	-0.9	-1469	9.5	12.5	-3.0	0.0	-12.5	0.0	
2.60156	-0.9	-1469	9.5	12.5	-3.0	0.0	-12.5	0.0	
2.60547	-0.9	-1469	9.5	12.5	-3.0	0.0	-12.5	0.0	
2.60938	-0.7	-1470	9.6	12.5	-2.9	0.0	-12.5	0.0	
2.61328	-0.5	-1470	9.6	12.5	-2.9	0.0	-12.5	0.0	
2.61719	-0.4	-1470	9.6	12.4	-2.8	0.0	-12.4	0.0	
2.62109	-0.4	-1470	9.7	12.4	-2.7	0.0	-12.4	0.0	
2.62500	-0.3	-1470	9.7	12.5	-2.8	0.0	-12.5	0.0	
2.62891	-0.2	-1470	9.7	12.4	-2.7	0.0	-12.4	0.0	
2.63281	-0.4	-1470	9.7	12.4	-2.7	0.0	-12.4	0.0	
2.63672	-0.4	-1470	9.7	12.4	-2.7	0.0	-12.4	0.0	
2.64062	-0.2	-1470	9.7	12.4	-2.7	0.0	-12.4	0.0	
2.64453	-0.3	-1470	9.7	12.4	-2.7	0.0	-12.4	0.0	
2.64844	-0.4	-1470	9.7	12.5	-2.8	0.0	-12.5	0.0	
2.65234	-0.3	-1470	9.7	12.5	-2.8	0.0	-12.5	0.0	
2.65625	-0.5	-1470	9.7	12.4	-2.7	0.0	-12.4	0.0	
2.66016	-0.5	-1470	9.7	12.4	-2.7	0.0	-12.4	0.0	
2.66406	-0.4	-1470	9.7	12.4	-2.7	0.0	-12.4	0.0	
2.66797	-0.4	-1470	9.7	12.4	-2.7	0.0	-12.4	0.0	
2.67188	-0.4	-1470	9.7	12.4	-2.7	0.0	-12.4	0.0	
2.67578	-0.5	-1470	9.7	12.4	-2.7	0.0	-12.4	0.0	
2.67969	-0.5	-1470	9.7	12.4	-2.7	0.0	-12.4	0.0	
2.68359	-0.5	-1470	9.7	12.4	-2.7	0.0	-12.4	0.0	
2.68750	-0.5	-1470	9.8	12.4	-2.6	0.0	-12.4	0.0	
2.69141	-0.4	-1470	9.8	12.4	-2.6	0.0	-12.4	0.0	
2.69531	-0.4	-1470	9.8	12.4	-2.6	0.0	-12.4	0.0	
2.69922	-0.5	-1470	9.8	12.4	-2.6	0.0	-12.4	0.0	
2.70312	-0.6	-1470	9.9	12.4	-2.5	0.0	-12.4	0.0	
2.70703	-0.7	-1470	9.9	12.5	-2.6	0.0	-12.5	0.0	
2.71094	-0.8	-1470	10.0	12.4	-2.4	0.0	-12.4	0.0	
2.71484	-0.7	-1470	10.1	12.5	-2.4	0.0	-12.5	0.0	
2.71875	-0.7	-1470	10.1	12.5	-2.4	0.0	-12.5	0.0	
2.72266	-0.8	-1470	10.1	12.5	-2.4	0.0	-12.5	0.0	
2.72656	-0.9	-1470	10.2	12.5	-2.3	0.0	-12.5	0.0	
2.73047	-1.1	-1471	10.2	12.5	-2.3	0.0	-12.5	0.0	
2.73438	-1.1	-1471	10.2	12.5	-2.3	0.0	-12.5	0.0	
2.73828	-1.1	-1471	10.3	12.6	-2.3	0.0	-12.6	0.0	
2.74219	-1.2	-1471	10.4	12.6	-2.2	0.0	-12.6	0.0	
2.74609	-1.2	-1471	10.5	12.7	-2.2	0.0	-12.7	0.0	
2.75000	-1.2	-1471	10.6	12.8	-2.2	0.0	-12.8	0.0	
2.75391	-1.6	-1471	10.6	12.8	-2.2	0.0	-12.8	0.0	
2.75781	-1.9	-1471	10.8	12.8	-2.0	0.0	-12.8	0.0	
2.76172	-1.8	-1471	10.9	12.9	-2.0	0.0	-12.9	0.0	
2.76562	-2.0	-1471	11.0	13.0	-2.0	0.0	-13.0	0.0	
2.76953	-2.1	-1472	11.0	13.0	-2.0	0.0	-13.0	0.0	
2.77344	-2.0	-1472	11.1	13.2	-2.1	0.0	-13.2	0.0	
2.77734	-1.9	-1472	11.2	13.2	-2.0	0.0	-13.2	0.0	
2.78125	-1.7	-1472	11.2	13.3	-2.1	0.0	-13.3	0.0	
2.78516	-1.5	-1472	11.3	13.4	-2.1	0.0	-13.4	0.0	
2.78906	-1.3	-1472	11.4	13.5	-2.1	0.0	-13.5	0.0	
2.79297	-1.2	-1472	11.4	13.6	-2.2	0.0	-13.6	0.0	
2.79688	-1.2	-1472	11.5	13.7	-2.2	0.0	-13.7	0.0	
2.80078	-1.2	-1472	11.6	13.7	-2.1	0.0	-13.7	0.0	
2.80469	-1.3	-1472	11.6	13.8	-2.2	0.0	-13.8	0.0	
2.80859	-1.4	-1473	11.6	13.8	-2.2	0.0	-13.8	0.0	
2.81250	-1.3	-1473	11.7	13.9	-2.2	0.0	-13.9	0.0	
2.81641	-1.4	-1473	11.8	14.0	-2.2	0.0	-14.0	0.0	
2.82031	-1.3	-1473	11.9	14.0	-2.1	0.0	-14.0	0.0	
2.82422	-1.1	-1473	11.9	14.1	-2.2	0.0	-14.1	0.0	
2.82812	-1.0	-1473	12.0	14.1	-2.1	0.0	-14.1	0.0	
2.83203	-1.0	-1473	12.0	14.2	-2.2	0.0	-14.2	0.0	
2.83594	-0.9	-1473	12.1	14.2	-2.1	0.0	-14.2	0.0	
2.83984	-0.8	-1473	12.1	14.3	-2.2	0.0	-14.3	0.0	
2.84375	-0.8	-1473	12.1	14.4	-2.3	0.0	-14.4	0.0	
2.84766	-0.8	-1473	12.2	14.5	-2.3	0.0	-14.5	0.0	
2.85156	-0.7	-1473	12.2	14.6	-2.4	0.0	-14.6	0.0	
2.85547	-0.7	-1473	12.2	14.6	-2.4	0.0	-14.6	0.0	
2.85938	-0.7	-1473	12.3	14.7	-2.4	0.0	-14.7	0.0	
2.86328	-0.6	-1473	12.3	14.8	-2.5	0.0	-14.8	0.0	
2.86719	-0.7	-1473	12.3	14.8	-2.5	0.0	-14.8	0.0	
2.87109	-0.8	-1473	12.4	14.8	-2.4	0.0	-14.8	0.0	
2.87500	-0.6	-1473	12.4	15.0	-2.6	0.0	-15.0	0.0	
2.87891	-0.7	-1474	12.4	15.0	-2.6	0.0	-15.0	0.0	
2.88281	-1.0	-1474	12.5	15.0	-2.5	0.0	-15.0	0.0	
2.88672	-0.8	-1474	12.6	15.2	-2.6	0.0	-15.2	0.0	
2.89062	-0.9	-1474	12.6	15.2	-2.6	0.0	-15.2	0.0	
2.89453	-1.1	-1474	12.6	15.2	-2.6	0.0	-15.2	0.0	
2.89844	-0.9	-1474	12.7	15.3	-2.6	0.0	-15.3	0.0	
2.90234	-0.9	-1474	12.8	15.3	-2.5	0.0	-15.3	0.0	
2.90625	-1.2	-1474	12.8	15.4	-2.6	0.0	-15.4	0.0	
2.91016	-1.1	-1474	12.8	15.4	-2.6	0.0	-15.4	0.0	
2.91406	-0.9	-1474	12.9	15.5	-2.6	0.0	-15.5	0.0	
2.91797	-0.9	-1474	12.9	15.5	-2.6	0.0	-15.5	0.0	
2.92188	-1.0	-1474	13.0	15.6	-2.6	0.0	-15.6	0.0	
2.92578	-0.9	-1474	13.0	15.6	-2.6	0.0	-15.6	0.0	
2.92969	-0.7	-1474	13.1	15.7	-2.6	0.0	-15.7	0.0	
2.93359	-0.7	-1474	13.1	15.8	-2.7	0.0	-15.8	0.0	
2.93750	-0.7	-1474	13.2	15.8	-2.6	0.0	-15.8	0.0	
2.94141	-0.6	-1474	13.2	15.9	-2.7	0.0	-15.9	0.0	
2.94531	-0.6	-1475	13.2	15.9	-2.7	0.0	-15.9	0.0	
2.94922	-0.6	-1475	13.2	15.9	-2.7	0.0	-15.9	0.0	
2.95312	-0.5	-1475	13.2	16.0	-2.8	0.0	-16.0	0.0	
2.95703	-0.6	-1475	13.2	16.1	-2.9	0.0	-16.1	0.0	
2.96094	-0.5	-1475	13.3	16.1	-2.8	0.0	-16.1	0.0	
2.96484	-0.5	-1475	13.3	16.1	-2.8	0.0	-16.1	0.0	
2.96875	-0.6	-1475	13.4	16.2	-2.8	0.0	-16.2	0.0	
2.97266	-0.6	-1475	13.4	16.2	-2.8	0.0	-16.2	0.0	
2.97656	-0.7	-1475	13.5	16.2	-2.7	0.0	-16.2	0.0	
2.98047	-0.8	-1475	13.5	16.3	-2.8	0.0	-16.3	0.0	
2.98438	-1.0	-1475	13.5	16.3	-2.8	0.0	-16.3	0.0	
2.98828	-0.9	-1475	13.5	16.3	-2.8	0.0	-16.3	0.0	
2.99219	-0.8	-1475	13.6	16.3	-2.7	0.0	-16.3	0.0	
2.99609	-0.8	-1475	13.6	16.3	-2.7	0.0	-16.3	0.0	
3.00000	-0.7	-1475	13.6	16.4	-2.8	0.0	-16.4	0.0	
3.00391	-0.6	-1475	13.7	16.4	-2.7	0.0	-16.4	0.0	
3.00781	-0.6	-1475	13.7	16.4	-2.7	0.0	-16.4	0.0	
3.01172	-0.6	-1475	13.7	16.5	-2.8	0.0	-16.5	0.0	
3.01562	-0.5	-1475	13.7	16.5	-2.8	0.0	-16.5	0.0	
3.01953	-0.5	-1475	13.7	16.5	-2.8	0.0	-16.5	0.0	
3.02344	-0.5	-1475	13.8	16.5	-2.7	0.0	-16.5	0.0	
3.02734	-0.4	-1475	13.7	16.6	-2.9	0.0	-16.6	0.0	
3.03125	-0.6	-1475	13.8	16.6	-2.8	0.0	-16.6	0.0	
3.03516	-0.6	-1475	13.8	16.6	-2.8	0.0	-16.6	0.0	
3.03906	-0.4	-1475	13.8	16.6	-2.8	0.0	-16.6	0.0	
3.04297	-0.5	-1476	13.8	16.6	-2.8	0.0	-16.6	0.0	
3.04688	-0.7	-1476	13.8	16.6	-2.8	0.0	-16.6	0.0	
3.05078	-0.4	-1476	13.9	16.7	-2.8	0.0	-16.7	0.0	
3.05469	-0.4	-1476	13.8	16.7	-2.9	0.0	-16.7	0.0	
3.05859	-0.5	-1476	13.8	16.7	-2.9	0.0	-16.7	0.0	
3.06250	-0.2	-1476	13.8	16.7	-2.9	0.0	-16.7	0.0	
3.06641	-0.3	-1476	13.8	16.7	-2.9	0.0	-16.7	0.0	
3.07031	-0.5	-1476	13.8	16.7	-2.9	0.0	-16.7	0.0	
3.07422	-0.5	-1476	13.9	16.7	-2.8	0.0	-16.7	0.0	
3.07812	-0.5	-1476	13.9	16.7	-2.8	0.0	-16.7	0.0	
3.08203	-0.7	-1476	13.9	16.7	-2.8	0.0	-16.7	0.0	
3.08594	-0.9	-1476	14.0	16.6	-2.6	0.0	-16.6	0.0	
3.08984	-1.2	-1476	14.1	16.6	-2.5	0.0	-16.6	0.0	
3.09375	-1.7	-1476	14.2	16.7	-2.5	0.0	-16.7	0.0	
3.09766	-2.1	-1476	14.3	16.7	-2.4	0.0	-16.7	0.0	
3.10156	-2.2	-1476	14.4	16.7	-2.3	0.0	-16.7	0.0	
3.10547	-2.2	-1476	14.5	16.7	-2.2	0.0	-16.7	0.0	
3.10938	-2.2	-1477	14.5	16.7	-2.2	0.0	-16.7	0.0	
3.11328	-2.0	-1477	14.6	16.7	-2.1	0.0	-16.7	0.0	
3.11719	-1.6	-1477	14.6	16.7	-2.1	0.0	-16.7	0.0	
3.12109	-1.5	-1477	14.7	16.7	-2.0	0.0	-16.7	0.0	
3.12500	-1.1	-1477	14.8	16.8	-2.0	0.0	-16.8	0.0	
3.12891	-0.9	-1477	14.8	16.8	-2.0	0.0	-16.8	0.0	
3.13281	-1.0	-1477	14.8	16.8	-2.0	0.0	-16.8	0.0	
3.13672	-0.8	-1477	14.9	16.9	-2.0	0.0	-16.9	0.0	
3.14062	-0.6	-1477	14.9	16.9	-2.0	0.0	-16.9	0.0	
3.14453	-0.6	-1477	14.9	16.9	-2.0	0.0	-16.9	0.0	
3.14844	-0.4	-1477	14.9	16.9	-2.0	0.0	-16.9	0.0	
3.15234	-0.3	-1477	15.0	17.0	-2.0	0.0	-17.0	0.0	
3.15625	-0.4	-1477	14.9	17.0	-2.1	0.0	-17.0	0.0	
3.16016	-0.5	-1477	14.9	17.0	-2.1	0.0	-17.0	0.0	
3.16406	-0.3	-1477	15.0	17.0	-2.0	0.0	-17.0	0.0	
3.16797	-0.3	-1477	14.9	17.0	-2.1	0.0	-17.0	0.0	
3.17188	-0.3	-1477	14.9	17.1	-2.2	0.0	-17.1	0.0	
3.17578	-0.3	-1477	14.9	17.1	-2.2	0.0	-17.1	0.0	
3.17969	-0.4	-1477	14.9	17.1	-2.2	0.0	-17.1	0.0	
3.18359	-0.4	-1478	14.9	17.1	-2.2	0.0	-17.1	0.0	
3.18750	-0.3	-1478	14.9	17.1	-2.2	0.0	-17.1	0.0	
3.19141	-0.4	-1478	14.9	17.1	-2.2	0.0	-17.1	0.0	
3.19531	-0.4	-1478	14.9	17.1	-2.2	0.0	-17.1	0.0	
3.19922	-0.4	-1478	14.9	17.2	-2.3	0.0	-17.2	0.0	
3.20312	-0.5	-1478	15.0	17.2	-2.2	0.0	-17.2	0.0	
3.20703	-0.6	-1478	15.0	17.1	-2.1	0.0	-17.1	0.0	
3.21094	-0.5	-1478	15.0	17.2	-2.2	0.0	-17.2	0.0	
3.21484	-0.6	-1478	15.0	17.3	-2.3	0.0	-17.3	0.0	
3.21875	-0.8	-1478	15.0	17.2	-2.2	0.0	-17.2	0.0	
3.22266	-0.8	-1478	15.1	17.3	-2.2	0.0	-17.3	0.0	
3.22656	-0.8	-1478	15.1	17.3	-2.2	0.0	-17.3	0.0	
3.23047	-0.9	-1478	15.2	17.3	-2.1	0.0	-17.3	0.0	
3.23438	-0.8	-1478	15.2	17.3	-2.1	0.0	-17.3	0.0	
3.23828	-0.7	-1478	15.3	17.4	-2.1	0.0	-17.4	0.0	
3.24219	-0.9	-1478	15.3	17.4	-2.1	0.0	-17.4	0.0	
3.24609	-0.9	-1478	15.3	17.4	-2.1	0.0	-17.4	0.0	
3.25000	-1.1	-1478	15.4	17.4	-2.0	0.0	-17.4	0.0	
3.25391	-1.3	-1478	15.5	17.5	-2.0	0.0	-17.5	0.0	
3.25781	-1.2	-1478	15.6	17.6	-2.0	0.0	-17.6	0.0	
3.26172	-1.3	-1479	15.6	17.6	-2.0	0.0	-17.6	0.0	
3.26562	-1.5	-1479	15.7	17.6	-1.9	0.0	-17.6	0.0	
3.26953	-1.7	-1479	15.8	17.7	-1.9	0.0	-17.7	0.0	
3.27344	-1.7	-1479	15.9	17.8	-1.9	0.0	-17.8	0.0	
3.27734	-1.8	-1479	16.0	17.9	-1.9	0.0	-17.9	0.0	
3.28125	-2.3	-1479	16.1	17.9	-1.8	0.0	-17.9	0.0	
3.28516	-2.3	-1479	16.2	18.0	-1.8	0.0	-18.0	0.0	
3.28906	-2.0	-1479	16.3	18.1	-1.8	0.0	-18.1	0.0	
3.29297	-1.7	-1479	16.3	18.2	-1.9	0.0	-18.2	0.0	
3.29688	-1.4	-1480	16.3	18.3	-2.0	0.0	-18.3	0.0	
3.30078	-1.1	-1480	16.3	18.4	-2.1	0.0	-18.4	0.0	
3.30469	-1.0	-1480	16.4	18.4	-2.0	0.0	-18.4	0.0	
3.30859	-0.7	-1480	16.5	18.5	-2.0	0.0	-18.5	0.0	
3.31250	-0.5	-1480	16.5	18.6	-2.1	0.0	-18.6	0.0	
3.31641	-0.4	-1480	16.5	18.6	-2.1	0.0	-18.6	0.0	
3.32031	-0.6	-1480	16.5	18.7	-2.2	0.0	-18.7	0.0	
3.32422	-0.5	-1480	16.5	18.7	-2.2	0.0	-18.7	0.0	
3.32812	-0.4	-1480	16.5	18.8	-2.3	0.0	-18.8	0.0	
3.33203	-0.4	-1480	16.5	18.8	-2.3	0.0	-18.8	0.0	
3.33594	-0.3	-1480	16.5	18.8	-2.3	0.0	-18.8	0.0	
3.33984	-0.4	-1480	16.6	18.9	-2.3	0.0	-18.9	0.0	
3.34375	-0.6	-1480	16.6	18.9	-2.3	0.0	-18.9	0.0	
3.34766	-0.6	-1480	16.5	18.9	-2.4	0.0	-18.9	0.0	
3.35156	-0.6	-1480	16.6	19.0	-2.4	0.0	-19.0	0.0	
3.35547	-0.6	-1480	16.6	19.0	-2.4	0.0	-19.0	0.0	
3.35938	-0.7	-1480	16.6	19.0	-2.4	0.0	-19.0	0.0	
3.36328	-0.6	-1480	16.7	19.1	-2.4	0.0	-19.1	0.0	
3.36719	-0.7	-1480	16.7	19.2	-2.5	0.0	-19.2	0.0	
3.37109	-0.7	-1480	16.7	19.2	-2.5	0.0	-19.2	0.0	
3.37500	-0.7	-1480	16.8	19.3	-2.5	0.0	-19.3	0.0	
3.37891	-0.8	-1480	16.8	19.3	-2.5	0.0	-19.3	0.0	
3.38281	-0.8	-1480	16.8	19.3	-2.5	0.0	-19.3	0.0	
3.38672	-0.6	-1481	16.9	19.4	-2.5	0.0	-19.4	0.0	
3.39062	-0.4	-1481	16.8	19.4	-2.6	0.0	-19.4	0.0	
3.39453	-0.5	-1481	16.9	19.5	-2.6	0.0	-19.5	0.0	
3.39844	-0.4	-1481	16.9	19.5	-2.6	0.0	-19.5	0.0	
3.40234	-0.2	-1481	16.9	19.5	-2.6	0.0	-19.5	0.0	
3.40625	-0.4	-1481	16.8	19.6	-2.8	0.0	-19.6	0.0	
3.41016	-0.4	-1481	16.9	19.6	-2.7	0.0	-19.6	0.0	
3.41406	-0.3	-1481	16.9	19.6	-2.7	0.0	-19.6	0.0	
3.41797	-0.4	-1481	16.8	19.6	-2.8	0.0	-19.6	0.0	
3.42188	-0.5	-1481	16.9	19.7	-2.8	0.0	-19.7	0.0	
3.42578	-0.4	-1481	16.9	19.7	-2.8	0.0	-19.7	0.0	
3.42969	-0.5	-1481	17.0	19.7	-2.7	0.0	-19.7	0.0	
3.43359	-0.6	-1481	17.0	19.8	-2.8	0.0	-19.8	0.0	
3.43750	-0.7	-1481	17.0	19.9	-2.9	0.0	-19.9	0.0	
3.44141	-1.0	-1481	17.1	19.9	-2.8	0.0	-19.9	0.0	
3.44531	-1.4	-1481	17.1	19.9	-2.8	0.0	-19.9	0.0	
3.44922	-1.4	-1481	17.3	20.0	-2.7	0.0	-20.0	0.0	
3.45312	-1.7	-1481	17.4	20.1	-2.7	0.0	-20.1	0.0	
3.45703	-2.0	-1481	17.4	20.1	-2.7	0.0	-20.1	0.0	
3.46094	-1.9	-1481	17.5	20.2	-2.7	0.0	-20.2	0.0	
3.46484	-1.8	-1482	17.6	20.2	-2.6	0.0	-20.2	0.0	
3.46875	-1.6	-1482	17.6	20.3	-2.7	0.0	-20.3	0.0	
3.47266	-1.2	-1482	17.6	20.3	-2.7	0.0	-20.3	0.0	
3.47656	-0.9	-1482	17.7	20.3	-2.6	0.0	-20.3	0.0	
3.48047	-0.9	-1482	17.7	20.4	-2.7	0.0	-20.4	0.0	
3.48438	-0.7	-1482	17.7	20.4	-2.7	0.0	-20.4	0.0	
3.48828	-0.4	-1482	17.7	20.4	-2.7	0.0	-20.4	0.0	
3.49219	-0.4	-1482	17.7	20.5	-2.8	0.0	-20.5	0.0	
3.49609	-0.3	-1482	17.7	20.5	-2.8	0.0	-20.5	0.0	
3.50000	-0.2	-1482	17.7	20.5	-2.8	0.0	-20.5	0.0	
3.50391	-0.5	-1482	17.8	20.5	-2.7	0.0	-20.5	0.0	
3.50781	-0.6	-1482	17.7	20.6	-2.9	0.0	-20.6	0.0	
3.51172	-0.3	-1482	17.8	20.5	-2.7	0.0	-20.5	0.0	
3.51562	-0.5	-1482	17.8	20.5	-2.7	0.0	-20.5	0.0	
3.51953	-0.6	-1482	17.8	20.6	-2.8	0.0	-20.6	0.0	
3.52344	-0.4	-1482	17.9	20.7	-2.8	0.0	-20.7	0.0	
3.52734	-0.5	-1482	17.9	20.7	-2.8	0.0	-20.7	0.0	
3.53125	-0.6	-1482	17.9	20.7	-2.8	0.0	-20.7	0.0	
3.53516	-0.7	-1482	17.9	20.8	-2.9	0.0	-20.8	0.0	
3.53906	-0.7	-1482	17.9	20.8	-2.9	0.0	-20.8	0.0	
3.54297	-0.6	-1482	17.9	20.8	-2.9	0.0	-20.8	0.0	
3.54688	-0.5	-1482	18.0	20.8	-2.8	0.0	-20.8	0.0	
3.55078	-0.3	-1482	18.0	20.8	-2.8	0.0	-20.8	0.0	
3.55469	-0.3	-1483	17.9	20.8	-2.9	0.0	-20.8	0.0	
3.55859	-0.3	-1483	17.9	20.8	-2.9	0.0	-20.8	0.0	
3.56250	-0.3	-1483	18.0	20.9	-2.9	0.0	-20.9	0.0	
3.56641	-0.2	-1483	18.0	20.9	-2.9	0.0	-20.9	0.0	
3.57031	-0.3	-1483	18.0	20.9	-2.9	0.0	-20.9	0.0	
3.57422	-0.2	-1483	17.9	20.9	-3.0	0.0	-20.9	0.0	
3.57812	0.0	-1483	17.8	20.9	-3.1	0.0	-20.9	0.0	
3.58203	-0.1	-1483	17.8	20.9	-3.1	0.0	-20.9	0.0	
3.58594	-0.1	-1483	17.8	20.8	-3.0	0.0	-20.8	0.0	
3.58984	-0.2	-1483	17.8	20.8	-3.0	0.0	-20.8	0.0	
3.59375	-0.5	-1483	17.8	20.8	-3.0	0.0	-20.8	0.0	
3.59766	-0.5	-1483	17.8	20.8	-3.0	0.0	-20.8	0.0	
3.60156	-0.6	-1483	17.8	20.8	-3.0	0.0	-20.8	0.0	
3.60547	-0.7	-1483	17.8	20.8	-3.0	0.0	-20.8	0.0	
3.60938	-0.7	-1483	17.9	20.8	-2.9	0.0	-20.8	0.0	
3.61328	-0.7	-1483	18.0	20.7	-2.7	0.0	-20.7	0.0	
3.61719	-0.9	-1483	17.9	20.6	-2.7	0.0	-20.6	0.0	
3.62109	-0.8	-1483	17.9	20.7	-2.8	0.0	-20.7	0.0	
3.62500	-0.6	-1483	18.0	20.7	-2.7	0.0	-20.7	0.0	
3.62891	-0.7	-1483	18.0	20.7	-2.7	0.0	-20.7	0.0	
3.63281	-0.5	-1483	17.9	20.7	-2.8	0.0	-20.7	0.0	
3.63672	-0.2	-1483	18.0	20.6	-2.6	0.0	-20.6	0.0	
3.64062	-0.3	-1483	18.0	20.6	-2.6	0.0	-20.6	0.0	
3.64453	-0.3	-1483	18.0	20.7	-2.7	0.0	-20.7	0.0	
3.64844	-0.1	-1483	18.0	20.7	-2.7	0.0	-20.7	0.0	
3.65234	-0.3	-1483	18.0	20.7	-2.7	0.0	-20.7	0.0	
3.65625	-0.4	-1483	18.0	20.7	-2.7	0.0	-20.7	0.0	
3.66016	-0.4	-1483	18.0	20.7	-2.7	0.0	-20.7	0.0	
3.66406	-0.4	-1483	18.0	20.7	-2.7	0.0	-20.7	0.0	
3.66797	-0.5	-1483	18.0	20.7	-2.7	0.0	-20.7	0.0	
3.67188	-0.5	-1483	18.0	20.7	-2.7	0.0	-20.7	0.0	
3.67578	-0.4	-1483	18.1	20.7	-2.6	0.0	-20.7	0.0	
3.67969	-0.5	-1483	18.1	20.7	-2.6	0.0	-20.7	0.0	
3.68359	-0.5	-1483	18.0	20.7	-2.7	0.0	-20.7	0.0	
3.68750	-0.3	-1483	18.1	20.6	-2.5	0.0	-20.6	0.0	
3.69141	-0.4	-1483	18.0	20.7	-2.7	0.0	-20.7	0.0	
3.69531	-0.4	-1483	18.0	20.7	-2.7	0.0	-20.7	0.0	
3.69922	-0.1	-1483	18.0	20.7	-2.7	0.0	-20.7	0.0	
3.70312	-0.3	-1483	18.0	20.7	-2.7	0.0	-20.7	0.0	
3.70703	-0.4	-1484	18.0	20.7	-2.7	0.0	-20.7	0.0	
3.71094	-0.2	-1484	17.9	20.6	-2.7	0.0	-20.6	0.0	
3.71484	-0.2	-1484	17.9	20.6	-2.7	0.0	-20.6	0.0	
3.71875	-0.4	-1484	17.9	20.6	-2.7	0.0	-20.6	0.0	
3.72266	-0.3	-1484	17.9	20.6	-2.7	0.0	-20.6	0.0	
3.72656	-0.2	-1484	17.9	20.6	-2.7	0.0	-20.6	0.0	
3.73047	-0.4	-1484	17.9	20.6	-2.7	0.0	-20.6	0.0	
3.73438	-0.5	-1484	17.9	20.6	-2.7	0.0	-20.6	0.0	
3.73828	-0.5	-1484	17.9	20.6	-2.7	0.0	-20.6	0.0	
3.74219	-0.7	-1484	17.9	20.7	-2.8	0.0	-20.7	0.0	
3.74609	-0.8	-1484	18.0	20.6	-2.6	0.0	-20.6	0.0	
3.75000	-0.8	-1484	18.0	20.7	-2.7	0.0	-20.7	0.0	
3.75391	-1.1	-1484	18.1	20.7	-2.6	0.0	-20.7	0.0	
3.75781	-1.5	-1484	18.1	20.7	-2.6	0.0	-20.7	0.0	
3.76172	-1.5	-1484	18.3	20.7	-2.4	0.0	-20.7	0.0	
3.76562	-1.6	-1484	18.3	20.7	-2.4	0.0	-20.7	0.0	
3.76953	-1.8	-1484	18.4	20.8	-2.4	0.0	-20.8	0.0	
3.77344	-1.7	-1484	18.5	20.8	-2.3	0.0	-20.8	0.0	
3.77734	-1.6	-1485	18.6	20.8	-2.2	0.0	-20.8	0.0	
3.78125	-1.7	-1485	18.6	20.9	-2.3	0.0	-20.9	0.0	
3.78516	-1.4	-1485	18.7	20.9	-2.2	0.0	-20.9	0.0	
3.78906	-1.2	-1485	18.7	21.0	-2.3	0.0	-21.0	0.0	
3.79297	-1.1	-1485	18.7	21.1	-2.4	0.0	-21.1	0.0	
3.79688	-0.5	-1485	18.8	21.1	-2.3	0.0	-21.1	0.0	
3.80078	-0.1	-1485	18.8	21.1	-2.3	0.0	-21.1	0.0	
3.80469	-0.1	-1485	18.7	21.2	-2.5	0.0	-21.2	0.0	
3.80859	0.1	-1485	18.7	21.3	-2.6	0.0	-21.3	0.0	
3.81250	0.1	-1485	18.7	21.3	-2.6	0.0	-21.3	0.0	
3.81641	-0.1	-1485	18.6	21.4	-2.8	0.0	-21.4	0.0	
3.82031	-0.1	-1485	18.6	21.4	-2.8	0.0	-21.4	0.0	
3.82422	0.2	-1485	18.6	21.4	-2.8	0.0	-21.4	0.0	
3.82812	0.1	-1485	18.5	21.4	-2.9	0.0	-21.4	0.0	
3.83203	-0.2	-1485	18.5	21.4	-2.9	0.0	-21.4	0.0	
3.83594	-0.4	-1485	18.5	21.5	-3.0	0.0	-21.5	0.0	
3.83984	-0.6	-1485	18.6	21.4	-2.8	0.0	-21.4	0.0	
3.84375	-0.8	-1485	18.6	21.4	-2.8	0.0	-21.4	0.0	
3.84766	-0.7	-1485	18.6	21.5	-2.9	0.0	-21.5	0.0	
3.85156	-0.7	-1485	18.6	21.5	-2.9	0.0	-21.5	0.0	
3.85547	-0.9	-1485	18.6	21.4	-2.8	0.0	-21.4	0.0	
3.85938	-1.1	-1485	18.7	21.4	-2.7	0.0	-21.4	0.0	
3.86328	-1.3	-1485	18.8	21.5	-2.7	0.0	-21.5	0.0	
3.86719	-1.5	-1485	18.8	21.6	-2.8	0.0	-21.6	0.0	
3.87109	-1.7	-1486	18.9	21.5	-2.6	0.0	-21.5	0.0	
3.87500	-1.7	-1486	19.1	21.6	-2.5	0.0	-21.6	0.0	
3.87891	-1.8	-1486	19.1	21.6	-2.5	0.0	-21.6	0.0	
3.88281	-1.8	-1486	19.2	21.6	-2.4	0.0	-21.6	0.0	
3.88672	-1.7	-1486	19.3	21.7	-2.4	0.0	-21.7	0.0	
3.89062	-1.8	-1486	19.3	21.7	-2.4	0.0	-21.7	0.0	
3.89453	-1.8	-1486	19.4	21.8	-2.4	0.0	-21.8	0.0	
3.89844	-1.4	-1486	19.4	21.8	-2.4	0.0	-21.8	0.0	
3.90234	-1.1	-1486	19.5	21.9	-2.4	0.0	-21.9	0.0	
3.90625	-1.0	-1486	19.5	21.9	-2.4	0.0	-21.9	0.0	
3.91016	-0.8	-1487	19.6	21.9	-2.3	0.0	-21.9	0.0	
3.91406	-0.7	-1487	19.6	22.0	-2.4	0.0	-22.0	0.0	
3.91797	-0.8	-1487	19.6	22.0	-2.4	0.0	-22.0	0.0	
3.92188	-0.8	-1487	19.7	22.1	-2.4	0.0	-22.1	0.0	
3.92578	-0.6	-1487	19.7	22.1	-2.4	0.0	-22.1	0.0	
3.92969	-0.6	-1487	19.7	22.2	-2.5	0.0	-22.2	0.0	
3.93359	-0.7	-1487	19.8	22.2	-2.4	0.0	-22.2	0.0	
3.93750	-0.6	-1487	19.8	22.2	-2.4	0.0	-22.2	0.0	
3.94141	-0.6	-1487	19.8	22.3	-2.5	0.0	-22.3	0.0	
3.94531	-0.7	-1487	19.9	22.3	-2.4	0.0	-22.3	0.0	
3.94922	-0.6	-1487	19.9	22.3	-2.4	0.0	-22.3	0.0	
3.95312	-0.6	-1487	19.9	22.4	-2.5	0.0	-22.4	0.0	
3.95703	-0.8	-1487	20.0	22.5	-2.5	0.0	-22.5	0.0	
3.96094	-0.6	-1487	20.0	22.5	-2.5	0.0	-22.5	0.0	
3.96484	-0.7	-1487	20.0	22.5	-2.5	0.0	-22.5	0.0	
3.96875	-1.0	-1487	20.1	22.6	-2.5	0.0	-22.6	0.0	
3.97266	-0.9	-1487	20.1	22.6	-2.5	0.0	-22.6	0.0	
3.97656	-0.8	-1487	20.2	22.6	-2.4	0.0	-22.6	0.0	
3.98047	-1.0	-1487	20.2	22.8	-2.6	0.0	-22.8	0.0	
3.98438	-1.0	-1487	20.3	22.8	-2.5	0.0	-22.8	0.0	
3.98828	-0.8	-1488	20.3	22.8	-2.5	0.0	-22.8	0.0	
3.99219	-0.8	-1488	20.3	22.9	-2.6	0.0	-22.9	0.0	
3.99609	-0.8	-1488	20.3	22.8	-2.5	0.0	-22.8	0.0	
4.00000	-0.6	-1488	20.4	22.8	-2.4	0.0	-22.8	0.0	
4.00391	-0.6	-1488	20.3	22.9	-2.6	0.0	-22.9	0.0	
4.00781	-0.6	-1488	20.4	22.9	-2.5	0.0	-22.9	0.0	
4.01172	-0.5	-1488	20.4	22.9	-2.5	0.0	-22.9	0.0	
4.01562	-0.5	-1488	20.4	22.9	-2.5	0.0	-22.9	0.0	
4.01953	-0.5	-1488	20.5	23.0	-2.5	0.0	-23.0	0.0	
4.02344	-0.4	-1488	20.5	23.0	-2.5	0.0	-23.0	0.0	
4.02734	-0.4	-1488	20.5	23.0	-2.5	0.0	-23.0	0.0	
4.03125	-0.5	-1488	20.5	23.0	-2.5	0.0	-23.0	0.0	
4.03516	-0.4	-1488	20.5	23.1	-2.6	0.0	-23.1	0.0	
4.03906	-0.4	-1488	20.5	23.1	-2.6	0.0	-23.1	0.0	
4.04297	-0.6	-1488	20.5	23.1	-2.6	0.0	-23.1	0.0	
4.04688	-0.5	-1488	20.5	23.1	-2.6	0.0	-23.1	0.0	
4.05078	-0.3	-1488	20.6	23.2	-2.6	0.0	-23.2	0.0	
4.05469	-0.4	-1488	20.5	23.2	-2.7	0.0	-23.2	0.0	
4.05859	-0.6	-1488	20.5	23.2	-2.7	0.0	-23.2	0.0	
4.06250	-0.4	-1488	20.5	23.2	-2.7	0.0	-23.2	0.0	
4.06641	-0.3	-1488	20.5	23.3	-2.8	0.0	-23.3	0.0	
4.07031	-0.4	-1488	20.5	23.3	-2.8	0.0	-23.3	0.0	
4.07422	-0.1	-1488	20.4	23.3	-2.9	0.0	-23.3	0.0	
4.07812	0.0	-1488	20.4	23.3	-2.9	0.0	-23.3	0.0	
4.08203	-0.0	-1488	20.3	23.2	-2.9	0.0	-23.2	0.0	
4.08594	0.3	-1488	20.2	23.3	-3.1	0.0	-23.3	0.0	
4.08984	0.7	-1488	20.1	23.3	-3.2	0.0	-23.3	0.0	
4.09375	0.9	-1488	19.9	23.2	-3.3	0.0	-23.2	0.0	
4.09766	1.4	-1488	19.8	23.1	-3.3	0.0	-23.1	0.0	
4.10156	1.8	-1488	19.8	23.1	-3.3	0.0	-23.1	0.0	
4.10547	1.7	-1488	19.6	23.1	-3.5	0.0	-23.1	0.0	
4.10938	1.8	-1488	19.5	23.0	-3.5	0.0	-23.0	0.0	
4.11328	1.5	-1488	19.5	23.0	-3.5	0.0	-23.0	0.0	
4.11719	0.8	-1487	19.4	22.9	-3.5	0.0	-22.9	0.0	
4.12109	0.6	-1487	19.3	22.9	-3.6	0.0	-22.9	0.0	
4.12500	0.3	-1487	19.3	22.8	-3.5	0.0	-22.8	0.0	
4.12891	-0.4	-1487	19.4	22.8	-3.4	0.0	-22.8	0.0	
4.13281	-0.6	-1487	19.3	22.7	-3.4	0.0	-22.7	0.0	
4.13672	-0.7	-1488	19.3	22.7	-3.4	0.0	-22.7	0.0	
4.14062	-0.8	-1488	19.4	22.6	-3.2	0.0	-22.6	0.0	
4.14453	-0.7	-1488	19.4	22.6	-3.2	0.0	-22.6	0.0	
4.14844	-0.6	-1488	19.5	22.6	-3.1	0.0	-22.6	0.0	
4.15234	-0.6	-1488	19.5	22.6	-3.1	0.0	-22.6	0.0	
4.15625	-0.7	-1488	19.5	22.5	-3.0	0.0	-22.5	0.0	
4.16016	-0.8	-1488	19.6	22.5	-2.9	0.0	-22.5	0.0	
4.16406	-0.8	-1488	19.6	22.5	-2.9	0.0	-22.5	0.0	
4.16797	-0.7	-1488	19.6	22.5	-2.9	0.0	-22.5	0.0	
4.17188	-0.3	-1488	19.6	22.5	-2.9	0.0	-22.5	0.0	
4.17578	0.0	-1488	19.6	22.4	-2.8	0.0	-22.4	0.0	
4.17969	-0.0	-1488	19.5	22.4	-2.9	0.0	-22.4	0.0	
4.18359	0.0	-1488	19.4	22.4	-3.0	0.0	-22.4	0.0	
4.18750	0.3	-1488	19.4	22.4	-3.0	0.0	-22.4	0.0	
4.19141	0.6	-1488	19.2	22.4	-3.2	0.0	-22.4	0.0	
4.19531	1.0	-1488	19.1	22.3	-3.2	0.0	-22.3	0.0	
4.19922	1.7	-1488	19.0	22.3	-3.3	0.0	-22.3	0.0	
4.20312	2.4	-1488	18.8	22.2	-3.4	0.0	-22.2	0.0	
4.20703	2.6	-1487	18.7	22.2	-3.5	0.0	-22.2	0.0	
4.21094	2.7	-1487	18.6	22.2	-3.6	0.0	-22.2	0.0	
4.21484	2.8	-1487	18.4	22.1	-3.7	0.0	-22.1	0.0	
4.21875	2.7	-1487	18.3	22.0	-3.7	0.0	-22.0	0.0	
4.22266	2.5	-1487	18.2	22.0	-3.8	0.0	-22.0	0.0	
4.22656	2.4	-1487	18.0	22.0	-4.0	0.0	-22.0	0.0	
4.23047	1.9	-1486	17.9	21.9	-4.0	0.0	-21.9	0.0	
4.23438	1.4	-1486	17.9	21.8	-3.9	0.0	-21.8	0.0	
4.23828	1.0	-1486	17.9	21.8	-3.9	0.0	-21.8	0.0	
4.24219	0.4	-1486	17.8	21.7	-3.9	0.0	-21.7	0.0	
4.24609	0.2	-1486	17.8	21.6	-3.8	0.0	-21.6	0.0	
4.25000	0.0	-1486	17.7	21.6	-3.9	0.0	-21.6	0.0	
4.25391	-0.1	-1486	17.6	21.5	-3.9	0.0	-21.5	0.0	
4.25781	0.1	-1486	17.6	21.5	-3.9	0.0	-21.5	0.0	
4.26172	0.1	-1486	17.6	21.4	-3.8	0.0	-21.4	0.0	
4.26562	0.1	-1486	17.5	21.4	-3.9	0.0	-21.4	0.0	
4.26953	0.1	-1486	17.5	21.3	-3.8	0.0	-21.3	0.0	
4.27344	0.2	-1486	17.4	21.3	-3.9	0.0	-21.3	0.0	
4.27734	0.5	-1486	17.3	21.2	-3.9	0.0	-21.2	0.0	
4.28125	0.8	-1486	17.2	21.2	-4.0	0.0	-21.2	0.0	
4.28516	1.1	-1486	17.1	21.2	-4.1	0.0	-21.2	0.0	
4.28906	1.3	-1486	17.0	21.1	-4.1	0.0	-21.1	0.0	
4.29297	1.5	-1486	16.9	21.0	-4.1	0.0	-21.0	0.0	
4.29688	1.9	-1486	16.8	21.0	-4.2	0.0	-21.0	0.0	
4.30078	1.9	-1486	16.7	21.0	-4.3	0.0	-21.0	0.0	
4.30469	1.7	-1485	16.6	21.0	-4.4	0.0	-21.0	0.0	
4.30859	1.8	-1485	16.4	20.9	-4.5	0.0	-20.9	0.0	
4.31250	2.0	-1485	16.4	20.8	-4.4	0.0	-20.8	0.0	
4.31641	2.2	-1485	16.2	20.8	-4.6	0.0	-20.8	0.0	
4.32031	2.4	-1485	16.1	20.8	-4.7	0.0	-20.8	0.0	
4.32422	2.7	-1485	15.9	20.8	-4.9	0.0	-20.8	0.0	
4.32812	2.9	-1485	15.7	20.7	-5.0	0.0	-20.7	0.0	
4.33203	3.2	-1484	15.6	20.7	-5.1	0.0	-20.7	0.0	
4.33594	3.5	-1484	15.5	20.6	-5.1	0.0	-20.6	0.0	
4.33984	3.7	-1484	15.3	20.5	-5.2	0.0	-20.5	0.0	
4.34375	3.8	-1484	15.1	20.3	-5.2	0.0	-20.3	0.0	
4.34766	4.1	-1483	15.0	20.3	-5.3	0.0	-20.3	0.0	
4.35156	4.1	-1483	14.8	20.2	-5.4	0.0	-20.2	0.0	
4.35547	4.1	-1483	14.6	20.0	-5.4	0.0	-20.0	0.0	
4.35938	4.5	-1483	14.4	20.0	-5.6	0.0	-20.0	0.0	
4.36328	4.7	-1482	14.2	19.9	-5.7	0.0	-19.9	0.0	
4.36719	4.7	-1482	14.1	19.8	-5.7	0.0	-19.8	0.0	
4.37109	4.6	-1482	13.9	19.6	-5.7	0.0	-19.6	0.0	
4.37500	4.4	-1481	13.7	19.5	-5.8	0.0	-19.5	0.0	
4.37891	4.3	-1481	13.5	19.4	-5.9	0.0	-19.4	0.0	
4.38281	3.9	-1481	13.4	19.3	-5.9	0.0	-19.3	0.0	
4.38672	3.4	-1481	13.3	19.2	-5.9	0.0	-19.2	0.0	
4.39062	3.2	-1480	13.2	19.1	-5.9	0.0	-19.1	0.0	
4.39453	3.0	-1480	13.1	19.0	-5.9	0.0	-19.0	0.0	
4.39844	2.7	-1480	12.9	18.9	-6.0	0.0	-18.9	0.0	
4.40234	2.5	-1480	12.8	18.9	-6.1	0.0	-18.9	0.0	
4.40625	2.4	-1480	12.7	18.7	-6.0	0.0	-18.7	0.0	
4.41016	2.4	-1480	12.6	18.6	-6.0	0.0	-18.6	0.0	
4.41406	2.6	-1479	12.4	18.5	-6.1	0.0	-18.5	0.0	
4.41797	2.8	-1479	12.3	18.4	-6.1	0.0	-18.4	0.0	
4.42188	3.1	-1479	12.1	18.4	-6.3	0.0	-18.4	0.0	
4.42578	3.6	-1479	12.0	18.2	-6.2	0.0	-18.2	0.0	
4.42969	3.7	-1479	11.8	18.1	-6.3	0.0	-18.1	0.0	
4.43359	4.0	-1478	11.6	18.0	-6.4	0.0	-18.0	0.0	
4.43750	4.2	-1478	11.5	17.9	-6.4	0.0	-17.9	0.0	
4.44141	4.3	-1478	11.3	17.8	-6.5	0.0	-17.8	0.0	
4.44531	4.4	-1477	11.1	17.7	-6.6	0.0	-17.7	0.0	
4.44922	4.5	-1477	11.0	17.5	-6.5	0.0	-17.5	0.0	
4.45312	4.2	-1477	10.8	17.4	-6.6	0.0	-17.4	0.0	
4.45703	4.0	-1477	10.6	17.3	-6.7	0.0	-17.3	0.0	
4.46094	3.8	-1476	10.6	17.2	-6.6	0.0	-17.2	0.0	
4.46484	3.4	-1476	10.4	17.0	-6.6	0.0	-17.0	0.0	
4.46875	3.2	-1476	10.3	16.9	-6.6	0.0	-16.9	0.0	
4.47266	3.0	-1476	10.2	16.8	-6.6	0.0	-16.8	0.0	
4.47656	2.7	-1476	10.1	16.7	-6.6	0.0	-16.7	0.0	
4.48047	2.0	-1475	10.0	16.6	-6.6	0.0	-16.6	0.0	
4.48438	1.6	-1475	10.0	16.4	-6.4	0.0	-16.4	0.0	
4.48828	1.2	-1475	9.9	16.4	-6.5	0.0	-16.4	0.0	
4.49219	0.9	-1475	9.9	16.2	-6.3	0.0	-16.2	0.0	
4.49609	0.8	-1475	9.8	16.1	-6.3	0.0	-16.1	0.0	
4.50000	0.6	-1475	9.7	16.0	-6.3	0.0	-16.0	0.0	
4.50391	0.4	-1475	9.6	15.9	-6.3	0.0	-15.9	0.0	
4.50781	0.5	-1475	9.6	15.7	-6.1	0.0	-15.7	0.0	
4.51172	0.5	-1475	9.6	15.6	-6.0	0.0	-15.6	0.0	
4.51562	0.4	-1475	9.5	15.5	-6.0	0.0	-15.5	0.0	
4.51953	0.4	-1475	9.4	15.3	-5.9	0.0	-15.3	0.0	
4.52344	0.5	-1475	9.5	15.2	-5.7	0.0	-15.2	0.0	
4.52734	0.5	-1475	9.4	15.1	-5.7	0.0	-15.1	0.0	
4.53125	0.5	-1475	9.3	14.9	-5.6	0.0	-14.9	0.0	
4.53516	0.4	-1475	9.3	14.8	-5.5	0.0	-14.8	0.0	
4.53906	0.2	-1475	9.3	14.7	-5.4	0.0	-14.7	0.0	
4.54297	0.1	-1475	9.2	14.6	-5.4	0.0	-14.6	0.0	
4.54688	0.1	-1475	9.2	14.5	-5.3	0.0	-14.5	0.0	
4.55078	0.0	-1475	9.2	14.4	-5.2	0.0	-14.4	0.0	
4.55469	-0.2	-1475	9.2	14.3	-5.1	0.0	-14.3	0.0	
4.55859	-0.2	-1475	9.2	14.2	-5.0	0.0	-14.2	0.0	
4.56250	-0.2	-1475	9.2	14.2	-5.0	0.0	-14.2	0.0	
4.56641	-0.3	-1475	9.2	14.1	-4.9	0.0	-14.1	0.0	
4.57031	-0.2	-1475	9.2	14.0	-4.8	0.0	-14.0	0.0	
4.57422	-0.1	-1475	9.2	14.0	-4.8	0.0	-14.0	0.0	
4.57812	-0.3	-1475	9.1	13.8	-4.7	0.0	-13.8	0.0	
4.58203	-0.3	-1475	9.1	13.7	-4.6	0.0	-13.7	0.0	
4.58594	-0.1	-1475	9.1	13.7	-4.6	0.0	-13.7	0.0	
4.58984	-0.1	-1475	9.1	13.7	-4.6	0.0	-13.7	0.0	
4.59375	0.0	-1475	9.0	13.6	-4.6	0.0	-13.6	0.0	
4.59766	0.3	-1475	8.9	13.5	-4.6	0.0	-13.5	0.0	
4.60156	0.5	-1475	8.9	13.5	-4.6	0.0	-13.5	0.0	
4.60547	0.7	-1475	8.8	13.4	-4.6	0.0	-13.4	0.0	
4.60938	1.1	-1475	8.7	13.3	-4.6	0.0	-13.3	0.0	
4.61328	1.4	-1475	8.6	13.2	-4.6	0.0	-13.2	0.0	
4.61719	1.7	-1475	8.5	13.1	-4.6	0.0	-13.1	0.0	
4.62109	2.0	-1474	8.3	13.1	-4.8	0.0	-13.1	0.0	
4.62500	1.9	-1474	8.3	13.0	-4.7	0.0	-13.0	0.0	
4.62891	1.6	-1474	8.3	12.9	-4.6	0.0	-12.9	0.0	
4.63281	1.3	-1474	8.3	12.8	-4.5	0.0	-12.8	0.0	
4.63672	0.7	-1474	8.3	12.8	-4.5	0.0	-12.8	0.0	
4.64062	-0.1	-1474	8.2	12.7	-4.5	0.0	-12.7	0.0	
4.64453	-0.5	-1474	8.2	12.6	-4.4	0.0	-12.6	0.0	
4.64844	-0.6	-1474	8.3	12.5	-4.2	0.0	-12.5	0.0	
4.65234	-0.8	-1474	8.3	12.4	-4.1	0.0	-12.4	0.0	
4.65625	-0.7	-1474	8.3	12.4	-4.1	0.0	-12.4	0.0	
4.66016	-0.4	-1474	8.4	12.3	-3.9	0.0	-12.3	0.0	
4.66406	-0.5	-1474	8.4	12.3	-3.9	0.0	-12.3	0.0	
4.66797	-0.7	-1474	8.4	12.2	-3.8	0.0	-12.2	0.0	
4.67188	-0.7	-1474	8.5	12.1	-3.6	0.0	-12.1	0.0	
4.67578	-0.7	-1474	8.5	12.1	-3.6	0.0	-12.1	0.0	
4.67969	-0.7	-1474	8.6	12.0	-3.4	0.0	-12.0	0.0	
4.68359	-0.5	-1474	8.6	12.0	-3.4	0.0	-12.0	0.0	
4.68750	-0.3	-1475	8.5	12.0	-3.5	0.0	-12.0	0.0	
4.69141	-0.3	-1475	8.5	12.0	-3.5	0.0	-12.0	0.0	
4.69531	-0.2	-1475	8.6	11.9	-3.3	0.0	-11.9	0.0	
4.69922	-0.2	-1475	8.6	11.9	-3.3	0.0	-11.9	0.0	
4.70312	-0.4	-1475	8.5	11.8	-3.3	0.0	-11.8	0.0	
4.70703	-0.4	-1475	8.6	11.8	-3.2	0.0	-11.8	0.0	
4.71094	-0.2	-1475	8.6	11.8	-3.2	0.0	-11.8	0.0	
4.71484	-0.3	-1475	8.5	11.7	-3.2	0.0	-11.7	0.0	
4.71875	-0.3	-1475	8.5	11.7	-3.2	0.0	-11.7	0.0	
4.72266	-0.1	-1475	8.5	11.7	-3.2	0.0	-11.7	0.0	
4.72656	-0.2	-1475	8.5	11.7	-3.2	0.0	-11.7	0.0	
4.73047	-0.3	-1475	8.5	11.6	-3.1	0.0	-11.6	0.0	
4.73438	-0.1	-1475	8.5	11.6	-3.1	0.0	-11.6	0.0	
4.73828	-0.2	-1475	8.5	11.6	-3.1	0.0	-11.6	0.0	
4.74219	-0.2	-1475	8.4	11.5	-3.1	0.0	-11.5	0.0	
4.74609	-0.3	-1475	8.4	11.5	-3.1	0.0	-11.5	0.0	
4.75000	-0.2	-1475	8.4	11.5	-3.1	0.0	-11.5	0.0	
4.75391	-0.1	-1475	8.4	11.5	-3.1	0.0	-11.5	0.0	
4.75781	-0.2	-1475	8.3	11.4	-3.1	0.0	-11.4	0.0	
4.76172	-0.2	-1475	8.3	11.4	-3.1	0.0	-11.4	0.0	
4.76562	-0.3	-1475	8.3	11.4	-3.1	0.0	-11.4	0.0	
4.76953	-0.3	-1475	8.3	11.4	-3.1	0.0	-11.4	0.0	
4.77344	-0.2	-1475	8.3	11.4	-3.1	0.0	-11.4	0.0	
4.77734	-0.2	-1475	8.2	11.3	-3.1	0.0	-11.3	0.0	
4.78125	-0.2	-1475	8.2	11.3	-3.1	0.0	-11.3	0.0	
4.78516	-0.3	-1475	8.3	11.3	-3.0	0.0	-11.3	0.0	
4.78906	-0.4	-1475	8.3	11.2	-2.9	0.0	-11.2	0.0	
4.79297	-0.4	-1475	8.2	11.2	-3.0	0.0	-11.2	0.0	
4.79688	-0.4	-1475	8.3	11.2	-2.9	0.0	-11.2	0.0	
4.80078	-0.5	-1475	8.3	11.2	-2.9	0.0	-11.2	0.0	
4.80469	-0.6	-1475	8.2	11.1	-2.9	0.0	-11.1	0.0	
4.80859	-0.5	-1475	8.3	11.2	-2.9	0.0	-11.2	0.0	
4.81250	-0.5	-1475	8.3	11.2	-2.9	0.0	-11.2	0.0	
4.81641	-0.6	-1475	8.3	11.2	-2.9	0.0	-11.2	0.0	
4.82031	-0.6	-1475	8.4	11.2	-2.8	0.0	-11.2	0.0	
4.82422	-0.5	-1475	8.4	11.2	-2.8	0.0	-11.2	0.0	
4.82812	-0.6	-1475	8.5	11.3	-2.8	0.0	-11.3	0.0	
4.83203	-0.6	-1475	8.5	11.3	-2.8	0.0	-11.3	0.0	
4.83594	-0.4	-1475	8.5	11.4	-2.9	0.0	-11.4	0.0	
4.83984	-0.3	-1475	8.5	11.4	-2.9	0.0	-11.4	0.0	
4.84375	-0.3	-1475	8.5	11.4	-2.9	0.0	-11.4	0.0	
4.84766	-0.2	-1475	8.5	11.5	-3.0	0.0	-11.5	0.0	
4.85156	-0.3	-1475	8.5	11.5	-3.0	0.0	-11.5	0.0	
4.85547	-0.3	-1475	8.5	11.5	-3.0	0.0	-11.5	0.0	
4.85938	-0.4	-1475	8.5	11.5	-3.0	0.0	-11.5	0.0	
4.86328	-0.5	-1475	8.5	11.6	-3.1	0.0	-11.6	0.0	
4.86719	-0.5	-1476	8.6	11.5	-2.9	0.0	-11.5	0.0	
4.87109	-0.3	-1476	8.5	11.5	-3.0	0.0	-11.5	0.0	
4.87500	-0.2	-1476	8.5	11.6	-3.1	0.0	-11.6	0.0	
4.87891	-0.4	-1476	8.5	11.6	-3.1	0.0	-11.6	0.0	
4.88281	-0.5	-1476	8.6	11.7	-3.1	0.0	-11.7	0.0	
4.88672	-0.4	-1476	8.6	11.7	-3.1	0.0	-11.7	0.0	
4.89062	-0.4	-1476	8.6	11.7	-3.1	0.0	-11.7	0.0	
4.89453	-0.4	-1476	8.6	11.8	-3.2	0.0	-11.8	0.0	
4.89844	-0.4	-1476	8.6	11.9	-3.3	0.0	-11.9	0.0	
4.90234	-0.5	-1476	8.6	11.9	-3.3	0.0	-11.9	0.0	
4.90625	-0.6	-1476	8.6	11.9	-3.3	0.0	-11.9	0.0	
4.91016	-0.4	-1476	8.7	11.9	-3.2	0.0	-11.9	0.0	
4.91406	-0.5	-1476	8.7	12.0	-3.3	0.0	-12.0	0.0	
4.91797	-0.8	-1476	8.7	12.0	-3.3	0.0	-12.0	0.0	
4.92188	-0.6	-1476	8.8	12.1	-3.3	0.0	-12.1	0.0	
4.92578	-0.4	-1476	8.9	12.1	-3.2	0.0	-12.1	0.0	
4.92969	-0.6	-1476	8.8	12.2	-3.4	0.0	-12.2	0.0	
4.93359	-0.6	-1476	8.8	12.2	-3.4	0.0	-12.2	0.0	
4.93750	-0.4	-1476	8.9	12.2	-3.3	0.0	-12.2	0.0	
4.94141	-0.4	-1476	8.9	12.2	-3.3	0.0	-12.2	0.0	
4.94531	-0.4	-1476	8.9	12.3	-3.4	0.0	-12.3	0.0	
4.94922	-0.3	-1476	8.9	12.3	-3.4	0.0	-12.3	0.0	
4.95312	-0.4	-1476	8.9	12.4	-3.5	0.0	-12.4	0.0	
4.95703	-0.4	-1476	8.9	12.4	-3.5	0.0	-12.4	0.0	
4.96094	-0.2	-1476	8.9	12.4	-3.5	0.0	-12.4	0.0	
4.96484	-0.2	-1476	8.9	12.5	-3.6	0.0	-12.5	0.0	
4.96875	-0.3	-1476	8.9	12.5	-3.6	0.0	-12.5	0.0	
4.97266	-0.3	-1476	8.8	12.5	-3.7	0.0	-12.5	0.0	
4.97656	-0.2	-1476	8.9	12.5	-3.6	0.0	-12.5	0.0	
4.98047	-0.2	-1476	8.9	12.5	-3.6	0.0	-12.5	0.0	
4.98438	-0.3	-1476	8.8	12.5	-3.7	0.0	-12.5	0.0	
4.98828	-0.4	-1476	8.8	12.5	-3.7	0.0	-12.5	0.0	
4.99219	-0.4	-1476	8.8	12.5	-3.7	0.0	-12.5	0.0	
4.99609	-0.2	-1476	8.8	12.5	-3.7	0.0	-12.5	0.0	
5.00000	-0.3	-1476	8.8	12.5	-3.7	0.0	-12.5	0.0	
5.00391	-0.5	-1476	8.8	12.5	-3.7	0.0	-12.5	0.0	
5.00781	-0.5	-1476	8.8	12.5	-3.7	0.0	-12.5	0.0	
5.01172	-0.3	-1476	8.8	12.5	-3.7	0.0	-12.5	0.0	
5.01562	-0.4	-1476	8.8	12.5	-3.7	0.0	-12.5	0.0	
5.01953	-0.5	-1477	8.8	12.5	-3.7	0.0	-12.5	0.0	
5.02344	-0.5	-1477	8.8	12.5	-3.7	0.0	-12.5	0.0	
5.02734	-0.5	-1477	8.8	12.5	-3.7	0.0	-12.5	0.0	
5.03125	-0.5	-1477	8.8	12.5	-3.7	0.0	-12.5	0.0	
5.03516	-0.4	-1477	8.9	12.5	-3.6	0.0	-12.5	0.0	
5.03906	-0.2	-1477	8.9	12.4	-3.5	0.0	-12.4	0.0	
5.04297	-0.3	-1477	8.8	12.4	-3.6	0.0	-12.4	0.0	
5.04688	-0.4	-1477	8.9	12.4	-3.5	0.0	-12.4	0.0	
5.05078	-0.3	-1477	8.9	12.3	-3.4	0.0	-12.3	0.0	
5.05469	-0.5	-1477	8.9	12.3	-3.4	0.0	-12.3	0.0	
5.05859	-0.5	-1477	8.9	12.3	-3.4	0.0	-12.3	0.0	
5.06250	-0.3	-1477	8.9	12.3	-3.4	0.0	-12.3	0.0	
5.06641	-0.4	-1477	8.9	12.2	-3.3	0.0	-12.2	0.0	
5.07031	-0.5	-1477	8.9	12.2	-3.3	0.0	-12.2	0.0	
5.07422	-0.3	-1477	8.9	12.2	-3.3	0.0	-12.2	0.0	
5.07812	-0.2	-1477	8.9	12.2	-3.3	0.0	-12.2	0.0	
5.08203	-0.4	-1477	8.9	12.2	-3.3	0.0	-12.2	0.0	
5.08594	-0.4	-1477	8.9	12.1	-3.2	0.0	-12.1	0.0	
5.08984	-0.4	-1477	8.8	12.1	-3.3	0.0	-12.1	0.0	
5.09375	-0.4	-1477	8.9	12.1	-3.2	0.0	-12.1	0.0	
5.09766	-0.2	-1477	8.9	12.0	-3.1	0.0	-12.0	0.0	
5.10156	-0.2	-1477	8.9	12.1	-3.2	0.0	-12.1	0.0	
5.10547	-0.3	-1477	8.8	12.1	-3.3	0.0	-12.1	0.0	
5.10938	-0.2	-1477	8.8	12.1	-3.3	0.0	-12.1	0.0	
5.11328	-0.2	-1477	8.8	12.1	-3.3	0.0	-12.1	0.0	
5.11719	-0.2	-1477	8.7	12.0	-3.3	0.0	-12.0	0.0	
5.12109	-0.1	-1477	8.6	12.0	-3.4	0.0	-12.0	0.0	
5.12500	0.4	-1477	8.5	12.0	-3.5	0.0	-12.0	0.0	
5.12891	0.6	-1477	8.5	12.0	-3.5	0.0	-12.0	0.0	
5.13281	0.7	-1477	8.4	11.9	-3.5	0.0	-11.9	0.0	
5.13672	1.1	-1477	8.3	11.8	-3.5	0.0	-11.8	0.0	
5.14062	1.1	-1477	8.3	11.8	-3.5	0.0	-11.8	0.0	
5.14453	0.9	-1477	8.2	11.7	-3.5	0.0	-11.7	0.0	
5.14844	0.9	-1477	8.1	11.7	-3.6	0.0	-11.7	0.0	
5.15234	0.5	-1477	8.2	11.6	-3.4	0.0	-11.6	0.0	
5.15625	0.0	-1477	8.1	11.6	-3.5	0.0	-11.6	0.0	
5.16016	-0.3	-1477	8.1	11.5	-3.4	0.0	-11.5	0.0	
5.16406	-0.6	-1477	8.1	11.5	-3.4	0.0	-11.5	0.0	
5.16797	-0.7	-1477	8.1	11.4	-3.3	0.0	-11.4	0.0	
5.17188	-0.7	-1477	8.1	11.4	-3.3	0.0	-11.4	0.0	
5.17578	-0.5	-1477	8.2	11.4	-3.2	0.0	-11.4	0.0	
5.17969	-0.5	-1477	8.2	11.3	-3.1	0.0	-11.3	0.0	
5.18359	-0.6	-1477	8.2	11.3	-3.1	0.0	-11.3	0.0	
5.18750	-0.6	-1477	8.3	11.3	-3.0	0.0	-11.3	0.0	
5.19141	-0.6	-1477	8.3	11.2	-2.9	0.0	-11.2	0.0	
5.19531	-0.6	-1477	8.3	11.1	-2.8	0.0	-11.1	0.0	
5.19922	-0.5	-1477	8.3	11.1	-2.8	0.0	-11.1	0.0	
5.20312	-0.5	-1477	8.3	11.1	-2.8	0.0	-11.1	0.0	
5.20703	-0.4	-1477	8.3	11.1	-2.8	0.0	-11.1	0.0	
5.21094	-0.1	-1477	8.3	11.1	-2.8	0.0	-11.1	0.0	
5.21484	-0.2	-1477	8.3	11.1	-2.8	0.0	-11.1	0.0	
5.21875	-0.5	-1477	8.3	11.1	-2.8	0.0	-11.1	0.0	
5.22266	-0.5	-1477	8.3	11.0	-2.7	0.0	-11.0	0.0	
5.22656	-0.4	-1477	8.3	11.0	-2.7	0.0	-11.0	0.0	
5.23047	-0.4	-1477	8.3	11.0	-2.7	0.0	-11.0	0.0	
5.23438	-0.2	-1477	8.3	11.0	-2.7	0.0	-11.0	0.0	
5.23828	-0.3	-1477	8.3	11.0	-2.7	0.0	-11.0	0.0	
5.24219	-0.4	-1477	8.2	10.9	-2.7	0.0	-10.9	0.0	
5.24609	-0.3	-1477	8.2	10.9	-2.7	0.0	-10.9	0.0	
5.25000	-0.2	-1477	8.2	11.0	-2.8	0.0	-11.0	0.0	
5.25391	-0.3	-1477	8.2	10.9	-2.7	0.0	-10.9	0.0	
5.25781	-0.3	-1477	8.2	10.9	-2.7	0.0	-10.9	0.0	
5.26172	-0.2	-1477	8.2	10.9	-2.7	0.0	-10.9	0.0	
5.26562	-0.4	-1477	8.2	10.9	-2.7	0.0	-10.9	0.0	
5.26953	-0.5	-1477	8.2	10.9	-2.7	0.0	-10.9	0.0	
5.27344	-0.4	-1478	8.2	10.9	-2.7	0.0	-10.9	0.0	
5.27734	-0.3	-1478	8.2	10.8	-2.6	0.0	-10.8	0.0	
5.28125	-0.4	-1478	8.2	10.8	-2.6	0.0	-10.8	0.0	
5.28516	-0.3	-1478	8.2	10.8	-2.6	0.0	-10.8	0.0	
5.28906	-0.3	-1478	8.2	10.8	-2.6	0.0	-10.8	0.0	
5.29297	-0.4	-1478	8.3	10.8	-2.5	0.0	-10.8	0.0	
5.29688	-0.4	-1478	8.3	10.8	-2.5	0.0	-10.8	0.0	
5.30078	-0.4	-1478	8.3	10.8	-2.5	0.0	-10.8	0.0	
5.30469	-0.7	-1478	8.3	10.8	-2.5	0.0	-10.8	0.0	
5.30859	-0.6	-1478	8.3	10.8	-2.5	0.0	-10.8	0.0	
5.31250	-0.5	-1478	8.4	10.9	-2.5	0.0	-10.9	0.0	
5.31641	-0.8	-1478	8.4	10.8	-2.4	0.0	-10.8	0.0	
5.32031	-0.8	-1478	8.4	10.8	-2.4	0.0	-10.8	0.0	
5.32422	-0.7	-1478	8.5	10.9	-2.4	0.0	-10.9	0.0	
5.32812	-0.8	-1478	8.6	10.8	-2.2	0.0	-10.8	0.0	
5.33203	-0.8	-1478	8.6	10.9	-2.3	0.0	-10.9	0.0	
5.33594	-0.7	-1478	8.7	10.9	-2.2	0.0	-10.9	0.0	
5.33984	-0.8	-1478	8.7	11.0	-2.3	0.0	-11.0	0.0	
5.34375	-1.0	-1478	8.8	11.0	-2.2	0.0	-11.0	0.0	
5.34766	-0.9	-1478	8.8	11.0	-2.2	0.0	-11.0	0.0	
5.35156	-0.8	-1478	8.8	11.0	-2.2	0.0	-11.0	0.0	
5.35547	-0.8	-1478	8.9	11.1	-2.2	0.0	-11.1	0.0	
5.35938	-0.4	-1478	8.9	11.2	-2.3	0.0	-11.2	0.0	
5.36328	-0.3	-1478	8.9	11.2	-2.3	0.0	-11.2	0.0	
5.36719	-0.5	-1478	8.9	11.3	-2.4	0.0	-11.3	0.0	
5.37109	-0.3	-1478	8.9	11.4	-2.5	0.0	-11.4	0.0	
5.37500	-0.3	-1478	8.9	11.4	-2.5	0.0	-11.4	0.0	
5.37891	-0.4	-1479	8.9	11.5	-2.6	0.0	-11.5	0.0	
5.38281	-0.4	-1479	8.9	11.4	-2.5	0.0	-11.4	0.0	
5.38672	-0.5	-1479	9.0	11.5	-2.5	0.0	-11.5	0.0	
5.39062	-0.4	-1479	9.0	11.6	-2.6	0.0	-11.6	0.0	
5.39453	-0.4	-1479	8.9	11.6	-2.7	0.0	-11.6	0.0	
5.39844	-0.5	-1479	9.0	11.6	-2.6	0.0	-11.6	0.0	
5.40234	-0.5	-1479	9.0	11.6	-2.6	0.0	-11.6	0.0	
5.40625	-0.5	-1479	9.0	11.7	-2.7	0.0	-11.7	0.0	
5.41016	-0.6	-1479	9.0	11.7	-2.7	0.0	-11.7	0.0	
5.41406	-0.6	-1479	9.1	11.7	-2.6	0.0	-11.7	0.0	
5.41797	-0.7	-1479	9.1	11.7	-2.6	0.0	-11.7	0.0	
5.42188	-0.6	-1479	9.1	11.8	-2.7	0.0	-11.8	0.0	
5.42578	-0.6	-1479	9.1	11.9	-2.8	0.0	-11.9	0.0	
5.42969	-0.7	-1479	9.1	11.9	-2.8	0.0	-11.9	0.0	
5.43359	-0.5	-1479	9.2	11.9	-2.7	0.0	-11.9	0.0	
5.43750	-0.4	-1479	9.2	12.0	-2.8	0.0	-12.0	0.0	
5.44141	-0.4	-1479	9.2	12.1	-2.9	0.0	-12.1	0.0	
5.44531	-0.5	-1479	9.2	12.1	-2.9	0.0	-12.1	0.0	
5.44922	-0.4	-1479	9.2	12.1	-2.9	0.0	-12.1	0.0	
5.45312	-0.3	-1479	9.3	12.2	-2.9	0.0	-12.2	0.0	
5.45703	-0.4	-1479	9.3	12.2	-2.9	0.0	-12.2	0.0	
5.46094	-0.3	-1479	9.2	12.3	-3.1	0.0	-12.3	0.0	
5.46484	-0.3	-1479	9.2	12.3	-3.1	0.0	-12.3	0.0	
5.46875	-0.4	-1479	9.2	12.4	-3.2	0.0	-12.4	0.0	
5.47266	-0.3	-1479	9.2	12.4	-3.2	0.0	-12.4	0.0	
5.47656	-0.4	-1479	9.2	12.4	-3.2	0.0	-12.4	0.0	
5.48047	-0.5	-1479	9.2	12.5	-3.3	0.0	-12.5	0.0	
5.48438	-0.4	-1479	9.3	12.5	-3.2	0.0	-12.5	0.0	
5.48828	-0.3	-1479	9.3	12.5	-3.2	0.0	-12.5	0.0	
5.49219	-0.4	-1479	9.2	12.5	-3.3	0.0	-12.5	0.0	
5.49609	-0.5	-1479	9.2	12.5	-3.3	0.0	-12.5	0.0	
5.50000	-0.4	-1479	9.2	12.5	-3.3	0.0	-12.5	0.0	
5.50391	-0.5	-1479	9.2	12.5	-3.3	0.0	-12.5	0.0	
5.50781	-0.4	-1479	9.3	12.6	-3.3	0.0	-12.6	0.0	
5.51172	-0.3	-1480	9.2	12.6	-3.4	0.0	-12.6	0.0	
5.51562	-0.4	-1480	9.2	12.6	-3.4	0.0	-12.6	0.0	
5.51953	-0.6	-1480	9.3	12.6	-3.3	0.0	-12.6	0.0	
5.52344	-0.4	-1480	9.3	12.6	-3.3	0.0	-12.6	0.0	
5.52734	-0.3	-1480	9.3	12.6	-3.3	0.0	-12.6	0.0	
5.53125	-0.4	-1480	9.3	12.7	-3.4	0.0	-12.7	0.0	
5.53516	-0.3	-1480	9.3	12.6	-3.3	0.0	-12.6	0.0	
5.53906	-0.4	-1480	9.3	12.6	-3.3	0.0	-12.6	0.0	
5.54297	-0.5	-1480	9.3	12.7	-3.4	0.0	-12.7	0.0	
5.54688	-0.4	-1480	9.4	12.7	-3.3	0.0	-12.7	0.0	
5.55078	-0.3	-1480	9.4	12.7	-3.3	0.0	-12.7	0.0	
5.55469	-0.4	-1480	9.3	12.7	-3.4	0.0	-12.7	0.0	
5.55859	-0.4	-1480	9.3	12.7	-3.4	0.0	-12.7	0.0	
5.56250	-0.3	-1480	9.3	12.6	-3.3	0.0	-12.6	0.0	
5.56641	-0.4	-1480	9.4	12.6	-3.2	0.0	-12.6	0.0	
5.57031	-0.5	-1480	9.4	12.6	-3.2	0.0	-12.6	0.0	
5.57422	-0.4	-1480	9.4	12.6	-3.2	0.0	-12.6	0.0	
5.57812	-0.4	-1480	9.4	12.6	-3.2	0.0	-12.6	0.0	
5.58203	-0.5	-1480	9.4	12.6	-3.2	0.0	-12.6	0.0	
5.58594	-0.4	-1480	9.4	12.6	-3.2	0.0	-12.6	0.0	
5.58984	-0.3	-1480	9.5	12.6	-3.1	0.0	-12.6	0.0	
5.59375	-0.4	-1480	9.4	12.5	-3.1	0.0	-12.5	0.0	
5.59766	-0.4	-1480	9.4	12.5	-3.1	0.0	-12.5	0.0	
5.60156	-0.3	-1480	9.5	12.5	-3.0	0.0	-12.5	0.0	
5.60547	-0.4	-1480	9.5	12.5	-3.0	0.0	-12.5	0.0	
5.60938	-0.3	-1480	9.5	12.5	-3.0	0.0	-12.5	0.0	
5.61328	-0.3	-1480	9.5	12.6	-3.1	0.0	-12.6	0.0	
5.61719	-0.5	-1480	9.5	12.5	-3.0	0.0	-12.5	0.0	
5.62109	-0.5	-1480	9.4	12.5	-3.1	0.0	-12.5	0.0	
5.62500	-0.4	-1480	9.5	12.5	-3.0	0.0	-12.5	0.0	
5.62891	-0.4	-1480	9.5	12.5	-3.0	0.0	-12.5	0.0	
5.63281	-0.3	-1480	9.5	12.5	-3.0	0.0	-12.5	0.0	
5.63672	-0.2	-1480	9.5	12.5	-3.0	0.0	-12.5	0.0	
5.64062	-0.2	-1480	9.4	12.5	-3.1	0.0	-12.5	0.0	
5.64453	-0.1	-1480	9.3	12.5	-3.2	0.0	-12.5	0.0	
5.64844	0.1	-1480	9.2	12.4	-3.2	0.0	-12.4	0.0	
5.65234	0.3	-1480	9.1	12.3	-3.2	0.0	-12.3	0.0	
5.65625	0.5	-1480	9.1	12.3	-3.2	0.0	-12.3	0.0	
5.66016	0.7	-1480	9.0	12.3	-3.3	0.0	-12.3	0.0	
5.66406	0.6	-1480	9.0	12.3	-3.3	0.0	-12.3	0.0	
5.66797	0.2	-1480	8.9	12.2	-3.3	0.0	-12.2	0.0	
5.67188	-0.0	-1480	8.9	12.1	-3.2	0.0	-12.1	0.0	
5.67578	-0.2	-1480	8.9	12.0	-3.1	0.0	-12.0	0.0	
5.67969	-0.5	-1480	8.9	12.0	-3.1	0.0	-12.0	0.0	
5.68359	-0.7	-1480	8.9	12.0	-3.1	0.0	-12.0	0.0	
5.68750	-0.5	-1480	8.9	12.0	-3.1	0.0	-12.0	0.0	
5.69141	-0.6	-1480	9.0	12.0	-3.0	0.0	-12.0	0.0	
5.69531	-0.7	-1480	9.0	11.9	-2.9	0.0	-11.9	0.0	
5.69922	-0.5	-1480	9.0	11.9	-2.9	0.0	-11.9	0.0	
5.70312	-0.5	-1480	9.0	11.9	-2.9	0.0	-11.9	0.0	
5.70703	-0.7	-1481	9.1	11.8	-2.7	0.0	-11.8	0.0	
5.71094	-0.5	-1481	9.1	11.8	-2.7	0.0	-11.8	0.0	
5.71484	-0.3	-1481	9.1	11.8	-2.7	0.0	-11.8	0.0	
5.71875	-0.3	-1481	9.1	11.8	-2.7	0.0	-11.8	0.0	
5.72266	-0.3	-1481	9.1	11.7	-2.6	0.0	-11.7	0.0	
5.72656	-0.3	-1481	9.1	11.7	-2.6	0.0	-11.7	0.0	
5.73047	-0.3	-1481	9.1	11.7	-2.6	0.0	-11.7	0.0	
5.73438	-0.4	-1481	9.1	11.7	-2.6	0.0	-11.7	0.0	
5.73828	-0.4	-1481	9.1	11.7	-2.6	0.0	-11.7	0.0	
5.74219	-0.4	-1481	9.1	11.7	-2.6	0.0	-11.7	0.0	
5.74609	-0.4	-1481	9.0	11.7	-2.7	0.0	-11.7	0.0	
5.75000	-0.3	-1481	9.1	11.7	-2.6	0.0	-11.7	0.0	
5.75391	-0.3	-1481	9.0	11.6	-2.6	0.0	-11.6	0.0	
5.75781	-0.3	-1481	9.0	11.6	-2.6	0.0	-11.6	0.0	
5.76172	-0.3	-1481	9.0	11.6	-2.6	0.0	-11.6	0.0	
5.76562	-0.3	-1481	9.0	11.7	-2.7	0.0	-11.7	0.0	
5.76953	-0.4	-1481	8.9	11.6	-2.7	0.0	-11.6	0.0	
5.77344	-0.2	-1481	9.0	11.6	-2.6	0.0	-11.6	0.0	
5.77734	-0.2	-1481	8.9	11.6	-2.7	0.0	-11.6	0.0	
5.78125	-0.3	-1481	8.9	11.6	-2.7	0.0	-11.6	0.0	
5.78516	-0.3	-1481	8.9	11.6	-2.7	0.0	-11.6	0.0	
5.78906	-0.3	-1481	8.9	11.6	-2.7	0.0	-11.6	0.0	
5.79297	-0.5	-1481	8.9	11.5	-2.6	0.0	-11.5	0.0	
5.79688	-0.4	-1481	8.9	11.5	-2.6	0.0	-11.5	0.0	
5.80078	-0.4	-1481	8.9	11.5	-2.6	0.0	-11.5	0.0	
5.80469	-0.4	-1481	8.9	11.5	-2.6	0.0	-11.5	0.0	
5.80859	-0.2	-1481	8.9	11.5	-2.6	0.0	-11.5	0.0	
5.81250	-0.3	-1481	8.9	11.4	-2.5	0.0	-11.4	0.0	
5.81641	-0.5	-1481	8.9	11.4	-2.5	0.0	-11.4	0.0	
5.82031	-0.5	-1481	8.9	11.4	-2.5	0.0	-11.4	0.0	
5.82422	-0.4	-1481	8.9	11.4	-2.5	0.0	-11.4	0.0	
5.82812	-0.5	-1481	8.9	11.4	-2.5	0.0	-11.4	0.0	
5.83203	-0.5	-1481	8.9	11.4	-2.5	0.0	-11.4	0.0	
5.83594	-0.4	-1481	9.0	11.4	-2.4	0.0	-11.4	0.0	
5.83984	-0.5	-1481	9.0	11.4	-2.4	0.0	-11.4	0.0	
5.84375	-0.7	-1481	9.0	11.4	-2.4	0.0	-11.4	0.0	
5.84766	-0.8	-1481	9.1	11.4	-2.3	0.0	-11.4	0.0	
5.85156	-0.8	-1481	9.2	11.5	-2.3	0.0	-11.5	0.0	
5.85547	-1.0	-1482	9.2	11.5	-2.3	0.0	-11.5	0.0	
5.85938	-0.9	-1482	9.3	11.6	-2.3	0.0	-11.6	0.0	
5.86328	-0.9	-1482	9.3	11.6	-2.3	0.0	-11.6	0.0	
5.86719	-1.1	-1482	9.3	11.6	-2.3	0.0	-11.6	0.0	
5.87109	-1.0	-1482	9.4	11.6	-2.2	0.0	-11.6	0.0	
5.87500	-0.8	-1482	9.4	11.7	-2.3	0.0	-11.7	0.0	
5.87891	-0.6	-1482	9.5	11.7	-2.2	0.0	-11.7	0.0	
5.88281	-0.4	-1482	9.5	11.8	-2.3	0.0	-11.8	0.0	
5.88672	-0.3	-1482	9.5	11.9	-2.4	0.0	-11.9	0.0	
5.89062	-0.4	-1482	9.5	11.9	-2.4	0.0	-11.9	0.0	
5.89453	-0.3	-1482	9.4	12.0	-2.6	0.0	-12.0	0.0	
5.89844	-0.3	-1482	9.5	12.0	-2.5	0.0	-12.0	0.0	
5.90234	-0.5	-1482	9.5	12.1	-2.6	0.0	-12.1	0.0	
5.90625	-0.6	-1482	9.5	12.1	-2.6	0.0	-12.1	0.0	
5.91016	-0.3	-1482	9.5	12.1	-2.6	0.0	-12.1	0.0	
5.91406	-0.3	-1482	9.5	12.1	-2.6	0.0	-12.1	0.0	
5.91797	-0.5	-1482	9.5	12.2	-2.7	0.0	-12.2	0.0	
5.92188	-0.4	-1482	9.5	12.2	-2.7	0.0	-12.2	0.0	
5.92578	-0.4	-1482	9.5	12.2	-2.7	0.0	-12.2	0.0	
5.92969	-0.4	-1482	9.5	12.2	-2.7	0.0	-12.2	0.0	
5.93359	-0.4	-1482	9.5	12.3	-2.8	0.0	-12.3	0.0	
5.93750	-0.5	-1482	9.6	12.3	-2.7	0.0	-12.3	0.0	
5.94141	-0.6	-1482	9.5	12.3	-2.8	0.0	-12.3	0.0	
5.94531	-0.5	-1482	9.6	12.4	-2.8	0.0	-12.4	0.0	
5.94922	-0.6	-1482	9.6	12.4	-2.8	0.0	-12.4	0.0	
5.95312	-0.5	-1482	9.7	12.4	-2.7	0.0	-12.4	0.0	
5.95703	-0.4	-1482	9.7	12.5	-2.8	0.0	-12.5	0.0	
5.96094	-0.5	-1482	9.7	12.6	-2.9	0.0	-12.6	0.0	
5.96484	-0.5	-1482	9.7	12.6	-2.9	0.0	-12.6	0.0	
5.96875	-0.3	-1483	9.7	12.6	-2.9	0.0	-12.6	0.0	
5.97266	-0.4	-1483	9.7	12.7	-3.0	0.0	-12.7	0.0	
5.97656	-0.4	-1483	9.7	12.7	-3.0	0.0	-12.7	0.0	
5.98047	-0.3	-1483	9.8	12.7	-2.9	0.0	-12.7	0.0	
5.98438	-0.3	-1483	9.8	12.7	-2.9	0.0	-12.7	0.0	
5.98828	-0.3	-1483	9.7	12.8	-3.1	0.0	-12.8	0.0	
5.99219	-0.5	-1483	9.8	12.9	-3.1	0.0	-12.9	0.0	
5.99609	-0.5	-1483	9.7	12.9	-3.2	0.0	-12.9	0.0	
6.00000	-0.3	-1483	9.7	12.9	-3.2	0.0	-12.9	0.0	
6.00391	-0.4	-1483	9.7	12.9	-3.2	0.0	-12.9	0.0	
6.00781	-0.4	-1483	9.7	12.9	-3.2	0.0	-12.9	0.0	
6.01172	-0.2	-1483	9.7	12.9	-3.2	0.0	-12.9	0.0	
6.01562	-0.3	-1483	9.7	12.9	-3.2	0.0	-12.9	0.0	
6.01953	-0.5	-1483	9.7	13.0	-3.3	0.0	-13.0	0.0	
6.02344	-0.4	-1483	9.7	12.9	-3.2	0.0	-12.9	0.0	
6.02734	-0.5	-1483	9.7	12.9	-3.2	0.0	-12.9	0.0	
6.03125	-0.5	-1483	9.7	13.0	-3.3	0.0	-13.0	0.0	
6.03516	-0.3	-1483	9.8	13.0	-3.2	0.0	-13.0	0.0	
6.03906	-0.4	-1483	9.8	13.0	-3.2	0.0	-13.0	0.0	
6.04297	-0.6	-1483	9.8	13.0	-3.2	0.0	-13.0	0.0	
6.04688	-0.4	-1483	9.8	13.1	-3.3	0.0	-13.1	0.0	
6.05078	-0.4	-1483	9.8	13.1	-3.3	0.0	-13.1	0.0	
6.05469	-0.5	-1483	9.7	13.1	-3.4	0.0	-13.1	0.0	
6.05859	-0.4	-1483	9.8	13.1	-3.3	0.0	-13.1	0.0	
6.06250	-0.3	-1483	9.8	13.1	-3.3	0.0	-13.1	0.0	
6.06641	-0.4	-1483	9.8	13.1	-3.3	0.0	-13.1	0.0	
6.07031	-0.4	-1483	9.8	13.1	-3.3	0.0	-13.1	0.0	
6.07422	-0.4	-1483	9.8	13.1	-3.3	0.0	-13.1	0.0	
6.07812	-0.4	-1483	9.8	13.1	-3.3	0.0	-13.1	0.0	
6.08203	-0.4	-1483	9.8	13.1	-3.3	0.0	-13.1	0.0	
6.08594	-0.3	-1483	9.8	13.0	-3.2	0.0	-13.0	0.0	
6.08984	-0.3	-1483	9.8	13.0	-3.2	0.0	-13.0	0.0	
6.09375	-0.5	-1483	9.8	13.0	-3.2	0.0	-13.0	0.0	
6.09766	-0.5	-1483	9.8	13.0	-3.2	0.0	-13.0	0.0	
6.10156	-0.4	-1483	9.9	13.0	-3.1	0.0	-13.0	0.0	
6.10547	-0.4	-1483	9.8	13.0	-3.2	0.0	-13.0	0.0	
6.10938	-0.3	-1483	9.9	13.0	-3.1	0.0	-13.0	0.0	
6.11328	-0.3	-1483	9.9	12.9	-3.0	0.0	-12.9	0.0	
6.11719	-0.5	-1483	9.8	12.9	-3.1	0.0	-12.9	0.0	
6.12109	-0.2	-1484	9.8	13.0	-3.2	0.0	-13.0	0.0	
6.12500	-0.2	-1484	9.9	13.0	-3.1	0.0	-13.0	0.0	
6.12891	-0.3	-1484	9.8	13.0	-3.2	0.0	-13.0	0.0	
6.13281	-0.3	-1484	9.8	13.0	-3.2	0.0	-13.0	0.0	
6.13672	-0.2	-1484	9.8	12.9	-3.1	0.0	-12.9	0.0	
6.14062	-0.3	-1484	9.8	12.9	-3.1	0.0	-12.9	0.0	
6.14453	-0.3	-1484	9.8	12.9	-3.1	0.0	-12.9	0.0	
6.14844	-0.2	-1484	9.8	12.9	-3.1	0.0	-12.9	0.0	
6.15234	-0.2	-1484	9.7	12.9	-3.2	0.0	-12.9	0.0	
6.15625	-0.2	-1484	9.7	12.9	-3.2	0.0	-12.9	0.0	
6.16016	0.0	-1484	9.6	12.9	-3.3	0.0	-12.9	0.0	
6.16406	0.1	-1484	9.5	12.8	-3.3	0.0	-12.8	0.0	
6.16797	0.2	-1484	9.5	12.8	-3.3	0.0	-12.8	0.0	
6.17188	0.6	-1484	9.4	12.8	-3.4	0.0	-12.8	0.0	
6.17578	0.7	-1484	9.3	12.7	-3.4	0.0	-12.7	0.0	
6.17969	0.5	-1484	9.2	12.6	-3.4	0.0	-12.6	0.0	
6.18359	0.5	-1483	9.3	12.6	-3.3	0.0	-12.6	0.0	
6.18750	0.2	-1483	9.2	12.6	-3.4	0.0	-12.6	0.0	
6.19141	-0.3	-1483	9.2	12.5	-3.3	0.0	-12.5	0.0	
6.19531	-0.5	-1484	9.2	12.4	-3.2	0.0	-12.4	0.0	
6.19922	-0.6	-1484	9.2	12.4	-3.2	0.0	-12.4	0.0	
6.20312	-0.7	-1484	9.2	12.4	-3.2	0.0	-12.4	0.0	
6.20703	-0.6	-1484	9.3	12.3	-3.0	0.0	-12.3	0.0	
6.21094	-0.5	-1484	9.3	12.3	-3.0	0.0	-12.3	0.0	
6.21484	-0.6	-1484	9.2	12.2	-3.0	0.0	-12.2	0.0	
6.21875	-0.7	-1484	9.3	12.2	-2.9	0.0	-12.2	0.0	
6.22266	-0.7	-1484	9.3	12.2	-2.9	0.0	-12.2	0.0	
6.22656	-0.5	-1484	9.3	12.1	-2.8	0.0	-12.1	0.0	
6.23047	-0.5	-1484	9.3	12.1	-2.8	0.0	-12.1	0.0	
6.23438	-0.4	-1484	9.3	12.1	-2.8	0.0	-12.1	0.0	
6.23828	-0.2	-1484	9.3	12.1	-2.8	0.0	-12.1	0.0	
6.24219	-0.5	-1484	9.3	12.0	-2.7	0.0	-12.0	0.0	
6.24609	-0.4	-1484	9.3	12.0	-2.7	0.0	-12.0	0.0	
6.25000	-0.2	-1484	9.3	12.0	-2.7	0.0	-12.0	0.0	
6.25391	-0.4	-1484	9.3	12.0	-2.7	0.0	-12.0	0.0	
6.25781	-0.3	-1484	9.3	12.0	-2.7	0.0	-12.0	0.0	
6.26172	-0.1	-1484	9.3	12.0	-2.7	0.0	-12.0	0.0	
6.26562	-0.4	-1484	9.2	11.9	-2.7	0.0	-11.9	0.0	
6.26953	-0.4	-1484	9.2	11.9	-2.7	0.0	-11.9	0.0	
6.27344	-0.2	-1484	9.2	11.9	-2.7	0.0	-11.9	0.0	
6.27734	-0.3	-1484	9.2	11.9	-2.7	0.0	-11.9	0.0	
6.28125	-0.3	-1484	9.2	11.9	-2.7	0.0	-11.9	0.0	
6.28516	-0.3	-1484	9.2	11.9	-2.7	0.0	-11.9	0.0	
6.28906	-0.4	-1484	9.2	11.8	-2.6	0.0	-11.8	0.0	
6.29297	-0.3	-1484	9.1	11.8	-2.7	0.0	-11.8	0.0	
6.29688	-0.3	-1484	9.1	11.9	-2.8	0.0	-11.9	0.0	
6.30078	-0.5	-1484	9.1	11.8	-2.7	0.0	-11.8	0.0	
6.30469	-0.4	-1484	9.1	11.8	-2.7	0.0	-11.8	0.0	
6.30859	-0.2	-1484	9.1	11.8	-2.7	0.0	-11.8	0.0	
6.31250	-0.3	-1484	9.1	11.8	-2.7	0.0	-11.8	0.0	
6.31641	-0.5	-1484	9.1	11.8	-2.7	0.0	-11.8	0.0	
6.32031	-0.4	-1484	9.1	11.7	-2.6	0.0	-11.7	0.0	
6.32422	-0.3	-1484	9.1	11.7	-2.6	0.0	-11.7	0.0	
6.32812	-0.3	-1484	9.1	11.7	-2.6	0.0	-11.7	0.0	
6.33203	-0.4	-1484	9.1	11.7	-2.6	0.0	-11.7	0.0	
6.33594	-0.3	-1484	9.1	11.7	-2.6	0.0	-11.7	0.0	
6.33984	-0.4	-1484	9.1	11.7	-2.6	0.0	-11.7	0.0	
6.34375	-0.5	-1485	9.1	11.7	-2.6	0.0	-11.7	0.0	
6.34766	-0.4	-1485	9.1	11.6	-2.5	0.0	-11.6	0.0	
6.35156	-0.4	-1485	9.1	11.7	-2.6	0.0	-11.7	0.0	
6.35547	-0.6	-1485	9.2	11.7	-2.5	0.0	-11.7	0.0	
6.35938	-0.4	-1485	9.2	11.7	-2.5	0.0	-11.7	0.0	
6.36328	-0.4	-1485	9.2	11.7	-2.5	0.0	-11.7	0.0	
6.36719	-0.7	-1485	9.3	11.7	-2.4	0.0	-11.7	0.0	
6.37109	-0.5	-1485	9.4	11.7	-2.3	0.0	-11.7	0.0	
6.37500	-0.6	-1485	9.4	11.7	-2.3	0.0	-11.7	0.0	
6.37891	-0.8	-1485	9.4	11.7	-2.3	0.0	-11.7	0.0	
6.38281	-0.7	-1485	9.4	11.8	-2.4	0.0	-11.8	0.0	
6.38672	-0.7	-1485	9.5	11.8	-2.3	0.0	-11.8	0.0	
6.39062	-0.7	-1485	9.5	11.8	-2.3	0.0	-11.8	0.0	
6.39453	-0.7	-1485	9.5	11.9	-2.4	0.0	-11.9	0.0	
6.39844	-0.6	-1485	9.6	11.9	-2.3	0.0	-11.9	0.0	
6.40234	-0.5	-1485	9.6	12.0	-2.4	0.0	-12.0	0.0	
6.40625	-0.4	-1485	9.6	12.0	-2.4	0.0	-12.0	0.0	
6.41016	-0.3	-1485	9.6	12.1	-2.5	0.0	-12.1	0.0	
6.41406	-0.4	-1485	9.6	12.1	-2.5	0.0	-12.1	0.0	
6.41797	-0.4	-1485	9.6	12.2	-2.6	0.0	-12.2	0.0	
6.42188	-0.3	-1485	9.6	12.2	-2.6	0.0	-12.2	0.0	
6.42578	-0.5	-1485	9.6	12.3	-2.7	0.0	-12.3	0.0	
6.42969	-0.5	-1485	9.7	12.3	-2.6	0.0	-12.3	0.0	
6.43359	-0.3	-1485	9.6	12.2	-2.6	0.0	-12.2	0.0	
6.43750	-0.5	-1485	9.6	12.3	-2.7	0.0	-12.3	0.0	
6.44141	-0.6	-1485	9.7	12.3	-2.6	0.0	-12.3	0.0	
6.44531	-0.4	-1485	9.7	12.3	-2.6	0.0	-12.3	0.0	
6.44922	-0.5	-1485	9.7	12.4	-2.7	0.0	-12.4	0.0	
6.45312	-0.6	-1485	9.7	12.4	-2.7	0.0	-12.4	0.0	
6.45703	-0.4	-1485	9.7	12.4	-2.7	0.0	-12.4	0.0	
6.46094	-0.5	-1486	9.7	12.5	-2.8	0.0	-12.5	0.0	
6.46484	-0.6	-1486	9.8	12.5	-2.7	0.0	-12.5	0.0	
6.46875	-0.5	-1486	9.8	12.5	-2.7	0.0	-12.5	0.0	
6.47266	-0.2	-1486	10.0	12.6	-2.6	0.0	-12.6	0.0	
6.47656	-0.0	-1486	10.3	12.6	-2.3	0.0	-12.6	0.0	
6.48047	0.2	-1486	10.2	12.7	-2.5	0.0	-12.7	0.0	
6.48438	0.4	-1486	10.6	12.7	-2.1	0.0	-12.7	0.0	
6.48828	2.3	-1485	11.4	12.8	-1.4	0.0	-12.8	0.0	
6.49219	5.5	-1485	11.8	12.8	-1.0	0.0	-12.8	0.0	
6.49609	8.6	-1484	12.1	12.9	-0.8	0.0	-12.9	0.0	
6.50000	11.8	-1484	12.0	12.9	-0.9	0.0	-12.9	0.0	
6.50391	14.0	-1483	12.0	12.9	-0.9	0.0	-12.9	0.0	
