FluxView - FluxMed acquisition system
Signal file
Serial Number	:
W version:	1.20h-OX-CO2	File version:	1.13
Sampling rate:	256 Hz
Time	Flow	Volume	Paw	Pes	Ptpulm	Pga	Ptdiaf	CO2	
0.00391	-0.2	-9	10.9	13.3	-2.4	10.9	-2.4	10.9	
0.00781	-0.3	-9	10.9	13.3	-2.4	10.9	-2.4	10.9	
0.01172	-0.4	-9	10.9	13.3	-2.4	10.9	-2.4	10.9	
0.01562	-0.2	-9	10.9	13.2	-2.3	10.9	-2.3	10.9	
0.01953	-0.3	-9	10.9	13.2	-2.3	10.9	-2.3	10.9	
0.02344	-0.4	-10	10.9	13.3	-2.4	10.9	-2.4	10.9	
0.02734	-0.4	-10	10.9	13.2	-2.3	10.9	-2.3	10.9	
0.03125	-0.2	-10	10.9	13.2	-2.3	10.9	-2.3	10.9	
0.03516	-0.3	-10	10.9	13.2	-2.3	10.9	-2.3	10.9	
0.03906	-0.5	-10	10.9	13.2	-2.3	10.9	-2.3	10.9	
0.04297	-0.4	-10	10.9	13.3	-2.4	10.9	-2.4	10.9	
0.04688	-0.4	-10	10.9	13.3	-2.4	10.9	-2.4	10.9	
0.05078	-0.4	-10	10.9	13.3	-2.4	10.9	-2.4	10.9	
0.05469	-0.3	-10	11.0	13.3	-2.3	11.0	-2.3	11.0	
0.05859	-0.5	-10	11.0	13.3	-2.3	11.0	-2.3	11.0	
0.06250	-0.5	-10	10.9	13.2	-2.3	10.9	-2.3	10.9	
0.06641	-0.4	-10	11.0	13.3	-2.3	11.0	-2.3	11.0	
0.07031	-0.4	-10	11.0	13.3	-2.3	11.0	-2.3	11.0	
0.07422	-0.4	-10	11.0	13.3	-2.3	11.0	-2.3	11.0	
0.07812	-0.4	-10	11.0	13.3	-2.3	11.0	-2.3	11.0	
0.08203	-0.5	-10	11.0	13.3	-2.3	11.0	-2.3	11.0	
0.08594	-0.5	-10	11.0	13.4	-2.4	11.0	-2.4	11.0	
0.08984	-0.5	-10	11.0	13.4	-2.4	11.0	-2.4	11.0	
0.09375	-0.3	-10	11.0	13.3	-2.3	11.0	-2.3	11.0	
0.09766	-0.5	-10	11.0	13.3	-2.3	11.0	-2.3	11.0	
0.10156	-0.4	-10	11.1	13.3	-2.2	11.1	-2.2	11.1	
0.10547	-0.3	-10	11.1	13.4	-2.3	11.1	-2.3	11.1	
0.10938	-0.3	-10	11.0	13.4	-2.4	11.0	-2.4	11.0	
0.11328	-0.3	-10	11.0	13.4	-2.4	11.0	-2.4	11.0	
0.11719	-0.3	-10	11.0	13.4	-2.4	11.0	-2.4	11.0	
0.12109	-0.3	-10	11.0	13.4	-2.4	11.0	-2.4	11.0	
0.12500	-0.2	-10	11.0	13.4	-2.4	11.0	-2.4	11.0	
0.12891	-0.0	-10	11.1	13.4	-2.3	11.1	-2.3	11.1	
0.13281	-0.3	-10	11.1	13.4	-2.3	11.1	-2.3	11.1	
0.13672	-0.4	-10	11.0	13.4	-2.4	11.0	-2.4	11.0	
0.14062	-0.2	-10	11.0	13.4	-2.4	11.0	-2.4	11.0	
0.14453	-0.3	-10	11.0	13.5	-2.5	11.0	-2.5	11.0	
0.14844	-0.5	-10	11.0	13.4	-2.4	11.0	-2.4	11.0	
0.15234	-0.2	-10	11.0	13.4	-2.4	11.0	-2.4	11.0	
0.15625	-0.2	-10	11.0	13.5	-2.5	11.0	-2.5	11.0	
0.16016	-0.5	-10	10.9	13.5	-2.6	10.9	-2.6	10.9	
0.16406	-0.4	-10	10.9	13.5	-2.6	10.9	-2.6	10.9	
0.16797	-0.3	-10	11.0	13.5	-2.5	11.0	-2.5	11.0	
0.17188	-0.4	-10	10.9	13.5	-2.6	10.9	-2.6	10.9	
0.17578	-0.4	-10	10.9	13.5	-2.6	10.9	-2.6	10.9	
0.17969	-0.4	-10	11.0	13.5	-2.5	11.0	-2.5	11.0	
0.18359	-0.4	-10	11.0	13.5	-2.5	11.0	-2.5	11.0	
0.18750	-0.5	-11	11.0	13.5	-2.5	11.0	-2.5	11.0	
0.19141	-0.4	-11	11.0	13.5	-2.5	11.0	-2.5	11.0	
0.19531	-0.4	-11	11.0	13.6	-2.6	11.0	-2.6	11.0	
0.19922	-0.4	-11	11.1	13.5	-2.4	11.1	-2.4	11.1	
0.20312	-0.3	-11	11.1	13.6	-2.5	11.1	-2.5	11.1	
0.20703	-0.3	-11	11.1	13.6	-2.5	11.1	-2.5	11.1	
0.21094	-0.5	-11	11.1	13.5	-2.4	11.1	-2.4	11.1	
0.21484	-0.3	-11	11.1	13.6	-2.5	11.1	-2.5	11.1	
0.21875	-0.3	-11	11.1	13.6	-2.5	11.1	-2.5	11.1	
0.22266	-0.5	-11	11.1	13.6	-2.5	11.1	-2.5	11.1	
0.22656	-0.4	-11	11.1	13.6	-2.5	11.1	-2.5	11.1	
0.23047	-0.3	-11	11.1	13.6	-2.5	11.1	-2.5	11.1	
0.23438	-0.4	-11	11.2	13.6	-2.4	11.2	-2.4	11.2	
0.23828	-0.4	-11	11.1	13.6	-2.5	11.1	-2.5	11.1	
0.24219	-0.3	-11	11.2	13.7	-2.5	11.2	-2.5	11.2	
0.24609	-0.4	-11	11.2	13.7	-2.5	11.2	-2.5	11.2	
0.25000	-0.4	-11	11.2	13.7	-2.5	11.2	-2.5	11.2	
0.25391	-0.3	-11	11.2	13.7	-2.5	11.2	-2.5	11.2	
0.25781	-0.5	-11	11.3	13.7	-2.4	11.3	-2.4	11.3	
0.26172	-0.6	-11	11.2	13.7	-2.5	11.2	-2.5	11.2	
0.26562	-0.5	-11	11.3	13.7	-2.4	11.3	-2.4	11.3	
0.26953	-0.6	-11	11.3	13.7	-2.4	11.3	-2.4	11.3	
0.27344	-0.8	-11	11.3	13.6	-2.3	11.3	-2.3	11.3	
0.27734	-0.8	-11	11.4	13.7	-2.3	11.4	-2.3	11.4	
0.28125	-0.8	-11	11.4	13.7	-2.3	11.4	-2.3	11.4	
0.28516	-1.1	-11	11.4	13.7	-2.3	11.4	-2.3	11.4	
0.28906	-1.2	-11	11.5	13.7	-2.2	11.5	-2.2	11.5	
0.29297	-1.2	-11	11.6	13.7	-2.1	11.6	-2.1	11.6	
0.29688	-1.2	-12	11.7	13.7	-2.0	11.7	-2.0	11.7	
0.30078	-1.1	-12	11.7	13.7	-2.0	11.7	-2.0	11.7	
0.30469	-0.8	-12	11.7	13.7	-2.0	11.7	-2.0	11.7	
0.30859	-0.8	-12	11.6	13.7	-2.1	11.6	-2.1	11.6	
0.31250	-0.8	-12	11.7	13.7	-2.0	11.7	-2.0	11.7	
0.31641	-0.5	-12	11.9	13.7	-1.8	11.9	-1.8	11.9	
0.32031	-0.5	-12	11.8	13.8	-2.0	11.8	-2.0	11.8	
0.32422	-0.5	-12	11.8	13.8	-2.0	11.8	-2.0	11.8	
0.32812	-0.4	-12	11.9	13.7	-1.8	11.9	-1.8	11.9	
0.33203	-0.6	-12	11.9	13.8	-1.9	11.9	-1.9	11.9	
0.33594	-0.7	-12	11.9	13.8	-1.9	11.9	-1.9	11.9	
0.33984	-0.5	-12	12.0	13.8	-1.8	12.0	-1.8	12.0	
0.34375	-0.5	-12	12.0	13.8	-1.8	12.0	-1.8	12.0	
0.34766	-0.6	-12	12.1	13.8	-1.7	12.1	-1.7	12.1	
0.35156	-0.6	-12	12.1	13.9	-1.8	12.1	-1.8	12.1	
0.35547	-0.8	-12	12.1	14.0	-1.9	12.1	-1.9	12.1	
0.35938	-1.3	-12	12.2	14.0	-1.8	12.2	-1.8	12.2	
0.36328	-1.4	-12	12.3	14.0	-1.7	12.3	-1.7	12.3	
0.36719	-1.3	-12	12.4	14.1	-1.7	12.4	-1.7	12.4	
0.37109	-1.4	-13	12.4	14.1	-1.7	12.4	-1.7	12.4	
0.37500	-1.6	-13	12.4	14.2	-1.8	12.4	-1.8	12.4	
0.37891	-1.5	-13	12.5	14.2	-1.7	12.5	-1.7	12.5	
0.38281	-1.6	-13	12.6	14.3	-1.7	12.6	-1.7	12.6	
0.38672	-1.5	-13	12.6	14.3	-1.7	12.6	-1.7	12.6	
0.39062	-1.4	-13	12.7	14.4	-1.7	12.7	-1.7	12.7	
0.39453	-1.4	-13	12.8	14.5	-1.7	12.8	-1.7	12.8	
0.39844	-1.4	-13	12.8	14.5	-1.7	12.8	-1.7	12.8	
0.40234	-1.2	-13	13.0	14.5	-1.5	13.0	-1.5	13.0	
0.40625	-1.3	-13	13.0	14.6	-1.6	13.0	-1.6	13.0	
0.41016	-1.5	-13	13.1	14.7	-1.6	13.1	-1.6	13.1	
0.41406	-1.5	-14	13.1	14.7	-1.6	13.1	-1.6	13.1	
0.41797	-1.5	-14	13.2	14.8	-1.6	13.2	-1.6	13.2	
0.42188	-1.6	-14	13.3	14.8	-1.5	13.3	-1.5	13.3	
0.42578	-1.7	-14	13.4	14.9	-1.5	13.4	-1.5	13.4	
0.42969	-1.8	-14	13.5	15.0	-1.5	13.5	-1.5	13.5	
0.43359	-2.0	-14	13.6	15.0	-1.4	13.6	-1.4	13.6	
0.43750	-2.2	-14	13.7	15.1	-1.4	13.7	-1.4	13.7	
0.44141	-2.5	-14	13.8	15.2	-1.4	13.8	-1.4	13.8	
0.44531	-2.7	-15	13.9	15.2	-1.3	13.9	-1.3	13.9	
0.44922	-2.9	-15	14.0	15.3	-1.3	14.0	-1.3	14.0	
0.45312	-2.9	-15	14.1	15.4	-1.3	14.1	-1.3	14.1	
0.45703	-2.8	-15	14.2	15.4	-1.2	14.2	-1.2	14.2	
0.46094	-2.8	-15	14.3	15.5	-1.2	14.3	-1.2	14.3	
0.46484	-2.8	-16	14.5	15.6	-1.1	14.5	-1.1	14.5	
0.46875	-2.7	-16	14.6	15.7	-1.1	14.6	-1.1	14.6	
0.47266	-2.7	-16	14.7	15.7	-1.0	14.7	-1.0	14.7	
0.47656	-2.6	-16	14.8	15.8	-1.0	14.8	-1.0	14.8	
0.48047	-2.1	-16	14.9	15.8	-0.9	14.9	-0.9	14.9	
0.48438	-2.0	-16	14.9	15.9	-1.0	14.9	-1.0	14.9	
0.48828	-2.1	-16	14.9	16.0	-1.1	14.9	-1.1	14.9	
0.49219	-1.8	-17	15.1	16.0	-0.9	15.1	-0.9	15.1	
0.49609	-1.6	-17	15.2	16.1	-0.9	15.2	-0.9	15.2	
0.50000	-1.5	-17	15.2	16.2	-1.0	15.2	-1.0	15.2	
0.50391	-1.3	-17	15.3	16.2	-0.9	15.3	-0.9	15.3	
0.50781	-1.5	-17	15.4	16.3	-0.9	15.4	-0.9	15.4	
0.51172	-1.7	-17	15.4	16.4	-1.0	15.4	-1.0	15.4	
0.51562	-1.5	-17	15.5	16.4	-0.9	15.5	-0.9	15.5	
0.51953	-1.6	-17	15.6	16.6	-1.0	15.6	-1.0	15.6	
0.52344	-1.7	-17	15.6	16.6	-1.0	15.6	-1.0	15.6	
0.52734	-1.6	-17	15.7	16.6	-0.9	15.7	-0.9	15.7	
0.53125	-1.7	-18	15.7	16.7	-1.0	15.7	-1.0	15.7	
0.53516	-2.0	-18	15.8	16.8	-1.0	15.8	-1.0	15.8	
0.53906	-2.2	-18	15.9	16.9	-1.0	15.9	-1.0	15.9	
0.54297	-2.1	-18	16.0	16.9	-0.9	16.0	-0.9	16.0	
0.54688	-2.2	-18	16.1	17.0	-0.9	16.1	-0.9	16.1	
0.55078	-2.5	-18	16.2	17.1	-0.9	16.2	-0.9	16.2	
0.55469	-2.7	-18	16.3	17.1	-0.8	16.3	-0.8	16.3	
0.55859	-3.1	-19	16.4	17.2	-0.8	16.4	-0.8	16.4	
0.56250	-3.5	-19	16.5	17.3	-0.8	16.5	-0.8	16.5	
0.56641	-3.7	-19	16.6	17.4	-0.8	16.6	-0.8	16.6	
0.57031	-3.7	-19	16.8	17.5	-0.7	16.8	-0.7	16.8	
0.57422	-3.8	-20	16.9	17.6	-0.7	16.9	-0.7	16.9	
0.57812	-3.9	-20	17.0	17.7	-0.7	17.0	-0.7	17.0	
0.58203	-4.1	-20	17.1	17.7	-0.6	17.1	-0.6	17.1	
0.58594	-4.2	-20	17.3	17.8	-0.5	17.3	-0.5	17.3	
0.58984	-4.1	-21	17.5	18.0	-0.5	17.5	-0.5	17.5	
0.59375	-3.9	-21	17.6	18.1	-0.5	17.6	-0.5	17.6	
0.59766	-3.7	-21	17.6	18.2	-0.6	17.6	-0.6	17.6	
0.60156	-3.5	-21	17.7	18.3	-0.6	17.7	-0.6	17.7	
0.60547	-3.4	-22	17.8	18.4	-0.6	17.8	-0.6	17.8	
0.60938	-3.1	-22	17.9	18.5	-0.6	17.9	-0.6	17.9	
0.61328	-2.4	-22	18.0	18.5	-0.5	18.0	-0.5	18.0	
0.61719	-1.7	-22	18.0	18.6	-0.6	18.0	-0.6	18.0	
0.62109	-1.2	-22	18.0	18.7	-0.7	18.0	-0.7	18.0	
0.62500	-0.9	-22	18.0	18.8	-0.8	18.0	-0.8	18.0	
0.62891	-0.4	-22	18.1	18.8	-0.7	18.1	-0.7	18.1	
0.63281	0.0	-22	18.1	18.9	-0.8	18.1	-0.8	18.1	
0.63672	0.1	-22	18.0	19.0	-1.0	18.0	-1.0	18.0	
0.64062	0.1	-22	18.0	19.1	-1.1	18.0	-1.1	18.0	
0.64453	0.1	-22	17.9	19.2	-1.3	17.9	-1.3	17.9	
0.64844	0.2	-22	17.9	19.2	-1.3	17.9	-1.3	17.9	
0.65234	0.6	-22	17.9	19.2	-1.3	17.9	-1.3	17.9	
0.65625	1.2	-22	17.7	19.3	-1.6	17.7	-1.6	17.7	
0.66016	1.6	-22	17.5	19.3	-1.8	17.5	-1.8	17.5	
0.66406	1.9	-22	17.5	19.4	-1.9	17.5	-1.9	17.5	
0.66797	2.2	-22	17.5	19.5	-2.0	17.5	-2.0	17.5	
0.67188	2.2	-22	17.3	19.5	-2.2	17.3	-2.2	17.3	
0.67578	2.0	-21	17.3	19.6	-2.3	17.3	-2.3	17.3	
0.67969	1.9	-21	17.2	19.6	-2.4	17.2	-2.4	17.2	
0.68359	1.6	-21	17.1	19.6	-2.5	17.1	-2.5	17.1	
0.68750	1.4	-21	17.1	19.7	-2.6	17.1	-2.6	17.1	
0.69141	1.2	-21	17.0	19.7	-2.7	17.0	-2.7	17.0	
0.69531	0.9	-21	16.9	19.7	-2.8	16.9	-2.8	16.9	
0.69922	0.8	-21	16.9	19.7	-2.8	16.9	-2.8	16.9	
0.70312	0.5	-21	16.9	19.8	-2.9	16.9	-2.9	16.9	
0.70703	0.3	-21	16.8	19.7	-2.9	16.8	-2.9	16.8	
0.71094	0.3	-21	16.8	19.7	-2.9	16.8	-2.9	16.8	
0.71484	0.2	-21	16.7	19.7	-3.0	16.7	-3.0	16.7	
0.71875	0.2	-21	16.7	19.8	-3.1	16.7	-3.1	16.7	
0.72266	0.2	-21	16.7	19.8	-3.1	16.7	-3.1	16.7	
0.72656	0.3	-21	16.6	19.7	-3.1	16.6	-3.1	16.6	
0.73047	0.3	-21	16.6	19.7	-3.1	16.6	-3.1	16.6	
0.73438	0.1	-21	16.6	19.6	-3.0	16.6	-3.0	16.6	
0.73828	-0.0	-21	16.5	19.6	-3.1	16.5	-3.1	16.5	
0.74219	-0.0	-21	16.5	19.7	-3.2	16.5	-3.2	16.5	
0.74609	-0.1	-21	16.6	19.7	-3.1	16.6	-3.1	16.6	
0.75000	-0.1	-21	16.6	19.7	-3.1	16.6	-3.1	16.6	
0.75391	-0.2	-21	16.5	19.6	-3.1	16.5	-3.1	16.5	
0.75781	-0.4	-21	16.5	19.6	-3.1	16.5	-3.1	16.5	
0.76172	-0.5	-21	16.6	19.5	-2.9	16.6	-2.9	16.6	
0.76562	-0.4	-21	16.6	19.5	-2.9	16.6	-2.9	16.6	
0.76953	-0.6	-21	16.6	19.6	-3.0	16.6	-3.0	16.6	
0.77344	-0.8	-21	16.7	19.5	-2.8	16.7	-2.8	16.7	
0.77734	-0.9	-21	16.7	19.5	-2.8	16.7	-2.8	16.7	
0.78125	-1.0	-21	16.7	19.5	-2.8	16.7	-2.8	16.7	
0.78516	-1.1	-21	16.8	19.4	-2.6	16.8	-2.6	16.8	
0.78906	-1.3	-21	16.8	19.4	-2.6	16.8	-2.6	16.8	
0.79297	-1.3	-21	16.9	19.4	-2.5	16.9	-2.5	16.9	
0.79688	-1.1	-21	16.9	19.4	-2.5	16.9	-2.5	16.9	
0.80078	-0.9	-22	16.9	19.4	-2.5	16.9	-2.5	16.9	
0.80469	-0.7	-22	17.0	19.4	-2.4	17.0	-2.4	17.0	
0.80859	-0.6	-22	17.0	19.3	-2.3	17.0	-2.3	17.0	
0.81250	-0.6	-22	17.0	19.3	-2.3	17.0	-2.3	17.0	
0.81641	-0.6	-22	17.1	19.4	-2.3	17.1	-2.3	17.1	
0.82031	-0.6	-22	17.1	19.4	-2.3	17.1	-2.3	17.1	
0.82422	-0.6	-22	17.1	19.3	-2.2	17.1	-2.2	17.1	
0.82812	-0.6	-22	17.1	19.4	-2.3	17.1	-2.3	17.1	
0.83203	-0.5	-22	17.1	19.3	-2.2	17.1	-2.2	17.1	
0.83594	-0.7	-22	17.1	19.3	-2.2	17.1	-2.2	17.1	
0.83984	-0.6	-22	17.2	19.3	-2.1	17.2	-2.1	17.2	
0.84375	-0.6	-22	17.2	19.3	-2.1	17.2	-2.1	17.2	
0.84766	-0.7	-22	17.2	19.4	-2.2	17.2	-2.2	17.2	
0.85156	-0.6	-22	17.2	19.4	-2.2	17.2	-2.2	17.2	
0.85547	-0.7	-22	17.3	19.4	-2.1	17.3	-2.1	17.3	
0.85938	-1.0	-22	17.3	19.4	-2.1	17.3	-2.1	17.3	
0.86328	-0.8	-22	17.3	19.4	-2.1	17.3	-2.1	17.3	
0.86719	-0.6	-22	17.4	19.5	-2.1	17.4	-2.1	17.4	
0.87109	-0.8	-22	17.4	19.5	-2.1	17.4	-2.1	17.4	
0.87500	-0.6	-22	17.4	19.5	-2.1	17.4	-2.1	17.4	
0.87891	-0.5	-22	17.4	19.5	-2.1	17.4	-2.1	17.4	
0.88281	-0.6	-22	17.4	19.5	-2.1	17.4	-2.1	17.4	
0.88672	-0.5	-22	17.4	19.5	-2.1	17.4	-2.1	17.4	
0.89062	-0.4	-22	17.4	19.6	-2.2	17.4	-2.2	17.4	
0.89453	-0.5	-22	17.4	19.6	-2.2	17.4	-2.2	17.4	
0.89844	-0.4	-23	17.5	19.7	-2.2	17.5	-2.2	17.5	
0.90234	-0.2	-23	17.5	19.7	-2.2	17.5	-2.2	17.5	
0.90625	-0.3	-23	17.5	19.7	-2.2	17.5	-2.2	17.5	
0.91016	-0.5	-23	17.4	19.7	-2.3	17.4	-2.3	17.4	
0.91406	-0.5	-23	17.4	19.7	-2.3	17.4	-2.3	17.4	
0.91797	-0.5	-23	17.5	19.8	-2.3	17.5	-2.3	17.5	
0.92188	-0.6	-23	17.5	19.8	-2.3	17.5	-2.3	17.5	
0.92578	-0.5	-23	17.5	19.8	-2.3	17.5	-2.3	17.5	
0.92969	-0.3	-23	17.5	19.8	-2.3	17.5	-2.3	17.5	
0.93359	-0.5	-23	17.5	19.8	-2.3	17.5	-2.3	17.5	
0.93750	-0.4	-23	17.4	19.9	-2.5	17.4	-2.5	17.4	
0.94141	-0.2	-23	17.5	20.0	-2.5	17.5	-2.5	17.5	
0.94531	-0.4	-23	17.5	20.0	-2.5	17.5	-2.5	17.5	
0.94922	-0.4	-23	17.5	20.0	-2.5	17.5	-2.5	17.5	
0.95312	-0.3	-23	17.5	20.0	-2.5	17.5	-2.5	17.5	
0.95703	-0.3	-23	17.5	20.0	-2.5	17.5	-2.5	17.5	
0.96094	-0.3	-23	17.4	20.0	-2.6	17.4	-2.6	17.4	
0.96484	-0.2	-23	17.5	20.0	-2.5	17.5	-2.5	17.5	
0.96875	-0.2	-23	17.5	20.1	-2.6	17.5	-2.6	17.5	
0.97266	-0.1	-23	17.4	20.1	-2.7	17.4	-2.7	17.4	
0.97656	0.1	-23	17.4	20.1	-2.7	17.4	-2.7	17.4	
0.98047	0.1	-23	17.3	20.1	-2.8	17.3	-2.8	17.3	
0.98438	-0.1	-23	17.3	20.1	-2.8	17.3	-2.8	17.3	
0.98828	0.0	-23	17.3	20.2	-2.9	17.3	-2.9	17.3	
0.99219	0.2	-23	17.3	20.2	-2.9	17.3	-2.9	17.3	
0.99609	0.1	-23	17.3	20.2	-2.9	17.3	-2.9	17.3	
1.00000	0.1	-23	17.3	20.2	-2.9	17.3	-2.9	17.3	
1.00391	0.0	-23	17.2	20.2	-3.0	17.2	-3.0	17.2	
1.00781	-0.3	-23	17.2	20.2	-3.0	17.2	-3.0	17.2	
1.01172	-0.3	-23	17.2	20.2	-3.0	17.2	-3.0	17.2	
1.01562	-0.3	-23	17.2	20.2	-3.0	17.2	-3.0	17.2	
1.01953	-0.4	-23	17.2	20.2	-3.0	17.2	-3.0	17.2	
1.02344	-0.4	-23	17.2	20.2	-3.0	17.2	-3.0	17.2	
1.02734	-0.4	-23	17.3	20.2	-2.9	17.3	-2.9	17.3	
1.03125	-0.6	-23	17.3	20.3	-3.0	17.3	-3.0	17.3	
1.03516	-0.7	-23	17.2	20.3	-3.1	17.2	-3.1	17.2	
1.03906	-0.8	-23	17.3	20.3	-3.0	17.3	-3.0	17.3	
1.04297	-1.0	-23	17.4	20.3	-2.9	17.4	-2.9	17.4	
1.04688	-1.3	-23	17.4	20.3	-2.9	17.4	-2.9	17.4	
1.05078	-1.2	-23	17.4	20.3	-2.9	17.4	-2.9	17.4	
1.05469	-0.9	-23	17.4	20.3	-2.9	17.4	-2.9	17.4	
1.05859	-0.9	-24	17.5	20.3	-2.8	17.5	-2.8	17.5	
1.06250	-0.7	-24	17.6	20.3	-2.7	17.6	-2.7	17.6	
1.06641	-0.4	-24	17.6	20.3	-2.7	17.6	-2.7	17.6	
1.07031	-0.4	-24	17.6	20.3	-2.7	17.6	-2.7	17.6	
1.07422	-0.3	-24	17.6	20.2	-2.6	17.6	-2.6	17.6	
1.07812	-0.3	-24	17.6	20.3	-2.7	17.6	-2.7	17.6	
1.08203	-0.3	-24	17.6	20.2	-2.6	17.6	-2.6	17.6	
1.08594	-0.3	-24	17.6	20.2	-2.6	17.6	-2.6	17.6	
1.08984	-0.3	-24	17.6	20.2	-2.6	17.6	-2.6	17.6	
1.09375	-0.3	-24	17.6	20.2	-2.6	17.6	-2.6	17.6	
1.09766	-0.4	-24	17.6	20.2	-2.6	17.6	-2.6	17.6	
1.10156	-0.4	-24	17.6	20.1	-2.5	17.6	-2.5	17.6	
1.10547	-0.3	-24	17.7	20.1	-2.4	17.7	-2.4	17.7	
1.10938	-0.5	-24	17.6	20.2	-2.6	17.6	-2.6	17.6	
1.11328	-0.6	-24	17.6	20.1	-2.5	17.6	-2.5	17.6	
1.11719	-0.6	-24	17.6	20.1	-2.5	17.6	-2.5	17.6	
1.12109	-0.7	-24	17.7	20.1	-2.4	17.7	-2.4	17.7	
1.12500	-0.8	-24	17.7	20.1	-2.4	17.7	-2.4	17.7	
1.12891	-0.8	-24	17.8	20.1	-2.3	17.8	-2.3	17.8	
1.13281	-0.9	-24	17.8	20.1	-2.3	17.8	-2.3	17.8	
1.13672	-0.9	-24	17.8	20.2	-2.4	17.8	-2.4	17.8	
1.14062	-0.7	-24	17.8	20.2	-2.4	17.8	-2.4	17.8	
1.14453	-0.7	-24	17.9	20.2	-2.3	17.9	-2.3	17.9	
1.14844	-0.7	-24	17.9	20.2	-2.3	17.9	-2.3	17.9	
1.15234	-0.5	-24	17.9	20.2	-2.3	17.9	-2.3	17.9	
1.15625	-0.5	-24	18.0	20.3	-2.3	18.0	-2.3	18.0	
1.16016	-0.5	-24	18.0	20.4	-2.4	18.0	-2.4	18.0	
1.16406	-0.3	-24	18.0	20.4	-2.4	18.0	-2.4	18.0	
1.16797	-0.2	-24	18.0	20.4	-2.4	18.0	-2.4	18.0	
1.17188	-0.3	-24	17.9	20.4	-2.5	17.9	-2.5	17.9	
1.17578	-0.2	-24	17.9	20.4	-2.5	17.9	-2.5	17.9	
1.17969	-0.1	-25	17.9	20.5	-2.6	17.9	-2.6	17.9	
1.18359	-0.2	-25	17.8	20.6	-2.8	17.8	-2.8	17.8	
1.18750	-0.2	-25	17.9	20.6	-2.7	17.9	-2.7	17.9	
1.19141	-0.1	-25	17.9	20.6	-2.7	17.9	-2.7	17.9	
1.19531	-0.1	-25	17.9	20.7	-2.8	17.9	-2.8	17.9	
1.19922	-0.2	-25	17.9	20.7	-2.8	17.9	-2.8	17.9	
1.20312	-0.3	-25	17.9	20.7	-2.8	17.9	-2.8	17.9	
1.20703	-0.6	-25	17.8	20.8	-3.0	17.8	-3.0	17.8	
1.21094	-0.7	-25	17.9	20.8	-2.9	17.9	-2.9	17.9	
1.21484	-0.6	-25	17.9	20.9	-3.0	17.9	-3.0	17.9	
1.21875	-0.7	-25	17.9	20.9	-3.0	17.9	-3.0	17.9	
1.22266	-1.0	-25	18.0	20.9	-2.9	18.0	-2.9	18.0	
1.22656	-1.1	-25	18.0	21.0	-3.0	18.0	-3.0	18.0	
1.23047	-1.2	-25	18.1	21.0	-2.9	18.1	-2.9	18.1	
1.23438	-1.3	-25	18.0	21.1	-3.1	18.0	-3.1	18.0	
1.23828	-0.9	-25	18.1	21.1	-3.0	18.1	-3.0	18.1	
1.24219	-0.7	-25	18.2	21.2	-3.0	18.2	-3.0	18.2	
1.24609	-0.5	-25	18.1	21.2	-3.1	18.1	-3.1	18.1	
1.25000	-0.1	-25	18.2	21.3	-3.1	18.2	-3.1	18.2	
1.25391	-0.0	-25	18.2	21.3	-3.1	18.2	-3.1	18.2	
1.25781	-0.1	-25	18.1	21.3	-3.2	18.1	-3.2	18.1	
1.26172	-0.2	-25	18.1	21.4	-3.3	18.1	-3.3	18.1	
1.26562	-0.1	-25	18.1	21.4	-3.3	18.1	-3.3	18.1	
1.26953	-0.0	-25	18.1	21.4	-3.3	18.1	-3.3	18.1	
1.27344	0.0	-25	18.1	21.4	-3.3	18.1	-3.3	18.1	
1.27734	0.2	-25	18.1	21.5	-3.4	18.1	-3.4	18.1	
1.28125	0.0	-25	18.1	21.5	-3.4	18.1	-3.4	18.1	
1.28516	-0.4	-25	18.1	21.5	-3.4	18.1	-3.4	18.1	
1.28906	-0.4	-25	18.1	21.5	-3.4	18.1	-3.4	18.1	
1.29297	-0.6	-25	18.1	21.5	-3.4	18.1	-3.4	18.1	
1.29688	-0.8	-25	18.1	21.6	-3.5	18.1	-3.5	18.1	
1.30078	-0.8	-25	18.2	21.7	-3.5	18.2	-3.5	18.2	
1.30469	-1.0	-25	18.3	21.7	-3.4	18.3	-3.4	18.3	
1.30859	-1.7	-26	18.3	21.7	-3.4	18.3	-3.4	18.3	
1.31250	-2.3	-26	18.5	21.7	-3.2	18.5	-3.2	18.5	
1.31641	-2.8	-26	18.6	21.8	-3.2	18.6	-3.2	18.6	
1.32031	-3.0	-26	18.6	21.8	-3.2	18.6	-3.2	18.6	
1.32422	-3.0	-26	18.7	21.8	-3.1	18.7	-3.1	18.7	
1.32812	-2.9	-26	18.9	21.8	-2.9	18.9	-2.9	18.9	
1.33203	-3.1	-27	18.9	21.9	-3.0	18.9	-3.0	18.9	
1.33594	-3.1	-27	19.0	21.9	-2.9	19.0	-2.9	19.0	
1.33984	-2.8	-27	19.0	21.9	-2.9	19.0	-2.9	19.0	
1.34375	-2.4	-27	19.2	22.0	-2.8	19.2	-2.8	19.2	
1.34766	-2.0	-27	19.2	22.0	-2.8	19.2	-2.8	19.2	
1.35156	-1.3	-27	19.3	22.0	-2.7	19.3	-2.7	19.3	
1.35547	-0.8	-27	19.3	22.0	-2.7	19.3	-2.7	19.3	
1.35938	-0.9	-28	19.3	22.1	-2.8	19.3	-2.8	19.3	
1.36328	-0.8	-28	19.4	22.1	-2.7	19.4	-2.7	19.4	
1.36719	-0.7	-28	19.5	22.2	-2.7	19.5	-2.7	19.5	
1.37109	-0.9	-28	19.5	22.2	-2.7	19.5	-2.7	19.5	
1.37500	-0.8	-28	19.6	22.2	-2.6	19.6	-2.6	19.6	
1.37891	-0.5	-28	19.5	22.2	-2.7	19.5	-2.7	19.5	
1.38281	-0.6	-28	19.5	22.3	-2.8	19.5	-2.8	19.5	
1.38672	-0.8	-28	19.6	22.3	-2.7	19.6	-2.7	19.6	
1.39062	-0.7	-28	19.6	22.3	-2.7	19.6	-2.7	19.6	
1.39453	-0.6	-28	19.7	22.3	-2.6	19.7	-2.6	19.7	
1.39844	-0.6	-28	19.6	22.4	-2.8	19.6	-2.8	19.6	
1.40234	-0.6	-28	19.7	22.5	-2.8	19.7	-2.8	19.7	
1.40625	-0.7	-28	19.8	22.4	-2.6	19.8	-2.6	19.8	
1.41016	-0.7	-28	19.7	22.5	-2.8	19.7	-2.8	19.7	
1.41406	-0.6	-28	19.7	22.5	-2.8	19.7	-2.8	19.7	
1.41797	-0.5	-28	19.7	22.5	-2.8	19.7	-2.8	19.7	
1.42188	-0.5	-28	19.8	22.6	-2.8	19.8	-2.8	19.8	
1.42578	-0.2	-28	19.8	22.6	-2.8	19.8	-2.8	19.8	
1.42969	-0.1	-28	19.7	22.6	-2.9	19.7	-2.9	19.7	
1.43359	-0.3	-28	19.7	22.6	-2.9	19.7	-2.9	19.7	
1.43750	-0.4	-28	19.7	22.6	-2.9	19.7	-2.9	19.7	
1.44141	-0.3	-28	19.7	22.7	-3.0	19.7	-3.0	19.7	
1.44531	-0.3	-28	19.8	22.7	-2.9	19.8	-2.9	19.8	
1.44922	-0.3	-28	19.8	22.7	-2.9	19.8	-2.9	19.8	
1.45312	-0.3	-28	19.7	22.8	-3.1	19.7	-3.1	19.7	
1.45703	-0.5	-28	19.8	22.8	-3.0	19.8	-3.0	19.8	
1.46094	-0.5	-28	19.8	22.8	-3.0	19.8	-3.0	19.8	
1.46484	-0.4	-28	19.8	22.8	-3.0	19.8	-3.0	19.8	
1.46875	-0.4	-29	19.8	22.8	-3.0	19.8	-3.0	19.8	
1.47266	-0.4	-29	19.8	22.9	-3.1	19.8	-3.1	19.8	
1.47656	-0.3	-29	19.9	23.0	-3.1	19.9	-3.1	19.9	
1.48047	-0.2	-29	19.8	22.9	-3.1	19.8	-3.1	19.8	
1.48438	-0.2	-29	19.7	23.0	-3.3	19.7	-3.3	19.7	
1.48828	-0.2	-29	19.8	23.0	-3.2	19.8	-3.2	19.8	
1.49219	-0.1	-29	19.8	22.9	-3.1	19.8	-3.1	19.8	
1.49609	-0.1	-29	19.7	23.0	-3.3	19.7	-3.3	19.7	
1.50000	0.0	-29	19.7	23.0	-3.3	19.7	-3.3	19.7	
1.50391	0.1	-29	19.7	23.0	-3.3	19.7	-3.3	19.7	
1.50781	0.1	-29	19.6	23.0	-3.4	19.6	-3.4	19.6	
1.51172	0.2	-29	19.6	23.0	-3.4	19.6	-3.4	19.6	
1.51562	0.3	-29	19.6	22.9	-3.3	19.6	-3.3	19.6	
1.51953	0.3	-29	19.6	23.0	-3.4	19.6	-3.4	19.6	
1.52344	0.0	-29	19.5	23.0	-3.5	19.5	-3.5	19.5	
1.52734	-0.2	-29	19.5	23.0	-3.5	19.5	-3.5	19.5	
1.53125	-0.3	-29	19.5	23.0	-3.5	19.5	-3.5	19.5	
1.53516	-0.3	-29	19.5	22.9	-3.4	19.5	-3.4	19.5	
1.53906	-0.3	-29	19.5	22.9	-3.4	19.5	-3.4	19.5	
1.54297	-0.4	-29	19.5	22.9	-3.4	19.5	-3.4	19.5	
1.54688	-0.4	-29	19.5	22.9	-3.4	19.5	-3.4	19.5	
1.55078	-0.3	-29	19.5	22.9	-3.4	19.5	-3.4	19.5	
1.55469	-0.4	-29	19.5	23.0	-3.5	19.5	-3.5	19.5	
1.55859	-0.6	-29	19.5	22.9	-3.4	19.5	-3.4	19.5	
1.56250	-0.6	-29	19.5	22.9	-3.4	19.5	-3.4	19.5	
1.56641	-0.5	-29	19.5	22.9	-3.4	19.5	-3.4	19.5	
1.57031	-0.7	-29	19.5	22.9	-3.4	19.5	-3.4	19.5	
1.57422	-0.5	-29	19.6	22.8	-3.2	19.6	-3.2	19.6	
1.57812	-0.2	-29	19.6	22.8	-3.2	19.6	-3.2	19.6	
1.58203	-0.4	-29	19.6	22.8	-3.2	19.6	-3.2	19.6	
1.58594	-0.5	-29	19.6	22.8	-3.2	19.6	-3.2	19.6	
1.58984	-0.2	-29	19.7	22.8	-3.1	19.7	-3.1	19.7	
1.59375	-0.4	-29	19.7	22.7	-3.0	19.7	-3.0	19.7	
1.59766	-0.4	-29	19.7	22.8	-3.1	19.7	-3.1	19.7	
1.60156	-0.2	-29	19.7	22.7	-3.0	19.7	-3.0	19.7	
1.60547	-0.3	-29	19.7	22.6	-2.9	19.7	-2.9	19.7	
1.60938	-0.3	-29	19.6	22.7	-3.1	19.6	-3.1	19.6	
1.61328	-0.3	-29	19.6	22.7	-3.1	19.6	-3.1	19.6	
1.61719	-0.3	-29	19.6	22.6	-3.0	19.6	-3.0	19.6	
1.62109	-0.4	-29	19.6	22.6	-3.0	19.6	-3.0	19.6	
1.62500	-0.3	-29	19.6	22.6	-3.0	19.6	-3.0	19.6	
1.62891	-0.1	-29	19.6	22.7	-3.1	19.6	-3.1	19.6	
1.63281	-0.2	-29	19.5	22.6	-3.1	19.5	-3.1	19.5	
1.63672	-0.1	-29	19.5	22.5	-3.0	19.5	-3.0	19.5	
1.64062	-0.2	-29	19.5	22.6	-3.1	19.5	-3.1	19.5	
1.64453	-0.4	-29	19.5	22.6	-3.1	19.5	-3.1	19.5	
1.64844	-0.3	-29	19.4	22.5	-3.1	19.4	-3.1	19.4	
1.65234	-0.2	-29	19.5	22.6	-3.1	19.5	-3.1	19.5	
1.65625	-0.4	-29	19.5	22.6	-3.1	19.5	-3.1	19.5	
1.66016	-0.3	-29	19.5	22.6	-3.1	19.5	-3.1	19.5	
1.66406	-0.3	-29	19.5	22.6	-3.1	19.5	-3.1	19.5	
1.66797	-0.3	-29	19.5	22.5	-3.0	19.5	-3.0	19.5	
1.67188	-0.4	-29	19.4	22.6	-3.2	19.4	-3.2	19.4	
1.67578	-0.4	-29	19.5	22.5	-3.0	19.5	-3.0	19.5	
1.67969	-0.3	-29	19.4	22.5	-3.1	19.4	-3.1	19.4	
1.68359	-0.4	-29	19.4	22.5	-3.1	19.4	-3.1	19.4	
1.68750	-0.3	-29	19.4	22.6	-3.2	19.4	-3.2	19.4	
1.69141	-0.0	-29	19.4	22.6	-3.2	19.4	-3.2	19.4	
1.69531	-0.0	-29	19.4	22.5	-3.1	19.4	-3.1	19.4	
1.69922	0.0	-29	19.3	22.5	-3.2	19.3	-3.2	19.3	
1.70312	0.3	-29	19.3	22.5	-3.2	19.3	-3.2	19.3	
1.70703	0.4	-29	19.3	22.4	-3.1	19.3	-3.1	19.3	
1.71094	0.6	-29	19.1	22.5	-3.4	19.1	-3.4	19.1	
1.71484	0.9	-29	19.1	22.5	-3.4	19.1	-3.4	19.1	
1.71875	0.9	-29	19.1	22.5	-3.4	19.1	-3.4	19.1	
1.72266	0.9	-29	19.0	22.5	-3.5	19.0	-3.5	19.0	
1.72656	1.0	-29	19.0	22.5	-3.5	19.0	-3.5	19.0	
1.73047	0.7	-29	19.0	22.4	-3.4	19.0	-3.4	19.0	
1.73438	0.3	-29	18.9	22.4	-3.5	18.9	-3.5	18.9	
1.73828	0.2	-29	18.9	22.4	-3.5	18.9	-3.5	18.9	
1.74219	-0.0	-29	18.9	22.4	-3.5	18.9	-3.5	18.9	
1.74609	-0.3	-29	18.9	22.4	-3.5	18.9	-3.5	18.9	
1.75000	-0.3	-29	18.9	22.4	-3.5	18.9	-3.5	18.9	
1.75391	-0.4	-29	18.9	22.4	-3.5	18.9	-3.5	18.9	
1.75781	-0.5	-29	18.9	22.4	-3.5	18.9	-3.5	18.9	
1.76172	-0.4	-29	18.9	22.4	-3.5	18.9	-3.5	18.9	
1.76562	-0.4	-29	18.9	22.4	-3.5	18.9	-3.5	18.9	
1.76953	-0.4	-29	18.9	22.4	-3.5	18.9	-3.5	18.9	
1.77344	-0.3	-29	18.9	22.4	-3.5	18.9	-3.5	18.9	
1.77734	-0.3	-29	18.9	22.4	-3.5	18.9	-3.5	18.9	
1.78125	-0.4	-29	18.9	22.4	-3.5	18.9	-3.5	18.9	
1.78516	-0.5	-29	18.9	22.4	-3.5	18.9	-3.5	18.9	
1.78906	-0.3	-29	18.9	22.4	-3.5	18.9	-3.5	18.9	
1.79297	-0.3	-29	18.9	22.3	-3.4	18.9	-3.4	18.9	
1.79688	-0.4	-29	18.9	22.3	-3.4	18.9	-3.4	18.9	
1.80078	-0.2	-29	19.0	22.4	-3.4	19.0	-3.4	19.0	
1.80469	-0.1	-29	19.0	22.4	-3.4	19.0	-3.4	19.0	
1.80859	-0.4	-29	18.9	22.3	-3.4	18.9	-3.4	18.9	
1.81250	-0.3	-29	19.0	22.3	-3.3	19.0	-3.3	19.0	
1.81641	-0.2	-29	19.0	22.3	-3.3	19.0	-3.3	19.0	
1.82031	-0.5	-30	19.0	22.3	-3.3	19.0	-3.3	19.0	
1.82422	-0.3	-30	19.0	22.3	-3.3	19.0	-3.3	19.0	
1.82812	-0.3	-30	19.0	22.4	-3.4	19.0	-3.4	19.0	
1.83203	-0.4	-30	19.0	22.4	-3.4	19.0	-3.4	19.0	
1.83594	-0.4	-30	19.0	22.3	-3.3	19.0	-3.3	19.0	
1.83984	-0.4	-30	19.0	22.3	-3.3	19.0	-3.3	19.0	
1.84375	-0.4	-30	19.0	22.3	-3.3	19.0	-3.3	19.0	
1.84766	-0.3	-30	19.0	22.3	-3.3	19.0	-3.3	19.0	
1.85156	-0.2	-30	19.1	22.3	-3.2	19.1	-3.2	19.1	
1.85547	-0.3	-30	19.1	22.3	-3.2	19.1	-3.2	19.1	
1.85938	-0.4	-30	19.0	22.4	-3.4	19.0	-3.4	19.0	
1.86328	-0.2	-30	19.0	22.4	-3.4	19.0	-3.4	19.0	
1.86719	-0.2	-30	19.0	22.3	-3.3	19.0	-3.3	19.0	
1.87109	-0.4	-30	19.0	22.3	-3.3	19.0	-3.3	19.0	
1.87500	-0.4	-30	19.1	22.3	-3.2	19.1	-3.2	19.1	
1.87891	-0.4	-30	19.1	22.3	-3.2	19.1	-3.2	19.1	
1.88281	-0.6	-30	19.1	22.3	-3.2	19.1	-3.2	19.1	
1.88672	-0.6	-30	19.2	22.2	-3.0	19.2	-3.0	19.2	
1.89062	-0.6	-30	19.2	22.2	-3.0	19.2	-3.0	19.2	
1.89453	-0.9	-30	19.2	22.2	-3.0	19.2	-3.0	19.2	
1.89844	-1.2	-30	19.3	22.2	-2.9	19.3	-2.9	19.3	
1.90234	-1.1	-30	19.4	22.2	-2.8	19.4	-2.8	19.4	
1.90625	-1.2	-30	19.3	22.2	-2.9	19.3	-2.9	19.3	
1.91016	-1.4	-30	19.4	22.2	-2.8	19.4	-2.8	19.4	
1.91406	-1.3	-30	19.4	22.2	-2.8	19.4	-2.8	19.4	
1.91797	-1.2	-30	19.5	22.2	-2.7	19.5	-2.7	19.5	
1.92188	-1.1	-31	19.5	22.2	-2.7	19.5	-2.7	19.5	
1.92578	-0.6	-31	19.5	22.2	-2.7	19.5	-2.7	19.5	
1.92969	-0.2	-31	19.6	22.1	-2.5	19.6	-2.5	19.6	
1.93359	-0.2	-31	19.5	22.1	-2.6	19.5	-2.6	19.5	
1.93750	-0.0	-31	19.5	22.1	-2.6	19.5	-2.6	19.5	
1.94141	0.0	-31	19.5	22.1	-2.6	19.5	-2.6	19.5	
1.94531	-0.2	-31	19.5	22.1	-2.6	19.5	-2.6	19.5	
1.94922	-0.1	-31	19.5	22.1	-2.6	19.5	-2.6	19.5	
1.95312	0.0	-31	19.5	22.2	-2.7	19.5	-2.7	19.5	
1.95703	-0.1	-31	19.5	22.2	-2.7	19.5	-2.7	19.5	
1.96094	0.0	-31	19.5	22.2	-2.7	19.5	-2.7	19.5	
1.96484	0.0	-31	19.5	22.2	-2.7	19.5	-2.7	19.5	
1.96875	-0.2	-31	19.5	22.2	-2.7	19.5	-2.7	19.5	
1.97266	-0.5	-31	19.5	22.2	-2.7	19.5	-2.7	19.5	
1.97656	-0.6	-31	19.5	22.2	-2.7	19.5	-2.7	19.5	
1.98047	-0.5	-31	19.5	22.3	-2.8	19.5	-2.8	19.5	
1.98438	-0.6	-31	19.5	22.4	-2.9	19.5	-2.9	19.5	
1.98828	-0.6	-31	19.5	22.4	-2.9	19.5	-2.9	19.5	
1.99219	-0.8	-31	19.6	22.4	-2.8	19.6	-2.8	19.6	
1.99609	-1.2	-31	19.6	22.5	-2.9	19.6	-2.9	19.6	
2.00000	-1.3	-31	19.7	22.5	-2.8	19.7	-2.8	19.7	
2.00391	-1.2	-31	19.8	22.6	-2.8	19.8	-2.8	19.8	
2.00781	-1.1	-31	19.8	22.6	-2.8	19.8	-2.8	19.8	
2.01172	-1.0	-31	19.8	22.6	-2.8	19.8	-2.8	19.8	
2.01562	-0.9	-31	19.8	22.7	-2.9	19.8	-2.9	19.8	
2.01953	-0.8	-31	19.9	22.7	-2.8	19.9	-2.8	19.9	
2.02344	-0.6	-31	20.0	22.8	-2.8	20.0	-2.8	20.0	
2.02734	-0.5	-31	20.0	22.8	-2.8	20.0	-2.8	20.0	
2.03125	-0.5	-31	20.0	22.8	-2.8	20.0	-2.8	20.0	
2.03516	-0.4	-32	20.0	22.9	-2.9	20.0	-2.9	20.0	
2.03906	-0.3	-32	20.0	23.0	-3.0	20.0	-3.0	20.0	
2.04297	-0.4	-32	20.0	23.0	-3.0	20.0	-3.0	20.0	
2.04688	-0.5	-32	20.0	23.0	-3.0	20.0	-3.0	20.0	
2.05078	-0.4	-32	20.1	23.1	-3.0	20.1	-3.0	20.1	
2.05469	-0.3	-32	20.1	23.2	-3.1	20.1	-3.1	20.1	
2.05859	-0.4	-32	20.0	23.2	-3.2	20.0	-3.2	20.0	
2.06250	-0.4	-32	20.1	23.2	-3.1	20.1	-3.1	20.1	
2.06641	-0.3	-32	20.1	23.3	-3.2	20.1	-3.2	20.1	
2.07031	-0.3	-32	20.0	23.4	-3.4	20.0	-3.4	20.0	
2.07422	-0.3	-32	20.0	23.4	-3.4	20.0	-3.4	20.0	
2.07812	-0.1	-32	20.0	23.4	-3.4	20.0	-3.4	20.0	
2.08203	-0.1	-32	20.0	23.5	-3.5	20.0	-3.5	20.0	
2.08594	-0.3	-32	20.0	23.5	-3.5	20.0	-3.5	20.0	
2.08984	-0.2	-32	20.0	23.6	-3.6	20.0	-3.6	20.0	
2.09375	-0.2	-32	20.0	23.6	-3.6	20.0	-3.6	20.0	
2.09766	-0.4	-32	20.0	23.6	-3.6	20.0	-3.6	20.0	
2.10156	-0.4	-32	20.0	23.7	-3.7	20.0	-3.7	20.0	
2.10547	-0.3	-32	20.0	23.7	-3.7	20.0	-3.7	20.0	
2.10938	-0.5	-32	20.0	23.7	-3.7	20.0	-3.7	20.0	
2.11328	-0.5	-32	20.1	23.7	-3.6	20.1	-3.6	20.1	
2.11719	-0.4	-32	20.1	23.8	-3.7	20.1	-3.7	20.1	
2.12109	-0.7	-32	20.2	23.8	-3.6	20.2	-3.6	20.2	
2.12500	-0.9	-32	20.2	23.9	-3.7	20.2	-3.7	20.2	
2.12891	-1.0	-32	20.2	23.9	-3.7	20.2	-3.7	20.2	
2.13281	-1.2	-32	20.3	23.8	-3.5	20.3	-3.5	20.3	
2.13672	-1.2	-32	20.3	23.9	-3.6	20.3	-3.6	20.3	
2.14062	-1.1	-32	20.4	23.9	-3.5	20.4	-3.5	20.4	
2.14453	-1.3	-32	20.5	23.9	-3.4	20.5	-3.4	20.5	
2.14844	-1.2	-33	20.5	24.0	-3.5	20.5	-3.5	20.5	
2.15234	-0.9	-33	20.5	24.0	-3.5	20.5	-3.5	20.5	
2.15625	-0.8	-33	20.5	24.0	-3.5	20.5	-3.5	20.5	
2.16016	-0.6	-33	20.5	24.0	-3.5	20.5	-3.5	20.5	
2.16406	-0.3	-33	20.6	24.0	-3.4	20.6	-3.4	20.6	
2.16797	-0.1	-33	20.6	24.0	-3.4	20.6	-3.4	20.6	
2.17188	-0.2	-33	20.5	24.1	-3.6	20.5	-3.6	20.5	
2.17578	-0.0	-33	20.6	24.0	-3.4	20.6	-3.4	20.6	
2.17969	-0.0	-33	20.6	24.1	-3.5	20.6	-3.5	20.6	
2.18359	-0.3	-33	20.5	24.1	-3.6	20.5	-3.6	20.5	
2.18750	-0.2	-33	20.5	24.0	-3.5	20.5	-3.5	20.5	
2.19141	0.0	-33	20.5	24.0	-3.5	20.5	-3.5	20.5	
2.19531	-0.1	-33	20.5	24.0	-3.5	20.5	-3.5	20.5	
2.19922	0.0	-33	20.5	24.0	-3.5	20.5	-3.5	20.5	
2.20312	0.1	-33	20.5	24.1	-3.6	20.5	-3.6	20.5	
2.20703	-0.2	-33	20.5	24.1	-3.6	20.5	-3.6	20.5	
2.21094	-0.3	-33	20.4	24.1	-3.7	20.4	-3.7	20.4	
2.21484	-0.3	-33	20.5	24.1	-3.6	20.5	-3.6	20.5	
2.21875	-0.5	-33	20.4	24.0	-3.6	20.4	-3.6	20.4	
2.22266	-0.4	-33	20.4	24.0	-3.6	20.4	-3.6	20.4	
2.22656	-0.2	-33	20.5	24.1	-3.6	20.5	-3.6	20.5	
2.23047	-0.4	-33	20.5	24.1	-3.6	20.5	-3.6	20.5	
2.23438	-0.6	-33	20.5	24.1	-3.6	20.5	-3.6	20.5	
2.23828	-0.7	-33	20.5	24.1	-3.6	20.5	-3.6	20.5	
2.24219	-0.6	-33	20.5	24.1	-3.6	20.5	-3.6	20.5	
2.24609	-0.7	-33	20.5	24.1	-3.6	20.5	-3.6	20.5	
2.25000	-0.7	-33	20.6	24.1	-3.5	20.6	-3.5	20.6	
2.25391	-0.4	-33	20.6	24.1	-3.5	20.6	-3.5	20.6	
2.25781	-0.4	-33	20.6	24.1	-3.5	20.6	-3.5	20.6	
2.26172	-0.4	-33	20.6	24.1	-3.5	20.6	-3.5	20.6	
2.26562	-0.2	-33	20.6	24.1	-3.5	20.6	-3.5	20.6	
2.26953	-0.2	-33	20.6	24.1	-3.5	20.6	-3.5	20.6	
2.27344	-0.1	-33	20.6	24.1	-3.5	20.6	-3.5	20.6	
2.27734	-0.0	-33	20.5	24.1	-3.6	20.5	-3.6	20.5	
2.28125	-0.2	-33	20.6	24.1	-3.5	20.6	-3.5	20.6	
2.28516	-0.2	-33	20.5	24.1	-3.6	20.5	-3.6	20.5	
2.28906	0.1	-33	20.5	24.1	-3.6	20.5	-3.6	20.5	
2.29297	0.4	-33	20.4	24.1	-3.7	20.4	-3.7	20.4	
2.29688	0.6	-33	20.3	24.1	-3.8	20.3	-3.8	20.3	
2.30078	0.7	-33	20.3	24.1	-3.8	20.3	-3.8	20.3	
2.30469	0.6	-33	20.3	24.0	-3.7	20.3	-3.7	20.3	
2.30859	0.5	-33	20.2	24.0	-3.8	20.2	-3.8	20.2	
2.31250	0.5	-33	20.2	24.0	-3.8	20.2	-3.8	20.2	
2.31641	0.5	-33	20.2	24.0	-3.8	20.2	-3.8	20.2	
2.32031	0.3	-33	20.1	23.9	-3.8	20.1	-3.8	20.1	
2.32422	0.4	-33	20.1	23.9	-3.8	20.1	-3.8	20.1	
2.32812	0.4	-33	20.1	23.9	-3.8	20.1	-3.8	20.1	
2.33203	0.2	-33	20.0	23.9	-3.9	20.0	-3.9	20.0	
2.33594	0.1	-33	19.9	23.9	-4.0	19.9	-4.0	19.9	
2.33984	0.1	-33	19.9	23.8	-3.9	19.9	-3.9	19.9	
2.34375	0.1	-33	19.9	23.8	-3.9	19.9	-3.9	19.9	
2.34766	0.0	-33	19.9	23.8	-3.9	19.9	-3.9	19.9	
2.35156	0.2	-33	19.8	23.8	-4.0	19.8	-4.0	19.8	
2.35547	0.4	-33	19.8	23.7	-3.9	19.8	-3.9	19.8	
2.35938	0.3	-33	19.8	23.6	-3.8	19.8	-3.8	19.8	
2.36328	0.2	-33	19.7	23.6	-3.9	19.7	-3.9	19.7	
2.36719	0.1	-33	19.7	23.5	-3.8	19.7	-3.8	19.7	
2.37109	0.1	-33	19.6	23.5	-3.9	19.6	-3.9	19.6	
2.37500	0.1	-33	19.6	23.5	-3.9	19.6	-3.9	19.6	
2.37891	-0.0	-33	19.6	23.5	-3.9	19.6	-3.9	19.6	
2.38281	-0.1	-33	19.6	23.4	-3.8	19.6	-3.8	19.6	
2.38672	-0.3	-33	19.6	23.4	-3.8	19.6	-3.8	19.6	
2.39062	-0.4	-33	19.6	23.4	-3.8	19.6	-3.8	19.6	
2.39453	-0.5	-33	19.6	23.3	-3.7	19.6	-3.7	19.6	
2.39844	-0.6	-33	19.6	23.3	-3.7	19.6	-3.7	19.6	
2.40234	-0.4	-33	19.6	23.2	-3.6	19.6	-3.6	19.6	
2.40625	-0.3	-33	19.6	23.2	-3.6	19.6	-3.6	19.6	
2.41016	-0.5	-33	19.6	23.2	-3.6	19.6	-3.6	19.6	
2.41406	-0.5	-33	19.6	23.2	-3.6	19.6	-3.6	19.6	
2.41797	-0.6	-33	19.7	23.1	-3.4	19.7	-3.4	19.7	
2.42188	-0.6	-33	19.7	23.1	-3.4	19.7	-3.4	19.7	
2.42578	-0.4	-33	19.7	23.1	-3.4	19.7	-3.4	19.7	
2.42969	-0.2	-33	19.7	23.1	-3.4	19.7	-3.4	19.7	
2.43359	-0.3	-33	19.7	23.0	-3.3	19.7	-3.3	19.7	
2.43750	-0.1	-33	19.6	23.0	-3.4	19.6	-3.4	19.6	
2.44141	0.0	-33	19.6	23.0	-3.4	19.6	-3.4	19.6	
2.44531	-0.1	-33	19.6	22.9	-3.3	19.6	-3.3	19.6	
2.44922	-0.0	-33	19.6	22.9	-3.3	19.6	-3.3	19.6	
2.45312	0.3	-33	19.6	22.9	-3.3	19.6	-3.3	19.6	
2.45703	0.4	-33	19.5	22.8	-3.3	19.5	-3.3	19.5	
2.46094	0.5	-33	19.4	22.8	-3.4	19.4	-3.4	19.4	
2.46484	0.6	-33	19.4	22.8	-3.4	19.4	-3.4	19.4	
2.46875	0.4	-33	19.4	22.8	-3.4	19.4	-3.4	19.4	
2.47266	-0.0	-33	19.3	22.8	-3.5	19.3	-3.5	19.3	
2.47656	-0.1	-33	19.3	22.8	-3.5	19.3	-3.5	19.3	
2.48047	-0.3	-33	19.4	22.8	-3.4	19.4	-3.4	19.4	
2.48438	-0.5	-33	19.3	22.8	-3.5	19.3	-3.5	19.3	
2.48828	-0.6	-33	19.3	22.8	-3.5	19.3	-3.5	19.3	
2.49219	-0.6	-33	19.4	22.8	-3.4	19.4	-3.4	19.4	
2.49609	-0.5	-33	19.4	22.8	-3.4	19.4	-3.4	19.4	
2.50000	-0.3	-33	19.4	22.7	-3.3	19.4	-3.3	19.4	
2.50391	-0.4	-33	19.4	22.8	-3.4	19.4	-3.4	19.4	
2.50781	-0.5	-33	19.4	22.7	-3.3	19.4	-3.3	19.4	
2.51172	-0.5	-33	19.4	22.8	-3.4	19.4	-3.4	19.4	
2.51562	-0.4	-33	19.5	22.8	-3.3	19.5	-3.3	19.5	
2.51953	-0.4	-33	19.5	22.7	-3.2	19.5	-3.2	19.5	
2.52344	-0.5	-33	19.5	22.7	-3.2	19.5	-3.2	19.5	
2.52734	-0.4	-33	19.6	22.8	-3.2	19.6	-3.2	19.6	
2.53125	-0.5	-33	19.5	22.7	-3.2	19.5	-3.2	19.5	
2.53516	-0.7	-34	19.6	22.7	-3.1	19.6	-3.1	19.6	
2.53906	-0.5	-34	19.7	22.8	-3.1	19.7	-3.1	19.7	
2.54297	-0.6	-34	19.7	22.8	-3.1	19.7	-3.1	19.7	
2.54688	-0.8	-34	19.7	22.8	-3.1	19.7	-3.1	19.7	
2.55078	-0.8	-34	19.7	22.8	-3.1	19.7	-3.1	19.7	
2.55469	-1.0	-34	19.9	22.8	-2.9	19.9	-2.9	19.9	
2.55859	-1.0	-34	19.9	22.8	-2.9	19.9	-2.9	19.9	
2.56250	-1.0	-34	19.9	22.8	-2.9	19.9	-2.9	19.9	
2.56641	-1.0	-34	19.9	22.8	-2.9	19.9	-2.9	19.9	
2.57031	-1.0	-34	20.0	22.8	-2.8	20.0	-2.8	20.0	
2.57422	-0.8	-34	20.0	22.9	-2.9	20.0	-2.9	20.0	
2.57812	-0.5	-34	20.0	22.9	-2.9	20.0	-2.9	20.0	
2.58203	-0.3	-34	20.0	22.9	-2.9	20.0	-2.9	20.0	
2.58594	-0.3	-34	20.0	22.9	-2.9	20.0	-2.9	20.0	
2.58984	-0.2	-34	20.0	22.9	-2.9	20.0	-2.9	20.0	
2.59375	-0.2	-34	20.0	22.9	-2.9	20.0	-2.9	20.0	
2.59766	-0.2	-34	20.0	22.9	-2.9	20.0	-2.9	20.0	
2.60156	-0.2	-34	20.0	23.0	-3.0	20.0	-3.0	20.0	
2.60547	-0.2	-34	20.0	22.9	-2.9	20.0	-2.9	20.0	
2.60938	-0.2	-34	20.0	23.0	-3.0	20.0	-3.0	20.0	
2.61328	-0.1	-34	20.0	22.9	-2.9	20.0	-2.9	20.0	
2.61719	-0.1	-34	20.0	23.0	-3.0	20.0	-3.0	20.0	
2.62109	-0.3	-34	20.0	23.0	-3.0	20.0	-3.0	20.0	
2.62500	-0.4	-34	19.9	23.0	-3.1	19.9	-3.1	19.9	
2.62891	-0.4	-34	20.0	23.0	-3.0	20.0	-3.0	20.0	
2.63281	-0.5	-34	20.0	23.0	-3.0	20.0	-3.0	20.0	
2.63672	-0.6	-34	20.0	23.0	-3.0	20.0	-3.0	20.0	
2.64062	-0.7	-34	20.1	23.1	-3.0	20.1	-3.0	20.1	
2.64453	-1.1	-34	20.1	23.1	-3.0	20.1	-3.0	20.1	
2.64844	-1.3	-35	20.1	23.1	-3.0	20.1	-3.0	20.1	
2.65234	-1.4	-35	20.3	23.2	-2.9	20.3	-2.9	20.3	
2.65625	-1.7	-35	20.3	23.2	-2.9	20.3	-2.9	20.3	
2.66016	-1.8	-35	20.3	23.2	-2.9	20.3	-2.9	20.3	
2.66406	-1.7	-35	20.4	23.3	-2.9	20.4	-2.9	20.4	
2.66797	-1.5	-35	20.4	23.2	-2.8	20.4	-2.8	20.4	
2.67188	-1.2	-35	20.4	23.2	-2.8	20.4	-2.8	20.4	
2.67578	-0.8	-35	20.5	23.3	-2.8	20.5	-2.8	20.5	
2.67969	-0.4	-35	20.5	23.2	-2.7	20.5	-2.7	20.5	
2.68359	-0.4	-35	20.5	23.3	-2.8	20.5	-2.8	20.5	
2.68750	-0.1	-35	20.5	23.3	-2.8	20.5	-2.8	20.5	
2.69141	0.1	-35	20.5	23.2	-2.7	20.5	-2.7	20.5	
2.69531	-0.1	-35	20.5	23.2	-2.7	20.5	-2.7	20.5	
2.69922	-0.1	-35	20.5	23.3	-2.8	20.5	-2.8	20.5	
2.70312	0.1	-35	20.4	23.3	-2.9	20.4	-2.9	20.4	
2.70703	0.3	-35	20.4	23.2	-2.8	20.4	-2.8	20.4	
2.71094	0.6	-35	20.4	23.2	-2.8	20.4	-2.8	20.4	
2.71484	0.9	-35	20.3	23.2	-2.9	20.3	-2.9	20.3	
2.71875	0.8	-35	20.2	23.1	-2.9	20.2	-2.9	20.2	
2.72266	0.6	-35	20.2	23.1	-2.9	20.2	-2.9	20.2	
2.72656	0.4	-35	20.2	23.1	-2.9	20.2	-2.9	20.2	
2.73047	0.1	-35	20.2	23.0	-2.8	20.2	-2.8	20.2	
2.73438	-0.1	-35	20.2	23.1	-2.9	20.2	-2.9	20.2	
2.73828	-0.2	-35	20.1	23.1	-3.0	20.1	-3.0	20.1	
2.74219	-0.3	-35	20.1	23.0	-2.9	20.1	-2.9	20.1	
2.74609	-0.5	-35	20.0	23.0	-3.0	20.0	-3.0	20.0	
2.75000	-0.4	-35	20.1	23.0	-2.9	20.1	-2.9	20.1	
2.75391	-0.3	-35	20.1	23.0	-2.9	20.1	-2.9	20.1	
2.75781	-0.4	-35	20.1	23.1	-3.0	20.1	-3.0	20.1	
2.76172	-0.3	-35	20.0	23.0	-3.0	20.0	-3.0	20.0	
2.76562	-0.2	-35	20.0	23.0	-3.0	20.0	-3.0	20.0	
2.76953	-0.3	-35	19.9	23.0	-3.1	19.9	-3.1	19.9	
2.77344	-0.1	-35	20.0	23.0	-3.0	20.0	-3.0	20.0	
2.77734	0.1	-35	19.9	23.0	-3.1	19.9	-3.1	19.9	
2.78125	0.2	-35	19.9	23.0	-3.1	19.9	-3.1	19.9	
2.78516	0.3	-35	19.9	23.0	-3.1	19.9	-3.1	19.9	
2.78906	0.4	-35	19.9	23.0	-3.1	19.9	-3.1	19.9	
2.79297	0.5	-35	19.7	23.0	-3.3	19.7	-3.3	19.7	
2.79688	0.5	-35	19.7	23.0	-3.3	19.7	-3.3	19.7	
2.80078	0.4	-35	19.7	23.0	-3.3	19.7	-3.3	19.7	
2.80469	0.3	-35	19.7	23.1	-3.4	19.7	-3.4	19.7	
2.80859	-0.0	-35	19.7	23.1	-3.4	19.7	-3.4	19.7	
2.81250	-0.2	-35	19.7	23.1	-3.4	19.7	-3.4	19.7	
2.81641	-0.3	-35	19.7	23.1	-3.4	19.7	-3.4	19.7	
2.82031	-0.5	-35	19.6	23.1	-3.5	19.6	-3.5	19.6	
2.82422	-0.5	-35	19.6	23.1	-3.5	19.6	-3.5	19.6	
2.82812	-0.3	-35	19.7	23.1	-3.4	19.7	-3.4	19.7	
2.83203	-0.2	-35	19.6	23.2	-3.6	19.6	-3.6	19.6	
2.83594	-0.1	-35	19.6	23.2	-3.6	19.6	-3.6	19.6	
2.83984	-0.3	-35	19.6	23.2	-3.6	19.6	-3.6	19.6	
2.84375	-0.3	-35	19.5	23.2	-3.7	19.5	-3.7	19.5	
2.84766	-0.3	-35	19.5	23.2	-3.7	19.5	-3.7	19.5	
2.85156	-0.1	-35	19.5	23.3	-3.8	19.5	-3.8	19.5	
2.85547	0.1	-35	19.5	23.2	-3.7	19.5	-3.7	19.5	
2.85938	0.2	-35	19.5	23.2	-3.7	19.5	-3.7	19.5	
2.86328	0.4	-35	19.4	23.2	-3.8	19.4	-3.8	19.4	
2.86719	0.7	-35	19.3	23.3	-4.0	19.3	-4.0	19.3	
2.87109	1.1	-35	19.2	23.3	-4.1	19.2	-4.1	19.2	
2.87500	1.4	-35	19.2	23.3	-4.1	19.2	-4.1	19.2	
2.87891	1.6	-35	19.1	23.3	-4.2	19.1	-4.2	19.1	
2.88281	1.6	-35	19.0	23.3	-4.3	19.0	-4.3	19.0	
2.88672	1.7	-35	19.0	23.2	-4.2	19.0	-4.2	19.0	
2.89062	1.7	-35	19.0	23.2	-4.2	19.0	-4.2	19.0	
2.89453	1.5	-35	18.9	23.3	-4.4	18.9	-4.4	18.9	
2.89844	1.5	-34	18.8	23.3	-4.5	18.8	-4.5	18.8	
2.90234	1.4	-34	18.8	23.2	-4.4	18.8	-4.4	18.8	
2.90625	0.9	-34	18.8	23.2	-4.4	18.8	-4.4	18.8	
2.91016	0.4	-34	18.7	23.3	-4.6	18.7	-4.6	18.7	
2.91406	0.0	-34	18.7	23.3	-4.6	18.7	-4.6	18.7	
2.91797	-0.4	-34	18.7	23.3	-4.6	18.7	-4.6	18.7	
2.92188	-0.5	-34	18.7	23.2	-4.5	18.7	-4.5	18.7	
2.92578	-0.4	-34	18.7	23.2	-4.5	18.7	-4.5	18.7	
2.92969	-0.3	-34	18.7	23.2	-4.5	18.7	-4.5	18.7	
2.93359	-0.3	-34	18.7	23.2	-4.5	18.7	-4.5	18.7	
2.93750	-0.2	-34	18.7	23.2	-4.5	18.7	-4.5	18.7	
2.94141	-0.3	-34	18.7	23.2	-4.5	18.7	-4.5	18.7	
2.94531	-0.5	-34	18.7	23.1	-4.4	18.7	-4.4	18.7	
2.94922	-0.3	-34	18.6	23.1	-4.5	18.6	-4.5	18.6	
2.95312	-0.1	-34	18.6	23.1	-4.5	18.6	-4.5	18.6	
2.95703	-0.1	-34	18.6	23.1	-4.5	18.6	-4.5	18.6	
2.96094	-0.0	-34	18.6	23.0	-4.4	18.6	-4.4	18.6	
2.96484	0.1	-34	18.6	23.0	-4.4	18.6	-4.4	18.6	
2.96875	0.2	-34	18.5	22.9	-4.4	18.5	-4.4	18.5	
2.97266	0.4	-34	18.4	22.9	-4.5	18.4	-4.5	18.4	
2.97656	0.9	-34	18.5	22.9	-4.4	18.5	-4.4	18.5	
2.98047	1.4	-34	18.3	22.9	-4.6	18.3	-4.6	18.3	
2.98438	1.5	-34	18.2	22.8	-4.6	18.2	-4.6	18.2	
2.98828	1.7	-34	18.2	22.7	-4.5	18.2	-4.5	18.2	
2.99219	1.8	-34	18.1	22.7	-4.6	18.1	-4.6	18.1	
2.99609	1.7	-34	18.0	22.7	-4.7	18.0	-4.7	18.0	
3.00000	1.7	-34	18.0	22.6	-4.6	18.0	-4.6	18.0	
3.00391	1.8	-34	17.9	22.6	-4.7	17.9	-4.7	17.9	
3.00781	1.8	-33	17.8	22.5	-4.7	17.8	-4.7	17.8	
3.01172	1.6	-33	17.8	22.4	-4.6	17.8	-4.6	17.8	
3.01562	1.5	-33	17.7	22.4	-4.7	17.7	-4.7	17.7	
3.01953	1.1	-33	17.6	22.4	-4.8	17.6	-4.8	17.6	
3.02344	0.8	-33	17.6	22.3	-4.7	17.6	-4.7	17.6	
3.02734	0.7	-33	17.6	22.3	-4.7	17.6	-4.7	17.6	
3.03125	0.5	-33	17.6	22.3	-4.7	17.6	-4.7	17.6	
3.03516	0.2	-33	17.5	22.2	-4.7	17.5	-4.7	17.5	
3.03906	0.1	-33	17.6	22.1	-4.5	17.6	-4.5	17.6	
3.04297	-0.0	-33	17.6	22.1	-4.5	17.6	-4.5	17.6	
3.04688	-0.3	-33	17.5	22.0	-4.5	17.5	-4.5	17.5	
3.05078	-0.1	-33	17.4	22.0	-4.6	17.4	-4.6	17.4	
3.05469	-0.0	-33	17.5	22.0	-4.5	17.5	-4.5	17.5	
3.05859	-0.3	-33	17.5	21.9	-4.4	17.5	-4.4	17.5	
3.06250	-0.1	-33	17.4	21.9	-4.5	17.4	-4.5	17.4	
3.06641	-0.0	-33	17.4	21.9	-4.5	17.4	-4.5	17.4	
3.07031	-0.2	-33	17.4	21.8	-4.4	17.4	-4.4	17.4	
3.07422	-0.0	-33	17.3	21.7	-4.4	17.3	-4.4	17.3	
3.07812	0.2	-33	17.4	21.7	-4.3	17.4	-4.3	17.4	
3.08203	0.1	-33	17.3	21.6	-4.3	17.3	-4.3	17.3	
3.08594	0.3	-33	17.2	21.6	-4.4	17.2	-4.4	17.2	
3.08984	0.5	-33	17.2	21.6	-4.4	17.2	-4.4	17.2	
3.09375	0.7	-33	17.2	21.5	-4.3	17.2	-4.3	17.2	
3.09766	0.8	-33	17.1	21.5	-4.4	17.1	-4.4	17.1	
3.10156	1.0	-33	17.1	21.4	-4.3	17.1	-4.3	17.1	
3.10547	1.0	-33	17.0	21.4	-4.4	17.0	-4.4	17.0	
3.10938	1.1	-33	16.9	21.4	-4.5	16.9	-4.5	16.9	
3.11328	1.2	-33	16.9	21.3	-4.4	16.9	-4.4	16.9	
3.11719	1.1	-33	16.8	21.3	-4.5	16.8	-4.5	16.8	
3.12109	1.1	-33	16.7	21.3	-4.6	16.7	-4.6	16.7	
3.12500	1.2	-32	16.7	21.2	-4.5	16.7	-4.5	16.7	
3.12891	1.4	-32	16.6	21.1	-4.5	16.6	-4.5	16.6	
3.13281	1.4	-32	16.5	21.1	-4.6	16.5	-4.6	16.5	
3.13672	1.4	-32	16.5	21.0	-4.5	16.5	-4.5	16.5	
3.14062	1.5	-32	16.4	21.0	-4.6	16.4	-4.6	16.4	
3.14453	1.6	-32	16.3	20.9	-4.6	16.3	-4.6	16.3	
3.14844	1.9	-32	16.2	20.8	-4.6	16.2	-4.6	16.2	
3.15234	2.1	-32	16.2	20.8	-4.6	16.2	-4.6	16.2	
3.15625	2.3	-32	16.1	20.7	-4.6	16.1	-4.6	16.1	
3.16016	2.5	-31	15.9	20.6	-4.7	15.9	-4.7	15.9	
3.16406	2.6	-31	15.9	20.6	-4.7	15.9	-4.7	15.9	
3.16797	2.6	-31	15.8	20.5	-4.7	15.8	-4.7	15.8	
3.17188	3.0	-31	15.7	20.4	-4.7	15.7	-4.7	15.7	
3.17578	3.4	-31	15.6	20.3	-4.7	15.6	-4.7	15.6	
