FluxView - FluxMed acquisition system
Signal file
Serial Number	:
W version:	1.20h-OX-CO2	File version:	1.13
Sampling rate:	256 Hz
Time	Flow	Volume	Paw	Pes	Ptpulm	Pga	Ptdiaf	CO2	
0.00391	1.7	10868	19.3	14.5	4.8	6.2	-8.3	14.5	
0.00781	1.5	10869	19.2	14.5	4.7	6.2	-8.3	14.5	
0.01172	1.4	10869	19.2	14.5	4.7	6.2	-8.3	14.5	
0.01562	1.2	10869	19.1	14.5	4.6	6.2	-8.3	14.5	
0.01953	0.9	10869	19.1	14.5	4.6	6.2	-8.3	14.5	
0.02344	0.7	10869	19.1	14.5	4.6	6.2	-8.3	14.5	
0.02734	0.5	10869	19.1	14.5	4.6	6.2	-8.3	14.5	
0.03125	0.2	10869	19.1	14.5	4.6	6.2	-8.3	14.5	
0.03516	0.0	10869	19.1	14.5	4.6	6.2	-8.3	14.5	
0.03906	-0.1	10869	19.2	14.5	4.7	6.2	-8.3	14.5	
0.04297	-0.2	10869	19.2	14.5	4.7	6.2	-8.3	14.5	
0.04688	-0.3	10869	19.2	14.6	4.6	6.2	-8.4	14.6	
0.05078	-0.4	10869	19.3	14.6	4.7	6.2	-8.4	14.6	
0.05469	-0.4	10869	19.4	14.5	4.9	6.2	-8.3	14.5	
0.05859	-0.3	10869	19.4	14.5	4.9	6.2	-8.3	14.5	
0.06250	-0.3	10869	19.5	14.6	4.9	6.2	-8.4	14.6	
0.06641	-0.1	10869	19.5	14.6	4.9	6.2	-8.4	14.6	
0.07031	-0.1	10869	19.6	14.6	5.0	6.2	-8.4	14.6	
0.07422	0.0	10869	19.6	14.6	5.0	6.2	-8.4	14.6	
0.07812	0.1	10869	19.6	14.6	5.0	6.2	-8.4	14.6	
0.08203	0.1	10869	19.7	14.6	5.1	6.2	-8.4	14.6	
0.08594	0.2	10869	19.7	14.6	5.1	6.2	-8.4	14.6	
0.08984	0.3	10869	19.7	14.6	5.1	6.2	-8.4	14.6	
0.09375	0.3	10869	19.7	14.6	5.1	6.2	-8.4	14.6	
0.09766	0.3	10869	19.7	14.6	5.1	6.2	-8.4	14.6	
0.10156	0.3	10869	19.7	14.6	5.1	6.2	-8.4	14.6	
0.10547	0.3	10869	19.7	14.6	5.1	6.2	-8.4	14.6	
0.10938	0.3	10869	19.7	14.6	5.1	6.2	-8.4	14.6	
0.11328	0.3	10869	19.7	14.6	5.1	6.2	-8.4	14.6	
0.11719	0.3	10869	19.7	14.6	5.1	6.2	-8.4	14.6	
0.12109	0.3	10869	19.7	14.6	5.1	6.2	-8.4	14.6	
0.12500	0.3	10869	19.7	14.6	5.1	6.2	-8.4	14.6	
0.12891	0.2	10869	19.7	14.7	5.0	6.2	-8.5	14.7	
0.13281	0.2	10869	19.7	14.7	5.0	6.2	-8.5	14.7	
0.13672	0.2	10869	19.7	14.7	5.0	6.2	-8.5	14.7	
0.14062	0.2	10869	19.7	14.7	5.0	6.2	-8.5	14.7	
0.14453	0.2	10869	19.8	14.7	5.1	6.2	-8.5	14.7	
0.14844	0.2	10869	19.8	14.7	5.1	6.2	-8.5	14.7	
0.15234	0.2	10869	19.8	14.7	5.1	6.2	-8.5	14.7	
0.15625	0.2	10869	19.8	14.7	5.1	6.2	-8.5	14.7	
0.16016	0.2	10869	19.9	14.7	5.2	6.2	-8.5	14.7	
0.16406	0.2	10869	19.9	14.7	5.2	6.2	-8.5	14.7	
0.16797	0.2	10869	19.9	14.7	5.2	6.2	-8.5	14.7	
0.17188	0.2	10869	19.9	14.7	5.2	6.2	-8.5	14.7	
0.17578	0.2	10869	19.9	14.7	5.2	6.2	-8.5	14.7	
0.17969	0.2	10869	19.9	14.7	5.2	6.2	-8.5	14.7	
0.18359	0.2	10869	19.9	14.7	5.2	6.2	-8.5	14.7	
0.18750	0.3	10869	19.9	14.7	5.2	6.2	-8.5	14.7	
0.19141	0.3	10869	20.0	14.7	5.3	6.2	-8.5	14.7	
0.19531	0.3	10869	20.0	14.7	5.3	6.2	-8.5	14.7	
0.19922	0.3	10869	20.0	14.7	5.3	6.2	-8.5	14.7	
0.20312	0.3	10869	20.0	14.7	5.3	6.2	-8.5	14.7	
0.20703	0.3	10869	20.0	14.7	5.3	6.2	-8.5	14.7	
0.21094	0.3	10869	19.9	14.7	5.2	6.2	-8.5	14.7	
0.21484	0.3	10869	19.9	14.7	5.2	6.2	-8.5	14.7	
0.21875	0.3	10869	19.9	14.7	5.2	6.2	-8.5	14.7	
0.22266	0.3	10869	19.9	14.8	5.1	6.2	-8.6	14.8	
0.22656	0.3	10869	19.9	14.7	5.2	6.2	-8.5	14.7	
0.23047	0.3	10869	19.9	14.7	5.2	6.2	-8.5	14.7	
0.23438	0.3	10869	19.9	14.7	5.2	6.2	-8.5	14.7	
0.23828	0.3	10869	19.9	14.7	5.2	6.2	-8.5	14.7	
0.24219	0.3	10869	19.9	14.8	5.1	6.2	-8.6	14.8	
0.24609	0.3	10869	19.9	14.8	5.1	6.2	-8.6	14.8	
0.25000	0.3	10869	19.9	14.8	5.1	6.2	-8.6	14.8	
0.25391	0.3	10869	19.9	14.8	5.1	6.2	-8.6	14.8	
0.25781	0.2	10870	19.9	14.8	5.1	6.2	-8.6	14.8	
0.26172	0.3	10870	19.9	14.8	5.1	6.2	-8.6	14.8	
0.26562	0.3	10870	19.9	14.8	5.1	6.2	-8.6	14.8	
0.26953	0.3	10870	19.9	14.8	5.1	6.2	-8.6	14.8	
0.27344	0.3	10870	19.9	14.8	5.1	6.2	-8.6	14.8	
0.27734	0.3	10870	19.9	14.8	5.1	6.2	-8.6	14.8	
0.28125	0.2	10870	19.9	14.8	5.1	6.2	-8.6	14.8	
0.28516	0.2	10870	19.9	14.8	5.1	6.2	-8.6	14.8	
0.28906	0.2	10870	19.9	14.8	5.1	6.2	-8.6	14.8	
0.29297	0.2	10870	19.9	14.8	5.1	6.2	-8.6	14.8	
0.29688	0.2	10870	20.0	14.8	5.2	6.2	-8.6	14.8	
0.30078	0.2	10870	20.0	14.9	5.1	6.2	-8.7	14.9	
0.30469	0.2	10870	20.0	14.9	5.1	6.2	-8.7	14.9	
0.30859	0.2	10870	20.0	14.9	5.1	6.2	-8.7	14.9	
0.31250	0.2	10870	20.0	14.9	5.1	6.2	-8.7	14.9	
0.31641	0.2	10870	20.0	14.9	5.1	6.2	-8.7	14.9	
0.32031	0.2	10870	20.0	14.9	5.1	6.2	-8.7	14.9	
0.32422	0.2	10870	20.0	14.9	5.1	6.2	-8.7	14.9	
0.32812	0.2	10870	20.0	14.9	5.1	6.2	-8.7	14.9	
0.33203	0.2	10870	20.0	14.9	5.1	6.2	-8.7	14.9	
0.33594	0.3	10870	20.0	14.9	5.1	6.2	-8.7	14.9	
0.33984	0.3	10870	20.0	14.9	5.1	6.2	-8.7	14.9	
0.34375	0.2	10870	20.1	14.9	5.2	6.2	-8.7	14.9	
0.34766	0.3	10870	20.1	14.9	5.2	6.2	-8.7	14.9	
0.35156	0.3	10870	20.0	14.9	5.1	6.2	-8.7	14.9	
0.35547	0.3	10870	20.0	14.9	5.1	6.2	-8.7	14.9	
0.35938	0.3	10870	20.0	14.9	5.1	6.2	-8.7	14.9	
0.36328	0.3	10870	20.0	14.9	5.1	6.2	-8.7	14.9	
0.36719	0.3	10870	20.0	14.9	5.1	6.2	-8.7	14.9	
0.37109	0.3	10870	20.0	14.9	5.1	6.2	-8.7	14.9	
0.37500	0.3	10870	20.0	14.9	5.1	6.2	-8.7	14.9	
0.37891	0.3	10870	20.0	14.9	5.1	6.2	-8.7	14.9	
0.38281	0.3	10870	20.0	14.9	5.1	6.2	-8.7	14.9	
0.38672	0.2	10870	20.0	14.9	5.1	6.2	-8.7	14.9	
0.39062	0.2	10870	20.0	14.9	5.1	6.2	-8.7	14.9	
0.39453	0.1	10870	20.0	14.9	5.1	6.2	-8.7	14.9	
0.39844	-0.0	10870	20.1	14.9	5.2	6.2	-8.7	14.9	
0.40234	-0.1	10870	20.1	14.9	5.2	6.2	-8.7	14.9	
0.40625	-0.2	10870	20.1	14.9	5.2	6.2	-8.7	14.9	
0.41016	-0.3	10870	20.2	14.9	5.3	6.2	-8.7	14.9	
0.41406	-0.4	10870	20.2	14.9	5.3	6.2	-8.7	14.9	
0.41797	-0.4	10870	20.3	14.9	5.4	6.2	-8.7	14.9	
0.42188	-0.4	10870	20.4	14.9	5.5	6.2	-8.7	14.9	
0.42578	-0.5	10870	20.5	14.9	5.6	6.2	-8.7	14.9	
0.42969	-0.4	10870	20.5	14.9	5.6	6.2	-8.7	14.9	
0.43359	-0.3	10870	20.6	14.9	5.7	6.2	-8.7	14.9	
0.43750	-0.3	10870	20.6	14.9	5.7	6.2	-8.7	14.9	
0.44141	-0.2	10870	20.7	14.9	5.8	6.2	-8.7	14.9	
0.44531	-0.1	10870	20.7	14.9	5.8	6.2	-8.7	14.9	
0.44922	0.0	10870	20.8	14.9	5.9	6.2	-8.7	14.9	
0.45312	0.1	10870	20.8	14.9	5.9	6.2	-8.7	14.9	
0.45703	0.2	10870	20.8	14.9	5.9	6.2	-8.7	14.9	
0.46094	0.3	10870	20.8	14.9	5.9	6.2	-8.7	14.9	
0.46484	0.4	10870	20.8	14.9	5.9	6.2	-8.7	14.9	
0.46875	0.5	10870	20.8	14.9	5.9	6.2	-8.7	14.9	
0.47266	0.5	10870	20.8	15.0	5.8	6.2	-8.8	15.0	
0.47656	0.5	10870	20.7	15.0	5.7	6.2	-8.8	15.0	
0.48047	0.5	10870	20.7	15.0	5.7	6.2	-8.8	15.0	
0.48438	0.5	10870	20.7	15.0	5.7	6.2	-8.8	15.0	
0.48828	0.5	10870	20.6	15.0	5.6	6.2	-8.8	15.0	
0.49219	0.5	10870	20.6	15.0	5.6	6.2	-8.8	15.0	
0.49609	0.4	10870	20.5	15.0	5.5	6.2	-8.8	15.0	
0.50000	0.4	10870	20.5	15.0	5.5	6.2	-8.8	15.0	
0.50391	0.4	10870	20.5	15.0	5.5	6.2	-8.8	15.0	
0.50781	0.3	10870	20.5	15.0	5.5	6.2	-8.8	15.0	
0.51172	0.3	10870	20.5	15.0	5.5	6.2	-8.8	15.0	
0.51562	0.3	10870	20.5	15.0	5.5	6.2	-8.8	15.0	
0.51953	0.2	10870	20.5	15.0	5.5	6.2	-8.8	15.0	
0.52344	0.2	10870	20.5	15.0	5.5	6.2	-8.8	15.0	
0.52734	0.1	10870	20.5	15.0	5.5	6.2	-8.8	15.0	
0.53125	0.1	10870	20.5	15.0	5.5	6.2	-8.8	15.0	
0.53516	0.2	10870	20.5	15.0	5.5	6.2	-8.8	15.0	
0.53906	0.2	10870	20.5	15.0	5.5	6.2	-8.8	15.0	
0.54297	0.2	10870	20.6	15.0	5.6	6.2	-8.8	15.0	
0.54688	0.2	10870	20.6	15.0	5.6	6.2	-8.8	15.0	
0.55078	0.2	10870	20.6	15.0	5.6	6.2	-8.8	15.0	
0.55469	0.2	10870	20.6	15.0	5.6	6.2	-8.8	15.0	
0.55859	0.3	10870	20.6	15.0	5.6	6.2	-8.8	15.0	
0.56250	0.3	10870	20.6	15.0	5.6	6.2	-8.8	15.0	
0.56641	0.4	10870	20.6	15.1	5.5	6.2	-8.9	15.1	
0.57031	0.3	10870	20.6	15.1	5.5	6.2	-8.9	15.1	
0.57422	0.3	10870	20.6	15.1	5.5	6.2	-8.9	15.1	
0.57812	0.4	10871	20.6	15.1	5.5	6.2	-8.9	15.1	
0.58203	0.4	10871	20.6	15.1	5.5	6.2	-8.9	15.1	
0.58594	0.4	10871	20.5	15.1	5.4	6.2	-8.9	15.1	
0.58984	0.4	10871	20.5	15.1	5.4	6.2	-8.9	15.1	
0.59375	0.4	10871	20.5	15.1	5.4	6.2	-8.9	15.1	
0.59766	0.4	10871	20.5	15.1	5.4	6.2	-8.9	15.1	
0.60156	0.4	10871	20.4	15.1	5.3	6.2	-8.9	15.1	
0.60547	0.3	10871	20.4	15.1	5.3	6.2	-8.9	15.1	
0.60938	0.3	10871	20.4	15.1	5.3	6.2	-8.9	15.1	
0.61328	0.3	10871	20.4	15.1	5.3	6.2	-8.9	15.1	
0.61719	0.3	10871	20.4	15.1	5.3	6.2	-8.9	15.1	
0.62109	0.3	10871	20.3	15.1	5.2	6.2	-8.9	15.1	
0.62500	0.2	10871	20.3	15.1	5.2	6.2	-8.9	15.1	
0.62891	0.3	10871	20.3	15.2	5.1	6.2	-9.0	15.2	
0.63281	0.3	10871	20.3	15.2	5.1	6.2	-9.0	15.2	
0.63672	0.3	10871	20.3	15.1	5.2	6.2	-8.9	15.1	
0.64062	0.2	10871	20.3	15.2	5.1	6.2	-9.0	15.2	
0.64453	0.3	10871	20.3	15.2	5.1	6.2	-9.0	15.2	
0.64844	0.2	10871	20.3	15.2	5.1	6.2	-9.0	15.2	
0.65234	0.3	10871	20.3	15.2	5.1	6.2	-9.0	15.2	
0.65625	0.3	10871	20.3	15.2	5.1	6.2	-9.0	15.2	
0.66016	0.3	10871	20.3	15.2	5.1	6.2	-9.0	15.2	
0.66406	0.3	10871	20.3	15.2	5.1	6.2	-9.0	15.2	
0.66797	0.3	10871	20.3	15.2	5.1	6.2	-9.0	15.2	
0.67188	0.3	10871	20.3	15.2	5.1	6.2	-9.0	15.2	
0.67578	0.3	10871	20.3	15.2	5.1	6.2	-9.0	15.2	
0.67969	0.3	10871	20.3	15.2	5.1	6.2	-9.0	15.2	
0.68359	0.3	10871	20.3	15.2	5.1	6.2	-9.0	15.2	
0.68750	0.3	10871	20.3	15.2	5.1	6.2	-9.0	15.2	
0.69141	0.3	10871	20.3	15.2	5.1	6.2	-9.0	15.2	
0.69531	0.3	10871	20.3	15.2	5.1	6.2	-9.0	15.2	
0.69922	0.3	10871	20.2	15.2	5.0	6.2	-9.0	15.2	
0.70312	0.3	10871	20.2	15.2	5.0	6.2	-9.0	15.2	
0.70703	0.3	10871	20.2	15.2	5.0	6.2	-9.0	15.2	
0.71094	0.3	10871	20.2	15.2	5.0	6.2	-9.0	15.2	
0.71484	0.2	10871	20.2	15.2	5.0	6.2	-9.0	15.2	
0.71875	0.2	10871	20.2	15.2	5.0	6.2	-9.0	15.2	
0.72266	0.2	10871	20.2	15.2	5.0	6.2	-9.0	15.2	
0.72656	0.2	10871	20.2	15.2	5.0	6.2	-9.0	15.2	
0.73047	0.2	10871	20.2	15.2	5.0	6.2	-9.0	15.2	
0.73438	0.2	10871	20.2	15.2	5.0	6.2	-9.0	15.2	
0.73828	0.2	10871	20.2	15.2	5.0	6.2	-9.0	15.2	
0.74219	0.2	10871	20.2	15.2	5.0	6.2	-9.0	15.2	
0.74609	0.2	10871	20.2	15.2	5.0	6.2	-9.0	15.2	
0.75000	0.2	10871	20.3	15.2	5.1	6.2	-9.0	15.2	
0.75391	0.2	10871	20.3	15.2	5.1	6.2	-9.0	15.2	
0.75781	0.2	10871	20.3	15.2	5.1	6.2	-9.0	15.2	
0.76172	0.2	10871	20.3	15.2	5.1	6.2	-9.0	15.2	
0.76562	0.2	10871	20.3	15.2	5.1	6.2	-9.0	15.2	
0.76953	0.2	10871	20.4	15.2	5.2	6.2	-9.0	15.2	
0.77344	0.2	10871	20.4	15.2	5.2	6.2	-9.0	15.2	
0.77734	0.2	10871	20.4	15.3	5.1	6.2	-9.1	15.3	
0.78125	0.2	10871	20.4	15.2	5.2	6.2	-9.0	15.2	
0.78516	0.3	10871	20.4	15.2	5.2	6.2	-9.0	15.2	
0.78906	0.2	10871	20.4	15.2	5.2	6.2	-9.0	15.2	
0.79297	0.2	10871	20.4	15.2	5.2	6.2	-9.0	15.2	
0.79688	0.2	10871	20.5	15.3	5.2	6.2	-9.1	15.3	
0.80078	0.2	10872	20.5	15.3	5.2	6.2	-9.1	15.3	
0.80469	0.2	10872	20.5	15.3	5.2	6.2	-9.1	15.3	
0.80859	0.3	10872	20.5	15.3	5.2	6.2	-9.1	15.3	
0.81250	0.2	10872	20.5	15.3	5.2	6.2	-9.1	15.3	
0.81641	0.2	10872	20.5	15.3	5.2	6.2	-9.1	15.3	
0.82031	0.2	10872	20.5	15.3	5.2	6.2	-9.1	15.3	
0.82422	0.2	10872	20.5	15.3	5.2	6.2	-9.1	15.3	
0.82812	0.2	10872	20.5	15.3	5.2	6.2	-9.1	15.3	
0.83203	0.2	10872	20.5	15.3	5.2	6.2	-9.1	15.3	
0.83594	0.2	10872	20.5	15.3	5.2	6.2	-9.1	15.3	
0.83984	0.2	10872	20.5	15.3	5.2	6.2	-9.1	15.3	
0.84375	0.2	10872	20.5	15.3	5.2	6.2	-9.1	15.3	
0.84766	0.2	10872	20.5	15.3	5.2	6.2	-9.1	15.3	
0.85156	0.2	10872	20.5	15.3	5.2	6.2	-9.1	15.3	
0.85547	0.2	10872	20.5	15.3	5.2	6.2	-9.1	15.3	
0.85938	0.3	10872	20.5	15.3	5.2	6.2	-9.1	15.3	
0.86328	0.3	10872	20.5	15.3	5.2	6.2	-9.1	15.3	
0.86719	0.2	10872	20.5	15.4	5.1	6.2	-9.2	15.4	
0.87109	0.2	10872	20.5	15.4	5.1	6.2	-9.2	15.4	
0.87500	0.2	10872	20.5	15.3	5.2	6.2	-9.1	15.3	
0.87891	0.3	10872	20.5	15.4	5.1	6.2	-9.2	15.4	
0.88281	0.3	10872	20.6	15.4	5.2	6.2	-9.2	15.4	
0.88672	0.3	10872	20.6	15.4	5.2	6.2	-9.2	15.4	
0.89062	0.3	10872	20.5	15.4	5.1	6.2	-9.2	15.4	
0.89453	0.3	10872	20.6	15.4	5.2	6.2	-9.2	15.4	
0.89844	0.3	10872	20.6	15.4	5.2	6.2	-9.2	15.4	
0.90234	0.3	10872	20.6	15.4	5.2	6.2	-9.2	15.4	
0.90625	0.3	10872	20.5	15.4	5.1	6.2	-9.2	15.4	
0.91016	0.3	10872	20.5	15.4	5.1	6.2	-9.2	15.4	
0.91406	0.3	10872	20.5	15.4	5.1	6.2	-9.2	15.4	
0.91797	0.3	10872	20.5	15.4	5.1	6.2	-9.2	15.4	
0.92188	0.3	10872	20.5	15.4	5.1	6.2	-9.2	15.4	
0.92578	0.3	10872	20.5	15.4	5.1	6.2	-9.2	15.4	
0.92969	0.3	10872	20.5	15.4	5.1	6.2	-9.2	15.4	
0.93359	0.3	10872	20.5	15.4	5.1	6.2	-9.2	15.4	
0.93750	0.3	10872	20.5	15.4	5.1	6.2	-9.2	15.4	
0.94141	0.3	10872	20.5	15.4	5.1	6.2	-9.2	15.4	
0.94531	0.2	10872	20.5	15.4	5.1	6.2	-9.2	15.4	
0.94922	0.2	10872	20.5	15.4	5.1	6.2	-9.2	15.4	
0.95312	0.3	10872	20.5	15.4	5.1	6.2	-9.2	15.4	
0.95703	0.3	10872	20.5	15.4	5.1	6.2	-9.2	15.4	
0.96094	0.3	10872	20.5	15.4	5.1	6.2	-9.2	15.4	
0.96484	0.3	10872	20.5	15.4	5.1	6.2	-9.2	15.4	
0.96875	0.2	10872	20.5	15.4	5.1	6.2	-9.2	15.4	
0.97266	0.2	10872	20.5	15.4	5.1	6.2	-9.2	15.4	
0.97656	0.3	10872	20.5	15.4	5.1	6.2	-9.2	15.4	
0.98047	0.2	10872	20.5	15.4	5.1	6.2	-9.2	15.4	
0.98438	0.2	10872	20.5	15.4	5.1	6.2	-9.2	15.4	
0.98828	0.2	10872	20.5	15.4	5.1	6.2	-9.2	15.4	
0.99219	0.2	10872	20.5	15.4	5.1	6.2	-9.2	15.4	
0.99609	0.2	10872	20.5	15.4	5.1	6.2	-9.2	15.4	
1.00000	0.2	10872	20.5	15.4	5.1	6.2	-9.2	15.4	
1.00391	0.2	10872	20.6	15.5	5.1	6.2	-9.3	15.5	
1.00781	0.2	10872	20.6	15.5	5.1	6.2	-9.3	15.5	
1.01172	0.2	10872	20.6	15.5	5.1	6.2	-9.3	15.5	
1.01562	0.3	10872	20.6	15.5	5.1	6.2	-9.3	15.5	
1.01953	0.2	10872	20.6	15.5	5.1	6.2	-9.3	15.5	
1.02344	0.2	10872	20.6	15.5	5.1	6.2	-9.3	15.5	
1.02734	0.2	10872	20.6	15.5	5.1	6.2	-9.3	15.5	
1.03125	0.2	10872	20.7	15.5	5.2	6.2	-9.3	15.5	
1.03516	0.2	10872	20.7	15.5	5.2	6.2	-9.3	15.5	
1.03906	0.3	10872	20.7	15.5	5.2	6.2	-9.3	15.5	
1.04297	0.3	10872	20.7	15.5	5.2	6.2	-9.3	15.5	
1.04688	0.3	10873	20.7	15.5	5.2	6.2	-9.3	15.5	
1.05078	0.3	10873	20.7	15.5	5.2	6.2	-9.3	15.5	
1.05469	0.3	10873	20.7	15.5	5.2	6.2	-9.3	15.5	
1.05859	0.3	10873	20.7	15.5	5.2	6.2	-9.3	15.5	
1.06250	0.3	10873	20.7	15.5	5.2	6.2	-9.3	15.5	
1.06641	0.3	10873	20.7	15.5	5.2	6.2	-9.3	15.5	
1.07031	0.4	10873	20.7	15.5	5.2	6.2	-9.3	15.5	
1.07422	0.4	10873	20.7	15.5	5.2	6.2	-9.3	15.5	
1.07812	0.4	10873	20.7	15.5	5.2	6.2	-9.3	15.5	
1.08203	0.4	10873	20.6	15.5	5.1	6.2	-9.3	15.5	
1.08594	0.4	10873	20.6	15.5	5.1	6.2	-9.3	15.5	
1.08984	0.4	10873	20.6	15.5	5.1	6.2	-9.3	15.5	
1.09375	0.3	10873	20.6	15.5	5.1	6.2	-9.3	15.5	
1.09766	0.3	10873	20.6	15.5	5.1	6.2	-9.3	15.5	
1.10156	0.2	10873	20.6	15.5	5.1	6.2	-9.3	15.5	
1.10547	0.1	10873	20.6	15.5	5.1	6.2	-9.3	15.5	
1.10938	0.1	10873	20.6	15.5	5.1	6.2	-9.3	15.5	
1.11328	-0.0	10873	20.7	15.5	5.2	6.2	-9.3	15.5	
1.11719	-0.1	10873	20.7	15.5	5.2	6.2	-9.3	15.5	
1.12109	-0.2	10873	20.8	15.5	5.3	6.2	-9.3	15.5	
1.12500	-0.3	10873	20.8	15.5	5.3	6.2	-9.3	15.5	
1.12891	-0.4	10873	20.9	15.5	5.4	6.2	-9.3	15.5	
1.13281	-0.5	10873	21.0	15.5	5.5	6.2	-9.3	15.5	
1.13672	-0.5	10873	21.0	15.5	5.5	6.2	-9.3	15.5	
1.14062	-0.5	10873	21.1	15.5	5.6	6.2	-9.3	15.5	
1.14453	-0.5	10873	21.2	15.5	5.7	6.2	-9.3	15.5	
1.14844	-0.5	10873	21.3	15.5	5.8	6.2	-9.3	15.5	
1.15234	-0.4	10873	21.4	15.5	5.9	6.2	-9.3	15.5	
1.15625	-0.3	10873	21.4	15.5	5.9	6.2	-9.3	15.5	
1.16016	-0.2	10873	21.4	15.5	5.9	6.2	-9.3	15.5	
1.16406	-0.1	10873	21.5	15.5	6.0	6.2	-9.3	15.5	
1.16797	0.0	10873	21.5	15.5	6.0	6.2	-9.3	15.5	
1.17188	0.1	10873	21.5	15.5	6.0	6.2	-9.3	15.5	
1.17578	0.2	10873	21.5	15.5	6.0	6.2	-9.3	15.5	
1.17969	0.3	10873	21.5	15.5	6.0	6.2	-9.3	15.5	
1.18359	0.4	10873	21.5	15.5	6.0	6.2	-9.3	15.5	
1.18750	0.4	10873	21.5	15.5	6.0	6.2	-9.3	15.5	
1.19141	0.5	10873	21.5	15.5	6.0	6.2	-9.3	15.5	
1.19531	0.5	10873	21.4	15.6	5.8	6.2	-9.4	15.6	
1.19922	0.5	10873	21.4	15.5	5.9	6.2	-9.3	15.5	
1.20312	0.5	10873	21.4	15.5	5.9	6.2	-9.3	15.5	
1.20703	0.5	10873	21.3	15.6	5.7	6.2	-9.4	15.6	
1.21094	0.5	10873	21.3	15.6	5.7	6.2	-9.4	15.6	
1.21484	0.5	10873	21.3	15.6	5.7	6.2	-9.4	15.6	
1.21875	0.4	10873	21.2	15.6	5.6	6.2	-9.4	15.6	
1.22266	0.4	10873	21.2	15.6	5.6	6.2	-9.4	15.6	
1.22656	0.3	10873	21.2	15.6	5.6	6.2	-9.4	15.6	
1.23047	0.3	10873	21.2	15.6	5.6	6.2	-9.4	15.6	
1.23438	0.2	10873	21.2	15.6	5.6	6.2	-9.4	15.6	
1.23828	0.3	10873	21.2	15.6	5.6	6.2	-9.4	15.6	
1.24219	0.2	10873	21.2	15.6	5.6	6.2	-9.4	15.6	
1.24609	0.2	10873	21.2	15.6	5.6	6.2	-9.4	15.6	
1.25000	0.2	10873	21.2	15.6	5.6	6.2	-9.4	15.6	
1.25391	0.2	10873	21.2	15.6	5.6	6.2	-9.4	15.6	
1.25781	0.2	10873	21.2	15.6	5.6	6.2	-9.4	15.6	
1.26172	0.2	10873	21.2	15.6	5.6	6.2	-9.4	15.6	
1.26562	0.2	10873	21.3	15.6	5.7	6.2	-9.4	15.6	
1.26953	0.2	10873	21.3	15.6	5.7	6.2	-9.4	15.6	
1.27344	0.3	10873	21.3	15.6	5.7	6.2	-9.4	15.6	
1.27734	0.3	10873	21.3	15.6	5.7	6.2	-9.4	15.6	
1.28125	0.3	10873	21.3	15.6	5.7	6.2	-9.4	15.6	
1.28516	0.3	10873	21.3	15.6	5.7	6.2	-9.4	15.6	
1.28906	0.3	10873	21.2	15.6	5.6	6.2	-9.4	15.6	
1.29297	0.4	10873	21.2	15.6	5.6	6.2	-9.4	15.6	
1.29688	0.4	10873	21.2	15.6	5.6	6.2	-9.4	15.6	
1.30078	0.4	10873	21.2	15.7	5.5	6.2	-9.5	15.7	
1.30469	0.4	10873	21.1	15.7	5.4	6.2	-9.5	15.7	
1.30859	0.4	10873	21.1	15.7	5.4	6.2	-9.5	15.7	
1.31250	0.4	10873	21.1	15.7	5.4	6.2	-9.5	15.7	
1.31641	0.4	10873	21.1	15.7	5.4	6.2	-9.5	15.7	
1.32031	0.4	10873	21.0	15.7	5.3	6.2	-9.5	15.7	
1.32422	0.3	10873	21.0	15.7	5.3	6.2	-9.5	15.7	
1.32812	0.3	10873	21.0	15.7	5.3	6.2	-9.5	15.7	
1.33203	0.3	10873	21.0	15.7	5.3	6.2	-9.5	15.7	
1.33594	0.2	10873	21.0	15.7	5.3	6.2	-9.5	15.7	
1.33984	0.2	10873	21.0	15.7	5.3	6.2	-9.5	15.7	
1.34375	0.2	10873	21.0	15.7	5.3	6.2	-9.5	15.7	
1.34766	0.2	10874	20.9	15.7	5.2	6.2	-9.5	15.7	
1.35156	0.2	10874	21.0	15.7	5.3	6.2	-9.5	15.7	
1.35547	0.2	10874	21.0	15.7	5.3	6.2	-9.5	15.7	
1.35938	0.2	10874	21.0	15.7	5.3	6.2	-9.5	15.7	
1.36328	0.2	10874	21.0	15.7	5.3	6.2	-9.5	15.7	
1.36719	0.2	10874	21.0	15.7	5.3	6.2	-9.5	15.7	
1.37109	0.3	10874	21.0	15.7	5.3	6.2	-9.5	15.7	
1.37500	0.2	10874	21.0	15.8	5.2	6.2	-9.6	15.8	
1.37891	0.3	10874	21.0	15.8	5.2	6.2	-9.6	15.8	
1.38281	0.3	10874	21.0	15.8	5.2	6.2	-9.6	15.8	
1.38672	0.3	10874	21.0	15.8	5.2	6.2	-9.6	15.8	
1.39062	0.3	10874	21.0	15.8	5.2	6.2	-9.6	15.8	
1.39453	0.3	10874	21.0	15.8	5.2	6.2	-9.6	15.8	
1.39844	0.3	10874	21.0	15.8	5.2	6.2	-9.6	15.8	
1.40234	0.3	10874	21.0	15.8	5.2	6.2	-9.6	15.8	
1.40625	0.3	10874	21.0	15.8	5.2	6.2	-9.6	15.8	
1.41016	0.3	10874	21.0	15.8	5.2	6.2	-9.6	15.8	
1.41406	0.3	10874	20.9	15.8	5.1	6.2	-9.6	15.8	
1.41797	0.3	10874	20.9	15.8	5.1	6.2	-9.6	15.8	
1.42188	0.3	10874	20.9	15.8	5.1	6.2	-9.6	15.8	
1.42578	0.3	10874	20.9	15.8	5.1	6.2	-9.6	15.8	
1.42969	0.3	10874	20.9	15.8	5.1	6.2	-9.6	15.8	
1.43359	0.2	10874	20.9	15.8	5.1	6.2	-9.6	15.8	
1.43750	0.3	10874	20.9	15.8	5.1	6.2	-9.6	15.8	
1.44141	0.2	10874	20.9	15.8	5.1	6.2	-9.6	15.8	
1.44531	0.2	10874	20.9	15.8	5.1	6.2	-9.6	15.8	
1.44922	0.2	10874	20.9	15.8	5.1	6.2	-9.6	15.8	
1.45312	0.2	10874	20.9	15.8	5.1	6.2	-9.6	15.8	
1.45703	0.2	10874	21.0	15.8	5.2	6.2	-9.6	15.8	
1.46094	0.2	10874	21.0	15.8	5.2	6.2	-9.6	15.8	
1.46484	0.2	10874	21.0	15.8	5.2	6.2	-9.6	15.8	
1.46875	0.2	10874	21.0	15.8	5.2	6.2	-9.6	15.8	
1.47266	0.2	10874	21.1	15.8	5.3	6.2	-9.6	15.8	
1.47656	0.2	10874	21.1	15.8	5.3	6.2	-9.6	15.8	
1.48047	0.2	10874	21.1	15.8	5.3	6.2	-9.6	15.8	
1.48438	0.2	10874	21.1	15.8	5.3	6.2	-9.6	15.8	
1.48828	0.2	10874	21.1	15.8	5.3	6.2	-9.6	15.8	
1.49219	0.2	10874	21.1	15.8	5.3	6.2	-9.6	15.8	
1.49609	0.2	10874	21.2	15.8	5.4	6.2	-9.6	15.8	
1.50000	0.2	10874	21.2	15.8	5.4	6.2	-9.6	15.8	
1.50391	0.2	10874	21.2	15.8	5.4	6.2	-9.6	15.8	
1.50781	0.2	10874	21.2	15.8	5.4	6.2	-9.6	15.8	
1.51172	0.2	10874	21.2	15.8	5.4	6.2	-9.6	15.8	
1.51562	0.2	10874	21.2	15.8	5.4	6.2	-9.6	15.8	
1.51953	0.2	10874	21.2	15.8	5.4	6.2	-9.6	15.8	
1.52344	0.2	10874	21.2	15.8	5.4	6.2	-9.6	15.8	
1.52734	0.2	10874	21.3	15.8	5.5	6.2	-9.6	15.8	
1.53125	0.2	10874	21.3	15.8	5.5	6.2	-9.6	15.8	
1.53516	0.2	10874	21.3	15.9	5.4	6.2	-9.7	15.9	
1.53906	0.2	10874	21.3	15.9	5.4	6.2	-9.7	15.9	
1.54297	0.3	10874	21.3	15.9	5.4	6.2	-9.7	15.9	
1.54688	0.2	10874	21.3	15.9	5.4	6.2	-9.7	15.9	
1.55078	0.2	10874	21.3	15.9	5.4	6.2	-9.7	15.9	
1.55469	0.2	10874	21.3	15.9	5.4	6.2	-9.7	15.9	
1.55859	0.2	10874	21.3	15.9	5.4	6.2	-9.7	15.9	
1.56250	0.2	10874	21.4	15.9	5.5	6.2	-9.7	15.9	
1.56641	0.2	10874	21.4	15.9	5.5	6.2	-9.7	15.9	
1.57031	0.2	10874	21.4	15.9	5.5	6.2	-9.7	15.9	
1.57422	0.2	10874	21.4	15.9	5.5	6.2	-9.7	15.9	
1.57812	0.2	10874	21.4	15.9	5.5	6.2	-9.7	15.9	
1.58203	0.2	10874	21.4	15.9	5.5	6.2	-9.7	15.9	
1.58594	0.2	10874	21.4	15.9	5.5	6.2	-9.7	15.9	
1.58984	0.3	10874	21.4	15.9	5.5	6.2	-9.7	15.9	
1.59375	0.3	10874	21.5	15.9	5.6	6.2	-9.7	15.9	
1.59766	0.3	10874	21.5	15.9	5.6	6.2	-9.7	15.9	
1.60156	0.3	10874	21.4	15.9	5.5	6.2	-9.7	15.9	
1.60547	0.3	10875	21.5	16.0	5.5	6.2	-9.8	16.0	
1.60938	0.3	10875	21.5	16.0	5.5	6.2	-9.8	16.0	
1.61328	0.3	10875	21.5	16.0	5.5	6.2	-9.8	16.0	
1.61719	0.3	10875	21.5	16.0	5.5	6.2	-9.8	16.0	
1.62109	0.3	10875	21.5	16.0	5.5	6.2	-9.8	16.0	
1.62500	0.2	10875	21.5	16.0	5.5	6.2	-9.8	16.0	
1.62891	0.2	10875	21.5	16.0	5.5	6.2	-9.8	16.0	
1.63281	0.3	10875	21.5	16.0	5.5	6.2	-9.8	16.0	
1.63672	0.3	10875	21.5	16.0	5.5	6.2	-9.8	16.0	
1.64062	0.2	10875	21.5	16.0	5.5	6.2	-9.8	16.0	
1.64453	0.2	10875	21.5	16.0	5.5	6.2	-9.8	16.0	
1.64844	0.2	10875	21.5	16.0	5.5	6.2	-9.8	16.0	
1.65234	0.2	10875	21.5	16.0	5.5	6.2	-9.8	16.0	
1.65625	0.2	10875	21.5	16.0	5.5	6.2	-9.8	16.0	
1.66016	0.2	10875	21.5	16.0	5.5	6.2	-9.8	16.0	
1.66406	0.2	10875	21.5	16.0	5.5	6.2	-9.8	16.0	
1.66797	0.2	10875	21.5	16.0	5.5	6.2	-9.8	16.0	
1.67188	0.2	10875	21.6	16.0	5.6	6.2	-9.8	16.0	
1.67578	0.2	10875	21.6	16.0	5.6	6.2	-9.8	16.0	
1.67969	0.3	10875	21.6	16.0	5.6	6.2	-9.8	16.0	
1.68359	0.2	10875	21.6	16.0	5.6	6.2	-9.8	16.0	
1.68750	0.2	10875	21.6	16.0	5.6	6.2	-9.8	16.0	
1.69141	0.2	10875	21.6	16.0	5.6	6.2	-9.8	16.0	
1.69531	0.2	10875	21.6	16.0	5.6	6.2	-9.8	16.0	
1.69922	0.2	10875	21.6	16.0	5.6	6.2	-9.8	16.0	
1.70312	0.2	10875	21.6	16.0	5.6	6.2	-9.8	16.0	
1.70703	0.2	10875	21.6	16.0	5.6	6.2	-9.8	16.0	
1.71094	0.2	10875	21.6	16.1	5.5	6.2	-9.9	16.1	
1.71484	0.2	10875	21.6	16.1	5.5	6.2	-9.9	16.1	
1.71875	0.2	10875	21.7	16.1	5.6	6.2	-9.9	16.1	
1.72266	0.1	10875	21.7	16.1	5.6	6.2	-9.9	16.1	
1.72656	0.2	10875	21.7	16.1	5.6	6.2	-9.9	16.1	
1.73047	0.2	10875	21.7	16.1	5.6	6.2	-9.9	16.1	
1.73438	0.1	10875	21.7	16.1	5.6	6.2	-9.9	16.1	
1.73828	0.1	10875	21.8	16.1	5.7	6.2	-9.9	16.1	
1.74219	0.1	10875	21.8	16.2	5.6	6.2	-10.0	16.2	
1.74609	0.0	10875	21.8	16.1	5.7	6.2	-9.9	16.1	
1.75000	-0.0	10875	21.9	16.2	5.7	6.2	-10.0	16.2	
1.75391	-0.0	10875	21.9	16.2	5.7	6.2	-10.0	16.2	
1.75781	-0.1	10875	22.0	16.2	5.8	6.2	-10.0	16.2	
1.76172	-0.1	10875	22.0	16.2	5.8	6.2	-10.0	16.2	
1.76562	-0.1	10875	22.1	16.2	5.9	6.2	-10.0	16.2	
1.76953	-0.1	10875	22.1	16.2	5.9	6.2	-10.0	16.2	
1.77344	-0.1	10875	22.2	16.2	6.0	6.2	-10.0	16.2	
1.77734	-0.1	10875	22.2	16.2	6.0	6.2	-10.0	16.2	
1.78125	-0.1	10875	22.3	16.2	6.1	6.2	-10.0	16.2	
1.78516	-0.1	10875	22.3	16.2	6.1	6.2	-10.0	16.2	
1.78906	-0.1	10875	22.3	16.2	6.1	6.2	-10.0	16.2	
1.79297	-0.0	10875	22.4	16.2	6.2	6.2	-10.0	16.2	
1.79688	-0.0	10875	22.5	16.2	6.3	6.2	-10.0	16.2	
1.80078	-0.0	10875	22.5	16.2	6.3	6.2	-10.0	16.2	
1.80469	-0.0	10875	22.6	16.2	6.4	6.2	-10.0	16.2	
1.80859	-0.1	10875	22.6	16.2	6.4	6.2	-10.0	16.2	
1.81250	-0.2	10875	22.7	16.2	6.5	6.2	-10.0	16.2	
1.81641	-0.3	10875	22.7	16.3	6.4	6.2	-10.1	16.3	
1.82031	-0.4	10875	22.8	16.3	6.5	6.2	-10.1	16.3	
1.82422	-0.5	10875	22.9	16.3	6.6	6.2	-10.1	16.3	
1.82812	-0.7	10875	23.0	16.3	6.7	6.2	-10.1	16.3	
1.83203	-0.9	10875	23.1	16.3	6.8	6.2	-10.1	16.3	
1.83594	-1.1	10875	23.2	16.3	6.9	6.2	-10.1	16.3	
1.83984	-1.2	10875	23.3	16.3	7.0	6.2	-10.1	16.3	
1.84375	-1.4	10874	23.4	16.3	7.1	6.2	-10.1	16.3	
1.84766	-1.5	10874	23.5	16.3	7.2	6.2	-10.1	16.3	
1.85156	-1.6	10874	23.7	16.3	7.4	6.2	-10.1	16.3	
1.85547	-1.5	10874	23.8	16.4	7.4	6.2	-10.2	16.4	
1.85938	-1.5	10874	23.9	16.4	7.5	6.2	-10.2	16.4	
1.86328	-1.4	10874	24.0	16.4	7.6	6.2	-10.2	16.4	
1.86719	-1.1	10874	24.1	16.4	7.7	6.2	-10.2	16.4	
1.87109	-1.0	10874	24.1	16.4	7.7	6.2	-10.2	16.4	
1.87500	-0.8	10874	24.2	16.4	7.8	6.2	-10.2	16.4	
1.87891	-0.5	10874	24.3	16.4	7.9	6.2	-10.2	16.4	
1.88281	-0.3	10874	24.3	16.5	7.8	6.2	-10.3	16.5	
1.88672	-0.1	10874	24.4	16.5	7.9	6.2	-10.3	16.5	
1.89062	0.0	10874	24.4	16.5	7.9	6.2	-10.3	16.5	
1.89453	0.2	10874	24.4	16.5	7.9	6.3	-10.2	16.5	
1.89844	0.3	10874	24.4	16.5	7.9	6.3	-10.2	16.5	
1.90234	0.3	10874	24.5	16.5	8.0	6.3	-10.2	16.5	
1.90625	0.4	10874	24.5	16.6	7.9	6.3	-10.3	16.6	
1.91016	0.4	10874	24.5	16.6	7.9	6.3	-10.3	16.6	
1.91406	0.4	10874	24.5	16.6	7.9	6.3	-10.3	16.6	
1.91797	0.4	10874	24.5	16.6	7.9	6.3	-10.3	16.6	
1.92188	0.4	10874	24.5	16.6	7.9	6.3	-10.3	16.6	
1.92578	0.3	10874	24.5	16.6	7.9	6.3	-10.3	16.6	
1.92969	0.2	10874	24.5	16.7	7.8	6.3	-10.4	16.7	
1.93359	0.1	10874	24.6	16.7	7.9	6.3	-10.4	16.7	
1.93750	0.0	10874	24.6	16.7	7.9	6.3	-10.4	16.7	
1.94141	-0.1	10874	24.6	16.7	7.9	6.3	-10.4	16.7	
1.94531	-0.2	10874	24.7	16.7	8.0	6.3	-10.4	16.7	
1.94922	-0.3	10874	24.7	16.8	7.9	6.3	-10.5	16.8	
1.95312	-0.4	10874	24.8	16.8	8.0	6.3	-10.5	16.8	
1.95703	-0.4	10874	24.9	16.8	8.1	6.3	-10.5	16.8	
1.96094	-0.5	10874	25.0	16.8	8.2	6.3	-10.5	16.8	
1.96484	-0.5	10874	25.0	16.9	8.1	6.3	-10.6	16.9	
1.96875	-0.6	10874	25.1	16.9	8.2	6.3	-10.6	16.9	
1.97266	-0.6	10874	25.2	16.9	8.3	6.3	-10.6	16.9	
1.97656	-0.6	10874	25.2	16.9	8.3	6.3	-10.6	16.9	
1.98047	-0.5	10874	25.3	16.9	8.4	6.3	-10.6	16.9	
1.98438	-0.5	10874	25.4	17.0	8.4	6.3	-10.7	17.0	
1.98828	-0.4	10874	25.5	17.0	8.5	6.3	-10.7	17.0	
1.99219	-0.4	10874	25.5	17.0	8.5	6.3	-10.7	17.0	
1.99609	-0.3	10874	25.6	17.0	8.6	6.3	-10.7	17.0	
2.00000	-0.2	10874	25.6	17.0	8.6	6.3	-10.7	17.0	
2.00391	-0.1	10874	25.7	17.1	8.6	6.3	-10.8	17.1	
2.00781	-0.1	10874	25.7	17.1	8.6	6.3	-10.8	17.1	
2.01172	-0.0	10874	25.7	17.1	8.6	6.3	-10.8	17.1	
2.01562	0.1	10874	25.8	17.1	8.7	6.3	-10.8	17.1	
2.01953	0.1	10874	25.8	17.2	8.6	6.3	-10.9	17.2	
2.02344	0.1	10874	25.8	17.2	8.6	6.3	-10.9	17.2	
2.02734	0.1	10874	25.9	17.2	8.7	6.3	-10.9	17.2	
2.03125	0.1	10874	25.9	17.2	8.7	6.3	-10.9	17.2	
2.03516	0.1	10874	25.9	17.3	8.6	6.3	-11.0	17.3	
2.03906	0.1	10874	26.0	17.3	8.7	6.3	-11.0	17.3	
2.04297	-0.0	10874	26.0	17.3	8.7	6.3	-11.0	17.3	
2.04688	-0.1	10874	26.0	17.3	8.7	6.3	-11.0	17.3	
2.05078	-0.1	10874	26.1	17.4	8.7	6.3	-11.1	17.4	
2.05469	-0.1	10874	26.1	17.4	8.7	6.3	-11.1	17.4	
2.05859	-0.1	10874	26.2	17.4	8.8	6.3	-11.1	17.4	
2.06250	-0.1	10874	26.2	17.4	8.8	6.3	-11.1	17.4	
2.06641	-0.1	10874	26.2	17.4	8.8	6.3	-11.1	17.4	
2.07031	-0.1	10874	26.3	17.5	8.8	6.3	-11.2	17.5	
2.07422	-0.1	10874	26.3	17.5	8.8	6.3	-11.2	17.5	
2.07812	-0.0	10874	26.4	17.5	8.9	6.3	-11.2	17.5	
2.08203	0.0	10874	26.4	17.5	8.9	6.3	-11.2	17.5	
2.08594	0.1	10874	26.4	17.6	8.8	6.3	-11.3	17.6	
2.08984	0.1	10874	26.4	17.6	8.8	6.3	-11.3	17.6	
2.09375	0.2	10874	26.5	17.6	8.9	6.3	-11.3	17.6	
2.09766	0.2	10874	26.5	17.6	8.9	6.3	-11.3	17.6	
2.10156	0.3	10874	26.5	17.7	8.8	6.3	-11.4	17.7	
2.10547	0.2	10874	26.5	17.7	8.8	6.3	-11.4	17.7	
2.10938	0.3	10874	26.5	17.7	8.8	6.3	-11.4	17.7	
2.11328	0.3	10874	26.5	17.7	8.8	6.3	-11.4	17.7	
2.11719	0.3	10874	26.5	17.8	8.7	6.3	-11.5	17.8	
2.12109	0.3	10874	26.5	17.8	8.7	6.3	-11.5	17.8	
2.12500	0.3	10874	26.5	17.8	8.7	6.3	-11.5	17.8	
2.12891	0.2	10874	26.5	17.8	8.7	6.3	-11.5	17.8	
2.13281	0.2	10874	26.5	17.8	8.7	6.3	-11.5	17.8	
2.13672	0.1	10874	26.5	17.9	8.6	6.3	-11.6	17.9	
2.14062	0.0	10874	26.5	17.9	8.6	6.3	-11.6	17.9	
2.14453	-0.1	10874	26.6	17.9	8.7	6.3	-11.6	17.9	
2.14844	-0.2	10874	26.6	17.9	8.7	6.3	-11.6	17.9	
2.15234	-0.3	10874	26.7	17.9	8.8	6.3	-11.6	17.9	
2.15625	-0.4	10874	26.7	18.0	8.7	6.3	-11.7	18.0	
2.16016	-0.6	10874	26.8	18.0	8.8	6.3	-11.7	18.0	
2.16406	-0.7	10874	26.9	18.0	8.9	6.3	-11.7	18.0	
2.16797	-0.9	10874	27.0	18.0	9.0	6.3	-11.7	18.0	
2.17188	-1.1	10873	27.1	18.0	9.1	6.3	-11.7	18.0	
2.17578	-1.3	10873	27.2	18.1	9.1	6.3	-11.8	18.1	
2.17969	-1.4	10873	27.3	18.1	9.2	6.3	-11.8	18.1	
2.18359	-1.5	10873	27.5	18.1	9.4	6.3	-11.8	18.1	
2.18750	-1.6	10873	27.6	18.2	9.4	6.3	-11.9	18.2	
2.19141	-1.7	10873	27.7	18.2	9.5	6.3	-11.9	18.2	
2.19531	-1.7	10873	27.9	18.2	9.7	6.3	-11.9	18.2	
2.19922	-1.7	10873	28.0	18.2	9.8	6.3	-11.9	18.2	
2.20312	-1.7	10873	28.1	18.2	9.9	6.3	-11.9	18.2	
2.20703	-1.5	10873	28.2	18.3	9.9	6.3	-12.0	18.3	
2.21094	-1.4	10872	28.3	18.3	10.0	6.3	-12.0	18.3	
2.21484	-1.2	10872	28.4	18.3	10.1	6.3	-12.0	18.3	
2.21875	-1.0	10872	28.5	18.4	10.1	6.3	-12.1	18.4	
2.22266	-0.7	10872	28.6	18.4	10.2	6.3	-12.1	18.4	
2.22656	-0.5	10872	28.6	18.4	10.2	6.3	-12.1	18.4	
2.23047	-0.3	10872	28.7	18.5	10.2	6.3	-12.2	18.5	
2.23438	-0.1	10872	28.7	18.5	10.2	6.3	-12.2	18.5	
2.23828	0.1	10872	28.8	18.5	10.3	6.3	-12.2	18.5	
2.24219	0.2	10872	28.8	18.5	10.3	6.3	-12.2	18.5	
2.24609	0.3	10872	28.8	18.6	10.2	6.3	-12.3	18.6	
2.25000	0.4	10872	28.8	18.6	10.2	6.3	-12.3	18.6	
2.25391	0.4	10872	28.8	18.6	10.2	6.3	-12.3	18.6	
2.25781	0.4	10872	28.8	18.7	10.1	6.3	-12.4	18.7	
2.26172	0.4	10872	28.8	18.7	10.1	6.3	-12.4	18.7	
2.26562	0.4	10872	28.7	18.7	10.0	6.3	-12.4	18.7	
2.26953	0.4	10872	28.8	18.7	10.1	6.3	-12.4	18.7	
2.27344	0.3	10872	28.8	18.8	10.0	6.3	-12.5	18.8	
2.27734	0.3	10872	28.8	18.8	10.0	6.3	-12.5	18.8	
2.28125	0.2	10872	28.8	18.8	10.0	6.3	-12.5	18.8	
2.28516	0.2	10872	28.8	18.9	9.9	6.3	-12.6	18.9	
2.28906	0.2	10872	28.8	18.9	9.9	6.3	-12.6	18.9	
2.29297	0.1	10872	28.8	18.9	9.9	6.3	-12.6	18.9	
2.29688	0.1	10872	28.8	18.9	9.9	6.3	-12.6	18.9	
2.30078	0.0	10872	28.9	19.0	9.9	6.3	-12.7	19.0	
2.30469	0.0	10872	28.9	19.0	9.9	6.3	-12.7	19.0	
2.30859	-0.0	10872	28.9	19.0	9.9	6.3	-12.7	19.0	
2.31250	-0.1	10872	29.0	19.0	10.0	6.3	-12.7	19.0	
2.31641	-0.1	10872	29.0	19.1	9.9	6.3	-12.8	19.1	
2.32031	-0.2	10872	29.1	19.1	10.0	6.3	-12.8	19.1	
2.32422	-0.3	10872	29.1	19.1	10.0	6.3	-12.8	19.1	
2.32812	-0.3	10872	29.2	19.2	10.0	6.3	-12.9	19.2	
2.33203	-0.3	10872	29.3	19.2	10.1	6.3	-12.9	19.2	
2.33594	-0.4	10872	29.3	19.2	10.1	6.3	-12.9	19.2	
2.33984	-0.4	10872	29.4	19.2	10.2	6.3	-12.9	19.2	
2.34375	-0.3	10872	29.4	19.2	10.2	6.3	-12.9	19.2	
2.34766	-0.3	10872	29.5	19.3	10.2	6.3	-13.0	19.3	
2.35156	-0.2	10872	29.5	19.3	10.2	6.3	-13.0	19.3	
2.35547	-0.1	10872	29.6	19.3	10.3	6.3	-13.0	19.3	
2.35938	-0.1	10872	29.6	19.4	10.2	6.3	-13.1	19.4	
2.36328	0.0	10872	29.6	19.4	10.2	6.3	-13.1	19.4	
2.36719	0.1	10872	29.6	19.4	10.2	6.3	-13.1	19.4	
2.37109	0.2	10872	29.6	19.4	10.2	6.3	-13.1	19.4	
2.37500	0.3	10872	29.6	19.5	10.1	6.3	-13.2	19.5	
2.37891	0.4	10872	29.6	19.5	10.1	6.3	-13.2	19.5	
2.38281	0.4	10872	29.6	19.5	10.1	6.3	-13.2	19.5	
2.38672	0.4	10872	29.6	19.5	10.1	6.3	-13.2	19.5	
2.39062	0.4	10872	29.6	19.6	10.0	6.3	-13.3	19.6	
2.39453	0.4	10872	29.5	19.6	9.9	6.3	-13.3	19.6	
2.39844	0.4	10872	29.5	19.6	9.9	6.3	-13.3	19.6	
2.40234	0.4	10872	29.5	19.6	9.9	6.3	-13.3	19.6	
2.40625	0.4	10873	29.5	19.7	9.8	6.3	-13.4	19.7	
2.41016	0.3	10873	29.5	19.7	9.8	6.3	-13.4	19.7	
2.41406	0.3	10873	29.5	19.7	9.8	6.3	-13.4	19.7	
2.41797	0.3	10873	29.4	19.7	9.7	6.3	-13.4	19.7	
2.42188	0.4	10873	29.4	19.8	9.6	6.3	-13.5	19.8	
2.42578	0.5	10873	29.4	19.8	9.6	6.3	-13.5	19.8	
2.42969	0.5	10873	29.3	19.8	9.5	6.3	-13.5	19.8	
2.43359	0.7	10873	29.3	19.9	9.4	6.3	-13.6	19.9	
2.43750	0.8	10873	29.2	19.9	9.3	6.3	-13.6	19.9	
2.44141	0.9	10873	29.2	19.9	9.3	6.3	-13.6	19.9	
2.44531	1.0	10873	29.1	19.9	9.2	6.3	-13.6	19.9	
2.44922	1.0	10873	29.0	20.0	9.0	6.3	-13.7	20.0	
2.45312	1.1	10873	29.0	20.0	9.0	6.3	-13.7	20.0	
2.45703	1.1	10873	28.9	20.0	8.9	6.3	-13.7	20.0	
2.46094	1.1	10873	28.8	20.0	8.8	6.3	-13.7	20.0	
2.46484	1.0	10873	28.8	20.0	8.8	6.3	-13.7	20.0	
2.46875	1.0	10873	28.7	20.1	8.6	6.3	-13.8	20.1	
2.47266	0.9	10873	28.6	20.1	8.5	6.3	-13.8	20.1	
2.47656	0.8	10873	28.5	20.1	8.4	6.3	-13.8	20.1	
2.48047	0.8	10873	28.5	20.1	8.4	6.3	-13.8	20.1	
2.48438	0.8	10874	28.4	20.1	8.3	6.3	-13.8	20.1	
2.48828	0.9	10874	28.3	20.1	8.2	6.3	-13.8	20.1	
2.49219	1.0	10874	28.2	20.2	8.0	6.3	-13.9	20.2	
2.49609	1.2	10874	28.1	20.2	7.9	6.3	-13.9	20.2	
2.50000	1.4	10874	28.0	20.2	7.8	6.3	-13.9	20.2	
2.50391	1.6	10874	27.9	20.2	7.7	6.3	-13.9	20.2	
2.50781	1.8	10874	27.8	20.2	7.6	6.3	-13.9	20.2	
2.51172	2.0	10874	27.6	20.2	7.4	6.3	-13.9	20.2	
2.51562	2.2	10874	27.5	20.2	7.3	6.3	-13.9	20.2	
2.51953	2.4	10874	27.4	20.2	7.2	6.3	-13.9	20.2	
2.52344	2.6	10875	27.2	20.2	7.0	6.3	-13.9	20.2	
2.52734	2.6	10875	27.1	20.2	6.9	6.3	-13.9	20.2	
2.53125	2.7	10875	26.9	20.2	6.7	6.3	-13.9	20.2	
2.53516	2.6	10875	26.8	20.2	6.6	6.3	-13.9	20.2	
2.53906	2.5	10875	26.7	20.2	6.5	6.3	-13.9	20.2	
2.54297	2.4	10875	26.6	20.2	6.4	6.3	-13.9	20.2	
2.54688	2.2	10876	26.5	20.2	6.3	6.3	-13.9	20.2	
2.55078	2.0	10876	26.4	20.2	6.2	6.3	-13.9	20.2	
2.55469	1.8	10876	26.3	20.2	6.1	6.3	-13.9	20.2	
2.55859	1.6	10876	26.2	20.3	5.9	6.3	-14.0	20.3	
2.56250	1.4	10876	26.1	20.2	5.9	6.3	-13.9	20.2	
2.56641	1.3	10876	26.0	20.2	5.8	6.3	-13.9	20.2	
2.57031	1.2	10876	25.9	20.2	5.7	6.3	-13.9	20.2	
2.57422	1.2	10876	25.9	20.2	5.7	6.3	-13.9	20.2	
2.57812	1.2	10876	25.8	20.2	5.6	6.3	-13.9	20.2	
2.58203	1.3	10876	25.7	20.2	5.5	6.3	-13.9	20.2	
2.58594	1.4	10877	25.6	20.3	5.3	6.3	-14.0	20.3	
2.58984	1.5	10877	25.5	20.2	5.3	6.3	-13.9	20.2	
2.59375	1.6	10877	25.4	20.2	5.2	6.3	-13.9	20.2	
2.59766	1.7	10877	25.3	20.2	5.1	6.3	-13.9	20.2	
2.60156	1.8	10877	25.2	20.2	5.0	6.3	-13.9	20.2	
2.60547	2.0	10877	25.1	20.2	4.9	6.3	-13.9	20.2	
2.60938	2.0	10877	25.0	20.2	4.8	6.3	-13.9	20.2	
2.61328	2.0	10877	24.9	20.2	4.7	6.3	-13.9	20.2	
2.61719	2.1	10877	24.8	20.2	4.6	6.3	-13.9	20.2	
2.62109	2.2	10878	24.6	20.2	4.4	6.3	-13.9	20.2	
2.62500	2.2	10878	24.5	20.2	4.3	6.3	-13.9	20.2	
2.62891	2.1	10878	24.4	20.2	4.2	6.3	-13.9	20.2	
2.63281	2.1	10878	24.3	20.2	4.1	6.3	-13.9	20.2	
2.63672	2.0	10878	24.2	20.2	4.0	6.3	-13.9	20.2	
2.64062	2.0	10878	24.1	20.2	3.9	6.3	-13.9	20.2	
2.64453	1.9	10878	24.0	20.2	3.8	6.3	-13.9	20.2	
2.64844	1.7	10879	23.9	20.1	3.8	6.3	-13.8	20.1	
2.65234	1.6	10879	23.8	20.1	3.7	6.3	-13.8	20.1	
2.65625	1.4	10879	23.8	20.1	3.7	6.3	-13.8	20.1	
2.66016	1.2	10879	23.7	20.1	3.6	6.3	-13.8	20.1	
2.66406	1.1	10879	23.6	20.1	3.5	6.3	-13.8	20.1	
2.66797	1.0	10879	23.6	20.1	3.5	6.3	-13.8	20.1	
2.67188	0.9	10879	23.5	20.1	3.4	6.3	-13.8	20.1	
2.67578	0.8	10879	23.5	20.1	3.4	6.3	-13.8	20.1	
2.67969	0.8	10879	23.4	20.1	3.3	6.3	-13.8	20.1	
2.68359	0.7	10879	23.4	20.1	3.3	6.3	-13.8	20.1	
2.68750	0.7	10879	23.3	20.0	3.3	6.3	-13.7	20.0	
2.69141	0.8	10879	23.3	20.0	3.3	6.3	-13.7	20.0	
2.69531	0.8	10879	23.2	20.0	3.2	6.3	-13.7	20.0	
2.69922	0.9	10879	23.1	20.0	3.1	6.3	-13.7	20.0	
2.70312	0.9	10879	23.1	20.0	3.1	6.3	-13.7	20.0	
2.70703	0.9	10879	23.0	20.0	3.0	6.3	-13.7	20.0	
2.71094	1.0	10880	23.0	20.0	3.0	6.3	-13.7	20.0	
2.71484	1.1	10880	22.9	20.0	2.9	6.3	-13.7	20.0	
2.71875	1.1	10880	22.8	19.9	2.9	6.3	-13.6	19.9	
2.72266	1.1	10880	22.7	19.9	2.8	6.3	-13.6	19.9	
2.72656	1.2	10880	22.7	19.9	2.8	6.3	-13.6	19.9	
2.73047	1.2	10880	22.6	19.9	2.7	6.3	-13.6	19.9	
2.73438	1.2	10880	22.5	19.9	2.6	6.3	-13.6	19.9	
2.73828	1.2	10880	22.5	19.9	2.6	6.3	-13.6	19.9	
2.74219	1.2	10880	22.4	19.9	2.5	6.3	-13.6	19.9	
2.74609	1.1	10880	22.3	19.9	2.4	6.3	-13.6	19.9	
2.75000	1.1	10880	22.3	19.9	2.4	6.3	-13.6	19.9	
2.75391	1.0	10880	22.2	19.8	2.4	6.3	-13.5	19.8	
2.75781	1.0	10880	22.1	19.8	2.3	6.3	-13.5	19.8	
2.76172	0.9	10881	22.1	19.8	2.3	6.3	-13.5	19.8	
2.76562	0.9	10881	22.0	19.8	2.2	6.3	-13.5	19.8	
2.76953	0.8	10881	21.9	19.8	2.1	6.3	-13.5	19.8	
2.77344	0.8	10881	21.9	19.8	2.1	6.3	-13.5	19.8	
2.77734	0.7	10881	21.9	19.8	2.1	6.3	-13.5	19.8	
2.78125	0.7	10881	21.8	19.7	2.1	6.3	-13.4	19.7	
2.78516	0.6	10881	21.8	19.7	2.1	6.3	-13.4	19.7	
2.78906	0.6	10881	21.7	19.7	2.0	6.3	-13.4	19.7	
2.79297	0.6	10881	21.7	19.7	2.0	6.3	-13.4	19.7	
2.79688	0.6	10881	21.7	19.7	2.0	6.3	-13.4	19.7	
2.80078	0.5	10881	21.6	19.6	2.0	6.3	-13.3	19.6	
2.80469	0.5	10881	21.6	19.6	2.0	6.3	-13.3	19.6	
2.80859	0.5	10881	21.6	19.6	2.0	6.3	-13.3	19.6	
2.81250	0.5	10881	21.6	19.6	2.0	6.3	-13.3	19.6	
2.81641	0.4	10881	21.5	19.6	1.9	6.3	-13.3	19.6	
2.82031	0.4	10881	21.5	19.6	1.9	6.3	-13.3	19.6	
2.82422	0.4	10881	21.5	19.5	2.0	6.3	-13.2	19.5	
2.82812	0.4	10881	21.5	19.5	2.0	6.3	-13.2	19.5	
2.83203	0.4	10881	21.4	19.5	1.9	6.3	-13.2	19.5	
2.83594	0.4	10881	21.4	19.5	1.9	6.3	-13.2	19.5	
2.83984	0.3	10881	21.4	19.5	1.9	6.3	-13.2	19.5	
2.84375	0.4	10881	21.4	19.4	2.0	6.3	-13.1	19.4	
2.84766	0.4	10881	21.4	19.4	2.0	6.3	-13.1	19.4	
2.85156	0.4	10881	21.4	19.4	2.0	6.3	-13.1	19.4	
2.85547	0.4	10881	21.3	19.4	1.9	6.3	-13.1	19.4	
2.85938	0.4	10881	21.3	19.4	1.9	6.3	-13.1	19.4	
2.86328	0.3	10881	21.3	19.4	1.9	6.3	-13.1	19.4	
2.86719	0.3	10881	21.3	19.3	2.0	6.3	-13.0	19.3	
2.87109	0.3	10881	21.3	19.3	2.0	6.3	-13.0	19.3	
2.87500	0.3	10881	21.3	19.3	2.0	6.3	-13.0	19.3	
2.87891	0.4	10881	21.3	19.3	2.0	6.3	-13.0	19.3	
2.88281	0.3	10881	21.3	19.3	2.0	6.3	-13.0	19.3	
2.88672	0.3	10881	21.3	19.2	2.1	6.3	-12.9	19.2	
2.89062	0.3	10882	21.3	19.2	2.1	6.3	-12.9	19.2	
2.89453	0.3	10882	21.3	19.2	2.1	6.3	-12.9	19.2	
2.89844	0.3	10882	21.2	19.2	2.0	6.3	-12.9	19.2	
2.90234	0.2	10882	21.2	19.2	2.0	6.3	-12.9	19.2	
2.90625	0.3	10882	21.2	19.2	2.0	6.3	-12.9	19.2	
2.91016	0.3	10882	21.2	19.1	2.1	6.3	-12.8	19.1	
2.91406	0.2	10882	21.2	19.1	2.1	6.3	-12.8	19.1	
2.91797	0.2	10882	21.2	19.1	2.1	6.3	-12.8	19.1	
2.92188	0.2	10882	21.3	19.1	2.2	6.3	-12.8	19.1	
2.92578	0.3	10882	21.2	19.1	2.1	6.3	-12.8	19.1	
2.92969	0.3	10882	21.2	19.1	2.1	6.3	-12.8	19.1	
2.93359	0.2	10882	21.3	19.0	2.3	6.3	-12.7	19.0	
2.93750	0.2	10882	21.3	19.0	2.3	6.3	-12.7	19.0	
2.94141	0.3	10882	21.3	19.0	2.3	6.3	-12.7	19.0	
2.94531	0.3	10882	21.3	19.0	2.3	6.3	-12.7	19.0	
2.94922	0.3	10882	21.2	19.0	2.2	6.3	-12.7	19.0	
2.95312	0.3	10882	21.3	19.0	2.3	6.3	-12.7	19.0	
2.95703	0.3	10882	21.3	19.0	2.3	6.3	-12.7	19.0	
2.96094	0.3	10882	21.3	18.9	2.4	6.3	-12.6	18.9	
2.96484	0.3	10882	21.3	18.9	2.4	6.3	-12.6	18.9	
2.96875	0.3	10882	21.2	18.9	2.3	6.3	-12.6	18.9	
2.97266	0.3	10882	21.2	18.9	2.3	6.3	-12.6	18.9	
2.97656	0.3	10882	21.2	18.9	2.3	6.3	-12.6	18.9	
2.98047	0.2	10882	21.2	18.9	2.3	6.3	-12.6	18.9	
2.98438	0.3	10882	21.2	18.8	2.4	6.3	-12.5	18.8	
2.98828	0.3	10882	21.2	18.8	2.4	6.3	-12.5	18.8	
2.99219	0.3	10882	21.2	18.8	2.4	6.3	-12.5	18.8	
2.99609	0.3	10882	21.2	18.8	2.4	6.3	-12.5	18.8	
3.00000	0.3	10882	21.2	18.8	2.4	6.3	-12.5	18.8	
3.00391	0.2	10882	21.2	18.8	2.4	6.3	-12.5	18.8	
3.00781	0.3	10882	21.2	18.8	2.4	6.3	-12.5	18.8	
3.01172	0.3	10882	21.2	18.8	2.4	6.3	-12.5	18.8	
3.01562	0.3	10882	21.2	18.8	2.4	6.3	-12.5	18.8	
3.01953	0.3	10882	21.2	18.7	2.5	6.3	-12.4	18.7	
3.02344	0.3	10882	21.2	18.7	2.5	6.3	-12.4	18.7	
3.02734	0.3	10882	21.2	18.7	2.5	6.3	-12.4	18.7	
3.03125	0.3	10882	21.2	18.7	2.5	6.3	-12.4	18.7	
3.03516	0.3	10882	21.2	18.7	2.5	6.3	-12.4	18.7	
3.03906	0.3	10882	21.2	18.7	2.5	6.3	-12.4	18.7	
3.04297	0.3	10882	21.2	18.6	2.6	6.3	-12.3	18.6	
3.04688	0.3	10882	21.1	18.6	2.5	6.3	-12.3	18.6	
3.05078	0.4	10882	21.1	18.6	2.5	6.3	-12.3	18.6	
3.05469	0.3	10882	21.1	18.6	2.5	6.3	-12.3	18.6	
3.05859	0.3	10882	21.1	18.6	2.5	6.3	-12.3	18.6	
3.06250	0.3	10882	21.1	18.6	2.5	6.3	-12.3	18.6	
3.06641	0.4	10882	21.1	18.5	2.6	6.3	-12.2	18.5	
3.07031	0.4	10882	21.1	18.5	2.6	6.3	-12.2	18.5	
3.07422	0.4	10882	21.0	18.5	2.5	6.3	-12.2	18.5	
3.07812	0.4	10882	21.0	18.5	2.5	6.3	-12.2	18.5	
3.08203	0.4	10882	21.0	18.5	2.5	6.3	-12.2	18.5	
3.08594	0.4	10882	21.0	18.5	2.5	6.3	-12.2	18.5	
3.08984	0.4	10883	21.0	18.4	2.6	6.3	-12.1	18.4	
3.09375	0.4	10883	21.0	18.4	2.6	6.3	-12.1	18.4	
3.09766	0.3	10883	20.9	18.4	2.5	6.3	-12.1	18.4	
3.10156	0.3	10883	20.9	18.4	2.5	6.3	-12.1	18.4	
3.10547	0.3	10883	20.9	18.4	2.5	6.3	-12.1	18.4	
3.10938	0.3	10883	20.9	18.4	2.5	6.3	-12.1	18.4	
3.11328	0.3	10883	20.9	18.4	2.5	6.3	-12.1	18.4	
3.11719	0.3	10883	20.9	18.3	2.6	6.3	-12.0	18.3	
3.12109	0.3	10883	20.9	18.3	2.6	6.3	-12.0	18.3	
3.12500	0.3	10883	20.9	18.3	2.6	6.3	-12.0	18.3	
3.12891	0.2	10883	20.9	18.3	2.6	6.3	-12.0	18.3	
3.13281	0.3	10883	20.8	18.3	2.5	6.3	-12.0	18.3	
3.13672	0.2	10883	20.8	18.3	2.5	6.3	-12.0	18.3	
3.14062	0.2	10883	20.8	18.3	2.5	6.3	-12.0	18.3	
3.14453	0.3	10883	20.8	18.3	2.5	6.3	-12.0	18.3	
3.14844	0.3	10883	20.8	18.3	2.5	6.3	-12.0	18.3	
3.15234	0.3	10883	20.8	18.2	2.6	6.3	-11.9	18.2	
3.15625	0.2	10883	20.8	18.2	2.6	6.3	-11.9	18.2	
3.16016	0.2	10883	20.8	18.2	2.6	6.3	-11.9	18.2	
3.16406	0.2	10883	20.9	18.2	2.7	6.3	-11.9	18.2	
3.16797	0.3	10883	20.8	18.2	2.6	6.3	-11.9	18.2	
3.17188	0.3	10883	20.8	18.2	2.6	6.3	-11.9	18.2	
3.17578	0.3	10883	20.8	18.2	2.6	6.3	-11.9	18.2	
3.17969	0.3	10883	20.8	18.2	2.6	6.3	-11.9	18.2	
3.18359	0.3	10883	20.9	18.2	2.7	6.3	-11.9	18.2	
3.18750	0.3	10883	20.9	18.1	2.8	6.3	-11.8	18.1	
3.19141	0.3	10883	20.9	18.1	2.8	6.3	-11.8	18.1	
3.19531	0.2	10883	20.9	18.1	2.8	6.3	-11.8	18.1	
3.19922	0.3	10883	20.9	18.1	2.8	6.3	-11.8	18.1	
3.20312	0.3	10883	20.8	18.1	2.7	6.3	-11.8	18.1	
3.20703	0.3	10883	20.8	18.1	2.7	6.3	-11.8	18.1	
3.21094	0.3	10883	20.8	18.0	2.8	6.3	-11.7	18.0	
3.21484	0.4	10883	20.8	18.0	2.8	6.3	-11.7	18.0	
3.21875	0.4	10883	20.8	18.0	2.8	6.3	-11.7	18.0	
3.22266	0.4	10883	20.8	18.0	2.8	6.3	-11.7	18.0	
3.22656	0.4	10883	20.7	18.0	2.7	6.3	-11.7	18.0	
3.23047	0.4	10883	20.7	18.0	2.7	6.3	-11.7	18.0	
3.23438	0.4	10883	20.7	17.9	2.8	6.3	-11.6	17.9	
3.23828	0.4	10883	20.7	17.9	2.8	6.3	-11.6	17.9	
3.24219	0.4	10883	20.7	17.9	2.8	6.3	-11.6	17.9	
3.24609	0.3	10883	20.7	17.9	2.8	6.3	-11.6	17.9	
3.25000	0.3	10883	20.7	17.9	2.8	6.3	-11.6	17.9	
3.25391	0.3	10883	20.7	17.9	2.8	6.3	-11.6	17.9	
3.25781	0.2	10883	20.7	17.9	2.8	6.3	-11.6	17.9	
3.26172	0.1	10883	20.7	17.8	2.9	6.3	-11.5	17.8	
3.26562	0.0	10883	20.7	17.8	2.9	6.3	-11.5	17.8	
3.26953	0.0	10883	20.8	17.8	3.0	6.3	-11.5	17.8	
3.27344	-0.1	10883	20.8	17.8	3.0	6.3	-11.5	17.8	
3.27734	-0.1	10883	20.9	17.8	3.1	6.3	-11.5	17.8	
3.28125	-0.2	10883	20.9	17.8	3.1	6.3	-11.5	17.8	
3.28516	-0.2	10883	20.9	17.8	3.1	6.3	-11.5	17.8	
3.28906	-0.2	10883	21.0	17.7	3.3	6.3	-11.4	17.7	
3.29297	-0.2	10883	21.1	17.7	3.4	6.3	-11.4	17.7	
3.29688	-0.1	10883	21.1	17.7	3.4	6.3	-11.4	17.7	
3.30078	-0.1	10883	21.2	17.7	3.5	6.3	-11.4	17.7	
3.30469	-0.0	10883	21.2	17.7	3.5	6.3	-11.4	17.7	
3.30859	0.1	10883	21.2	17.7	3.5	6.3	-11.4	17.7	
3.31250	0.1	10883	21.3	17.7	3.6	6.3	-11.4	17.7	
3.31641	0.2	10883	21.3	17.7	3.6	6.3	-11.4	17.7	
3.32031	0.3	10883	21.3	17.6	3.7	6.3	-11.3	17.6	
3.32422	0.4	10883	21.3	17.6	3.7	6.3	-11.3	17.6	
3.32812	0.4	10883	21.3	17.6	3.7	6.3	-11.3	17.6	
3.33203	0.5	10883	21.2	17.6	3.6	6.3	-11.3	17.6	
3.33594	0.5	10883	21.2	17.6	3.6	6.3	-11.3	17.6	
3.33984	0.5	10883	21.2	17.6	3.6	6.3	-11.3	17.6	
3.34375	0.6	10884	21.2	17.6	3.6	6.3	-11.3	17.6	
3.34766	0.5	10884	21.1	17.6	3.5	6.3	-11.3	17.6	
3.35156	0.5	10884	21.1	17.6	3.5	6.3	-11.3	17.6	
3.35547	0.5	10884	21.1	17.6	3.5	6.3	-11.3	17.6	
3.35938	0.4	10884	21.0	17.5	3.5	6.3	-11.2	17.5	
3.36328	0.4	10884	21.0	17.5	3.5	6.3	-11.2	17.5	
3.36719	0.3	10884	21.0	17.5	3.5	6.3	-11.2	17.5	
3.37109	0.3	10884	21.0	17.5	3.5	6.3	-11.2	17.5	
3.37500	0.3	10884	21.0	17.5	3.5	6.3	-11.2	17.5	
3.37891	0.2	10884	21.0	17.5	3.5	6.3	-11.2	17.5	
3.38281	0.2	10884	21.0	17.5	3.5	6.3	-11.2	17.5	
3.38672	0.2	10884	21.0	17.5	3.5	6.3	-11.2	17.5	
3.39062	0.1	10884	21.0	17.4	3.6	6.3	-11.1	17.4	
3.39453	0.1	10884	21.0	17.4	3.6	6.3	-11.1	17.4	
3.39844	0.2	10884	21.0	17.4	3.6	6.3	-11.1	17.4	
3.40234	0.1	10884	21.1	17.4	3.7	6.3	-11.1	17.4	
3.40625	0.2	10884	21.1	17.4	3.7	6.3	-11.1	17.4	
3.41016	0.2	10884	21.1	17.4	3.7	6.3	-11.1	17.4	
3.41406	0.2	10884	21.1	17.4	3.7	6.3	-11.1	17.4	
3.41797	0.2	10884	21.1	17.4	3.7	6.3	-11.1	17.4	
3.42188	0.3	10884	21.1	17.4	3.7	6.3	-11.1	17.4	
3.42578	0.3	10884	21.1	17.4	3.7	6.3	-11.1	17.4	
3.42969	0.3	10884	21.1	17.4	3.7	6.3	-11.1	17.4	
3.43359	0.4	10884	21.1	17.4	3.7	6.3	-11.1	17.4	
3.43750	0.4	10884	21.1	17.4	3.7	6.3	-11.1	17.4	
3.44141	0.4	10884	21.1	17.3	3.8	6.3	-11.0	17.3	
3.44531	0.5	10884	21.0	17.3	3.7	6.3	-11.0	17.3	
3.44922	0.5	10884	21.0	17.3	3.7	6.3	-11.0	17.3	
3.45312	0.5	10884	21.0	17.3	3.7	6.3	-11.0	17.3	
3.45703	0.4	10884	21.0	17.3	3.7	6.3	-11.0	17.3	
3.46094	0.5	10884	20.9	17.3	3.6	6.3	-11.0	17.3	
3.46484	0.5	10884	20.9	17.3	3.6	6.3	-11.0	17.3	
3.46875	0.4	10884	20.9	17.3	3.6	6.3	-11.0	17.3	
3.47266	0.4	10884	20.8	17.3	3.5	6.3	-11.0	17.3	
3.47656	0.3	10884	20.8	17.3	3.5	6.3	-11.0	17.3	
3.48047	0.3	10884	20.8	17.3	3.5	6.3	-11.0	17.3	
3.48438	0.3	10884	20.8	17.3	3.5	6.3	-11.0	17.3	
3.48828	0.3	10884	20.8	17.3	3.5	6.3	-11.0	17.3	
3.49219	0.2	10884	20.8	17.3	3.5	6.3	-11.0	17.3	
3.49609	0.2	10884	20.8	17.3	3.5	6.3	-11.0	17.3	
3.50000	0.2	10884	20.8	17.2	3.6	6.3	-10.9	17.2	
3.50391	0.2	10884	20.8	17.2	3.6	6.3	-10.9	17.2	
3.50781	0.2	10884	20.8	17.2	3.6	6.3	-10.9	17.2	
3.51172	0.2	10884	20.8	17.2	3.6	6.3	-10.9	17.2	
3.51562	0.2	10884	20.8	17.2	3.6	6.3	-10.9	17.2	
3.51953	0.2	10884	20.8	17.2	3.6	6.3	-10.9	17.2	
3.52344	0.2	10884	20.8	17.2	3.6	6.3	-10.9	17.2	
3.52734	0.3	10884	20.8	17.2	3.6	6.3	-10.9	17.2	
3.53125	0.3	10884	20.8	17.2	3.6	6.3	-10.9	17.2	
3.53516	0.3	10884	20.8	17.2	3.6	6.3	-10.9	17.2	
3.53906	0.3	10884	20.8	17.2	3.6	6.3	-10.9	17.2	
3.54297	0.3	10885	20.8	17.2	3.6	6.3	-10.9	17.2	
3.54688	0.3	10885	20.8	17.2	3.6	6.3	-10.9	17.2	
3.55078	0.3	10885	20.8	17.2	3.6	6.3	-10.9	17.2	
3.55469	0.3	10885	20.7	17.1	3.6	6.3	-10.8	17.1	
3.55859	0.3	10885	20.7	17.1	3.6	6.3	-10.8	17.1	
3.56250	0.3	10885	20.7	17.1	3.6	6.3	-10.8	17.1	
3.56641	0.3	10885	20.7	17.1	3.6	6.3	-10.8	17.1	
3.57031	0.3	10885	20.7	17.1	3.6	6.3	-10.8	17.1	
3.57422	0.3	10885	20.7	17.1	3.6	6.3	-10.8	17.1	
3.57812	0.3	10885	20.7	17.1	3.6	6.3	-10.8	17.1	
3.58203	0.3	10885	20.7	17.1	3.6	6.3	-10.8	17.1	
3.58594	0.2	10885	20.7	17.1	3.6	6.3	-10.8	17.1	
3.58984	0.2	10885	20.7	17.1	3.6	6.3	-10.8	17.1	
3.59375	0.3	10885	20.7	17.1	3.6	6.3	-10.8	17.1	
3.59766	0.3	10885	20.7	17.0	3.7	6.3	-10.7	17.0	
3.60156	0.3	10885	20.7	17.0	3.7	6.3	-10.7	17.0	
3.60547	0.2	10885	20.7	17.1	3.6	6.3	-10.8	17.1	
3.60938	0.3	10885	20.7	17.0	3.7	6.3	-10.7	17.0	
3.61328	0.2	10885	20.7	17.0	3.7	6.3	-10.7	17.0	
3.61719	0.2	10885	20.7	17.0	3.7	6.3	-10.7	17.0	
3.62109	0.2	10885	20.7	17.0	3.7	6.3	-10.7	17.0	
3.62500	0.2	10885	20.7	17.0	3.7	6.3	-10.7	17.0	
3.62891	0.2	10885	20.7	17.0	3.7	6.3	-10.7	17.0	
3.63281	0.2	10885	20.7	17.0	3.7	6.3	-10.7	17.0	
3.63672	0.2	10885	20.7	17.0	3.7	6.3	-10.7	17.0	
3.64062	0.2	10885	20.7	17.0	3.7	6.3	-10.7	17.0	
3.64453	0.3	10885	20.8	17.0	3.8	6.3	-10.7	17.0	
3.64844	0.2	10885	20.8	17.0	3.8	6.3	-10.7	17.0	
3.65234	0.2	10885	20.8	16.9	3.9	6.3	-10.6	16.9	
3.65625	0.3	10885	20.8	16.9	3.9	6.3	-10.6	16.9	
3.66016	0.3	10885	20.8	16.9	3.9	6.3	-10.6	16.9	
3.66406	0.3	10885	20.8	16.9	3.9	6.3	-10.6	16.9	
3.66797	0.3	10885	20.8	16.9	3.9	6.3	-10.6	16.9	
3.67188	0.2	10885	20.8	16.9	3.9	6.3	-10.6	16.9	
3.67578	0.2	10885	20.8	16.9	3.9	6.3	-10.6	16.9	
3.67969	0.3	10885	20.8	16.9	3.9	6.3	-10.6	16.9	
3.68359	0.3	10885	20.8	16.9	3.9	6.3	-10.6	16.9	
3.68750	0.3	10885	20.8	16.9	3.9	6.3	-10.6	16.9	
3.69141	0.3	10885	20.8	16.9	3.9	6.3	-10.6	16.9	
3.69531	0.3	10885	20.8	16.9	3.9	6.3	-10.6	16.9	
3.69922	0.3	10885	20.8	16.9	3.9	6.3	-10.6	16.9	
3.70312	0.3	10885	20.8	16.9	3.9	6.3	-10.6	16.9	
3.70703	0.3	10885	20.8	16.9	3.9	6.3	-10.6	16.9	
3.71094	0.3	10885	20.8	16.9	3.9	6.3	-10.6	16.9	
3.71484	0.3	10885	20.8	16.9	3.9	6.3	-10.6	16.9	
3.71875	0.3	10885	20.8	16.9	3.9	6.3	-10.6	16.9	
3.72266	0.3	10885	20.8	16.9	3.9	6.3	-10.6	16.9	
3.72656	0.3	10885	20.8	16.9	3.9	6.3	-10.6	16.9	
3.73047	0.3	10885	20.8	16.9	3.9	6.3	-10.6	16.9	
3.73438	0.3	10885	20.8	16.8	4.0	6.3	-10.5	16.8	
3.73828	0.3	10885	20.8	16.9	3.9	6.3	-10.6	16.9	
3.74219	0.3	10885	20.8	16.9	3.9	6.3	-10.6	16.9	
3.74609	0.3	10885	20.8	16.9	3.9	6.3	-10.6	16.9	
3.75000	0.3	10885	20.8	16.8	4.0	6.3	-10.5	16.8	
3.75391	0.3	10885	20.7	16.8	3.9	6.3	-10.5	16.8	
3.75781	0.3	10885	20.8	16.8	4.0	6.3	-10.5	16.8	
3.76172	0.3	10886	20.7	16.8	3.9	6.3	-10.5	16.8	
3.76562	0.3	10886	20.7	16.8	3.9	6.3	-10.5	16.8	
3.76953	0.3	10886	20.7	16.8	3.9	6.3	-10.5	16.8	
3.77344	0.3	10886	20.7	16.8	3.9	6.3	-10.5	16.8	
3.77734	0.3	10886	20.7	16.8	3.9	6.3	-10.5	16.8	
3.78125	0.3	10886	20.7	16.8	3.9	6.3	-10.5	16.8	
3.78516	0.3	10886	20.7	16.8	3.9	6.3	-10.5	16.8	
3.78906	0.3	10886	20.7	16.8	3.9	6.3	-10.5	16.8	
3.79297	0.3	10886	20.6	16.8	3.8	6.3	-10.5	16.8	
3.79688	0.3	10886	20.6	16.7	3.9	6.3	-10.4	16.7	
3.80078	0.3	10886	20.6	16.7	3.9	6.3	-10.4	16.7	
3.80469	0.3	10886	20.6	16.7	3.9	6.3	-10.4	16.7	
3.80859	0.3	10886	20.6	16.7	3.9	6.3	-10.4	16.7	
3.81250	0.3	10886	20.6	16.7	3.9	6.3	-10.4	16.7	
3.81641	0.3	10886	20.6	16.7	3.9	6.3	-10.4	16.7	
3.82031	0.3	10886	20.6	16.7	3.9	6.3	-10.4	16.7	
3.82422	0.3	10886	20.6	16.7	3.9	6.3	-10.4	16.7	
3.82812	0.3	10886	20.6	16.7	3.9	6.3	-10.4	16.7	
3.83203	0.2	10886	20.6	16.7	3.9	6.3	-10.4	16.7	
3.83594	0.3	10886	20.6	16.7	3.9	6.3	-10.4	16.7	
3.83984	0.3	10886	20.6	16.7	3.9	6.3	-10.4	16.7	
3.84375	0.2	10886	20.6	16.7	3.9	6.3	-10.4	16.7	
3.84766	0.2	10886	20.6	16.7	3.9	6.3	-10.4	16.7	
3.85156	0.2	10886	20.6	16.7	3.9	6.3	-10.4	16.7	
3.85547	0.2	10886	20.6	16.7	3.9	6.3	-10.4	16.7	
3.85938	0.2	10886	20.6	16.7	3.9	6.3	-10.4	16.7	
3.86328	0.2	10886	20.6	16.7	3.9	6.3	-10.4	16.7	
3.86719	0.2	10886	20.6	16.6	4.0	6.3	-10.3	16.6	
3.87109	0.2	10886	20.6	16.7	3.9	6.3	-10.4	16.7	
3.87500	0.2	10886	20.6	16.7	3.9	6.3	-10.4	16.7	
3.87891	0.2	10886	20.6	16.7	3.9	6.3	-10.4	16.7	
3.88281	0.2	10886	20.7	16.7	4.0	6.3	-10.4	16.7	
3.88672	0.2	10886	20.7	16.6	4.1	6.3	-10.3	16.6	
3.89062	0.2	10886	20.7	16.7	4.0	6.3	-10.4	16.7	
3.89453	0.2	10886	20.7	16.7	4.0	6.3	-10.4	16.7	
3.89844	0.2	10886	20.7	16.6	4.1	6.3	-10.3	16.6	
3.90234	0.2	10886	20.7	16.6	4.1	6.3	-10.3	16.6	
3.90625	0.2	10886	20.7	16.6	4.1	6.3	-10.3	16.6	
3.91016	0.2	10886	20.7	16.6	4.1	6.3	-10.3	16.6	
3.91406	0.2	10886	20.7	16.6	4.1	6.3	-10.3	16.6	
3.91797	0.3	10886	20.8	16.6	4.2	6.3	-10.3	16.6	
3.92188	0.3	10886	20.7	16.6	4.1	6.3	-10.3	16.6	
3.92578	0.3	10886	20.7	16.6	4.1	6.3	-10.3	16.6	
3.92969	0.3	10886	20.7	16.6	4.1	6.3	-10.3	16.6	
3.93359	0.3	10886	20.7	16.6	4.1	6.3	-10.3	16.6	
3.93750	0.3	10886	20.7	16.6	4.1	6.3	-10.3	16.6	
3.94141	0.3	10886	20.7	16.6	4.1	6.3	-10.3	16.6	
3.94531	0.3	10886	20.7	16.6	4.1	6.3	-10.3	16.6	
3.94922	0.3	10886	20.7	16.6	4.1	6.3	-10.3	16.6	
3.95312	0.3	10886	20.7	16.6	4.1	6.3	-10.3	16.6	
3.95703	0.3	10886	20.6	16.5	4.1	6.3	-10.2	16.5	
3.96094	0.3	10886	20.6	16.5	4.1	6.3	-10.2	16.5	
3.96484	0.2	10886	20.6	16.5	4.1	6.3	-10.2	16.5	
3.96875	0.2	10886	20.6	16.5	4.1	6.3	-10.2	16.5	
3.97266	0.1	10886	20.7	16.5	4.2	6.3	-10.2	16.5	
3.97656	0.0	10886	20.7	16.5	4.2	6.3	-10.2	16.5	
3.98047	-0.1	10886	20.7	16.5	4.2	6.3	-10.2	16.5	
3.98438	-0.1	10886	20.8	16.5	4.3	6.3	-10.2	16.5	
3.98828	-0.2	10886	20.8	16.5	4.3	6.3	-10.2	16.5	
3.99219	-0.3	10886	20.9	16.5	4.4	6.3	-10.2	16.5	
3.99609	-0.4	10886	20.9	16.5	4.4	6.3	-10.2	16.5	
4.00000	-0.3	10886	21.0	16.5	4.5	6.3	-10.2	16.5	
4.00391	-0.3	10886	21.1	16.5	4.6	6.3	-10.2	16.5	
4.00781	-0.3	10886	21.1	16.4	4.7	6.3	-10.1	16.4	
4.01172	-0.3	10886	21.2	16.4	4.8	6.3	-10.1	16.4	
4.01562	-0.1	10886	21.2	16.4	4.8	6.3	-10.1	16.4	
4.01953	-0.1	10886	21.3	16.4	4.9	6.3	-10.1	16.4	
4.02344	-0.0	10886	21.3	16.4	4.9	6.3	-10.1	16.4	
4.02734	0.1	10886	21.3	16.4	4.9	6.3	-10.1	16.4	
4.03125	0.2	10886	21.3	16.4	4.9	6.3	-10.1	16.4	
4.03516	0.2	10886	21.4	16.4	5.0	6.3	-10.1	16.4	
4.03906	0.3	10886	21.4	16.4	5.0	6.3	-10.1	16.4	
4.04297	0.4	10886	21.3	16.4	4.9	6.3	-10.1	16.4	
4.04688	0.5	10886	21.3	16.4	4.9	6.3	-10.1	16.4	
4.05078	0.6	10886	21.3	16.4	4.9	6.3	-10.1	16.4	
4.05469	0.6	10886	21.2	16.4	4.8	6.3	-10.1	16.4	
4.05859	0.6	10886	21.2	16.4	4.8	6.3	-10.1	16.4	
4.06250	0.6	10887	21.2	16.4	4.8	6.3	-10.1	16.4	
4.06641	0.5	10887	21.1	16.4	4.7	6.3	-10.1	16.4	
4.07031	0.5	10887	21.1	16.4	4.7	6.3	-10.1	16.4	
4.07422	0.5	10887	21.0	16.4	4.6	6.3	-10.1	16.4	
4.07812	0.4	10887	21.0	16.4	4.6	6.3	-10.1	16.4	
4.08203	0.4	10887	21.0	16.4	4.6	6.3	-10.1	16.4	
4.08594	0.3	10887	21.0	16.4	4.6	6.3	-10.1	16.4	
4.08984	0.3	10887	21.0	16.4	4.6	6.3	-10.1	16.4	
4.09375	0.2	10887	21.0	16.4	4.6	6.3	-10.1	16.4	
4.09766	0.2	10887	21.0	16.4	4.6	6.3	-10.1	16.4	
4.10156	0.1	10887	21.0	16.3	4.7	6.3	-10.0	16.3	
4.10547	0.1	10887	21.0	16.4	4.6	6.3	-10.1	16.4	
4.10938	0.1	10887	21.0	16.4	4.6	6.3	-10.1	16.4	
4.11328	0.1	10887	21.0	16.4	4.6	6.3	-10.1	16.4	
4.11719	0.2	10887	21.0	16.4	4.6	6.3	-10.1	16.4	
4.12109	0.2	10887	21.0	16.4	4.6	6.3	-10.1	16.4	
4.12500	0.2	10887	21.0	16.3	4.7	6.3	-10.0	16.3	
4.12891	0.2	10887	21.1	16.4	4.7	6.3	-10.1	16.4	
4.13281	0.3	10887	21.1	16.4	4.7	6.3	-10.1	16.4	
4.13672	0.3	10887	21.1	16.4	4.7	6.3	-10.1	16.4	
4.14062	0.3	10887	21.1	16.3	4.8	6.3	-10.0	16.3	
4.14453	0.4	10887	21.0	16.4	4.6	6.3	-10.1	16.4	
4.14844	0.4	10887	21.0	16.4	4.6	6.3	-10.1	16.4	
4.15234	0.5	10887	21.0	16.3	4.7	6.3	-10.0	16.3	
4.15625	0.5	10887	21.0	16.3	4.7	6.3	-10.0	16.3	
4.16016	0.5	10887	20.9	16.3	4.6	6.3	-10.0	16.3	
4.16406	0.5	10887	20.9	16.3	4.6	6.3	-10.0	16.3	
4.16797	0.5	10887	20.9	16.4	4.5	6.3	-10.1	16.4	
4.17188	0.5	10887	20.9	16.3	4.6	6.3	-10.0	16.3	
4.17578	0.4	10887	20.8	16.3	4.5	6.3	-10.0	16.3	
4.17969	0.4	10887	20.8	16.3	4.5	6.3	-10.0	16.3	
4.18359	0.4	10887	20.8	16.3	4.5	6.3	-10.0	16.3	
4.18750	0.3	10887	20.7	16.3	4.4	6.3	-10.0	16.3	
4.19141	0.3	10887	20.7	16.3	4.4	6.3	-10.0	16.3	
4.19531	0.3	10887	20.7	16.3	4.4	6.3	-10.0	16.3	
4.19922	0.3	10887	20.7	16.3	4.4	6.3	-10.0	16.3	
4.20312	0.3	10887	20.7	16.3	4.4	6.3	-10.0	16.3	
4.20703	0.2	10887	20.7	16.3	4.4	6.3	-10.0	16.3	
4.21094	0.2	10887	20.7	16.3	4.4	6.3	-10.0	16.3	
4.21484	0.2	10887	20.7	16.3	4.4	6.3	-10.0	16.3	
4.21875	0.2	10887	20.7	16.3	4.4	6.3	-10.0	16.3	
4.22266	0.2	10887	20.8	16.3	4.5	6.3	-10.0	16.3	
4.22656	0.2	10887	20.8	16.3	4.5	6.3	-10.0	16.3	
4.23047	0.2	10887	20.8	16.3	4.5	6.3	-10.0	16.3	
4.23438	0.2	10887	20.8	16.3	4.5	6.3	-10.0	16.3	
4.23828	0.3	10887	20.8	16.3	4.5	6.3	-10.0	16.3	
4.24219	0.3	10887	20.8	16.3	4.5	6.3	-10.0	16.3	
4.24609	0.3	10887	20.8	16.3	4.5	6.3	-10.0	16.3	
4.25000	0.3	10887	20.8	16.3	4.5	6.3	-10.0	16.3	
4.25391	0.3	10887	20.8	16.3	4.5	6.3	-10.0	16.3	
4.25781	0.3	10888	20.8	16.3	4.5	6.3	-10.0	16.3	
4.26172	0.3	10888	20.8	16.3	4.5	6.3	-10.0	16.3	
4.26562	0.3	10888	20.8	16.3	4.5	6.3	-10.0	16.3	
4.26953	0.3	10888	20.7	16.3	4.4	6.3	-10.0	16.3	
4.27344	0.4	10888	20.7	16.3	4.4	6.3	-10.0	16.3	
4.27734	0.3	10888	20.7	16.3	4.4	6.3	-10.0	16.3	
4.28125	0.3	10888	20.7	16.3	4.4	6.3	-10.0	16.3	
4.28516	0.3	10888	20.7	16.3	4.4	6.3	-10.0	16.3	
4.28906	0.3	10888	20.7	16.3	4.4	6.3	-10.0	16.3	
4.29297	0.3	10888	20.7	16.3	4.4	6.3	-10.0	16.3	
4.29688	0.3	10888	20.7	16.3	4.4	6.3	-10.0	16.3	
4.30078	0.2	10888	20.7	16.3	4.4	6.3	-10.0	16.3	
4.30469	0.2	10888	20.7	16.3	4.4	6.3	-10.0	16.3	
4.30859	0.2	10888	20.7	16.3	4.4	6.3	-10.0	16.3	
4.31250	0.2	10888	20.7	16.3	4.4	6.3	-10.0	16.3	
4.31641	0.2	10888	20.7	16.3	4.4	6.3	-10.0	16.3	
4.32031	0.2	10888	20.7	16.3	4.4	6.3	-10.0	16.3	
4.32422	0.2	10888	20.7	16.3	4.4	6.3	-10.0	16.3	
4.32812	0.2	10888	20.8	16.3	4.5	6.3	-10.0	16.3	
4.33203	0.2	10888	20.8	16.3	4.5	6.3	-10.0	16.3	
4.33594	0.2	10888	20.8	16.3	4.5	6.3	-10.0	16.3	
4.33984	0.2	10888	20.8	16.3	4.5	6.3	-10.0	16.3	
4.34375	0.2	10888	20.8	16.3	4.5	6.3	-10.0	16.3	
4.34766	0.2	10888	20.8	16.3	4.5	6.3	-10.0	16.3	
4.35156	0.2	10888	20.9	16.3	4.6	6.3	-10.0	16.3	
4.35547	0.2	10888	20.9	16.3	4.6	6.3	-10.0	16.3	
4.35938	0.2	10888	20.9	16.3	4.6	6.3	-10.0	16.3	
4.36328	0.3	10888	20.9	16.3	4.6	6.3	-10.0	16.3	
4.36719	0.3	10888	20.9	16.3	4.6	6.3	-10.0	16.3	
4.37109	0.3	10888	20.9	16.3	4.6	6.3	-10.0	16.3	
4.37500	0.2	10888	20.9	16.3	4.6	6.3	-10.0	16.3	
4.37891	0.2	10888	20.9	16.3	4.6	6.3	-10.0	16.3	
4.38281	0.2	10888	20.9	16.2	4.7	6.3	-9.9	16.2	
4.38672	0.2	10888	21.0	16.2	4.8	6.3	-9.9	16.2	
4.39062	0.2	10888	21.0	16.3	4.7	6.3	-10.0	16.3	
4.39453	0.2	10888	20.9	16.3	4.6	6.3	-10.0	16.3	
4.39844	0.2	10888	21.0	16.3	4.7	6.3	-10.0	16.3	
4.40234	0.3	10888	21.0	16.3	4.7	6.3	-10.0	16.3	
4.40625	0.2	10888	21.0	16.3	4.7	6.3	-10.0	16.3	
4.41016	0.2	10888	21.0	16.3	4.7	6.3	-10.0	16.3	
4.41406	0.3	10888	21.0	16.2	4.8	6.3	-9.9	16.2	
4.41797	0.2	10888	21.0	16.2	4.8	6.3	-9.9	16.2	
4.42188	0.2	10888	21.0	16.3	4.7	6.3	-10.0	16.3	
4.42578	0.2	10888	21.0	16.3	4.7	6.3	-10.0	16.3	
4.42969	0.2	10888	21.0	16.3	4.7	6.3	-10.0	16.3	
4.43359	0.3	10888	21.0	16.3	4.7	6.3	-10.0	16.3	
4.43750	0.3	10888	21.0	16.3	4.7	6.3	-10.0	16.3	
4.44141	0.2	10888	21.0	16.3	4.7	6.3	-10.0	16.3	
4.44531	0.3	10888	21.0	16.3	4.7	6.3	-10.0	16.3	
4.44922	0.3	10888	21.0	16.3	4.7	6.3	-10.0	16.3	
4.45312	0.2	10888	21.0	16.3	4.7	6.3	-10.0	16.3	
4.45703	0.2	10888	21.0	16.3	4.7	6.3	-10.0	16.3	
4.46094	0.2	10888	21.0	16.3	4.7	6.3	-10.0	16.3	
4.46484	0.2	10888	21.0	16.3	4.7	6.3	-10.0	16.3	
4.46875	0.3	10888	21.0	16.3	4.7	6.3	-10.0	16.3	
4.47266	0.2	10888	21.0	16.3	4.7	6.3	-10.0	16.3	
4.47656	0.3	10888	21.0	16.3	4.7	6.3	-10.0	16.3	
4.48047	0.3	10888	21.0	16.3	4.7	6.3	-10.0	16.3	
4.48438	0.3	10888	21.0	16.3	4.7	6.3	-10.0	16.3	
4.48828	0.3	10888	21.0	16.3	4.7	6.3	-10.0	16.3	
4.49219	0.3	10888	21.0	16.3	4.7	6.3	-10.0	16.3	
4.49609	0.3	10888	21.0	16.3	4.7	6.3	-10.0	16.3	
4.50000	0.3	10889	21.0	16.3	4.7	6.3	-10.0	16.3	
4.50391	0.3	10889	21.0	16.2	4.8	6.3	-9.9	16.2	
4.50781	0.3	10889	20.9	16.2	4.7	6.3	-9.9	16.2	
4.51172	0.3	10889	20.9	16.2	4.7	6.3	-9.9	16.2	
4.51562	0.3	10889	20.9	16.2	4.7	6.3	-9.9	16.2	
4.51953	0.3	10889	20.9	16.2	4.7	6.3	-9.9	16.2	
4.52344	0.3	10889	20.9	16.2	4.7	6.3	-9.9	16.2	
4.52734	0.3	10889	20.9	16.2	4.7	6.3	-9.9	16.2	
4.53125	0.3	10889	20.9	16.2	4.7	6.3	-9.9	16.2	
4.53516	0.3	10889	20.9	16.2	4.7	6.3	-9.9	16.2	
4.53906	0.3	10889	20.9	16.2	4.7	6.3	-9.9	16.2	
4.54297	0.2	10889	20.9	16.2	4.7	6.3	-9.9	16.2	
4.54688	0.2	10889	20.9	16.2	4.7	6.3	-9.9	16.2	
4.55078	0.3	10889	20.9	16.2	4.7	6.3	-9.9	16.2	
4.55469	0.2	10889	20.9	16.2	4.7	6.3	-9.9	16.2	
4.55859	0.2	10889	20.9	16.2	4.7	6.3	-9.9	16.2	
4.56250	0.2	10889	20.9	16.2	4.7	6.3	-9.9	16.2	
4.56641	0.2	10889	20.9	16.2	4.7	6.3	-9.9	16.2	
4.57031	0.2	10889	20.9	16.2	4.7	6.3	-9.9	16.2	
4.57422	0.2	10889	20.9	16.2	4.7	6.3	-9.9	16.2	
4.57812	0.2	10889	20.9	16.2	4.7	6.3	-9.9	16.2	
4.58203	0.2	10889	21.0	16.2	4.8	6.3	-9.9	16.2	
4.58594	0.2	10889	21.0	16.2	4.8	6.3	-9.9	16.2	
4.58984	0.2	10889	21.0	16.2	4.8	6.3	-9.9	16.2	
4.59375	0.2	10889	21.0	16.2	4.8	6.3	-9.9	16.2	
4.59766	0.2	10889	21.0	16.3	4.7	6.3	-10.0	16.3	
4.60156	0.2	10889	21.0	16.3	4.7	6.3	-10.0	16.3	
4.60547	0.2	10889	21.1	16.3	4.8	6.3	-10.0	16.3	
4.60938	0.2	10889	21.1	16.3	4.8	6.3	-10.0	16.3	
4.61328	0.3	10889	21.1	16.3	4.8	6.3	-10.0	16.3	
4.61719	0.2	10889	21.1	16.3	4.8	6.3	-10.0	16.3	
4.62109	0.2	10889	21.1	16.3	4.8	6.3	-10.0	16.3	
4.62500	0.2	10889	21.1	16.3	4.8	6.3	-10.0	16.3	
4.62891	0.3	10889	21.1	16.3	4.8	6.3	-10.0	16.3	
4.63281	0.3	10889	21.1	16.3	4.8	6.3	-10.0	16.3	
4.63672	0.3	10889	21.1	16.3	4.8	6.3	-10.0	16.3	
4.64062	0.4	10889	21.1	16.2	4.9	6.3	-9.9	16.2	
4.64453	0.4	10889	21.1	16.3	4.8	6.3	-10.0	16.3	
4.64844	0.3	10889	21.0	16.3	4.7	6.3	-10.0	16.3	
4.65234	0.4	10889	21.0	16.2	4.8	6.3	-9.9	16.2	
4.65625	0.4	10889	21.0	16.2	4.8	6.3	-9.9	16.2	
4.66016	0.4	10889	21.0	16.2	4.8	6.3	-9.9	16.2	
4.66406	0.3	10889	21.0	16.2	4.8	6.3	-9.9	16.2	
4.66797	0.3	10889	21.0	16.2	4.8	6.3	-9.9	16.2	
4.67188	0.3	10889	20.9	16.2	4.7	6.3	-9.9	16.2	
4.67578	0.2	10889	20.9	16.2	4.7	6.3	-9.9	16.2	
4.67969	0.2	10889	20.9	16.2	4.7	6.3	-9.9	16.2	
4.68359	0.2	10889	20.9	16.2	4.7	6.3	-9.9	16.2	
4.68750	0.0	10889	21.0	16.2	4.8	6.3	-9.9	16.2	
4.69141	-0.0	10889	21.0	16.2	4.8	6.3	-9.9	16.2	
4.69531	-0.1	10889	21.0	16.2	4.8	6.3	-9.9	16.2	
4.69922	-0.2	10889	21.1	16.2	4.9	6.3	-9.9	16.2	
4.70312	-0.2	10889	21.1	16.2	4.9	6.3	-9.9	16.2	
4.70703	-0.3	10889	21.2	16.2	5.0	6.3	-9.9	16.2	
4.71094	-0.3	10889	21.3	16.2	5.1	6.3	-9.9	16.2	
4.71484	-0.3	10889	21.3	16.2	5.1	6.3	-9.9	16.2	
4.71875	-0.3	10889	21.4	16.2	5.2	6.3	-9.9	16.2	
4.72266	-0.3	10889	21.4	16.2	5.2	6.3	-9.9	16.2	
4.72656	-0.2	10889	21.5	16.2	5.3	6.3	-9.9	16.2	
4.73047	-0.1	10889	21.5	16.2	5.3	6.3	-9.9	16.2	
4.73438	-0.1	10889	21.6	16.2	5.4	6.3	-9.9	16.2	
4.73828	0.0	10889	21.6	16.2	5.4	6.3	-9.9	16.2	
4.74219	0.1	10889	21.6	16.2	5.4	6.3	-9.9	16.2	
4.74609	0.2	10889	21.7	16.2	5.5	6.3	-9.9	16.2	
4.75000	0.3	10889	21.6	16.2	5.4	6.3	-9.9	16.2	
4.75391	0.4	10889	21.6	16.2	5.4	6.3	-9.9	16.2	
4.75781	0.4	10889	21.6	16.2	5.4	6.3	-9.9	16.2	
4.76172	0.5	10889	21.6	16.2	5.4	6.3	-9.9	16.2	
4.76562	0.6	10889	21.5	16.2	5.3	6.3	-9.9	16.2	
4.76953	0.6	10889	21.5	16.2	5.3	6.3	-9.9	16.2	
4.77344	0.6	10889	21.5	16.2	5.3	6.3	-9.9	16.2	
4.77734	0.5	10889	21.4	16.2	5.2	6.3	-9.9	16.2	
4.78125	0.5	10889	21.4	16.2	5.2	6.3	-9.9	16.2	
4.78516	0.5	10889	21.4	16.2	5.2	6.3	-9.9	16.2	
4.78906	0.5	10890	21.3	16.2	5.1	6.3	-9.9	16.2	
4.79297	0.4	10890	21.3	16.2	5.1	6.3	-9.9	16.2	
4.79688	0.3	10890	21.3	16.2	5.1	6.3	-9.9	16.2	
4.80078	0.3	10890	21.3	16.2	5.1	6.3	-9.9	16.2	
4.80469	0.3	10890	21.2	16.2	5.0	6.3	-9.9	16.2	
4.80859	0.2	10890	21.3	16.2	5.1	6.3	-9.9	16.2	
4.81250	0.2	10890	21.3	16.2	5.1	6.3	-9.9	16.2	
4.81641	0.2	10890	21.3	16.2	5.1	6.3	-9.9	16.2	
4.82031	0.2	10890	21.3	16.2	5.1	6.3	-9.9	16.2	
4.82422	0.1	10890	21.3	16.2	5.1	6.3	-9.9	16.2	
4.82812	0.1	10890	21.3	16.2	5.1	6.3	-9.9	16.2	
4.83203	0.1	10890	21.4	16.2	5.2	6.3	-9.9	16.2	
4.83594	0.2	10890	21.4	16.2	5.2	6.3	-9.9	16.2	
4.83984	0.2	10890	21.4	16.2	5.2	6.3	-9.9	16.2	
4.84375	0.2	10890	21.4	16.2	5.2	6.3	-9.9	16.2	
4.84766	0.2	10890	21.4	16.2	5.2	6.3	-9.9	16.2	
4.85156	0.3	10890	21.5	16.2	5.3	6.3	-9.9	16.2	
4.85547	0.3	10890	21.5	16.2	5.3	6.3	-9.9	16.2	
4.85938	0.4	10890	21.4	16.2	5.2	6.3	-9.9	16.2	
4.86328	0.4	10890	21.4	16.2	5.2	6.3	-9.9	16.2	
4.86719	0.4	10890	21.4	16.2	5.2	6.3	-9.9	16.2	
4.87109	0.4	10890	21.4	16.2	5.2	6.3	-9.9	16.2	
4.87500	0.4	10890	21.4	16.2	5.2	6.3	-9.9	16.2	
4.87891	0.4	10890	21.4	16.2	5.2	6.3	-9.9	16.2	
4.88281	0.4	10890	21.3	16.2	5.1	6.3	-9.9	16.2	
4.88672	0.4	10890	21.3	16.2	5.1	6.3	-9.9	16.2	
4.89062	0.4	10890	21.3	16.2	5.1	6.3	-9.9	16.2	
4.89453	0.4	10890	21.2	16.2	5.0	6.3	-9.9	16.2	
4.89844	0.4	10890	21.2	16.2	5.0	6.3	-9.9	16.2	
4.90234	0.3	10890	21.2	16.2	5.0	6.3	-9.9	16.2	
4.90625	0.3	10890	21.2	16.2	5.0	6.3	-9.9	16.2	
4.91016	0.3	10890	21.2	16.2	5.0	6.3	-9.9	16.2	
4.91406	0.3	10890	21.2	16.2	5.0	6.3	-9.9	16.2	
4.91797	0.3	10890	21.2	16.3	4.9	6.3	-10.0	16.3	
4.92188	0.2	10890	21.2	16.2	5.0	6.3	-9.9	16.2	
4.92578	0.2	10890	21.2	16.2	5.0	6.3	-9.9	16.2	
4.92969	0.2	10890	21.2	16.2	5.0	6.3	-9.9	16.2	
4.93359	0.2	10890	21.2	16.2	5.0	6.3	-9.9	16.2	
4.93750	0.2	10890	21.2	16.2	5.0	6.3	-9.9	16.2	
4.94141	0.2	10890	21.2	16.2	5.0	6.3	-9.9	16.2	
4.94531	0.2	10890	21.2	16.2	5.0	6.3	-9.9	16.2	
4.94922	0.2	10890	21.2	16.3	4.9	6.3	-10.0	16.3	
4.95312	0.2	10890	21.2	16.3	4.9	6.3	-10.0	16.3	
4.95703	0.2	10890	21.3	16.3	5.0	6.3	-10.0	16.3	
4.96094	0.2	10890	21.3	16.2	5.1	6.3	-9.9	16.2	
4.96484	0.3	10890	21.3	16.2	5.1	6.3	-9.9	16.2	
4.96875	0.3	10890	21.3	16.3	5.0	6.3	-10.0	16.3	
4.97266	0.3	10890	21.3	16.3	5.0	6.3	-10.0	16.3	
4.97656	0.3	10890	21.3	16.2	5.1	6.3	-9.9	16.2	
4.98047	0.3	10890	21.3	16.3	5.0	6.3	-10.0	16.3	
4.98438	0.3	10890	21.3	16.3	5.0	6.3	-10.0	16.3	
4.98828	0.3	10890	21.2	16.3	4.9	6.3	-10.0	16.3	
4.99219	0.3	10890	21.2	16.3	4.9	6.3	-10.0	16.3	
4.99609	0.2	10890	21.2	16.3	4.9	6.3	-10.0	16.3	
5.00000	0.2	10890	21.2	16.3	4.9	6.3	-10.0	16.3	
5.00391	0.3	10890	21.2	16.3	4.9	6.3	-10.0	16.3	
