FluxView - FluxMed acquisition system
Signal file
Serial Number	:
W version:	1.20h-OX-CO2	File version:	1.13
Sampling rate:	256 Hz
Time	Flow	Volume	Paw	Pes	Ptpulm	Pga	Ptdiaf	CO2	
0.00391	-0.1	125	18.1	25.4	-7.3	0.4	-25.0	25.4	
0.00781	-0.1	125	18.2	25.4	-7.2	0.4	-25.0	25.4	
0.01172	-0.1	125	18.2	25.4	-7.2	0.4	-25.0	25.4	
0.01562	-0.2	125	18.3	25.3	-7.0	0.4	-24.9	25.3	
0.01953	-0.2	125	18.4	25.3	-6.9	0.4	-24.9	25.3	
0.02344	-0.2	125	18.4	25.2	-6.8	0.4	-24.8	25.2	
0.02734	-0.3	125	18.5	25.2	-6.7	0.4	-24.8	25.2	
0.03125	-0.2	125	18.6	25.2	-6.6	0.4	-24.8	25.2	
0.03516	-0.2	125	18.7	25.2	-6.5	0.4	-24.8	25.2	
0.03906	-0.2	125	18.7	25.1	-6.4	0.4	-24.7	25.1	
0.04297	-0.1	125	18.8	25.1	-6.3	0.4	-24.7	25.1	
0.04688	-0.1	125	18.8	25.1	-6.3	0.4	-24.7	25.1	
0.05078	-0.0	125	18.9	25.0	-6.1	0.4	-24.6	25.0	
0.05469	0.1	125	18.9	25.0	-6.1	0.4	-24.6	25.0	
0.05859	0.1	125	18.9	25.0	-6.1	0.4	-24.6	25.0	
0.06250	0.2	125	19.0	25.0	-6.0	0.4	-24.6	25.0	
0.06641	0.2	125	19.0	25.0	-6.0	0.4	-24.6	25.0	
0.07031	0.2	125	19.0	24.9	-5.9	0.4	-24.5	24.9	
0.07422	0.3	125	19.0	24.9	-5.9	0.4	-24.5	24.9	
0.07812	0.3	125	19.0	24.9	-5.9	0.4	-24.5	24.9	
0.08203	0.4	125	18.9	24.9	-6.0	0.4	-24.5	24.9	
0.08594	0.4	125	18.9	24.8	-5.9	0.4	-24.4	24.8	
0.08984	0.5	125	18.9	24.9	-6.0	0.4	-24.5	24.9	
0.09375	0.5	125	18.9	24.8	-5.9	0.4	-24.4	24.8	
0.09766	0.5	125	18.8	24.8	-6.0	0.4	-24.4	24.8	
0.10156	0.5	125	18.8	24.8	-6.0	0.4	-24.4	24.8	
0.10547	0.6	125	18.8	24.8	-6.0	0.4	-24.4	24.8	
0.10938	0.6	125	18.7	24.8	-6.1	0.4	-24.4	24.8	
0.11328	0.6	125	18.7	24.8	-6.1	0.4	-24.4	24.8	
0.11719	0.5	125	18.6	24.8	-6.2	0.4	-24.4	24.8	
0.12109	0.5	125	18.6	24.8	-6.2	0.4	-24.4	24.8	
0.12500	0.5	125	18.6	24.8	-6.2	0.4	-24.4	24.8	
0.12891	0.4	125	18.6	24.8	-6.2	0.4	-24.4	24.8	
0.13281	0.4	125	18.6	24.8	-6.2	0.4	-24.4	24.8	
0.13672	0.3	125	18.5	24.8	-6.3	0.4	-24.4	24.8	
0.14062	0.3	125	18.5	24.8	-6.3	0.4	-24.4	24.8	
0.14453	0.2	125	18.6	24.8	-6.2	0.4	-24.4	24.8	
0.14844	0.2	125	18.6	24.8	-6.2	0.4	-24.4	24.8	
0.15234	0.2	125	18.6	24.8	-6.2	0.4	-24.4	24.8	
0.15625	0.1	125	18.6	24.8	-6.2	0.4	-24.4	24.8	
0.16016	0.1	125	18.6	24.8	-6.2	0.4	-24.4	24.8	
0.16406	0.1	125	18.6	24.8	-6.2	0.4	-24.4	24.8	
0.16797	0.1	125	18.6	24.9	-6.3	0.4	-24.5	24.9	
0.17188	0.2	125	18.7	24.9	-6.2	0.4	-24.5	24.9	
0.17578	0.2	125	18.7	24.9	-6.2	0.4	-24.5	24.9	
0.17969	0.2	125	18.7	24.9	-6.2	0.4	-24.5	24.9	
0.18359	0.2	125	18.7	24.9	-6.2	0.4	-24.5	24.9	
0.18750	0.3	125	18.7	24.9	-6.2	0.4	-24.5	24.9	
0.19141	0.3	125	18.7	24.9	-6.2	0.4	-24.5	24.9	
0.19531	0.3	125	18.7	25.0	-6.3	0.4	-24.6	25.0	
0.19922	0.3	126	18.7	25.0	-6.3	0.4	-24.6	25.0	
0.20312	0.3	126	18.7	25.0	-6.3	0.4	-24.6	25.0	
0.20703	0.3	126	18.7	25.0	-6.3	0.4	-24.6	25.0	
0.21094	0.3	126	18.7	25.0	-6.3	0.4	-24.6	25.0	
0.21484	0.3	126	18.7	25.0	-6.3	0.4	-24.6	25.0	
0.21875	0.3	126	18.7	25.1	-6.4	0.4	-24.7	25.1	
0.22266	0.3	126	18.7	25.1	-6.4	0.4	-24.7	25.1	
0.22656	0.3	126	18.7	25.1	-6.4	0.4	-24.7	25.1	
0.23047	0.3	126	18.7	25.1	-6.4	0.4	-24.7	25.1	
0.23438	0.2	126	18.7	25.1	-6.4	0.4	-24.7	25.1	
0.23828	0.2	126	18.7	25.1	-6.4	0.4	-24.7	25.1	
0.24219	0.2	126	18.7	25.2	-6.5	0.4	-24.8	25.2	
0.24609	0.2	126	18.7	25.2	-6.5	0.4	-24.8	25.2	
0.25000	0.2	126	18.7	25.2	-6.5	0.4	-24.8	25.2	
0.25391	0.2	126	18.7	25.2	-6.5	0.4	-24.8	25.2	
0.25781	0.1	126	18.8	25.2	-6.4	0.4	-24.8	25.2	
0.26172	0.1	126	18.8	25.3	-6.5	0.4	-24.9	25.3	
0.26562	0.1	126	18.8	25.3	-6.5	0.4	-24.9	25.3	
0.26953	0.1	126	18.8	25.3	-6.5	0.4	-24.9	25.3	
0.27344	0.1	126	18.9	25.3	-6.4	0.4	-24.9	25.3	
0.27734	0.1	126	18.9	25.3	-6.4	0.4	-24.9	25.3	
0.28125	0.2	126	18.9	25.3	-6.4	0.4	-24.9	25.3	
0.28516	0.2	126	18.9	25.3	-6.4	0.4	-24.9	25.3	
0.28906	0.2	126	18.9	25.3	-6.4	0.4	-24.9	25.3	
0.29297	0.2	126	18.9	25.3	-6.4	0.4	-24.9	25.3	
0.29688	0.3	126	18.9	25.4	-6.5	0.4	-25.0	25.4	
0.30078	0.3	126	18.9	25.4	-6.5	0.4	-25.0	25.4	
0.30469	0.3	126	18.9	25.4	-6.5	0.4	-25.0	25.4	
0.30859	0.3	126	18.9	25.4	-6.5	0.4	-25.0	25.4	
0.31250	0.3	126	18.9	25.4	-6.5	0.4	-25.0	25.4	
0.31641	0.3	126	18.9	25.4	-6.5	0.4	-25.0	25.4	
0.32031	0.3	126	18.9	25.4	-6.5	0.4	-25.0	25.4	
0.32422	0.3	126	18.9	25.4	-6.5	0.4	-25.0	25.4	
0.32812	0.3	126	18.9	25.4	-6.5	0.4	-25.0	25.4	
0.33203	0.3	126	18.9	25.4	-6.5	0.4	-25.0	25.4	
0.33594	0.3	126	18.9	25.4	-6.5	0.4	-25.0	25.4	
0.33984	0.3	126	18.9	25.4	-6.5	0.4	-25.0	25.4	
0.34375	0.2	126	18.8	25.4	-6.6	0.4	-25.0	25.4	
0.34766	0.2	126	18.8	25.4	-6.6	0.4	-25.0	25.4	
0.35156	0.3	126	18.8	25.4	-6.6	0.4	-25.0	25.4	
0.35547	0.2	126	18.8	25.4	-6.6	0.4	-25.0	25.4	
0.35938	0.2	126	18.8	25.4	-6.6	0.4	-25.0	25.4	
0.36328	0.2	126	18.8	25.4	-6.6	0.4	-25.0	25.4	
0.36719	0.2	126	18.9	25.4	-6.5	0.4	-25.0	25.4	
0.37109	0.2	126	18.9	25.5	-6.6	0.4	-25.1	25.5	
0.37500	0.2	126	18.9	25.5	-6.6	0.4	-25.1	25.5	
0.37891	0.2	126	18.9	25.5	-6.6	0.4	-25.1	25.5	
0.38281	0.2	126	18.9	25.5	-6.6	0.4	-25.1	25.5	
0.38672	0.2	126	18.9	25.5	-6.6	0.4	-25.1	25.5	
0.39062	0.2	126	18.9	25.5	-6.6	0.4	-25.1	25.5	
0.39453	0.2	126	19.0	25.5	-6.5	0.4	-25.1	25.5	
0.39844	0.2	126	19.0	25.5	-6.5	0.4	-25.1	25.5	
0.40234	0.2	126	19.0	25.5	-6.5	0.4	-25.1	25.5	
0.40625	0.2	126	19.0	25.5	-6.5	0.4	-25.1	25.5	
0.41016	0.2	126	19.0	25.5	-6.5	0.4	-25.1	25.5	
0.41406	0.2	126	19.0	25.5	-6.5	0.4	-25.1	25.5	
0.41797	0.2	126	19.0	25.6	-6.6	0.4	-25.2	25.6	
0.42188	0.2	126	19.1	25.6	-6.5	0.4	-25.2	25.6	
0.42578	0.2	126	19.1	25.6	-6.5	0.4	-25.2	25.6	
0.42969	0.2	126	19.1	25.6	-6.5	0.4	-25.2	25.6	
0.43359	0.2	126	19.1	25.6	-6.5	0.4	-25.2	25.6	
0.43750	0.2	126	19.1	25.7	-6.6	0.4	-25.3	25.7	
0.44141	0.2	126	19.1	25.7	-6.6	0.4	-25.3	25.7	
0.44531	0.2	126	19.1	25.7	-6.6	0.4	-25.3	25.7	
0.44922	0.2	126	19.1	25.7	-6.6	0.4	-25.3	25.7	
0.45312	0.2	126	19.1	25.8	-6.7	0.4	-25.4	25.8	
0.45703	0.2	126	19.1	25.8	-6.7	0.4	-25.4	25.8	
0.46094	0.3	126	19.1	25.8	-6.7	0.4	-25.4	25.8	
0.46484	0.3	127	19.1	25.9	-6.8	0.4	-25.5	25.9	
0.46875	0.2	127	19.1	25.9	-6.8	0.4	-25.5	25.9	
0.47266	0.2	127	19.1	25.9	-6.8	0.4	-25.5	25.9	
0.47656	0.2	127	19.1	26.0	-6.9	0.4	-25.6	26.0	
0.48047	0.2	127	19.1	26.0	-6.9	0.4	-25.6	26.0	
0.48438	0.2	127	19.1	26.1	-7.0	0.4	-25.7	26.1	
0.48828	0.2	127	19.1	26.1	-7.0	0.4	-25.7	26.1	
0.49219	0.3	127	19.1	26.1	-7.0	0.4	-25.7	26.1	
0.49609	0.2	127	19.1	26.2	-7.1	0.4	-25.8	26.2	
0.50000	0.2	127	19.2	26.2	-7.0	0.4	-25.8	26.2	
0.50391	0.2	127	19.2	26.3	-7.1	0.4	-25.9	26.3	
0.50781	0.2	127	19.2	26.3	-7.1	0.4	-25.9	26.3	
0.51172	0.2	127	19.2	26.3	-7.1	0.4	-25.9	26.3	
0.51562	0.2	127	19.2	26.3	-7.1	0.4	-25.9	26.3	
0.51953	0.2	127	19.2	26.4	-7.2	0.4	-26.0	26.4	
0.52344	0.2	127	19.2	26.4	-7.2	0.4	-26.0	26.4	
0.52734	0.2	127	19.2	26.4	-7.2	0.4	-26.0	26.4	
0.53125	0.2	127	19.2	26.4	-7.2	0.4	-26.0	26.4	
0.53516	0.2	127	19.2	26.4	-7.2	0.4	-26.0	26.4	
0.53906	0.2	127	19.2	26.4	-7.2	0.4	-26.0	26.4	
0.54297	0.2	127	19.3	26.4	-7.1	0.4	-26.0	26.4	
0.54688	0.2	127	19.3	26.3	-7.0	0.4	-25.9	26.3	
0.55078	0.2	127	19.3	26.3	-7.0	0.4	-25.9	26.3	
0.55469	0.2	127	19.3	26.3	-7.0	0.4	-25.9	26.3	
0.55859	0.2	127	19.3	26.2	-6.9	0.4	-25.8	26.2	
0.56250	0.2	127	19.3	26.2	-6.9	0.4	-25.8	26.2	
0.56641	0.2	127	19.3	26.2	-6.9	0.4	-25.8	26.2	
0.57031	0.2	127	19.4	26.2	-6.8	0.4	-25.8	26.2	
0.57422	0.2	127	19.4	26.1	-6.7	0.4	-25.7	26.1	
0.57812	0.2	127	19.4	26.1	-6.7	0.4	-25.7	26.1	
0.58203	0.2	127	19.4	26.0	-6.6	0.4	-25.6	26.0	
0.58594	0.2	127	19.4	26.0	-6.6	0.4	-25.6	26.0	
0.58984	0.2	127	19.4	26.0	-6.6	0.4	-25.6	26.0	
0.59375	0.3	127	19.4	25.9	-6.5	0.4	-25.5	25.9	
0.59766	0.2	127	19.4	25.9	-6.5	0.4	-25.5	25.9	
0.60156	0.2	127	19.4	25.9	-6.5	0.4	-25.5	25.9	
0.60547	0.3	127	19.4	25.9	-6.5	0.4	-25.5	25.9	
0.60938	0.2	127	19.4	25.9	-6.5	0.4	-25.5	25.9	
0.61328	0.2	127	19.4	25.9	-6.5	0.4	-25.5	25.9	
0.61719	0.2	127	19.4	25.9	-6.5	0.4	-25.5	25.9	
0.62109	0.2	127	19.4	25.9	-6.5	0.4	-25.5	25.9	
0.62500	0.3	127	19.4	25.9	-6.5	0.4	-25.5	25.9	
0.62891	0.3	127	19.4	25.9	-6.5	0.4	-25.5	25.9	
0.63281	0.2	127	19.4	25.9	-6.5	0.4	-25.5	25.9	
0.63672	0.3	127	19.4	25.9	-6.5	0.4	-25.5	25.9	
0.64062	0.3	127	19.4	26.0	-6.6	0.4	-25.6	26.0	
0.64453	0.2	127	19.4	26.0	-6.6	0.4	-25.6	26.0	
0.64844	0.2	127	19.4	26.0	-6.6	0.4	-25.6	26.0	
0.65234	0.3	127	19.4	26.0	-6.6	0.4	-25.6	26.0	
0.65625	0.2	127	19.4	26.0	-6.6	0.4	-25.6	26.0	
0.66016	0.3	127	19.4	26.0	-6.6	0.4	-25.6	26.0	
0.66406	0.3	127	19.4	26.1	-6.7	0.4	-25.7	26.1	
0.66797	0.3	127	19.4	26.0	-6.6	0.4	-25.6	26.0	
0.67188	0.4	127	19.3	26.0	-6.7	0.4	-25.6	26.0	
0.67578	0.4	127	19.3	26.0	-6.7	0.4	-25.6	26.0	
0.67969	0.5	127	19.3	26.0	-6.7	0.4	-25.6	26.0	
0.68359	0.6	127	19.3	26.0	-6.7	0.4	-25.6	26.0	
0.68750	0.8	127	19.2	26.0	-6.8	0.4	-25.6	26.0	
0.69141	0.9	127	19.1	25.9	-6.8	0.4	-25.5	25.9	
0.69531	1.1	128	19.1	25.9	-6.8	0.4	-25.5	25.9	
0.69922	1.3	128	19.0	25.9	-6.9	0.4	-25.5	25.9	
0.70312	1.4	128	18.9	25.8	-6.9	0.4	-25.4	25.8	
0.70703	1.5	128	18.8	25.8	-7.0	0.4	-25.4	25.8	
0.71094	1.5	128	18.7	25.8	-7.1	0.4	-25.4	25.8	
0.71484	1.5	128	18.7	25.7	-7.0	0.4	-25.3	25.7	
0.71875	1.4	128	18.6	25.7	-7.1	0.4	-25.3	25.7	
0.72266	1.3	128	18.5	25.7	-7.2	0.4	-25.3	25.7	
0.72656	1.2	128	18.5	25.6	-7.1	0.4	-25.2	25.6	
0.73047	1.0	128	18.4	25.6	-7.2	0.4	-25.2	25.6	
0.73438	0.8	128	18.4	25.6	-7.2	0.4	-25.2	25.6	
0.73828	0.5	128	18.4	25.5	-7.1	0.4	-25.1	25.5	
0.74219	0.3	128	18.4	25.5	-7.1	0.4	-25.1	25.5	
0.74609	0.2	128	18.4	25.4	-7.0	0.4	-25.0	25.4	
0.75000	-0.1	128	18.4	25.4	-7.0	0.4	-25.0	25.4	
0.75391	-0.3	128	18.5	25.4	-6.9	0.4	-25.0	25.4	
0.75781	-0.5	128	18.5	25.3	-6.8	0.4	-24.9	25.3	
0.76172	-0.6	128	18.6	25.3	-6.7	0.4	-24.9	25.3	
0.76562	-0.6	128	18.7	25.3	-6.6	0.4	-24.9	25.3	
0.76953	-0.8	128	18.8	25.2	-6.4	0.4	-24.8	25.2	
0.77344	-0.8	128	18.9	25.2	-6.3	0.4	-24.8	25.2	
0.77734	-0.7	128	18.9	25.2	-6.3	0.4	-24.8	25.2	
0.78125	-0.7	128	19.0	25.2	-6.2	0.4	-24.8	25.2	
0.78516	-0.6	128	19.1	25.1	-6.0	0.4	-24.7	25.1	
0.78906	-0.5	128	19.1	25.1	-6.0	0.4	-24.7	25.1	
0.79297	-0.4	128	19.2	25.1	-5.9	0.4	-24.7	25.1	
0.79688	-0.2	128	19.2	25.1	-5.9	0.4	-24.7	25.1	
0.80078	-0.0	128	19.3	25.0	-5.7	0.4	-24.6	25.0	
0.80469	0.1	128	19.3	25.0	-5.7	0.4	-24.6	25.0	
0.80859	0.2	128	19.3	25.0	-5.7	0.4	-24.6	25.0	
0.81250	0.3	128	19.3	25.0	-5.7	0.4	-24.6	25.0	
0.81641	0.5	128	19.3	25.0	-5.7	0.4	-24.6	25.0	
0.82031	0.6	128	19.2	24.9	-5.7	0.4	-24.5	24.9	
0.82422	0.7	128	19.2	24.9	-5.7	0.4	-24.5	24.9	
0.82812	0.7	128	19.2	24.9	-5.7	0.4	-24.5	24.9	
0.83203	0.7	128	19.1	24.9	-5.8	0.4	-24.5	24.9	
0.83594	0.8	128	19.1	24.9	-5.8	0.4	-24.5	24.9	
0.83984	0.8	128	19.0	24.9	-5.9	0.4	-24.5	24.9	
0.84375	0.8	128	18.9	24.9	-6.0	0.4	-24.5	24.9	
0.84766	0.7	128	18.9	24.8	-5.9	0.4	-24.4	24.8	
0.85156	0.7	129	18.9	24.9	-6.0	0.4	-24.5	24.9	
0.85547	0.6	129	18.8	24.9	-6.1	0.4	-24.5	24.9	
0.85938	0.5	129	18.7	24.8	-6.1	0.4	-24.4	24.8	
0.86328	0.5	129	18.7	24.9	-6.2	0.4	-24.5	24.9	
0.86719	0.4	129	18.7	24.9	-6.2	0.4	-24.5	24.9	
0.87109	0.3	129	18.7	24.8	-6.1	0.4	-24.4	24.8	
0.87500	0.3	129	18.7	24.8	-6.1	0.4	-24.4	24.8	
0.87891	0.2	129	18.7	24.9	-6.2	0.4	-24.5	24.9	
0.88281	0.2	129	18.7	24.9	-6.2	0.4	-24.5	24.9	
0.88672	0.1	129	18.7	24.9	-6.2	0.4	-24.5	24.9	
0.89062	0.1	129	18.7	24.9	-6.2	0.4	-24.5	24.9	
0.89453	0.1	129	18.7	24.9	-6.2	0.4	-24.5	24.9	
0.89844	0.1	129	18.8	24.9	-6.1	0.4	-24.5	24.9	
0.90234	0.1	129	18.8	24.9	-6.1	0.4	-24.5	24.9	
0.90625	0.1	129	18.8	24.9	-6.1	0.4	-24.5	24.9	
0.91016	0.1	129	18.8	24.9	-6.1	0.4	-24.5	24.9	
0.91406	0.2	129	18.8	24.9	-6.1	0.4	-24.5	24.9	
0.91797	0.2	129	18.8	25.0	-6.2	0.4	-24.6	25.0	
0.92188	0.2	129	18.9	25.0	-6.1	0.4	-24.6	25.0	
0.92578	0.2	129	18.9	25.0	-6.1	0.4	-24.6	25.0	
0.92969	0.3	129	18.9	25.0	-6.1	0.4	-24.6	25.0	
0.93359	0.2	129	18.9	25.0	-6.1	0.4	-24.6	25.0	
0.93750	0.3	129	18.9	25.1	-6.2	0.4	-24.7	25.1	
0.94141	0.3	129	18.9	25.1	-6.2	0.4	-24.7	25.1	
0.94531	0.3	129	18.9	25.1	-6.2	0.4	-24.7	25.1	
0.94922	0.3	129	18.9	25.1	-6.2	0.4	-24.7	25.1	
0.95312	0.3	129	18.9	25.1	-6.2	0.4	-24.7	25.1	
0.95703	0.3	129	18.9	25.1	-6.2	0.4	-24.7	25.1	
0.96094	0.2	129	18.9	25.2	-6.3	0.4	-24.8	25.2	
0.96484	0.2	129	18.9	25.2	-6.3	0.4	-24.8	25.2	
0.96875	0.2	129	18.9	25.2	-6.3	0.4	-24.8	25.2	
0.97266	0.2	129	18.9	25.2	-6.3	0.4	-24.8	25.2	
0.97656	0.2	129	18.9	25.2	-6.3	0.4	-24.8	25.2	
0.98047	0.1	129	18.9	25.2	-6.3	0.4	-24.8	25.2	
0.98438	0.1	129	18.9	25.3	-6.4	0.4	-24.9	25.3	
0.98828	0.1	129	18.9	25.3	-6.4	0.4	-24.9	25.3	
0.99219	0.2	129	18.9	25.3	-6.4	0.4	-24.9	25.3	
0.99609	0.2	129	19.0	25.3	-6.3	0.4	-24.9	25.3	
1.00000	0.2	129	19.0	25.3	-6.3	0.4	-24.9	25.3	
1.00391	0.1	129	19.0	25.3	-6.3	0.4	-24.9	25.3	
1.00781	0.2	129	19.0	25.3	-6.3	0.4	-24.9	25.3	
1.01172	0.2	129	19.1	25.4	-6.3	0.4	-25.0	25.4	
1.01562	0.2	129	19.1	25.4	-6.3	0.4	-25.0	25.4	
1.01953	0.2	129	19.1	25.4	-6.3	0.4	-25.0	25.4	
1.02344	0.2	129	19.1	25.4	-6.3	0.4	-25.0	25.4	
1.02734	0.2	129	19.1	25.4	-6.3	0.4	-25.0	25.4	
1.03125	0.2	129	19.1	25.4	-6.3	0.4	-25.0	25.4	
1.03516	0.2	129	19.1	25.4	-6.3	0.4	-25.0	25.4	
1.03906	0.3	129	19.1	25.4	-6.3	0.4	-25.0	25.4	
1.04297	0.3	129	19.1	25.5	-6.4	0.4	-25.1	25.5	
1.04688	0.3	129	19.1	25.5	-6.4	0.4	-25.1	25.5	
1.05078	0.3	129	19.1	25.4	-6.3	0.4	-25.0	25.4	
1.05469	0.3	129	19.1	25.5	-6.4	0.4	-25.1	25.5	
1.05859	0.3	129	19.1	25.5	-6.4	0.4	-25.1	25.5	
1.06250	0.3	129	19.1	25.5	-6.4	0.4	-25.1	25.5	
1.06641	0.3	129	19.1	25.5	-6.4	0.4	-25.1	25.5	
1.07031	0.3	129	19.1	25.5	-6.4	0.4	-25.1	25.5	
1.07422	0.3	129	19.1	25.5	-6.4	0.4	-25.1	25.5	
1.07812	0.3	129	19.1	25.5	-6.4	0.4	-25.1	25.5	
1.08203	0.3	129	19.1	25.5	-6.4	0.4	-25.1	25.5	
1.08594	0.3	129	19.1	25.5	-6.4	0.4	-25.1	25.5	
1.08984	0.2	129	19.1	25.5	-6.4	0.4	-25.1	25.5	
1.09375	0.2	129	19.1	25.5	-6.4	0.4	-25.1	25.5	
1.09766	0.2	129	19.1	25.5	-6.4	0.4	-25.1	25.5	
1.10156	0.2	130	19.1	25.5	-6.4	0.4	-25.1	25.5	
1.10547	0.2	130	19.1	25.5	-6.4	0.4	-25.1	25.5	
1.10938	0.2	130	19.1	25.5	-6.4	0.4	-25.1	25.5	
1.11328	0.2	130	19.1	25.5	-6.4	0.4	-25.1	25.5	
1.11719	0.2	130	19.1	25.5	-6.4	0.4	-25.1	25.5	
1.12109	0.2	130	19.1	25.6	-6.5	0.4	-25.2	25.6	
1.12500	0.2	130	19.1	25.6	-6.5	0.4	-25.2	25.6	
1.12891	0.2	130	19.1	25.6	-6.5	0.4	-25.2	25.6	
1.13281	0.2	130	19.1	25.6	-6.5	0.4	-25.2	25.6	
1.13672	0.2	130	19.1	25.6	-6.5	0.4	-25.2	25.6	
1.14062	0.2	130	19.2	25.6	-6.4	0.4	-25.2	25.6	
1.14453	0.2	130	19.2	25.6	-6.4	0.4	-25.2	25.6	
1.14844	0.2	130	19.2	25.6	-6.4	0.4	-25.2	25.6	
1.15234	0.2	130	19.2	25.6	-6.4	0.4	-25.2	25.6	
1.15625	0.2	130	19.2	25.7	-6.5	0.4	-25.3	25.7	
1.16016	0.2	130	19.2	25.7	-6.5	0.4	-25.3	25.7	
1.16406	0.2	130	19.2	25.7	-6.5	0.4	-25.3	25.7	
1.16797	0.2	130	19.2	25.7	-6.5	0.4	-25.3	25.7	
1.17188	0.3	130	19.2	25.7	-6.5	0.4	-25.3	25.7	
1.17578	0.2	130	19.2	25.8	-6.6	0.4	-25.4	25.8	
1.17969	0.2	130	19.2	25.8	-6.6	0.4	-25.4	25.8	
1.18359	0.2	130	19.2	25.8	-6.6	0.4	-25.4	25.8	
1.18750	0.2	130	19.2	25.9	-6.7	0.4	-25.5	25.9	
1.19141	0.2	130	19.2	25.9	-6.7	0.4	-25.5	25.9	
1.19531	0.2	130	19.2	25.9	-6.7	0.4	-25.5	25.9	
1.19922	0.2	130	19.2	25.9	-6.7	0.4	-25.5	25.9	
1.20312	0.2	130	19.2	26.0	-6.8	0.4	-25.6	26.0	
1.20703	0.2	130	19.2	26.0	-6.8	0.4	-25.6	26.0	
1.21094	0.2	130	19.2	26.1	-6.9	0.4	-25.7	26.1	
1.21484	0.2	130	19.2	26.1	-6.9	0.4	-25.7	26.1	
1.21875	0.2	130	19.2	26.2	-7.0	0.4	-25.8	26.2	
1.22266	0.2	130	19.2	26.2	-7.0	0.4	-25.8	26.2	
1.22656	0.2	130	19.3	26.2	-6.9	0.4	-25.8	26.2	
1.23047	0.2	130	19.3	26.3	-7.0	0.4	-25.9	26.3	
1.23438	0.2	130	19.3	26.3	-7.0	0.4	-25.9	26.3	
1.23828	0.2	130	19.3	26.3	-7.0	0.4	-25.9	26.3	
1.24219	0.2	130	19.3	26.4	-7.1	0.4	-26.0	26.4	
1.24609	0.2	130	19.3	26.4	-7.1	0.4	-26.0	26.4	
1.25000	0.1	130	19.3	26.4	-7.1	0.4	-26.0	26.4	
1.25391	0.2	130	19.4	26.5	-7.1	0.4	-26.1	26.5	
1.25781	0.2	130	19.4	26.5	-7.1	0.4	-26.1	26.5	
1.26172	0.2	130	19.4	26.5	-7.1	0.4	-26.1	26.5	
1.26562	0.1	130	19.4	26.5	-7.1	0.4	-26.1	26.5	
1.26953	0.2	130	19.4	26.5	-7.1	0.4	-26.1	26.5	
1.27344	0.2	130	19.4	26.5	-7.1	0.4	-26.1	26.5	
1.27734	0.1	130	19.4	26.5	-7.1	0.4	-26.1	26.5	
1.28125	0.2	130	19.4	26.4	-7.0	0.4	-26.0	26.4	
1.28516	0.2	130	19.5	26.4	-6.9	0.4	-26.0	26.4	
1.28906	0.2	130	19.5	26.4	-6.9	0.4	-26.0	26.4	
1.29297	0.1	130	19.5	26.4	-6.9	0.4	-26.0	26.4	
1.29688	0.2	130	19.5	26.3	-6.8	0.4	-25.9	26.3	
1.30078	0.2	130	19.5	26.3	-6.8	0.4	-25.9	26.3	
1.30469	0.1	130	19.5	26.3	-6.8	0.4	-25.9	26.3	
1.30859	0.2	130	19.6	26.2	-6.6	0.4	-25.8	26.2	
1.31250	0.2	130	19.6	26.2	-6.6	0.4	-25.8	26.2	
1.31641	0.1	130	19.6	26.2	-6.6	0.4	-25.8	26.2	
1.32031	0.1	130	19.6	26.1	-6.5	0.4	-25.7	26.1	
1.32422	0.2	130	19.6	26.1	-6.5	0.4	-25.7	26.1	
1.32812	0.2	130	19.6	26.1	-6.5	0.4	-25.7	26.1	
1.33203	0.2	130	19.6	26.0	-6.4	0.4	-25.6	26.0	
1.33594	0.2	130	19.7	26.0	-6.3	0.4	-25.6	26.0	
1.33984	0.2	130	19.7	26.0	-6.3	0.4	-25.6	26.0	
1.34375	0.2	130	19.7	26.0	-6.3	0.4	-25.6	26.0	
1.34766	0.2	130	19.7	26.0	-6.3	0.4	-25.6	26.0	
1.35156	0.2	130	19.7	26.0	-6.3	0.4	-25.6	26.0	
1.35547	0.2	130	19.7	26.0	-6.3	0.4	-25.6	26.0	
1.35938	0.2	130	19.7	26.0	-6.3	0.4	-25.6	26.0	
1.36328	0.2	130	19.7	26.1	-6.4	0.4	-25.7	26.1	
1.36719	0.2	130	19.7	26.1	-6.4	0.4	-25.7	26.1	
1.37109	0.2	130	19.7	26.1	-6.4	0.4	-25.7	26.1	
1.37500	0.2	130	19.7	26.1	-6.4	0.4	-25.7	26.1	
1.37891	0.2	130	19.8	26.2	-6.4	0.4	-25.8	26.2	
1.38281	0.2	130	19.8	26.2	-6.4	0.4	-25.8	26.2	
1.38672	0.2	130	19.8	26.2	-6.4	0.4	-25.8	26.2	
1.39062	0.2	130	19.8	26.2	-6.4	0.4	-25.8	26.2	
1.39453	0.2	130	19.8	26.2	-6.4	0.4	-25.8	26.2	
1.39844	0.2	130	19.8	26.2	-6.4	0.4	-25.8	26.2	
1.40234	0.2	130	19.8	26.2	-6.4	0.4	-25.8	26.2	
1.40625	0.2	130	19.8	26.2	-6.4	0.4	-25.8	26.2	
1.41016	0.3	131	19.8	26.2	-6.4	0.4	-25.8	26.2	
1.41406	0.4	131	19.8	26.2	-6.4	0.4	-25.8	26.2	
1.41797	0.5	131	19.7	26.2	-6.5	0.4	-25.8	26.2	
1.42188	0.6	131	19.7	26.2	-6.5	0.4	-25.8	26.2	
1.42578	0.8	131	19.6	26.2	-6.6	0.4	-25.8	26.2	
1.42969	0.9	131	19.6	26.1	-6.5	0.4	-25.7	26.1	
1.43359	1.0	131	19.5	26.1	-6.6	0.4	-25.7	26.1	
1.43750	1.1	131	19.5	26.1	-6.6	0.4	-25.7	26.1	
1.44141	1.1	131	19.4	26.1	-6.7	0.4	-25.7	26.1	
1.44531	1.1	131	19.3	26.0	-6.7	0.4	-25.6	26.0	
1.44922	1.1	131	19.3	26.0	-6.7	0.4	-25.6	26.0	
1.45312	1.0	131	19.2	26.0	-6.8	0.4	-25.6	26.0	
1.45703	0.9	131	19.2	25.9	-6.7	0.4	-25.5	25.9	
1.46094	0.7	131	19.2	25.9	-6.7	0.4	-25.5	25.9	
1.46484	0.5	131	19.2	25.9	-6.7	0.4	-25.5	25.9	
1.46875	0.2	131	19.2	25.9	-6.7	0.4	-25.5	25.9	
1.47266	-0.0	131	19.2	25.8	-6.6	0.4	-25.4	25.8	
1.47656	-0.3	131	19.2	25.8	-6.6	0.4	-25.4	25.8	
1.48047	-0.6	131	19.3	25.8	-6.5	0.4	-25.4	25.8	
1.48438	-0.9	131	19.4	25.8	-6.4	0.4	-25.4	25.8	
1.48828	-1.1	131	19.5	25.8	-6.3	0.4	-25.4	25.8	
1.49219	-1.3	131	19.6	25.7	-6.1	0.4	-25.3	25.7	
1.49609	-1.5	131	19.7	25.7	-6.0	0.4	-25.3	25.7	
1.50000	-1.6	131	19.8	25.7	-5.9	0.4	-25.3	25.7	
1.50391	-1.7	131	19.9	25.7	-5.8	0.4	-25.3	25.7	
1.50781	-1.7	131	20.0	25.7	-5.7	0.4	-25.3	25.7	
1.51172	-1.7	130	20.2	25.7	-5.5	0.4	-25.3	25.7	
1.51562	-1.5	130	20.3	25.7	-5.4	0.4	-25.3	25.7	
1.51953	-1.4	130	20.4	25.6	-5.2	0.4	-25.2	25.6	
1.52344	-1.2	130	20.5	25.6	-5.1	0.4	-25.2	25.6	
1.52734	-1.0	130	20.5	25.6	-5.1	0.4	-25.2	25.6	
1.53125	-0.8	130	20.6	25.6	-5.0	0.4	-25.2	25.6	
1.53516	-0.5	130	20.7	25.6	-4.9	0.4	-25.2	25.6	
1.53906	-0.4	130	20.8	25.6	-4.8	0.4	-25.2	25.6	
1.54297	-0.2	130	20.8	25.6	-4.8	0.4	-25.2	25.6	
1.54688	0.0	130	20.8	25.6	-4.8	0.4	-25.2	25.6	
1.55078	0.1	130	20.9	25.6	-4.7	0.4	-25.2	25.6	
1.55469	0.2	130	20.9	25.6	-4.7	0.4	-25.2	25.6	
1.55859	0.3	130	20.9	25.6	-4.7	0.4	-25.2	25.6	
1.56250	0.4	130	20.9	25.7	-4.8	0.4	-25.3	25.7	
1.56641	0.4	130	20.9	25.7	-4.8	0.4	-25.3	25.7	
1.57031	0.4	130	20.9	25.7	-4.8	0.4	-25.3	25.7	
1.57422	0.4	130	20.9	25.7	-4.8	0.4	-25.3	25.7	
1.57812	0.4	130	20.9	25.7	-4.8	0.4	-25.3	25.7	
1.58203	0.3	130	20.9	25.7	-4.8	0.4	-25.3	25.7	
1.58594	0.2	130	20.9	25.8	-4.9	0.4	-25.4	25.8	
1.58984	0.2	130	20.9	25.8	-4.9	0.4	-25.4	25.8	
1.59375	0.1	130	20.9	25.8	-4.9	0.4	-25.4	25.8	
1.59766	0.0	130	21.0	25.8	-4.8	0.4	-25.4	25.8	
1.60156	-0.1	130	21.0	25.9	-4.9	0.4	-25.5	25.9	
1.60547	-0.2	130	21.0	25.9	-4.9	0.4	-25.5	25.9	
1.60938	-0.4	130	21.1	25.9	-4.8	0.4	-25.5	25.9	
1.61328	-0.5	130	21.2	26.0	-4.8	0.4	-25.6	26.0	
1.61719	-0.6	130	21.2	26.0	-4.8	0.4	-25.6	26.0	
1.62109	-0.8	130	21.3	26.0	-4.7	0.4	-25.6	26.0	
1.62500	-0.9	130	21.4	26.1	-4.7	0.4	-25.7	26.1	
1.62891	-1.0	130	21.5	26.1	-4.6	0.4	-25.7	26.1	
1.63281	-1.1	130	21.6	26.2	-4.6	0.4	-25.8	26.2	
1.63672	-1.1	130	21.7	26.2	-4.5	0.4	-25.8	26.2	
1.64062	-1.1	130	21.8	26.3	-4.5	0.4	-25.9	26.3	
1.64453	-1.1	130	21.9	26.3	-4.4	0.4	-25.9	26.3	
1.64844	-1.1	130	22.0	26.4	-4.4	0.4	-26.0	26.4	
1.65234	-1.0	130	22.1	26.4	-4.3	0.4	-26.0	26.4	
1.65625	-0.9	129	22.2	26.5	-4.3	0.4	-26.1	26.5	
1.66016	-0.9	129	22.2	26.5	-4.3	0.4	-26.1	26.5	
1.66406	-0.8	129	22.3	26.6	-4.3	0.4	-26.2	26.6	
1.66797	-0.7	129	22.4	26.6	-4.2	0.4	-26.2	26.6	
1.67188	-0.7	129	22.5	26.7	-4.2	0.4	-26.3	26.7	
1.67578	-0.6	129	22.5	26.8	-4.3	0.4	-26.4	26.8	
1.67969	-0.7	129	22.6	26.8	-4.2	0.4	-26.4	26.8	
1.68359	-0.7	129	22.7	26.9	-4.2	0.4	-26.5	26.9	
1.68750	-0.7	129	22.8	26.9	-4.1	0.4	-26.5	26.9	
1.69141	-0.7	129	22.8	27.0	-4.2	0.4	-26.6	27.0	
1.69531	-0.7	129	22.9	27.1	-4.2	0.4	-26.7	27.1	
1.69922	-0.8	129	23.0	27.1	-4.1	0.4	-26.7	27.1	
1.70312	-0.9	129	23.1	27.2	-4.1	0.4	-26.8	27.2	
1.70703	-1.0	129	23.2	27.3	-4.1	0.4	-26.9	27.3	
1.71094	-1.2	129	23.3	27.3	-4.0	0.4	-26.9	27.3	
1.71484	-1.3	129	23.4	27.4	-4.0	0.4	-27.0	27.4	
1.71875	-1.4	129	23.5	27.5	-4.0	0.4	-27.1	27.5	
1.72266	-1.5	128	23.6	27.5	-3.9	0.4	-27.1	27.5	
1.72656	-1.5	128	23.7	27.6	-3.9	0.4	-27.2	27.6	
1.73047	-1.6	128	23.8	27.7	-3.9	0.4	-27.3	27.7	
1.73438	-1.7	128	23.9	27.7	-3.8	0.4	-27.3	27.7	
1.73828	-1.7	128	24.0	27.8	-3.8	0.4	-27.4	27.8	
1.74219	-1.7	128	24.2	27.9	-3.7	0.4	-27.5	27.9	
1.74609	-1.7	128	24.3	27.9	-3.6	0.4	-27.5	27.9	
1.75000	-1.7	128	24.4	28.0	-3.6	0.4	-27.6	28.0	
1.75391	-1.7	128	24.5	28.1	-3.6	0.4	-27.7	28.1	
1.75781	-1.6	127	24.6	28.2	-3.6	0.4	-27.8	28.2	
1.76172	-1.7	127	24.7	28.2	-3.5	0.4	-27.8	28.2	
1.76562	-1.7	127	24.9	28.3	-3.4	0.4	-27.9	28.3	
1.76953	-1.8	127	25.0	28.4	-3.4	0.4	-28.0	28.4	
1.77344	-1.8	127	25.1	28.5	-3.4	0.4	-28.1	28.5	
1.77734	-1.9	127	25.2	28.5	-3.3	0.4	-28.1	28.5	
1.78125	-1.9	127	25.3	28.6	-3.3	0.4	-28.2	28.6	
1.78516	-2.0	127	25.5	28.7	-3.2	0.4	-28.3	28.7	
1.78906	-2.1	127	25.6	28.8	-3.2	0.4	-28.4	28.8	
1.79297	-2.1	126	25.7	28.8	-3.1	0.4	-28.4	28.8	
1.79688	-2.2	126	25.8	28.9	-3.1	0.4	-28.5	28.9	
1.80078	-2.1	126	26.0	29.0	-3.0	0.4	-28.6	29.0	
1.80469	-2.1	126	26.1	29.1	-3.0	0.4	-28.7	29.1	
1.80859	-2.1	126	26.2	29.2	-3.0	0.4	-28.8	29.2	
1.81250	-2.0	126	26.3	29.2	-2.9	0.4	-28.8	29.2	
1.81641	-2.0	126	26.4	29.3	-2.9	0.4	-28.9	29.3	
1.82031	-1.9	125	26.5	29.4	-2.9	0.4	-29.0	29.4	
1.82422	-1.9	125	26.7	29.5	-2.8	0.4	-29.1	29.5	
1.82812	-1.8	125	26.8	29.6	-2.8	0.4	-29.2	29.6	
1.83203	-1.8	125	26.9	29.6	-2.7	0.4	-29.2	29.6	
1.83594	-1.8	125	27.0	29.7	-2.7	0.4	-29.3	29.7	
1.83984	-1.8	125	27.1	29.8	-2.7	0.4	-29.4	29.8	
1.84375	-1.8	125	27.2	29.9	-2.7	0.4	-29.5	29.9	
1.84766	-1.9	125	27.3	30.0	-2.7	0.4	-29.6	30.0	
1.85156	-1.9	124	27.4	30.1	-2.7	0.4	-29.7	30.1	
1.85547	-1.9	124	27.6	30.2	-2.6	0.4	-29.8	30.2	
1.85938	-1.9	124	27.7	30.3	-2.6	0.4	-29.9	30.3	
1.86328	-1.8	124	27.8	30.3	-2.5	0.4	-29.9	30.3	
1.86719	-1.9	124	27.9	30.4	-2.5	0.4	-30.0	30.4	
1.87109	-1.9	124	28.0	30.5	-2.5	0.4	-30.1	30.5	
1.87500	-1.8	124	28.1	30.6	-2.5	0.4	-30.2	30.6	
1.87891	-1.7	124	28.2	30.7	-2.5	0.4	-30.3	30.7	
1.88281	-1.6	124	28.3	30.8	-2.5	0.4	-30.4	30.8	
1.88672	-1.5	123	28.4	30.9	-2.5	0.4	-30.5	30.9	
1.89062	-1.4	123	28.5	31.0	-2.5	0.4	-30.6	31.0	
1.89453	-1.3	123	28.6	31.1	-2.5	0.4	-30.7	31.1	
1.89844	-1.1	123	28.7	31.2	-2.5	0.4	-30.8	31.2	
1.90234	-1.0	123	28.7	31.2	-2.5	0.4	-30.8	31.2	
1.90625	-0.9	123	28.8	31.4	-2.6	0.4	-31.0	31.4	
1.91016	-0.8	123	28.9	31.4	-2.5	0.4	-31.0	31.4	
1.91406	-0.7	123	28.9	31.5	-2.6	0.4	-31.1	31.5	
1.91797	-0.6	123	29.0	31.6	-2.6	0.4	-31.2	31.6	
1.92188	-0.5	123	29.1	31.7	-2.6	0.4	-31.3	31.7	
1.92578	-0.4	123	29.1	31.8	-2.7	0.4	-31.4	31.8	
1.92969	-0.4	123	29.2	31.9	-2.7	0.4	-31.5	31.9	
1.93359	-0.3	123	29.2	32.0	-2.8	0.4	-31.6	32.0	
1.93750	-0.2	123	29.2	32.1	-2.9	0.4	-31.7	32.1	
1.94141	-0.2	123	29.3	32.2	-2.9	0.4	-31.8	32.2	
1.94531	-0.1	123	29.3	32.3	-3.0	0.4	-31.9	32.3	
1.94922	-0.1	123	29.3	32.4	-3.1	0.4	-32.0	32.4	
1.95312	-0.0	123	29.4	32.5	-3.1	0.4	-32.1	32.5	
1.95703	0.0	123	29.4	32.6	-3.2	0.4	-32.2	32.6	
1.96094	0.0	123	29.4	32.7	-3.3	0.4	-32.3	32.7	
1.96484	0.0	123	29.5	32.8	-3.3	0.4	-32.4	32.8	
1.96875	0.0	123	29.5	33.0	-3.5	0.4	-32.6	33.0	
1.97266	0.0	123	29.5	33.0	-3.5	0.4	-32.6	33.0	
1.97656	0.0	123	29.5	33.1	-3.6	0.4	-32.7	33.1	
1.98047	0.0	123	29.5	33.2	-3.7	0.4	-32.8	33.2	
1.98438	0.0	123	29.6	33.3	-3.7	0.4	-32.9	33.3	
1.98828	-0.0	123	29.6	33.4	-3.8	0.4	-33.0	33.4	
1.99219	-0.0	123	29.6	33.5	-3.9	0.4	-33.1	33.5	
1.99609	0.0	123	29.6	33.6	-4.0	0.4	-33.2	33.6	
2.00000	0.0	123	29.7	33.7	-4.0	0.4	-33.3	33.7	
2.00391	-0.1	123	29.7	33.7	-4.0	0.4	-33.3	33.7	
2.00781	-0.1	123	29.7	33.8	-4.1	0.4	-33.4	33.8	
2.01172	-0.0	123	29.7	33.8	-4.1	0.4	-33.4	33.8	
2.01562	0.0	123	29.8	33.9	-4.1	0.4	-33.5	33.9	
2.01953	0.0	123	29.8	34.0	-4.2	0.4	-33.6	34.0	
2.02344	0.1	123	29.8	34.0	-4.2	0.4	-33.6	34.0	
2.02734	0.2	123	29.8	34.1	-4.3	0.4	-33.7	34.1	
2.03125	0.3	123	29.8	34.1	-4.3	0.4	-33.7	34.1	
2.03516	0.4	123	29.8	34.1	-4.3	0.4	-33.7	34.1	
2.03906	0.5	123	29.7	34.2	-4.5	0.4	-33.8	34.2	
2.04297	0.7	123	29.7	34.2	-4.5	0.4	-33.8	34.2	
2.04688	0.9	123	29.6	34.2	-4.6	0.4	-33.8	34.2	
2.05078	1.1	123	29.5	34.2	-4.7	0.4	-33.8	34.2	
2.05469	1.2	123	29.5	34.2	-4.7	0.4	-33.8	34.2	
2.05859	1.4	123	29.4	34.2	-4.8	0.4	-33.8	34.2	
2.06250	1.5	123	29.3	34.2	-4.9	0.4	-33.8	34.2	
2.06641	1.6	123	29.2	34.3	-5.1	0.4	-33.9	34.3	
2.07031	1.6	124	29.1	34.3	-5.2	0.4	-33.9	34.3	
2.07422	1.7	124	29.0	34.3	-5.3	0.4	-33.9	34.3	
2.07812	1.7	124	28.9	34.3	-5.4	0.4	-33.9	34.3	
2.08203	1.7	124	28.7	34.3	-5.6	0.4	-33.9	34.3	
2.08594	1.7	124	28.6	34.4	-5.8	0.4	-34.0	34.4	
2.08984	1.7	124	28.5	34.4	-5.9	0.4	-34.0	34.4	
2.09375	1.7	124	28.4	34.4	-6.0	0.4	-34.0	34.4	
2.09766	1.7	124	28.3	34.4	-6.1	0.4	-34.0	34.4	
2.10156	1.8	124	28.1	34.5	-6.4	0.4	-34.1	34.5	
2.10547	1.9	125	28.0	34.5	-6.5	0.4	-34.1	34.5	
2.10938	2.0	125	27.9	34.5	-6.6	0.4	-34.1	34.5	
2.11328	2.1	125	27.8	34.5	-6.7	0.4	-34.1	34.5	
2.11719	2.2	125	27.7	34.5	-6.8	0.4	-34.1	34.5	
2.12109	2.4	125	27.5	34.5	-7.0	0.4	-34.1	34.5	
2.12500	2.5	125	27.4	34.5	-7.1	0.4	-34.1	34.5	
2.12891	2.7	125	27.2	34.5	-7.3	0.4	-34.1	34.5	
2.13281	2.9	126	27.1	34.5	-7.4	0.4	-34.1	34.5	
2.13672	3.0	126	26.9	34.5	-7.6	0.4	-34.1	34.5	
2.14062	3.3	126	26.7	34.4	-7.7	0.4	-34.0	34.4	
2.14453	3.6	126	26.5	34.4	-7.9	0.4	-34.0	34.4	
2.14844	3.8	127	26.4	34.4	-8.0	0.4	-34.0	34.4	
2.15234	4.0	127	26.2	34.3	-8.1	0.4	-33.9	34.3	
2.15625	4.4	127	26.0	34.2	-8.2	0.4	-33.8	34.2	
2.16016	4.7	127	25.8	34.2	-8.4	0.4	-33.8	34.2	
2.16406	5.0	128	25.5	34.1	-8.6	0.4	-33.7	34.1	
2.16797	5.3	128	25.3	34.0	-8.7	0.4	-33.6	34.0	
2.17188	5.6	128	25.1	34.0	-8.9	0.4	-33.6	34.0	
2.17578	5.8	129	24.8	33.9	-9.1	0.4	-33.5	33.9	
2.17969	5.9	129	24.6	33.8	-9.2	0.4	-33.4	33.8	
2.18359	6.0	130	24.3	33.8	-9.5	0.4	-33.4	33.8	
2.18750	5.9	130	24.1	33.7	-9.6	0.4	-33.3	33.7	
2.19141	5.8	130	23.9	33.6	-9.7	0.4	-33.2	33.6	
2.19531	5.6	131	23.6	33.5	-9.9	0.4	-33.1	33.5	
2.19922	5.3	131	23.4	33.4	-10.0	0.4	-33.0	33.4	
2.20312	4.9	131	23.2	33.3	-10.1	0.4	-32.9	33.3	
2.20703	4.5	132	23.1	33.2	-10.1	0.4	-32.8	33.2	
2.21094	4.1	132	22.9	33.1	-10.2	0.4	-32.7	33.1	
2.21484	3.6	132	22.8	33.0	-10.2	0.4	-32.6	33.0	
2.21875	3.3	132	22.6	32.9	-10.3	0.4	-32.5	32.9	
2.22266	2.9	133	22.5	32.8	-10.3	0.4	-32.4	32.8	
2.22656	2.6	133	22.4	32.7	-10.3	0.4	-32.3	32.7	
2.23047	2.3	133	22.3	32.6	-10.3	0.4	-32.2	32.6	
2.23438	2.2	133	22.2	32.5	-10.3	0.4	-32.1	32.5	
2.23828	2.1	133	22.0	32.4	-10.4	0.4	-32.0	32.4	
2.24219	2.1	133	21.9	32.3	-10.4	0.4	-31.9	32.3	
2.24609	2.2	133	21.8	32.2	-10.4	0.4	-31.8	32.2	
2.25000	2.3	134	21.7	32.1	-10.4	0.4	-31.7	32.1	
2.25391	2.6	134	21.6	32.0	-10.4	0.4	-31.6	32.0	
2.25781	2.7	134	21.4	31.9	-10.5	0.4	-31.5	31.9	
2.26172	3.0	134	21.3	31.8	-10.5	0.4	-31.4	31.8	
2.26562	3.3	134	21.1	31.6	-10.5	0.4	-31.2	31.6	
2.26953	3.5	135	21.0	31.5	-10.5	0.4	-31.1	31.5	
2.27344	3.8	135	20.8	31.4	-10.6	0.4	-31.0	31.4	
2.27734	4.0	135	20.7	31.3	-10.6	0.5	-30.8	31.3	
2.28125	4.1	135	20.5	31.2	-10.7	0.5	-30.7	31.2	
2.28516	4.3	136	20.3	31.1	-10.8	0.5	-30.6	31.1	
2.28906	4.3	136	20.1	31.0	-10.9	0.5	-30.5	31.0	
2.29297	4.2	136	20.0	30.9	-10.9	0.5	-30.4	30.9	
2.29688	4.2	136	19.8	30.7	-10.9	0.5	-30.2	30.7	
2.30078	4.1	137	19.7	30.6	-10.9	0.5	-30.1	30.6	
2.30469	3.9	137	19.5	30.5	-11.0	0.5	-30.0	30.5	
2.30859	3.7	137	19.3	30.4	-11.1	0.5	-29.9	30.4	
2.31250	3.5	137	19.2	30.3	-11.1	0.5	-29.8	30.3	
2.31641	3.3	138	19.1	30.2	-11.1	0.5	-29.7	30.2	
2.32031	3.0	138	19.0	30.1	-11.1	0.5	-29.6	30.1	
2.32422	2.8	138	18.8	30.0	-11.2	0.5	-29.5	30.0	
2.32812	2.5	138	18.7	29.9	-11.2	0.5	-29.4	29.9	
2.33203	2.3	138	18.7	29.8	-11.1	0.5	-29.3	29.8	
2.33594	2.0	138	18.6	29.7	-11.1	0.5	-29.2	29.7	
2.33984	1.8	139	18.5	29.6	-11.1	0.5	-29.1	29.6	
2.34375	1.6	139	18.4	29.5	-11.1	0.5	-29.0	29.5	
2.34766	1.4	139	18.4	29.4	-11.0	0.5	-28.9	29.4	
2.35156	1.2	139	18.3	29.3	-11.0	0.5	-28.8	29.3	
2.35547	1.0	139	18.3	29.2	-10.9	0.5	-28.7	29.2	
2.35938	0.8	139	18.2	29.1	-10.9	0.5	-28.6	29.1	
2.36328	0.7	139	18.2	29.1	-10.9	0.5	-28.6	29.1	
2.36719	0.6	139	18.2	29.0	-10.8	0.5	-28.5	29.0	
2.37109	0.5	139	18.1	28.9	-10.8	0.5	-28.4	28.9	
2.37500	0.3	139	18.1	28.8	-10.7	0.5	-28.3	28.8	
2.37891	0.3	139	18.1	28.8	-10.7	0.5	-28.3	28.8	
2.38281	0.2	139	18.1	28.7	-10.6	0.5	-28.2	28.7	
2.38672	0.2	139	18.1	28.6	-10.5	0.5	-28.1	28.6	
2.39062	0.2	139	18.1	28.6	-10.5	0.5	-28.1	28.6	
2.39453	0.2	139	18.1	28.5	-10.4	0.5	-28.0	28.5	
2.39844	0.2	139	18.1	28.4	-10.3	0.5	-27.9	28.4	
2.40234	0.2	139	18.1	28.3	-10.2	0.5	-27.8	28.3	
2.40625	0.2	139	18.1	28.3	-10.2	0.5	-27.8	28.3	
2.41016	0.2	139	18.1	28.2	-10.1	0.5	-27.7	28.2	
2.41406	0.2	139	18.1	28.2	-10.1	0.5	-27.7	28.2	
2.41797	0.3	139	18.2	28.1	-9.9	0.5	-27.6	28.1	
2.42188	0.2	139	18.2	28.1	-9.9	0.5	-27.6	28.1	
2.42578	0.2	139	18.2	28.0	-9.8	0.5	-27.5	28.0	
2.42969	0.2	139	18.2	28.0	-9.8	0.5	-27.5	28.0	
2.43359	0.2	139	18.2	27.9	-9.7	0.5	-27.4	27.9	
2.43750	0.2	139	18.2	27.9	-9.7	0.5	-27.4	27.9	
2.44141	0.2	139	18.2	27.8	-9.6	0.5	-27.3	27.8	
2.44531	0.2	139	18.3	27.8	-9.5	0.5	-27.3	27.8	
2.44922	0.2	139	18.3	27.7	-9.4	0.5	-27.2	27.7	
2.45312	0.1	139	18.3	27.7	-9.4	0.5	-27.2	27.7	
2.45703	0.1	139	18.3	27.6	-9.3	0.5	-27.1	27.6	
2.46094	0.1	139	18.3	27.6	-9.3	0.5	-27.1	27.6	
2.46484	0.1	139	18.4	27.6	-9.2	0.5	-27.1	27.6	
2.46875	0.1	139	18.4	27.5	-9.1	0.5	-27.0	27.5	
2.47266	0.1	139	18.4	27.5	-9.1	0.5	-27.0	27.5	
2.47656	0.1	139	18.5	27.4	-8.9	0.5	-26.9	27.4	
2.48047	0.1	139	18.5	27.4	-8.9	0.5	-26.9	27.4	
2.48438	0.1	139	18.6	27.4	-8.8	0.5	-26.9	27.4	
2.48828	0.1	139	18.6	27.3	-8.7	0.5	-26.8	27.3	
2.49219	0.2	139	18.6	27.3	-8.7	0.5	-26.8	27.3	
2.49609	0.2	139	18.6	27.3	-8.7	0.5	-26.8	27.3	
2.50000	0.2	139	18.6	27.2	-8.6	0.5	-26.7	27.2	
2.50391	0.2	140	18.7	27.2	-8.5	0.5	-26.7	27.2	
2.50781	0.2	140	18.7	27.1	-8.4	0.5	-26.6	27.1	
2.51172	0.2	140	18.7	27.1	-8.4	0.5	-26.6	27.1	
2.51562	0.3	140	18.7	27.1	-8.4	0.5	-26.6	27.1	
2.51953	0.3	140	18.7	27.1	-8.4	0.5	-26.6	27.1	
2.52344	0.2	140	18.7	27.0	-8.3	0.5	-26.5	27.0	
2.52734	0.2	140	18.7	27.0	-8.3	0.5	-26.5	27.0	
2.53125	0.2	140	18.7	27.0	-8.3	0.5	-26.5	27.0	
2.53516	0.2	140	18.7	26.9	-8.2	0.5	-26.4	26.9	
2.53906	0.3	140	18.7	26.9	-8.2	0.5	-26.4	26.9	
2.54297	0.3	140	18.7	26.9	-8.2	0.5	-26.4	26.9	
2.54688	0.2	140	18.7	26.9	-8.2	0.5	-26.4	26.9	
2.55078	0.2	140	18.7	26.8	-8.1	0.5	-26.3	26.8	
2.55469	0.2	140	18.7	26.8	-8.1	0.5	-26.3	26.8	
2.55859	0.2	140	18.8	26.8	-8.0	0.5	-26.3	26.8	
2.56250	0.2	140	18.8	26.7	-7.9	0.5	-26.2	26.7	
2.56641	0.2	140	18.8	26.7	-7.9	0.5	-26.2	26.7	
2.57031	0.2	140	18.8	26.7	-7.9	0.5	-26.2	26.7	
2.57422	0.1	140	18.8	26.7	-7.9	0.5	-26.2	26.7	
2.57812	0.1	140	18.8	26.6	-7.8	0.5	-26.1	26.6	
2.58203	0.2	140	18.9	26.6	-7.7	0.5	-26.1	26.6	
2.58594	0.1	140	18.9	26.6	-7.7	0.5	-26.1	26.6	
2.58984	0.2	140	18.9	26.6	-7.7	0.5	-26.1	26.6	
2.59375	0.2	140	18.9	26.6	-7.7	0.5	-26.1	26.6	
2.59766	0.2	140	18.9	26.6	-7.7	0.5	-26.1	26.6	
2.60156	0.2	140	18.9	26.6	-7.7	0.5	-26.1	26.6	
2.60547	0.2	140	19.0	26.5	-7.5	0.5	-26.0	26.5	
2.60938	0.2	140	19.0	26.5	-7.5	0.5	-26.0	26.5	
2.61328	0.2	140	19.0	26.5	-7.5	0.5	-26.0	26.5	
2.61719	0.2	140	19.0	26.5	-7.5	0.5	-26.0	26.5	
2.62109	0.2	140	19.0	26.5	-7.5	0.5	-26.0	26.5	
2.62500	0.2	140	19.0	26.5	-7.5	0.5	-26.0	26.5	
2.62891	0.3	140	19.0	26.5	-7.5	0.5	-26.0	26.5	
2.63281	0.2	140	19.0	26.5	-7.5	0.5	-26.0	26.5	
2.63672	0.2	140	19.0	26.5	-7.5	0.5	-26.0	26.5	
2.64062	0.2	140	19.0	26.5	-7.5	0.5	-26.0	26.5	
2.64453	0.3	140	19.0	26.5	-7.5	0.5	-26.0	26.5	
2.64844	0.2	140	19.0	26.5	-7.5	0.5	-26.0	26.5	
2.65234	0.2	140	19.0	26.5	-7.5	0.5	-26.0	26.5	
2.65625	0.2	140	19.0	26.5	-7.5	0.5	-26.0	26.5	
2.66016	0.2	140	19.0	26.5	-7.5	0.5	-26.0	26.5	
2.66406	0.2	140	19.0	26.6	-7.6	0.5	-26.1	26.6	
2.66797	0.2	140	19.0	26.6	-7.6	0.5	-26.1	26.6	
2.67188	0.2	140	19.1	26.6	-7.5	0.5	-26.1	26.6	
2.67578	0.2	140	19.1	26.6	-7.5	0.5	-26.1	26.6	
2.67969	0.2	140	19.1	26.6	-7.5	0.5	-26.1	26.6	
2.68359	0.2	140	19.1	26.6	-7.5	0.5	-26.1	26.6	
2.68750	0.2	140	19.1	26.7	-7.6	0.5	-26.2	26.7	
2.69141	0.2	140	19.1	26.7	-7.6	0.5	-26.2	26.7	
2.69531	0.2	140	19.1	26.7	-7.6	0.5	-26.2	26.7	
2.69922	0.2	140	19.1	26.8	-7.7	0.5	-26.3	26.8	
2.70312	0.2	140	19.1	26.8	-7.7	0.5	-26.3	26.8	
2.70703	0.2	140	19.1	26.8	-7.7	0.5	-26.3	26.8	
2.71094	0.2	140	19.1	26.8	-7.7	0.5	-26.3	26.8	
2.71484	0.2	140	19.1	26.9	-7.8	0.5	-26.4	26.9	
2.71875	0.2	140	19.2	26.9	-7.7	0.5	-26.4	26.9	
2.72266	0.2	140	19.2	26.9	-7.7	0.5	-26.4	26.9	
2.72656	0.2	140	19.2	26.9	-7.7	0.5	-26.4	26.9	
2.73047	0.2	140	19.2	26.9	-7.7	0.5	-26.4	26.9	
2.73438	0.2	140	19.2	26.9	-7.7	0.5	-26.4	26.9	
2.73828	0.2	140	19.2	26.8	-7.6	0.5	-26.3	26.8	
2.74219	0.2	140	19.2	26.8	-7.6	0.5	-26.3	26.8	
2.74609	0.2	140	19.3	26.8	-7.5	0.5	-26.3	26.8	
2.75000	0.2	140	19.3	26.7	-7.4	0.5	-26.2	26.7	
2.75391	0.2	140	19.3	26.7	-7.4	0.5	-26.2	26.7	
2.75781	0.2	140	19.3	26.7	-7.4	0.5	-26.2	26.7	
2.76172	0.2	140	19.3	26.6	-7.3	0.5	-26.1	26.6	
2.76562	0.2	140	19.3	26.6	-7.3	0.5	-26.1	26.6	
2.76953	0.2	140	19.4	26.6	-7.2	0.5	-26.1	26.6	
2.77344	0.2	140	19.4	26.5	-7.1	0.5	-26.0	26.5	
2.77734	0.2	140	19.4	26.5	-7.1	0.5	-26.0	26.5	
2.78125	0.2	140	19.4	26.4	-7.0	0.5	-25.9	26.4	
2.78516	0.2	140	19.4	26.4	-7.0	0.5	-25.9	26.4	
2.78906	0.2	140	19.4	26.3	-6.9	0.5	-25.8	26.3	
2.79297	0.2	140	19.4	26.3	-6.9	0.5	-25.8	26.3	
2.79688	0.2	141	19.4	26.2	-6.8	0.5	-25.7	26.2	
2.80078	0.2	141	19.4	26.2	-6.8	0.5	-25.7	26.2	
2.80469	0.2	141	19.4	26.2	-6.8	0.5	-25.7	26.2	
2.80859	0.2	141	19.4	26.2	-6.8	0.5	-25.7	26.2	
2.81250	0.2	141	19.5	26.2	-6.7	0.5	-25.7	26.2	
2.81641	0.2	141	19.5	26.1	-6.6	0.5	-25.6	26.1	
2.82031	0.2	141	19.5	26.1	-6.6	0.5	-25.6	26.1	
2.82422	0.2	141	19.5	26.2	-6.7	0.5	-25.7	26.2	
2.82812	0.2	141	19.5	26.2	-6.7	0.5	-25.7	26.2	
2.83203	0.2	141	19.5	26.2	-6.7	0.5	-25.7	26.2	
2.83594	0.2	141	19.5	26.2	-6.7	0.5	-25.7	26.2	
2.83984	0.2	141	19.5	26.2	-6.7	0.5	-25.7	26.2	
2.84375	0.2	141	19.5	26.2	-6.7	0.5	-25.7	26.2	
2.84766	0.2	141	19.5	26.2	-6.7	0.5	-25.7	26.2	
2.85156	0.2	141	19.5	26.3	-6.8	0.5	-25.8	26.3	
2.85547	0.2	141	19.5	26.3	-6.8	0.5	-25.8	26.3	
2.85938	0.2	141	19.5	26.3	-6.8	0.5	-25.8	26.3	
2.86328	0.3	141	19.5	26.3	-6.8	0.5	-25.8	26.3	
2.86719	0.3	141	19.5	26.3	-6.8	0.5	-25.8	26.3	
2.87109	0.4	141	19.5	26.3	-6.8	0.5	-25.8	26.3	
2.87500	0.4	141	19.5	26.3	-6.8	0.5	-25.8	26.3	
2.87891	0.5	141	19.4	26.2	-6.8	0.5	-25.7	26.2	
2.88281	0.6	141	19.4	26.2	-6.8	0.5	-25.7	26.2	
2.88672	0.8	141	19.3	26.2	-6.9	0.5	-25.7	26.2	
2.89062	0.9	141	19.3	26.2	-6.9	0.5	-25.7	26.2	
2.89453	1.0	141	19.2	26.1	-6.9	0.5	-25.6	26.1	
2.89844	1.2	141	19.1	26.1	-7.0	0.5	-25.6	26.1	
2.90234	1.3	141	19.1	26.1	-7.0	0.5	-25.6	26.1	
2.90625	1.4	141	19.0	26.0	-7.0	0.5	-25.5	26.0	
2.91016	1.4	141	18.9	26.0	-7.1	0.5	-25.5	26.0	
2.91406	1.4	141	18.8	25.9	-7.1	0.5	-25.4	25.9	
2.91797	1.3	142	18.8	25.9	-7.1	0.5	-25.4	25.9	
2.92188	1.2	142	18.7	25.9	-7.2	0.5	-25.4	25.9	
2.92578	1.0	142	18.6	25.8	-7.2	0.5	-25.3	25.8	
2.92969	0.8	142	18.6	25.8	-7.2	0.5	-25.3	25.8	
2.93359	0.6	142	18.6	25.8	-7.2	0.5	-25.3	25.8	
2.93750	0.4	142	18.6	25.7	-7.1	0.5	-25.2	25.7	
2.94141	0.2	142	18.6	25.7	-7.1	0.5	-25.2	25.7	
2.94531	-0.0	142	18.6	25.7	-7.1	0.5	-25.2	25.7	
2.94922	-0.3	142	18.7	25.6	-6.9	0.5	-25.1	25.6	
2.95312	-0.4	142	18.7	25.6	-6.9	0.5	-25.1	25.6	
2.95703	-0.6	142	18.8	25.6	-6.8	0.5	-25.1	25.6	
2.96094	-0.7	142	18.9	25.5	-6.6	0.5	-25.0	25.5	
2.96484	-0.9	142	19.0	25.5	-6.5	0.5	-25.0	25.5	
2.96875	-1.0	142	19.1	25.5	-6.4	0.5	-25.0	25.5	
2.97266	-1.0	142	19.1	25.4	-6.3	0.5	-24.9	25.4	
2.97656	-0.9	141	19.2	25.4	-6.2	0.5	-24.9	25.4	
2.98047	-0.9	141	19.3	25.4	-6.1	0.5	-24.9	25.4	
2.98438	-0.8	141	19.4	25.3	-5.9	0.5	-24.8	25.3	
2.98828	-0.6	141	19.5	25.3	-5.8	0.5	-24.8	25.3	
2.99219	-0.5	141	19.6	25.3	-5.7	0.5	-24.8	25.3	
2.99609	-0.4	141	19.6	25.3	-5.7	0.5	-24.8	25.3	
3.00000	-0.2	141	19.6	25.3	-5.7	0.5	-24.8	25.3	
3.00391	-0.0	141	19.7	25.2	-5.5	0.5	-24.7	25.2	
3.00781	0.1	141	19.7	25.2	-5.5	0.5	-24.7	25.2	
3.01172	0.2	141	19.7	25.2	-5.5	0.5	-24.7	25.2	
3.01562	0.4	141	19.7	25.2	-5.5	0.5	-24.7	25.2	
3.01953	0.5	141	19.7	25.2	-5.5	0.5	-24.7	25.2	
3.02344	0.6	141	19.6	25.2	-5.6	0.5	-24.7	25.2	
3.02734	0.6	141	19.6	25.2	-5.6	0.5	-24.7	25.2	
3.03125	0.6	141	19.6	25.1	-5.5	0.5	-24.6	25.1	
3.03516	0.7	141	19.5	25.1	-5.6	0.5	-24.6	25.1	
3.03906	0.7	142	19.5	25.1	-5.6	0.5	-24.6	25.1	
3.04297	0.7	142	19.4	25.1	-5.7	0.5	-24.6	25.1	
3.04688	0.7	142	19.4	25.1	-5.7	0.5	-24.6	25.1	
3.05078	0.6	142	19.3	25.1	-5.8	0.5	-24.6	25.1	
3.05469	0.6	142	19.3	25.1	-5.8	0.5	-24.6	25.1	
3.05859	0.5	142	19.2	25.1	-5.9	0.5	-24.6	25.1	
3.06250	0.4	142	19.2	25.1	-5.9	0.5	-24.6	25.1	
3.06641	0.4	142	19.2	25.1	-5.9	0.5	-24.6	25.1	
3.07031	0.3	142	19.2	25.1	-5.9	0.5	-24.6	25.1	
3.07422	0.3	142	19.1	25.1	-6.0	0.5	-24.6	25.1	
3.07812	0.2	142	19.1	25.1	-6.0	0.5	-24.6	25.1	
3.08203	0.2	142	19.1	25.1	-6.0	0.5	-24.6	25.1	
3.08594	0.2	142	19.1	25.1	-6.0	0.5	-24.6	25.1	
3.08984	0.2	142	19.2	25.1	-5.9	0.5	-24.6	25.1	
3.09375	0.1	142	19.2	25.1	-5.9	0.5	-24.6	25.1	
3.09766	0.1	142	19.2	25.2	-6.0	0.5	-24.7	25.2	
3.10156	0.1	142	19.2	25.2	-6.0	0.5	-24.7	25.2	
3.10547	0.1	142	19.2	25.2	-6.0	0.5	-24.7	25.2	
3.10938	0.1	142	19.3	25.2	-5.9	0.5	-24.7	25.2	
3.11328	0.1	142	19.3	25.2	-5.9	0.5	-24.7	25.2	
3.11719	0.1	142	19.3	25.2	-5.9	0.5	-24.7	25.2	
3.12109	0.1	142	19.3	25.3	-6.0	0.5	-24.8	25.3	
3.12500	0.2	142	19.3	25.3	-6.0	0.5	-24.8	25.3	
3.12891	0.2	142	19.3	25.3	-6.0	0.5	-24.8	25.3	
3.13281	0.2	142	19.4	25.3	-5.9	0.5	-24.8	25.3	
3.13672	0.2	142	19.4	25.3	-5.9	0.5	-24.8	25.3	
3.14062	0.2	142	19.4	25.4	-6.0	0.5	-24.9	25.4	
3.14453	0.2	142	19.4	25.4	-6.0	0.5	-24.9	25.4	
3.14844	0.3	142	19.4	25.4	-6.0	0.5	-24.9	25.4	
3.15234	0.2	142	19.4	25.4	-6.0	0.5	-24.9	25.4	
3.15625	0.2	142	19.4	25.4	-6.0	0.5	-24.9	25.4	
3.16016	0.2	142	19.4	25.4	-6.0	0.5	-24.9	25.4	
3.16406	0.2	142	19.4	25.5	-6.1	0.5	-25.0	25.5	
3.16797	0.2	142	19.4	25.5	-6.1	0.5	-25.0	25.5	
3.17188	0.1	142	19.4	25.5	-6.1	0.5	-25.0	25.5	
3.17578	0.1	142	19.4	25.5	-6.1	0.5	-25.0	25.5	
3.17969	0.1	142	19.4	25.5	-6.1	0.5	-25.0	25.5	
3.18359	0.1	142	19.5	25.6	-6.1	0.5	-25.1	25.6	
3.18750	0.1	142	19.5	25.6	-6.1	0.5	-25.1	25.6	
3.19141	0.1	142	19.5	25.6	-6.1	0.5	-25.1	25.6	
3.19531	0.1	142	19.5	25.6	-6.1	0.5	-25.1	25.6	
3.19922	0.1	142	19.6	25.6	-6.0	0.5	-25.1	25.6	
3.20312	0.1	142	19.6	25.6	-6.0	0.5	-25.1	25.6	
3.20703	0.1	142	19.6	25.7	-6.1	0.5	-25.2	25.7	
3.21094	0.1	142	19.6	25.7	-6.1	0.5	-25.2	25.7	
3.21484	0.1	142	19.7	25.7	-6.0	0.5	-25.2	25.7	
3.21875	0.1	142	19.7	25.7	-6.0	0.5	-25.2	25.7	
3.22266	0.1	142	19.7	25.7	-6.0	0.5	-25.2	25.7	
3.22656	0.2	142	19.7	25.7	-6.0	0.5	-25.2	25.7	
3.23047	0.2	142	19.7	25.7	-6.0	0.5	-25.2	25.7	
3.23438	0.2	142	19.7	25.8	-6.1	0.5	-25.3	25.8	
3.23828	0.3	142	19.7	25.8	-6.1	0.5	-25.3	25.8	
3.24219	0.3	142	19.7	25.8	-6.1	0.5	-25.3	25.8	
3.24609	0.3	142	19.7	25.8	-6.1	0.5	-25.3	25.8	
3.25000	0.3	142	19.7	25.8	-6.1	0.5	-25.3	25.8	
3.25391	0.3	142	19.7	25.8	-6.1	0.5	-25.3	25.8	
3.25781	0.3	142	19.7	25.8	-6.1	0.5	-25.3	25.8	
3.26172	0.3	142	19.7	25.8	-6.1	0.5	-25.3	25.8	
3.26562	0.3	142	19.7	25.8	-6.1	0.5	-25.3	25.8	
3.26953	0.2	142	19.7	25.8	-6.1	0.5	-25.3	25.8	
3.27344	0.2	142	19.7	25.9	-6.2	0.5	-25.4	25.9	
3.27734	0.2	142	19.7	25.8	-6.1	0.5	-25.3	25.8	
3.28125	0.2	142	19.7	25.9	-6.2	0.5	-25.4	25.9	
3.28516	0.2	142	19.7	25.9	-6.2	0.5	-25.4	25.9	
3.28906	0.2	142	19.7	25.9	-6.2	0.5	-25.4	25.9	
3.29297	0.2	142	19.7	25.9	-6.2	0.5	-25.4	25.9	
3.29688	0.2	142	19.7	25.9	-6.2	0.5	-25.4	25.9	
3.30078	0.2	142	19.7	25.9	-6.2	0.5	-25.4	25.9	
3.30469	0.2	143	19.7	25.9	-6.2	0.5	-25.4	25.9	
3.30859	0.2	143	19.7	25.9	-6.2	0.5	-25.4	25.9	
3.31250	0.2	143	19.8	25.9	-6.1	0.5	-25.4	25.9	
3.31641	0.2	143	19.8	25.9	-6.1	0.5	-25.4	25.9	
3.32031	0.1	143	19.8	25.9	-6.1	0.5	-25.4	25.9	
3.32422	0.2	143	19.8	25.9	-6.1	0.5	-25.4	25.9	
3.32812	0.2	143	19.8	26.0	-6.2	0.5	-25.5	26.0	
3.33203	0.2	143	19.8	26.0	-6.2	0.5	-25.5	26.0	
3.33594	0.2	143	19.8	26.0	-6.2	0.5	-25.5	26.0	
3.33984	0.2	143	19.9	26.0	-6.1	0.5	-25.5	26.0	
3.34375	0.2	143	19.9	26.0	-6.1	0.5	-25.5	26.0	
3.34766	0.2	143	19.9	26.0	-6.1	0.5	-25.5	26.0	
3.35156	0.2	143	19.9	26.1	-6.2	0.5	-25.6	26.1	
3.35547	0.3	143	19.9	26.1	-6.2	0.5	-25.6	26.1	
3.35938	0.2	143	19.9	26.1	-6.2	0.5	-25.6	26.1	
3.36328	0.2	143	19.9	26.1	-6.2	0.5	-25.6	26.1	
3.36719	0.2	143	19.9	26.2	-6.3	0.5	-25.7	26.2	
3.37109	0.2	143	19.9	26.2	-6.3	0.5	-25.7	26.2	
3.37500	0.2	143	19.9	26.2	-6.3	0.5	-25.7	26.2	
3.37891	0.2	143	19.9	26.2	-6.3	0.5	-25.7	26.2	
3.38281	0.2	143	19.9	26.3	-6.4	0.5	-25.8	26.3	
3.38672	0.2	143	19.9	26.3	-6.4	0.5	-25.8	26.3	
3.39062	0.2	143	19.9	26.3	-6.4	0.5	-25.8	26.3	
3.39453	0.2	143	19.9	26.4	-6.5	0.5	-25.9	26.4	
3.39844	0.2	143	19.9	26.4	-6.5	0.5	-25.9	26.4	
3.40234	0.2	143	19.9	26.4	-6.5	0.5	-25.9	26.4	
3.40625	0.2	143	19.9	26.5	-6.6	0.5	-26.0	26.5	
3.41016	0.2	143	19.9	26.5	-6.6	0.5	-26.0	26.5	
3.41406	0.2	143	19.9	26.5	-6.6	0.5	-26.0	26.5	
3.41797	0.2	143	19.9	26.6	-6.7	0.5	-26.1	26.6	
3.42188	0.2	143	19.9	26.6	-6.7	0.5	-26.1	26.6	
3.42578	0.2	143	19.9	26.7	-6.8	0.5	-26.2	26.7	
3.42969	0.2	143	19.9	26.7	-6.8	0.5	-26.2	26.7	
3.43359	0.2	143	20.0	26.8	-6.8	0.5	-26.3	26.8	
3.43750	0.2	143	20.0	26.8	-6.8	0.5	-26.3	26.8	
3.44141	0.2	143	19.9	26.8	-6.9	0.5	-26.3	26.8	
3.44531	0.2	143	20.0	26.9	-6.9	0.5	-26.4	26.9	
3.44922	0.2	143	20.0	26.9	-6.9	0.5	-26.4	26.9	
3.45312	0.2	143	20.0	26.9	-6.9	0.5	-26.4	26.9	
3.45703	0.2	143	20.0	26.9	-6.9	0.5	-26.4	26.9	
3.46094	0.2	143	20.0	27.0	-7.0	0.5	-26.5	27.0	
3.46484	0.1	143	20.0	27.0	-7.0	0.5	-26.5	27.0	
3.46875	0.1	143	20.0	27.0	-7.0	0.5	-26.5	27.0	
3.47266	0.2	143	20.0	26.9	-6.9	0.5	-26.4	26.9	
3.47656	0.2	143	20.1	26.9	-6.8	0.5	-26.4	26.9	
3.48047	0.1	143	20.1	26.9	-6.8	0.5	-26.4	26.9	
3.48438	0.1	143	20.1	26.9	-6.8	0.5	-26.4	26.9	
3.48828	0.1	143	20.1	26.9	-6.8	0.5	-26.4	26.9	
3.49219	0.1	143	20.1	26.9	-6.8	0.5	-26.4	26.9	
3.49609	0.2	143	20.2	26.8	-6.6	0.5	-26.3	26.8	
3.50000	0.2	143	20.2	26.8	-6.6	0.5	-26.3	26.8	
3.50391	0.2	143	20.2	26.8	-6.6	0.5	-26.3	26.8	
3.50781	0.1	143	20.2	26.7	-6.5	0.5	-26.2	26.7	
3.51172	0.1	143	20.2	26.7	-6.5	0.5	-26.2	26.7	
3.51562	0.2	143	20.2	26.7	-6.5	0.5	-26.2	26.7	
3.51953	0.2	143	20.3	26.6	-6.3	0.5	-26.1	26.6	
3.52344	0.2	143	20.3	26.6	-6.3	0.5	-26.1	26.6	
3.52734	0.2	143	20.3	26.6	-6.3	0.5	-26.1	26.6	
3.53125	0.2	143	20.3	26.5	-6.2	0.5	-26.0	26.5	
3.53516	0.2	143	20.3	26.5	-6.2	0.5	-26.0	26.5	
3.53906	0.2	143	20.3	26.5	-6.2	0.5	-26.0	26.5	
3.54297	0.2	143	20.3	26.5	-6.2	0.5	-26.0	26.5	
3.54688	0.2	143	20.3	26.5	-6.2	0.5	-26.0	26.5	
3.55078	0.2	143	20.3	26.5	-6.2	0.5	-26.0	26.5	
3.55469	0.2	143	20.3	26.5	-6.2	0.5	-26.0	26.5	
3.55859	0.2	143	20.3	26.5	-6.2	0.5	-26.0	26.5	
3.56250	0.2	143	20.3	26.5	-6.2	0.5	-26.0	26.5	
3.56641	0.2	143	20.3	26.5	-6.2	0.5	-26.0	26.5	
3.57031	0.1	143	20.3	26.6	-6.3	0.5	-26.1	26.6	
3.57422	0.1	143	20.4	26.6	-6.2	0.5	-26.1	26.6	
3.57812	0.1	143	20.4	26.6	-6.2	0.5	-26.1	26.6	
3.58203	0.1	143	20.4	26.7	-6.3	0.5	-26.2	26.7	
3.58594	0.0	143	20.4	26.7	-6.3	0.5	-26.2	26.7	
3.58984	-0.0	143	20.5	26.7	-6.2	0.5	-26.2	26.7	
3.59375	0.1	143	20.5	26.7	-6.2	0.5	-26.2	26.7	
3.59766	0.1	143	20.5	26.7	-6.2	0.5	-26.2	26.7	
3.60156	0.0	143	20.5	26.8	-6.3	0.5	-26.3	26.8	
3.60547	0.1	143	20.6	26.8	-6.2	0.5	-26.3	26.8	
3.60938	0.2	143	20.6	26.8	-6.2	0.5	-26.3	26.8	
3.61328	0.2	143	20.6	26.8	-6.2	0.5	-26.3	26.8	
3.61719	0.3	143	20.6	26.8	-6.2	0.5	-26.3	26.8	
3.62109	0.3	143	20.6	26.7	-6.1	0.5	-26.2	26.7	
3.62500	0.4	143	20.5	26.7	-6.2	0.5	-26.2	26.7	
3.62891	0.5	143	20.5	26.7	-6.2	0.5	-26.2	26.7	
3.63281	0.6	144	20.5	26.7	-6.2	0.5	-26.2	26.7	
3.63672	0.6	144	20.4	26.7	-6.3	0.5	-26.2	26.7	
3.64062	0.7	144	20.4	26.7	-6.3	0.5	-26.2	26.7	
3.64453	0.6	144	20.4	26.6	-6.2	0.5	-26.1	26.6	
3.64844	0.6	144	20.3	26.6	-6.3	0.5	-26.1	26.6	
3.65234	0.5	144	20.3	26.6	-6.3	0.5	-26.1	26.6	
3.65625	0.4	144	20.3	26.6	-6.3	0.5	-26.1	26.6	
3.66016	0.3	144	20.3	26.6	-6.3	0.5	-26.1	26.6	
3.66406	0.1	144	20.3	26.6	-6.3	0.5	-26.1	26.6	
3.66797	-0.2	144	20.3	26.5	-6.2	0.5	-26.0	26.5	
3.67188	-0.5	144	20.4	26.5	-6.1	0.5	-26.0	26.5	
3.67578	-0.9	144	20.5	26.5	-6.0	0.5	-26.0	26.5	
3.67969	-1.3	144	20.6	26.5	-5.9	0.5	-26.0	26.5	
3.68359	-1.7	143	20.7	26.5	-5.8	0.5	-26.0	26.5	
3.68750	-2.1	143	20.8	26.5	-5.7	0.5	-26.0	26.5	
3.69141	-2.5	143	21.0	26.5	-5.5	0.5	-26.0	26.5	
3.69531	-2.8	143	21.1	26.5	-5.4	0.5	-26.0	26.5	
3.69922	-3.0	143	21.3	26.5	-5.2	0.5	-26.0	26.5	
3.70312	-3.3	143	21.5	26.5	-5.0	0.5	-26.0	26.5	
3.70703	-3.4	142	21.7	26.6	-4.9	0.5	-26.1	26.6	
3.71094	-3.5	142	21.9	26.6	-4.7	0.5	-26.1	26.6	
3.71484	-3.4	142	22.0	26.6	-4.6	0.5	-26.1	26.6	
3.71875	-3.3	142	22.2	26.6	-4.4	0.5	-26.1	26.6	
3.72266	-3.1	142	22.4	26.6	-4.2	0.5	-26.1	26.6	
3.72656	-2.9	141	22.5	26.6	-4.1	0.5	-26.1	26.6	
3.73047	-2.6	141	22.6	26.7	-4.1	0.5	-26.2	26.7	
3.73438	-2.2	141	22.8	26.7	-3.9	0.5	-26.2	26.7	
3.73828	-1.9	141	22.9	26.7	-3.8	0.5	-26.2	26.7	
3.74219	-1.5	141	23.0	26.7	-3.7	0.5	-26.2	26.7	
3.74609	-1.1	141	23.1	26.8	-3.7	0.5	-26.3	26.8	
3.75000	-0.8	141	23.1	26.8	-3.7	0.5	-26.3	26.8	
3.75391	-0.6	141	23.2	26.8	-3.6	0.5	-26.3	26.8	
3.75781	-0.4	141	23.3	26.9	-3.6	0.5	-26.4	26.9	
3.76172	-0.2	141	23.3	26.9	-3.6	0.5	-26.4	26.9	
3.76562	-0.2	141	23.4	27.0	-3.6	0.5	-26.5	27.0	
3.76953	-0.1	141	23.4	27.0	-3.6	0.5	-26.5	27.0	
3.77344	-0.2	141	23.5	27.1	-3.6	0.5	-26.6	27.1	
3.77734	-0.3	141	23.6	27.1	-3.5	0.5	-26.6	27.1	
3.78125	-0.4	141	23.6	27.2	-3.6	0.5	-26.7	27.2	
3.78516	-0.5	140	23.7	27.2	-3.5	0.5	-26.7	27.2	
3.78906	-0.7	140	23.8	27.3	-3.5	0.5	-26.8	27.3	
3.79297	-0.9	140	23.9	27.3	-3.4	0.5	-26.8	27.3	
3.79688	-1.1	140	23.9	27.4	-3.5	0.5	-26.9	27.4	
3.80078	-1.3	140	24.0	27.5	-3.5	0.5	-27.0	27.5	
3.80469	-1.5	140	24.1	27.5	-3.4	0.5	-27.0	27.5	
3.80859	-1.7	140	24.3	27.6	-3.3	0.5	-27.1	27.6	
3.81250	-1.9	140	24.4	27.7	-3.3	0.5	-27.2	27.7	
3.81641	-2.1	140	24.5	27.7	-3.2	0.5	-27.2	27.7	
3.82031	-2.2	140	24.7	27.8	-3.1	0.5	-27.3	27.8	
3.82422	-2.4	139	24.8	27.9	-3.1	0.5	-27.4	27.9	
3.82812	-2.6	139	25.0	28.0	-3.0	0.5	-27.5	28.0	
3.83203	-2.8	139	25.1	28.1	-3.0	0.5	-27.6	28.1	
3.83594	-2.9	139	25.3	28.1	-2.8	0.5	-27.6	28.1	
3.83984	-3.0	139	25.4	28.2	-2.8	0.5	-27.7	28.2	
3.84375	-3.2	138	25.6	28.3	-2.7	0.5	-27.8	28.3	
3.84766	-3.3	138	25.8	28.4	-2.6	0.5	-27.9	28.4	
3.85156	-3.5	138	26.0	28.5	-2.5	0.5	-28.0	28.5	
3.85547	-3.5	138	26.2	28.6	-2.4	0.5	-28.1	28.6	
3.85938	-3.5	138	26.3	28.7	-2.4	0.5	-28.2	28.7	
3.86328	-3.5	137	26.5	28.8	-2.3	0.5	-28.3	28.8	
3.86719	-3.4	137	26.7	28.9	-2.2	0.5	-28.4	28.9	
3.87109	-3.3	137	26.8	29.0	-2.2	0.5	-28.5	29.0	
3.87500	-3.1	137	27.0	29.1	-2.1	0.5	-28.6	29.1	
3.87891	-2.9	137	27.1	29.1	-2.0	0.5	-28.6	29.1	
3.88281	-2.6	136	27.2	29.2	-2.0	0.5	-28.7	29.2	
3.88672	-2.4	136	27.4	29.4	-2.0	0.5	-28.9	29.4	
3.89062	-2.2	136	27.5	29.5	-2.0	0.5	-29.0	29.5	
3.89453	-2.0	136	27.6	29.5	-1.9	0.5	-29.0	29.5	
3.89844	-1.8	136	27.7	29.6	-1.9	0.5	-29.1	29.6	
3.90234	-1.7	136	27.8	29.7	-1.9	0.5	-29.2	29.7	
3.90625	-1.6	136	27.9	29.8	-1.9	0.5	-29.3	29.8	
3.91016	-1.5	136	28.0	29.9	-1.9	0.5	-29.4	29.9	
3.91406	-1.5	135	28.1	30.0	-1.9	0.5	-29.5	30.0	
3.91797	-1.5	135	28.2	30.1	-1.9	0.5	-29.6	30.1	
3.92188	-1.5	135	28.3	30.2	-1.9	0.5	-29.7	30.2	
3.92578	-1.5	135	28.4	30.3	-1.9	0.5	-29.8	30.3	
3.92969	-1.5	135	28.5	30.4	-1.9	0.5	-29.9	30.4	
3.93359	-1.5	135	28.6	30.5	-1.9	0.5	-30.0	30.5	
3.93750	-1.4	135	28.7	30.6	-1.9	0.5	-30.1	30.6	
3.94141	-1.4	135	28.8	30.7	-1.9	0.5	-30.2	30.7	
3.94531	-1.3	135	28.9	30.8	-1.9	0.5	-30.3	30.8	
3.94922	-1.2	135	28.9	30.9	-2.0	0.5	-30.4	30.9	
3.95312	-1.1	135	29.0	31.0	-2.0	0.5	-30.5	31.0	
3.95703	-1.0	134	29.1	31.1	-2.0	0.5	-30.6	31.1	
3.96094	-0.9	134	29.1	31.2	-2.1	0.5	-30.7	31.2	
3.96484	-0.8	134	29.2	31.3	-2.1	0.5	-30.8	31.3	
3.96875	-0.7	134	29.3	31.4	-2.1	0.5	-30.9	31.4	
3.97266	-0.7	134	29.3	31.5	-2.2	0.5	-31.0	31.5	
3.97656	-0.6	134	29.4	31.6	-2.2	0.5	-31.1	31.6	
3.98047	-0.6	134	29.5	31.7	-2.2	0.5	-31.2	31.7	
3.98438	-0.6	134	29.5	31.8	-2.3	0.5	-31.3	31.8	
3.98828	-0.7	134	29.6	31.9	-2.3	0.5	-31.4	31.9	
3.99219	-0.6	134	29.6	32.0	-2.4	0.5	-31.5	32.0	
3.99609	-0.7	134	29.7	32.1	-2.4	0.5	-31.6	32.1	
4.00000	-0.8	134	29.8	32.1	-2.3	0.5	-31.6	32.1	
4.00391	-0.8	134	29.8	32.2	-2.4	0.5	-31.7	32.2	
4.00781	-0.7	134	29.9	32.3	-2.4	0.5	-31.8	32.3	
4.01172	-0.7	134	30.0	32.4	-2.4	0.5	-31.9	32.4	
4.01562	-0.7	134	30.0	32.5	-2.5	0.5	-32.0	32.5	
4.01953	-0.7	134	30.1	32.5	-2.4	0.5	-32.0	32.5	
4.02344	-0.7	134	30.2	32.6	-2.4	0.5	-32.1	32.6	
4.02734	-0.7	134	30.2	32.7	-2.5	0.5	-32.2	32.7	
4.03125	-0.7	134	30.3	32.8	-2.5	0.5	-32.3	32.8	
4.03516	-0.7	134	30.4	32.9	-2.5	0.5	-32.4	32.9	
4.03906	-0.7	133	30.4	32.9	-2.5	0.5	-32.4	32.9	
4.04297	-0.8	133	30.5	33.0	-2.5	0.5	-32.5	33.0	
4.04688	-0.7	133	30.6	33.1	-2.5	0.5	-32.6	33.1	
4.05078	-0.8	133	30.6	33.2	-2.6	0.5	-32.7	33.2	
4.05469	-0.8	133	30.7	33.3	-2.6	0.5	-32.8	33.3	
4.05859	-0.9	133	30.8	33.4	-2.6	0.5	-32.9	33.4	
4.06250	-0.9	133	30.8	33.5	-2.7	0.5	-33.0	33.5	
4.06641	-0.9	133	30.9	33.5	-2.6	0.5	-33.0	33.5	
4.07031	-0.8	133	31.0	33.6	-2.6	0.5	-33.1	33.6	
4.07422	-0.8	133	31.0	33.7	-2.7	0.5	-33.2	33.7	
4.07812	-0.7	133	31.1	33.8	-2.7	0.5	-33.3	33.8	
4.08203	-0.5	133	31.1	33.9	-2.8	0.5	-33.4	33.9	
4.08594	-0.4	133	31.2	34.0	-2.8	0.5	-33.5	34.0	
4.08984	-0.3	133	31.2	34.0	-2.8	0.5	-33.5	34.0	
4.09375	-0.1	133	31.2	34.1	-2.9	0.5	-33.6	34.1	
4.09766	-0.0	133	31.2	34.2	-3.0	0.5	-33.7	34.2	
4.10156	0.1	133	31.2	34.3	-3.1	0.5	-33.8	34.3	
4.10547	0.1	133	31.2	34.4	-3.2	0.5	-33.9	34.4	
4.10938	0.2	133	31.2	34.5	-3.3	0.5	-34.0	34.5	
4.11328	0.4	133	31.2	34.5	-3.3	0.5	-34.0	34.5	
4.11719	0.4	133	31.2	34.6	-3.4	0.5	-34.1	34.6	
4.12109	0.4	133	31.2	34.7	-3.5	0.5	-34.2	34.7	
4.12500	0.4	133	31.2	34.7	-3.5	0.5	-34.2	34.7	
4.12891	0.4	133	31.1	34.8	-3.7	0.5	-34.3	34.8	
4.13281	0.4	133	31.1	34.9	-3.8	0.5	-34.4	34.9	
4.13672	0.4	133	31.1	35.0	-3.9	0.5	-34.5	35.0	
4.14062	0.4	133	31.1	35.1	-4.0	0.5	-34.6	35.1	
4.14453	0.4	133	31.0	35.1	-4.1	0.5	-34.6	35.1	
4.14844	0.4	133	31.0	35.2	-4.2	0.5	-34.7	35.2	
4.15234	0.4	133	31.0	35.3	-4.3	0.5	-34.8	35.3	
4.15625	0.4	133	30.9	35.4	-4.5	0.5	-34.9	35.4	
4.16016	0.4	133	30.9	35.5	-4.6	0.5	-35.0	35.5	
4.16406	0.5	133	30.8	35.5	-4.7	0.5	-35.0	35.5	
4.16797	0.5	133	30.8	35.6	-4.8	0.5	-35.1	35.6	
4.17188	0.5	133	30.7	35.7	-5.0	0.5	-35.2	35.7	
4.17578	0.5	133	30.7	35.8	-5.1	0.5	-35.3	35.8	
4.17969	0.5	133	30.6	35.8	-5.2	0.5	-35.3	35.8	
4.18359	0.5	133	30.6	35.9	-5.3	0.5	-35.4	35.9	
4.18750	0.5	133	30.5	36.0	-5.5	0.5	-35.5	36.0	
4.19141	0.6	134	30.5	36.0	-5.5	0.5	-35.5	36.0	
4.19531	0.5	134	30.4	36.1	-5.7	0.5	-35.6	36.1	
4.19922	0.5	134	30.4	36.1	-5.7	0.5	-35.6	36.1	
4.20312	0.5	134	30.3	36.2	-5.9	0.5	-35.7	36.2	
4.20703	0.5	134	30.3	36.2	-5.9	0.5	-35.7	36.2	
4.21094	0.5	134	30.2	36.2	-6.0	0.5	-35.7	36.2	
4.21484	0.5	134	30.2	36.3	-6.1	0.5	-35.8	36.3	
4.21875	0.5	134	30.1	36.3	-6.2	0.5	-35.8	36.3	
4.22266	0.6	134	30.1	36.3	-6.2	0.5	-35.8	36.3	
4.22656	0.6	134	30.0	36.3	-6.3	0.5	-35.8	36.3	
4.23047	0.7	134	29.9	36.3	-6.4	0.5	-35.8	36.3	
4.23438	0.9	134	29.9	36.3	-6.4	0.5	-35.8	36.3	
4.23828	1.0	134	29.8	36.3	-6.5	0.5	-35.8	36.3	
4.24219	1.2	134	29.7	36.3	-6.6	0.5	-35.8	36.3	
4.24609	1.5	134	29.6	36.3	-6.7	0.5	-35.8	36.3	
4.25000	1.8	134	29.4	36.2	-6.8	0.5	-35.7	36.2	
4.25391	2.1	134	29.3	36.2	-6.9	0.5	-35.7	36.2	
4.25781	2.5	135	29.2	36.2	-7.0	0.5	-35.7	36.2	
4.26172	2.9	135	29.0	36.2	-7.2	0.5	-35.7	36.2	
4.26562	3.3	135	28.8	36.1	-7.3	0.5	-35.6	36.1	
4.26953	3.7	135	28.6	36.1	-7.5	0.5	-35.6	36.1	
4.27344	4.1	135	28.4	36.0	-7.6	0.5	-35.5	36.0	
4.27734	4.5	136	28.2	36.0	-7.8	0.5	-35.5	36.0	
4.28125	4.7	136	28.0	36.0	-8.0	0.5	-35.5	36.0	
4.28516	5.0	136	27.7	35.9	-8.2	0.5	-35.4	35.9	
4.28906	5.3	137	27.5	35.9	-8.4	0.5	-35.4	35.9	
4.29297	5.4	137	27.2	35.9	-8.7	0.5	-35.4	35.9	
4.29688	5.6	137	27.0	35.8	-8.8	0.5	-35.3	35.8	
4.30078	5.7	138	26.8	35.8	-9.0	0.5	-35.3	35.8	
4.30469	5.7	138	26.5	35.8	-9.3	0.5	-35.3	35.8	
4.30859	5.7	139	26.2	35.7	-9.5	0.5	-35.2	35.7	
4.31250	5.8	139	26.0	35.7	-9.7	0.5	-35.2	35.7	
4.31641	5.8	139	25.7	35.6	-9.9	0.5	-35.1	35.6	
4.32031	5.8	140	25.5	35.6	-10.1	0.5	-35.1	35.6	
4.32422	6.0	140	25.2	35.5	-10.3	0.5	-35.0	35.5	
4.32812	6.1	141	25.0	35.4	-10.4	0.5	-34.9	35.4	
4.33203	6.2	141	24.7	35.3	-10.6	0.5	-34.8	35.3	
4.33594	6.4	141	24.4	35.3	-10.9	0.5	-34.8	35.3	
4.33984	6.6	142	24.2	35.2	-11.0	0.5	-34.7	35.2	
4.34375	6.8	142	23.9	35.1	-11.2	0.5	-34.6	35.1	
4.34766	7.1	143	23.6	35.0	-11.4	0.5	-34.5	35.0	
4.35156	7.4	143	23.2	34.8	-11.6	0.5	-34.3	34.8	
4.35547	7.7	144	22.9	34.7	-11.8	0.5	-34.2	34.7	
4.35938	7.9	144	22.6	34.6	-12.0	0.5	-34.1	34.6	
4.36328	8.1	145	22.3	34.4	-12.1	0.5	-33.9	34.4	
4.36719	8.3	145	22.0	34.3	-12.3	0.5	-33.8	34.3	
4.37109	8.5	146	21.6	34.2	-12.6	0.5	-33.7	34.2	
4.37500	8.5	146	21.3	34.0	-12.7	0.5	-33.5	34.0	
4.37891	8.4	147	20.9	33.8	-12.9	0.5	-33.3	33.8	
4.38281	8.3	147	20.6	33.7	-13.1	0.5	-33.2	33.7	
4.38672	8.1	148	20.3	33.5	-13.2	0.5	-33.0	33.5	
4.39062	7.7	148	20.0	33.4	-13.4	0.5	-32.9	33.4	
4.39453	7.2	149	19.8	33.2	-13.4	0.5	-32.7	33.2	
4.39844	6.7	149	19.5	33.0	-13.5	0.5	-32.5	33.0	
4.40234	6.1	150	19.3	32.9	-13.6	0.5	-32.4	32.9	
4.40625	5.6	150	19.1	32.7	-13.6	0.5	-32.2	32.7	
4.41016	4.9	150	18.9	32.6	-13.7	0.5	-32.1	32.6	
4.41406	4.3	151	18.7	32.4	-13.7	0.5	-31.9	32.4	
4.41797	3.7	151	18.6	32.2	-13.6	0.5	-31.7	32.2	
4.42188	3.2	151	18.4	32.1	-13.7	0.5	-31.6	32.1	
4.42578	2.7	151	18.3	31.9	-13.6	0.5	-31.4	31.9	
4.42969	2.3	151	18.2	31.8	-13.6	0.5	-31.3	31.8	
4.43359	1.9	152	18.1	31.6	-13.5	0.5	-31.1	31.6	
4.43750	1.6	152	18.1	31.4	-13.3	0.5	-30.9	31.4	
4.44141	1.5	152	18.0	31.3	-13.3	0.5	-30.8	31.3	
4.44531	1.3	152	18.0	31.1	-13.1	0.5	-30.6	31.1	
4.44922	1.2	152	17.9	30.9	-13.0	0.5	-30.4	30.9	
4.45312	1.2	152	17.9	30.8	-12.9	0.5	-30.3	30.8	
4.45703	1.2	152	17.8	30.6	-12.8	0.5	-30.1	30.6	
4.46094	1.2	152	17.7	30.5	-12.8	0.5	-30.0	30.5	
4.46484	1.2	152	17.7	30.4	-12.7	0.5	-29.9	30.4	
4.46875	1.3	152	17.6	30.2	-12.6	0.5	-29.7	30.2	
4.47266	1.3	152	17.6	30.0	-12.4	0.5	-29.5	30.0	
4.47656	1.3	153	17.5	29.9	-12.4	0.5	-29.4	29.9	
4.48047	1.3	153	17.5	29.8	-12.3	0.5	-29.3	29.8	
4.48438	1.3	153	17.4	29.6	-12.2	0.5	-29.1	29.6	
4.48828	1.2	153	17.4	29.5	-12.1	0.5	-29.0	29.5	
4.49219	1.1	153	17.3	29.4	-12.1	0.5	-28.9	29.4	
4.49609	1.0	153	17.3	29.2	-11.9	0.5	-28.7	29.2	
4.50000	0.9	153	17.2	29.1	-11.9	0.5	-28.6	29.1	
4.50391	0.8	153	17.2	29.0	-11.8	0.5	-28.5	29.0	
4.50781	0.7	153	17.2	28.9	-11.7	0.5	-28.4	28.9	
4.51172	0.6	153	17.2	28.8	-11.6	0.5	-28.3	28.8	
4.51562	0.5	153	17.2	28.7	-11.5	0.5	-28.2	28.7	
4.51953	0.3	153	17.2	28.6	-11.4	0.5	-28.1	28.6	
4.52344	0.2	153	17.2	28.4	-11.2	0.5	-27.9	28.4	
4.52734	0.1	153	17.2	28.4	-11.2	0.5	-27.9	28.4	
4.53125	0.0	153	17.2	28.3	-11.1	0.5	-27.8	28.3	
4.53516	0.0	153	17.3	28.2	-10.9	0.5	-27.7	28.2	
4.53906	-0.0	153	17.3	28.1	-10.8	0.5	-27.6	28.1	
4.54297	-0.1	153	17.4	28.0	-10.6	0.5	-27.5	28.0	
4.54688	-0.1	153	17.4	27.9	-10.5	0.5	-27.4	27.9	
4.55078	-0.1	153	17.5	27.8	-10.3	0.5	-27.3	27.8	
4.55469	-0.2	153	17.5	27.8	-10.3	0.5	-27.3	27.8	
4.55859	-0.1	153	17.6	27.7	-10.1	0.5	-27.2	27.7	
4.56250	-0.1	153	17.7	27.6	-9.9	0.5	-27.1	27.6	
4.56641	-0.1	153	17.7	27.6	-9.9	0.5	-27.1	27.6	
4.57031	-0.1	153	17.8	27.5	-9.7	0.5	-27.0	27.5	
4.57422	-0.0	153	17.8	27.4	-9.6	0.5	-26.9	27.4	
4.57812	0.0	153	17.9	27.4	-9.5	0.5	-26.9	27.4	
4.58203	0.0	153	17.9	27.4	-9.5	0.5	-26.9	27.4	
4.58594	0.1	153	18.0	27.3	-9.3	0.5	-26.8	27.3	
4.58984	0.2	153	18.0	27.3	-9.3	0.5	-26.8	27.3	
4.59375	0.2	153	18.0	27.2	-9.2	0.5	-26.7	27.2	
4.59766	0.2	153	18.1	27.2	-9.1	0.5	-26.7	27.2	
4.60156	0.2	153	18.1	27.1	-9.0	0.5	-26.6	27.1	
4.60547	0.3	153	18.1	27.1	-9.0	0.5	-26.6	27.1	
4.60938	0.3	153	18.1	27.1	-9.0	0.5	-26.6	27.1	
4.61328	0.3	153	18.1	27.0	-8.9	0.5	-26.5	27.0	
4.61719	0.3	153	18.1	27.0	-8.9	0.5	-26.5	27.0	
4.62109	0.2	153	18.1	27.0	-8.9	0.5	-26.5	27.0	
4.62500	0.2	153	18.1	26.9	-8.8	0.5	-26.4	26.9	
4.62891	0.2	153	18.1	26.9	-8.8	0.5	-26.4	26.9	
4.63281	0.2	153	18.1	26.9	-8.8	0.5	-26.4	26.9	
4.63672	0.2	153	18.2	26.9	-8.7	0.5	-26.4	26.9	
4.64062	0.2	153	18.2	26.8	-8.6	0.5	-26.3	26.8	
4.64453	0.1	153	18.2	26.8	-8.6	0.5	-26.3	26.8	
4.64844	0.1	153	18.2	26.8	-8.6	0.5	-26.3	26.8	
4.65234	0.1	153	18.2	26.7	-8.5	0.5	-26.2	26.7	
4.65625	0.1	153	18.3	26.7	-8.4	0.5	-26.2	26.7	
4.66016	0.1	153	18.3	26.7	-8.4	0.5	-26.2	26.7	
4.66406	0.1	153	18.3	26.7	-8.4	0.5	-26.2	26.7	
4.66797	0.1	153	18.4	26.7	-8.3	0.5	-26.2	26.7	
4.67188	0.1	153	18.4	26.6	-8.2	0.5	-26.1	26.6	
4.67578	0.1	153	18.4	26.6	-8.2	0.5	-26.1	26.6	
4.67969	0.1	153	18.4	26.6	-8.2	0.5	-26.1	26.6	
4.68359	0.1	153	18.5	26.6	-8.1	0.5	-26.1	26.6	
4.68750	0.2	153	18.5	26.5	-8.0	0.5	-26.0	26.5	
4.69141	0.2	153	18.5	26.5	-8.0	0.5	-26.0	26.5	
4.69531	0.2	153	18.5	26.5	-8.0	0.5	-26.0	26.5	
4.69922	0.2	153	18.6	26.5	-7.9	0.5	-26.0	26.5	
4.70312	0.3	153	18.6	26.5	-7.9	0.5	-26.0	26.5	
4.70703	0.2	154	18.6	26.4	-7.8	0.5	-25.9	26.4	
4.71094	0.2	154	18.6	26.4	-7.8	0.5	-25.9	26.4	
4.71484	0.2	154	18.6	26.4	-7.8	0.5	-25.9	26.4	
4.71875	0.2	154	18.6	26.4	-7.8	0.5	-25.9	26.4	
4.72266	0.3	154	18.6	26.3	-7.7	0.5	-25.8	26.3	
4.72656	0.2	154	18.6	26.3	-7.7	0.5	-25.8	26.3	
4.73047	0.2	154	18.6	26.3	-7.7	0.5	-25.8	26.3	
4.73438	0.2	154	18.6	26.3	-7.7	0.5	-25.8	26.3	
4.73828	0.2	154	18.6	26.2	-7.6	0.5	-25.7	26.2	
4.74219	0.2	154	18.6	26.2	-7.6	0.5	-25.7	26.2	
4.74609	0.2	154	18.6	26.2	-7.6	0.5	-25.7	26.2	
4.75000	0.2	154	18.6	26.2	-7.6	0.5	-25.7	26.2	
4.75391	0.1	154	18.6	26.2	-7.6	0.5	-25.7	26.2	
4.75781	0.1	154	18.7	26.2	-7.5	0.5	-25.7	26.2	
4.76172	0.2	154	18.7	26.1	-7.4	0.5	-25.6	26.1	
4.76562	0.2	154	18.7	26.1	-7.4	0.5	-25.6	26.1	
4.76953	0.1	154	18.7	26.1	-7.4	0.5	-25.6	26.1	
4.77344	0.1	154	18.7	26.1	-7.4	0.5	-25.6	26.1	
4.77734	0.1	154	18.8	26.1	-7.3	0.5	-25.6	26.1	
4.78125	0.2	154	18.8	26.1	-7.3	0.5	-25.6	26.1	
4.78516	0.2	154	18.8	26.1	-7.3	0.5	-25.6	26.1	
4.78906	0.2	154	18.8	26.1	-7.3	0.5	-25.6	26.1	
4.79297	0.2	154	18.8	26.1	-7.3	0.5	-25.6	26.1	
4.79688	0.2	154	18.8	26.1	-7.3	0.5	-25.6	26.1	
4.80078	0.2	154	18.9	26.1	-7.2	0.5	-25.6	26.1	
4.80469	0.2	154	18.9	26.1	-7.2	0.5	-25.6	26.1	
4.80859	0.2	154	18.9	26.1	-7.2	0.5	-25.6	26.1	
4.81250	0.2	154	18.9	26.1	-7.2	0.5	-25.6	26.1	
4.81641	0.2	154	18.9	26.1	-7.2	0.5	-25.6	26.1	
4.82031	0.2	154	18.9	26.1	-7.2	0.5	-25.6	26.1	
4.82422	0.2	154	18.9	26.1	-7.2	0.5	-25.6	26.1	
4.82812	0.2	154	18.9	26.1	-7.2	0.5	-25.6	26.1	
4.83203	0.2	154	18.9	26.1	-7.2	0.5	-25.6	26.1	
4.83594	0.2	154	18.9	26.1	-7.2	0.5	-25.6	26.1	
4.83984	0.2	154	18.9	26.1	-7.2	0.5	-25.6	26.1	
4.84375	0.2	154	19.0	26.1	-7.1	0.5	-25.6	26.1	
4.84766	0.2	154	19.0	26.1	-7.1	0.5	-25.6	26.1	
4.85156	0.2	154	19.0	26.1	-7.1	0.5	-25.6	26.1	
4.85547	0.2	154	19.0	26.2	-7.2	0.5	-25.7	26.2	
4.85938	0.2	154	19.0	26.2	-7.2	0.5	-25.7	26.2	
4.86328	0.2	154	19.0	26.2	-7.2	0.5	-25.7	26.2	
4.86719	0.2	154	19.0	26.2	-7.2	0.5	-25.7	26.2	
4.87109	0.2	154	19.0	26.3	-7.3	0.5	-25.8	26.3	
4.87500	0.2	154	19.0	26.3	-7.3	0.5	-25.8	26.3	
4.87891	0.2	154	19.0	26.3	-7.3	0.5	-25.8	26.3	
4.88281	0.2	154	19.0	26.3	-7.3	0.5	-25.8	26.3	
4.88672	0.2	154	19.1	26.4	-7.3	0.5	-25.9	26.4	
4.89062	0.2	154	19.1	26.4	-7.3	0.5	-25.9	26.4	
4.89453	0.2	154	19.1	26.4	-7.3	0.5	-25.9	26.4	
4.89844	0.2	154	19.1	26.5	-7.4	0.5	-26.0	26.5	
4.90234	0.2	154	19.1	26.5	-7.4	0.5	-26.0	26.5	
4.90625	0.2	154	19.1	26.5	-7.4	0.5	-26.0	26.5	
4.91016	0.2	154	19.2	26.6	-7.4	0.5	-26.1	26.6	
4.91406	0.2	154	19.2	26.6	-7.4	0.5	-26.1	26.6	
4.91797	0.2	154	19.2	26.6	-7.4	0.5	-26.1	26.6	
4.92188	0.2	154	19.2	26.6	-7.4	0.5	-26.1	26.6	
4.92578	0.2	154	19.2	26.7	-7.5	0.5	-26.2	26.7	
4.92969	0.2	154	19.2	26.6	-7.4	0.5	-26.1	26.6	
4.93359	0.2	154	19.3	26.6	-7.3	0.5	-26.1	26.6	
4.93750	0.2	154	19.3	26.6	-7.3	0.5	-26.1	26.6	
4.94141	0.2	154	19.3	26.6	-7.3	0.5	-26.1	26.6	
4.94531	0.2	154	19.3	26.6	-7.3	0.5	-26.1	26.6	
4.94922	0.1	154	19.3	26.6	-7.3	0.5	-26.1	26.6	
4.95312	0.2	154	19.3	26.6	-7.3	0.5	-26.1	26.6	
4.95703	0.2	154	19.4	26.5	-7.1	0.5	-26.0	26.5	
4.96094	0.2	154	19.4	26.5	-7.1	0.5	-26.0	26.5	
4.96484	0.2	154	19.4	26.5	-7.1	0.5	-26.0	26.5	
4.96875	0.1	154	19.4	26.4	-7.0	0.5	-25.9	26.4	
4.97266	0.2	154	19.4	26.4	-7.0	0.5	-25.9	26.4	
4.97656	0.2	154	19.4	26.3	-6.9	0.5	-25.8	26.3	
4.98047	0.1	154	19.5	26.3	-6.8	0.5	-25.8	26.3	
4.98438	0.2	154	19.5	26.2	-6.7	0.5	-25.7	26.2	
4.98828	0.2	154	19.5	26.2	-6.7	0.5	-25.7	26.2	
4.99219	0.2	154	19.5	26.2	-6.7	0.5	-25.7	26.2	
4.99609	0.2	154	19.5	26.1	-6.6	0.5	-25.6	26.1	
5.00000	0.2	154	19.5	26.1	-6.6	0.5	-25.6	26.1	
5.00391	0.2	154	19.6	26.1	-6.5	0.5	-25.6	26.1	
5.00781	0.2	154	19.6	26.1	-6.5	0.5	-25.6	26.1	
5.01172	0.2	154	19.6	26.1	-6.5	0.5	-25.6	26.1	
5.01562	0.2	154	19.6	26.0	-6.4	0.5	-25.5	26.0	
5.01953	0.2	154	19.6	26.0	-6.4	0.5	-25.5	26.0	
5.02344	0.2	155	19.6	26.0	-6.4	0.5	-25.5	26.0	
5.02734	0.2	155	19.6	26.0	-6.4	0.5	-25.5	26.0	
5.03125	0.2	155	19.6	26.0	-6.4	0.5	-25.5	26.0	
5.03516	0.2	155	19.6	26.1	-6.5	0.5	-25.6	26.1	
5.03906	0.2	155	19.6	26.1	-6.5	0.5	-25.6	26.1	
5.04297	0.2	155	19.6	26.1	-6.5	0.5	-25.6	26.1	
5.04688	0.2	155	19.6	26.1	-6.5	0.5	-25.6	26.1	
5.05078	0.2	155	19.6	26.1	-6.5	0.5	-25.6	26.1	
5.05469	0.2	155	19.6	26.2	-6.6	0.5	-25.7	26.2	
5.05859	0.2	155	19.6	26.2	-6.6	0.5	-25.7	26.2	
5.06250	0.2	155	19.6	26.2	-6.6	0.5	-25.7	26.2	
5.06641	0.2	155	19.6	26.2	-6.6	0.5	-25.7	26.2	
5.07031	0.3	155	19.6	26.2	-6.6	0.5	-25.7	26.2	
5.07422	0.3	155	19.6	26.2	-6.6	0.5	-25.7	26.2	
5.07812	0.3	155	19.6	26.2	-6.6	0.5	-25.7	26.2	
5.08203	0.4	155	19.5	26.2	-6.7	0.5	-25.7	26.2	
5.08594	0.5	155	19.5	26.1	-6.6	0.5	-25.6	26.1	
5.08984	0.7	155	19.5	26.1	-6.6	0.5	-25.6	26.1	
5.09375	0.8	155	19.4	26.1	-6.7	0.5	-25.6	26.1	
5.09766	1.0	155	19.3	26.1	-6.8	0.5	-25.6	26.1	
5.10156	1.2	155	19.3	26.0	-6.7	0.5	-25.5	26.0	
5.10547	1.3	155	19.2	26.0	-6.8	0.5	-25.5	26.0	
5.10938	1.4	155	19.1	26.0	-6.9	0.5	-25.5	26.0	
5.11328	1.5	155	19.0	25.9	-6.9	0.5	-25.4	25.9	
5.11719	1.5	155	18.9	25.9	-7.0	0.5	-25.4	25.9	
5.12109	1.5	155	18.8	25.9	-7.1	0.5	-25.4	25.9	
5.12500	1.4	156	18.8	25.8	-7.0	0.5	-25.3	25.8	
5.12891	1.2	156	18.7	25.8	-7.1	0.5	-25.3	25.8	
5.13281	1.0	156	18.7	25.7	-7.0	0.5	-25.2	25.7	
5.13672	0.8	156	18.6	25.7	-7.1	0.5	-25.2	25.7	
5.14062	0.6	156	18.6	25.7	-7.1	0.5	-25.2	25.7	
5.14453	0.4	156	18.6	25.6	-7.0	0.5	-25.1	25.6	
5.14844	0.1	156	18.6	25.6	-7.0	0.5	-25.1	25.6	
5.15234	-0.2	156	18.7	25.6	-6.9	0.5	-25.1	25.6	
5.15625	-0.4	156	18.7	25.5	-6.8	0.5	-25.0	25.5	
5.16016	-0.6	156	18.8	25.5	-6.7	0.5	-25.0	25.5	
5.16406	-0.8	156	18.9	25.5	-6.6	0.5	-25.0	25.5	
5.16797	-1.0	156	19.0	25.4	-6.4	0.5	-24.9	25.4	
5.17188	-1.1	156	19.1	25.4	-6.3	0.5	-24.9	25.4	
5.17578	-1.2	155	19.2	25.4	-6.2	0.5	-24.9	25.4	
5.17969	-1.2	155	19.3	25.3	-6.0	0.5	-24.8	25.3	
5.18359	-1.1	155	19.4	25.3	-5.9	0.5	-24.8	25.3	
5.18750	-1.1	155	19.5	25.3	-5.8	0.5	-24.8	25.3	
5.19141	-0.9	155	19.5	25.3	-5.8	0.5	-24.8	25.3	
5.19531	-0.7	155	19.6	25.2	-5.6	0.5	-24.7	25.2	
5.19922	-0.6	155	19.7	25.2	-5.5	0.5	-24.7	25.2	
5.20312	-0.4	155	19.7	25.2	-5.5	0.5	-24.7	25.2	
5.20703	-0.2	155	19.8	25.2	-5.4	0.5	-24.7	25.2	
5.21094	-0.0	155	19.8	25.2	-5.4	0.5	-24.7	25.2	
5.21484	0.2	155	19.8	25.2	-5.4	0.5	-24.7	25.2	
5.21875	0.3	155	19.8	25.1	-5.3	0.5	-24.6	25.1	
5.22266	0.4	155	19.8	25.1	-5.3	0.5	-24.6	25.1	
5.22656	0.5	155	19.7	25.1	-5.4	0.5	-24.6	25.1	
5.23047	0.6	155	19.7	25.1	-5.4	0.5	-24.6	25.1	
5.23438	0.7	155	19.7	25.1	-5.4	0.5	-24.6	25.1	
5.23828	0.7	155	19.6	25.1	-5.5	0.5	-24.6	25.1	
5.24219	0.8	155	19.6	25.1	-5.5	0.5	-24.6	25.1	
5.24609	0.8	155	19.5	25.1	-5.6	0.5	-24.6	25.1	
5.25000	0.8	155	19.5	25.1	-5.6	0.5	-24.6	25.1	
5.25391	0.7	156	19.4	25.1	-5.7	0.5	-24.6	25.1	
5.25781	0.7	156	19.3	25.1	-5.8	0.5	-24.6	25.1	
5.26172	0.6	156	19.3	25.1	-5.8	0.5	-24.6	25.1	
5.26562	0.6	156	19.3	25.1	-5.8	0.5	-24.6	25.1	
5.26953	0.5	156	19.2	25.1	-5.9	0.5	-24.6	25.1	
5.27344	0.4	156	19.2	25.1	-5.9	0.5	-24.6	25.1	
5.27734	0.3	156	19.2	25.1	-5.9	0.5	-24.6	25.1	
5.28125	0.3	156	19.1	25.1	-6.0	0.5	-24.6	25.1	
5.28516	0.2	156	19.1	25.1	-6.0	0.5	-24.6	25.1	
5.28906	0.2	156	19.2	25.1	-5.9	0.5	-24.6	25.1	
5.29297	0.2	156	19.2	25.1	-5.9	0.5	-24.6	25.1	
5.29688	0.1	156	19.2	25.1	-5.9	0.5	-24.6	25.1	
5.30078	0.1	156	19.2	25.2	-6.0	0.5	-24.7	25.2	
5.30469	0.1	156	19.2	25.2	-6.0	0.5	-24.7	25.2	
5.30859	0.1	156	19.2	25.2	-6.0	0.5	-24.7	25.2	
5.31250	0.1	156	19.3	25.2	-5.9	0.5	-24.7	25.2	
5.31641	0.1	156	19.3	25.2	-5.9	0.5	-24.7	25.2	
5.32031	0.1	156	19.3	25.2	-5.9	0.5	-24.7	25.2	
5.32422	0.2	156	19.3	25.2	-5.9	0.5	-24.7	25.2	
5.32812	0.2	156	19.3	25.3	-6.0	0.5	-24.8	25.3	
5.33203	0.2	156	19.3	25.3	-6.0	0.5	-24.8	25.3	
5.33594	0.2	156	19.3	25.3	-6.0	0.5	-24.8	25.3	
5.33984	0.3	156	19.3	25.3	-6.0	0.5	-24.8	25.3	
5.34375	0.2	156	19.3	25.3	-6.0	0.5	-24.8	25.3	
5.34766	0.3	156	19.3	25.4	-6.1	0.5	-24.9	25.4	
5.35156	0.3	156	19.3	25.4	-6.1	0.5	-24.9	25.4	
5.35547	0.3	156	19.3	25.4	-6.1	0.5	-24.9	25.4	
5.35938	0.3	156	19.3	25.4	-6.1	0.5	-24.9	25.4	
5.36328	0.2	156	19.3	25.4	-6.1	0.5	-24.9	25.4	
5.36719	0.3	156	19.3	25.4	-6.1	0.5	-24.9	25.4	
5.37109	0.2	156	19.3	25.5	-6.2	0.5	-25.0	25.5	
5.37500	0.2	156	19.4	25.5	-6.1	0.5	-25.0	25.5	
5.37891	0.2	156	19.4	25.5	-6.1	0.5	-25.0	25.5	
5.38281	0.3	156	19.5	25.5	-6.0	0.5	-25.0	25.5	
5.38672	0.3	156	19.5	25.5	-6.0	0.5	-25.0	25.5	
5.39062	0.5	156	19.7	25.5	-5.8	0.5	-25.0	25.5	
5.39453	0.7	156	19.8	25.6	-5.8	0.5	-25.1	25.6	
5.39844	1.2	156	20.0	25.6	-5.6	0.5	-25.1	25.6	
5.40234	2.0	156	20.3	25.6	-5.3	0.5	-25.1	25.6	
5.40625	3.2	157	20.6	25.6	-5.0	0.5	-25.1	25.6	
5.41016	4.6	157	21.0	25.6	-4.6	0.5	-25.1	25.6	
5.41406	6.4	157	21.4	25.6	-4.2	0.5	-25.1	25.6	
