FluxView - FluxMed acquisition system
Signal file
Serial Number	:
W version:	1.20h-OX-CO2	File version:	1.13
Sampling rate:	256 Hz
Time	Flow	Volume	Paw	Pes	Ptpulm	Pga	Ptdiaf	CO2	
0.00391	0.3	2871	19.2	15.7	3.5	2.1	-13.6	15.7	
0.00781	0.2	2871	19.2	15.7	3.5	2.1	-13.6	15.7	
0.01172	0.1	2871	19.2	15.7	3.5	2.1	-13.6	15.7	
0.01562	-0.1	2871	19.2	15.7	3.5	2.1	-13.6	15.7	
0.01953	-0.1	2871	19.2	15.7	3.5	2.1	-13.6	15.7	
0.02344	-0.1	2871	19.3	15.7	3.6	2.1	-13.6	15.7	
0.02734	-0.2	2871	19.3	15.7	3.6	2.1	-13.6	15.7	
0.03125	-0.1	2871	19.4	15.7	3.7	2.1	-13.6	15.7	
0.03516	-0.1	2871	19.4	15.7	3.7	2.1	-13.6	15.7	
0.03906	0.0	2871	19.4	15.7	3.7	2.1	-13.6	15.7	
0.04297	-0.0	2871	19.5	15.7	3.8	2.1	-13.6	15.7	
0.04688	0.1	2871	19.5	15.7	3.8	2.1	-13.6	15.7	
0.05078	0.2	2871	19.5	15.7	3.8	2.1	-13.6	15.7	
0.05469	0.2	2871	19.5	15.7	3.8	2.1	-13.6	15.7	
0.05859	0.3	2871	19.5	15.7	3.8	2.1	-13.6	15.7	
0.06250	0.4	2871	19.5	15.7	3.8	2.1	-13.6	15.7	
0.06641	0.4	2871	19.5	15.7	3.8	2.1	-13.6	15.7	
0.07031	0.4	2871	19.5	15.7	3.8	2.1	-13.6	15.7	
0.07422	0.4	2871	19.5	15.7	3.8	2.1	-13.6	15.7	
0.07812	0.4	2871	19.4	15.7	3.7	2.1	-13.6	15.7	
0.08203	0.4	2872	19.4	15.7	3.7	2.1	-13.6	15.7	
0.08594	0.4	2872	19.4	15.7	3.7	2.1	-13.6	15.7	
0.08984	0.4	2872	19.3	15.7	3.6	2.1	-13.6	15.7	
0.09375	0.4	2872	19.3	15.7	3.6	2.1	-13.6	15.7	
0.09766	0.4	2872	19.3	15.7	3.6	2.1	-13.6	15.7	
0.10156	0.3	2872	19.3	15.7	3.6	2.1	-13.6	15.7	
0.10547	0.3	2872	19.3	15.7	3.6	2.1	-13.6	15.7	
0.10938	0.3	2872	19.3	15.8	3.5	2.1	-13.7	15.8	
0.11328	0.2	2872	19.3	15.8	3.5	2.1	-13.7	15.8	
0.11719	0.2	2872	19.3	15.7	3.6	2.1	-13.6	15.7	
0.12109	0.2	2872	19.3	15.8	3.5	2.1	-13.7	15.8	
0.12500	0.2	2872	19.3	15.8	3.5	2.1	-13.7	15.8	
0.12891	0.2	2872	19.3	15.8	3.5	2.1	-13.7	15.8	
0.13281	0.1	2872	19.3	15.8	3.5	2.1	-13.7	15.8	
0.13672	0.2	2872	19.3	15.8	3.5	2.1	-13.7	15.8	
0.14062	0.2	2872	19.4	15.8	3.6	2.1	-13.7	15.8	
0.14453	0.2	2872	19.4	15.8	3.6	2.1	-13.7	15.8	
0.14844	0.2	2872	19.4	15.8	3.6	2.1	-13.7	15.8	
0.15234	0.3	2872	19.4	15.8	3.6	2.1	-13.7	15.8	
0.15625	0.3	2872	19.4	15.8	3.6	2.1	-13.7	15.8	
0.16016	0.3	2872	19.4	15.8	3.6	2.1	-13.7	15.8	
0.16406	0.3	2872	19.4	15.8	3.6	2.1	-13.7	15.8	
0.16797	0.3	2872	19.4	15.8	3.6	2.1	-13.7	15.8	
0.17188	0.3	2872	19.4	15.8	3.6	2.1	-13.7	15.8	
0.17578	0.3	2872	19.4	15.8	3.6	2.1	-13.7	15.8	
0.17969	0.3	2872	19.4	15.8	3.6	2.1	-13.7	15.8	
0.18359	0.3	2872	19.4	15.8	3.6	2.1	-13.7	15.8	
0.18750	0.3	2872	19.4	15.8	3.6	2.1	-13.7	15.8	
0.19141	0.3	2872	19.3	15.8	3.5	2.1	-13.7	15.8	
0.19531	0.3	2872	19.3	15.8	3.5	2.1	-13.7	15.8	
0.19922	0.3	2872	19.3	15.8	3.5	2.1	-13.7	15.8	
0.20312	0.3	2872	19.3	15.8	3.5	2.1	-13.7	15.8	
0.20703	0.3	2872	19.3	15.8	3.5	2.1	-13.7	15.8	
0.21094	0.3	2872	19.3	15.8	3.5	2.1	-13.7	15.8	
0.21484	0.2	2872	19.3	15.8	3.5	2.1	-13.7	15.8	
0.21875	0.2	2872	19.3	15.8	3.5	2.1	-13.7	15.8	
0.22266	0.2	2872	19.3	15.8	3.5	2.1	-13.7	15.8	
0.22656	0.2	2872	19.3	15.8	3.5	2.1	-13.7	15.8	
0.23047	0.1	2872	19.3	15.8	3.5	2.1	-13.7	15.8	
0.23438	0.2	2872	19.3	15.8	3.5	2.1	-13.7	15.8	
0.23828	0.2	2872	19.3	15.8	3.5	2.1	-13.7	15.8	
0.24219	0.2	2872	19.4	15.8	3.6	2.1	-13.7	15.8	
0.24609	0.2	2872	19.4	15.8	3.6	2.1	-13.7	15.8	
0.25000	0.2	2872	19.4	15.8	3.6	2.1	-13.7	15.8	
0.25391	0.2	2872	19.4	15.8	3.6	2.1	-13.7	15.8	
0.25781	0.2	2872	19.4	15.8	3.6	2.1	-13.7	15.8	
0.26172	0.2	2872	19.5	15.8	3.7	2.1	-13.7	15.8	
0.26562	0.2	2872	19.5	15.8	3.7	2.1	-13.7	15.8	
0.26953	0.2	2872	19.5	15.8	3.7	2.1	-13.7	15.8	
0.27344	0.2	2872	19.5	15.8	3.7	2.1	-13.7	15.8	
0.27734	0.2	2872	19.5	15.8	3.7	2.1	-13.7	15.8	
0.28125	0.2	2872	19.5	15.8	3.7	2.1	-13.7	15.8	
0.28516	0.2	2872	19.5	15.8	3.7	2.1	-13.7	15.8	
0.28906	0.2	2872	19.5	15.8	3.7	2.1	-13.7	15.8	
0.29297	0.2	2872	19.5	15.8	3.7	2.1	-13.7	15.8	
0.29688	0.2	2872	19.5	15.8	3.7	2.1	-13.7	15.8	
0.30078	0.2	2872	19.5	15.8	3.7	2.1	-13.7	15.8	
0.30469	0.2	2872	19.5	15.8	3.7	2.1	-13.7	15.8	
0.30859	0.2	2872	19.5	15.8	3.7	2.1	-13.7	15.8	
0.31250	0.2	2872	19.5	15.8	3.7	2.1	-13.7	15.8	
0.31641	0.2	2872	19.6	15.8	3.8	2.1	-13.7	15.8	
0.32031	0.2	2872	19.6	15.8	3.8	2.1	-13.7	15.8	
0.32422	0.2	2872	19.6	15.8	3.8	2.1	-13.7	15.8	
0.32812	0.2	2872	19.6	15.8	3.8	2.1	-13.7	15.8	
0.33203	0.2	2873	19.6	15.9	3.7	2.1	-13.8	15.9	
0.33594	0.2	2873	19.6	15.9	3.7	2.1	-13.8	15.9	
0.33984	0.2	2873	19.6	15.9	3.7	2.1	-13.8	15.9	
0.34375	0.2	2873	19.6	15.8	3.8	2.1	-13.7	15.8	
0.34766	0.2	2873	19.6	15.9	3.7	2.1	-13.8	15.9	
0.35156	0.2	2873	19.6	15.9	3.7	2.1	-13.8	15.9	
0.35547	0.3	2873	19.6	15.9	3.7	2.1	-13.8	15.9	
0.35938	0.3	2873	19.6	15.9	3.7	2.1	-13.8	15.9	
0.36328	0.3	2873	19.6	15.9	3.7	2.1	-13.8	15.9	
0.36719	0.2	2873	19.6	15.9	3.7	2.1	-13.8	15.9	
0.37109	0.2	2873	19.6	15.9	3.7	2.1	-13.8	15.9	
0.37500	0.3	2873	19.6	15.9	3.7	2.1	-13.8	15.9	
0.37891	0.2	2873	19.6	15.9	3.7	2.1	-13.8	15.9	
0.38281	0.2	2873	19.6	15.9	3.7	2.1	-13.8	15.9	
0.38672	0.3	2873	19.6	15.9	3.7	2.1	-13.8	15.9	
0.39062	0.2	2873	19.6	15.9	3.7	2.1	-13.8	15.9	
0.39453	0.3	2873	19.6	15.9	3.7	2.1	-13.8	15.9	
0.39844	0.3	2873	19.6	15.9	3.7	2.1	-13.8	15.9	
0.40234	0.2	2873	19.6	15.9	3.7	2.1	-13.8	15.9	
0.40625	0.2	2873	19.5	15.9	3.6	2.1	-13.8	15.9	
0.41016	0.3	2873	19.5	15.9	3.6	2.1	-13.8	15.9	
0.41406	0.3	2873	19.5	15.9	3.6	2.1	-13.8	15.9	
0.41797	0.3	2873	19.5	15.9	3.6	2.1	-13.8	15.9	
0.42188	0.3	2873	19.5	15.9	3.6	2.1	-13.8	15.9	
0.42578	0.3	2873	19.5	15.9	3.6	2.1	-13.8	15.9	
0.42969	0.3	2873	19.5	15.8	3.7	2.1	-13.7	15.8	
0.43359	0.3	2873	19.5	15.8	3.7	2.1	-13.7	15.8	
0.43750	0.2	2873	19.5	15.8	3.7	2.1	-13.7	15.8	
0.44141	0.2	2873	19.5	15.8	3.7	2.1	-13.7	15.8	
0.44531	0.3	2873	19.5	15.9	3.6	2.1	-13.8	15.9	
0.44922	0.2	2873	19.4	15.9	3.5	2.1	-13.8	15.9	
0.45312	0.2	2873	19.4	15.8	3.6	2.1	-13.7	15.8	
0.45703	0.2	2873	19.5	15.9	3.6	2.1	-13.8	15.9	
0.46094	0.2	2873	19.5	15.9	3.6	2.1	-13.8	15.9	
0.46484	0.2	2873	19.5	15.9	3.6	2.1	-13.8	15.9	
0.46875	0.2	2873	19.5	15.9	3.6	2.1	-13.8	15.9	
0.47266	0.2	2873	19.5	15.9	3.6	2.1	-13.8	15.9	
0.47656	0.2	2873	19.5	15.9	3.6	2.1	-13.8	15.9	
0.48047	0.2	2873	19.5	15.9	3.6	2.1	-13.8	15.9	
0.48438	0.2	2873	19.5	15.9	3.6	2.1	-13.8	15.9	
0.48828	0.2	2873	19.5	15.9	3.6	2.1	-13.8	15.9	
0.49219	0.2	2873	19.5	15.9	3.6	2.1	-13.8	15.9	
0.49609	0.2	2873	19.6	15.9	3.7	2.1	-13.8	15.9	
0.50000	0.2	2873	19.6	15.9	3.7	2.1	-13.8	15.9	
0.50391	0.2	2873	19.6	15.9	3.7	2.1	-13.8	15.9	
0.50781	0.2	2873	19.6	15.9	3.7	2.1	-13.8	15.9	
0.51172	0.2	2873	19.6	15.9	3.7	2.1	-13.8	15.9	
0.51562	0.2	2873	19.6	15.9	3.7	2.1	-13.8	15.9	
0.51953	0.2	2873	19.7	15.9	3.8	2.1	-13.8	15.9	
0.52344	0.2	2873	19.7	15.9	3.8	2.1	-13.8	15.9	
0.52734	0.2	2873	19.7	15.9	3.8	2.1	-13.8	15.9	
0.53125	0.3	2873	19.7	15.9	3.8	2.1	-13.8	15.9	
0.53516	0.3	2873	19.7	15.9	3.8	2.1	-13.8	15.9	
0.53906	0.3	2873	19.7	15.9	3.8	2.1	-13.8	15.9	
0.54297	0.3	2873	19.7	15.9	3.8	2.1	-13.8	15.9	
0.54688	0.3	2873	19.7	15.9	3.8	2.1	-13.8	15.9	
0.55078	0.3	2873	19.6	15.9	3.7	2.1	-13.8	15.9	
0.55469	0.4	2873	19.6	15.9	3.7	2.1	-13.8	15.9	
0.55859	0.4	2873	19.6	15.9	3.7	2.1	-13.8	15.9	
0.56250	0.4	2873	19.6	15.9	3.7	2.1	-13.8	15.9	
0.56641	0.4	2873	19.6	15.9	3.7	2.1	-13.8	15.9	
0.57031	0.4	2874	19.5	15.9	3.6	2.1	-13.8	15.9	
0.57422	0.4	2874	19.5	15.9	3.6	2.1	-13.8	15.9	
0.57812	0.3	2874	19.5	15.9	3.6	2.1	-13.8	15.9	
0.58203	0.3	2874	19.5	15.9	3.6	2.1	-13.8	15.9	
0.58594	0.2	2874	19.5	15.9	3.6	2.1	-13.8	15.9	
0.58984	0.1	2874	19.5	15.9	3.6	2.1	-13.8	15.9	
0.59375	0.1	2874	19.5	15.9	3.6	2.1	-13.8	15.9	
0.59766	0.0	2874	19.6	15.9	3.7	2.1	-13.8	15.9	
0.60156	-0.1	2874	19.6	15.9	3.7	2.1	-13.8	15.9	
0.60547	-0.2	2874	19.6	15.9	3.7	2.1	-13.8	15.9	
0.60938	-0.3	2874	19.7	15.9	3.8	2.1	-13.8	15.9	
0.61328	-0.4	2874	19.8	15.9	3.9	2.1	-13.8	15.9	
0.61719	-0.4	2874	19.8	15.9	3.9	2.1	-13.8	15.9	
0.62109	-0.4	2873	19.9	15.8	4.1	2.1	-13.7	15.8	
0.62500	-0.4	2873	20.0	15.8	4.2	2.1	-13.7	15.8	
0.62891	-0.3	2873	20.0	15.8	4.2	2.1	-13.7	15.8	
0.63281	-0.4	2873	20.1	15.8	4.3	2.1	-13.7	15.8	
0.63672	-0.3	2873	20.1	15.8	4.3	2.1	-13.7	15.8	
0.64062	-0.1	2873	20.2	15.8	4.4	2.1	-13.7	15.8	
0.64453	-0.0	2873	20.2	15.8	4.4	2.1	-13.7	15.8	
0.64844	0.0	2873	20.2	15.8	4.4	2.1	-13.7	15.8	
0.65234	0.2	2873	20.3	15.9	4.4	2.1	-13.8	15.9	
0.65625	0.2	2873	20.3	15.9	4.4	2.1	-13.8	15.9	
0.66016	0.3	2873	20.2	15.9	4.3	2.1	-13.8	15.9	
0.66406	0.5	2873	20.2	15.9	4.3	2.1	-13.8	15.9	
0.66797	0.6	2873	20.2	15.9	4.3	2.1	-13.8	15.9	
0.67188	0.6	2874	20.2	15.9	4.3	2.1	-13.8	15.9	
0.67578	0.6	2874	20.1	15.9	4.2	2.1	-13.8	15.9	
0.67969	0.6	2874	20.1	15.9	4.2	2.1	-13.8	15.9	
0.68359	0.6	2874	20.1	15.9	4.2	2.1	-13.8	15.9	
0.68750	0.6	2874	20.0	15.9	4.1	2.1	-13.8	15.9	
0.69141	0.6	2874	20.0	15.9	4.1	2.1	-13.8	15.9	
0.69531	0.5	2874	19.9	15.9	4.0	2.1	-13.8	15.9	
0.69922	0.5	2874	19.9	15.9	4.0	2.1	-13.8	15.9	
0.70312	0.4	2874	19.8	15.9	3.9	2.1	-13.8	15.9	
0.70703	0.3	2874	19.8	15.9	3.9	2.1	-13.8	15.9	
0.71094	0.3	2874	19.8	15.9	3.9	2.1	-13.8	15.9	
0.71484	0.3	2874	19.8	15.9	3.9	2.1	-13.8	15.9	
0.71875	0.2	2874	19.8	15.9	3.9	2.1	-13.8	15.9	
0.72266	0.2	2874	19.8	15.9	3.9	2.1	-13.8	15.9	
0.72656	0.2	2874	19.8	15.9	3.9	2.1	-13.8	15.9	
0.73047	0.2	2874	19.8	15.9	3.9	2.1	-13.8	15.9	
0.73438	0.2	2874	19.9	15.9	4.0	2.1	-13.8	15.9	
0.73828	0.1	2874	19.9	15.9	4.0	2.1	-13.8	15.9	
0.74219	0.2	2874	19.9	15.9	4.0	2.1	-13.8	15.9	
0.74609	0.2	2874	19.9	15.9	4.0	2.1	-13.8	15.9	
0.75000	0.1	2874	19.9	15.9	4.0	2.1	-13.8	15.9	
0.75391	0.2	2874	19.9	15.9	4.0	2.1	-13.8	15.9	
0.75781	0.3	2874	19.9	15.9	4.0	2.1	-13.8	15.9	
0.76172	0.2	2874	19.9	15.9	4.0	2.1	-13.8	15.9	
0.76562	0.3	2874	19.9	15.9	4.0	2.1	-13.8	15.9	
0.76953	0.4	2874	19.9	15.9	4.0	2.1	-13.8	15.9	
0.77344	0.4	2874	19.9	15.9	4.0	2.1	-13.8	15.9	
0.77734	0.4	2874	19.9	15.9	4.0	2.1	-13.8	15.9	
0.78125	0.5	2874	19.8	15.9	3.9	2.1	-13.8	15.9	
0.78516	0.4	2874	19.8	15.9	3.9	2.1	-13.8	15.9	
0.78906	0.4	2874	19.8	15.9	3.9	2.1	-13.8	15.9	
0.79297	0.4	2874	19.8	15.9	3.9	2.1	-13.8	15.9	
0.79688	0.4	2874	19.7	15.9	3.8	2.1	-13.8	15.9	
0.80078	0.4	2874	19.7	15.9	3.8	2.1	-13.8	15.9	
0.80469	0.4	2874	19.7	15.9	3.8	2.1	-13.8	15.9	
0.80859	0.3	2874	19.7	15.9	3.8	2.1	-13.8	15.9	
0.81250	0.3	2874	19.6	15.9	3.7	2.1	-13.8	15.9	
0.81641	0.3	2874	19.6	15.9	3.7	2.1	-13.8	15.9	
0.82031	0.2	2874	19.6	15.9	3.7	2.1	-13.8	15.9	
0.82422	0.2	2874	19.6	15.9	3.7	2.1	-13.8	15.9	
0.82812	0.2	2874	19.6	15.9	3.7	2.1	-13.8	15.9	
0.83203	0.2	2874	19.6	16.0	3.6	2.1	-13.9	16.0	
0.83594	0.2	2874	19.6	16.0	3.6	2.1	-13.9	16.0	
0.83984	0.2	2874	19.6	15.9	3.7	2.1	-13.8	15.9	
0.84375	0.2	2874	19.7	16.0	3.7	2.1	-13.9	16.0	
0.84766	0.2	2874	19.7	16.0	3.7	2.1	-13.9	16.0	
0.85156	0.2	2874	19.7	16.0	3.7	2.1	-13.9	16.0	
0.85547	0.2	2875	19.7	16.0	3.7	2.1	-13.9	16.0	
0.85938	0.2	2875	19.7	16.0	3.7	2.1	-13.9	16.0	
0.86328	0.2	2875	19.7	16.0	3.7	2.1	-13.9	16.0	
0.86719	0.3	2875	19.7	16.0	3.7	2.1	-13.9	16.0	
0.87109	0.3	2875	19.7	16.0	3.7	2.1	-13.9	16.0	
0.87500	0.3	2875	19.7	16.0	3.7	2.1	-13.9	16.0	
0.87891	0.3	2875	19.6	16.0	3.6	2.1	-13.9	16.0	
0.88281	0.3	2875	19.6	16.0	3.6	2.1	-13.9	16.0	
0.88672	0.4	2875	19.6	16.0	3.6	2.1	-13.9	16.0	
0.89062	0.4	2875	19.6	16.0	3.6	2.1	-13.9	16.0	
0.89453	0.4	2875	19.6	16.0	3.6	2.1	-13.9	16.0	
0.89844	0.4	2875	19.5	16.0	3.5	2.1	-13.9	16.0	
0.90234	0.4	2875	19.5	16.0	3.5	2.1	-13.9	16.0	
0.90625	0.3	2875	19.5	16.0	3.5	2.1	-13.9	16.0	
0.91016	0.3	2875	19.5	16.0	3.5	2.1	-13.9	16.0	
0.91406	0.3	2875	19.5	16.0	3.5	2.1	-13.9	16.0	
0.91797	0.3	2875	19.4	16.0	3.4	2.1	-13.9	16.0	
0.92188	0.3	2875	19.4	16.0	3.4	2.1	-13.9	16.0	
0.92578	0.2	2875	19.4	16.0	3.4	2.1	-13.9	16.0	
0.92969	0.2	2875	19.4	16.0	3.4	2.1	-13.9	16.0	
0.93359	0.3	2875	19.4	16.0	3.4	2.1	-13.9	16.0	
0.93750	0.3	2875	19.4	16.0	3.4	2.1	-13.9	16.0	
0.94141	0.3	2875	19.4	16.0	3.4	2.1	-13.9	16.0	
0.94531	0.3	2875	19.4	16.0	3.4	2.1	-13.9	16.0	
0.94922	0.2	2875	19.4	16.0	3.4	2.1	-13.9	16.0	
0.95312	0.2	2875	19.4	16.0	3.4	2.1	-13.9	16.0	
0.95703	0.2	2875	19.4	16.0	3.4	2.1	-13.9	16.0	
0.96094	0.2	2875	19.4	16.0	3.4	2.1	-13.9	16.0	
0.96484	0.2	2875	19.4	15.9	3.5	2.1	-13.8	15.9	
0.96875	0.2	2875	19.4	15.9	3.5	2.1	-13.8	15.9	
0.97266	0.3	2875	19.4	16.0	3.4	2.1	-13.9	16.0	
0.97656	0.2	2875	19.4	16.0	3.4	2.1	-13.9	16.0	
0.98047	0.2	2875	19.4	16.0	3.4	2.1	-13.9	16.0	
0.98438	0.3	2875	19.4	16.0	3.4	2.1	-13.9	16.0	
0.98828	0.3	2875	19.3	16.0	3.3	2.1	-13.9	16.0	
0.99219	0.3	2875	19.3	16.0	3.3	2.1	-13.9	16.0	
0.99609	0.3	2875	19.3	16.0	3.3	2.1	-13.9	16.0	
1.00000	0.3	2875	19.3	15.9	3.4	2.1	-13.8	15.9	
1.00391	0.3	2875	19.3	15.9	3.4	2.1	-13.8	15.9	
1.00781	0.3	2875	19.3	16.0	3.3	2.1	-13.9	16.0	
1.01172	0.3	2875	19.3	16.0	3.3	2.1	-13.9	16.0	
1.01562	0.3	2875	19.3	16.0	3.3	2.1	-13.9	16.0	
1.01953	0.3	2875	19.3	16.0	3.3	2.1	-13.9	16.0	
1.02344	0.3	2875	19.3	16.0	3.3	2.1	-13.9	16.0	
1.02734	0.3	2875	19.3	16.0	3.3	2.1	-13.9	16.0	
1.03125	0.3	2875	19.2	16.0	3.2	2.1	-13.9	16.0	
1.03516	0.3	2875	19.2	16.0	3.2	2.1	-13.9	16.0	
1.03906	0.3	2875	19.2	16.0	3.2	2.1	-13.9	16.0	
1.04297	0.2	2875	19.2	16.0	3.2	2.1	-13.9	16.0	
1.04688	0.2	2875	19.2	16.0	3.2	2.1	-13.9	16.0	
1.05078	0.3	2875	19.2	16.0	3.2	2.1	-13.9	16.0	
1.05469	0.2	2875	19.2	16.0	3.2	2.1	-13.9	16.0	
1.05859	0.3	2875	19.2	16.0	3.2	2.1	-13.9	16.0	
1.06250	0.2	2875	19.2	16.0	3.2	2.1	-13.9	16.0	
1.06641	0.2	2875	19.2	16.0	3.2	2.1	-13.9	16.0	
1.07031	0.2	2875	19.2	16.0	3.2	2.1	-13.9	16.0	
1.07422	0.2	2876	19.2	16.0	3.2	2.1	-13.9	16.0	
1.07812	0.2	2876	19.2	16.0	3.2	2.1	-13.9	16.0	
1.08203	0.2	2876	19.2	16.0	3.2	2.1	-13.9	16.0	
1.08594	0.2	2876	19.3	16.0	3.3	2.1	-13.9	16.0	
1.08984	0.2	2876	19.3	16.0	3.3	2.1	-13.9	16.0	
1.09375	0.2	2876	19.3	16.0	3.3	2.1	-13.9	16.0	
1.09766	0.2	2876	19.3	15.9	3.4	2.1	-13.8	15.9	
1.10156	0.2	2876	19.3	15.9	3.4	2.1	-13.8	15.9	
1.10547	0.2	2876	19.3	16.0	3.3	2.1	-13.9	16.0	
1.10938	0.2	2876	19.3	15.9	3.4	2.1	-13.8	15.9	
1.11328	0.2	2876	19.4	15.9	3.5	2.1	-13.8	15.9	
1.11719	0.2	2876	19.4	16.0	3.4	2.1	-13.9	16.0	
1.12109	0.2	2876	19.4	15.9	3.5	2.1	-13.8	15.9	
1.12500	0.2	2876	19.4	15.9	3.5	2.1	-13.8	15.9	
1.12891	0.2	2876	19.4	15.9	3.5	2.1	-13.8	15.9	
1.13281	0.2	2876	19.4	15.9	3.5	2.1	-13.8	15.9	
1.13672	0.2	2876	19.5	15.9	3.6	2.1	-13.8	15.9	
1.14062	0.1	2876	19.5	15.9	3.6	2.1	-13.8	15.9	
1.14453	0.1	2876	19.5	15.9	3.6	2.1	-13.8	15.9	
1.14844	0.2	2876	19.5	15.9	3.6	2.1	-13.8	15.9	
1.15234	0.2	2876	19.6	15.9	3.7	2.1	-13.8	15.9	
1.15625	0.1	2876	19.6	15.9	3.7	2.1	-13.8	15.9	
1.16016	0.1	2876	19.6	15.9	3.7	2.1	-13.8	15.9	
1.16406	0.1	2876	19.6	15.9	3.7	2.1	-13.8	15.9	
1.16797	0.1	2876	19.7	15.9	3.8	2.1	-13.8	15.9	
1.17188	0.1	2876	19.7	15.9	3.8	2.1	-13.8	15.9	
1.17578	0.0	2876	19.7	15.9	3.8	2.1	-13.8	15.9	
1.17969	0.1	2876	19.8	15.9	3.9	2.1	-13.8	15.9	
1.18359	0.1	2876	19.8	16.0	3.8	2.1	-13.9	16.0	
1.18750	0.1	2876	19.8	16.0	3.8	2.1	-13.9	16.0	
1.19141	0.1	2876	19.9	16.0	3.9	2.1	-13.9	16.0	
1.19531	0.0	2876	19.9	16.0	3.9	2.1	-13.9	16.0	
1.19922	0.0	2876	19.9	16.0	3.9	2.1	-13.9	16.0	
1.20312	0.1	2876	20.0	16.0	4.0	2.1	-13.9	16.0	
1.20703	0.0	2876	20.0	16.0	4.0	2.1	-13.9	16.0	
1.21094	0.0	2876	20.1	16.0	4.1	2.1	-13.9	16.0	
1.21484	0.0	2876	20.1	16.0	4.1	2.1	-13.9	16.0	
1.21875	0.0	2876	20.1	16.0	4.1	2.1	-13.9	16.0	
1.22266	-0.0	2876	20.2	16.0	4.2	2.1	-13.9	16.0	
1.22656	0.0	2876	20.2	16.0	4.2	2.1	-13.9	16.0	
1.23047	0.0	2876	20.3	16.0	4.3	2.1	-13.9	16.0	
1.23438	-0.0	2876	20.3	16.1	4.2	2.1	-14.0	16.1	
1.23828	-0.0	2876	20.4	16.1	4.3	2.1	-14.0	16.1	
1.24219	-0.0	2876	20.4	16.1	4.3	2.1	-14.0	16.1	
1.24609	-0.0	2876	20.4	16.1	4.3	2.1	-14.0	16.1	
1.25000	0.0	2876	20.5	16.1	4.4	2.1	-14.0	16.1	
1.25391	0.0	2876	20.5	16.1	4.4	2.1	-14.0	16.1	
1.25781	0.0	2876	20.5	16.1	4.4	2.1	-14.0	16.1	
1.26172	0.1	2876	20.6	16.1	4.5	2.1	-14.0	16.1	
1.26562	0.1	2876	20.6	16.1	4.5	2.1	-14.0	16.1	
1.26953	0.0	2876	20.7	16.1	4.6	2.1	-14.0	16.1	
1.27344	0.0	2876	20.7	16.1	4.6	2.1	-14.0	16.1	
1.27734	-0.0	2876	20.7	16.1	4.6	2.1	-14.0	16.1	
1.28125	-0.1	2876	20.8	16.1	4.7	2.1	-14.0	16.1	
1.28516	-0.1	2876	20.9	16.1	4.8	2.1	-14.0	16.1	
1.28906	-0.3	2876	20.9	16.1	4.8	2.1	-14.0	16.1	
1.29297	-0.4	2876	21.0	16.1	4.9	2.1	-14.0	16.1	
1.29688	-0.5	2876	21.1	16.1	5.0	2.1	-14.0	16.1	
1.30078	-0.7	2876	21.2	16.1	5.1	2.1	-14.0	16.1	
1.30469	-1.0	2876	21.3	16.1	5.2	2.1	-14.0	16.1	
1.30859	-1.2	2876	21.4	16.1	5.3	2.1	-14.0	16.1	
1.31250	-1.4	2875	21.5	16.1	5.4	2.1	-14.0	16.1	
1.31641	-1.5	2875	21.6	16.1	5.5	2.1	-14.0	16.1	
1.32031	-1.7	2875	21.7	16.2	5.5	2.1	-14.1	16.2	
1.32422	-1.8	2875	21.9	16.2	5.7	2.1	-14.1	16.2	
1.32812	-1.8	2875	22.0	16.2	5.8	2.1	-14.1	16.2	
1.33203	-1.8	2875	22.1	16.2	5.9	2.1	-14.1	16.2	
1.33594	-1.8	2875	22.3	16.2	6.1	2.1	-14.1	16.2	
1.33984	-1.7	2875	22.4	16.2	6.2	2.1	-14.1	16.2	
1.34375	-1.5	2875	22.5	16.2	6.3	2.1	-14.1	16.2	
1.34766	-1.4	2874	22.6	16.2	6.4	2.1	-14.1	16.2	
1.35156	-1.2	2874	22.7	16.2	6.5	2.1	-14.1	16.2	
1.35547	-1.0	2874	22.8	16.3	6.5	2.1	-14.2	16.3	
1.35938	-0.8	2874	22.9	16.3	6.6	2.1	-14.2	16.3	
1.36328	-0.6	2874	23.0	16.3	6.7	2.1	-14.2	16.3	
1.36719	-0.4	2874	23.0	16.3	6.7	2.1	-14.2	16.3	
1.37109	-0.3	2874	23.1	16.4	6.7	2.1	-14.3	16.4	
1.37500	-0.2	2874	23.2	16.4	6.8	2.1	-14.3	16.4	
1.37891	-0.0	2874	23.2	16.4	6.8	2.1	-14.3	16.4	
1.38281	0.1	2874	23.2	16.4	6.8	2.1	-14.3	16.4	
1.38672	0.1	2874	23.3	16.4	6.9	2.1	-14.3	16.4	
1.39062	0.2	2874	23.3	16.4	6.9	2.1	-14.3	16.4	
1.39453	0.2	2874	23.3	16.5	6.8	2.1	-14.4	16.5	
1.39844	0.2	2874	23.4	16.5	6.9	2.1	-14.4	16.5	
1.40234	0.2	2874	23.4	16.5	6.9	2.1	-14.4	16.5	
1.40625	0.2	2874	23.4	16.5	6.9	2.1	-14.4	16.5	
1.41016	0.2	2874	23.5	16.5	7.0	2.1	-14.4	16.5	
1.41406	0.1	2874	23.5	16.6	6.9	2.1	-14.5	16.6	
1.41797	0.1	2874	23.5	16.6	6.9	2.1	-14.5	16.6	
1.42188	0.0	2874	23.5	16.6	6.9	2.1	-14.5	16.6	
1.42578	0.0	2874	23.6	16.6	7.0	2.1	-14.5	16.6	
1.42969	0.0	2874	23.6	16.6	7.0	2.1	-14.5	16.6	
1.43359	-0.0	2874	23.6	16.7	6.9	2.1	-14.6	16.7	
1.43750	-0.1	2874	23.7	16.7	7.0	2.1	-14.6	16.7	
1.44141	-0.1	2874	23.7	16.7	7.0	2.1	-14.6	16.7	
1.44531	-0.1	2874	23.8	16.7	7.1	2.1	-14.6	16.7	
1.44922	-0.1	2874	23.8	16.7	7.1	2.1	-14.6	16.7	
1.45312	-0.2	2874	23.9	16.8	7.1	2.1	-14.7	16.8	
1.45703	-0.2	2874	23.9	16.8	7.1	2.1	-14.7	16.8	
1.46094	-0.3	2874	24.0	16.8	7.2	2.1	-14.7	16.8	
1.46484	-0.2	2874	24.0	16.9	7.1	2.1	-14.8	16.9	
1.46875	-0.2	2874	24.1	16.9	7.2	2.1	-14.8	16.9	
1.47266	-0.2	2874	24.1	16.9	7.2	2.1	-14.8	16.9	
1.47656	-0.2	2874	24.2	16.9	7.3	2.1	-14.8	16.9	
1.48047	-0.2	2874	24.2	16.9	7.3	2.1	-14.8	16.9	
1.48438	-0.2	2874	24.3	17.0	7.3	2.1	-14.9	17.0	
1.48828	-0.1	2874	24.3	17.0	7.3	2.1	-14.9	17.0	
1.49219	-0.1	2874	24.4	17.0	7.4	2.1	-14.9	17.0	
1.49609	-0.1	2874	24.4	17.0	7.4	2.1	-14.9	17.0	
1.50000	-0.1	2874	24.5	17.0	7.5	2.1	-14.9	17.0	
1.50391	-0.1	2874	24.5	17.1	7.4	2.1	-15.0	17.1	
1.50781	-0.0	2874	24.5	17.1	7.4	2.1	-15.0	17.1	
1.51172	-0.1	2874	24.6	17.1	7.5	2.1	-15.0	17.1	
1.51562	-0.1	2874	24.6	17.2	7.4	2.1	-15.1	17.2	
1.51953	-0.1	2874	24.7	17.2	7.5	2.1	-15.1	17.2	
1.52344	-0.1	2874	24.7	17.2	7.5	2.1	-15.1	17.2	
1.52734	-0.2	2874	24.8	17.2	7.6	2.1	-15.1	17.2	
1.53125	-0.2	2874	24.8	17.2	7.6	2.1	-15.1	17.2	
1.53516	-0.3	2874	24.9	17.3	7.6	2.1	-15.2	17.3	
1.53906	-0.4	2874	24.9	17.3	7.6	2.1	-15.2	17.3	
1.54297	-0.4	2874	25.0	17.3	7.7	2.1	-15.2	17.3	
1.54688	-0.5	2874	25.1	17.3	7.8	2.1	-15.2	17.3	
1.55078	-0.6	2874	25.2	17.4	7.8	2.1	-15.3	17.4	
1.55469	-0.6	2874	25.3	17.4	7.9	2.1	-15.3	17.4	
1.55859	-0.6	2874	25.3	17.4	7.9	2.1	-15.3	17.4	
1.56250	-0.7	2874	25.4	17.4	8.0	2.1	-15.3	17.4	
1.56641	-0.7	2874	25.5	17.5	8.0	2.1	-15.4	17.5	
1.57031	-0.6	2874	25.6	17.5	8.1	2.1	-15.4	17.5	
1.57422	-0.6	2874	25.6	17.5	8.1	2.1	-15.4	17.5	
1.57812	-0.6	2874	25.7	17.5	8.2	2.1	-15.4	17.5	
1.58203	-0.5	2874	25.8	17.6	8.2	2.1	-15.5	17.6	
1.58594	-0.5	2874	25.8	17.6	8.2	2.1	-15.5	17.6	
1.58984	-0.5	2874	25.9	17.6	8.3	2.1	-15.5	17.6	
1.59375	-0.4	2874	26.0	17.7	8.3	2.1	-15.6	17.7	
1.59766	-0.4	2873	26.0	17.7	8.3	2.1	-15.6	17.7	
1.60156	-0.4	2873	26.1	17.7	8.4	2.1	-15.6	17.7	
1.60547	-0.4	2873	26.2	17.7	8.5	2.1	-15.6	17.7	
1.60938	-0.4	2873	26.2	17.8	8.4	2.1	-15.7	17.8	
1.61328	-0.4	2873	26.3	17.8	8.5	2.1	-15.7	17.8	
1.61719	-0.5	2873	26.4	17.8	8.6	2.1	-15.7	17.8	
1.62109	-0.5	2873	26.4	17.8	8.6	2.1	-15.7	17.8	
1.62500	-0.5	2873	26.5	17.9	8.6	2.1	-15.8	17.9	
1.62891	-0.6	2873	26.6	17.9	8.7	2.1	-15.8	17.9	
1.63281	-0.5	2873	26.7	17.9	8.8	2.1	-15.8	17.9	
1.63672	-0.5	2873	26.7	18.0	8.7	2.1	-15.9	18.0	
1.64062	-0.6	2873	26.8	18.0	8.8	2.1	-15.9	18.0	
1.64453	-0.5	2873	26.9	18.0	8.9	2.1	-15.9	18.0	
1.64844	-0.5	2873	26.9	18.0	8.9	2.1	-15.9	18.0	
1.65234	-0.5	2873	27.0	18.1	8.9	2.1	-16.0	18.1	
1.65625	-0.5	2873	27.1	18.1	9.0	2.1	-16.0	18.1	
1.66016	-0.4	2873	27.1	18.1	9.0	2.1	-16.0	18.1	
1.66406	-0.3	2873	27.2	18.2	9.0	2.1	-16.1	18.2	
1.66797	-0.3	2873	27.2	18.2	9.0	2.1	-16.1	18.2	
1.67188	-0.3	2873	27.3	18.2	9.1	2.1	-16.1	18.2	
1.67578	-0.2	2873	27.3	18.3	9.0	2.1	-16.2	18.3	
1.67969	-0.1	2873	27.4	18.3	9.1	2.1	-16.2	18.3	
1.68359	-0.1	2873	27.4	18.3	9.1	2.1	-16.2	18.3	
1.68750	-0.0	2873	27.4	18.3	9.1	2.1	-16.2	18.3	
1.69141	-0.0	2873	27.5	18.4	9.1	2.1	-16.3	18.4	
1.69531	-0.0	2873	27.5	18.4	9.1	2.1	-16.3	18.4	
1.69922	0.0	2873	27.6	18.4	9.2	2.1	-16.3	18.4	
1.70312	0.0	2873	27.6	18.5	9.1	2.1	-16.4	18.5	
1.70703	0.0	2873	27.6	18.5	9.1	2.1	-16.4	18.5	
1.71094	-0.0	2873	27.7	18.5	9.2	2.1	-16.4	18.5	
1.71484	-0.0	2873	27.7	18.6	9.1	2.1	-16.5	18.6	
1.71875	-0.1	2873	27.8	18.6	9.2	2.1	-16.5	18.6	
1.72266	-0.2	2873	27.8	18.6	9.2	2.1	-16.5	18.6	
1.72656	-0.3	2873	27.9	18.6	9.3	2.1	-16.5	18.6	
1.73047	-0.5	2873	27.9	18.7	9.2	2.1	-16.6	18.7	
1.73438	-0.6	2873	28.0	18.7	9.3	2.1	-16.6	18.7	
1.73828	-0.7	2873	28.1	18.7	9.4	2.1	-16.6	18.7	
1.74219	-0.8	2873	28.2	18.8	9.4	2.1	-16.7	18.8	
1.74609	-0.9	2873	28.3	18.8	9.5	2.1	-16.7	18.8	
1.75000	-1.0	2873	28.4	18.8	9.6	2.1	-16.7	18.8	
1.75391	-1.0	2873	28.5	18.9	9.6	2.1	-16.8	18.9	
1.75781	-1.0	2872	28.5	18.9	9.6	2.1	-16.8	18.9	
1.76172	-0.9	2872	28.6	18.9	9.7	2.1	-16.8	18.9	
1.76562	-0.9	2872	28.7	19.0	9.7	2.1	-16.9	19.0	
1.76953	-0.7	2872	28.8	19.0	9.8	2.1	-16.9	19.0	
1.77344	-0.6	2872	28.9	19.0	9.9	2.1	-16.9	19.0	
1.77734	-0.5	2872	28.9	19.1	9.8	2.1	-17.0	19.1	
1.78125	-0.4	2872	29.0	19.1	9.9	2.1	-17.0	19.1	
1.78516	-0.3	2872	29.0	19.1	9.9	2.1	-17.0	19.1	
1.78906	-0.2	2872	29.1	19.1	10.0	2.1	-17.0	19.1	
1.79297	-0.1	2872	29.1	19.2	9.9	2.1	-17.1	19.2	
1.79688	-0.1	2872	29.2	19.2	10.0	2.1	-17.1	19.2	
1.80078	-0.1	2872	29.2	19.2	10.0	2.1	-17.1	19.2	
1.80469	-0.1	2872	29.3	19.3	10.0	2.1	-17.2	19.3	
1.80859	-0.1	2872	29.3	19.3	10.0	2.1	-17.2	19.3	
1.81250	-0.2	2872	29.4	19.3	10.1	2.1	-17.2	19.3	
1.81641	-0.3	2872	29.4	19.4	10.0	2.1	-17.3	19.4	
1.82031	-0.4	2872	29.5	19.4	10.1	2.1	-17.3	19.4	
1.82422	-0.5	2872	29.5	19.4	10.1	2.1	-17.3	19.4	
1.82812	-0.6	2872	29.6	19.5	10.1	2.1	-17.4	19.5	
1.83203	-0.8	2872	29.7	19.5	10.2	2.1	-17.4	19.5	
1.83594	-1.0	2872	29.8	19.5	10.3	2.1	-17.4	19.5	
1.83984	-1.1	2872	29.9	19.6	10.3	2.1	-17.5	19.6	
1.84375	-1.2	2872	30.0	19.6	10.4	2.1	-17.5	19.6	
1.84766	-1.2	2872	30.1	19.6	10.5	2.1	-17.5	19.6	
1.85156	-1.2	2872	30.2	19.7	10.5	2.1	-17.6	19.7	
1.85547	-1.2	2871	30.3	19.7	10.6	2.1	-17.6	19.7	
1.85938	-1.2	2871	30.4	19.7	10.7	2.1	-17.6	19.7	
1.86328	-1.1	2871	30.5	19.7	10.8	2.1	-17.6	19.7	
1.86719	-1.0	2871	30.6	19.8	10.8	2.1	-17.7	19.8	
1.87109	-0.8	2871	30.6	19.8	10.8	2.1	-17.7	19.8	
1.87500	-0.6	2871	30.7	19.9	10.8	2.1	-17.8	19.9	
1.87891	-0.4	2871	30.7	19.9	10.8	2.1	-17.8	19.9	
1.88281	-0.3	2871	30.8	19.9	10.9	2.1	-17.8	19.9	
1.88672	-0.1	2871	30.8	20.0	10.8	2.1	-17.9	20.0	
1.89062	0.1	2871	30.8	20.0	10.8	2.1	-17.9	20.0	
1.89453	0.2	2871	30.9	20.0	10.9	2.1	-17.9	20.0	
1.89844	0.3	2871	30.9	20.1	10.8	2.1	-18.0	20.1	
1.90234	0.3	2871	30.9	20.1	10.8	2.1	-18.0	20.1	
1.90625	0.4	2871	30.9	20.2	10.7	2.1	-18.1	20.2	
1.91016	0.4	2871	30.8	20.2	10.6	2.1	-18.1	20.2	
1.91406	0.4	2871	30.8	20.2	10.6	2.1	-18.1	20.2	
1.91797	0.4	2871	30.8	20.3	10.5	2.1	-18.2	20.3	
1.92188	0.4	2871	30.8	20.3	10.5	2.1	-18.2	20.3	
1.92578	0.4	2871	30.8	20.3	10.5	2.1	-18.2	20.3	
1.92969	0.4	2871	30.8	20.4	10.4	2.1	-18.3	20.4	
1.93359	0.3	2871	30.8	20.4	10.4	2.1	-18.3	20.4	
1.93750	0.3	2871	30.7	20.5	10.2	2.1	-18.4	20.5	
1.94141	0.3	2871	30.7	20.5	10.2	2.1	-18.4	20.5	
1.94531	0.4	2871	30.7	20.5	10.2	2.1	-18.4	20.5	
1.94922	0.4	2871	30.7	20.5	10.2	2.1	-18.4	20.5	
1.95312	0.4	2871	30.6	20.6	10.0	2.1	-18.5	20.6	
1.95703	0.5	2872	30.6	20.6	10.0	2.1	-18.5	20.6	
1.96094	0.6	2872	30.6	20.6	10.0	2.1	-18.5	20.6	
1.96484	0.6	2872	30.5	20.6	9.9	2.1	-18.5	20.6	
1.96875	0.7	2872	30.5	20.7	9.8	2.1	-18.6	20.7	
1.97266	0.7	2872	30.4	20.7	9.7	2.1	-18.6	20.7	
1.97656	0.8	2872	30.4	20.7	9.7	2.1	-18.6	20.7	
1.98047	0.9	2872	30.3	20.8	9.5	2.1	-18.7	20.8	
1.98438	0.9	2872	30.2	20.8	9.4	2.1	-18.7	20.8	
1.98828	0.9	2872	30.1	20.8	9.3	2.1	-18.7	20.8	
1.99219	0.9	2872	30.1	20.8	9.3	2.1	-18.7	20.8	
1.99609	0.9	2872	30.0	20.9	9.1	2.2	-18.7	20.9	
2.00000	0.8	2872	29.9	20.9	9.0	2.2	-18.7	20.9	
2.00391	0.8	2872	29.9	20.9	9.0	2.2	-18.7	20.9	
2.00781	0.7	2872	29.8	20.9	8.9	2.2	-18.7	20.9	
2.01172	0.6	2872	29.7	21.0	8.7	2.2	-18.8	21.0	
2.01562	0.6	2872	29.7	21.0	8.7	2.2	-18.8	21.0	
2.01953	0.6	2872	29.6	21.0	8.6	2.2	-18.8	21.0	
2.02344	0.5	2872	29.6	21.0	8.6	2.2	-18.8	21.0	
2.02734	0.5	2872	29.6	21.0	8.6	2.2	-18.8	21.0	
2.03125	0.5	2872	29.5	21.1	8.4	2.2	-18.9	21.1	
2.03516	0.6	2872	29.4	21.1	8.3	2.2	-18.9	21.1	
2.03906	0.7	2872	29.4	21.1	8.3	2.2	-18.9	21.1	
2.04297	0.8	2873	29.3	21.1	8.2	2.2	-18.9	21.1	
2.04688	1.0	2873	29.2	21.1	8.1	2.2	-18.9	21.1	
2.05078	1.3	2873	29.1	21.2	7.9	2.2	-19.0	21.2	
2.05469	1.5	2873	29.0	21.2	7.8	2.2	-19.0	21.2	
2.05859	1.8	2873	28.9	21.2	7.7	2.2	-19.0	21.2	
2.06250	2.1	2873	28.8	21.2	7.6	2.2	-19.0	21.2	
2.06641	2.4	2873	28.6	21.2	7.4	2.2	-19.0	21.2	
2.07031	2.7	2873	28.5	21.2	7.3	2.2	-19.0	21.2	
2.07422	3.0	2874	28.3	21.3	7.0	2.2	-19.1	21.3	
2.07812	3.2	2874	28.1	21.3	6.8	2.2	-19.1	21.3	
2.08203	3.4	2874	27.9	21.3	6.6	2.2	-19.1	21.3	
2.08594	3.6	2874	27.8	21.3	6.5	2.2	-19.1	21.3	
2.08984	3.8	2874	27.6	21.3	6.3	2.2	-19.1	21.3	
2.09375	3.8	2875	27.4	21.3	6.1	2.2	-19.1	21.3	
2.09766	3.8	2875	27.2	21.3	5.9	2.2	-19.1	21.3	
2.10156	3.8	2875	27.0	21.3	5.7	2.2	-19.1	21.3	
2.10547	3.8	2875	26.8	21.3	5.5	2.2	-19.1	21.3	
2.10938	3.7	2876	26.6	21.4	5.2	2.2	-19.2	21.4	
2.11328	3.5	2876	26.5	21.4	5.1	2.2	-19.2	21.4	
2.11719	3.4	2876	26.3	21.4	4.9	2.2	-19.2	21.4	
2.12109	3.3	2876	26.1	21.4	4.7	2.2	-19.2	21.4	
2.12500	3.1	2877	26.0	21.4	4.6	2.2	-19.2	21.4	
2.12891	2.9	2877	25.9	21.4	4.5	2.2	-19.2	21.4	
2.13281	2.8	2877	25.7	21.4	4.3	2.2	-19.2	21.4	
2.13672	2.7	2877	25.6	21.4	4.2	2.2	-19.2	21.4	
2.14062	2.5	2877	25.5	21.4	4.1	2.2	-19.2	21.4	
2.14453	2.3	2877	25.4	21.4	4.0	2.2	-19.2	21.4	
2.14844	2.2	2878	25.2	21.4	3.8	2.2	-19.2	21.4	
2.15234	2.1	2878	25.1	21.4	3.7	2.2	-19.2	21.4	
2.15625	2.1	2878	25.0	21.4	3.6	2.2	-19.2	21.4	
2.16016	2.0	2878	24.9	21.4	3.5	2.2	-19.2	21.4	
2.16406	2.1	2878	24.8	21.4	3.4	2.2	-19.2	21.4	
2.16797	2.1	2878	24.7	21.4	3.3	2.2	-19.2	21.4	
2.17188	2.2	2878	24.6	21.4	3.2	2.2	-19.2	21.4	
2.17578	2.3	2879	24.4	21.3	3.1	2.2	-19.1	21.3	
2.17969	2.4	2879	24.3	21.3	3.0	2.2	-19.1	21.3	
2.18359	2.4	2879	24.2	21.3	2.9	2.2	-19.1	21.3	
2.18750	2.5	2879	24.1	21.3	2.8	2.2	-19.1	21.3	
2.19141	2.5	2879	24.0	21.3	2.7	2.2	-19.1	21.3	
2.19531	2.5	2879	23.8	21.3	2.5	2.2	-19.1	21.3	
2.19922	2.5	2880	23.7	21.3	2.4	2.2	-19.1	21.3	
2.20312	2.5	2880	23.6	21.3	2.3	2.2	-19.1	21.3	
2.20703	2.4	2880	23.5	21.3	2.2	2.2	-19.1	21.3	
2.21094	2.3	2880	23.4	21.3	2.1	2.2	-19.1	21.3	
2.21484	2.2	2880	23.3	21.3	2.0	2.2	-19.1	21.3	
2.21875	2.1	2880	23.2	21.2	2.0	2.2	-19.0	21.2	
2.22266	1.9	2880	23.1	21.2	1.9	2.2	-19.0	21.2	
2.22656	1.8	2881	23.0	21.2	1.8	2.2	-19.0	21.2	
2.23047	1.6	2881	22.9	21.2	1.7	2.2	-19.0	21.2	
2.23438	1.5	2881	22.8	21.2	1.6	2.2	-19.0	21.2	
2.23828	1.4	2881	22.7	21.2	1.5	2.2	-19.0	21.2	
2.24219	1.4	2881	22.7	21.2	1.5	2.2	-19.0	21.2	
2.24609	1.3	2881	22.6	21.1	1.5	2.2	-18.9	21.1	
2.25000	1.3	2881	22.5	21.2	1.3	2.2	-19.0	21.2	
2.25391	1.3	2881	22.4	21.1	1.3	2.2	-18.9	21.1	
2.25781	1.3	2881	22.4	21.1	1.3	2.2	-18.9	21.1	
2.26172	1.3	2881	22.3	21.1	1.2	2.2	-18.9	21.1	
2.26562	1.4	2881	22.2	21.1	1.1	2.2	-18.9	21.1	
2.26953	1.5	2882	22.1	21.0	1.1	2.2	-18.8	21.0	
2.27344	1.5	2882	22.1	21.0	1.1	2.2	-18.8	21.0	
2.27734	1.6	2882	22.0	21.0	1.0	2.2	-18.8	21.0	
2.28125	1.6	2882	21.9	21.0	0.9	2.2	-18.8	21.0	
2.28516	1.6	2882	21.8	21.0	0.8	2.2	-18.8	21.0	
2.28906	1.6	2882	21.7	21.0	0.7	2.2	-18.8	21.0	
2.29297	1.6	2882	21.6	21.0	0.6	2.2	-18.8	21.0	
2.29688	1.6	2882	21.5	20.9	0.6	2.2	-18.7	20.9	
2.30078	1.5	2882	21.5	20.9	0.6	2.2	-18.7	20.9	
2.30469	1.5	2882	21.4	20.9	0.5	2.2	-18.7	20.9	
2.30859	1.4	2883	21.3	20.9	0.4	2.2	-18.7	20.9	
2.31250	1.3	2883	21.2	20.9	0.3	2.2	-18.7	20.9	
2.31641	1.2	2883	21.1	20.8	0.3	2.2	-18.6	20.8	
2.32031	1.1	2883	21.1	20.8	0.3	2.2	-18.6	20.8	
2.32422	1.0	2883	21.0	20.8	0.2	2.2	-18.6	20.8	
2.32812	1.0	2883	20.9	20.8	0.1	2.2	-18.6	20.8	
2.33203	0.9	2883	20.9	20.8	0.1	2.2	-18.6	20.8	
2.33594	0.9	2883	20.8	20.7	0.1	2.2	-18.5	20.7	
2.33984	0.8	2883	20.8	20.7	0.1	2.2	-18.5	20.7	
2.34375	0.7	2883	20.8	20.7	0.1	2.2	-18.5	20.7	
2.34766	0.7	2883	20.7	20.7	0.0	2.2	-18.5	20.7	
2.35156	0.6	2883	20.7	20.6	0.1	2.2	-18.4	20.6	
2.35547	0.6	2883	20.6	20.6	0.0	2.2	-18.4	20.6	
2.35938	0.5	2883	20.6	20.6	0.0	2.2	-18.4	20.6	
2.36328	0.5	2883	20.6	20.6	0.0	2.2	-18.4	20.6	
2.36719	0.4	2883	20.6	20.6	0.0	2.2	-18.4	20.6	
2.37109	0.3	2883	20.5	20.6	-0.1	2.2	-18.4	20.6	
2.37500	0.3	2883	20.5	20.5	0.0	2.2	-18.3	20.5	
2.37891	0.3	2883	20.5	20.5	0.0	2.2	-18.3	20.5	
2.38281	0.3	2883	20.5	20.5	0.0	2.2	-18.3	20.5	
2.38672	0.2	2883	20.5	20.5	0.0	2.2	-18.3	20.5	
2.39062	0.2	2883	20.5	20.5	0.0	2.2	-18.3	20.5	
2.39453	0.2	2883	20.5	20.4	0.1	2.2	-18.2	20.4	
2.39844	0.2	2883	20.5	20.4	0.1	2.2	-18.2	20.4	
2.40234	0.2	2883	20.5	20.4	0.1	2.2	-18.2	20.4	
2.40625	0.2	2883	20.5	20.4	0.1	2.2	-18.2	20.4	
2.41016	0.2	2883	20.5	20.4	0.1	2.2	-18.2	20.4	
2.41406	0.2	2883	20.5	20.3	0.2	2.2	-18.1	20.3	
2.41797	0.3	2884	20.5	20.3	0.2	2.2	-18.1	20.3	
2.42188	0.2	2884	20.6	20.3	0.3	2.2	-18.1	20.3	
2.42578	0.2	2884	20.6	20.3	0.3	2.2	-18.1	20.3	
2.42969	0.3	2884	20.6	20.3	0.3	2.2	-18.1	20.3	
2.43359	0.3	2884	20.6	20.2	0.4	2.2	-18.0	20.2	
2.43750	0.3	2884	20.6	20.2	0.4	2.2	-18.0	20.2	
2.44141	0.3	2884	20.6	20.2	0.4	2.2	-18.0	20.2	
2.44531	0.3	2884	20.6	20.2	0.4	2.2	-18.0	20.2	
2.44922	0.3	2884	20.6	20.2	0.4	2.2	-18.0	20.2	
2.45312	0.3	2884	20.6	20.2	0.4	2.2	-18.0	20.2	
2.45703	0.3	2884	20.6	20.1	0.5	2.2	-17.9	20.1	
2.46094	0.3	2884	20.5	20.1	0.4	2.2	-17.9	20.1	
2.46484	0.3	2884	20.5	20.1	0.4	2.2	-17.9	20.1	
2.46875	0.3	2884	20.5	20.1	0.4	2.2	-17.9	20.1	
2.47266	0.3	2884	20.5	20.1	0.4	2.2	-17.9	20.1	
2.47656	0.3	2884	20.5	20.0	0.5	2.2	-17.8	20.0	
2.48047	0.3	2884	20.5	20.0	0.5	2.2	-17.8	20.0	
2.48438	0.3	2884	20.5	20.0	0.5	2.2	-17.8	20.0	
2.48828	0.3	2884	20.5	20.0	0.5	2.2	-17.8	20.0	
2.49219	0.3	2884	20.5	20.0	0.5	2.2	-17.8	20.0	
2.49609	0.2	2884	20.5	19.9	0.6	2.2	-17.7	19.9	
2.50000	0.3	2884	20.5	19.9	0.6	2.2	-17.7	19.9	
2.50391	0.3	2884	20.5	19.9	0.6	2.2	-17.7	19.9	
2.50781	0.2	2884	20.5	19.9	0.6	2.2	-17.7	19.9	
2.51172	0.2	2884	20.5	19.9	0.6	2.2	-17.7	19.9	
2.51562	0.3	2884	20.5	19.9	0.6	2.2	-17.7	19.9	
2.51953	0.3	2884	20.5	19.8	0.7	2.2	-17.6	19.8	
2.52344	0.3	2884	20.5	19.8	0.7	2.2	-17.6	19.8	
2.52734	0.2	2884	20.5	19.8	0.7	2.2	-17.6	19.8	
2.53125	0.2	2884	20.5	19.8	0.7	2.2	-17.6	19.8	
2.53516	0.3	2884	20.5	19.7	0.8	2.2	-17.5	19.7	
2.53906	0.3	2884	20.5	19.7	0.8	2.2	-17.5	19.7	
2.54297	0.3	2884	20.5	19.7	0.8	2.2	-17.5	19.7	
2.54688	0.3	2884	20.5	19.7	0.8	2.2	-17.5	19.7	
2.55078	0.3	2884	20.5	19.7	0.8	2.2	-17.5	19.7	
2.55469	0.3	2884	20.5	19.7	0.8	2.2	-17.5	19.7	
2.55859	0.3	2884	20.5	19.6	0.9	2.2	-17.4	19.6	
2.56250	0.3	2884	20.5	19.6	0.9	2.2	-17.4	19.6	
2.56641	0.3	2884	20.5	19.6	0.9	2.2	-17.4	19.6	
2.57031	0.3	2884	20.5	19.6	0.9	2.2	-17.4	19.6	
2.57422	0.2	2884	20.5	19.5	1.0	2.2	-17.3	19.5	
2.57812	0.3	2884	20.5	19.5	1.0	2.2	-17.3	19.5	
2.58203	0.3	2884	20.5	19.5	1.0	2.2	-17.3	19.5	
2.58594	0.3	2884	20.5	19.5	1.0	2.2	-17.3	19.5	
2.58984	0.3	2884	20.5	19.5	1.0	2.2	-17.3	19.5	
2.59375	0.2	2884	20.5	19.5	1.0	2.2	-17.3	19.5	
2.59766	0.2	2884	20.5	19.5	1.0	2.2	-17.3	19.5	
2.60156	0.2	2884	20.5	19.4	1.1	2.2	-17.2	19.4	
2.60547	0.2	2884	20.5	19.4	1.1	2.2	-17.2	19.4	
2.60938	0.3	2884	20.5	19.4	1.1	2.2	-17.2	19.4	
2.61328	0.2	2884	20.5	19.4	1.1	2.2	-17.2	19.4	
2.61719	0.2	2884	20.5	19.4	1.1	2.2	-17.2	19.4	
2.62109	0.2	2884	20.5	19.4	1.1	2.2	-17.2	19.4	
2.62500	0.2	2884	20.5	19.4	1.1	2.2	-17.2	19.4	
2.62891	0.2	2884	20.5	19.3	1.2	2.2	-17.1	19.3	
2.63281	0.2	2884	20.6	19.3	1.3	2.2	-17.1	19.3	
2.63672	0.2	2884	20.6	19.3	1.3	2.2	-17.1	19.3	
2.64062	0.2	2884	20.6	19.3	1.3	2.2	-17.1	19.3	
2.64453	0.2	2885	20.6	19.3	1.3	2.2	-17.1	19.3	
2.64844	0.2	2885	20.6	19.3	1.3	2.2	-17.1	19.3	
2.65234	0.2	2885	20.6	19.3	1.3	2.2	-17.1	19.3	
2.65625	0.2	2885	20.6	19.3	1.3	2.2	-17.1	19.3	
2.66016	0.2	2885	20.7	19.2	1.5	2.2	-17.0	19.2	
2.66406	0.2	2885	20.7	19.2	1.5	2.2	-17.0	19.2	
2.66797	0.2	2885	20.7	19.2	1.5	2.2	-17.0	19.2	
2.67188	0.3	2885	20.7	19.2	1.5	2.2	-17.0	19.2	
2.67578	0.3	2885	20.7	19.2	1.5	2.2	-17.0	19.2	
2.67969	0.3	2885	20.7	19.2	1.5	2.2	-17.0	19.2	
2.68359	0.3	2885	20.7	19.2	1.5	2.2	-17.0	19.2	
2.68750	0.4	2885	20.7	19.1	1.6	2.2	-16.9	19.1	
2.69141	0.4	2885	20.6	19.1	1.5	2.2	-16.9	19.1	
2.69531	0.3	2885	20.6	19.1	1.5	2.2	-16.9	19.1	
2.69922	0.4	2885	20.6	19.1	1.5	2.2	-16.9	19.1	
2.70312	0.5	2885	20.6	19.1	1.5	2.2	-16.9	19.1	
2.70703	0.4	2885	20.6	19.0	1.6	2.2	-16.8	19.0	
2.71094	0.4	2885	20.5	19.0	1.5	2.2	-16.8	19.0	
2.71484	0.3	2885	20.5	19.0	1.5	2.2	-16.8	19.0	
2.71875	0.3	2885	20.5	19.0	1.5	2.2	-16.8	19.0	
2.72266	0.2	2885	20.5	19.0	1.5	2.2	-16.8	19.0	
2.72656	0.2	2885	20.5	19.0	1.5	2.2	-16.8	19.0	
2.73047	0.1	2885	20.5	18.9	1.6	2.2	-16.7	18.9	
2.73438	-0.0	2885	20.6	18.9	1.7	2.2	-16.7	18.9	
2.73828	-0.1	2885	20.6	18.9	1.7	2.2	-16.7	18.9	
2.74219	-0.2	2885	20.7	18.9	1.8	2.2	-16.7	18.9	
2.74609	-0.3	2885	20.7	18.9	1.8	2.2	-16.7	18.9	
2.75000	-0.3	2885	20.8	18.9	1.9	2.2	-16.7	18.9	
2.75391	-0.4	2885	20.9	18.8	2.1	2.2	-16.6	18.8	
2.75781	-0.4	2885	21.0	18.8	2.2	2.2	-16.6	18.8	
2.76172	-0.4	2885	21.0	18.8	2.2	2.2	-16.6	18.8	
2.76562	-0.4	2885	21.1	18.8	2.3	2.2	-16.6	18.8	
2.76953	-0.3	2885	21.2	18.8	2.4	2.2	-16.6	18.8	
2.77344	-0.2	2885	21.2	18.8	2.4	2.2	-16.6	18.8	
2.77734	-0.1	2885	21.2	18.7	2.5	2.2	-16.5	18.7	
2.78125	-0.0	2885	21.3	18.7	2.6	2.2	-16.5	18.7	
2.78516	0.1	2885	21.3	18.7	2.6	2.2	-16.5	18.7	
2.78906	0.2	2885	21.3	18.7	2.6	2.2	-16.5	18.7	
2.79297	0.3	2885	21.3	18.7	2.6	2.2	-16.5	18.7	
2.79688	0.4	2885	21.3	18.7	2.6	2.2	-16.5	18.7	
2.80078	0.5	2885	21.3	18.7	2.6	2.2	-16.5	18.7	
2.80469	0.5	2885	21.3	18.7	2.6	2.2	-16.5	18.7	
2.80859	0.6	2885	21.2	18.7	2.5	2.2	-16.5	18.7	
2.81250	0.6	2885	21.2	18.7	2.5	2.2	-16.5	18.7	
2.81641	0.6	2885	21.1	18.6	2.5	2.2	-16.4	18.6	
2.82031	0.6	2885	21.1	18.6	2.5	2.2	-16.4	18.6	
2.82422	0.5	2885	21.1	18.6	2.5	2.2	-16.4	18.6	
2.82812	0.5	2885	21.0	18.6	2.4	2.2	-16.4	18.6	
2.83203	0.5	2885	21.0	18.6	2.4	2.2	-16.4	18.6	
2.83594	0.4	2885	21.0	18.6	2.4	2.2	-16.4	18.6	
2.83984	0.4	2885	21.0	18.6	2.4	2.2	-16.4	18.6	
2.84375	0.3	2885	20.9	18.6	2.3	2.2	-16.4	18.6	
2.84766	0.2	2885	20.9	18.6	2.3	2.2	-16.4	18.6	
2.85156	0.2	2885	20.9	18.5	2.4	2.2	-16.3	18.5	
2.85547	0.2	2885	20.9	18.5	2.4	2.2	-16.3	18.5	
2.85938	0.1	2885	20.9	18.5	2.4	2.2	-16.3	18.5	
2.86328	0.1	2885	21.0	18.5	2.5	2.2	-16.3	18.5	
2.86719	0.1	2885	21.0	18.5	2.5	2.2	-16.3	18.5	
2.87109	0.1	2885	21.0	18.5	2.5	2.2	-16.3	18.5	
2.87500	0.1	2885	21.0	18.5	2.5	2.2	-16.3	18.5	
2.87891	0.1	2885	21.1	18.5	2.6	2.2	-16.3	18.5	
2.88281	0.2	2885	21.1	18.5	2.6	2.2	-16.3	18.5	
2.88672	0.2	2885	21.1	18.5	2.6	2.2	-16.3	18.5	
2.89062	0.2	2885	21.1	18.5	2.6	2.2	-16.3	18.5	
2.89453	0.3	2885	21.1	18.4	2.7	2.2	-16.2	18.4	
2.89844	0.3	2885	21.1	18.4	2.7	2.2	-16.2	18.4	
2.90234	0.3	2885	21.1	18.4	2.7	2.2	-16.2	18.4	
2.90625	0.4	2885	21.1	18.4	2.7	2.2	-16.2	18.4	
2.91016	0.4	2885	21.1	18.4	2.7	2.2	-16.2	18.4	
2.91406	0.5	2885	21.1	18.4	2.7	2.2	-16.2	18.4	
2.91797	0.5	2885	21.0	18.4	2.6	2.2	-16.2	18.4	
2.92188	0.5	2885	21.0	18.4	2.6	2.2	-16.2	18.4	
2.92578	0.5	2886	21.0	18.4	2.6	2.2	-16.2	18.4	
2.92969	0.4	2886	20.9	18.4	2.5	2.2	-16.2	18.4	
2.93359	0.4	2886	20.9	18.4	2.5	2.2	-16.2	18.4	
2.93750	0.4	2886	20.9	18.4	2.5	2.2	-16.2	18.4	
2.94141	0.4	2886	20.9	18.4	2.5	2.2	-16.2	18.4	
2.94531	0.3	2886	20.8	18.4	2.4	2.2	-16.2	18.4	
2.94922	0.3	2886	20.8	18.4	2.4	2.2	-16.2	18.4	
2.95312	0.3	2886	20.8	18.4	2.4	2.2	-16.2	18.4	
2.95703	0.3	2886	20.8	18.4	2.4	2.2	-16.2	18.4	
2.96094	0.2	2886	20.8	18.4	2.4	2.2	-16.2	18.4	
2.96484	0.2	2886	20.8	18.3	2.5	2.2	-16.1	18.3	
2.96875	0.2	2886	20.8	18.3	2.5	2.2	-16.1	18.3	
2.97266	0.2	2886	20.8	18.3	2.5	2.2	-16.1	18.3	
2.97656	0.2	2886	20.8	18.3	2.5	2.2	-16.1	18.3	
2.98047	0.2	2886	20.9	18.3	2.6	2.2	-16.1	18.3	
2.98438	0.2	2886	20.9	18.3	2.6	2.2	-16.1	18.3	
2.98828	0.2	2886	20.9	18.3	2.6	2.2	-16.1	18.3	
2.99219	0.2	2886	20.9	18.3	2.6	2.2	-16.1	18.3	
2.99609	0.2	2886	20.9	18.3	2.6	2.2	-16.1	18.3	
3.00000	0.3	2886	20.9	18.3	2.6	2.2	-16.1	18.3	
3.00391	0.3	2886	20.9	18.3	2.6	2.2	-16.1	18.3	
3.00781	0.3	2886	20.9	18.3	2.6	2.2	-16.1	18.3	
3.01172	0.3	2886	20.9	18.3	2.6	2.2	-16.1	18.3	
3.01562	0.3	2886	20.9	18.3	2.6	2.2	-16.1	18.3	
3.01953	0.3	2886	20.9	18.2	2.7	2.2	-16.0	18.2	
3.02344	0.3	2886	20.9	18.2	2.7	2.2	-16.0	18.2	
3.02734	0.3	2886	20.9	18.2	2.7	2.2	-16.0	18.2	
3.03125	0.3	2886	20.9	18.2	2.7	2.2	-16.0	18.2	
3.03516	0.3	2886	20.8	18.2	2.6	2.2	-16.0	18.2	
3.03906	0.3	2886	20.8	18.2	2.6	2.2	-16.0	18.2	
3.04297	0.3	2886	20.8	18.2	2.6	2.2	-16.0	18.2	
3.04688	0.3	2886	20.8	18.2	2.6	2.2	-16.0	18.2	
3.05078	0.3	2886	20.8	18.2	2.6	2.2	-16.0	18.2	
3.05469	0.3	2886	20.8	18.2	2.6	2.2	-16.0	18.2	
3.05859	0.3	2886	20.8	18.2	2.6	2.2	-16.0	18.2	
3.06250	0.3	2886	20.8	18.2	2.6	2.2	-16.0	18.2	
3.06641	0.2	2886	20.8	18.1	2.7	2.2	-15.9	18.1	
3.07031	0.2	2886	20.8	18.2	2.6	2.2	-16.0	18.2	
3.07422	0.2	2886	20.8	18.2	2.6	2.2	-16.0	18.2	
3.07812	0.2	2886	20.8	18.1	2.7	2.2	-15.9	18.1	
3.08203	0.2	2886	20.8	18.1	2.7	2.2	-15.9	18.1	
3.08594	0.2	2886	20.8	18.1	2.7	2.2	-15.9	18.1	
3.08984	0.2	2886	20.8	18.1	2.7	2.2	-15.9	18.1	
3.09375	0.2	2886	20.8	18.1	2.7	2.2	-15.9	18.1	
3.09766	0.2	2886	20.8	18.1	2.7	2.2	-15.9	18.1	
3.10156	0.2	2886	20.8	18.1	2.7	2.2	-15.9	18.1	
3.10547	0.2	2886	20.8	18.1	2.7	2.2	-15.9	18.1	
3.10938	0.2	2886	20.8	18.1	2.7	2.2	-15.9	18.1	
3.11328	0.3	2886	20.8	18.1	2.7	2.2	-15.9	18.1	
3.11719	0.3	2886	20.8	18.1	2.7	2.2	-15.9	18.1	
3.12109	0.3	2886	20.8	18.1	2.7	2.2	-15.9	18.1	
3.12500	0.3	2886	20.8	18.1	2.7	2.2	-15.9	18.1	
3.12891	0.3	2886	20.8	18.1	2.7	2.2	-15.9	18.1	
3.13281	0.3	2886	20.8	18.1	2.7	2.2	-15.9	18.1	
3.13672	0.3	2886	20.8	18.0	2.8	2.2	-15.8	18.0	
3.14062	0.2	2886	20.8	18.0	2.8	2.2	-15.8	18.0	
3.14453	0.3	2886	20.8	18.0	2.8	2.2	-15.8	18.0	
3.14844	0.3	2887	20.8	18.0	2.8	2.2	-15.8	18.0	
3.15234	0.3	2887	20.8	18.0	2.8	2.2	-15.8	18.0	
3.15625	0.3	2887	20.8	18.0	2.8	2.2	-15.8	18.0	
3.16016	0.3	2887	20.8	18.0	2.8	2.2	-15.8	18.0	
3.16406	0.3	2887	20.8	18.0	2.8	2.2	-15.8	18.0	
3.16797	0.2	2887	20.8	18.0	2.8	2.2	-15.8	18.0	
3.17188	0.3	2887	20.8	18.0	2.8	2.2	-15.8	18.0	
3.17578	0.3	2887	20.8	18.0	2.8	2.2	-15.8	18.0	
3.17969	0.3	2887	20.7	18.0	2.7	2.2	-15.8	18.0	
3.18359	0.3	2887	20.7	18.0	2.7	2.2	-15.8	18.0	
3.18750	0.3	2887	20.7	18.0	2.7	2.2	-15.8	18.0	
3.19141	0.3	2887	20.7	18.0	2.7	2.2	-15.8	18.0	
3.19531	0.3	2887	20.7	18.0	2.7	2.2	-15.8	18.0	
3.19922	0.3	2887	20.7	18.0	2.7	2.2	-15.8	18.0	
3.20312	0.3	2887	20.7	18.0	2.7	2.2	-15.8	18.0	
3.20703	0.3	2887	20.7	18.0	2.7	2.2	-15.8	18.0	
3.21094	0.3	2887	20.7	18.0	2.7	2.2	-15.8	18.0	
3.21484	0.3	2887	20.7	17.9	2.8	2.2	-15.7	17.9	
3.21875	0.3	2887	20.7	17.9	2.8	2.2	-15.7	17.9	
3.22266	0.3	2887	20.6	17.9	2.7	2.2	-15.7	17.9	
3.22656	0.3	2887	20.6	17.9	2.7	2.2	-15.7	17.9	
3.23047	0.3	2887	20.6	17.9	2.7	2.2	-15.7	17.9	
3.23438	0.3	2887	20.6	17.9	2.7	2.2	-15.7	17.9	
3.23828	0.3	2887	20.6	17.9	2.7	2.2	-15.7	17.9	
3.24219	0.3	2887	20.6	17.9	2.7	2.2	-15.7	17.9	
3.24609	0.3	2887	20.6	17.9	2.7	2.2	-15.7	17.9	
3.25000	0.3	2887	20.5	17.9	2.6	2.2	-15.7	17.9	
3.25391	0.3	2887	20.5	17.9	2.6	2.2	-15.7	17.9	
3.25781	0.3	2887	20.5	17.8	2.7	2.2	-15.6	17.8	
3.26172	0.3	2887	20.5	17.8	2.7	2.2	-15.6	17.8	
3.26562	0.3	2887	20.5	17.8	2.7	2.2	-15.6	17.8	
3.26953	0.3	2887	20.5	17.8	2.7	2.2	-15.6	17.8	
3.27344	0.3	2887	20.5	17.8	2.7	2.2	-15.6	17.8	
3.27734	0.3	2887	20.5	17.8	2.7	2.2	-15.6	17.8	
3.28125	0.3	2887	20.5	17.8	2.7	2.2	-15.6	17.8	
3.28516	0.2	2887	20.5	17.8	2.7	2.2	-15.6	17.8	
3.28906	0.3	2887	20.4	17.8	2.6	2.2	-15.6	17.8	
3.29297	0.3	2887	20.4	17.8	2.6	2.2	-15.6	17.8	
3.29688	0.3	2887	20.4	17.8	2.6	2.2	-15.6	17.8	
3.30078	0.2	2887	20.4	17.8	2.6	2.2	-15.6	17.8	
3.30469	0.3	2887	20.4	17.8	2.6	2.2	-15.6	17.8	
3.30859	0.3	2887	20.4	17.7	2.7	2.2	-15.5	17.7	
3.31250	0.3	2887	20.4	17.7	2.7	2.2	-15.5	17.7	
3.31641	0.3	2887	20.4	17.8	2.6	2.2	-15.6	17.8	
3.32031	0.2	2887	20.4	17.8	2.6	2.2	-15.6	17.8	
3.32422	0.2	2887	20.4	17.7	2.7	2.2	-15.5	17.7	
3.32812	0.2	2887	20.4	17.7	2.7	2.2	-15.5	17.7	
3.33203	0.2	2887	20.5	17.7	2.8	2.2	-15.5	17.7	
3.33594	0.2	2887	20.5	17.7	2.8	2.2	-15.5	17.7	
3.33984	0.2	2887	20.5	17.7	2.8	2.2	-15.5	17.7	
3.34375	0.2	2887	20.5	17.7	2.8	2.2	-15.5	17.7	
3.34766	0.2	2887	20.5	17.7	2.8	2.2	-15.5	17.7	
3.35156	0.2	2887	20.5	17.7	2.8	2.2	-15.5	17.7	
3.35547	0.2	2887	20.5	17.7	2.8	2.2	-15.5	17.7	
3.35938	0.2	2887	20.5	17.7	2.8	2.2	-15.5	17.7	
3.36328	0.2	2887	20.5	17.7	2.8	2.2	-15.5	17.7	
3.36719	0.2	2888	20.6	17.7	2.9	2.2	-15.5	17.7	
3.37109	0.2	2888	20.6	17.7	2.9	2.2	-15.5	17.7	
3.37500	0.2	2888	20.6	17.7	2.9	2.2	-15.5	17.7	
3.37891	0.3	2888	20.6	17.7	2.9	2.2	-15.5	17.7	
3.38281	0.3	2888	20.6	17.7	2.9	2.2	-15.5	17.7	
3.38672	0.3	2888	20.6	17.7	2.9	2.2	-15.5	17.7	
3.39062	0.3	2888	20.6	17.7	2.9	2.2	-15.5	17.7	
3.39453	0.3	2888	20.6	17.7	2.9	2.2	-15.5	17.7	
3.39844	0.3	2888	20.6	17.7	2.9	2.2	-15.5	17.7	
3.40234	0.3	2888	20.5	17.6	2.9	2.2	-15.4	17.6	
3.40625	0.3	2888	20.5	17.6	2.9	2.2	-15.4	17.6	
3.41016	0.4	2888	20.5	17.6	2.9	2.2	-15.4	17.6	
3.41406	0.4	2888	20.5	17.6	2.9	2.2	-15.4	17.6	
3.41797	0.3	2888	20.5	17.6	2.9	2.2	-15.4	17.6	
3.42188	0.3	2888	20.5	17.6	2.9	2.2	-15.4	17.6	
3.42578	0.3	2888	20.5	17.6	2.9	2.2	-15.4	17.6	
3.42969	0.3	2888	20.5	17.6	2.9	2.2	-15.4	17.6	
3.43359	0.2	2888	20.5	17.5	3.0	2.2	-15.3	17.5	
3.43750	0.1	2888	20.5	17.5	3.0	2.2	-15.3	17.5	
3.44141	0.0	2888	20.5	17.5	3.0	2.2	-15.3	17.5	
3.44531	-0.1	2888	20.6	17.5	3.1	2.2	-15.3	17.5	
3.44922	-0.1	2888	20.6	17.5	3.1	2.2	-15.3	17.5	
3.45312	-0.2	2888	20.6	17.5	3.1	2.2	-15.3	17.5	
3.45703	-0.3	2888	20.7	17.5	3.2	2.2	-15.3	17.5	
3.46094	-0.3	2888	20.8	17.5	3.3	2.2	-15.3	17.5	
3.46484	-0.3	2888	20.8	17.5	3.3	2.2	-15.3	17.5	
3.46875	-0.3	2888	20.9	17.5	3.4	2.2	-15.3	17.5	
3.47266	-0.3	2888	21.0	17.5	3.5	2.2	-15.3	17.5	
3.47656	-0.3	2888	21.0	17.5	3.5	2.2	-15.3	17.5	
3.48047	-0.2	2888	21.1	17.5	3.6	2.2	-15.3	17.5	
3.48438	-0.1	2888	21.1	17.5	3.6	2.2	-15.3	17.5	
3.48828	-0.0	2888	21.1	17.5	3.6	2.2	-15.3	17.5	
3.49219	0.0	2888	21.2	17.4	3.8	2.2	-15.2	17.4	
3.49609	0.2	2888	21.2	17.4	3.8	2.2	-15.2	17.4	
3.50000	0.3	2888	21.2	17.5	3.7	2.2	-15.3	17.5	
3.50391	0.3	2888	21.2	17.4	3.8	2.2	-15.2	17.4	
3.50781	0.5	2888	21.2	17.4	3.8	2.2	-15.2	17.4	
3.51172	0.5	2888	21.1	17.4	3.7	2.2	-15.2	17.4	
3.51562	0.6	2888	21.1	17.4	3.7	2.2	-15.2	17.4	
3.51953	0.6	2888	21.1	17.4	3.7	2.2	-15.2	17.4	
3.52344	0.7	2888	21.0	17.4	3.6	2.2	-15.2	17.4	
3.52734	0.6	2888	21.0	17.4	3.6	2.2	-15.2	17.4	
3.53125	0.6	2888	20.9	17.4	3.5	2.2	-15.2	17.4	
3.53516	0.6	2888	20.9	17.4	3.5	2.2	-15.2	17.4	
3.53906	0.6	2888	20.8	17.4	3.4	2.2	-15.2	17.4	
3.54297	0.5	2888	20.8	17.4	3.4	2.2	-15.2	17.4	
3.54688	0.5	2888	20.7	17.4	3.3	2.2	-15.2	17.4	
3.55078	0.5	2888	20.7	17.4	3.3	2.2	-15.2	17.4	
3.55469	0.4	2888	20.7	17.4	3.3	2.2	-15.2	17.4	
3.55859	0.3	2888	20.7	17.4	3.3	2.2	-15.2	17.4	
3.56250	0.2	2888	20.7	17.4	3.3	2.2	-15.2	17.4	
3.56641	0.2	2888	20.7	17.4	3.3	2.2	-15.2	17.4	
3.57031	0.2	2888	20.7	17.4	3.3	2.2	-15.2	17.4	
3.57422	0.2	2888	20.6	17.4	3.2	2.2	-15.2	17.4	
3.57812	0.2	2888	20.7	17.4	3.3	2.2	-15.2	17.4	
3.58203	0.2	2888	20.7	17.4	3.3	2.2	-15.2	17.4	
3.58594	0.2	2888	20.7	17.4	3.3	2.2	-15.2	17.4	
3.58984	0.2	2888	20.7	17.4	3.3	2.2	-15.2	17.4	
3.59375	0.2	2888	20.7	17.4	3.3	2.2	-15.2	17.4	
3.59766	0.3	2888	20.7	17.3	3.4	2.2	-15.1	17.3	
3.60156	0.3	2888	20.7	17.3	3.4	2.2	-15.1	17.3	
3.60547	0.4	2888	20.7	17.3	3.4	2.2	-15.1	17.3	
