FluxView - FluxMed acquisition system
Signal file
Serial Number	:
W version:	1.20h-OX-CO2	File version:	1.13
Sampling rate:	256 Hz
Time	Flow	Volume	Paw	Pes	Ptpulm	Pga	Ptdiaf	CO2	
0.00391	0.4	499	19.2	21.6	-2.4	0.6	-21.0	21.6	
0.00781	0.5	499	19.2	21.6	-2.4	0.6	-21.0	21.6	
0.01172	0.5	499	19.2	21.5	-2.3	0.6	-20.9	21.5	
0.01562	0.6	499	19.1	21.5	-2.4	0.6	-20.9	21.5	
0.01953	0.6	499	19.1	21.5	-2.4	0.6	-20.9	21.5	
0.02344	0.5	499	19.1	21.5	-2.4	0.6	-20.9	21.5	
0.02734	0.5	499	19.0	21.4	-2.4	0.6	-20.8	21.4	
0.03125	0.4	499	19.0	21.4	-2.4	0.6	-20.8	21.4	
0.03516	0.3	499	19.0	21.4	-2.4	0.6	-20.8	21.4	
0.03906	0.2	499	19.0	21.4	-2.4	0.6	-20.8	21.4	
0.04297	0.2	499	19.0	21.4	-2.4	0.6	-20.8	21.4	
0.04688	0.1	499	18.9	21.3	-2.4	0.6	-20.7	21.3	
0.05078	-0.0	499	18.9	21.3	-2.4	0.6	-20.7	21.3	
0.05469	-0.1	499	18.9	21.3	-2.4	0.6	-20.7	21.3	
0.05859	-0.1	499	18.9	21.3	-2.4	0.6	-20.7	21.3	
0.06250	-0.1	499	19.0	21.3	-2.3	0.6	-20.7	21.3	
0.06641	-0.1	499	19.0	21.3	-2.3	0.6	-20.7	21.3	
0.07031	-0.2	499	19.0	21.3	-2.3	0.6	-20.7	21.3	
0.07422	-0.2	499	19.0	21.3	-2.3	0.6	-20.7	21.3	
0.07812	-0.2	499	19.0	21.3	-2.3	0.6	-20.7	21.3	
0.08203	-0.2	499	19.1	21.3	-2.2	0.6	-20.7	21.3	
0.08594	-0.1	499	19.1	21.3	-2.2	0.6	-20.7	21.3	
0.08984	-0.1	499	19.1	21.4	-2.3	0.6	-20.8	21.4	
0.09375	-0.1	499	19.1	21.4	-2.3	0.6	-20.8	21.4	
0.09766	-0.1	499	19.2	21.4	-2.2	0.6	-20.8	21.4	
0.10156	-0.0	499	19.2	21.4	-2.2	0.6	-20.8	21.4	
0.10547	0.0	499	19.2	21.4	-2.2	0.6	-20.8	21.4	
0.10938	0.0	499	19.2	21.4	-2.2	0.6	-20.8	21.4	
0.11328	0.0	499	19.2	21.4	-2.2	0.6	-20.8	21.4	
0.11719	0.1	499	19.2	21.4	-2.2	0.6	-20.8	21.4	
0.12109	0.1	499	19.2	21.4	-2.2	0.6	-20.8	21.4	
0.12500	0.1	499	19.2	21.4	-2.2	0.6	-20.8	21.4	
0.12891	0.2	499	19.1	21.4	-2.3	0.6	-20.8	21.4	
0.13281	0.3	499	19.1	21.4	-2.3	0.6	-20.8	21.4	
0.13672	0.2	499	19.1	21.4	-2.3	0.6	-20.8	21.4	
0.14062	0.3	499	19.0	21.3	-2.3	0.6	-20.7	21.3	
0.14453	0.3	499	19.0	21.3	-2.3	0.6	-20.7	21.3	
0.14844	0.3	499	19.0	21.3	-2.3	0.6	-20.7	21.3	
0.15234	0.3	499	18.9	21.3	-2.4	0.6	-20.7	21.3	
0.15625	0.3	499	18.9	21.3	-2.4	0.6	-20.7	21.3	
0.16016	0.3	499	18.8	21.2	-2.4	0.6	-20.6	21.2	
0.16406	0.2	499	18.8	21.2	-2.4	0.6	-20.6	21.2	
0.16797	0.1	499	18.8	21.2	-2.4	0.6	-20.6	21.2	
0.17188	0.0	499	18.8	21.2	-2.4	0.6	-20.6	21.2	
0.17578	-0.0	499	18.8	21.2	-2.4	0.6	-20.6	21.2	
0.17969	-0.1	499	18.8	21.2	-2.4	0.6	-20.6	21.2	
0.18359	-0.2	499	18.8	21.1	-2.3	0.6	-20.5	21.1	
0.18750	-0.3	499	18.9	21.1	-2.2	0.6	-20.5	21.1	
0.19141	-0.4	499	18.9	21.1	-2.2	0.6	-20.5	21.1	
0.19531	-0.5	499	19.0	21.1	-2.1	0.6	-20.5	21.1	
0.19922	-0.6	499	19.0	21.0	-2.0	0.6	-20.4	21.0	
0.20312	-0.7	499	19.1	21.0	-1.9	0.6	-20.4	21.0	
0.20703	-0.7	499	19.2	21.0	-1.8	0.6	-20.4	21.0	
0.21094	-0.7	499	19.2	21.0	-1.8	0.6	-20.4	21.0	
0.21484	-0.7	499	19.3	21.0	-1.7	0.6	-20.4	21.0	
0.21875	-0.7	499	19.4	21.0	-1.6	0.6	-20.4	21.0	
0.22266	-0.6	499	19.4	21.0	-1.6	0.6	-20.4	21.0	
0.22656	-0.5	499	19.5	20.9	-1.4	0.6	-20.3	20.9	
0.23047	-0.4	499	19.5	20.9	-1.4	0.6	-20.3	20.9	
0.23438	-0.4	499	19.6	20.9	-1.3	0.6	-20.3	20.9	
0.23828	-0.2	499	19.6	20.9	-1.3	0.6	-20.3	20.9	
0.24219	-0.1	499	19.6	20.9	-1.3	0.6	-20.3	20.9	
0.24609	-0.1	499	19.6	20.9	-1.3	0.6	-20.3	20.9	
0.25000	0.0	499	19.6	20.9	-1.3	0.6	-20.3	20.9	
0.25391	0.1	499	19.6	20.9	-1.3	0.6	-20.3	20.9	
0.25781	0.2	499	19.6	20.9	-1.3	0.6	-20.3	20.9	
0.26172	0.2	499	19.6	20.9	-1.3	0.6	-20.3	20.9	
0.26562	0.2	499	19.6	20.9	-1.3	0.6	-20.3	20.9	
0.26953	0.2	499	19.5	20.9	-1.4	0.6	-20.3	20.9	
0.27344	0.2	499	19.5	20.9	-1.4	0.6	-20.3	20.9	
0.27734	0.2	499	19.5	20.9	-1.4	0.6	-20.3	20.9	
0.28125	0.3	499	19.4	20.9	-1.5	0.6	-20.3	20.9	
0.28516	0.2	499	19.4	20.9	-1.5	0.6	-20.3	20.9	
0.28906	0.1	499	19.4	20.9	-1.5	0.6	-20.3	20.9	
0.29297	0.1	499	19.4	20.9	-1.5	0.6	-20.3	20.9	
0.29688	0.1	499	19.3	20.9	-1.6	0.6	-20.3	20.9	
0.30078	0.0	499	19.3	20.9	-1.6	0.6	-20.3	20.9	
0.30469	0.0	499	19.3	20.9	-1.6	0.6	-20.3	20.9	
0.30859	-0.0	499	19.3	20.9	-1.6	0.6	-20.3	20.9	
0.31250	-0.0	499	19.3	20.9	-1.6	0.6	-20.3	20.9	
0.31641	-0.0	499	19.3	20.9	-1.6	0.6	-20.3	20.9	
0.32031	-0.1	499	19.3	20.9	-1.6	0.6	-20.3	20.9	
0.32422	-0.1	499	19.3	20.9	-1.6	0.6	-20.3	20.9	
0.32812	-0.1	499	19.4	20.9	-1.5	0.6	-20.3	20.9	
0.33203	-0.1	499	19.4	20.9	-1.5	0.6	-20.3	20.9	
0.33594	-0.1	499	19.4	20.9	-1.5	0.6	-20.3	20.9	
0.33984	-0.1	499	19.4	20.9	-1.5	0.6	-20.3	20.9	
0.34375	-0.1	499	19.4	21.0	-1.6	0.6	-20.4	21.0	
0.34766	-0.1	499	19.4	21.0	-1.6	0.6	-20.4	21.0	
0.35156	-0.1	499	19.5	21.0	-1.5	0.6	-20.4	21.0	
0.35547	-0.0	499	19.5	21.0	-1.5	0.6	-20.4	21.0	
0.35938	-0.0	499	19.5	21.0	-1.5	0.6	-20.4	21.0	
0.36328	-0.0	499	19.5	21.0	-1.5	0.6	-20.4	21.0	
0.36719	-0.0	499	19.5	21.0	-1.5	0.6	-20.4	21.0	
0.37109	-0.0	499	19.5	21.1	-1.6	0.6	-20.5	21.1	
0.37500	0.0	499	19.5	21.1	-1.6	0.6	-20.5	21.1	
0.37891	0.0	499	19.5	21.1	-1.6	0.6	-20.5	21.1	
0.38281	0.0	499	19.5	21.1	-1.6	0.6	-20.5	21.1	
0.38672	0.0	499	19.5	21.1	-1.6	0.6	-20.5	21.1	
0.39062	0.0	499	19.5	21.1	-1.6	0.6	-20.5	21.1	
0.39453	0.0	499	19.5	21.2	-1.7	0.6	-20.6	21.2	
0.39844	-0.0	499	19.5	21.2	-1.7	0.6	-20.6	21.2	
0.40234	0.0	499	19.5	21.2	-1.7	0.6	-20.6	21.2	
0.40625	-0.0	499	19.5	21.2	-1.7	0.6	-20.6	21.2	
0.41016	-0.1	499	19.5	21.3	-1.8	0.6	-20.7	21.3	
0.41406	-0.1	499	19.5	21.3	-1.8	0.6	-20.7	21.3	
0.41797	-0.1	499	19.6	21.3	-1.7	0.6	-20.7	21.3	
0.42188	-0.1	499	19.6	21.3	-1.7	0.6	-20.7	21.3	
0.42578	-0.2	499	19.6	21.3	-1.7	0.6	-20.7	21.3	
0.42969	-0.2	499	19.6	21.3	-1.7	0.6	-20.7	21.3	
0.43359	-0.2	499	19.6	21.3	-1.7	0.6	-20.7	21.3	
0.43750	-0.2	499	19.7	21.3	-1.6	0.6	-20.7	21.3	
0.44141	-0.2	499	19.7	21.4	-1.7	0.6	-20.8	21.4	
0.44531	-0.2	499	19.7	21.4	-1.7	0.6	-20.8	21.4	
0.44922	-0.3	499	19.8	21.4	-1.6	0.6	-20.8	21.4	
0.45312	-0.2	499	19.8	21.4	-1.6	0.6	-20.8	21.4	
0.45703	-0.2	499	19.9	21.4	-1.5	0.6	-20.8	21.4	
0.46094	-0.2	499	19.9	21.4	-1.5	0.6	-20.8	21.4	
0.46484	-0.2	498	19.9	21.4	-1.5	0.6	-20.8	21.4	
0.46875	-0.2	498	20.0	21.4	-1.4	0.6	-20.8	21.4	
0.47266	-0.1	498	20.0	21.4	-1.4	0.6	-20.8	21.4	
0.47656	-0.1	498	20.0	21.5	-1.5	0.6	-20.9	21.5	
0.48047	-0.1	498	20.0	21.5	-1.5	0.6	-20.9	21.5	
0.48438	-0.1	498	20.1	21.5	-1.4	0.6	-20.9	21.5	
0.48828	-0.1	498	20.1	21.5	-1.4	0.6	-20.9	21.5	
0.49219	-0.1	498	20.1	21.5	-1.4	0.6	-20.9	21.5	
0.49609	-0.1	498	20.1	21.5	-1.4	0.6	-20.9	21.5	
0.50000	-0.1	498	20.2	21.5	-1.3	0.6	-20.9	21.5	
0.50391	-0.1	498	20.2	21.6	-1.4	0.6	-21.0	21.6	
0.50781	-0.2	498	20.2	21.6	-1.4	0.6	-21.0	21.6	
0.51172	-0.2	498	20.3	21.6	-1.3	0.6	-21.0	21.6	
0.51562	-0.2	498	20.3	21.6	-1.3	0.6	-21.0	21.6	
0.51953	-0.3	498	20.4	21.6	-1.2	0.6	-21.0	21.6	
0.52344	-0.3	498	20.4	21.6	-1.2	0.6	-21.0	21.6	
0.52734	-0.3	498	20.4	21.6	-1.2	0.6	-21.0	21.6	
0.53125	-0.4	498	20.5	21.7	-1.2	0.6	-21.1	21.7	
0.53516	-0.5	498	20.6	21.7	-1.1	0.6	-21.1	21.7	
0.53906	-0.5	498	20.6	21.7	-1.1	0.6	-21.1	21.7	
0.54297	-0.5	498	20.7	21.7	-1.0	0.6	-21.1	21.7	
0.54688	-0.6	498	20.7	21.7	-1.0	0.6	-21.1	21.7	
0.55078	-0.7	498	20.8	21.8	-1.0	0.6	-21.2	21.8	
0.55469	-0.8	498	20.9	21.8	-0.9	0.6	-21.2	21.8	
0.55859	-0.9	498	21.0	21.8	-0.8	0.6	-21.2	21.8	
0.56250	-1.0	498	21.1	21.8	-0.7	0.6	-21.2	21.8	
0.56641	-1.1	498	21.2	21.9	-0.7	0.6	-21.3	21.9	
0.57031	-1.2	498	21.3	21.9	-0.6	0.6	-21.3	21.9	
0.57422	-1.3	498	21.4	21.9	-0.5	0.6	-21.3	21.9	
0.57812	-1.5	498	21.5	21.9	-0.4	0.6	-21.3	21.9	
0.58203	-1.6	498	21.6	22.0	-0.4	0.6	-21.4	22.0	
0.58594	-1.6	497	21.7	22.0	-0.3	0.6	-21.4	22.0	
0.58984	-1.7	497	21.8	22.0	-0.2	0.6	-21.4	22.0	
0.59375	-1.7	497	21.9	22.1	-0.2	0.6	-21.5	22.1	
0.59766	-1.8	497	22.1	22.1	0.0	0.6	-21.5	22.1	
0.60156	-1.8	497	22.2	22.2	0.0	0.6	-21.6	22.2	
0.60547	-1.7	497	22.3	22.2	0.1	0.6	-21.6	22.2	
0.60938	-1.7	497	22.4	22.3	0.1	0.6	-21.7	22.3	
0.61328	-1.7	497	22.5	22.3	0.2	0.6	-21.7	22.3	
0.61719	-1.6	497	22.6	22.4	0.2	0.6	-21.8	22.4	
0.62109	-1.6	496	22.8	22.4	0.4	0.6	-21.8	22.4	
0.62500	-1.6	496	22.9	22.5	0.4	0.6	-21.9	22.5	
0.62891	-1.5	496	23.0	22.5	0.5	0.6	-21.9	22.5	
0.63281	-1.5	496	23.1	22.6	0.5	0.6	-22.0	22.6	
0.63672	-1.5	496	23.2	22.7	0.5	0.6	-22.1	22.7	
0.64062	-1.6	496	23.3	22.7	0.6	0.6	-22.1	22.7	
0.64453	-1.6	496	23.4	22.8	0.6	0.6	-22.2	22.8	
0.64844	-1.7	496	23.6	22.8	0.8	0.6	-22.2	22.8	
0.65234	-1.8	496	23.7	22.9	0.8	0.6	-22.3	22.9	
0.65625	-1.9	495	23.8	23.0	0.8	0.6	-22.4	23.0	
0.66016	-2.1	495	23.9	23.0	0.9	0.6	-22.4	23.0	
0.66406	-2.2	495	24.1	23.1	1.0	0.6	-22.5	23.1	
0.66797	-2.4	495	24.2	23.2	1.0	0.6	-22.6	23.2	
0.67188	-2.5	495	24.4	23.3	1.1	0.6	-22.7	23.3	
0.67578	-2.7	495	24.5	23.3	1.2	0.6	-22.7	23.3	
0.67969	-2.8	494	24.7	23.4	1.3	0.6	-22.8	23.4	
0.68359	-2.8	494	24.8	23.5	1.3	0.6	-22.9	23.5	
0.68750	-2.8	494	25.0	23.6	1.4	0.6	-23.0	23.6	
0.69141	-2.8	494	25.1	23.7	1.4	0.6	-23.1	23.7	
0.69531	-2.7	494	25.3	23.8	1.5	0.6	-23.2	23.8	
0.69922	-2.6	494	25.4	23.9	1.5	0.6	-23.3	23.9	
0.70312	-2.5	493	25.6	24.0	1.6	0.6	-23.4	24.0	
0.70703	-2.4	493	25.7	24.1	1.6	0.6	-23.5	24.1	
0.71094	-2.2	493	25.8	24.2	1.6	0.6	-23.6	24.2	
0.71484	-2.1	493	26.0	24.4	1.6	0.6	-23.8	24.4	
0.71875	-2.0	493	26.1	24.5	1.6	0.6	-23.9	24.5	
0.72266	-1.9	493	26.2	24.6	1.6	0.6	-24.0	24.6	
0.72656	-1.8	493	26.3	24.7	1.6	0.6	-24.1	24.7	
0.73047	-1.8	493	26.4	24.8	1.6	0.6	-24.2	24.8	
0.73438	-1.7	492	26.5	24.9	1.6	0.6	-24.3	24.9	
0.73828	-1.8	492	26.7	25.0	1.7	0.6	-24.4	25.0	
0.74219	-1.8	492	26.8	25.1	1.7	0.6	-24.5	25.1	
0.74609	-1.9	492	26.9	25.2	1.7	0.6	-24.6	25.2	
0.75000	-1.9	492	27.0	25.3	1.7	0.6	-24.7	25.3	
0.75391	-2.0	492	27.1	25.4	1.7	0.6	-24.8	25.4	
0.75781	-2.0	492	27.3	25.5	1.8	0.6	-24.9	25.5	
0.76172	-2.1	492	27.4	25.6	1.8	0.6	-25.0	25.6	
0.76562	-2.0	491	27.5	25.7	1.8	0.6	-25.1	25.7	
0.76953	-2.0	491	27.6	25.8	1.8	0.6	-25.2	25.8	
0.77344	-1.9	491	27.7	25.9	1.8	0.6	-25.3	25.9	
0.77734	-1.8	491	27.8	25.9	1.9	0.6	-25.3	25.9	
0.78125	-1.7	491	27.9	26.0	1.9	0.6	-25.4	26.0	
0.78516	-1.6	491	28.0	26.1	1.9	0.6	-25.5	26.1	
0.78906	-1.5	491	28.1	26.1	2.0	0.6	-25.5	26.1	
0.79297	-1.4	491	28.2	26.2	2.0	0.6	-25.6	26.2	
0.79688	-1.3	491	28.3	26.3	2.0	0.6	-25.7	26.3	
0.80078	-1.3	490	28.4	26.3	2.1	0.6	-25.7	26.3	
0.80469	-1.3	490	28.5	26.4	2.1	0.6	-25.8	26.4	
0.80859	-1.3	490	28.6	26.5	2.1	0.6	-25.9	26.5	
0.81250	-1.3	490	28.7	26.6	2.1	0.6	-26.0	26.6	
0.81641	-1.3	490	28.8	26.6	2.2	0.6	-26.0	26.6	
0.82031	-1.3	490	28.9	26.7	2.2	0.6	-26.1	26.7	
0.82422	-1.4	490	29.0	26.8	2.2	0.6	-26.2	26.8	
0.82812	-1.4	490	29.1	26.8	2.3	0.6	-26.2	26.8	
0.83203	-1.4	490	29.1	26.9	2.2	0.6	-26.3	26.9	
0.83594	-1.4	490	29.2	27.0	2.2	0.7	-26.3	27.0	
0.83984	-1.3	490	29.3	27.1	2.2	0.7	-26.4	27.1	
0.84375	-1.2	489	29.4	27.2	2.2	0.7	-26.5	27.2	
0.84766	-1.1	489	29.4	27.3	2.1	0.7	-26.6	27.3	
0.85156	-0.9	489	29.5	27.4	2.1	0.7	-26.7	27.4	
0.85547	-0.7	489	29.5	27.5	2.0	0.7	-26.8	27.5	
0.85938	-0.5	489	29.5	27.6	1.9	0.7	-26.9	27.6	
0.86328	-0.3	489	29.5	27.6	1.9	0.7	-26.9	27.6	
0.86719	-0.1	489	29.5	27.7	1.8	0.7	-27.0	27.7	
0.87109	0.1	489	29.5	27.8	1.7	0.7	-27.1	27.8	
0.87500	0.3	489	29.4	27.9	1.5	0.7	-27.2	27.9	
0.87891	0.5	489	29.4	28.0	1.4	0.7	-27.3	28.0	
0.88281	0.7	489	29.3	28.0	1.3	0.7	-27.3	28.0	
0.88672	0.8	489	29.3	28.1	1.2	0.7	-27.4	28.1	
0.89062	1.0	489	29.2	28.2	1.0	0.7	-27.5	28.2	
0.89453	1.1	490	29.1	28.2	0.9	0.7	-27.5	28.2	
0.89844	1.3	490	29.0	28.3	0.7	0.7	-27.6	28.3	
0.90234	1.4	490	28.8	28.3	0.5	0.7	-27.6	28.3	
0.90625	1.4	490	28.7	28.4	0.3	0.7	-27.7	28.4	
0.91016	1.5	490	28.6	28.4	0.2	0.7	-27.7	28.4	
0.91406	1.6	490	28.5	28.5	0.0	0.7	-27.8	28.5	
0.91797	1.7	490	28.3	28.5	-0.2	0.7	-27.8	28.5	
0.92188	1.8	490	28.2	28.5	-0.3	0.7	-27.8	28.5	
0.92578	1.9	490	28.1	28.6	-0.5	0.7	-27.9	28.6	
0.92969	2.0	491	27.9	28.6	-0.7	0.7	-27.9	28.6	
0.93359	2.1	491	27.8	28.6	-0.8	0.7	-27.9	28.6	
0.93750	2.1	491	27.7	28.6	-0.9	0.7	-27.9	28.6	
0.94141	2.0	491	27.5	28.6	-1.1	0.7	-27.9	28.6	
0.94531	2.1	491	27.4	28.6	-1.2	0.7	-27.9	28.6	
0.94922	2.1	491	27.3	28.6	-1.3	0.7	-27.9	28.6	
0.95312	2.1	491	27.1	28.6	-1.5	0.7	-27.9	28.6	
0.95703	2.0	491	27.0	28.6	-1.6	0.7	-27.9	28.6	
0.96094	2.0	492	26.9	28.6	-1.7	0.7	-27.9	28.6	
0.96484	2.0	492	26.8	28.6	-1.8	0.7	-27.9	28.6	
0.96875	2.0	492	26.6	28.6	-2.0	0.7	-27.9	28.6	
0.97266	2.0	492	26.5	28.6	-2.1	0.7	-27.9	28.6	
0.97656	2.0	492	26.4	28.6	-2.2	0.7	-27.9	28.6	
0.98047	2.1	492	26.3	28.6	-2.3	0.7	-27.9	28.6	
0.98438	2.1	492	26.1	28.5	-2.4	0.7	-27.8	28.5	
0.98828	2.1	493	26.0	28.5	-2.5	0.7	-27.8	28.5	
0.99219	2.2	493	25.8	28.5	-2.7	0.7	-27.8	28.5	
0.99609	2.3	493	25.7	28.5	-2.8	0.7	-27.8	28.5	
1.00000	2.3	493	25.6	28.4	-2.8	0.7	-27.7	28.4	
1.00391	2.4	493	25.4	28.4	-3.0	0.7	-27.7	28.4	
1.00781	2.5	493	25.3	28.4	-3.1	0.7	-27.7	28.4	
1.01172	2.5	493	25.1	28.3	-3.2	0.7	-27.6	28.3	
1.01562	2.6	494	25.0	28.3	-3.3	0.7	-27.6	28.3	
1.01953	2.6	494	24.8	28.2	-3.4	0.7	-27.5	28.2	
1.02344	2.7	494	24.6	28.2	-3.6	0.7	-27.5	28.2	
1.02734	2.7	494	24.5	28.2	-3.7	0.7	-27.5	28.2	
1.03125	2.7	494	24.3	28.1	-3.8	0.7	-27.4	28.1	
1.03516	2.7	494	24.1	28.0	-3.9	0.7	-27.3	28.0	
1.03906	2.6	495	24.0	28.0	-4.0	0.7	-27.3	28.0	
1.04297	2.6	495	23.8	28.0	-4.2	0.7	-27.3	28.0	
1.04688	2.5	495	23.7	27.9	-4.2	0.7	-27.2	27.9	
1.05078	2.4	495	23.5	27.9	-4.4	0.7	-27.2	27.9	
1.05469	2.3	495	23.4	27.9	-4.5	0.7	-27.2	27.9	
1.05859	2.2	495	23.2	27.8	-4.6	0.7	-27.1	27.8	
1.06250	2.1	496	23.1	27.8	-4.7	0.7	-27.1	27.8	
1.06641	2.0	496	22.9	27.7	-4.8	0.7	-27.0	27.7	
1.07031	2.0	496	22.8	27.7	-4.9	0.7	-27.0	27.7	
1.07422	1.9	496	22.7	27.6	-4.9	0.7	-26.9	27.6	
1.07812	1.9	496	22.6	27.6	-5.0	0.7	-26.9	27.6	
1.08203	1.9	496	22.4	27.5	-5.1	0.7	-26.8	27.5	
1.08594	1.9	496	22.3	27.5	-5.2	0.7	-26.8	27.5	
1.08984	1.9	496	22.2	27.5	-5.3	0.7	-26.8	27.5	
1.09375	1.9	497	22.1	27.4	-5.3	0.7	-26.7	27.4	
1.09766	1.9	497	21.9	27.3	-5.4	0.7	-26.6	27.3	
1.10156	2.0	497	21.8	27.3	-5.5	0.7	-26.6	27.3	
1.10547	2.0	497	21.7	27.3	-5.6	0.7	-26.6	27.3	
1.10938	2.0	497	21.5	27.2	-5.7	0.7	-26.5	27.2	
1.11328	2.1	497	21.4	27.2	-5.8	0.7	-26.5	27.2	
1.11719	2.1	497	21.3	27.1	-5.8	0.7	-26.4	27.1	
1.12109	2.1	497	21.2	27.1	-5.9	0.7	-26.4	27.1	
1.12500	2.1	498	21.0	27.0	-6.0	0.7	-26.3	27.0	
1.12891	2.1	498	20.9	27.0	-6.1	0.7	-26.3	27.0	
1.13281	2.1	498	20.8	26.9	-6.1	0.7	-26.2	26.9	
1.13672	2.0	498	20.7	26.9	-6.2	0.7	-26.2	26.9	
1.14062	2.0	498	20.5	26.8	-6.3	0.7	-26.1	26.8	
1.14453	1.9	498	20.4	26.8	-6.4	0.7	-26.1	26.8	
1.14844	1.8	498	20.3	26.7	-6.4	0.7	-26.0	26.7	
1.15234	1.7	499	20.2	26.7	-6.5	0.7	-26.0	26.7	
1.15625	1.6	499	20.1	26.6	-6.5	0.7	-25.9	26.6	
1.16016	1.5	499	20.0	26.6	-6.6	0.7	-25.9	26.6	
1.16406	1.4	499	20.0	26.5	-6.5	0.7	-25.8	26.5	
1.16797	1.3	499	19.9	26.5	-6.6	0.7	-25.8	26.5	
1.17188	1.2	499	19.8	26.4	-6.6	0.7	-25.7	26.4	
1.17578	1.1	499	19.7	26.4	-6.7	0.7	-25.7	26.4	
1.17969	1.0	499	19.7	26.3	-6.6	0.7	-25.6	26.3	
1.18359	0.9	499	19.6	26.3	-6.7	0.7	-25.6	26.3	
1.18750	0.8	499	19.6	26.2	-6.6	0.7	-25.5	26.2	
1.19141	0.7	499	19.5	26.2	-6.7	0.7	-25.5	26.2	
1.19531	0.6	499	19.5	26.1	-6.6	0.7	-25.4	26.1	
1.19922	0.5	499	19.4	26.1	-6.7	0.7	-25.4	26.1	
1.20312	0.4	499	19.4	26.0	-6.6	0.7	-25.3	26.0	
1.20703	0.3	499	19.4	25.9	-6.5	0.7	-25.2	25.9	
1.21094	0.2	499	19.3	25.9	-6.6	0.7	-25.2	25.9	
1.21484	0.2	499	19.3	25.8	-6.5	0.7	-25.1	25.8	
1.21875	0.1	499	19.3	25.8	-6.5	0.7	-25.1	25.8	
1.22266	0.1	499	19.3	25.7	-6.4	0.7	-25.0	25.7	
1.22656	0.0	499	19.3	25.6	-6.3	0.7	-24.9	25.6	
1.23047	0.0	499	19.3	25.6	-6.3	0.7	-24.9	25.6	
1.23438	-0.0	499	19.3	25.5	-6.2	0.7	-24.8	25.5	
1.23828	-0.0	499	19.3	25.5	-6.2	0.7	-24.8	25.5	
1.24219	-0.0	499	19.3	25.4	-6.1	0.7	-24.7	25.4	
1.24609	-0.1	499	19.3	25.4	-6.1	0.7	-24.7	25.4	
1.25000	-0.1	499	19.3	25.3	-6.0	0.7	-24.6	25.3	
1.25391	-0.1	499	19.3	25.2	-5.9	0.7	-24.5	25.2	
1.25781	-0.1	499	19.3	25.2	-5.9	0.7	-24.5	25.2	
1.26172	-0.1	499	19.3	25.1	-5.8	0.7	-24.4	25.1	
1.26562	-0.1	499	19.3	25.1	-5.8	0.7	-24.4	25.1	
1.26953	-0.1	499	19.3	25.0	-5.7	0.7	-24.3	25.0	
1.27344	-0.1	499	19.4	25.0	-5.6	0.7	-24.3	25.0	
1.27734	-0.1	499	19.4	24.9	-5.5	0.7	-24.2	24.9	
1.28125	-0.1	499	19.4	24.9	-5.5	0.7	-24.2	24.9	
1.28516	-0.1	499	19.4	24.8	-5.4	0.7	-24.1	24.8	
1.28906	-0.1	499	19.5	24.8	-5.3	0.7	-24.1	24.8	
1.29297	-0.1	499	19.5	24.7	-5.2	0.7	-24.0	24.7	
1.29688	-0.0	499	19.5	24.7	-5.2	0.7	-24.0	24.7	
1.30078	-0.1	499	19.6	24.6	-5.0	0.7	-23.9	24.6	
1.30469	-0.1	499	19.6	24.6	-5.0	0.7	-23.9	24.6	
1.30859	-0.0	499	19.6	24.5	-4.9	0.7	-23.8	24.5	
1.31250	-0.0	499	19.6	24.5	-4.9	0.7	-23.8	24.5	
1.31641	-0.0	499	19.6	24.4	-4.8	0.7	-23.7	24.4	
1.32031	-0.0	499	19.6	24.4	-4.8	0.7	-23.7	24.4	
1.32422	0.0	499	19.7	24.4	-4.7	0.7	-23.7	24.4	
1.32812	0.0	499	19.7	24.3	-4.6	0.7	-23.6	24.3	
1.33203	0.0	499	19.7	24.3	-4.6	0.7	-23.6	24.3	
1.33594	0.0	499	19.7	24.3	-4.6	0.7	-23.6	24.3	
1.33984	0.0	499	19.7	24.2	-4.5	0.7	-23.5	24.2	
1.34375	0.0	499	19.7	24.2	-4.5	0.7	-23.5	24.2	
1.34766	0.1	499	19.7	24.1	-4.4	0.7	-23.4	24.1	
1.35156	0.1	499	19.7	24.1	-4.4	0.7	-23.4	24.1	
1.35547	0.1	499	19.7	24.1	-4.4	0.7	-23.4	24.1	
1.35938	0.1	499	19.7	24.1	-4.4	0.7	-23.4	24.1	
1.36328	0.1	499	19.7	24.0	-4.3	0.7	-23.3	24.0	
1.36719	0.0	499	19.6	24.0	-4.4	0.7	-23.3	24.0	
1.37109	0.0	499	19.6	23.9	-4.3	0.7	-23.2	23.9	
1.37500	0.0	499	19.6	23.9	-4.3	0.7	-23.2	23.9	
1.37891	-0.0	499	19.6	23.9	-4.3	0.7	-23.2	23.9	
1.38281	-0.0	499	19.6	23.9	-4.3	0.7	-23.2	23.9	
1.38672	0.0	499	19.6	23.8	-4.2	0.7	-23.1	23.8	
1.39062	-0.0	499	19.7	23.8	-4.1	0.7	-23.1	23.8	
1.39453	-0.0	499	19.7	23.8	-4.1	0.7	-23.1	23.8	
1.39844	-0.1	499	19.7	23.8	-4.1	0.7	-23.1	23.8	
1.40234	-0.1	499	19.7	23.7	-4.0	0.7	-23.0	23.7	
1.40625	-0.0	499	19.7	23.7	-4.0	0.7	-23.0	23.7	
1.41016	-0.0	499	19.7	23.7	-4.0	0.7	-23.0	23.7	
1.41406	-0.1	499	19.7	23.7	-4.0	0.7	-23.0	23.7	
1.41797	-0.1	499	19.8	23.6	-3.8	0.7	-22.9	23.6	
1.42188	-0.1	499	19.8	23.6	-3.8	0.7	-22.9	23.6	
1.42578	-0.1	499	19.8	23.6	-3.8	0.7	-22.9	23.6	
1.42969	0.0	499	19.8	23.6	-3.8	0.7	-22.9	23.6	
1.43359	-0.0	499	19.8	23.6	-3.8	0.7	-22.9	23.6	
1.43750	-0.1	499	19.8	23.5	-3.7	0.7	-22.8	23.5	
1.44141	-0.0	499	19.9	23.5	-3.6	0.7	-22.8	23.5	
1.44531	-0.0	499	19.9	23.5	-3.6	0.7	-22.8	23.5	
1.44922	-0.0	499	19.9	23.5	-3.6	0.7	-22.8	23.5	
1.45312	-0.0	499	19.9	23.5	-3.6	0.7	-22.8	23.5	
1.45703	-0.0	499	19.9	23.5	-3.6	0.7	-22.8	23.5	
1.46094	-0.0	499	19.9	23.5	-3.6	0.7	-22.8	23.5	
1.46484	0.0	499	19.9	23.5	-3.6	0.7	-22.8	23.5	
1.46875	0.0	499	19.9	23.5	-3.6	0.7	-22.8	23.5	
1.47266	0.0	499	19.9	23.5	-3.6	0.7	-22.8	23.5	
1.47656	0.0	499	19.9	23.5	-3.6	0.7	-22.8	23.5	
1.48047	-0.0	499	19.9	23.5	-3.6	0.7	-22.8	23.5	
1.48438	-0.0	499	19.9	23.5	-3.6	0.7	-22.8	23.5	
1.48828	-0.0	499	19.9	23.5	-3.6	0.7	-22.8	23.5	
1.49219	-0.0	499	19.9	23.5	-3.6	0.7	-22.8	23.5	
1.49609	-0.0	499	19.9	23.5	-3.6	0.7	-22.8	23.5	
1.50000	-0.0	499	19.9	23.6	-3.7	0.7	-22.9	23.6	
1.50391	-0.0	499	19.9	23.6	-3.7	0.7	-22.9	23.6	
1.50781	-0.0	499	19.9	23.6	-3.7	0.7	-22.9	23.6	
1.51172	0.0	499	20.0	23.6	-3.6	0.7	-22.9	23.6	
1.51562	-0.0	499	20.0	23.5	-3.5	0.7	-22.8	23.5	
1.51953	-0.0	499	19.9	23.6	-3.7	0.7	-22.9	23.6	
1.52344	-0.0	499	19.9	23.5	-3.6	0.7	-22.8	23.5	
1.52734	-0.0	499	20.0	23.5	-3.5	0.7	-22.8	23.5	
1.53125	-0.0	499	20.0	23.5	-3.5	0.7	-22.8	23.5	
1.53516	-0.0	499	20.0	23.5	-3.5	0.7	-22.8	23.5	
1.53906	-0.1	499	20.0	23.5	-3.5	0.7	-22.8	23.5	
1.54297	-0.0	499	20.0	23.5	-3.5	0.7	-22.8	23.5	
1.54688	-0.0	499	20.0	23.4	-3.4	0.7	-22.7	23.4	
1.55078	-0.0	499	20.0	23.4	-3.4	0.7	-22.7	23.4	
1.55469	0.0	499	20.0	23.4	-3.4	0.7	-22.7	23.4	
1.55859	0.0	499	20.0	23.3	-3.3	0.7	-22.6	23.3	
1.56250	0.0	499	20.0	23.3	-3.3	0.7	-22.6	23.3	
1.56641	0.0	499	20.0	23.3	-3.3	0.7	-22.6	23.3	
1.57031	0.0	499	20.0	23.2	-3.2	0.7	-22.5	23.2	
1.57422	-0.0	499	20.0	23.2	-3.2	0.7	-22.5	23.2	
1.57812	-0.0	499	20.0	23.1	-3.1	0.7	-22.4	23.1	
1.58203	0.0	499	20.0	23.1	-3.1	0.7	-22.4	23.1	
1.58594	-0.0	499	20.0	23.1	-3.1	0.7	-22.4	23.1	
1.58984	-0.1	499	20.0	23.0	-3.0	0.7	-22.3	23.0	
1.59375	0.0	499	20.0	23.0	-3.0	0.7	-22.3	23.0	
1.59766	-0.0	499	20.0	22.9	-2.9	0.7	-22.2	22.9	
1.60156	-0.0	499	20.0	22.9	-2.9	0.7	-22.2	22.9	
1.60547	-0.0	499	20.0	22.9	-2.9	0.7	-22.2	22.9	
1.60938	-0.0	499	20.0	22.9	-2.9	0.7	-22.2	22.9	
1.61328	-0.0	499	20.0	22.8	-2.8	0.7	-22.1	22.8	
1.61719	-0.0	499	20.0	22.8	-2.8	0.7	-22.1	22.8	
1.62109	-0.0	499	20.0	22.8	-2.8	0.7	-22.1	22.8	
1.62500	-0.0	499	20.0	22.8	-2.8	0.7	-22.1	22.8	
1.62891	-0.0	499	20.0	22.8	-2.8	0.7	-22.1	22.8	
1.63281	-0.1	499	20.1	22.8	-2.7	0.7	-22.1	22.8	
1.63672	-0.0	499	20.1	22.8	-2.7	0.7	-22.1	22.8	
1.64062	-0.0	499	20.1	22.8	-2.7	0.7	-22.1	22.8	
1.64453	-0.0	499	20.1	22.8	-2.7	0.7	-22.1	22.8	
1.64844	-0.0	499	20.1	22.8	-2.7	0.7	-22.1	22.8	
1.65234	-0.1	499	20.1	22.8	-2.7	0.7	-22.1	22.8	
1.65625	-0.1	499	20.1	22.8	-2.7	0.7	-22.1	22.8	
1.66016	-0.1	499	20.1	22.8	-2.7	0.7	-22.1	22.8	
1.66406	-0.0	499	20.1	22.8	-2.7	0.7	-22.1	22.8	
1.66797	0.0	499	20.1	22.8	-2.7	0.7	-22.1	22.8	
1.67188	-0.0	499	20.1	22.7	-2.6	0.7	-22.0	22.7	
1.67578	-0.0	499	20.1	22.7	-2.6	0.7	-22.0	22.7	
1.67969	0.1	499	20.1	22.7	-2.6	0.7	-22.0	22.7	
1.68359	0.1	499	20.1	22.7	-2.6	0.7	-22.0	22.7	
1.68750	0.1	499	20.1	22.7	-2.6	0.7	-22.0	22.7	
1.69141	0.1	499	20.0	22.7	-2.7	0.7	-22.0	22.7	
1.69531	0.2	499	20.0	22.6	-2.6	0.7	-21.9	22.6	
1.69922	0.3	499	20.0	22.6	-2.6	0.7	-21.9	22.6	
1.70312	0.3	499	20.0	22.6	-2.6	0.7	-21.9	22.6	
1.70703	0.3	499	19.9	22.6	-2.7	0.7	-21.9	22.6	
1.71094	0.3	499	19.9	22.5	-2.6	0.7	-21.8	22.5	
1.71484	0.3	499	19.9	22.5	-2.6	0.7	-21.8	22.5	
1.71875	0.3	499	19.8	22.5	-2.7	0.7	-21.8	22.5	
1.72266	0.3	499	19.8	22.5	-2.7	0.7	-21.8	22.5	
1.72656	0.2	499	19.8	22.4	-2.6	0.7	-21.7	22.4	
1.73047	0.2	499	19.8	22.4	-2.6	0.7	-21.7	22.4	
1.73438	0.1	499	19.8	22.4	-2.6	0.7	-21.7	22.4	
1.73828	-0.1	499	19.8	22.4	-2.6	0.7	-21.7	22.4	
1.74219	-0.1	499	19.8	22.4	-2.6	0.7	-21.7	22.4	
1.74609	-0.3	499	19.8	22.3	-2.5	0.7	-21.6	22.3	
1.75000	-0.3	499	19.8	22.3	-2.5	0.7	-21.6	22.3	
1.75391	-0.4	499	19.9	22.3	-2.4	0.7	-21.6	22.3	
1.75781	-0.6	499	19.9	22.2	-2.3	0.7	-21.5	22.2	
1.76172	-0.6	499	20.0	22.2	-2.2	0.7	-21.5	22.2	
1.76562	-0.6	499	20.1	22.2	-2.1	0.7	-21.5	22.2	
1.76953	-0.7	499	20.1	22.2	-2.1	0.7	-21.5	22.2	
1.77344	-0.6	499	20.2	22.2	-2.0	0.7	-21.5	22.2	
1.77734	-0.6	499	20.3	22.2	-1.9	0.7	-21.5	22.2	
1.78125	-0.6	499	20.3	22.1	-1.8	0.7	-21.4	22.1	
1.78516	-0.5	499	20.4	22.1	-1.7	0.7	-21.4	22.1	
1.78906	-0.4	499	20.4	22.1	-1.7	0.7	-21.4	22.1	
1.79297	-0.3	499	20.5	22.1	-1.6	0.7	-21.4	22.1	
1.79688	-0.2	499	20.5	22.1	-1.6	0.7	-21.4	22.1	
1.80078	-0.1	499	20.5	22.0	-1.5	0.7	-21.3	22.0	
1.80469	-0.0	499	20.5	22.0	-1.5	0.7	-21.3	22.0	
1.80859	0.1	499	20.5	22.0	-1.5	0.7	-21.3	22.0	
1.81250	0.2	499	20.5	22.0	-1.5	0.7	-21.3	22.0	
1.81641	0.2	499	20.5	22.0	-1.5	0.7	-21.3	22.0	
1.82031	0.2	499	20.5	22.0	-1.5	0.7	-21.3	22.0	
1.82422	0.3	499	20.5	22.0	-1.5	0.7	-21.3	22.0	
1.82812	0.2	499	20.4	22.0	-1.6	0.7	-21.3	22.0	
1.83203	0.3	499	20.4	22.0	-1.6	0.7	-21.3	22.0	
1.83594	0.3	499	20.4	22.0	-1.6	0.7	-21.3	22.0	
1.83984	0.2	499	20.3	21.9	-1.6	0.7	-21.2	21.9	
1.84375	0.2	499	20.3	21.9	-1.6	0.7	-21.2	21.9	
1.84766	0.2	499	20.3	21.9	-1.6	0.7	-21.2	21.9	
1.85156	0.2	499	20.2	21.9	-1.7	0.7	-21.2	21.9	
1.85547	0.1	499	20.2	21.9	-1.7	0.7	-21.2	21.9	
1.85938	0.1	499	20.2	21.9	-1.7	0.7	-21.2	21.9	
1.86328	0.1	499	20.2	21.9	-1.7	0.7	-21.2	21.9	
1.86719	0.0	499	20.2	21.9	-1.7	0.7	-21.2	21.9	
1.87109	-0.0	499	20.1	21.9	-1.8	0.7	-21.2	21.9	
1.87500	-0.0	499	20.1	21.9	-1.8	0.7	-21.2	21.9	
1.87891	-0.1	499	20.2	21.9	-1.7	0.7	-21.2	21.9	
1.88281	-0.0	499	20.1	21.9	-1.8	0.7	-21.2	21.9	
1.88672	-0.0	499	20.2	21.9	-1.7	0.7	-21.2	21.9	
1.89062	-0.1	499	20.2	21.9	-1.7	0.7	-21.2	21.9	
1.89453	-0.1	499	20.2	21.9	-1.7	0.7	-21.2	21.9	
1.89844	-0.0	499	20.2	21.9	-1.7	0.7	-21.2	21.9	
1.90234	-0.0	499	20.2	21.9	-1.7	0.7	-21.2	21.9	
1.90625	-0.0	499	20.2	21.9	-1.7	0.7	-21.2	21.9	
1.91016	-0.0	499	20.2	21.9	-1.7	0.7	-21.2	21.9	
1.91406	-0.1	499	20.2	21.9	-1.7	0.7	-21.2	21.9	
1.91797	-0.0	499	20.2	22.0	-1.8	0.7	-21.3	22.0	
1.92188	0.0	499	20.2	22.0	-1.8	0.7	-21.3	22.0	
1.92578	-0.0	499	20.2	22.0	-1.8	0.7	-21.3	22.0	
1.92969	0.0	499	20.2	22.0	-1.8	0.7	-21.3	22.0	
1.93359	0.1	499	20.2	22.0	-1.8	0.7	-21.3	22.0	
1.93750	0.0	499	20.2	22.0	-1.8	0.7	-21.3	22.0	
1.94141	0.1	499	20.2	22.0	-1.8	0.7	-21.3	22.0	
1.94531	0.1	499	20.2	22.0	-1.8	0.7	-21.3	22.0	
1.94922	0.1	499	20.2	22.0	-1.8	0.7	-21.3	22.0	
1.95312	0.1	499	20.1	22.1	-2.0	0.7	-21.4	22.1	
1.95703	0.1	499	20.2	22.1	-1.9	0.7	-21.4	22.1	
1.96094	0.1	499	20.1	22.1	-2.0	0.7	-21.4	22.1	
1.96484	0.1	499	20.1	22.1	-2.0	0.7	-21.4	22.1	
1.96875	0.1	499	20.1	22.1	-2.0	0.7	-21.4	22.1	
1.97266	0.0	499	20.1	22.1	-2.0	0.7	-21.4	22.1	
1.97656	-0.0	499	20.1	22.1	-2.0	0.7	-21.4	22.1	
1.98047	-0.0	499	20.1	22.1	-2.0	0.7	-21.4	22.1	
1.98438	-0.0	499	20.1	22.1	-2.0	0.7	-21.4	22.1	
1.98828	-0.0	499	20.1	22.1	-2.0	0.7	-21.4	22.1	
1.99219	-0.0	499	20.1	22.1	-2.0	0.7	-21.4	22.1	
1.99609	-0.0	499	20.1	22.1	-2.0	0.7	-21.4	22.1	
2.00000	-0.0	499	20.1	22.2	-2.1	0.7	-21.5	22.2	
2.00391	-0.0	499	20.1	22.2	-2.1	0.7	-21.5	22.2	
2.00781	-0.0	499	20.2	22.2	-2.0	0.7	-21.5	22.2	
2.01172	-0.0	499	20.2	22.2	-2.0	0.7	-21.5	22.2	
2.01562	-0.0	499	20.2	22.2	-2.0	0.7	-21.5	22.2	
2.01953	-0.1	499	20.2	22.2	-2.0	0.7	-21.5	22.2	
2.02344	-0.0	499	20.2	22.2	-2.0	0.7	-21.5	22.2	
2.02734	-0.0	499	20.2	22.2	-2.0	0.7	-21.5	22.2	
2.03125	-0.0	499	20.2	22.1	-1.9	0.7	-21.4	22.1	
2.03516	0.0	499	20.2	22.1	-1.9	0.7	-21.4	22.1	
2.03906	0.0	499	20.2	22.2	-2.0	0.7	-21.5	22.2	
2.04297	0.0	499	20.2	22.1	-1.9	0.7	-21.4	22.1	
2.04688	0.1	499	20.2	22.1	-1.9	0.7	-21.4	22.1	
2.05078	0.1	499	20.2	22.1	-1.9	0.7	-21.4	22.1	
2.05469	0.0	499	20.2	22.1	-1.9	0.7	-21.4	22.1	
2.05859	0.0	499	20.2	22.1	-1.9	0.7	-21.4	22.1	
2.06250	0.0	499	20.1	22.1	-2.0	0.7	-21.4	22.1	
2.06641	0.1	499	20.1	22.1	-2.0	0.7	-21.4	22.1	
2.07031	0.1	499	20.1	22.1	-2.0	0.7	-21.4	22.1	
2.07422	0.0	499	20.1	22.1	-2.0	0.7	-21.4	22.1	
2.07812	0.0	499	20.1	22.1	-2.0	0.7	-21.4	22.1	
2.08203	0.1	499	20.1	22.1	-2.0	0.7	-21.4	22.1	
2.08594	0.0	499	20.1	22.1	-2.0	0.7	-21.4	22.1	
2.08984	0.0	499	20.1	22.1	-2.0	0.7	-21.4	22.1	
2.09375	0.0	499	20.1	22.1	-2.0	0.7	-21.4	22.1	
2.09766	-0.0	499	20.1	22.1	-2.0	0.7	-21.4	22.1	
2.10156	-0.0	499	20.1	22.1	-2.0	0.7	-21.4	22.1	
2.10547	-0.1	499	20.1	22.1	-2.0	0.7	-21.4	22.1	
2.10938	-0.1	499	20.1	22.1	-2.0	0.7	-21.4	22.1	
2.11328	-0.0	499	20.1	22.1	-2.0	0.7	-21.4	22.1	
2.11719	-0.1	499	20.1	22.1	-2.0	0.7	-21.4	22.1	
2.12109	-0.1	499	20.1	22.1	-2.0	0.7	-21.4	22.1	
2.12500	-0.1	499	20.1	22.1	-2.0	0.7	-21.4	22.1	
2.12891	-0.1	499	20.2	22.1	-1.9	0.7	-21.4	22.1	
2.13281	-0.0	499	20.2	22.1	-1.9	0.7	-21.4	22.1	
2.13672	-0.1	499	20.2	22.1	-1.9	0.7	-21.4	22.1	
2.14062	-0.1	499	20.2	22.1	-1.9	0.7	-21.4	22.1	
2.14453	-0.1	499	20.2	22.1	-1.9	0.7	-21.4	22.1	
2.14844	-0.1	499	20.2	22.1	-1.9	0.7	-21.4	22.1	
2.15234	-0.0	499	20.2	22.1	-1.9	0.7	-21.4	22.1	
2.15625	-0.0	499	20.2	22.1	-1.9	0.7	-21.4	22.1	
2.16016	-0.1	499	20.3	22.1	-1.8	0.7	-21.4	22.1	
2.16406	-0.1	499	20.3	22.1	-1.8	0.7	-21.4	22.1	
2.16797	-0.0	499	20.3	22.1	-1.8	0.7	-21.4	22.1	
2.17188	-0.1	499	20.3	22.1	-1.8	0.7	-21.4	22.1	
2.17578	-0.0	499	20.3	22.1	-1.8	0.7	-21.4	22.1	
2.17969	0.0	499	20.3	22.1	-1.8	0.7	-21.4	22.1	
2.18359	-0.0	499	20.3	22.1	-1.8	0.7	-21.4	22.1	
2.18750	-0.1	499	20.3	22.1	-1.8	0.7	-21.4	22.1	
2.19141	-0.0	499	20.3	22.1	-1.8	0.7	-21.4	22.1	
2.19531	-0.0	499	20.3	22.1	-1.8	0.7	-21.4	22.1	
2.19922	-0.0	499	20.3	22.1	-1.8	0.7	-21.4	22.1	
2.20312	-0.0	499	20.3	22.1	-1.8	0.7	-21.4	22.1	
2.20703	-0.0	499	20.3	22.2	-1.9	0.7	-21.5	22.2	
2.21094	-0.0	499	20.3	22.2	-1.9	0.7	-21.5	22.2	
2.21484	0.0	499	20.3	22.2	-1.9	0.7	-21.5	22.2	
2.21875	-0.0	499	20.3	22.2	-1.9	0.7	-21.5	22.2	
2.22266	-0.1	499	20.3	22.2	-1.9	0.7	-21.5	22.2	
2.22656	-0.0	499	20.3	22.2	-1.9	0.7	-21.5	22.2	
2.23047	0.0	499	20.3	22.2	-1.9	0.7	-21.5	22.2	
2.23438	0.0	499	20.3	22.3	-2.0	0.7	-21.6	22.3	
2.23828	0.0	499	20.3	22.3	-2.0	0.7	-21.6	22.3	
2.24219	-0.0	499	20.3	22.3	-2.0	0.7	-21.6	22.3	
2.24609	0.0	499	20.3	22.3	-2.0	0.7	-21.6	22.3	
2.25000	-0.0	499	20.4	22.4	-2.0	0.7	-21.7	22.4	
2.25391	-0.0	499	20.4	22.4	-2.0	0.7	-21.7	22.4	
2.25781	-0.0	499	20.4	22.4	-2.0	0.7	-21.7	22.4	
2.26172	0.0	499	20.4	22.4	-2.0	0.7	-21.7	22.4	
2.26562	-0.0	499	20.4	22.5	-2.1	0.7	-21.8	22.5	
2.26953	-0.0	499	20.4	22.5	-2.1	0.7	-21.8	22.5	
2.27344	0.0	499	20.4	22.5	-2.1	0.7	-21.8	22.5	
2.27734	-0.0	499	20.4	22.5	-2.1	0.7	-21.8	22.5	
2.28125	-0.0	499	20.4	22.6	-2.2	0.7	-21.9	22.6	
2.28516	0.0	499	20.4	22.6	-2.2	0.7	-21.9	22.6	
2.28906	-0.0	499	20.4	22.6	-2.2	0.7	-21.9	22.6	
2.29297	-0.0	499	20.4	22.6	-2.2	0.7	-21.9	22.6	
2.29688	-0.0	499	20.4	22.6	-2.2	0.7	-21.9	22.6	
2.30078	-0.0	499	20.4	22.7	-2.3	0.7	-22.0	22.7	
2.30469	-0.1	499	20.4	22.7	-2.3	0.7	-22.0	22.7	
2.30859	-0.0	499	20.4	22.7	-2.3	0.7	-22.0	22.7	
2.31250	-0.0	499	20.5	22.7	-2.2	0.7	-22.0	22.7	
2.31641	-0.1	499	20.5	22.7	-2.2	0.7	-22.0	22.7	
2.32031	-0.1	499	20.5	22.7	-2.2	0.7	-22.0	22.7	
2.32422	-0.1	499	20.5	22.7	-2.2	0.7	-22.0	22.7	
2.32812	-0.1	499	20.5	22.7	-2.2	0.7	-22.0	22.7	
2.33203	-0.1	499	20.5	22.6	-2.1	0.7	-21.9	22.6	
2.33594	-0.1	499	20.6	22.6	-2.0	0.7	-21.9	22.6	
2.33984	-0.1	499	20.6	22.6	-2.0	0.7	-21.9	22.6	
2.34375	-0.1	499	20.6	22.6	-2.0	0.7	-21.9	22.6	
2.34766	-0.1	499	20.6	22.6	-2.0	0.7	-21.9	22.6	
2.35156	-0.1	499	20.6	22.5	-1.9	0.7	-21.8	22.5	
2.35547	-0.1	499	20.6	22.5	-1.9	0.7	-21.8	22.5	
2.35938	-0.1	499	20.7	22.5	-1.8	0.7	-21.8	22.5	
2.36328	-0.1	499	20.7	22.5	-1.8	0.7	-21.8	22.5	
2.36719	-0.0	499	20.7	22.5	-1.8	0.7	-21.8	22.5	
2.37109	-0.0	499	20.7	22.4	-1.7	0.7	-21.7	22.4	
2.37500	-0.0	499	20.7	22.4	-1.7	0.7	-21.7	22.4	
2.37891	-0.0	499	20.7	22.4	-1.7	0.7	-21.7	22.4	
2.38281	-0.0	499	20.7	22.4	-1.7	0.7	-21.7	22.4	
2.38672	-0.0	499	20.7	22.4	-1.7	0.7	-21.7	22.4	
2.39062	0.0	499	20.7	22.4	-1.7	0.7	-21.7	22.4	
2.39453	0.0	499	20.7	22.4	-1.7	0.7	-21.7	22.4	
2.39844	0.0	499	20.7	22.4	-1.7	0.7	-21.7	22.4	
2.40234	0.0	499	20.7	22.4	-1.7	0.7	-21.7	22.4	
2.40625	0.0	499	20.7	22.4	-1.7	0.7	-21.7	22.4	
2.41016	0.0	499	20.7	22.4	-1.7	0.7	-21.7	22.4	
2.41406	0.0	499	20.7	22.4	-1.7	0.7	-21.7	22.4	
2.41797	0.0	499	20.7	22.4	-1.7	0.7	-21.7	22.4	
2.42188	0.0	499	20.7	22.4	-1.7	0.7	-21.7	22.4	
2.42578	-0.0	499	20.7	22.4	-1.7	0.7	-21.7	22.4	
2.42969	-0.0	499	20.7	22.4	-1.7	0.7	-21.7	22.4	
2.43359	0.1	499	20.7	22.5	-1.8	0.7	-21.8	22.5	
2.43750	0.0	499	20.7	22.5	-1.8	0.7	-21.8	22.5	
2.44141	-0.0	499	20.7	22.5	-1.8	0.7	-21.8	22.5	
2.44531	0.0	499	20.7	22.5	-1.8	0.7	-21.8	22.5	
2.44922	0.0	499	20.7	22.5	-1.8	0.7	-21.8	22.5	
2.45312	0.0	499	20.7	22.5	-1.8	0.7	-21.8	22.5	
2.45703	0.1	499	20.7	22.5	-1.8	0.7	-21.8	22.5	
2.46094	0.1	499	20.7	22.5	-1.8	0.7	-21.8	22.5	
2.46484	0.2	499	20.7	22.5	-1.8	0.7	-21.8	22.5	
2.46875	0.3	499	20.7	22.4	-1.7	0.7	-21.7	22.4	
2.47266	0.5	499	20.7	22.4	-1.7	0.7	-21.7	22.4	
2.47656	0.7	499	20.8	22.4	-1.6	0.7	-21.7	22.4	
2.48047	1.1	499	20.9	22.4	-1.5	0.7	-21.7	22.4	
2.48438	1.7	499	21.0	22.4	-1.4	0.7	-21.7	22.4	
2.48828	2.4	500	21.2	22.4	-1.2	0.7	-21.7	22.4	
2.49219	3.4	500	21.4	22.3	-0.9	0.7	-21.6	22.3	
2.49609	4.8	500	21.7	22.3	-0.6	0.7	-21.6	22.3	
2.50000	6.3	500	22.0	22.3	-0.3	0.7	-21.6	22.3	
2.50391	8.0	501	22.3	22.3	0.0	0.7	-21.6	22.3	
