FluxView - FluxMed acquisition system
Signal file
Serial Number	:
W version:	1.20h-OX-CO2	File version:	1.13
Sampling rate:	256 Hz
Time	Flow	Volume	Paw	Pes	Ptpulm	Pga	Ptdiaf	CO2	
0.00391	0.3	3131	14.7	16.0	-1.3	16.0	0.0	16.0	
0.00781	0.3	3131	14.7	16.0	-1.3	16.0	0.0	16.0	
0.01172	0.2	3131	14.7	16.0	-1.3	16.0	0.0	16.0	
0.01562	0.2	3131	14.7	16.0	-1.3	16.0	0.0	16.0	
0.01953	0.2	3131	14.7	16.1	-1.4	16.1	0.0	16.1	
0.02344	0.1	3131	14.7	16.1	-1.4	16.1	0.0	16.1	
0.02734	0.0	3131	14.7	16.1	-1.4	16.1	0.0	16.1	
0.03125	0.0	3131	14.7	16.1	-1.4	16.1	0.0	16.1	
0.03516	0.0	3131	14.7	16.1	-1.4	16.1	0.0	16.1	
0.03906	-0.0	3131	14.7	16.1	-1.4	16.1	0.0	16.1	
0.04297	-0.0	3131	14.7	16.0	-1.3	16.0	0.0	16.0	
0.04688	-0.0	3131	14.7	16.0	-1.3	16.0	0.0	16.0	
0.05078	-0.1	3131	14.7	16.0	-1.3	16.0	0.0	16.0	
0.05469	-0.1	3131	14.7	16.0	-1.3	16.0	0.0	16.0	
0.05859	-0.0	3131	14.7	15.9	-1.2	15.9	0.0	15.9	
0.06250	-0.0	3131	14.7	15.9	-1.2	15.9	0.0	15.9	
0.06641	-0.1	3131	14.7	15.9	-1.2	15.9	0.0	15.9	
0.07031	-0.0	3131	14.7	15.9	-1.2	15.9	0.0	15.9	
0.07422	-0.0	3131	14.7	15.8	-1.1	15.8	0.0	15.8	
0.07812	-0.0	3131	14.7	15.8	-1.1	15.8	0.0	15.8	
0.08203	-0.1	3131	14.7	15.8	-1.1	15.8	0.0	15.8	
0.08594	-0.1	3131	14.7	15.7	-1.0	15.7	0.0	15.7	
0.08984	-0.1	3131	14.7	15.7	-1.0	15.7	0.0	15.7	
0.09375	-0.1	3131	14.7	15.7	-1.0	15.7	0.0	15.7	
0.09766	-0.1	3131	14.7	15.7	-1.0	15.7	0.0	15.7	
0.10156	-0.1	3131	14.7	15.7	-1.0	15.7	0.0	15.7	
0.10547	-0.1	3131	14.7	15.7	-1.0	15.7	0.0	15.7	
0.10938	-0.1	3131	14.7	15.6	-0.9	15.6	0.0	15.6	
0.11328	-0.1	3131	14.7	15.6	-0.9	15.6	0.0	15.6	
0.11719	-0.1	3131	14.7	15.6	-0.9	15.6	0.0	15.6	
0.12109	-0.1	3131	14.7	15.6	-0.9	15.6	0.0	15.6	
0.12500	-0.1	3131	14.7	15.6	-0.9	15.6	0.0	15.6	
0.12891	-0.1	3131	14.7	15.6	-0.9	15.6	0.0	15.6	
0.13281	-0.1	3131	14.7	15.6	-0.9	15.6	0.0	15.6	
0.13672	-0.1	3131	14.7	15.6	-0.9	15.6	0.0	15.6	
0.14062	-0.0	3131	14.7	15.6	-0.9	15.6	0.0	15.6	
0.14453	-0.0	3131	14.7	15.6	-0.9	15.6	0.0	15.6	
0.14844	-0.0	3131	14.7	15.6	-0.9	15.6	0.0	15.6	
0.15234	0.0	3131	14.7	15.6	-0.9	15.6	0.0	15.6	
0.15625	0.0	3131	14.7	15.6	-0.9	15.6	0.0	15.6	
0.16016	0.1	3131	14.7	15.6	-0.9	15.6	0.0	15.6	
0.16406	0.0	3131	14.7	15.7	-1.0	15.7	0.0	15.7	
0.16797	0.0	3131	14.7	15.7	-1.0	15.7	0.0	15.7	
0.17188	0.1	3131	14.7	15.7	-1.0	15.7	0.0	15.7	
0.17578	0.0	3131	14.7	15.7	-1.0	15.7	0.0	15.7	
0.17969	0.0	3131	14.7	15.7	-1.0	15.7	0.0	15.7	
0.18359	0.1	3131	14.7	15.7	-1.0	15.7	0.0	15.7	
0.18750	0.0	3131	14.7	15.7	-1.0	15.7	0.0	15.7	
0.19141	-0.0	3131	14.7	15.7	-1.0	15.7	0.0	15.7	
0.19531	-0.0	3131	14.7	15.7	-1.0	15.7	0.0	15.7	
0.19922	-0.0	3131	14.7	15.7	-1.0	15.7	0.0	15.7	
0.20312	-0.1	3131	14.7	15.7	-1.0	15.7	0.0	15.7	
0.20703	-0.1	3131	14.7	15.7	-1.0	15.7	0.0	15.7	
0.21094	-0.1	3131	14.7	15.8	-1.1	15.8	0.0	15.8	
0.21484	-0.2	3131	14.7	15.8	-1.1	15.8	0.0	15.8	
0.21875	-0.2	3131	14.7	15.8	-1.1	15.8	0.0	15.8	
0.22266	-0.2	3131	14.7	15.8	-1.1	15.8	0.0	15.8	
0.22656	-0.2	3131	14.8	15.8	-1.0	15.8	0.0	15.8	
0.23047	-0.2	3131	14.8	15.8	-1.0	15.8	0.0	15.8	
0.23438	-0.2	3131	14.8	15.8	-1.0	15.8	0.0	15.8	
0.23828	-0.3	3131	14.8	15.8	-1.0	15.8	0.0	15.8	
0.24219	-0.2	3131	14.8	15.8	-1.0	15.8	0.0	15.8	
0.24609	-0.2	3131	14.8	15.8	-1.0	15.8	0.0	15.8	
0.25000	-0.2	3131	14.8	15.9	-1.1	15.9	0.0	15.9	
0.25391	-0.1	3131	14.8	15.8	-1.0	15.8	0.0	15.8	
0.25781	-0.1	3131	14.8	15.8	-1.0	15.8	0.0	15.8	
0.26172	-0.1	3131	14.8	15.8	-1.0	15.8	0.0	15.8	
0.26562	-0.1	3131	14.8	15.8	-1.0	15.8	0.0	15.8	
0.26953	-0.1	3131	14.8	15.8	-1.0	15.8	0.0	15.8	
0.27344	0.0	3131	14.8	15.8	-1.0	15.8	0.0	15.8	
0.27734	0.1	3131	14.8	15.8	-1.0	15.8	0.0	15.8	
0.28125	0.0	3131	14.8	15.8	-1.0	15.8	0.0	15.8	
0.28516	0.1	3131	14.8	15.8	-1.0	15.8	0.0	15.8	
0.28906	0.1	3131	14.8	15.8	-1.0	15.8	0.0	15.8	
0.29297	0.1	3131	14.8	15.8	-1.0	15.8	0.0	15.8	
0.29688	0.1	3131	14.8	15.8	-1.0	15.8	0.0	15.8	
0.30078	0.1	3131	14.8	15.7	-0.9	15.7	0.0	15.7	
0.30469	0.1	3131	14.8	15.7	-0.9	15.7	0.0	15.7	
0.30859	0.1	3131	14.8	15.7	-0.9	15.7	0.0	15.7	
0.31250	0.1	3131	14.8	15.7	-0.9	15.7	0.0	15.7	
0.31641	0.1	3131	14.8	15.7	-0.9	15.7	0.0	15.7	
0.32031	0.1	3131	14.8	15.7	-0.9	15.7	0.0	15.7	
0.32422	0.0	3131	14.8	15.7	-0.9	15.7	0.0	15.7	
0.32812	0.0	3131	14.8	15.7	-0.9	15.7	0.0	15.7	
0.33203	-0.0	3131	14.8	15.7	-0.9	15.7	0.0	15.7	
0.33594	0.0	3131	14.8	15.7	-0.9	15.7	0.0	15.7	
0.33984	-0.0	3131	14.8	15.7	-0.9	15.7	0.0	15.7	
0.34375	-0.1	3131	14.8	15.7	-0.9	15.7	0.0	15.7	
0.34766	-0.1	3131	14.8	15.7	-0.9	15.7	0.0	15.7	
0.35156	-0.1	3131	14.8	15.7	-0.9	15.7	0.0	15.7	
0.35547	-0.1	3131	14.8	15.7	-0.9	15.7	0.0	15.7	
0.35938	-0.1	3131	14.8	15.7	-0.9	15.7	0.0	15.7	
0.36328	-0.1	3131	14.8	15.7	-0.9	15.7	0.0	15.7	
0.36719	-0.1	3131	14.8	15.7	-0.9	15.7	0.0	15.7	
0.37109	-0.1	3131	14.8	15.7	-0.9	15.7	0.0	15.7	
0.37500	-0.1	3131	14.8	15.6	-0.8	15.6	0.0	15.6	
0.37891	-0.1	3131	14.8	15.6	-0.8	15.6	0.0	15.6	
0.38281	-0.0	3131	14.8	15.6	-0.8	15.6	0.0	15.6	
0.38672	-0.0	3131	14.8	15.6	-0.8	15.6	0.0	15.6	
0.39062	-0.0	3131	14.8	15.6	-0.8	15.6	0.0	15.6	
0.39453	0.0	3131	14.8	15.6	-0.8	15.6	0.0	15.6	
0.39844	0.0	3131	14.8	15.6	-0.8	15.6	0.0	15.6	
0.40234	-0.0	3131	14.8	15.6	-0.8	15.6	0.0	15.6	
0.40625	0.0	3131	14.8	15.7	-0.9	15.7	0.0	15.7	
0.41016	0.0	3131	14.8	15.6	-0.8	15.6	0.0	15.6	
0.41406	0.0	3131	14.8	15.6	-0.8	15.6	0.0	15.6	
0.41797	0.0	3131	14.8	15.6	-0.8	15.6	0.0	15.6	
0.42188	0.0	3131	14.8	15.6	-0.8	15.6	0.0	15.6	
0.42578	0.0	3131	14.8	15.6	-0.8	15.6	0.0	15.6	
0.42969	-0.0	3131	14.8	15.6	-0.8	15.6	0.0	15.6	
0.43359	-0.0	3131	14.8	15.6	-0.8	15.6	0.0	15.6	
0.43750	-0.0	3131	14.8	15.6	-0.8	15.6	0.0	15.6	
0.44141	-0.1	3131	14.8	15.6	-0.8	15.6	0.0	15.6	
0.44531	-0.0	3131	14.8	15.6	-0.8	15.6	0.0	15.6	
0.44922	-0.0	3131	14.8	15.6	-0.8	15.6	0.0	15.6	
0.45312	-0.0	3131	14.8	15.6	-0.8	15.6	0.0	15.6	
0.45703	-0.1	3131	14.8	15.6	-0.8	15.6	0.0	15.6	
0.46094	-0.1	3131	14.8	15.6	-0.8	15.6	0.0	15.6	
0.46484	-0.1	3131	14.8	15.6	-0.8	15.6	0.0	15.6	
0.46875	-0.1	3131	14.8	15.6	-0.8	15.6	0.0	15.6	
0.47266	-0.1	3131	14.8	15.6	-0.8	15.6	0.0	15.6	
0.47656	-0.1	3131	14.9	15.6	-0.7	15.6	0.0	15.6	
0.48047	-0.1	3131	14.9	15.6	-0.7	15.6	0.0	15.6	
0.48438	-0.1	3131	14.9	15.6	-0.7	15.6	0.0	15.6	
0.48828	-0.1	3131	14.9	15.6	-0.7	15.6	0.0	15.6	
0.49219	-0.1	3131	14.9	15.6	-0.7	15.6	0.0	15.6	
0.49609	-0.1	3131	14.9	15.6	-0.7	15.6	0.0	15.6	
0.50000	-0.1	3131	14.9	15.7	-0.8	15.7	0.0	15.7	
0.50391	-0.1	3131	14.9	15.7	-0.8	15.7	0.0	15.7	
0.50781	-0.1	3131	14.9	15.7	-0.8	15.7	0.0	15.7	
0.51172	-0.0	3131	14.9	15.7	-0.8	15.7	0.0	15.7	
0.51562	-0.0	3131	14.9	15.8	-0.9	15.8	0.0	15.8	
0.51953	0.0	3131	14.9	15.8	-0.9	15.8	0.0	15.8	
0.52344	0.0	3131	14.9	15.8	-0.9	15.8	0.0	15.8	
0.52734	0.0	3131	14.9	15.8	-0.9	15.8	0.0	15.8	
0.53125	0.0	3131	14.9	15.9	-1.0	15.9	0.0	15.9	
0.53516	0.1	3131	14.9	15.9	-1.0	15.9	0.0	15.9	
0.53906	0.1	3131	14.9	15.9	-1.0	15.9	0.0	15.9	
0.54297	0.1	3131	14.9	16.0	-1.1	16.0	0.0	16.0	
0.54688	0.1	3131	14.9	16.0	-1.1	16.0	0.0	16.0	
0.55078	0.0	3131	14.8	16.0	-1.2	16.0	0.0	16.0	
0.55469	0.0	3131	14.8	16.0	-1.2	16.0	0.0	16.0	
0.55859	-0.0	3131	14.9	16.1	-1.2	16.1	0.0	16.1	
0.56250	-0.0	3131	14.9	16.1	-1.2	16.1	0.0	16.1	
0.56641	-0.0	3131	14.9	16.1	-1.2	16.1	0.0	16.1	
0.57031	-0.0	3131	14.9	16.1	-1.2	16.1	0.0	16.1	
0.57422	-0.0	3131	14.8	16.1	-1.3	16.1	0.0	16.1	
0.57812	-0.1	3131	14.9	16.1	-1.2	16.1	0.0	16.1	
0.58203	-0.1	3131	14.9	16.1	-1.2	16.1	0.0	16.1	
0.58594	-0.1	3131	14.9	16.1	-1.2	16.1	0.0	16.1	
0.58984	-0.1	3131	14.9	16.1	-1.2	16.1	0.0	16.1	
0.59375	-0.1	3131	14.9	16.1	-1.2	16.1	0.0	16.1	
0.59766	-0.2	3131	14.9	16.1	-1.2	16.1	0.0	16.1	
0.60156	-0.2	3131	14.9	16.1	-1.2	16.1	0.0	16.1	
0.60547	-0.2	3131	14.9	16.0	-1.1	16.0	0.0	16.0	
0.60938	-0.2	3131	14.9	16.0	-1.1	16.0	0.0	16.0	
0.61328	-0.2	3131	14.9	16.0	-1.1	16.0	0.0	16.0	
0.61719	-0.2	3131	14.9	16.0	-1.1	16.0	0.0	16.0	
0.62109	-0.3	3131	14.9	16.0	-1.1	16.0	0.0	16.0	
0.62500	-0.3	3131	14.9	16.0	-1.1	16.0	0.0	16.0	
0.62891	-0.3	3131	14.9	16.0	-1.1	16.0	0.0	16.0	
0.63281	-0.3	3131	14.9	16.0	-1.1	16.0	0.0	16.0	
0.63672	-0.4	3130	15.0	16.0	-1.0	16.0	0.0	16.0	
0.64062	-0.4	3130	15.0	16.0	-1.0	16.0	0.0	16.0	
0.64453	-0.5	3130	15.0	16.0	-1.0	16.0	0.0	16.0	
0.64844	-0.5	3130	15.0	16.0	-1.0	16.0	0.0	16.0	
0.65234	-0.5	3130	15.0	16.1	-1.1	16.1	0.0	16.1	
0.65625	-0.5	3130	15.0	16.1	-1.1	16.1	0.0	16.1	
0.66016	-0.5	3130	15.1	16.1	-1.0	16.1	0.0	16.1	
0.66406	-0.5	3130	15.1	16.1	-1.0	16.1	0.0	16.1	
0.66797	-0.4	3130	15.1	16.1	-1.0	16.1	0.0	16.1	
0.67188	-0.4	3130	15.1	16.2	-1.1	16.2	0.0	16.2	
0.67578	-0.4	3130	15.1	16.2	-1.1	16.2	0.0	16.2	
0.67969	-0.4	3130	15.1	16.2	-1.1	16.2	0.0	16.2	
0.68359	-0.3	3130	15.1	16.2	-1.1	16.2	0.0	16.2	
0.68750	-0.3	3130	15.1	16.3	-1.2	16.3	0.0	16.3	
0.69141	-0.3	3130	15.1	16.3	-1.2	16.3	0.0	16.3	
0.69531	-0.2	3130	15.1	16.3	-1.2	16.3	0.0	16.3	
0.69922	-0.2	3130	15.2	16.4	-1.2	16.4	0.0	16.4	
0.70312	-0.2	3130	15.2	16.4	-1.2	16.4	0.0	16.4	
0.70703	-0.3	3130	15.2	16.4	-1.2	16.4	0.0	16.4	
0.71094	-0.3	3130	15.2	16.4	-1.2	16.4	0.0	16.4	
0.71484	-0.3	3130	15.2	16.5	-1.3	16.5	0.0	16.5	
0.71875	-0.4	3130	15.2	16.5	-1.3	16.5	0.0	16.5	
0.72266	-0.4	3130	15.2	16.6	-1.4	16.6	0.0	16.6	
0.72656	-0.5	3130	15.2	16.6	-1.4	16.6	0.0	16.6	
0.73047	-0.6	3130	15.3	16.7	-1.4	16.7	0.0	16.7	
0.73438	-0.7	3130	15.3	16.7	-1.4	16.7	0.0	16.7	
0.73828	-0.8	3130	15.3	16.7	-1.4	16.7	0.0	16.7	
0.74219	-1.0	3130	15.3	16.8	-1.5	16.8	0.0	16.8	
0.74609	-1.1	3130	15.3	16.8	-1.5	16.8	0.0	16.8	
0.75000	-1.2	3130	15.4	16.8	-1.4	16.8	0.0	16.8	
0.75391	-1.3	3129	15.4	16.9	-1.5	16.9	0.0	16.9	
0.75781	-1.4	3129	15.4	16.9	-1.5	16.9	0.0	16.9	
0.76172	-1.5	3129	15.4	17.0	-1.6	17.0	0.0	17.0	
0.76562	-1.7	3129	15.5	17.0	-1.5	17.0	0.0	17.0	
0.76953	-1.8	3129	15.5	17.0	-1.5	17.0	0.0	17.0	
0.77344	-1.8	3129	15.5	17.1	-1.6	17.1	0.0	17.1	
0.77734	-1.9	3129	15.6	17.1	-1.5	17.1	0.0	17.1	
0.78125	-1.9	3129	15.6	17.2	-1.6	17.2	0.0	17.2	
0.78516	-1.9	3129	15.6	17.2	-1.6	17.2	0.0	17.2	
0.78906	-2.0	3128	15.7	17.2	-1.5	17.2	0.0	17.2	
0.79297	-1.9	3128	15.7	17.3	-1.6	17.3	0.0	17.3	
0.79688	-1.8	3128	15.7	17.3	-1.6	17.3	0.0	17.3	
0.80078	-1.8	3128	15.8	17.4	-1.6	17.4	0.0	17.4	
0.80469	-1.8	3128	15.8	17.4	-1.6	17.4	0.0	17.4	
0.80859	-1.8	3128	15.8	17.5	-1.7	17.5	0.0	17.5	
0.81250	-1.7	3128	15.9	17.5	-1.6	17.5	0.0	17.5	
0.81641	-1.8	3128	15.9	17.5	-1.6	17.5	0.0	17.5	
0.82031	-1.8	3128	15.9	17.6	-1.7	17.6	0.0	17.6	
0.82422	-1.8	3127	16.0	17.7	-1.7	17.7	0.0	17.7	
0.82812	-1.9	3127	16.0	17.7	-1.7	17.7	0.0	17.7	
0.83203	-2.0	3127	16.0	17.8	-1.8	17.8	0.0	17.8	
0.83594	-2.0	3127	16.1	17.8	-1.7	17.8	0.0	17.8	
0.83984	-2.1	3127	16.1	17.8	-1.7	17.8	0.0	17.8	
0.84375	-2.2	3127	16.1	17.9	-1.8	17.9	0.0	17.9	
0.84766	-2.2	3127	16.2	18.0	-1.8	18.0	0.0	18.0	
0.85156	-2.3	3126	16.2	18.0	-1.8	18.0	0.0	18.0	
0.85547	-2.4	3126	16.2	18.1	-1.9	18.1	0.0	18.1	
0.85938	-2.4	3126	16.3	18.2	-1.9	18.2	0.0	18.2	
0.86328	-2.4	3126	16.3	18.2	-1.9	18.2	0.0	18.2	
0.86719	-2.4	3126	16.4	18.3	-1.9	18.3	0.0	18.3	
0.87109	-2.4	3126	16.4	18.3	-1.9	18.3	0.0	18.3	
0.87500	-2.3	3126	16.5	18.4	-1.9	18.4	0.0	18.4	
0.87891	-2.3	3125	16.5	18.5	-2.0	18.5	0.0	18.5	
0.88281	-2.3	3125	16.5	18.5	-2.0	18.5	0.0	18.5	
0.88672	-2.2	3125	16.6	18.6	-2.0	18.6	0.0	18.6	
0.89062	-2.2	3125	16.6	18.7	-2.1	18.7	0.0	18.7	
0.89453	-2.3	3125	16.7	18.8	-2.1	18.8	0.0	18.8	
0.89844	-2.2	3125	16.7	18.8	-2.1	18.8	0.0	18.8	
0.90234	-2.3	3124	16.7	18.9	-2.2	18.9	0.0	18.9	
0.90625	-2.4	3124	16.8	19.0	-2.2	19.0	0.0	19.0	
0.91016	-2.5	3124	16.8	19.0	-2.2	19.0	0.0	19.0	
0.91406	-2.7	3124	16.9	19.1	-2.2	19.1	0.0	19.1	
0.91797	-2.9	3124	17.0	19.2	-2.2	19.2	0.0	19.2	
0.92188	-3.2	3124	17.0	19.3	-2.3	19.3	0.0	19.3	
0.92578	-3.5	3123	17.1	19.4	-2.3	19.4	0.0	19.4	
0.92969	-3.9	3123	17.2	19.5	-2.3	19.5	0.0	19.5	
0.93359	-4.3	3123	17.2	19.6	-2.4	19.6	0.0	19.6	
0.93750	-4.7	3123	17.3	19.7	-2.4	19.7	0.0	19.7	
0.94141	-5.0	3122	17.4	19.8	-2.4	19.8	0.0	19.8	
0.94531	-5.4	3122	17.5	19.9	-2.4	19.9	0.0	19.9	
0.94922	-5.8	3121	17.6	20.0	-2.4	20.0	0.0	20.0	
0.95312	-6.0	3121	17.7	20.1	-2.4	20.1	0.0	20.1	
0.95703	-6.3	3121	17.8	20.2	-2.4	20.2	0.0	20.2	
0.96094	-6.4	3120	17.9	20.3	-2.4	20.3	0.0	20.3	
0.96484	-6.5	3120	18.0	20.5	-2.5	20.5	0.0	20.5	
0.96875	-6.5	3119	18.2	20.6	-2.4	20.6	0.0	20.6	
0.97266	-6.5	3119	18.3	20.7	-2.4	20.7	0.0	20.7	
0.97656	-6.4	3119	18.4	20.8	-2.4	20.8	0.0	20.8	
0.98047	-6.2	3118	18.6	20.9	-2.3	20.9	0.0	20.9	
0.98438	-6.0	3118	18.7	21.1	-2.4	21.1	0.0	21.1	
0.98828	-5.7	3117	18.8	21.2	-2.4	21.2	0.0	21.2	
0.99219	-5.4	3117	19.0	21.3	-2.3	21.3	0.0	21.3	
0.99609	-5.2	3117	19.1	21.4	-2.3	21.4	0.0	21.4	
1.00000	-4.9	3116	19.2	21.6	-2.4	21.6	0.0	21.6	
1.00391	-4.7	3116	19.3	21.7	-2.4	21.7	0.0	21.7	
1.00781	-4.4	3116	19.5	21.8	-2.3	21.8	0.0	21.8	
1.01172	-4.2	3116	19.6	22.0	-2.4	22.0	0.0	22.0	
1.01562	-4.0	3115	19.7	22.1	-2.4	22.1	0.0	22.1	
1.01953	-3.8	3115	19.8	22.2	-2.4	22.2	0.0	22.2	
1.02344	-3.6	3115	19.9	22.4	-2.5	22.4	0.0	22.4	
1.02734	-3.5	3115	20.0	22.5	-2.5	22.5	0.0	22.5	
1.03125	-3.4	3114	20.2	22.7	-2.5	22.7	0.0	22.7	
1.03516	-3.2	3114	20.2	22.8	-2.6	22.8	0.0	22.8	
1.03906	-3.1	3114	20.3	23.0	-2.7	23.0	0.0	23.0	
1.04297	-3.0	3114	20.4	23.1	-2.7	23.1	0.0	23.1	
1.04688	-2.8	3114	20.5	23.3	-2.8	23.3	0.0	23.3	
1.05078	-2.7	3113	20.6	23.4	-2.8	23.4	0.0	23.4	
1.05469	-2.4	3113	20.7	23.6	-2.9	23.6	0.0	23.6	
1.05859	-2.2	3113	20.8	23.7	-2.9	23.7	0.0	23.7	
1.06250	-1.9	3113	20.9	23.9	-3.0	23.9	0.0	23.9	
1.06641	-1.6	3113	20.9	24.1	-3.2	24.1	0.0	24.1	
1.07031	-1.4	3113	21.0	24.2	-3.2	24.2	0.0	24.2	
1.07422	-1.1	3113	21.0	24.3	-3.3	24.3	0.0	24.3	
1.07812	-0.8	3113	21.1	24.5	-3.4	24.5	0.0	24.5	
1.08203	-0.5	3113	21.1	24.6	-3.5	24.6	0.0	24.6	
1.08594	-0.3	3113	21.2	24.7	-3.5	24.7	0.0	24.7	
1.08984	-0.1	3113	21.2	24.9	-3.7	24.9	0.0	24.9	
1.09375	0.1	3113	21.2	25.0	-3.8	25.0	0.0	25.0	
1.09766	0.2	3113	21.3	25.1	-3.8	25.1	0.0	25.1	
1.10156	0.3	3113	21.3	25.2	-3.9	25.2	0.0	25.2	
1.10547	0.4	3113	21.3	25.2	-3.9	25.2	0.0	25.2	
1.10938	0.5	3113	21.3	25.3	-4.0	25.3	0.0	25.3	
1.11328	0.5	3113	21.3	25.4	-4.1	25.4	0.0	25.4	
1.11719	0.6	3113	21.3	25.4	-4.1	25.4	0.0	25.4	
1.12109	0.6	3113	21.3	25.5	-4.2	25.5	0.0	25.5	
1.12500	0.7	3113	21.3	25.5	-4.2	25.5	0.0	25.5	
1.12891	0.9	3113	21.3	25.6	-4.3	25.6	0.0	25.6	
1.13281	1.0	3113	21.2	25.6	-4.4	25.6	0.0	25.6	
1.13672	1.3	3113	21.2	25.6	-4.4	25.6	0.0	25.6	
1.14062	1.5	3113	21.2	25.6	-4.4	25.6	0.0	25.6	
1.14453	1.8	3113	21.2	25.6	-4.4	25.6	0.0	25.6	
1.14844	2.1	3113	21.1	25.7	-4.6	25.7	0.0	25.7	
1.15234	2.5	3114	21.1	25.7	-4.6	25.7	0.0	25.7	
1.15625	2.9	3114	21.0	25.6	-4.6	25.6	0.0	25.6	
1.16016	3.1	3114	21.0	25.7	-4.7	25.7	0.0	25.7	
1.16406	3.4	3114	20.9	25.7	-4.8	25.7	0.0	25.7	
1.16797	3.5	3114	20.9	25.6	-4.7	25.6	0.0	25.6	
1.17188	3.6	3115	20.8	25.6	-4.8	25.6	0.0	25.6	
1.17578	3.6	3115	20.8	25.6	-4.8	25.6	0.0	25.6	
1.17969	3.7	3115	20.7	25.6	-4.9	25.6	0.0	25.6	
1.18359	3.6	3115	20.7	25.6	-4.9	25.6	0.0	25.6	
1.18750	3.6	3116	20.6	25.6	-5.0	25.6	0.0	25.6	
1.19141	3.5	3116	20.6	25.5	-4.9	25.5	0.0	25.5	
1.19531	3.5	3116	20.5	25.5	-5.0	25.5	0.0	25.5	
1.19922	3.5	3116	20.5	25.5	-5.0	25.5	0.0	25.5	
1.20312	3.7	3116	20.4	25.4	-5.0	25.4	0.0	25.4	
1.20703	3.8	3117	20.3	25.4	-5.1	25.4	0.0	25.4	
1.21094	4.1	3117	20.3	25.4	-5.1	25.4	0.0	25.4	
1.21484	4.5	3117	20.2	25.3	-5.1	25.3	0.0	25.3	
1.21875	4.8	3118	20.2	25.3	-5.1	25.3	0.0	25.3	
1.22266	5.1	3118	20.1	25.2	-5.1	25.2	0.0	25.2	
1.22656	5.5	3118	20.0	25.2	-5.2	25.2	0.0	25.2	
1.23047	5.7	3119	20.0	25.1	-5.1	25.1	0.0	25.1	
1.23438	5.9	3119	19.9	25.0	-5.1	25.0	0.0	25.0	
1.23828	6.0	3119	19.8	25.0	-5.2	25.0	0.0	25.0	
1.24219	6.1	3120	19.8	24.9	-5.1	24.9	0.0	24.9	
1.24609	6.1	3120	19.7	24.9	-5.2	24.9	0.0	24.9	
1.25000	6.0	3121	19.7	24.8	-5.1	24.8	0.0	24.8	
1.25391	5.9	3121	19.6	24.7	-5.1	24.7	0.0	24.7	
1.25781	5.6	3121	19.5	24.6	-5.1	24.6	0.0	24.6	
1.26172	5.5	3122	19.4	24.6	-5.2	24.6	0.0	24.6	
1.26562	5.3	3122	19.4	24.5	-5.1	24.5	0.0	24.5	
1.26953	5.2	3122	19.3	24.4	-5.1	24.4	0.0	24.4	
1.27344	5.1	3123	19.3	24.3	-5.0	24.3	0.0	24.3	
1.27734	5.0	3123	19.2	24.2	-5.0	24.2	0.0	24.2	
1.28125	4.9	3123	19.1	24.2	-5.1	24.2	0.0	24.2	
1.28516	4.8	3124	19.1	24.1	-5.0	24.1	0.0	24.1	
1.28906	4.7	3124	19.0	24.0	-5.0	24.0	0.0	24.0	
1.29297	4.6	3124	18.9	23.9	-5.0	23.9	0.0	23.9	
1.29688	4.4	3125	18.9	23.8	-4.9	23.8	0.0	23.8	
1.30078	4.2	3125	18.8	23.7	-4.9	23.7	0.0	23.7	
1.30469	4.0	3125	18.7	23.6	-4.9	23.6	0.0	23.6	
1.30859	3.7	3125	18.7	23.5	-4.8	23.5	0.0	23.5	
1.31250	3.4	3126	18.6	23.4	-4.8	23.4	0.0	23.4	
1.31641	3.2	3126	18.5	23.3	-4.8	23.3	0.0	23.3	
1.32031	2.9	3126	18.4	23.2	-4.8	23.2	0.0	23.2	
1.32422	2.6	3126	18.4	23.1	-4.7	23.1	0.0	23.1	
1.32812	2.4	3126	18.3	23.0	-4.7	23.0	0.0	23.0	
1.33203	2.3	3126	18.2	22.9	-4.7	22.9	0.0	22.9	
1.33594	2.2	3127	18.2	22.7	-4.5	22.7	0.0	22.7	
1.33984	2.1	3127	18.1	22.6	-4.5	22.6	0.0	22.6	
1.34375	2.1	3127	18.0	22.5	-4.5	22.5	0.0	22.5	
1.34766	2.2	3127	17.9	22.4	-4.5	22.4	0.0	22.4	
1.35156	2.3	3127	17.8	22.3	-4.5	22.3	0.0	22.3	
1.35547	2.4	3127	17.8	22.2	-4.4	22.2	0.0	22.2	
1.35938	2.5	3127	17.7	22.1	-4.4	22.1	0.0	22.1	
1.36328	2.6	3128	17.6	22.0	-4.4	22.0	0.0	22.0	
1.36719	2.7	3128	17.5	21.9	-4.4	21.9	0.0	21.9	
1.37109	2.8	3128	17.4	21.8	-4.4	21.8	0.0	21.8	
1.37500	2.9	3128	17.3	21.7	-4.4	21.7	0.0	21.7	
1.37891	2.9	3128	17.2	21.6	-4.4	21.6	0.0	21.6	
1.38281	2.9	3129	17.1	21.5	-4.4	21.5	0.0	21.5	
1.38672	2.8	3129	17.0	21.4	-4.4	21.4	0.0	21.4	
1.39062	2.6	3129	16.9	21.3	-4.4	21.3	0.0	21.3	
1.39453	2.4	3129	16.9	21.1	-4.2	21.1	0.0	21.1	
1.39844	2.2	3129	16.8	21.0	-4.2	21.0	0.0	21.0	
1.40234	2.0	3129	16.7	21.0	-4.3	21.0	0.0	21.0	
1.40625	1.7	3129	16.7	20.8	-4.1	20.8	0.0	20.8	
1.41016	1.5	3130	16.6	20.8	-4.2	20.8	0.0	20.8	
1.41406	1.3	3130	16.5	20.7	-4.2	20.7	0.0	20.7	
1.41797	1.0	3130	16.5	20.6	-4.1	20.6	0.0	20.6	
1.42188	0.8	3130	16.4	20.5	-4.1	20.5	0.0	20.5	
1.42578	0.7	3130	16.4	20.4	-4.0	20.4	0.0	20.4	
1.42969	0.5	3130	16.4	20.3	-3.9	20.3	0.0	20.3	
1.43359	0.4	3130	16.4	20.2	-3.8	20.2	0.0	20.2	
1.43750	0.3	3130	16.4	20.2	-3.8	20.2	0.0	20.2	
1.44141	0.1	3130	16.3	20.1	-3.8	20.1	0.0	20.1	
1.44531	0.1	3130	16.3	20.0	-3.7	20.0	0.0	20.0	
1.44922	0.1	3130	16.3	19.9	-3.6	19.9	0.0	19.9	
1.45312	0.1	3130	16.3	19.8	-3.5	19.8	0.0	19.8	
1.45703	0.0	3130	16.3	19.8	-3.5	19.8	0.0	19.8	
1.46094	0.0	3130	16.3	19.7	-3.4	19.7	0.0	19.7	
1.46484	0.0	3130	16.3	19.6	-3.3	19.6	0.0	19.6	
1.46875	0.1	3130	16.3	19.6	-3.3	19.6	0.0	19.6	
1.47266	0.1	3130	16.2	19.5	-3.3	19.5	0.0	19.5	
1.47656	0.1	3130	16.2	19.4	-3.2	19.4	0.0	19.4	
1.48047	0.1	3130	16.2	19.4	-3.2	19.4	0.0	19.4	
1.48438	0.1	3130	16.2	19.3	-3.1	19.3	0.0	19.3	
1.48828	0.1	3130	16.2	19.2	-3.0	19.2	0.0	19.2	
1.49219	0.2	3130	16.2	19.2	-3.0	19.2	0.0	19.2	
1.49609	0.2	3130	16.2	19.1	-2.9	19.1	0.0	19.1	
1.50000	0.2	3130	16.1	19.1	-3.0	19.1	0.0	19.1	
1.50391	0.2	3130	16.1	19.0	-2.9	19.0	0.0	19.0	
1.50781	0.1	3130	16.1	19.0	-2.9	19.0	0.0	19.0	
1.51172	0.1	3130	16.1	18.9	-2.8	18.9	0.0	18.9	
1.51562	0.1	3130	16.1	18.9	-2.8	18.9	0.0	18.9	
1.51953	0.1	3130	16.1	18.8	-2.7	18.8	0.0	18.8	
1.52344	0.1	3130	16.1	18.7	-2.6	18.7	0.0	18.7	
1.52734	0.1	3130	16.1	18.7	-2.6	18.7	0.0	18.7	
1.53125	0.1	3130	16.0	18.6	-2.6	18.6	0.0	18.6	
1.53516	0.1	3130	16.0	18.6	-2.6	18.6	0.0	18.6	
1.53906	0.1	3130	16.0	18.5	-2.5	18.5	0.0	18.5	
1.54297	0.1	3130	16.0	18.5	-2.5	18.5	0.0	18.5	
1.54688	0.1	3130	16.0	18.5	-2.5	18.5	0.0	18.5	
1.55078	0.1	3130	16.0	18.4	-2.4	18.4	0.0	18.4	
1.55469	0.1	3130	16.0	18.4	-2.4	18.4	0.0	18.4	
1.55859	0.1	3130	16.0	18.3	-2.3	18.3	0.0	18.3	
1.56250	0.1	3130	16.0	18.3	-2.3	18.3	0.0	18.3	
1.56641	0.0	3130	15.9	18.3	-2.4	18.3	0.0	18.3	
1.57031	0.1	3130	15.9	18.3	-2.4	18.3	0.0	18.3	
1.57422	0.1	3130	15.9	18.2	-2.3	18.2	0.0	18.2	
1.57812	0.0	3130	15.9	18.2	-2.3	18.2	0.0	18.2	
1.58203	0.1	3130	15.9	18.2	-2.3	18.2	0.0	18.2	
1.58594	0.1	3130	15.9	18.2	-2.3	18.2	0.0	18.2	
1.58984	0.1	3130	15.9	18.2	-2.3	18.2	0.0	18.2	
1.59375	0.1	3130	15.9	18.2	-2.3	18.2	0.0	18.2	
1.59766	0.1	3130	15.9	18.2	-2.3	18.2	0.0	18.2	
1.60156	0.2	3130	15.8	18.1	-2.3	18.1	0.0	18.1	
1.60547	0.2	3130	15.8	18.1	-2.3	18.1	0.0	18.1	
1.60938	0.3	3130	15.8	18.1	-2.3	18.1	0.0	18.1	
1.61328	0.3	3130	15.8	18.1	-2.3	18.1	0.0	18.1	
1.61719	0.3	3130	15.8	18.1	-2.3	18.1	0.0	18.1	
1.62109	0.2	3130	15.8	18.1	-2.3	18.1	0.0	18.1	
1.62500	0.2	3130	15.8	18.1	-2.3	18.1	0.0	18.1	
1.62891	0.2	3130	15.7	18.0	-2.3	18.0	0.0	18.0	
1.63281	0.2	3130	15.7	18.0	-2.3	18.0	0.0	18.0	
1.63672	0.2	3130	15.7	18.0	-2.3	18.0	0.0	18.0	
1.64062	0.2	3130	15.7	18.0	-2.3	18.0	0.0	18.0	
1.64453	0.2	3130	15.7	17.9	-2.2	17.9	0.0	17.9	
1.64844	0.1	3130	15.7	17.9	-2.2	17.9	0.0	17.9	
1.65234	0.1	3130	15.6	17.8	-2.2	17.8	0.0	17.8	
1.65625	0.2	3130	15.6	17.8	-2.2	17.8	0.0	17.8	
1.66016	0.1	3130	15.6	17.8	-2.2	17.8	0.0	17.8	
1.66406	0.0	3130	15.6	17.7	-2.1	17.7	0.0	17.7	
1.66797	0.1	3130	15.6	17.7	-2.1	17.7	0.0	17.7	
1.67188	0.0	3130	15.6	17.6	-2.0	17.6	0.0	17.6	
1.67578	0.0	3130	15.5	17.6	-2.1	17.6	0.0	17.6	
1.67969	0.0	3130	15.5	17.5	-2.0	17.5	0.0	17.5	
1.68359	-0.0	3130	15.5	17.5	-2.0	17.5	0.0	17.5	
1.68750	-0.1	3130	15.5	17.5	-2.0	17.5	0.0	17.5	
1.69141	-0.1	3130	15.5	17.5	-2.0	17.5	0.0	17.5	
1.69531	-0.1	3130	15.5	17.4	-1.9	17.4	0.0	17.4	
1.69922	-0.1	3130	15.5	17.4	-1.9	17.4	0.0	17.4	
1.70312	-0.1	3130	15.5	17.3	-1.8	17.3	0.0	17.3	
1.70703	-0.2	3130	15.5	17.3	-1.8	17.3	0.0	17.3	
1.71094	-0.1	3130	15.5	17.3	-1.8	17.3	0.0	17.3	
1.71484	-0.2	3130	15.5	17.3	-1.8	17.3	0.0	17.3	
1.71875	-0.2	3130	15.5	17.3	-1.8	17.3	0.0	17.3	
1.72266	-0.1	3130	15.5	17.2	-1.7	17.2	0.0	17.2	
1.72656	-0.1	3130	15.5	17.2	-1.7	17.2	0.0	17.2	
1.73047	-0.1	3130	15.5	17.2	-1.7	17.2	0.0	17.2	
1.73438	-0.1	3130	15.5	17.2	-1.7	17.2	0.0	17.2	
1.73828	-0.1	3130	15.5	17.2	-1.7	17.2	0.0	17.2	
1.74219	-0.1	3130	15.5	17.2	-1.7	17.2	0.0	17.2	
1.74609	-0.0	3130	15.5	17.2	-1.7	17.2	0.0	17.2	
1.75000	-0.0	3130	15.5	17.2	-1.7	17.2	0.0	17.2	
1.75391	0.0	3130	15.5	17.2	-1.7	17.2	0.0	17.2	
1.75781	0.0	3130	15.5	17.2	-1.7	17.2	0.0	17.2	
1.76172	0.1	3130	15.5	17.2	-1.7	17.2	0.0	17.2	
1.76562	0.1	3130	15.5	17.2	-1.7	17.2	0.0	17.2	
1.76953	0.1	3130	15.5	17.2	-1.7	17.2	0.0	17.2	
1.77344	0.1	3130	15.5	17.2	-1.7	17.2	0.0	17.2	
1.77734	0.0	3130	15.5	17.2	-1.7	17.2	0.0	17.2	
1.78125	0.1	3130	15.5	17.2	-1.7	17.2	0.0	17.2	
1.78516	0.0	3130	15.5	17.2	-1.7	17.2	0.0	17.2	
1.78906	-0.0	3130	15.5	17.2	-1.7	17.2	0.0	17.2	
1.79297	-0.0	3130	15.5	17.2	-1.7	17.2	0.0	17.2	
1.79688	-0.0	3130	15.5	17.2	-1.7	17.2	0.0	17.2	
1.80078	-0.1	3130	15.5	17.2	-1.7	17.2	0.0	17.2	
1.80469	-0.1	3130	15.5	17.2	-1.7	17.2	0.0	17.2	
1.80859	-0.1	3130	15.5	17.2	-1.7	17.2	0.0	17.2	
1.81250	-0.1	3130	15.5	17.2	-1.7	17.2	0.0	17.2	
1.81641	-0.1	3130	15.5	17.2	-1.7	17.2	0.0	17.2	
1.82031	-0.1	3130	15.5	17.2	-1.7	17.2	0.0	17.2	
1.82422	-0.1	3130	15.5	17.2	-1.7	17.2	0.0	17.2	
1.82812	-0.1	3130	15.5	17.2	-1.7	17.2	0.0	17.2	
1.83203	-0.1	3130	15.5	17.2	-1.7	17.2	0.0	17.2	
1.83594	-0.1	3130	15.5	17.2	-1.7	17.2	0.0	17.2	
1.83984	-0.1	3130	15.5	17.2	-1.7	17.2	0.0	17.2	
1.84375	-0.2	3130	15.5	17.2	-1.7	17.2	0.0	17.2	
1.84766	-0.1	3130	15.5	17.2	-1.7	17.2	0.0	17.2	
1.85156	-0.1	3130	15.5	17.2	-1.7	17.2	0.0	17.2	
1.85547	-0.1	3130	15.5	17.2	-1.7	17.2	0.0	17.2	
1.85938	-0.1	3130	15.5	17.2	-1.7	17.2	0.0	17.2	
1.86328	-0.1	3130	15.5	17.2	-1.7	17.2	0.0	17.2	
1.86719	-0.0	3130	15.5	17.2	-1.7	17.2	0.0	17.2	
1.87109	0.0	3130	15.5	17.2	-1.7	17.2	0.0	17.2	
1.87500	0.0	3130	15.6	17.2	-1.6	17.2	0.0	17.2	
1.87891	0.0	3130	15.5	17.1	-1.6	17.1	0.0	17.1	
1.88281	0.1	3130	15.5	17.1	-1.6	17.1	0.0	17.1	
1.88672	0.1	3130	15.5	17.1	-1.6	17.1	0.0	17.1	
1.89062	0.1	3130	15.6	17.1	-1.5	17.1	0.0	17.1	
1.89453	0.1	3130	15.5	17.1	-1.6	17.1	0.0	17.1	
1.89844	0.2	3130	15.5	17.1	-1.6	17.1	0.0	17.1	
1.90234	0.2	3130	15.5	17.1	-1.6	17.1	0.0	17.1	
1.90625	0.1	3130	15.5	17.1	-1.6	17.1	0.0	17.1	
1.91016	0.1	3130	15.5	17.0	-1.5	17.0	0.0	17.0	
1.91406	0.1	3130	15.5	17.0	-1.5	17.0	0.0	17.0	
1.91797	0.1	3130	15.5	17.0	-1.5	17.0	0.0	17.0	
1.92188	0.1	3130	15.5	17.0	-1.5	17.0	0.0	17.0	
1.92578	0.1	3130	15.5	17.0	-1.5	17.0	0.0	17.0	
1.92969	0.1	3130	15.5	17.0	-1.5	17.0	0.0	17.0	
1.93359	0.0	3130	15.5	17.0	-1.5	17.0	0.0	17.0	
1.93750	0.0	3130	15.5	17.0	-1.5	17.0	0.0	17.0	
1.94141	0.0	3130	15.5	16.9	-1.4	16.9	0.0	16.9	
1.94531	-0.0	3130	15.5	16.9	-1.4	16.9	0.0	16.9	
1.94922	-0.0	3130	15.5	16.9	-1.4	16.9	0.0	16.9	
1.95312	-0.0	3130	15.5	16.9	-1.4	16.9	0.0	16.9	
1.95703	-0.1	3130	15.4	16.9	-1.5	16.9	0.0	16.9	
1.96094	-0.1	3130	15.5	16.9	-1.4	16.9	0.0	16.9	
1.96484	-0.0	3130	15.5	16.9	-1.4	16.9	0.0	16.9	
1.96875	-0.1	3130	15.5	16.9	-1.4	16.9	0.0	16.9	
1.97266	-0.1	3130	15.5	16.9	-1.4	16.9	0.0	16.9	
1.97656	-0.1	3130	15.5	16.8	-1.3	16.8	0.0	16.8	
1.98047	-0.1	3130	15.5	16.8	-1.3	16.8	0.0	16.8	
1.98438	-0.1	3130	15.5	16.8	-1.3	16.8	0.0	16.8	
1.98828	-0.0	3130	15.5	16.8	-1.3	16.8	0.0	16.8	
1.99219	0.0	3130	15.5	16.8	-1.3	16.8	0.0	16.8	
1.99609	-0.0	3130	15.5	16.8	-1.3	16.8	0.0	16.8	
2.00000	-0.0	3130	15.5	16.8	-1.3	16.8	0.0	16.8	
2.00391	0.0	3130	15.4	16.8	-1.4	16.8	0.0	16.8	
2.00781	0.1	3130	15.4	16.8	-1.4	16.8	0.0	16.8	
2.01172	0.0	3130	15.4	16.8	-1.4	16.8	0.0	16.8	
2.01562	0.0	3130	15.4	16.8	-1.4	16.8	0.0	16.8	
2.01953	0.0	3130	15.5	16.8	-1.3	16.8	0.0	16.8	
2.02344	0.0	3130	15.4	16.7	-1.3	16.7	0.0	16.7	
2.02734	0.1	3130	15.4	16.7	-1.3	16.7	0.0	16.7	
2.03125	0.1	3130	15.5	16.7	-1.2	16.7	0.0	16.7	
2.03516	0.0	3130	15.4	16.7	-1.3	16.7	0.0	16.7	
2.03906	-0.0	3130	15.4	16.7	-1.3	16.7	0.0	16.7	
2.04297	0.0	3130	15.4	16.7	-1.3	16.7	0.0	16.7	
2.04688	0.0	3130	15.4	16.7	-1.3	16.7	0.0	16.7	
2.05078	-0.0	3130	15.4	16.7	-1.3	16.7	0.0	16.7	
2.05469	0.0	3130	15.4	16.7	-1.3	16.7	0.0	16.7	
2.05859	0.1	3130	15.4	16.7	-1.3	16.7	0.0	16.7	
2.06250	-0.0	3130	15.4	16.6	-1.2	16.6	0.0	16.6	
2.06641	-0.0	3130	15.4	16.6	-1.2	16.6	0.0	16.6	
2.07031	-0.0	3130	15.4	16.6	-1.2	16.6	0.0	16.6	
2.07422	-0.0	3130	15.4	16.6	-1.2	16.6	0.0	16.6	
2.07812	-0.0	3130	15.4	16.6	-1.2	16.6	0.0	16.6	
2.08203	-0.0	3130	15.4	16.6	-1.2	16.6	0.0	16.6	
2.08594	-0.0	3130	15.4	16.6	-1.2	16.6	0.0	16.6	
2.08984	-0.0	3130	15.4	16.6	-1.2	16.6	0.0	16.6	
2.09375	-0.0	3130	15.4	16.6	-1.2	16.6	0.0	16.6	
2.09766	-0.0	3130	15.4	16.6	-1.2	16.6	0.0	16.6	
2.10156	-0.0	3130	15.4	16.6	-1.2	16.6	0.0	16.6	
2.10547	-0.0	3130	15.4	16.7	-1.3	16.7	0.0	16.7	
2.10938	0.0	3130	15.4	16.7	-1.3	16.7	0.0	16.7	
2.11328	0.0	3130	15.4	16.7	-1.3	16.7	0.0	16.7	
2.11719	0.0	3130	15.4	16.7	-1.3	16.7	0.0	16.7	
2.12109	0.1	3130	15.4	16.7	-1.3	16.7	0.0	16.7	
2.12500	0.1	3130	15.4	16.7	-1.3	16.7	0.0	16.7	
2.12891	0.1	3130	15.4	16.8	-1.4	16.8	0.0	16.8	
2.13281	0.1	3130	15.4	16.8	-1.4	16.8	0.0	16.8	
2.13672	0.1	3130	15.4	16.8	-1.4	16.8	0.0	16.8	
2.14062	0.2	3130	15.4	16.8	-1.4	16.8	0.0	16.8	
2.14453	0.2	3130	15.4	16.8	-1.4	16.8	0.0	16.8	
2.14844	0.2	3130	15.4	16.8	-1.4	16.8	0.0	16.8	
2.15234	0.2	3130	15.4	16.8	-1.4	16.8	0.0	16.8	
2.15625	0.2	3130	15.3	16.8	-1.5	16.8	0.0	16.8	
2.16016	0.2	3130	15.3	16.8	-1.5	16.8	0.0	16.8	
2.16406	0.2	3130	15.3	16.8	-1.5	16.8	0.0	16.8	
2.16797	0.1	3130	15.3	16.8	-1.5	16.8	0.0	16.8	
2.17188	0.1	3130	15.3	16.8	-1.5	16.8	0.0	16.8	
2.17578	0.1	3130	15.3	16.8	-1.5	16.8	0.0	16.8	
2.17969	0.1	3130	15.3	16.8	-1.5	16.8	0.0	16.8	
2.18359	0.1	3130	15.3	16.7	-1.4	16.7	0.0	16.7	
2.18750	0.0	3130	15.3	16.7	-1.4	16.7	0.0	16.7	
2.19141	0.0	3130	15.3	16.7	-1.4	16.7	0.0	16.7	
2.19531	0.1	3130	15.3	16.7	-1.4	16.7	0.0	16.7	
2.19922	0.0	3130	15.3	16.6	-1.3	16.6	0.0	16.6	
2.20312	-0.0	3130	15.2	16.6	-1.4	16.6	0.0	16.6	
2.20703	-0.1	3130	15.2	16.6	-1.4	16.6	0.0	16.6	
2.21094	-0.0	3130	15.2	16.5	-1.3	16.5	0.0	16.5	
2.21484	-0.0	3130	15.2	16.5	-1.3	16.5	0.0	16.5	
2.21875	-0.1	3130	15.2	16.5	-1.3	16.5	0.0	16.5	
2.22266	-0.1	3130	15.2	16.5	-1.3	16.5	0.0	16.5	
2.22656	-0.1	3130	15.2	16.5	-1.3	16.5	0.0	16.5	
2.23047	-0.1	3130	15.2	16.4	-1.2	16.4	0.0	16.4	
2.23438	-0.1	3130	15.2	16.4	-1.2	16.4	0.0	16.4	
2.23828	-0.1	3130	15.2	16.4	-1.2	16.4	0.0	16.4	
2.24219	-0.1	3130	15.2	16.4	-1.2	16.4	0.0	16.4	
2.24609	-0.1	3130	15.2	16.4	-1.2	16.4	0.0	16.4	
2.25000	-0.1	3130	15.2	16.4	-1.2	16.4	0.0	16.4	
2.25391	-0.1	3130	15.2	16.4	-1.2	16.4	0.0	16.4	
2.25781	-0.1	3130	15.3	16.4	-1.1	16.4	0.0	16.4	
2.26172	-0.0	3130	15.3	16.4	-1.1	16.4	0.0	16.4	
2.26562	-0.1	3130	15.3	16.4	-1.1	16.4	0.0	16.4	
2.26953	-0.1	3130	15.3	16.4	-1.1	16.4	0.0	16.4	
2.27344	-0.0	3130	15.3	16.4	-1.1	16.4	0.0	16.4	
2.27734	-0.0	3130	15.3	16.4	-1.1	16.4	0.0	16.4	
2.28125	0.0	3130	15.3	16.4	-1.1	16.4	0.0	16.4	
2.28516	0.0	3130	15.3	16.4	-1.1	16.4	0.0	16.4	
2.28906	0.0	3130	15.3	16.4	-1.1	16.4	0.0	16.4	
2.29297	0.0	3130	15.3	16.4	-1.1	16.4	0.0	16.4	
2.29688	0.1	3130	15.3	16.4	-1.1	16.4	0.0	16.4	
2.30078	0.1	3130	15.3	16.4	-1.1	16.4	0.0	16.4	
2.30469	0.1	3130	15.2	16.4	-1.2	16.4	0.0	16.4	
2.30859	0.1	3130	15.2	16.4	-1.2	16.4	0.0	16.4	
2.31250	0.0	3130	15.2	16.4	-1.2	16.4	0.0	16.4	
2.31641	0.0	3130	15.2	16.5	-1.3	16.5	0.0	16.5	
2.32031	0.0	3130	15.2	16.5	-1.3	16.5	0.0	16.5	
2.32422	0.0	3130	15.2	16.5	-1.3	16.5	0.0	16.5	
2.32812	-0.0	3130	15.2	16.5	-1.3	16.5	0.0	16.5	
2.33203	-0.0	3130	15.2	16.5	-1.3	16.5	0.0	16.5	
2.33594	-0.0	3130	15.2	16.5	-1.3	16.5	0.0	16.5	
2.33984	-0.0	3130	15.2	16.5	-1.3	16.5	0.0	16.5	
2.34375	-0.1	3130	15.2	16.5	-1.3	16.5	0.0	16.5	
2.34766	-0.1	3130	15.3	16.6	-1.3	16.6	0.0	16.6	
2.35156	-0.1	3130	15.3	16.6	-1.3	16.6	0.0	16.6	
2.35547	-0.2	3130	15.3	16.6	-1.3	16.6	0.0	16.6	
2.35938	-0.2	3130	15.3	16.6	-1.3	16.6	0.0	16.6	
2.36328	-0.2	3130	15.3	16.6	-1.3	16.6	0.0	16.6	
2.36719	-0.2	3130	15.2	16.6	-1.4	16.6	0.0	16.6	
2.37109	-0.1	3130	15.3	16.6	-1.3	16.6	0.0	16.6	
2.37500	-0.2	3130	15.3	16.6	-1.3	16.6	0.0	16.6	
2.37891	-0.2	3130	15.3	16.6	-1.3	16.6	0.0	16.6	
2.38281	-0.1	3130	15.3	16.6	-1.3	16.6	0.0	16.6	
2.38672	-0.1	3130	15.3	16.6	-1.3	16.6	0.0	16.6	
2.39062	-0.1	3130	15.3	16.6	-1.3	16.6	0.0	16.6	
2.39453	-0.1	3130	15.3	16.6	-1.3	16.6	0.0	16.6	
2.39844	-0.1	3130	15.3	16.6	-1.3	16.6	0.0	16.6	
2.40234	-0.1	3130	15.3	16.6	-1.3	16.6	0.0	16.6	
2.40625	0.0	3130	15.3	16.6	-1.3	16.6	0.0	16.6	
2.41016	0.0	3130	15.3	16.6	-1.3	16.6	0.0	16.6	
2.41406	0.0	3130	15.3	16.6	-1.3	16.6	0.0	16.6	
2.41797	0.0	3130	15.3	16.6	-1.3	16.6	0.0	16.6	
2.42188	0.0	3130	15.3	16.6	-1.3	16.6	0.0	16.6	
2.42578	0.1	3130	15.3	16.6	-1.3	16.6	0.0	16.6	
2.42969	0.1	3130	15.3	16.5	-1.2	16.5	0.0	16.5	
2.43359	0.1	3130	15.3	16.5	-1.2	16.5	0.0	16.5	
2.43750	0.1	3130	15.3	16.6	-1.3	16.6	0.0	16.6	
2.44141	0.0	3130	15.3	16.5	-1.2	16.5	0.0	16.5	
2.44531	0.0	3130	15.3	16.5	-1.2	16.5	0.0	16.5	
2.44922	0.1	3130	15.3	16.5	-1.2	16.5	0.0	16.5	
2.45312	0.0	3130	15.3	16.5	-1.2	16.5	0.0	16.5	
2.45703	-0.0	3130	15.3	16.5	-1.2	16.5	0.0	16.5	
2.46094	-0.0	3130	15.3	16.5	-1.2	16.5	0.0	16.5	
2.46484	-0.0	3130	15.3	16.5	-1.2	16.5	0.0	16.5	
2.46875	-0.1	3130	15.3	16.5	-1.2	16.5	0.0	16.5	
2.47266	-0.1	3130	15.3	16.5	-1.2	16.5	0.0	16.5	
2.47656	-0.0	3130	15.3	16.5	-1.2	16.5	0.0	16.5	
2.48047	-0.0	3130	15.3	16.5	-1.2	16.5	0.0	16.5	
2.48438	-0.1	3130	15.3	16.5	-1.2	16.5	0.0	16.5	
2.48828	-0.1	3130	15.3	16.5	-1.2	16.5	0.0	16.5	
2.49219	-0.1	3130	15.3	16.4	-1.1	16.4	0.0	16.4	
2.49609	-0.1	3130	15.3	16.4	-1.1	16.4	0.0	16.4	
2.50000	-0.1	3130	15.3	16.5	-1.2	16.5	0.0	16.5	
2.50391	-0.1	3130	15.3	16.5	-1.2	16.5	0.0	16.5	
2.50781	-0.1	3130	15.3	16.4	-1.1	16.4	0.0	16.4	
2.51172	-0.0	3130	15.3	16.4	-1.1	16.4	0.0	16.4	
2.51562	-0.0	3130	15.3	16.4	-1.1	16.4	0.0	16.4	
2.51953	-0.0	3130	15.3	16.4	-1.1	16.4	0.0	16.4	
2.52344	-0.0	3130	15.3	16.4	-1.1	16.4	0.0	16.4	
2.52734	-0.0	3130	15.3	16.4	-1.1	16.4	0.0	16.4	
2.53125	-0.0	3130	15.3	16.5	-1.2	16.5	0.0	16.5	
2.53516	-0.0	3130	15.3	16.4	-1.1	16.4	0.0	16.4	
2.53906	-0.0	3130	15.3	16.4	-1.1	16.4	0.0	16.4	
2.54297	0.0	3130	15.3	16.4	-1.1	16.4	0.0	16.4	
2.54688	0.0	3130	15.3	16.4	-1.1	16.4	0.0	16.4	
2.55078	0.0	3130	15.3	16.5	-1.2	16.5	0.0	16.5	
2.55469	0.0	3130	15.3	16.5	-1.2	16.5	0.0	16.5	
2.55859	0.0	3130	15.3	16.4	-1.1	16.4	0.0	16.4	
2.56250	0.0	3130	15.3	16.4	-1.1	16.4	0.0	16.4	
2.56641	0.0	3130	15.3	16.4	-1.1	16.4	0.0	16.4	
2.57031	0.0	3130	15.3	16.4	-1.1	16.4	0.0	16.4	
2.57422	0.1	3130	15.3	16.4	-1.1	16.4	0.0	16.4	
2.57812	0.0	3130	15.3	16.4	-1.1	16.4	0.0	16.4	
2.58203	-0.0	3130	15.3	16.4	-1.1	16.4	0.0	16.4	
2.58594	-0.0	3130	15.3	16.4	-1.1	16.4	0.0	16.4	
2.58984	-0.0	3130	15.3	16.4	-1.1	16.4	0.0	16.4	
2.59375	-0.0	3130	15.3	16.4	-1.1	16.4	0.0	16.4	
2.59766	-0.0	3130	15.3	16.4	-1.1	16.4	0.0	16.4	
2.60156	-0.0	3130	15.3	16.4	-1.1	16.4	0.0	16.4	
2.60547	-0.0	3130	15.3	16.4	-1.1	16.4	0.0	16.4	
2.60938	-0.0	3130	15.3	16.3	-1.0	16.3	0.0	16.3	
2.61328	-0.1	3130	15.3	16.3	-1.0	16.3	0.0	16.3	
2.61719	-0.1	3130	15.3	16.4	-1.1	16.4	0.0	16.4	
2.62109	-0.1	3130	15.3	16.4	-1.1	16.4	0.0	16.4	
2.62500	-0.0	3130	15.3	16.4	-1.1	16.4	0.0	16.4	
2.62891	-0.0	3130	15.3	16.4	-1.1	16.4	0.0	16.4	
2.63281	-0.0	3130	15.3	16.4	-1.1	16.4	0.0	16.4	
2.63672	-0.0	3130	15.3	16.4	-1.1	16.4	0.0	16.4	
2.64062	-0.1	3130	15.3	16.4	-1.1	16.4	0.0	16.4	
2.64453	-0.0	3130	15.3	16.4	-1.1	16.4	0.0	16.4	
2.64844	0.0	3130	15.3	16.4	-1.1	16.4	0.0	16.4	
2.65234	0.0	3130	15.3	16.4	-1.1	16.4	0.0	16.4	
2.65625	0.0	3130	15.3	16.5	-1.2	16.5	0.0	16.5	
2.66016	0.1	3130	15.3	16.5	-1.2	16.5	0.0	16.5	
2.66406	0.1	3130	15.3	16.5	-1.2	16.5	0.0	16.5	
2.66797	0.1	3130	15.3	16.5	-1.2	16.5	0.0	16.5	
2.67188	0.1	3130	15.2	16.5	-1.3	16.5	0.0	16.5	
2.67578	0.1	3130	15.3	16.6	-1.3	16.6	0.0	16.6	
2.67969	0.1	3130	15.3	16.6	-1.3	16.6	0.0	16.6	
2.68359	0.2	3130	15.2	16.6	-1.4	16.6	0.0	16.6	
2.68750	0.2	3130	15.2	16.6	-1.4	16.6	0.0	16.6	
2.69141	0.1	3130	15.2	16.6	-1.4	16.6	0.0	16.6	
2.69531	0.2	3130	15.2	16.6	-1.4	16.6	0.0	16.6	
2.69922	0.1	3130	15.2	16.6	-1.4	16.6	0.0	16.6	
2.70312	0.1	3130	15.2	16.6	-1.4	16.6	0.0	16.6	
2.70703	0.1	3130	15.2	16.6	-1.4	16.6	0.0	16.6	
2.71094	0.1	3130	15.2	16.6	-1.4	16.6	0.0	16.6	
2.71484	0.1	3130	15.2	16.6	-1.4	16.6	0.0	16.6	
2.71875	0.1	3130	15.2	16.5	-1.3	16.5	0.0	16.5	
2.72266	0.0	3130	15.2	16.5	-1.3	16.5	0.0	16.5	
2.72656	0.0	3130	15.2	16.5	-1.3	16.5	0.0	16.5	
2.73047	-0.0	3130	15.1	16.5	-1.4	16.5	0.0	16.5	
2.73438	-0.0	3130	15.1	16.4	-1.3	16.4	0.0	16.4	
2.73828	-0.0	3130	15.2	16.4	-1.2	16.4	0.0	16.4	
2.74219	-0.1	3130	15.2	16.4	-1.2	16.4	0.0	16.4	
2.74609	-0.1	3130	15.2	16.4	-1.2	16.4	0.0	16.4	
2.75000	-0.1	3130	15.2	16.3	-1.1	16.3	0.0	16.3	
2.75391	-0.1	3130	15.2	16.3	-1.1	16.3	0.0	16.3	
2.75781	-0.1	3130	15.1	16.3	-1.2	16.3	0.0	16.3	
2.76172	-0.1	3130	15.2	16.3	-1.1	16.3	0.0	16.3	
2.76562	-0.1	3130	15.2	16.3	-1.1	16.3	0.0	16.3	
2.76953	-0.1	3130	15.2	16.3	-1.1	16.3	0.0	16.3	
2.77344	-0.1	3130	15.2	16.2	-1.0	16.2	0.0	16.2	
2.77734	-0.1	3130	15.2	16.2	-1.0	16.2	0.0	16.2	
2.78125	-0.1	3130	15.2	16.2	-1.0	16.2	0.0	16.2	
2.78516	-0.1	3130	15.2	16.2	-1.0	16.2	0.0	16.2	
2.78906	-0.1	3130	15.2	16.2	-1.0	16.2	0.0	16.2	
2.79297	-0.1	3130	15.2	16.2	-1.0	16.2	0.0	16.2	
2.79688	-0.1	3130	15.2	16.2	-1.0	16.2	0.0	16.2	
2.80078	-0.1	3130	15.2	16.2	-1.0	16.2	0.0	16.2	
2.80469	-0.1	3130	15.2	16.2	-1.0	16.2	0.0	16.2	
2.80859	-0.0	3130	15.2	16.2	-1.0	16.2	0.0	16.2	
2.81250	0.0	3130	15.2	16.2	-1.0	16.2	0.0	16.2	
2.81641	0.0	3130	15.2	16.2	-1.0	16.2	0.0	16.2	
2.82031	0.0	3130	15.2	16.2	-1.0	16.2	0.0	16.2	
2.82422	0.1	3130	15.2	16.3	-1.1	16.3	0.0	16.3	
2.82812	0.1	3130	15.2	16.3	-1.1	16.3	0.0	16.3	
2.83203	0.1	3130	15.2	16.3	-1.1	16.3	0.0	16.3	
2.83594	0.1	3130	15.2	16.3	-1.1	16.3	0.0	16.3	
2.83984	0.1	3130	15.2	16.3	-1.1	16.3	0.0	16.3	
2.84375	0.1	3130	15.2	16.3	-1.1	16.3	0.0	16.3	
2.84766	0.0	3130	15.2	16.3	-1.1	16.3	0.0	16.3	
2.85156	0.0	3130	15.2	16.3	-1.1	16.3	0.0	16.3	
2.85547	0.0	3130	15.2	16.3	-1.1	16.3	0.0	16.3	
2.85938	-0.0	3130	15.2	16.3	-1.1	16.3	0.0	16.3	
2.86328	-0.0	3130	15.2	16.3	-1.1	16.3	0.0	16.3	
2.86719	-0.1	3130	15.2	16.3	-1.1	16.3	0.0	16.3	
2.87109	-0.1	3130	15.2	16.4	-1.2	16.4	0.0	16.4	
2.87500	-0.1	3130	15.2	16.4	-1.2	16.4	0.0	16.4	
2.87891	-0.1	3130	15.1	16.4	-1.3	16.4	0.0	16.4	
2.88281	-0.1	3130	15.2	16.4	-1.2	16.4	0.0	16.4	
2.88672	-0.2	3130	15.2	16.4	-1.2	16.4	0.0	16.4	
2.89062	-0.2	3130	15.2	16.4	-1.2	16.4	0.0	16.4	
2.89453	-0.2	3130	15.2	16.4	-1.2	16.4	0.0	16.4	
2.89844	-0.2	3130	15.2	16.4	-1.2	16.4	0.0	16.4	
2.90234	-0.2	3130	15.2	16.4	-1.2	16.4	0.0	16.4	
2.90625	-0.2	3130	15.2	16.4	-1.2	16.4	0.0	16.4	
2.91016	-0.2	3130	15.2	16.4	-1.2	16.4	0.0	16.4	
2.91406	-0.2	3130	15.2	16.4	-1.2	16.4	0.0	16.4	
2.91797	-0.2	3130	15.2	16.4	-1.2	16.4	0.0	16.4	
2.92188	-0.1	3130	15.2	16.4	-1.2	16.4	0.0	16.4	
2.92578	-0.2	3130	15.2	16.4	-1.2	16.4	0.0	16.4	
2.92969	-0.1	3130	15.2	16.4	-1.2	16.4	0.0	16.4	
2.93359	-0.0	3130	15.2	16.4	-1.2	16.4	0.0	16.4	
2.93750	-0.0	3130	15.3	16.4	-1.1	16.4	0.0	16.4	
2.94141	-0.0	3130	15.2	16.3	-1.1	16.3	0.0	16.3	
2.94531	0.0	3130	15.2	16.3	-1.1	16.3	0.0	16.3	
2.94922	0.0	3130	15.2	16.3	-1.1	16.3	0.0	16.3	
2.95312	0.1	3130	15.2	16.3	-1.1	16.3	0.0	16.3	
2.95703	0.1	3130	15.2	16.3	-1.1	16.3	0.0	16.3	
2.96094	0.1	3130	15.2	16.3	-1.1	16.3	0.0	16.3	
2.96484	0.1	3130	15.2	16.3	-1.1	16.3	0.0	16.3	
2.96875	0.1	3130	15.2	16.3	-1.1	16.3	0.0	16.3	
2.97266	0.1	3130	15.2	16.2	-1.0	16.2	0.0	16.2	
2.97656	0.1	3130	15.2	16.2	-1.0	16.2	0.0	16.2	
2.98047	0.1	3130	15.2	16.2	-1.0	16.2	0.0	16.2	
2.98438	0.1	3130	15.2	16.2	-1.0	16.2	0.0	16.2	
2.98828	0.0	3130	15.2	16.2	-1.0	16.2	0.0	16.2	
2.99219	0.1	3130	15.2	16.2	-1.0	16.2	0.0	16.2	
2.99609	0.0	3130	15.2	16.2	-1.0	16.2	0.0	16.2	
3.00000	0.0	3130	15.2	16.2	-1.0	16.2	0.0	16.2	
3.00391	0.0	3130	15.2	16.2	-1.0	16.2	0.0	16.2	
3.00781	-0.0	3130	15.2	16.2	-1.0	16.2	0.0	16.2	
3.01172	-0.0	3130	15.2	16.2	-1.0	16.2	0.0	16.2	
3.01562	-0.0	3130	15.2	16.2	-1.0	16.2	0.0	16.2	
3.01953	-0.0	3130	15.2	16.2	-1.0	16.2	0.0	16.2	
3.02344	-0.0	3130	15.2	16.1	-0.9	16.1	0.0	16.1	
3.02734	-0.1	3130	15.2	16.1	-0.9	16.1	0.0	16.1	
3.03125	-0.1	3130	15.2	16.1	-0.9	16.1	0.0	16.1	
3.03516	-0.0	3130	15.2	16.1	-0.9	16.1	0.0	16.1	
3.03906	-0.0	3130	15.2	16.1	-0.9	16.1	0.0	16.1	
3.04297	-0.0	3130	15.2	16.1	-0.9	16.1	0.0	16.1	
3.04688	-0.0	3130	15.2	16.1	-0.9	16.1	0.0	16.1	
3.05078	-0.0	3130	15.2	16.1	-0.9	16.1	0.0	16.1	
3.05469	-0.0	3130	15.2	16.1	-0.9	16.1	0.0	16.1	
3.05859	-0.0	3130	15.2	16.1	-0.9	16.1	0.0	16.1	
3.06250	0.0	3130	15.2	16.1	-0.9	16.1	0.0	16.1	
3.06641	0.0	3130	15.2	16.1	-0.9	16.1	0.0	16.1	
3.07031	-0.0	3130	15.2	16.1	-0.9	16.1	0.0	16.1	
3.07422	-0.0	3130	15.2	16.1	-0.9	16.1	0.0	16.1	
3.07812	0.0	3130	15.2	16.1	-0.9	16.1	0.0	16.1	
3.08203	0.0	3130	15.2	16.1	-0.9	16.1	0.0	16.1	
3.08594	0.1	3130	15.2	16.1	-0.9	16.1	0.0	16.1	
3.08984	0.1	3130	15.2	16.1	-0.9	16.1	0.0	16.1	
3.09375	0.0	3130	15.2	16.1	-0.9	16.1	0.0	16.1	
3.09766	0.0	3130	15.1	16.1	-1.0	16.1	0.0	16.1	
3.10156	0.1	3130	15.1	16.1	-1.0	16.1	0.0	16.1	
3.10547	0.0	3130	15.1	16.0	-0.9	16.0	0.0	16.0	
3.10938	0.0	3130	15.1	16.0	-0.9	16.0	0.0	16.0	
3.11328	0.0	3130	15.1	16.0	-0.9	16.0	0.0	16.0	
3.11719	0.0	3130	15.1	16.0	-0.9	16.0	0.0	16.0	
3.12109	0.0	3130	15.1	16.0	-0.9	16.0	0.0	16.0	
3.12500	0.0	3130	15.1	16.0	-0.9	16.0	0.0	16.0	
3.12891	0.0	3130	15.1	16.0	-0.9	16.0	0.0	16.0	
3.13281	0.0	3130	15.1	16.0	-0.9	16.0	0.0	16.0	
3.13672	0.0	3130	15.1	16.0	-0.9	16.0	0.0	16.0	
3.14062	0.0	3130	15.1	15.9	-0.8	15.9	0.0	15.9	
3.14453	-0.0	3130	15.1	15.9	-0.8	15.9	0.0	15.9	
3.14844	-0.0	3130	15.1	15.9	-0.8	15.9	0.0	15.9	
3.15234	-0.0	3130	15.1	15.9	-0.8	15.9	0.0	15.9	
3.15625	-0.0	3130	15.1	15.9	-0.8	15.9	0.0	15.9	
3.16016	-0.0	3130	15.1	15.9	-0.8	15.9	0.0	15.9	
3.16406	-0.0	3130	15.1	15.9	-0.8	15.9	0.0	15.9	
3.16797	0.0	3130	15.1	15.9	-0.8	15.9	0.0	15.9	
3.17188	-0.0	3130	15.1	16.0	-0.9	16.0	0.0	16.0	
3.17578	-0.0	3130	15.1	16.0	-0.9	16.0	0.0	16.0	
3.17969	0.0	3130	15.1	16.0	-0.9	16.0	0.0	16.0	
3.18359	0.0	3130	15.1	16.0	-0.9	16.0	0.0	16.0	
3.18750	0.0	3130	15.1	16.0	-0.9	16.0	0.0	16.0	
3.19141	0.0	3130	15.1	16.0	-0.9	16.0	0.0	16.0	
3.19531	0.1	3130	15.1	16.1	-1.0	16.1	0.0	16.1	
3.19922	0.1	3130	15.1	16.1	-1.0	16.1	0.0	16.1	
3.20312	0.1	3130	15.0	16.1	-1.1	16.1	0.0	16.1	
3.20703	0.1	3130	15.0	16.1	-1.1	16.1	0.0	16.1	
3.21094	0.2	3130	15.0	16.1	-1.1	16.1	0.0	16.1	
3.21484	0.2	3130	15.0	16.1	-1.1	16.1	0.0	16.1	
3.21875	0.2	3130	15.0	16.1	-1.1	16.1	0.0	16.1	
3.22266	0.2	3130	15.0	16.2	-1.2	16.2	0.0	16.2	
3.22656	0.2	3130	15.0	16.2	-1.2	16.2	0.0	16.2	
3.23047	0.2	3130	15.0	16.1	-1.1	16.1	0.0	16.1	
3.23438	0.2	3130	15.0	16.2	-1.2	16.2	0.0	16.2	
3.23828	0.1	3130	15.0	16.1	-1.1	16.1	0.0	16.1	
3.24219	0.1	3130	15.0	16.1	-1.1	16.1	0.0	16.1	
3.24609	0.1	3130	14.9	16.1	-1.2	16.1	0.0	16.1	
3.25000	0.1	3130	14.9	16.1	-1.2	16.1	0.0	16.1	
3.25391	0.1	3130	14.9	16.1	-1.2	16.1	0.0	16.1	
3.25781	0.1	3130	14.9	16.1	-1.2	16.1	0.0	16.1	
3.26172	0.1	3130	14.9	16.0	-1.1	16.0	0.0	16.0	
3.26562	0.0	3130	14.9	16.0	-1.1	16.0	0.0	16.0	
3.26953	0.0	3130	14.9	16.0	-1.1	16.0	0.0	16.0	
3.27344	-0.0	3130	14.9	15.9	-1.0	15.9	0.0	15.9	
3.27734	0.0	3130	14.9	15.9	-1.0	15.9	0.0	15.9	
3.28125	-0.0	3130	14.9	15.9	-1.0	15.9	0.0	15.9	
3.28516	-0.0	3130	14.9	15.8	-0.9	15.8	0.0	15.8	
3.28906	-0.0	3130	14.9	15.8	-0.9	15.8	0.0	15.8	
3.29297	-0.1	3130	14.9	15.8	-0.9	15.8	0.0	15.8	
3.29688	-0.1	3130	14.9	15.8	-0.9	15.8	0.0	15.8	
3.30078	-0.0	3130	14.9	15.8	-0.9	15.8	0.0	15.8	
3.30469	-0.0	3130	14.9	15.7	-0.8	15.7	0.0	15.7	
3.30859	-0.1	3130	14.9	15.7	-0.8	15.7	0.0	15.7	
3.31250	-0.1	3130	14.9	15.7	-0.8	15.7	0.0	15.7	
3.31641	-0.0	3130	14.9	15.7	-0.8	15.7	0.0	15.7	
3.32031	-0.0	3130	14.9	15.7	-0.8	15.7	0.0	15.7	
3.32422	-0.0	3130	14.9	15.7	-0.8	15.7	0.0	15.7	
3.32812	0.0	3130	14.9	15.7	-0.8	15.7	0.0	15.7	
3.33203	0.0	3130	14.9	15.6	-0.7	15.6	0.0	15.6	
3.33594	0.1	3130	14.9	15.6	-0.7	15.6	0.0	15.6	
3.33984	0.1	3130	14.9	15.6	-0.7	15.6	0.0	15.6	
3.34375	0.1	3130	14.8	15.6	-0.8	15.6	0.0	15.6	
3.34766	0.1	3130	14.8	15.6	-0.8	15.6	0.0	15.6	
3.35156	0.1	3130	14.8	15.6	-0.8	15.6	0.0	15.6	
3.35547	0.2	3130	14.8	15.6	-0.8	15.6	0.0	15.6	
3.35938	0.2	3130	14.8	15.6	-0.8	15.6	0.0	15.6	
3.36328	0.2	3130	14.8	15.6	-0.8	15.6	0.0	15.6	
3.36719	0.2	3130	14.8	15.6	-0.8	15.6	0.0	15.6	
3.37109	0.2	3130	14.8	15.6	-0.8	15.6	0.0	15.6	
3.37500	0.2	3130	14.8	15.6	-0.8	15.6	0.0	15.6	
3.37891	0.2	3130	14.8	15.6	-0.8	15.6	0.0	15.6	
3.38281	0.2	3130	14.8	15.6	-0.8	15.6	0.0	15.6	
3.38672	0.2	3130	14.7	15.6	-0.9	15.6	0.0	15.6	
3.39062	0.2	3130	14.7	15.6	-0.9	15.6	0.0	15.6	
3.39453	0.2	3130	14.7	15.6	-0.9	15.6	0.0	15.6	
3.39844	0.2	3130	14.7	15.6	-0.9	15.6	0.0	15.6	
3.40234	0.2	3130	14.7	15.6	-0.9	15.6	0.0	15.6	
3.40625	0.2	3130	14.7	15.6	-0.9	15.6	0.0	15.6	
3.41016	0.2	3130	14.7	15.6	-0.9	15.6	0.0	15.6	
3.41406	0.2	3130	14.6	15.5	-0.9	15.5	0.0	15.5	
3.41797	0.1	3130	14.6	15.5	-0.9	15.5	0.0	15.5	
3.42188	0.2	3131	14.6	15.5	-0.9	15.5	0.0	15.5	
3.42578	0.2	3131	14.6	15.5	-0.9	15.5	0.0	15.5	
3.42969	0.2	3131	14.6	15.5	-0.9	15.5	0.0	15.5	
3.43359	0.2	3131	14.6	15.5	-0.9	15.5	0.0	15.5	
3.43750	0.3	3131	14.6	15.4	-0.8	15.4	0.0	15.4	
3.44141	0.3	3131	14.6	15.4	-0.8	15.4	0.0	15.4	
3.44531	0.3	3131	14.5	15.4	-0.9	15.4	0.0	15.4	
3.44922	0.4	3131	14.5	15.4	-0.9	15.4	0.0	15.4	
3.45312	0.4	3131	14.5	15.3	-0.8	15.3	0.0	15.3	
3.45703	0.5	3131	14.5	15.3	-0.8	15.3	0.0	15.3	
3.46094	0.6	3131	14.5	15.2	-0.7	15.2	0.0	15.2	
3.46484	0.6	3131	14.5	15.2	-0.7	15.2	0.0	15.2	
3.46875	0.7	3131	14.4	15.2	-0.8	15.2	0.0	15.2	
3.47266	0.8	3131	14.4	15.1	-0.7	15.1	0.0	15.1	
3.47656	0.8	3131	14.4	15.1	-0.7	15.1	0.0	15.1	
3.48047	0.9	3131	14.3	15.0	-0.7	15.0	0.0	15.0	
3.48438	0.9	3131	14.3	15.0	-0.7	15.0	0.0	15.0	
3.48828	1.0	3131	14.3	14.9	-0.6	14.9	0.0	14.9	
3.49219	1.0	3131	14.3	14.9	-0.6	14.9	0.0	14.9	
3.49609	1.0	3131	14.2	14.8	-0.6	14.8	0.0	14.8	
3.50000	1.0	3131	14.2	14.8	-0.6	14.8	0.0	14.8	
3.50391	1.0	3131	14.1	14.7	-0.6	14.7	0.0	14.7	
3.50781	1.0	3131	14.1	14.7	-0.6	14.7	0.0	14.7	
3.51172	1.0	3131	14.1	14.7	-0.6	14.7	0.0	14.7	
3.51562	1.0	3132	14.0	14.6	-0.6	14.6	0.0	14.6	
3.51953	0.9	3132	14.0	14.6	-0.6	14.6	0.0	14.6	
3.52344	0.9	3132	14.0	14.5	-0.5	14.5	0.0	14.5	
3.52734	0.8	3132	13.9	14.5	-0.6	14.5	0.0	14.5	
3.53125	0.7	3132	13.9	14.4	-0.5	14.4	0.0	14.4	
3.53516	0.7	3132	13.8	14.4	-0.6	14.4	0.0	14.4	
3.53906	0.6	3132	13.8	14.3	-0.5	14.3	0.0	14.3	
3.54297	0.6	3132	13.8	14.3	-0.5	14.3	0.0	14.3	
3.54688	0.5	3132	13.7	14.3	-0.6	14.3	0.0	14.3	
3.55078	0.5	3132	13.7	14.2	-0.5	14.2	0.0	14.2	
3.55469	0.4	3132	13.7	14.2	-0.5	14.2	0.0	14.2	
3.55859	0.3	3132	13.7	14.1	-0.4	14.1	0.0	14.1	
3.56250	0.3	3132	13.6	14.1	-0.5	14.1	0.0	14.1	
3.56641	0.2	3132	13.6	14.1	-0.5	14.1	0.0	14.1	
3.57031	0.2	3132	13.6	14.0	-0.4	14.0	0.0	14.0	
3.57422	0.1	3132	13.5	14.0	-0.5	14.0	0.0	14.0	
3.57812	0.1	3132	13.5	14.0	-0.5	14.0	0.0	14.0	
3.58203	0.1	3132	13.5	13.9	-0.4	13.9	0.0	13.9	
3.58594	0.1	3132	13.5	13.9	-0.4	13.9	0.0	13.9	
3.58984	0.1	3132	13.4	13.8	-0.4	13.8	0.0	13.8	
3.59375	0.0	3132	13.4	13.8	-0.4	13.8	0.0	13.8	
3.59766	0.0	3132	13.4	13.8	-0.4	13.8	0.0	13.8	
3.60156	0.0	3132	13.3	13.8	-0.5	13.8	0.0	13.8	
3.60547	0.0	3132	13.3	13.7	-0.4	13.7	0.0	13.7	
3.60938	-0.0	3132	13.3	13.7	-0.4	13.7	0.0	13.7	
3.61328	-0.1	3132	13.2	13.7	-0.5	13.7	0.0	13.7	
3.61719	-0.0	3132	13.2	13.7	-0.5	13.7	0.0	13.7	
3.62109	-0.1	3132	13.2	13.6	-0.4	13.6	0.0	13.6	
3.62500	-0.1	3132	13.2	13.6	-0.4	13.6	0.0	13.6	
3.62891	-0.1	3132	13.2	13.6	-0.4	13.6	0.0	13.6	
3.63281	-0.1	3132	13.2	13.6	-0.4	13.6	0.0	13.6	
3.63672	-0.1	3132	13.1	13.6	-0.5	13.6	0.0	13.6	
3.64062	-0.2	3132	13.1	13.5	-0.4	13.5	0.0	13.5	
3.64453	-0.2	3132	13.1	13.5	-0.4	13.5	0.0	13.5	
3.64844	-0.2	3132	13.1	13.5	-0.4	13.5	0.0	13.5	
3.65234	-0.3	3132	13.2	13.5	-0.3	13.5	0.0	13.5	
3.65625	-0.3	3132	13.1	13.5	-0.4	13.5	0.0	13.5	
3.66016	-0.4	3132	13.2	13.4	-0.2	13.4	0.0	13.4	
3.66406	-0.4	3132	13.2	13.4	-0.2	13.4	0.0	13.4	
3.66797	-0.5	3132	13.2	13.4	-0.2	13.4	0.0	13.4	
3.67188	-0.6	3132	13.2	13.4	-0.2	13.4	0.0	13.4	
3.67578	-0.6	3132	13.2	13.4	-0.2	13.4	0.0	13.4	
3.67969	-0.7	3132	13.2	13.4	-0.2	13.4	0.0	13.4	
3.68359	-0.9	3132	13.2	13.4	-0.2	13.4	0.0	13.4	
3.68750	-1.0	3132	13.3	13.4	-0.1	13.4	0.0	13.4	
3.69141	-1.0	3132	13.3	13.5	-0.2	13.5	0.0	13.5	
3.69531	-1.2	3131	13.3	13.5	-0.2	13.5	0.0	13.5	
3.69922	-1.3	3131	13.3	13.5	-0.2	13.5	0.0	13.5	
3.70312	-1.4	3131	13.4	13.6	-0.2	13.6	0.0	13.6	
3.70703	-1.5	3131	13.4	13.6	-0.2	13.6	0.0	13.6	
3.71094	-1.7	3131	13.4	13.6	-0.2	13.6	0.0	13.6	
3.71484	-1.8	3131	13.5	13.7	-0.2	13.7	0.0	13.7	
3.71875	-1.9	3131	13.5	13.8	-0.3	13.8	0.0	13.8	
3.72266	-2.0	3131	13.5	13.8	-0.3	13.8	0.0	13.8	
3.72656	-2.1	3131	13.6	13.9	-0.3	13.9	0.0	13.9	
3.73047	-2.2	3130	13.6	14.0	-0.4	14.0	0.0	14.0	
3.73438	-2.4	3130	13.6	14.0	-0.4	14.0	0.0	14.0	
3.73828	-2.6	3130	13.7	14.1	-0.4	14.1	0.0	14.1	
3.74219	-2.7	3130	13.7	14.2	-0.5	14.2	0.0	14.2	
3.74609	-3.0	3130	13.8	14.3	-0.5	14.3	0.0	14.3	
3.75000	-3.2	3130	13.8	14.4	-0.6	14.4	0.0	14.4	
3.75391	-3.5	3129	13.8	14.5	-0.7	14.5	0.0	14.5	
3.75781	-3.8	3129	13.9	14.5	-0.6	14.5	0.0	14.5	
3.76172	-4.2	3129	14.0	14.6	-0.6	14.6	0.0	14.6	
3.76562	-4.6	3128	14.0	14.7	-0.7	14.7	0.0	14.7	
3.76953	-5.0	3128	14.1	14.8	-0.7	14.8	0.0	14.8	
3.77344	-5.4	3128	14.1	14.8	-0.7	14.8	0.0	14.8	
3.77734	-5.9	3127	14.2	14.9	-0.7	14.9	0.0	14.9	
3.78125	-6.3	3127	14.3	15.0	-0.7	15.0	0.0	15.0	
3.78516	-6.7	3127	14.4	15.1	-0.7	15.1	0.0	15.1	
3.78906	-7.1	3126	14.4	15.1	-0.7	15.1	0.0	15.1	
3.79297	-7.6	3126	14.5	15.2	-0.7	15.2	0.0	15.2	
3.79688	-8.1	3125	14.6	15.3	-0.7	15.3	0.0	15.3	
3.80078	-8.5	3125	14.7	15.4	-0.7	15.4	0.0	15.4	
3.80469	-9.0	3124	14.8	15.5	-0.7	15.5	0.0	15.5	
3.80859	-9.6	3123	14.9	15.6	-0.7	15.6	0.0	15.6	
3.81250	-10.0	3123	15.0	15.7	-0.7	15.7	0.0	15.7	
3.81641	-10.5	3122	15.1	15.8	-0.7	15.8	0.0	15.8	
3.82031	-11.0	3121	15.3	15.9	-0.6	15.9	0.0	15.9	
3.82422	-11.5	3121	15.4	16.1	-0.7	16.1	0.0	16.1	
3.82812	-11.9	3120	15.5	16.2	-0.7	16.2	0.0	16.2	
3.83203	-12.3	3119	15.7	16.4	-0.7	16.4	0.0	16.4	
3.83594	-12.6	3118	15.9	16.5	-0.6	16.5	0.0	16.5	
3.83984	-12.8	3117	16.0	16.7	-0.7	16.7	0.0	16.7	
3.84375	-13.0	3116	16.2	16.9	-0.7	16.9	0.0	16.9	
3.84766	-13.0	3116	16.5	17.1	-0.6	17.1	0.0	17.1	
3.85156	-13.0	3115	16.7	17.3	-0.6	17.3	0.0	17.3	
3.85547	-12.9	3114	16.9	17.5	-0.6	17.5	0.0	17.5	
3.85938	-12.7	3113	17.1	17.6	-0.5	17.6	0.0	17.6	
3.86328	-12.4	3112	17.4	17.8	-0.4	17.8	0.0	17.8	
3.86719	-12.1	3112	17.6	18.1	-0.5	18.1	0.0	18.1	
3.87109	-11.8	3111	17.8	18.3	-0.5	18.3	0.0	18.3	
3.87500	-11.4	3110	18.0	18.5	-0.5	18.5	0.0	18.5	
3.87891	-11.0	3109	18.2	18.7	-0.5	18.7	0.0	18.7	
3.88281	-10.7	3109	18.4	18.9	-0.5	18.9	0.0	18.9	
3.88672	-10.4	3108	18.6	19.1	-0.5	19.1	0.0	19.1	
3.89062	-10.1	3107	18.8	19.3	-0.5	19.3	0.0	19.3	
3.89453	-9.8	3107	19.0	19.5	-0.5	19.5	0.0	19.5	
3.89844	-9.6	3106	19.2	19.8	-0.6	19.8	0.0	19.8	
3.90234	-9.5	3105	19.4	20.0	-0.6	20.0	0.0	20.0	
3.90625	-9.4	3105	19.6	20.2	-0.6	20.2	0.0	20.2	
3.91016	-9.4	3104	19.8	20.4	-0.6	20.4	0.0	20.4	
3.91406	-9.4	3104	20.0	20.7	-0.7	20.7	0.0	20.7	
3.91797	-9.4	3103	20.3	20.9	-0.6	20.9	0.0	20.9	
3.92188	-9.4	3102	20.5	21.1	-0.6	21.1	0.0	21.1	
3.92578	-9.4	3102	20.7	21.4	-0.7	21.4	0.0	21.4	
3.92969	-9.4	3101	20.9	21.6	-0.7	21.6	0.0	21.6	
3.93359	-9.4	3100	21.1	21.8	-0.7	21.8	0.0	21.8	
3.93750	-9.3	3100	21.3	22.0	-0.7	22.0	0.0	22.0	
3.94141	-9.2	3099	21.5	22.3	-0.8	22.3	0.0	22.3	
3.94531	-9.0	3099	21.7	22.5	-0.8	22.5	0.0	22.5	
3.94922	-8.7	3098	21.9	22.7	-0.8	22.7	0.0	22.7	
3.95312	-8.4	3098	22.1	22.9	-0.8	22.9	0.0	22.9	
3.95703	-8.1	3097	22.3	23.2	-0.9	23.2	0.0	23.2	
3.96094	-7.7	3097	22.5	23.4	-0.9	23.4	0.0	23.4	
3.96484	-7.2	3096	22.6	23.6	-1.0	23.6	0.0	23.6	
3.96875	-6.7	3096	22.8	23.8	-1.0	23.8	0.0	23.8	
3.97266	-6.1	3095	23.0	24.0	-1.0	24.0	0.0	24.0	
3.97656	-5.4	3095	23.1	24.2	-1.1	24.2	0.0	24.2	
3.98047	-4.8	3095	23.3	24.4	-1.1	24.4	0.0	24.4	
3.98438	-4.1	3094	23.4	24.6	-1.2	24.6	0.0	24.6	
3.98828	-3.5	3094	23.5	24.7	-1.2	24.7	0.0	24.7	
3.99219	-2.9	3094	23.7	24.9	-1.2	24.9	0.0	24.9	
3.99609	-2.4	3094	23.8	25.1	-1.3	25.1	0.0	25.1	
4.00000	-1.9	3094	23.9	25.2	-1.3	25.2	0.0	25.2	
4.00391	-1.4	3094	24.0	25.4	-1.4	25.4	0.0	25.4	
4.00781	-1.1	3093	24.1	25.5	-1.4	25.5	0.0	25.5	
4.01172	-0.8	3093	24.2	25.7	-1.5	25.7	0.0	25.7	
4.01562	-0.5	3093	24.2	25.8	-1.6	25.8	0.0	25.8	
4.01953	-0.3	3093	24.3	26.0	-1.7	26.0	0.0	26.0	
4.02344	-0.1	3093	24.4	26.1	-1.7	26.1	0.0	26.1	
4.02734	0.1	3093	24.4	26.2	-1.8	26.2	0.0	26.2	
4.03125	0.2	3093	24.5	26.3	-1.8	26.3	0.0	26.3	
4.03516	0.4	3093	24.5	26.5	-2.0	26.5	0.0	26.5	
4.03906	0.6	3093	24.5	26.6	-2.1	26.6	0.0	26.6	
4.04297	0.8	3093	24.5	26.7	-2.2	26.7	0.0	26.7	
4.04688	1.1	3094	24.6	26.8	-2.2	26.8	0.0	26.8	
4.05078	1.4	3094	24.6	26.9	-2.3	26.9	0.0	26.9	
4.05469	1.8	3094	24.5	27.0	-2.5	27.0	0.0	27.0	
4.05859	2.3	3094	24.5	27.0	-2.5	27.0	0.0	27.0	
4.06250	2.7	3094	24.5	27.1	-2.6	27.1	0.0	27.1	
4.06641	3.1	3094	24.4	27.2	-2.8	27.2	0.0	27.2	
4.07031	3.4	3095	24.4	27.2	-2.8	27.2	0.0	27.2	
4.07422	3.7	3095	24.4	27.3	-2.9	27.3	0.0	27.3	
4.07812	4.0	3095	24.3	27.3	-3.0	27.3	0.0	27.3	
4.08203	4.1	3095	24.2	27.4	-3.2	27.4	0.0	27.4	
4.08594	4.2	3096	24.2	27.4	-3.2	27.4	0.0	27.4	
4.08984	4.4	3096	24.1	27.4	-3.3	27.4	0.0	27.4	
4.09375	4.5	3096	24.1	27.4	-3.3	27.4	0.0	27.4	
4.09766	4.5	3096	24.0	27.5	-3.5	27.5	0.0	27.5	
4.10156	4.5	3097	23.9	27.4	-3.5	27.4	0.0	27.4	
4.10547	4.5	3097	23.9	27.4	-3.5	27.4	0.0	27.4	
4.10938	4.5	3097	23.8	27.4	-3.6	27.4	0.0	27.4	
4.11328	4.5	3098	23.7	27.4	-3.7	27.4	0.0	27.4	
4.11719	4.5	3098	23.7	27.4	-3.7	27.4	0.0	27.4	
4.12109	4.4	3098	23.6	27.4	-3.8	27.4	0.0	27.4	
4.12500	4.3	3098	23.6	27.4	-3.8	27.4	0.0	27.4	
4.12891	4.2	3099	23.5	27.4	-3.9	27.4	0.0	27.4	
4.13281	4.1	3099	23.5	27.3	-3.8	27.3	0.0	27.3	
4.13672	4.1	3099	23.4	27.3	-3.9	27.3	0.0	27.3	
4.14062	4.1	3100	23.4	27.3	-3.9	27.3	0.0	27.3	
4.14453	4.1	3100	23.3	27.2	-3.9	27.2	0.0	27.2	
4.14844	4.3	3100	23.2	27.2	-4.0	27.2	0.0	27.2	
4.15234	4.5	3100	23.2	27.1	-3.9	27.1	0.0	27.1	
4.15625	4.7	3101	23.1	27.1	-4.0	27.1	0.0	27.1	
4.16016	5.0	3101	23.1	27.0	-3.9	27.0	0.0	27.0	
4.16406	5.3	3101	23.0	27.0	-4.0	27.0	0.0	27.0	
4.16797	5.6	3102	22.9	26.9	-4.0	26.9	0.0	26.9	
4.17188	5.8	3102	22.9	26.8	-3.9	26.8	0.0	26.8	
4.17578	6.0	3102	22.8	26.8	-4.0	26.8	0.0	26.8	
4.17969	6.0	3103	22.8	26.7	-3.9	26.7	0.0	26.7	
4.18359	6.0	3103	22.7	26.6	-3.9	26.6	0.0	26.6	
4.18750	5.9	3104	22.6	26.5	-3.9	26.5	0.0	26.5	
4.19141	5.6	3104	22.6	26.4	-3.8	26.4	0.0	26.4	
4.19531	5.4	3104	22.5	26.4	-3.9	26.4	0.0	26.4	
4.19922	5.1	3105	22.5	26.3	-3.8	26.3	0.0	26.3	
4.20312	4.8	3105	22.4	26.2	-3.8	26.2	0.0	26.2	
4.20703	4.5	3105	22.4	26.2	-3.8	26.2	0.0	26.2	
4.21094	4.2	3106	22.3	26.1	-3.8	26.1	0.0	26.1	
4.21484	4.1	3106	22.3	26.0	-3.7	26.0	0.0	26.0	
4.21875	4.0	3106	22.2	25.9	-3.7	25.9	0.0	25.9	
4.22266	4.0	3106	22.2	25.8	-3.6	25.8	0.0	25.8	
4.22656	4.0	3107	22.1	25.8	-3.7	25.8	0.0	25.8	
4.23047	4.1	3107	22.1	25.7	-3.6	25.7	0.0	25.7	
4.23438	4.3	3107	22.0	25.6	-3.6	25.6	0.0	25.6	
4.23828	4.5	3107	21.9	25.5	-3.6	25.5	0.0	25.5	
4.24219	4.7	3108	21.9	25.5	-3.6	25.5	0.0	25.5	
4.24609	4.9	3108	21.8	25.4	-3.6	25.4	0.0	25.4	
4.25000	5.1	3108	21.7	25.3	-3.6	25.3	0.0	25.3	
4.25391	5.2	3109	21.7	25.3	-3.6	25.3	0.0	25.3	
4.25781	5.3	3109	21.6	25.2	-3.6	25.2	0.0	25.2	
4.26172	5.4	3109	21.5	25.1	-3.6	25.1	0.0	25.1	
4.26562	5.5	3110	21.4	25.0	-3.6	25.0	0.0	25.0	
4.26953	5.6	3110	21.3	25.0	-3.7	25.0	0.0	25.0	
4.27344	5.6	3111	21.2	24.9	-3.7	24.9	0.0	24.9	
4.27734	5.6	3111	21.1	24.8	-3.7	24.8	0.0	24.8	
4.28125	5.6	3111	21.0	24.7	-3.7	24.7	0.0	24.7	
4.28516	5.6	3112	20.9	24.6	-3.7	24.6	0.0	24.6	
4.28906	5.5	3112	20.8	24.5	-3.7	24.5	0.0	24.5	
4.29297	5.5	3112	20.7	24.4	-3.7	24.4	0.0	24.4	
4.29688	5.5	3113	20.5	24.3	-3.8	24.3	0.0	24.3	
4.30078	5.4	3113	20.4	24.2	-3.8	24.2	0.0	24.2	
4.30469	5.3	3113	20.3	24.1	-3.8	24.1	0.0	24.1	
4.30859	5.2	3114	20.2	24.0	-3.8	24.0	0.0	24.0	
4.31250	5.0	3114	20.0	23.9	-3.9	23.9	0.0	23.9	
4.31641	4.9	3114	19.8	23.7	-3.9	23.7	0.0	23.7	
4.32031	4.7	3115	19.7	23.6	-3.9	23.6	0.0	23.6	
4.32422	4.3	3115	19.6	23.4	-3.8	23.4	0.0	23.4	
4.32812	4.0	3115	19.4	23.3	-3.9	23.3	0.0	23.3	
4.33203	3.7	3115	19.3	23.2	-3.9	23.2	0.0	23.2	
4.33594	3.3	3116	19.2	23.0	-3.8	23.0	0.0	23.0	
4.33984	3.0	3116	19.0	22.9	-3.9	22.9	0.0	22.9	
4.34375	2.6	3116	18.9	22.7	-3.8	22.7	0.0	22.7	
4.34766	2.2	3116	18.8	22.6	-3.8	22.6	0.0	22.6	
4.35156	1.9	3116	18.6	22.5	-3.9	22.5	0.0	22.5	
4.35547	1.6	3116	18.5	22.4	-3.9	22.4	0.0	22.4	
4.35938	1.3	3117	18.4	22.2	-3.8	22.2	0.0	22.2	
4.36328	1.1	3117	18.3	22.1	-3.8	22.1	0.0	22.1	
4.36719	0.9	3117	18.2	22.0	-3.8	22.0	0.0	22.0	
4.37109	0.7	3117	18.1	21.9	-3.8	21.9	0.0	21.9	
4.37500	0.7	3117	17.9	21.8	-3.9	21.8	0.0	21.8	
4.37891	0.6	3117	17.8	21.7	-3.9	21.7	0.0	21.7	
4.38281	0.6	3117	17.8	21.5	-3.7	21.5	0.0	21.5	
4.38672	0.6	3117	17.6	21.4	-3.8	21.4	0.0	21.4	
4.39062	0.6	3117	17.5	21.3	-3.8	21.3	0.0	21.3	
4.39453	0.7	3117	17.5	21.2	-3.7	21.2	0.0	21.2	
4.39844	0.8	3117	17.4	21.1	-3.7	21.1	0.0	21.1	
4.40234	0.9	3117	17.3	21.1	-3.8	21.1	0.0	21.1	
4.40625	1.0	3117	17.2	21.0	-3.8	21.0	0.0	21.0	
4.41016	1.1	3117	17.1	20.9	-3.8	20.9	0.0	20.9	
4.41406	1.1	3117	17.0	20.8	-3.8	20.8	0.0	20.8	
4.41797	1.2	3117	16.9	20.7	-3.8	20.7	0.0	20.7	
4.42188	1.3	3117	16.8	20.6	-3.8	20.6	0.0	20.6	
4.42578	1.3	3117	16.7	20.5	-3.8	20.5	0.0	20.5	
4.42969	1.3	3118	16.6	20.4	-3.8	20.4	0.0	20.4	
4.43359	1.3	3118	16.5	20.4	-3.9	20.4	0.0	20.4	
4.43750	1.3	3118	16.5	20.3	-3.8	20.3	0.0	20.3	
4.44141	1.2	3118	16.4	20.2	-3.8	20.2	0.0	20.2	
4.44531	1.1	3118	16.3	20.1	-3.8	20.1	0.0	20.1	
4.44922	1.0	3118	16.2	20.0	-3.8	20.0	0.0	20.0	
4.45312	0.9	3118	16.2	20.0	-3.8	20.0	0.0	20.0	
4.45703	0.8	3118	16.1	19.9	-3.8	19.9	0.0	19.9	
4.46094	0.7	3118	16.0	19.8	-3.8	19.8	0.0	19.8	
4.46484	0.6	3118	16.0	19.8	-3.8	19.8	0.0	19.8	
4.46875	0.4	3118	16.0	19.7	-3.7	19.7	0.0	19.7	
4.47266	0.3	3118	15.9	19.6	-3.7	19.6	0.0	19.6	
4.47656	0.3	3118	15.9	19.6	-3.7	19.6	0.0	19.6	
4.48047	0.2	3118	15.9	19.5	-3.6	19.5	0.0	19.5	
4.48438	0.1	3118	15.8	19.4	-3.6	19.4	0.0	19.4	
4.48828	0.1	3118	15.8	19.4	-3.6	19.4	0.0	19.4	
4.49219	0.1	3118	15.8	19.3	-3.5	19.3	0.0	19.3	
4.49609	0.0	3118	15.8	19.2	-3.4	19.2	0.0	19.2	
4.50000	0.0	3118	15.8	19.2	-3.4	19.2	0.0	19.2	
4.50391	0.1	3118	15.7	19.1	-3.4	19.1	0.0	19.1	
4.50781	0.1	3118	15.7	19.0	-3.3	19.0	0.0	19.0	
4.51172	0.1	3118	15.7	19.0	-3.3	19.0	0.0	19.0	
4.51562	0.1	3118	15.7	18.9	-3.2	18.9	0.0	18.9	
4.51953	0.1	3118	15.7	18.8	-3.1	18.8	0.0	18.8	
4.52344	0.1	3118	15.7	18.8	-3.1	18.8	0.0	18.8	
4.52734	0.1	3118	15.7	18.7	-3.0	18.7	0.0	18.7	
4.53125	0.1	3118	15.7	18.6	-2.9	18.6	0.0	18.6	
4.53516	0.1	3118	15.6	18.6	-3.0	18.6	0.0	18.6	
4.53906	0.1	3118	15.6	18.5	-2.9	18.5	0.0	18.5	
4.54297	0.1	3118	15.6	18.4	-2.8	18.4	0.0	18.4	
4.54688	0.1	3118	15.6	18.4	-2.8	18.4	0.0	18.4	
4.55078	0.2	3118	15.6	18.3	-2.7	18.3	0.0	18.3	
4.55469	0.1	3118	15.5	18.2	-2.7	18.2	0.0	18.2	
4.55859	0.1	3118	15.5	18.2	-2.7	18.2	0.0	18.2	
4.56250	0.1	3118	15.5	18.1	-2.6	18.1	0.0	18.1	
4.56641	0.2	3118	15.5	18.1	-2.6	18.1	0.0	18.1	
4.57031	0.1	3118	15.5	18.0	-2.5	18.0	0.0	18.0	
4.57422	0.1	3118	15.5	17.9	-2.4	17.9	0.0	17.9	
4.57812	0.1	3118	15.5	17.9	-2.4	17.9	0.0	17.9	
4.58203	0.1	3118	15.5	17.8	-2.3	17.8	0.0	17.8	
4.58594	0.1	3118	15.4	17.8	-2.4	17.8	0.0	17.8	
4.58984	0.1	3118	15.4	17.7	-2.3	17.7	0.0	17.7	
4.59375	0.1	3118	15.4	17.7	-2.3	17.7	0.0	17.7	
4.59766	0.1	3118	15.4	17.6	-2.2	17.6	0.0	17.6	
4.60156	0.1	3118	15.4	17.6	-2.2	17.6	0.0	17.6	
4.60547	0.1	3118	15.3	17.5	-2.2	17.5	0.0	17.5	
4.60938	0.0	3118	15.3	17.5	-2.2	17.5	0.0	17.5	
4.61328	0.1	3118	15.3	17.4	-2.1	17.4	0.0	17.4	
4.61719	0.0	3118	15.3	17.4	-2.1	17.4	0.0	17.4	
4.62109	-0.0	3118	15.3	17.4	-2.1	17.4	0.0	17.4	
4.62500	-0.0	3118	15.3	17.3	-2.0	17.3	0.0	17.3	
4.62891	-0.0	3118	15.3	17.3	-2.0	17.3	0.0	17.3	
4.63281	-0.0	3118	15.3	17.3	-2.0	17.3	0.0	17.3	
4.63672	-0.1	3118	15.3	17.2	-1.9	17.2	0.0	17.2	
4.64062	-0.0	3118	15.3	17.2	-1.9	17.2	0.0	17.2	
4.64453	-0.0	3118	15.3	17.2	-1.9	17.2	0.0	17.2	
4.64844	-0.1	3118	15.3	17.1	-1.8	17.1	0.0	17.1	
4.65234	-0.1	3118	15.3	17.1	-1.8	17.1	0.0	17.1	
4.65625	-0.1	3118	15.3	17.1	-1.8	17.1	0.0	17.1	
4.66016	-0.1	3118	15.3	17.1	-1.8	17.1	0.0	17.1	
4.66406	-0.1	3118	15.3	17.0	-1.7	17.0	0.0	17.0	
4.66797	-0.1	3118	15.3	17.0	-1.7	17.0	0.0	17.0	
4.67188	-0.1	3118	15.3	17.0	-1.7	17.0	0.0	17.0	
4.67578	-0.1	3118	15.3	17.0	-1.7	17.0	0.0	17.0	
4.67969	-0.1	3118	15.3	17.0	-1.7	17.0	0.0	17.0	
4.68359	-0.1	3118	15.3	17.0	-1.7	17.0	0.0	17.0	
4.68750	-0.1	3118	15.3	17.0	-1.7	17.0	0.0	17.0	
4.69141	-0.1	3118	15.3	17.0	-1.7	17.0	0.0	17.0	
4.69531	-0.1	3118	15.3	17.0	-1.7	17.0	0.0	17.0	
4.69922	-0.1	3118	15.3	16.9	-1.6	16.9	0.0	16.9	
4.70312	-0.1	3118	15.3	16.9	-1.6	16.9	0.0	16.9	
4.70703	-0.1	3118	15.3	16.9	-1.6	16.9	0.0	16.9	
4.71094	-0.1	3118	15.3	16.9	-1.6	16.9	0.0	16.9	
4.71484	-0.1	3118	15.3	16.9	-1.6	16.9	0.0	16.9	
4.71875	-0.1	3118	15.3	16.9	-1.6	16.9	0.0	16.9	
4.72266	-0.0	3118	15.3	16.9	-1.6	16.9	0.0	16.9	
4.72656	-0.1	3118	15.3	16.9	-1.6	16.9	0.0	16.9	
4.73047	-0.1	3118	15.3	16.9	-1.6	16.9	0.0	16.9	
4.73438	-0.1	3118	15.3	16.8	-1.5	16.8	0.0	16.8	
4.73828	-0.1	3118	15.3	16.8	-1.5	16.8	0.0	16.8	
4.74219	-0.0	3118	15.3	16.8	-1.5	16.8	0.0	16.8	
4.74609	-0.0	3118	15.3	16.8	-1.5	16.8	0.0	16.8	
4.75000	-0.0	3118	15.3	16.8	-1.5	16.8	0.0	16.8	
4.75391	-0.0	3118	15.3	16.8	-1.5	16.8	0.0	16.8	
4.75781	-0.0	3118	15.3	16.8	-1.5	16.8	0.0	16.8	
4.76172	-0.0	3118	15.3	16.8	-1.5	16.8	0.0	16.8	
4.76562	0.0	3118	15.3	16.8	-1.5	16.8	0.0	16.8	
4.76953	0.1	3118	15.3	16.8	-1.5	16.8	0.0	16.8	
4.77344	0.1	3118	15.3	16.8	-1.5	16.8	0.0	16.8	
4.77734	0.1	3118	15.3	16.8	-1.5	16.8	0.0	16.8	
4.78125	0.1	3118	15.3	16.9	-1.6	16.9	0.0	16.9	
4.78516	0.1	3118	15.3	16.9	-1.6	16.9	0.0	16.9	
4.78906	0.1	3118	15.3	16.9	-1.6	16.9	0.0	16.9	
4.79297	0.2	3118	15.3	16.9	-1.6	16.9	0.0	16.9	
4.79688	0.2	3118	15.3	16.9	-1.6	16.9	0.0	16.9	
4.80078	0.2	3118	15.3	16.9	-1.6	16.9	0.0	16.9	
4.80469	0.2	3118	15.3	17.0	-1.7	17.0	0.0	17.0	
4.80859	0.3	3118	15.2	17.0	-1.8	17.0	0.0	17.0	
4.81250	0.3	3118	15.2	17.0	-1.8	17.0	0.0	17.0	
4.81641	0.3	3118	15.2	17.0	-1.8	17.0	0.0	17.0	
4.82031	0.4	3118	15.2	17.0	-1.8	17.0	0.0	17.0	
4.82422	0.4	3118	15.2	17.0	-1.8	17.0	0.0	17.0	
4.82812	0.4	3119	15.2	17.0	-1.8	17.0	0.0	17.0	
4.83203	0.4	3119	15.2	17.0	-1.8	17.0	0.0	17.0	
4.83594	0.4	3119	15.2	17.0	-1.8	17.0	0.0	17.0	
4.83984	0.4	3119	15.1	17.0	-1.9	17.0	0.0	17.0	
4.84375	0.3	3119	15.1	17.0	-1.9	17.0	0.0	17.0	
4.84766	0.3	3119	15.1	17.0	-1.9	17.0	0.0	17.0	
4.85156	0.3	3119	15.1	16.9	-1.8	16.9	0.0	16.9	
4.85547	0.2	3119	15.1	16.9	-1.8	16.9	0.0	16.9	
4.85938	0.2	3119	15.1	16.9	-1.8	16.9	0.0	16.9	
4.86328	0.2	3119	15.1	16.9	-1.8	16.9	0.0	16.9	
4.86719	0.1	3119	15.0	16.8	-1.8	16.8	0.0	16.8	
4.87109	0.1	3119	15.0	16.8	-1.8	16.8	0.0	16.8	
4.87500	0.0	3119	15.0	16.8	-1.8	16.8	0.0	16.8	
4.87891	0.0	3119	15.0	16.7	-1.7	16.7	0.0	16.7	
4.88281	-0.0	3119	15.0	16.7	-1.7	16.7	0.0	16.7	
4.88672	-0.0	3119	15.0	16.7	-1.7	16.7	0.0	16.7	
4.89062	-0.0	3119	15.0	16.7	-1.7	16.7	0.0	16.7	
4.89453	-0.1	3119	15.0	16.6	-1.6	16.6	0.0	16.6	
4.89844	-0.1	3119	15.0	16.6	-1.6	16.6	0.0	16.6	
4.90234	-0.1	3119	15.0	16.6	-1.6	16.6	0.0	16.6	
