FluxView - FluxMed acquisition system
Signal file
Serial Number	:
W version:	1.20h-OX-CO2	File version:	1.13
Sampling rate:	256 Hz
Time	Flow	Volume	Paw	Pes	Ptpulm	Pga	Ptdiaf	CO2	
0.00391	2.2	-10990	12.5	14.7	-2.2	14.7	0.0	14.7	
0.00781	2.1	-10990	12.4	14.6	-2.2	14.6	0.0	14.6	
0.01172	2.0	-10990	12.3	14.4	-2.1	14.4	0.0	14.4	
0.01562	2.1	-10990	12.2	14.3	-2.1	14.3	0.0	14.3	
0.01953	2.4	-10989	12.1	14.2	-2.1	14.2	0.0	14.2	
0.02344	2.6	-10989	11.9	14.1	-2.2	14.1	0.0	14.1	
0.02734	2.7	-10989	11.7	14.0	-2.3	14.0	0.0	14.0	
0.03125	2.7	-10989	11.6	13.9	-2.3	13.9	0.0	13.9	
0.03516	2.3	-10989	11.6	13.8	-2.2	13.8	0.0	13.8	
0.03906	2.5	-10989	11.6	13.6	-2.0	13.6	0.0	13.6	
0.04297	3.0	-10988	11.7	13.5	-1.8	13.5	0.0	13.5	
0.04688	3.1	-10988	11.3	13.4	-2.1	13.4	0.0	13.4	
0.05078	3.2	-10988	10.7	13.3	-2.6	13.3	0.0	13.3	
0.05469	2.9	-10988	10.6	13.2	-2.6	13.2	0.0	13.2	
0.05859	2.1	-10988	10.7	13.1	-2.4	13.1	0.0	13.1	
0.06250	1.9	-10988	10.7	13.0	-2.3	13.0	0.0	13.0	
0.06641	1.8	-10987	10.6	12.9	-2.3	12.9	0.0	12.9	
0.07031	1.7	-10987	10.5	12.8	-2.3	12.8	0.0	12.8	
0.07422	1.9	-10987	10.4	12.8	-2.4	12.8	0.0	12.8	
0.07812	2.1	-10987	10.3	12.7	-2.4	12.7	0.0	12.7	
0.08203	1.9	-10987	10.1	12.6	-2.5	12.6	0.0	12.6	
0.08594	1.7	-10987	10.0	12.5	-2.5	12.5	0.0	12.5	
0.08984	1.4	-10987	10.0	12.4	-2.4	12.4	0.0	12.4	
0.09375	1.1	-10987	9.9	12.4	-2.5	12.4	0.0	12.4	
0.09766	0.9	-10987	9.8	12.3	-2.5	12.3	0.0	12.3	
0.10156	0.9	-10987	9.7	12.2	-2.5	12.2	0.0	12.2	
0.10547	1.0	-10986	9.6	12.1	-2.5	12.1	0.0	12.1	
0.10938	1.1	-10986	9.6	12.0	-2.4	12.0	0.0	12.0	
0.11328	1.2	-10986	9.4	12.0	-2.6	12.0	0.0	12.0	
0.11719	1.4	-10986	9.3	11.9	-2.6	11.9	0.0	11.9	
0.12109	1.4	-10986	9.3	11.8	-2.5	11.8	0.0	11.8	
0.12500	1.4	-10986	9.1	11.7	-2.6	11.7	0.0	11.7	
0.12891	1.4	-10986	9.0	11.7	-2.7	11.7	0.0	11.7	
0.13281	1.4	-10986	9.0	11.6	-2.6	11.6	0.0	11.6	
0.13672	1.5	-10986	8.8	11.4	-2.6	11.4	0.0	11.4	
0.14062	1.4	-10986	8.8	11.4	-2.6	11.4	0.0	11.4	
0.14453	1.2	-10986	8.8	11.3	-2.5	11.3	0.0	11.3	
0.14844	1.2	-10986	8.7	11.2	-2.5	11.2	0.0	11.2	
0.15234	1.3	-10985	8.5	11.2	-2.7	11.2	0.0	11.2	
0.15625	1.2	-10985	8.4	11.1	-2.7	11.1	0.0	11.1	
0.16016	1.1	-10985	8.3	11.0	-2.7	11.0	0.0	11.0	
0.16406	1.0	-10985	8.2	10.9	-2.7	10.9	0.0	10.9	
0.16797	1.1	-10985	8.2	10.8	-2.6	10.8	0.0	10.8	
0.17188	0.9	-10985	8.1	10.8	-2.7	10.8	0.0	10.8	
0.17578	0.6	-10985	8.1	10.7	-2.6	10.7	0.0	10.7	
0.17969	0.6	-10985	8.0	10.6	-2.6	10.6	0.0	10.6	
0.18359	0.6	-10985	7.9	10.5	-2.6	10.5	0.0	10.5	
0.18750	0.5	-10985	7.9	10.4	-2.5	10.4	0.0	10.4	
0.19141	0.6	-10985	7.8	10.3	-2.5	10.3	0.0	10.3	
0.19531	0.6	-10985	7.8	10.2	-2.4	10.2	0.0	10.2	
0.19922	0.5	-10985	7.7	10.2	-2.5	10.2	0.0	10.2	
0.20312	0.4	-10985	7.7	10.0	-2.3	10.0	0.0	10.0	
0.20703	0.5	-10985	7.6	10.0	-2.4	10.0	0.0	10.0	
0.21094	0.4	-10985	7.5	9.9	-2.4	9.9	0.0	9.9	
0.21484	0.3	-10985	7.5	9.8	-2.3	9.8	0.0	9.8	
0.21875	0.3	-10985	7.5	9.7	-2.2	9.7	0.0	9.7	
0.22266	0.4	-10985	7.4	9.6	-2.2	9.6	0.0	9.6	
0.22656	0.4	-10985	7.3	9.5	-2.2	9.5	0.0	9.5	
0.23047	0.3	-10985	7.3	9.5	-2.2	9.5	0.0	9.5	
0.23438	0.2	-10985	7.3	9.4	-2.1	9.4	0.0	9.4	
0.23828	0.1	-10985	7.2	9.3	-2.1	9.3	0.0	9.3	
0.24219	0.1	-10985	7.2	9.2	-2.0	9.2	0.0	9.2	
0.24609	0.2	-10985	7.2	9.1	-1.9	9.1	0.0	9.1	
0.25000	0.0	-10985	7.1	9.1	-2.0	9.1	0.0	9.1	
0.25391	-0.0	-10985	7.1	9.1	-2.0	9.1	0.0	9.1	
0.25781	0.0	-10985	7.1	9.0	-1.9	9.0	0.0	9.0	
0.26172	-0.1	-10985	7.0	8.9	-1.9	8.9	0.0	8.9	
0.26562	0.0	-10985	7.0	8.8	-1.8	8.8	0.0	8.8	
0.26953	0.0	-10985	7.0	8.8	-1.8	8.8	0.0	8.8	
0.27344	-0.2	-10985	7.0	8.7	-1.7	8.7	0.0	8.7	
0.27734	-0.2	-10985	7.0	8.6	-1.6	8.6	0.0	8.6	
0.28125	-0.0	-10985	7.0	8.6	-1.6	8.6	0.0	8.6	
0.28516	-0.2	-10985	6.9	8.5	-1.6	8.5	0.0	8.5	
0.28906	-0.2	-10985	6.9	8.5	-1.6	8.5	0.0	8.5	
0.29297	0.1	-10985	6.8	8.5	-1.7	8.5	0.0	8.5	
0.29688	0.1	-10985	6.8	8.4	-1.6	8.4	0.0	8.4	
0.30078	-0.0	-10985	6.8	8.3	-1.5	8.3	0.0	8.3	
0.30469	0.1	-10985	6.8	8.3	-1.5	8.3	0.0	8.3	
0.30859	0.1	-10985	6.7	8.2	-1.5	8.2	0.0	8.2	
0.31250	0.1	-10985	6.7	8.2	-1.5	8.2	0.0	8.2	
0.31641	0.3	-10985	6.7	8.1	-1.4	8.1	0.0	8.1	
0.32031	0.3	-10985	6.6	8.0	-1.4	8.0	0.0	8.0	
0.32422	0.1	-10985	6.6	7.9	-1.3	7.9	0.0	7.9	
0.32812	0.1	-10985	6.6	7.9	-1.3	7.9	0.0	7.9	
0.33203	0.1	-10985	6.5	7.9	-1.4	7.9	0.0	7.9	
0.33594	-0.0	-10985	6.5	7.9	-1.4	7.9	0.0	7.9	
0.33984	-0.1	-10985	6.4	7.8	-1.4	7.8	0.0	7.8	
0.34375	-0.1	-10985	6.5	7.7	-1.2	7.7	0.0	7.7	
0.34766	-0.2	-10985	6.5	7.7	-1.2	7.7	0.0	7.7	
0.35156	-0.3	-10985	6.5	7.6	-1.1	7.6	0.0	7.6	
0.35547	-0.3	-10985	6.5	7.6	-1.1	7.6	0.0	7.6	
0.35938	-0.3	-10985	6.5	7.6	-1.1	7.6	0.0	7.6	
0.36328	-0.4	-10985	6.5	7.5	-1.0	7.5	0.0	7.5	
0.36719	-0.3	-10985	6.4	7.5	-1.1	7.5	0.0	7.5	
0.37109	-0.4	-10985	6.5	7.4	-0.9	7.4	0.0	7.4	
0.37500	-0.6	-10985	6.5	7.4	-0.9	7.4	0.0	7.4	
0.37891	-0.4	-10985	6.5	7.3	-0.8	7.3	0.0	7.3	
0.38281	-0.3	-10985	6.5	7.3	-0.8	7.3	0.0	7.3	
0.38672	-0.4	-10985	6.5	7.3	-0.8	7.3	0.0	7.3	
0.39062	-0.3	-10985	6.5	7.3	-0.8	7.3	0.0	7.3	
0.39453	-0.3	-10985	6.5	7.3	-0.8	7.3	0.0	7.3	
0.39844	-0.4	-10985	6.5	7.2	-0.7	7.2	0.0	7.2	
0.40234	-0.3	-10985	6.5	7.2	-0.7	7.2	0.0	7.2	
0.40625	-0.2	-10985	6.5	7.2	-0.7	7.2	0.0	7.2	
0.41016	-0.3	-10985	6.5	7.1	-0.6	7.1	0.0	7.1	
0.41406	-0.3	-10985	6.5	7.1	-0.6	7.1	0.0	7.1	
0.41797	-0.2	-10985	6.5	7.1	-0.6	7.1	0.0	7.1	
0.42188	-0.2	-10985	6.5	7.1	-0.6	7.1	0.0	7.1	
0.42578	-0.3	-10985	6.5	7.1	-0.6	7.1	0.0	7.1	
0.42969	-0.2	-10985	6.5	7.0	-0.5	7.0	0.0	7.0	
0.43359	-0.1	-10985	6.4	7.0	-0.6	7.0	0.0	7.0	
0.43750	-0.2	-10985	6.4	7.0	-0.6	7.0	0.0	7.0	
0.44141	-0.3	-10985	6.5	6.9	-0.4	6.9	0.0	6.9	
0.44531	-0.2	-10985	6.5	6.9	-0.4	6.9	0.0	6.9	
0.44922	-0.4	-10985	6.5	6.9	-0.4	6.9	0.0	6.9	
0.45312	-0.4	-10985	6.5	6.8	-0.3	6.8	0.0	6.8	
0.45703	-0.2	-10985	6.5	6.8	-0.3	6.8	0.0	6.8	
0.46094	-0.3	-10985	6.4	6.9	-0.5	6.9	0.0	6.9	
0.46484	-0.3	-10985	6.4	6.9	-0.5	6.9	0.0	6.9	
0.46875	-0.2	-10985	6.4	6.8	-0.4	6.8	0.0	6.8	
0.47266	-0.4	-10985	6.4	6.8	-0.4	6.8	0.0	6.8	
0.47656	-0.4	-10985	6.5	6.7	-0.2	6.7	0.0	6.7	
0.48047	-0.2	-10985	6.4	6.7	-0.3	6.7	0.0	6.7	
0.48438	-0.3	-10985	6.4	6.7	-0.3	6.7	0.0	6.7	
0.48828	-0.4	-10985	6.5	6.6	-0.1	6.6	0.0	6.6	
0.49219	-0.3	-10985	6.5	6.6	-0.1	6.6	0.0	6.6	
0.49609	-0.3	-10985	6.4	6.7	-0.3	6.7	0.0	6.7	
0.50000	-0.4	-10985	6.5	6.6	-0.1	6.6	0.0	6.6	
0.50391	-0.3	-10985	6.5	6.6	-0.1	6.6	0.0	6.6	
0.50781	-0.3	-10985	6.5	6.6	-0.1	6.6	0.0	6.6	
0.51172	-0.4	-10985	6.4	6.5	-0.1	6.5	0.0	6.5	
0.51562	-0.3	-10985	6.4	6.5	-0.1	6.5	0.0	6.5	
0.51953	-0.2	-10985	6.4	6.5	-0.1	6.5	0.0	6.5	
0.52344	-0.2	-10985	6.5	6.5	0.0	6.5	0.0	6.5	
0.52734	-0.3	-10986	6.5	6.5	0.0	6.5	0.0	6.5	
0.53125	-0.3	-10986	6.5	6.5	0.0	6.5	0.0	6.5	
0.53516	-0.3	-10986	6.4	6.5	-0.1	6.5	0.0	6.5	
0.53906	-0.3	-10986	6.4	6.5	-0.1	6.5	0.0	6.5	
0.54297	-0.4	-10986	6.4	6.4	0.0	6.4	0.0	6.4	
0.54688	-0.5	-10986	6.4	6.4	0.0	6.4	0.0	6.4	
0.55078	-0.4	-10986	6.4	6.3	0.1	6.3	0.0	6.3	
0.55469	-0.2	-10986	6.4	6.3	0.1	6.3	0.0	6.3	
0.55859	-0.3	-10986	6.4	6.3	0.1	6.3	0.0	6.3	
0.56250	-0.4	-10986	6.4	6.3	0.1	6.3	0.0	6.3	
0.56641	-0.3	-10986	6.4	6.3	0.1	6.3	0.0	6.3	
0.57031	-0.3	-10986	6.4	6.3	0.1	6.3	0.0	6.3	
0.57422	-0.3	-10986	6.5	6.2	0.3	6.2	0.0	6.2	
0.57812	-0.3	-10986	6.5	6.2	0.3	6.2	0.0	6.2	
0.58203	-0.3	-10986	6.5	6.2	0.3	6.2	0.0	6.2	
0.58594	-0.4	-10986	6.4	6.2	0.2	6.2	0.0	6.2	
0.58984	-0.4	-10986	6.4	6.2	0.2	6.2	0.0	6.2	
0.59375	-0.4	-10986	6.5	6.2	0.3	6.2	0.0	6.2	
0.59766	-0.5	-10986	6.5	6.2	0.3	6.2	0.0	6.2	
0.60156	-0.5	-10986	6.5	6.1	0.4	6.1	0.0	6.1	
0.60547	-0.5	-10986	6.5	6.2	0.3	6.2	0.0	6.2	
0.60938	-0.5	-10986	6.6	6.2	0.4	6.2	0.0	6.2	
0.61328	-0.5	-10986	6.6	6.1	0.5	6.1	0.0	6.1	
0.61719	-0.5	-10986	6.7	6.1	0.6	6.1	0.0	6.1	
0.62109	-0.6	-10986	6.7	6.1	0.6	6.1	0.0	6.1	
0.62500	-0.7	-10986	6.7	6.1	0.6	6.1	0.0	6.1	
0.62891	-0.6	-10986	6.8	6.2	0.6	6.2	0.0	6.2	
0.63281	-0.6	-10986	6.8	6.2	0.6	6.2	0.0	6.2	
0.63672	-0.9	-10986	6.9	6.1	0.8	6.1	0.0	6.1	
0.64062	-0.9	-10986	6.9	6.1	0.8	6.1	0.0	6.1	
0.64453	-0.9	-10986	7.0	6.1	0.9	6.1	0.0	6.1	
0.64844	-1.1	-10986	7.1	6.2	0.9	6.2	0.0	6.2	
0.65234	-1.1	-10987	7.1	6.2	0.9	6.2	0.0	6.2	
0.65625	-1.1	-10987	7.3	6.2	1.1	6.2	0.0	6.2	
0.66016	-1.5	-10987	7.4	6.2	1.2	6.2	0.0	6.2	
0.66406	-1.6	-10987	7.4	6.2	1.2	6.2	0.0	6.2	
0.66797	-1.6	-10987	7.5	6.2	1.3	6.2	0.0	6.2	
0.67188	-1.9	-10987	7.6	6.3	1.3	6.3	0.0	6.3	
0.67578	-2.1	-10987	7.8	6.3	1.5	6.3	0.0	6.3	
0.67969	-2.2	-10987	7.9	6.3	1.6	6.3	0.0	6.3	
0.68359	-2.4	-10988	8.0	6.4	1.6	6.4	0.0	6.4	
0.68750	-2.5	-10988	8.2	6.4	1.8	6.4	0.0	6.4	
0.69141	-2.7	-10988	8.4	6.4	2.0	6.4	0.0	6.4	
0.69531	-3.0	-10988	8.5	6.5	2.0	6.5	0.0	6.5	
0.69922	-3.4	-10988	8.7	6.5	2.2	6.5	0.0	6.5	
0.70312	-3.6	-10988	8.9	6.6	2.3	6.6	0.0	6.6	
0.70703	-3.9	-10989	9.1	6.7	2.4	6.7	0.0	6.7	
0.71094	-4.3	-10989	9.2	6.7	2.5	6.7	0.0	6.7	
0.71484	-4.4	-10989	9.4	6.7	2.7	6.7	0.0	6.7	
0.71875	-4.4	-10990	9.6	6.8	2.8	6.8	0.0	6.8	
0.72266	-4.8	-10990	9.9	6.9	3.0	6.9	0.0	6.9	
0.72656	-5.2	-10990	10.0	7.0	3.0	7.0	0.0	7.0	
0.73047	-5.3	-10991	10.2	7.0	3.2	7.0	0.0	7.0	
0.73438	-5.5	-10991	10.5	7.1	3.4	7.1	0.0	7.1	
0.73828	-5.5	-10991	10.6	7.2	3.4	7.2	0.0	7.2	
0.74219	-5.4	-10992	10.8	7.3	3.5	7.3	0.0	7.3	
0.74609	-5.7	-10992	11.0	7.4	3.6	7.4	0.0	7.4	
0.75000	-5.6	-10992	11.2	7.4	3.8	7.4	0.0	7.4	
0.75391	-5.3	-10993	11.5	7.5	4.0	7.5	0.0	7.5	
0.75781	-5.3	-10993	11.7	7.7	4.0	7.7	0.0	7.7	
0.76172	-5.3	-10993	11.9	7.8	4.1	7.8	0.0	7.8	
0.76562	-5.0	-10994	12.0	7.9	4.1	7.9	0.0	7.9	
0.76953	-4.9	-10994	12.2	8.0	4.2	8.0	0.0	8.0	
0.77344	-4.9	-10994	12.4	8.1	4.3	8.1	0.0	8.1	
0.77734	-4.7	-10995	12.6	8.3	4.3	8.3	0.0	8.3	
0.78125	-4.3	-10995	12.7	8.3	4.4	8.3	0.0	8.3	
0.78516	-4.5	-10995	12.9	8.4	4.5	8.4	0.0	8.4	
0.78906	-4.6	-10996	13.1	8.6	4.5	8.6	0.0	8.6	
0.79297	-4.3	-10996	13.2	8.7	4.5	8.7	0.0	8.7	
0.79688	-4.1	-10996	13.4	8.7	4.7	8.7	0.0	8.7	
0.80078	-3.9	-10996	13.5	8.9	4.6	8.9	0.0	8.9	
0.80469	-3.4	-10997	13.6	8.9	4.7	8.9	0.0	8.9	
0.80859	-3.3	-10997	13.7	9.1	4.6	9.1	0.0	9.1	
0.81250	-3.2	-10997	13.9	9.3	4.6	9.3	0.0	9.3	
0.81641	-2.9	-10997	14.0	9.4	4.6	9.4	0.0	9.4	
0.82031	-2.8	-10997	14.1	9.5	4.6	9.5	0.0	9.5	
0.82422	-2.5	-10998	14.2	9.6	4.6	9.6	0.0	9.6	
0.82812	-2.1	-10998	14.2	9.7	4.5	9.7	0.0	9.7	
0.83203	-1.9	-10998	14.4	9.8	4.6	9.8	0.0	9.8	
0.83594	-1.8	-10998	14.4	10.0	4.4	10.0	0.0	10.0	
0.83984	-1.5	-10998	14.4	10.1	4.3	10.1	0.0	10.1	
0.84375	-1.4	-10998	14.5	10.2	4.3	10.2	0.0	10.2	
0.84766	-1.4	-10998	14.6	10.3	4.3	10.3	0.0	10.3	
0.85156	-1.2	-10998	14.6	10.3	4.3	10.3	0.0	10.3	
0.85547	-1.2	-10998	14.7	10.5	4.2	10.5	0.0	10.5	
0.85938	-1.1	-10998	14.8	10.6	4.2	10.6	0.0	10.6	
0.86328	-1.0	-10999	14.9	10.6	4.3	10.6	0.0	10.6	
0.86719	-1.3	-10999	14.9	10.8	4.1	10.8	0.0	10.8	
0.87109	-1.4	-10999	14.9	10.8	4.1	10.8	0.0	10.8	
0.87500	-1.4	-10999	15.0	10.9	4.1	10.9	0.0	10.9	
0.87891	-1.4	-10999	15.0	10.9	4.1	10.9	0.0	10.9	
0.88281	-1.3	-10999	15.2	11.0	4.2	11.0	0.0	11.0	
0.88672	-1.3	-10999	15.2	11.2	4.0	11.2	0.0	11.2	
0.89062	-1.1	-10999	15.2	11.2	4.0	11.2	0.0	11.2	
0.89453	-0.9	-10999	15.2	11.3	3.9	11.3	0.0	11.3	
0.89844	-0.9	-10999	15.3	11.3	4.0	11.3	0.0	11.3	
0.90234	-0.8	-10999	15.4	11.4	4.0	11.4	0.0	11.4	
0.90625	-0.6	-10999	15.4	11.5	3.9	11.5	0.0	11.5	
0.91016	-0.6	-10999	15.4	11.6	3.8	11.6	0.0	11.6	
0.91406	-0.6	-10999	15.4	11.6	3.8	11.6	0.0	11.6	
0.91797	-0.5	-10999	15.4	11.7	3.7	11.7	0.0	11.7	
0.92188	-0.4	-10999	15.4	11.8	3.6	11.8	0.0	11.8	
0.92578	-0.6	-10999	15.5	11.9	3.6	11.9	0.0	11.9	
0.92969	-0.6	-11000	15.5	12.0	3.5	12.0	0.0	12.0	
0.93359	-0.5	-11000	15.5	12.1	3.4	12.1	0.0	12.1	
0.93750	-0.4	-11000	15.5	12.1	3.4	12.1	0.0	12.1	
0.94141	-0.5	-11000	15.6	12.3	3.3	12.3	0.0	12.3	
0.94531	-0.5	-11000	15.5	12.3	3.2	12.3	0.0	12.3	
0.94922	-0.6	-11000	15.6	12.4	3.2	12.4	0.0	12.4	
0.95312	-0.7	-11000	15.6	12.5	3.1	12.5	0.0	12.5	
0.95703	-0.6	-11000	15.6	12.6	3.0	12.6	0.0	12.6	
0.96094	-0.6	-11000	15.7	12.7	3.0	12.7	0.0	12.7	
0.96484	-0.6	-11000	15.7	12.8	2.9	12.8	0.0	12.8	
0.96875	-0.6	-11000	15.7	12.8	2.9	12.8	0.0	12.8	
0.97266	-0.7	-11000	15.7	12.9	2.8	12.9	0.0	12.9	
0.97656	-0.6	-11000	15.7	13.0	2.7	13.0	0.0	13.0	
0.98047	-0.6	-11000	15.8	13.1	2.7	13.1	0.0	13.1	
0.98438	-0.7	-11000	15.8	13.2	2.6	13.2	0.0	13.2	
0.98828	-0.7	-11000	15.8	13.2	2.6	13.2	0.0	13.2	
0.99219	-0.5	-11000	15.9	13.3	2.6	13.3	0.0	13.3	
0.99609	-0.6	-11000	15.9	13.4	2.5	13.4	0.0	13.4	
1.00000	-0.7	-11000	15.9	13.5	2.4	13.5	0.0	13.5	
1.00391	-0.6	-11000	16.0	13.5	2.5	13.5	0.0	13.5	
1.00781	-0.6	-11000	16.0	13.6	2.4	13.6	0.0	13.6	
1.01172	-0.7	-11000	16.0	13.6	2.4	13.6	0.0	13.6	
1.01562	-0.7	-11000	16.1	13.7	2.4	13.7	0.0	13.7	
1.01953	-0.5	-11000	16.1	13.8	2.3	13.8	0.0	13.8	
1.02344	-0.5	-11000	16.1	13.8	2.3	13.8	0.0	13.8	
1.02734	-0.7	-11001	16.1	13.9	2.2	13.9	0.0	13.9	
1.03125	-0.6	-11001	16.2	14.0	2.2	14.0	0.0	14.0	
1.03516	-0.6	-11001	16.2	14.0	2.2	14.0	0.0	14.0	
1.03906	-0.7	-11001	16.2	14.1	2.1	14.1	0.0	14.1	
1.04297	-0.6	-11001	16.3	14.2	2.1	14.2	0.0	14.2	
1.04688	-0.7	-11001	16.3	14.2	2.1	14.2	0.0	14.2	
1.05078	-0.8	-11001	16.3	14.3	2.0	14.3	0.0	14.3	
1.05469	-0.6	-11001	16.4	14.4	2.0	14.4	0.0	14.4	
1.05859	-0.5	-11001	16.4	14.4	2.0	14.4	0.0	14.4	
1.06250	-0.6	-11001	16.4	14.5	1.9	14.5	0.0	14.5	
1.06641	-0.5	-11001	16.4	14.5	1.9	14.5	0.0	14.5	
1.07031	-0.5	-11001	16.4	14.5	1.9	14.5	0.0	14.5	
1.07422	-0.6	-11001	16.5	14.6	1.9	14.6	0.0	14.6	
1.07812	-0.5	-11001	16.5	14.6	1.9	14.6	0.0	14.6	
1.08203	-0.5	-11001	16.5	14.7	1.8	14.7	0.0	14.7	
1.08594	-0.6	-11001	16.5	14.7	1.8	14.7	0.0	14.7	
1.08984	-0.4	-11001	16.5	14.7	1.8	14.7	0.0	14.7	
1.09375	-0.3	-11001	16.6	14.8	1.8	14.8	0.0	14.8	
1.09766	-0.5	-11001	16.6	14.9	1.7	14.9	0.0	14.9	
1.10156	-0.5	-11001	16.6	14.9	1.7	14.9	0.0	14.9	
1.10547	-0.4	-11001	16.6	14.9	1.7	14.9	0.0	14.9	
1.10938	-0.3	-11001	16.6	15.0	1.6	15.0	0.0	15.0	
1.11328	-0.3	-11001	16.6	15.0	1.6	15.0	0.0	15.0	
1.11719	-0.3	-11001	16.6	15.0	1.6	15.0	0.0	15.0	
1.12109	-0.3	-11001	16.6	15.1	1.5	15.1	0.0	15.1	
1.12500	-0.5	-11001	16.6	15.1	1.5	15.1	0.0	15.1	
1.12891	-0.3	-11001	16.6	15.1	1.5	15.1	0.0	15.1	
1.13281	-0.3	-11001	16.6	15.1	1.5	15.1	0.0	15.1	
1.13672	-0.4	-11001	16.6	15.2	1.4	15.2	0.0	15.2	
1.14062	-0.3	-11001	16.7	15.2	1.5	15.2	0.0	15.2	
1.14453	-0.2	-11001	16.7	15.3	1.4	15.3	0.0	15.3	
1.14844	-0.5	-11001	16.6	15.3	1.3	15.3	0.0	15.3	
1.15234	-0.4	-11001	16.6	15.3	1.3	15.3	0.0	15.3	
1.15625	-0.3	-11002	16.6	15.4	1.2	15.4	0.0	15.4	
1.16016	-0.4	-11002	16.6	15.4	1.2	15.4	0.0	15.4	
1.16406	-0.3	-11002	16.6	15.4	1.2	15.4	0.0	15.4	
1.16797	-0.2	-11002	16.6	15.4	1.2	15.4	0.0	15.4	
1.17188	-0.4	-11002	16.6	15.5	1.1	15.5	0.0	15.5	
1.17578	-0.4	-11002	16.6	15.4	1.2	15.4	0.0	15.4	
1.17969	-0.2	-11002	16.6	15.5	1.1	15.5	0.0	15.5	
1.18359	-0.2	-11002	16.6	15.5	1.1	15.5	0.0	15.5	
1.18750	-0.2	-11002	16.5	15.5	1.0	15.5	0.0	15.5	
1.19141	-0.2	-11002	16.5	15.5	1.0	15.5	0.0	15.5	
1.19531	-0.4	-11002	16.5	15.6	0.9	15.6	0.0	15.6	
1.19922	-0.4	-11002	16.5	15.6	0.9	15.6	0.0	15.6	
1.20312	-0.3	-11002	16.5	15.6	0.9	15.6	0.0	15.6	
1.20703	-0.3	-11002	16.6	15.7	0.9	15.7	0.0	15.7	
1.21094	-0.5	-11002	16.6	15.6	1.0	15.6	0.0	15.6	
1.21484	-0.5	-11002	16.6	15.6	1.0	15.6	0.0	15.6	
1.21875	-0.5	-11002	16.6	15.6	1.0	15.6	0.0	15.6	
1.22266	-0.6	-11002	16.7	15.6	1.1	15.6	0.0	15.6	
1.22656	-0.6	-11002	16.6	15.7	0.9	15.7	0.0	15.7	
1.23047	-0.5	-11002	16.7	15.7	1.0	15.7	0.0	15.7	
1.23438	-0.5	-11002	16.7	15.7	1.0	15.7	0.0	15.7	
1.23828	-0.5	-11002	16.7	15.7	1.0	15.7	0.0	15.7	
1.24219	-0.4	-11002	16.7	15.7	1.0	15.7	0.0	15.7	
1.24609	-0.4	-11002	16.7	15.7	1.0	15.7	0.0	15.7	
1.25000	-0.4	-11002	16.7	15.7	1.0	15.7	0.0	15.7	
1.25391	-0.3	-11002	16.7	15.7	1.0	15.7	0.0	15.7	
1.25781	-0.3	-11002	16.8	15.7	1.1	15.7	0.0	15.7	
1.26172	-0.3	-11002	16.8	15.7	1.1	15.7	0.0	15.7	
1.26562	-0.3	-11002	16.8	15.7	1.1	15.7	0.0	15.7	
1.26953	-0.3	-11002	16.8	15.7	1.1	15.7	0.0	15.7	
1.27344	-0.4	-11002	16.7	15.8	0.9	15.8	0.0	15.8	
1.27734	-0.2	-11002	16.7	15.7	1.0	15.7	0.0	15.7	
1.28125	-0.1	-11002	16.8	15.7	1.1	15.7	0.0	15.7	
1.28516	-0.4	-11002	16.8	15.7	1.1	15.7	0.0	15.7	
1.28906	-0.4	-11002	16.8	15.7	1.1	15.7	0.0	15.7	
1.29297	-0.3	-11002	16.8	15.8	1.0	15.8	0.0	15.8	
1.29688	-0.4	-11002	16.7	15.8	0.9	15.8	0.0	15.8	
1.30078	-0.4	-11002	16.7	15.8	0.9	15.8	0.0	15.8	
1.30469	-0.3	-11002	16.7	15.8	0.9	15.8	0.0	15.8	
1.30859	-0.2	-11002	16.7	15.8	0.9	15.8	0.0	15.8	
1.31250	-0.3	-11002	16.7	15.8	0.9	15.8	0.0	15.8	
1.31641	-0.3	-11002	16.7	15.8	0.9	15.8	0.0	15.8	
1.32031	-0.4	-11002	16.8	15.8	1.0	15.8	0.0	15.8	
1.32422	-0.4	-11003	16.8	15.8	1.0	15.8	0.0	15.8	
1.32812	-0.3	-11003	16.7	15.8	0.9	15.8	0.0	15.8	
1.33203	-0.2	-11003	16.7	15.8	0.9	15.8	0.0	15.8	
1.33594	-0.3	-11003	16.7	15.8	0.9	15.8	0.0	15.8	
1.33984	-0.4	-11003	16.7	15.9	0.8	15.9	0.0	15.9	
1.34375	-0.3	-11003	16.7	15.9	0.8	15.9	0.0	15.9	
1.34766	-0.4	-11003	16.7	15.8	0.9	15.8	0.0	15.8	
1.35156	-0.3	-11003	16.7	15.8	0.9	15.8	0.0	15.8	
1.35547	-0.3	-11003	16.7	15.8	0.9	15.8	0.0	15.8	
1.35938	-0.4	-11003	16.7	15.8	0.9	15.8	0.0	15.8	
1.36328	-0.5	-11003	16.8	15.8	1.0	15.8	0.0	15.8	
1.36719	-0.4	-11003	16.7	15.9	0.8	15.9	0.0	15.9	
1.37109	-0.3	-11003	16.7	15.9	0.8	15.9	0.0	15.9	
1.37500	-0.4	-11003	16.7	15.9	0.8	15.9	0.0	15.9	
1.37891	-0.4	-11003	16.7	15.9	0.8	15.9	0.0	15.9	
1.38281	-0.2	-11003	16.7	15.9	0.8	15.9	0.0	15.9	
1.38672	-0.3	-11003	16.8	15.9	0.9	15.9	0.0	15.9	
1.39062	-0.5	-11003	16.7	15.9	0.8	15.9	0.0	15.9	
1.39453	-0.4	-11003	16.7	15.9	0.8	15.9	0.0	15.9	
1.39844	-0.3	-11003	16.7	15.9	0.8	15.9	0.0	15.9	
1.40234	-0.4	-11003	16.8	15.9	0.9	15.9	0.0	15.9	
1.40625	-0.4	-11003	16.8	16.0	0.8	16.0	0.0	16.0	
1.41016	-0.4	-11003	16.8	16.0	0.8	16.0	0.0	16.0	
1.41406	-0.4	-11003	16.8	15.9	0.9	15.9	0.0	15.9	
1.41797	-0.3	-11003	16.8	15.9	0.9	15.9	0.0	15.9	
1.42188	-0.4	-11003	16.9	15.9	1.0	15.9	0.0	15.9	
1.42578	-0.4	-11003	16.8	16.0	0.8	16.0	0.0	16.0	
1.42969	-0.3	-11003	16.8	16.0	0.8	16.0	0.0	16.0	
1.43359	-0.3	-11003	16.8	16.0	0.8	16.0	0.0	16.0	
1.43750	-0.3	-11003	16.8	16.0	0.8	16.0	0.0	16.0	
1.44141	-0.4	-11003	16.8	16.0	0.8	16.0	0.0	16.0	
1.44531	-0.3	-11003	16.9	16.0	0.9	16.0	0.0	16.0	
1.44922	-0.3	-11003	16.8	16.0	0.8	16.0	0.0	16.0	
1.45312	-0.3	-11003	16.8	16.0	0.8	16.0	0.0	16.0	
1.45703	-0.2	-11003	16.8	16.0	0.8	16.0	0.0	16.0	
1.46094	-0.3	-11003	16.8	16.0	0.8	16.0	0.0	16.0	
1.46484	-0.3	-11003	16.8	16.0	0.8	16.0	0.0	16.0	
1.46875	-0.1	-11003	16.8	16.0	0.8	16.0	0.0	16.0	
1.47266	-0.4	-11003	16.8	16.0	0.8	16.0	0.0	16.0	
1.47656	-0.4	-11003	16.8	16.0	0.8	16.0	0.0	16.0	
1.48047	-0.1	-11003	16.8	16.0	0.8	16.0	0.0	16.0	
1.48438	-0.2	-11003	16.8	16.0	0.8	16.0	0.0	16.0	
1.48828	-0.3	-11003	16.8	16.0	0.8	16.0	0.0	16.0	
1.49219	-0.3	-11003	16.8	16.0	0.8	16.0	0.0	16.0	
1.49609	-0.4	-11003	16.7	16.0	0.7	16.0	0.0	16.0	
1.50000	-0.4	-11003	16.7	16.0	0.7	16.0	0.0	16.0	
1.50391	-0.3	-11003	16.7	16.1	0.6	16.1	0.0	16.1	
1.50781	-0.3	-11004	16.7	16.1	0.6	16.1	0.0	16.1	
1.51172	-0.4	-11004	16.7	16.0	0.7	16.0	0.0	16.0	
1.51562	-0.3	-11004	16.8	16.0	0.8	16.0	0.0	16.0	
1.51953	-0.3	-11004	16.8	16.0	0.8	16.0	0.0	16.0	
1.52344	-0.4	-11004	16.7	16.0	0.7	16.0	0.0	16.0	
1.52734	-0.4	-11004	16.7	16.1	0.6	16.1	0.0	16.1	
1.53125	-0.3	-11004	16.8	16.0	0.8	16.0	0.0	16.0	
1.53516	-0.3	-11004	16.8	16.0	0.8	16.0	0.0	16.0	
1.53906	-0.4	-11004	16.8	16.1	0.7	16.1	0.0	16.1	
1.54297	-0.4	-11004	16.8	16.0	0.8	16.0	0.0	16.0	
1.54688	-0.4	-11004	16.8	16.1	0.7	16.1	0.0	16.1	
1.55078	-0.4	-11004	16.8	16.1	0.7	16.1	0.0	16.1	
1.55469	-0.2	-11004	16.9	16.0	0.9	16.0	0.0	16.0	
1.55859	-0.2	-11004	16.9	16.1	0.8	16.1	0.0	16.1	
1.56250	-0.5	-11004	16.9	16.1	0.8	16.1	0.0	16.1	
1.56641	-0.3	-11004	16.9	16.1	0.8	16.1	0.0	16.1	
1.57031	-0.3	-11004	16.9	16.1	0.8	16.1	0.0	16.1	
1.57422	-0.4	-11004	16.9	16.1	0.8	16.1	0.0	16.1	
1.57812	-0.3	-11004	16.9	16.1	0.8	16.1	0.0	16.1	
1.58203	-0.3	-11004	16.9	16.1	0.8	16.1	0.0	16.1	
1.58594	-0.4	-11004	17.0	16.1	0.9	16.1	0.0	16.1	
1.58984	-0.4	-11004	17.0	16.1	0.9	16.1	0.0	16.1	
1.59375	-0.3	-11004	17.0	16.1	0.9	16.1	0.0	16.1	
1.59766	-0.4	-11004	16.9	16.1	0.8	16.1	0.0	16.1	
1.60156	-0.3	-11004	16.9	16.1	0.8	16.1	0.0	16.1	
1.60547	-0.3	-11004	17.0	16.2	0.8	16.2	0.0	16.2	
1.60938	-0.3	-11004	17.0	16.2	0.8	16.2	0.0	16.2	
1.61328	-0.3	-11004	17.0	16.1	0.9	16.1	0.0	16.1	
1.61719	-0.4	-11004	17.0	16.1	0.9	16.1	0.0	16.1	
1.62109	-0.5	-11004	17.0	16.1	0.9	16.1	0.0	16.1	
1.62500	-0.3	-11004	17.0	16.2	0.8	16.2	0.0	16.2	
1.62891	-0.1	-11004	17.0	16.1	0.9	16.1	0.0	16.1	
1.63281	-0.3	-11004	17.0	16.1	0.9	16.1	0.0	16.1	
1.63672	-0.4	-11004	17.0	16.2	0.8	16.2	0.0	16.2	
1.64062	-0.4	-11004	17.0	16.2	0.8	16.2	0.0	16.2	
1.64453	-0.4	-11004	17.0	16.1	0.9	16.1	0.0	16.1	
1.64844	-0.3	-11004	17.0	16.1	0.9	16.1	0.0	16.1	
1.65234	-0.3	-11004	17.0	16.1	0.9	16.1	0.0	16.1	
1.65625	-0.4	-11004	17.0	16.1	0.9	16.1	0.0	16.1	
1.66016	-0.4	-11004	17.1	16.1	1.0	16.1	0.0	16.1	
1.66406	-0.4	-11004	17.1	16.1	1.0	16.1	0.0	16.1	
1.66797	-0.4	-11004	17.0	16.1	0.9	16.1	0.0	16.1	
1.67188	-0.5	-11004	17.0	16.1	0.9	16.1	0.0	16.1	
1.67578	-0.5	-11004	17.0	16.1	0.9	16.1	0.0	16.1	
1.67969	-0.3	-11005	17.1	16.1	1.0	16.1	0.0	16.1	
1.68359	-0.3	-11005	17.1	16.1	1.0	16.1	0.0	16.1	
1.68750	-0.5	-11005	17.0	16.1	0.9	16.1	0.0	16.1	
1.69141	-0.3	-11005	17.0	16.2	0.8	16.2	0.0	16.2	
1.69531	-0.3	-11005	17.1	16.1	1.0	16.1	0.0	16.1	
1.69922	-0.4	-11005	17.1	16.2	0.9	16.2	0.0	16.2	
1.70312	-0.2	-11005	17.0	16.2	0.8	16.2	0.0	16.2	
1.70703	-0.4	-11005	17.0	16.1	0.9	16.1	0.0	16.1	
1.71094	-0.6	-11005	17.0	16.1	0.9	16.1	0.0	16.1	
1.71484	-0.4	-11005	17.0	16.2	0.8	16.2	0.0	16.2	
1.71875	-0.3	-11005	17.0	16.2	0.8	16.2	0.0	16.2	
1.72266	-0.3	-11005	17.0	16.1	0.9	16.1	0.0	16.1	
1.72656	-0.4	-11005	17.1	16.2	0.9	16.2	0.0	16.2	
1.73047	-0.3	-11005	17.1	16.2	0.9	16.2	0.0	16.2	
1.73438	-0.4	-11005	17.1	16.2	0.9	16.2	0.0	16.2	
1.73828	-0.4	-11005	17.2	16.2	1.0	16.2	0.0	16.2	
1.74219	-0.4	-11005	17.1	16.1	1.0	16.1	0.0	16.1	
1.74609	-0.3	-11005	17.1	16.1	1.0	16.1	0.0	16.1	
1.75000	-0.4	-11005	17.1	16.1	1.0	16.1	0.0	16.1	
1.75391	-0.4	-11005	17.1	16.1	1.0	16.1	0.0	16.1	
1.75781	-0.2	-11005	17.2	16.1	1.1	16.1	0.0	16.1	
1.76172	-0.4	-11005	17.1	16.1	1.0	16.1	0.0	16.1	
1.76562	-0.4	-11005	17.1	16.0	1.1	16.0	0.0	16.0	
1.76953	-0.3	-11005	17.1	16.0	1.1	16.0	0.0	16.0	
1.77344	-0.2	-11005	17.1	16.0	1.1	16.0	0.0	16.0	
1.77734	-0.2	-11005	17.1	16.0	1.1	16.0	0.0	16.0	
1.78125	-0.2	-11005	17.1	16.0	1.1	16.0	0.0	16.0	
1.78516	-0.2	-11005	17.1	16.0	1.1	16.0	0.0	16.0	
1.78906	-0.2	-11005	17.1	16.0	1.1	16.0	0.0	16.0	
1.79297	-0.3	-11005	17.1	16.0	1.1	16.0	0.0	16.0	
1.79688	-0.3	-11005	17.1	16.0	1.1	16.0	0.0	16.0	
1.80078	-0.3	-11005	17.0	16.0	1.0	16.0	0.0	16.0	
1.80469	-0.2	-11005	17.1	16.1	1.0	16.1	0.0	16.1	
1.80859	-0.3	-11005	17.0	16.1	0.9	16.1	0.0	16.1	
1.81250	-0.5	-11005	17.0	16.1	0.9	16.1	0.0	16.1	
1.81641	-0.5	-11005	17.1	16.1	1.0	16.1	0.0	16.1	
1.82031	-0.5	-11005	17.1	16.1	1.0	16.1	0.0	16.1	
1.82422	-0.5	-11005	17.1	16.2	0.9	16.2	0.0	16.2	
1.82812	-0.4	-11005	17.0	16.2	0.8	16.2	0.0	16.2	
1.83203	-0.3	-11005	17.1	16.2	0.9	16.2	0.0	16.2	
1.83594	-0.5	-11005	17.1	16.2	0.9	16.2	0.0	16.2	
1.83984	-0.5	-11005	17.2	16.2	1.0	16.2	0.0	16.2	
1.84375	-0.4	-11005	17.2	16.3	0.9	16.3	0.0	16.3	
1.84766	-0.5	-11006	17.1	16.4	0.7	16.4	0.0	16.4	
1.85156	-0.4	-11006	17.2	16.3	0.9	16.3	0.0	16.3	
1.85547	-0.3	-11006	17.2	16.3	0.9	16.3	0.0	16.3	
1.85938	-0.4	-11006	17.2	16.4	0.8	16.4	0.0	16.4	
1.86328	-0.4	-11006	17.2	16.4	0.8	16.4	0.0	16.4	
1.86719	-0.4	-11006	17.2	16.4	0.8	16.4	0.0	16.4	
1.87109	-0.5	-11006	17.3	16.4	0.9	16.4	0.0	16.4	
1.87500	-0.4	-11006	17.3	16.4	0.9	16.4	0.0	16.4	
1.87891	-0.3	-11006	17.3	16.4	0.9	16.4	0.0	16.4	
1.88281	-0.3	-11006	17.3	16.5	0.8	16.5	0.0	16.5	
1.88672	-0.3	-11006	17.3	16.5	0.8	16.5	0.0	16.5	
1.89062	-0.3	-11006	17.3	16.5	0.8	16.5	0.0	16.5	
1.89453	-0.4	-11006	17.3	16.5	0.8	16.5	0.0	16.5	
1.89844	-0.3	-11006	17.3	16.6	0.7	16.6	0.0	16.6	
1.90234	-0.3	-11006	17.3	16.6	0.7	16.6	0.0	16.6	
1.90625	-0.2	-11006	17.3	16.6	0.7	16.6	0.0	16.6	
1.91016	-0.3	-11006	17.3	16.6	0.7	16.6	0.0	16.6	
1.91406	-0.4	-11006	17.3	16.6	0.7	16.6	0.0	16.6	
1.91797	-0.3	-11006	17.4	16.7	0.7	16.7	0.0	16.7	
1.92188	-0.2	-11006	17.4	16.7	0.7	16.7	0.0	16.7	
1.92578	-0.3	-11006	17.4	16.7	0.7	16.7	0.0	16.7	
1.92969	-0.3	-11006	17.4	16.7	0.7	16.7	0.0	16.7	
1.93359	-0.2	-11006	17.4	16.8	0.6	16.8	0.0	16.8	
1.93750	-0.4	-11006	17.3	16.7	0.6	16.7	0.0	16.7	
1.94141	-0.4	-11006	17.3	16.7	0.6	16.7	0.0	16.7	
1.94531	-0.4	-11006	17.3	16.8	0.5	16.8	0.0	16.8	
1.94922	-0.4	-11006	17.3	16.7	0.6	16.7	0.0	16.7	
1.95312	-0.3	-11006	17.3	16.8	0.5	16.8	0.0	16.8	
1.95703	-0.3	-11006	17.3	16.8	0.5	16.8	0.0	16.8	
1.96094	-0.3	-11006	17.3	16.8	0.5	16.8	0.0	16.8	
1.96484	-0.3	-11006	17.3	16.8	0.5	16.8	0.0	16.8	
1.96875	-0.3	-11006	17.4	16.8	0.6	16.8	0.0	16.8	
1.97266	-0.4	-11006	17.4	16.7	0.7	16.7	0.0	16.7	
1.97656	-0.3	-11006	17.4	16.8	0.6	16.8	0.0	16.8	
1.98047	-0.2	-11006	17.4	16.8	0.6	16.8	0.0	16.8	
1.98438	-0.3	-11006	17.4	16.8	0.6	16.8	0.0	16.8	
1.98828	-0.5	-11006	17.3	16.8	0.5	16.8	0.0	16.8	
1.99219	-0.4	-11006	17.3	16.8	0.5	16.8	0.0	16.8	
1.99609	-0.3	-11006	17.3	16.8	0.5	16.8	0.0	16.8	
2.00000	-0.3	-11006	17.3	16.8	0.5	16.8	0.0	16.8	
2.00391	-0.2	-11006	17.3	16.8	0.5	16.8	0.0	16.8	
2.00781	-0.1	-11006	17.3	16.9	0.4	16.9	0.0	16.9	
2.01172	-0.2	-11006	17.3	16.9	0.4	16.9	0.0	16.9	
2.01562	-0.3	-11006	17.3	16.9	0.4	16.9	0.0	16.9	
2.01953	-0.2	-11006	17.3	16.9	0.4	16.9	0.0	16.9	
2.02344	-0.4	-11006	17.2	16.9	0.3	16.9	0.0	16.9	
2.02734	-0.3	-11006	17.2	16.9	0.3	16.9	0.0	16.9	
2.03125	-0.2	-11006	17.2	16.9	0.3	16.9	0.0	16.9	
2.03516	-0.2	-11006	17.2	16.9	0.3	16.9	0.0	16.9	
2.03906	-0.1	-11007	17.1	16.9	0.2	16.9	0.0	16.9	
2.04297	0.1	-11006	17.0	16.9	0.1	16.9	0.0	16.9	
2.04688	0.1	-11006	17.0	16.9	0.1	16.9	0.0	16.9	
2.05078	0.2	-11006	16.9	16.8	0.1	16.8	0.0	16.8	
2.05469	0.6	-11006	16.8	16.8	0.0	16.8	0.0	16.8	
2.05859	0.8	-11006	16.8	16.8	0.0	16.8	0.0	16.8	
2.06250	0.9	-11006	16.7	16.7	0.0	16.7	0.0	16.7	
2.06641	1.1	-11006	16.5	16.7	-0.2	16.7	0.0	16.7	
2.07031	1.2	-11006	16.4	16.7	-0.3	16.7	0.0	16.7	
2.07422	1.4	-11006	16.3	16.7	-0.4	16.7	0.0	16.7	
2.07812	1.5	-11006	16.2	16.7	-0.5	16.7	0.0	16.7	
2.08203	1.6	-11006	16.1	16.6	-0.5	16.6	0.0	16.6	
2.08594	1.7	-11006	15.9	16.5	-0.6	16.5	0.0	16.5	
2.08984	1.8	-11006	15.8	16.5	-0.7	16.5	0.0	16.5	
2.09375	1.9	-11006	15.7	16.4	-0.7	16.4	0.0	16.4	
2.09766	1.8	-11005	15.5	16.3	-0.8	16.3	0.0	16.3	
2.10156	1.7	-11005	15.4	16.3	-0.9	16.3	0.0	16.3	
2.10547	1.8	-11005	15.3	16.3	-1.0	16.3	0.0	16.3	
2.10938	1.8	-11005	15.2	16.2	-1.0	16.2	0.0	16.2	
2.11328	1.9	-11005	15.0	16.0	-1.0	16.0	0.0	16.0	
2.11719	1.9	-11005	14.9	16.0	-1.1	16.0	0.0	16.0	
2.12109	1.8	-11005	14.8	15.9	-1.1	15.9	0.0	15.9	
2.12500	1.9	-11005	14.6	15.9	-1.3	15.9	0.0	15.9	
2.12891	2.0	-11004	14.5	15.8	-1.3	15.8	0.0	15.8	
2.13281	2.0	-11004	14.4	15.7	-1.3	15.7	0.0	15.7	
2.13672	1.9	-11004	14.3	15.6	-1.3	15.6	0.0	15.6	
2.14062	1.9	-11004	14.1	15.6	-1.5	15.6	0.0	15.6	
2.14453	2.1	-11004	14.0	15.5	-1.5	15.5	0.0	15.5	
2.14844	2.0	-11004	13.9	15.3	-1.4	15.3	0.0	15.3	
2.15234	1.9	-11004	13.7	15.3	-1.6	15.3	0.0	15.3	
2.15625	1.9	-11004	13.7	15.2	-1.5	15.2	0.0	15.2	
2.16016	1.7	-11003	13.6	15.1	-1.5	15.1	0.0	15.1	
2.16406	1.7	-11003	13.4	15.1	-1.7	15.1	0.0	15.1	
2.16797	1.7	-11003	13.3	15.0	-1.7	15.0	0.0	15.0	
2.17188	1.6	-11003	13.3	14.9	-1.6	14.9	0.0	14.9	
2.17578	1.5	-11003	13.1	14.8	-1.7	14.8	0.0	14.8	
2.17969	1.5	-11003	13.0	14.8	-1.8	14.8	0.0	14.8	
2.18359	1.3	-11003	12.9	14.7	-1.8	14.7	0.0	14.7	
2.18750	1.2	-11003	12.8	14.6	-1.8	14.6	0.0	14.6	
2.19141	1.2	-11003	12.7	14.5	-1.8	14.5	0.0	14.5	
2.19531	1.3	-11003	12.6	14.4	-1.8	14.4	0.0	14.4	
2.19922	1.3	-11003	12.5	14.3	-1.8	14.3	0.0	14.3	
2.20312	1.2	-11002	12.5	14.3	-1.8	14.3	0.0	14.3	
2.20703	1.2	-11002	12.4	14.2	-1.8	14.2	0.0	14.2	
2.21094	1.0	-11002	12.2	14.1	-1.9	14.1	0.0	14.1	
2.21484	1.0	-11002	12.2	14.0	-1.8	14.0	0.0	14.0	
2.21875	1.2	-11002	12.2	13.9	-1.7	13.9	0.0	13.9	
2.22266	1.1	-11002	12.0	13.8	-1.8	13.8	0.0	13.8	
2.22656	1.0	-11002	11.9	13.7	-1.8	13.7	0.0	13.7	
2.23047	1.0	-11002	11.9	13.6	-1.7	13.6	0.0	13.6	
2.23438	1.0	-11002	11.8	13.5	-1.7	13.5	0.0	13.5	
2.23828	0.9	-11002	11.7	13.5	-1.8	13.5	0.0	13.5	
2.24219	0.9	-11002	11.6	13.3	-1.7	13.3	0.0	13.3	
2.24609	0.9	-11002	11.5	13.3	-1.8	13.3	0.0	13.3	
2.25000	0.7	-11002	11.4	13.2	-1.8	13.2	0.0	13.2	
2.25391	0.9	-11002	11.4	13.1	-1.7	13.1	0.0	13.1	
2.25781	0.9	-11002	11.4	13.0	-1.6	13.0	0.0	13.0	
2.26172	0.7	-11002	11.3	13.0	-1.7	13.0	0.0	13.0	
2.26562	0.7	-11001	11.2	12.9	-1.7	12.9	0.0	12.9	
2.26953	0.6	-11001	11.1	12.8	-1.7	12.8	0.0	12.8	
2.27344	0.4	-11001	11.0	12.7	-1.7	12.7	0.0	12.7	
2.27734	0.5	-11001	11.0	12.6	-1.6	12.6	0.0	12.6	
2.28125	0.6	-11001	11.0	12.5	-1.5	12.5	0.0	12.5	
2.28516	0.6	-11001	10.9	12.4	-1.5	12.4	0.0	12.4	
2.28906	0.4	-11001	10.8	12.4	-1.6	12.4	0.0	12.4	
2.29297	0.4	-11001	10.8	12.3	-1.5	12.3	0.0	12.3	
2.29688	0.4	-11001	10.7	12.2	-1.5	12.2	0.0	12.2	
2.30078	0.4	-11001	10.7	12.1	-1.4	12.1	0.0	12.1	
2.30469	0.4	-11001	10.7	12.1	-1.4	12.1	0.0	12.1	
2.30859	0.5	-11001	10.6	12.0	-1.4	12.0	0.0	12.0	
2.31250	0.4	-11001	10.5	12.0	-1.5	12.0	0.0	12.0	
2.31641	0.4	-11001	10.5	11.9	-1.4	11.9	0.0	11.9	
2.32031	0.5	-11001	10.4	11.8	-1.4	11.8	0.0	11.8	
2.32422	0.4	-11001	10.3	11.7	-1.4	11.7	0.0	11.7	
2.32812	0.5	-11001	10.3	11.6	-1.3	11.6	0.0	11.6	
2.33203	0.5	-11001	10.2	11.6	-1.4	11.6	0.0	11.6	
2.33594	0.4	-11001	10.2	11.5	-1.3	11.5	0.0	11.5	
2.33984	0.4	-11001	10.1	11.4	-1.3	11.4	0.0	11.4	
2.34375	0.4	-11001	10.1	11.3	-1.2	11.3	0.0	11.3	
2.34766	0.4	-11001	10.0	11.3	-1.3	11.3	0.0	11.3	
2.35156	0.6	-11001	9.9	11.2	-1.3	11.2	0.0	11.2	
2.35547	0.6	-11001	9.9	11.2	-1.3	11.2	0.0	11.2	
2.35938	0.4	-11001	9.8	11.1	-1.3	11.1	0.0	11.1	
2.36328	0.5	-11001	9.7	11.0	-1.3	11.0	0.0	11.0	
2.36719	0.6	-11001	9.6	10.9	-1.3	10.9	0.0	10.9	
2.37109	0.6	-11001	9.6	10.8	-1.2	10.8	0.0	10.8	
2.37500	0.6	-11001	9.5	10.8	-1.3	10.8	0.0	10.8	
2.37891	0.6	-11001	9.5	10.6	-1.1	10.6	0.0	10.6	
2.38281	0.7	-11001	9.4	10.6	-1.2	10.6	0.0	10.6	
2.38672	0.6	-11000	9.3	10.5	-1.2	10.5	0.0	10.5	
2.39062	0.6	-11000	9.2	10.5	-1.3	10.5	0.0	10.5	
2.39453	0.7	-11000	9.2	10.4	-1.2	10.4	0.0	10.4	
2.39844	0.5	-11000	9.1	10.3	-1.2	10.3	0.0	10.3	
2.40234	0.5	-11000	9.1	10.3	-1.2	10.3	0.0	10.3	
2.40625	0.7	-11000	9.0	10.2	-1.2	10.2	0.0	10.2	
2.41016	0.6	-11000	8.9	10.1	-1.2	10.1	0.0	10.1	
2.41406	0.5	-11000	8.9	10.0	-1.1	10.0	0.0	10.0	
2.41797	0.5	-11000	8.9	10.0	-1.1	10.0	0.0	10.0	
2.42188	0.3	-11000	8.8	9.9	-1.1	9.9	0.0	9.9	
2.42578	0.3	-11000	8.7	9.8	-1.1	9.8	0.0	9.8	
2.42969	0.4	-11000	8.7	9.8	-1.1	9.8	0.0	9.8	
2.43359	0.2	-11000	8.7	9.7	-1.0	9.7	0.0	9.7	
2.43750	0.2	-11000	8.6	9.7	-1.1	9.7	0.0	9.7	
2.44141	0.2	-11000	8.6	9.6	-1.0	9.6	0.0	9.6	
2.44531	0.1	-11000	8.5	9.5	-1.0	9.5	0.0	9.5	
2.44922	0.0	-11000	8.4	9.4	-1.0	9.4	0.0	9.4	
2.45312	0.0	-11000	8.5	9.3	-0.8	9.3	0.0	9.3	
2.45703	0.3	-11000	8.4	9.3	-0.9	9.3	0.0	9.3	
2.46094	0.2	-11000	8.4	9.2	-0.8	9.2	0.0	9.2	
2.46484	0.0	-11000	8.4	9.2	-0.8	9.2	0.0	9.2	
2.46875	0.1	-11000	8.3	9.1	-0.8	9.1	0.0	9.1	
2.47266	0.0	-11000	8.2	9.0	-0.8	9.0	0.0	9.0	
2.47656	0.1	-11000	8.2	8.9	-0.7	8.9	0.0	8.9	
2.48047	0.2	-11000	8.2	8.9	-0.7	8.9	0.0	8.9	
2.48438	0.1	-11000	8.1	8.8	-0.7	8.8	0.0	8.8	
2.48828	0.0	-11000	8.1	8.7	-0.6	8.7	0.0	8.7	
2.49219	0.1	-11000	8.0	8.6	-0.6	8.6	0.0	8.6	
2.49609	0.1	-11000	8.0	8.6	-0.6	8.6	0.0	8.6	
2.50000	0.1	-11000	7.9	8.5	-0.6	8.5	0.0	8.5	
2.50391	0.2	-11000	7.9	8.5	-0.6	8.5	0.0	8.5	
2.50781	0.2	-11000	7.9	8.4	-0.5	8.4	0.0	8.4	
2.51172	0.2	-11000	7.8	8.4	-0.6	8.4	0.0	8.4	
2.51562	0.2	-11000	7.8	8.3	-0.5	8.3	0.0	8.3	
2.51953	0.2	-11000	7.8	8.2	-0.4	8.2	0.0	8.2	
2.52344	0.2	-11000	7.7	8.1	-0.4	8.1	0.0	8.1	
2.52734	0.0	-11000	7.6	8.1	-0.5	8.1	0.0	8.1	
2.53125	0.1	-11000	7.7	8.1	-0.4	8.1	0.0	8.1	
2.53516	0.0	-11000	7.6	8.0	-0.4	8.0	0.0	8.0	
2.53906	-0.1	-11000	7.5	7.9	-0.4	7.9	0.0	7.9	
2.54297	0.1	-11000	7.5	7.9	-0.4	7.9	0.0	7.9	
2.54688	-0.0	-11000	7.5	7.8	-0.3	7.8	0.0	7.8	
2.55078	-0.1	-11000	7.4	7.7	-0.3	7.7	0.0	7.7	
2.55469	0.1	-11000	7.4	7.7	-0.3	7.7	0.0	7.7	
2.55859	0.0	-11000	7.5	7.7	-0.2	7.7	0.0	7.7	
2.56250	-0.1	-11000	7.4	7.6	-0.2	7.6	0.0	7.6	
2.56641	-0.0	-11000	7.3	7.6	-0.3	7.6	0.0	7.6	
2.57031	0.0	-11000	7.3	7.6	-0.3	7.6	0.0	7.6	
2.57422	0.0	-11000	7.2	7.5	-0.3	7.5	0.0	7.5	
2.57812	0.1	-11000	7.2	7.5	-0.3	7.5	0.0	7.5	
2.58203	0.1	-11000	7.2	7.4	-0.2	7.4	0.0	7.4	
2.58594	-0.0	-11000	7.2	7.4	-0.2	7.4	0.0	7.4	
2.58984	-0.1	-11000	7.2	7.3	-0.1	7.3	0.0	7.3	
2.59375	-0.1	-11000	7.1	7.3	-0.2	7.3	0.0	7.3	
2.59766	-0.2	-11000	7.0	7.2	-0.2	7.2	0.0	7.2	
2.60156	-0.2	-11000	7.1	7.1	0.0	7.1	0.0	7.1	
2.60547	-0.2	-11000	7.1	7.1	0.0	7.1	0.0	7.1	
2.60938	-0.4	-11000	7.1	7.1	0.0	7.1	0.0	7.1	
2.61328	-0.5	-11000	7.1	7.0	0.1	7.0	0.0	7.0	
2.61719	-0.3	-11000	7.1	7.0	0.1	7.0	0.0	7.0	
2.62109	-0.5	-11000	7.1	6.9	0.2	6.9	0.0	6.9	
2.62500	-0.6	-11000	7.1	6.9	0.2	6.9	0.0	6.9	
2.62891	-0.3	-11000	7.1	6.8	0.3	6.8	0.0	6.8	
2.63281	-0.3	-11000	7.1	6.8	0.3	6.8	0.0	6.8	
2.63672	-0.4	-11000	7.1	6.7	0.4	6.7	0.0	6.7	
2.64062	-0.3	-11000	7.2	6.6	0.6	6.6	0.0	6.6	
2.64453	-0.4	-11000	7.2	6.6	0.6	6.6	0.0	6.6	
2.64844	-0.5	-11000	7.2	6.6	0.6	6.6	0.0	6.6	
2.65234	-0.3	-11000	7.3	6.6	0.7	6.6	0.0	6.6	
2.65625	-0.3	-11000	7.3	6.5	0.8	6.5	0.0	6.5	
2.66016	-0.4	-11000	7.2	6.6	0.6	6.6	0.0	6.6	
2.66406	-0.4	-11000	7.3	6.6	0.7	6.6	0.0	6.6	
2.66797	-0.3	-11000	7.3	6.6	0.7	6.6	0.0	6.6	
2.67188	-0.4	-11000	7.3	6.6	0.7	6.6	0.0	6.6	
2.67578	-0.4	-11000	7.3	6.6	0.7	6.6	0.0	6.6	
2.67969	-0.3	-11000	7.4	6.7	0.7	6.7	0.0	6.7	
2.68359	-0.5	-11000	7.3	6.6	0.7	6.6	0.0	6.6	
2.68750	-0.6	-11000	7.4	6.6	0.8	6.6	0.0	6.6	
2.69141	-0.5	-11001	7.5	6.7	0.8	6.7	0.0	6.7	
2.69531	-0.5	-11001	7.4	6.7	0.7	6.7	0.0	6.7	
2.69922	-0.5	-11001	7.4	6.7	0.7	6.7	0.0	6.7	
2.70312	-0.2	-11001	7.4	6.8	0.6	6.8	0.0	6.8	
2.70703	-0.2	-11001	7.5	6.7	0.8	6.7	0.0	6.7	
2.71094	-0.3	-11001	7.4	6.7	0.7	6.7	0.0	6.7	
2.71484	-0.3	-11001	7.4	6.8	0.6	6.8	0.0	6.8	
2.71875	-0.2	-11001	7.4	6.8	0.6	6.8	0.0	6.8	
2.72266	-0.3	-11001	7.4	6.8	0.6	6.8	0.0	6.8	
2.72656	-0.1	-11001	7.4	6.8	0.6	6.8	0.0	6.8	
2.73047	-0.0	-11001	7.3	6.8	0.5	6.8	0.0	6.8	
2.73438	-0.0	-11001	7.2	6.9	0.3	6.9	0.0	6.9	
2.73828	0.1	-11001	7.2	6.9	0.3	6.9	0.0	6.9	
2.74219	0.2	-11001	7.2	6.8	0.4	6.8	0.0	6.8	
2.74609	0.2	-11001	7.1	6.8	0.3	6.8	0.0	6.8	
2.75000	0.2	-11001	7.1	6.8	0.3	6.8	0.0	6.8	
2.75391	0.1	-11001	7.1	6.8	0.3	6.8	0.0	6.8	
2.75781	0.1	-11001	7.0	6.8	0.2	6.8	0.0	6.8	
2.76172	0.2	-11001	6.9	6.8	0.1	6.8	0.0	6.8	
2.76562	0.2	-11001	6.9	6.8	0.1	6.8	0.0	6.8	
2.76953	0.1	-11001	6.8	6.8	0.0	6.8	0.0	6.8	
2.77344	0.0	-11001	6.8	6.7	0.1	6.7	0.0	6.7	
2.77734	-0.1	-11001	6.8	6.7	0.1	6.7	0.0	6.7	
2.78125	-0.1	-11001	6.8	6.7	0.1	6.7	0.0	6.7	
2.78516	-0.2	-11001	6.7	6.6	0.1	6.6	0.0	6.6	
2.78906	-0.2	-11001	6.7	6.7	0.0	6.7	0.0	6.7	
2.79297	-0.2	-11001	6.7	6.7	0.0	6.7	0.0	6.7	
2.79688	-0.3	-11001	6.7	6.6	0.1	6.6	0.0	6.6	
2.80078	-0.2	-11001	6.7	6.6	0.1	6.6	0.0	6.6	
2.80469	-0.2	-11001	6.6	6.6	0.0	6.6	0.0	6.6	
2.80859	-0.4	-11001	6.7	6.6	0.1	6.6	0.0	6.6	
2.81250	-0.3	-11001	6.7	6.5	0.2	6.5	0.0	6.5	
2.81641	-0.3	-11001	6.7	6.5	0.2	6.5	0.0	6.5	
2.82031	-0.3	-11001	6.6	6.5	0.1	6.5	0.0	6.5	
2.82422	-0.2	-11001	6.6	6.5	0.1	6.5	0.0	6.5	
2.82812	-0.2	-11001	6.6	6.4	0.2	6.4	0.0	6.4	
2.83203	-0.2	-11001	6.6	6.4	0.2	6.4	0.0	6.4	
2.83594	-0.2	-11001	6.6	6.4	0.2	6.4	0.0	6.4	
2.83984	-0.2	-11001	6.6	6.4	0.2	6.4	0.0	6.4	
2.84375	-0.1	-11001	6.5	6.3	0.2	6.3	0.0	6.3	
2.84766	-0.2	-11001	6.4	6.3	0.1	6.3	0.0	6.3	
2.85156	-0.2	-11001	6.4	6.3	0.1	6.3	0.0	6.3	
2.85547	-0.1	-11001	6.4	6.3	0.1	6.3	0.0	6.3	
2.85938	-0.1	-11001	6.4	6.3	0.1	6.3	0.0	6.3	
2.86328	-0.1	-11001	6.3	6.2	0.1	6.2	0.0	6.2	
2.86719	-0.0	-11001	6.4	6.2	0.2	6.2	0.0	6.2	
2.87109	-0.0	-11001	6.3	6.1	0.2	6.1	0.0	6.1	
2.87500	0.1	-11001	6.2	6.1	0.1	6.1	0.0	6.1	
2.87891	0.1	-11001	6.2	6.1	0.1	6.1	0.0	6.1	
2.88281	-0.1	-11001	6.2	6.1	0.1	6.1	0.0	6.1	
2.88672	-0.0	-11001	6.1	6.1	0.0	6.1	0.0	6.1	
2.89062	-0.1	-11001	6.1	6.0	0.1	6.0	0.0	6.0	
2.89453	-0.2	-11001	6.1	6.0	0.1	6.0	0.0	6.0	
2.89844	-0.1	-11001	6.0	5.9	0.1	5.9	0.0	5.9	
2.90234	-0.2	-11001	6.0	5.9	0.1	5.9	0.0	5.9	
2.90625	0.0	-11001	6.0	5.9	0.1	5.9	0.0	5.9	
2.91016	-0.0	-11001	6.0	5.9	0.1	5.9	0.0	5.9	
2.91406	-0.1	-11001	5.9	5.8	0.1	5.8	0.0	5.8	
2.91797	0.1	-11001	5.9	5.8	0.1	5.8	0.0	5.8	
2.92188	-0.2	-11001	5.9	5.8	0.1	5.8	0.0	5.8	
2.92578	-0.3	-11001	5.9	5.7	0.2	5.7	0.0	5.7	
2.92969	-0.1	-11001	5.9	5.7	0.2	5.7	0.0	5.7	
2.93359	-0.2	-11001	5.8	5.7	0.1	5.7	0.0	5.7	
2.93750	-0.3	-11001	5.8	5.7	0.1	5.7	0.0	5.7	
2.94141	-0.3	-11001	5.8	5.6	0.2	5.6	0.0	5.6	
2.94531	-0.4	-11001	5.8	5.6	0.2	5.6	0.0	5.6	
2.94922	-0.4	-11001	5.8	5.6	0.2	5.6	0.0	5.6	
2.95312	-0.3	-11001	5.8	5.6	0.2	5.6	0.0	5.6	
2.95703	-0.4	-11001	5.8	5.6	0.2	5.6	0.0	5.6	
2.96094	-0.4	-11001	5.8	5.5	0.3	5.5	0.0	5.5	
2.96484	-0.3	-11001	5.8	5.5	0.3	5.5	0.0	5.5	
2.96875	-0.3	-11001	5.8	5.5	0.3	5.5	0.0	5.5	
2.97266	-0.3	-11001	5.8	5.5	0.3	5.5	0.0	5.5	
2.97656	-0.4	-11001	5.8	5.4	0.4	5.4	0.0	5.4	
2.98047	-0.2	-11001	5.8	5.4	0.4	5.4	0.0	5.4	
2.98438	-0.2	-11001	5.8	5.4	0.4	5.4	0.0	5.4	
2.98828	-0.4	-11001	5.8	5.3	0.5	5.3	0.0	5.3	
2.99219	-0.3	-11001	5.8	5.3	0.5	5.3	0.0	5.3	
2.99609	-0.3	-11001	5.7	5.3	0.4	5.3	0.0	5.3	
3.00000	-0.4	-11001	5.7	5.3	0.4	5.3	0.0	5.3	
3.00391	-0.2	-11001	5.8	5.3	0.5	5.3	0.0	5.3	
3.00781	-0.2	-11001	5.8	5.3	0.5	5.3	0.0	5.3	
3.01172	-0.3	-11001	5.7	5.2	0.5	5.2	0.0	5.2	
3.01562	-0.4	-11001	5.7	5.2	0.5	5.2	0.0	5.2	
3.01953	-0.5	-11001	5.7	5.2	0.5	5.2	0.0	5.2	
3.02344	-0.4	-11001	5.8	5.2	0.6	5.2	0.0	5.2	
3.02734	-0.4	-11001	5.7	5.2	0.5	5.2	0.0	5.2	
3.03125	-0.6	-11002	5.8	5.2	0.6	5.2	0.0	5.2	
3.03516	-0.6	-11002	5.8	5.2	0.6	5.2	0.0	5.2	
3.03906	-0.5	-11002	5.8	5.2	0.6	5.2	0.0	5.2	
3.04297	-0.4	-11002	5.9	5.2	0.7	5.2	0.0	5.2	
3.04688	-0.5	-11002	5.9	5.2	0.7	5.2	0.0	5.2	
3.05078	-0.6	-11002	6.0	5.2	0.8	5.2	0.0	5.2	
3.05469	-0.8	-11002	6.0	5.2	0.8	5.2	0.0	5.2	
3.05859	-0.9	-11002	6.1	5.3	0.8	5.3	0.0	5.3	
3.06250	-1.0	-11002	6.2	5.2	1.0	5.2	0.0	5.2	
3.06641	-1.0	-11002	6.2	5.2	1.0	5.2	0.0	5.2	
3.07031	-1.1	-11002	6.3	5.2	1.1	5.2	0.0	5.2	
3.07422	-1.3	-11002	6.4	5.2	1.2	5.2	0.0	5.2	
3.07812	-1.4	-11002	6.5	5.2	1.3	5.2	0.0	5.2	
3.08203	-1.5	-11002	6.6	5.3	1.3	5.3	0.0	5.3	
3.08594	-1.8	-11002	6.7	5.3	1.4	5.3	0.0	5.3	
3.08984	-2.1	-11003	6.8	5.4	1.4	5.4	0.0	5.4	
3.09375	-2.3	-11003	7.0	5.4	1.6	5.4	0.0	5.4	
3.09766	-2.5	-11003	7.2	5.4	1.8	5.4	0.0	5.4	
3.10156	-2.7	-11003	7.3	5.4	1.9	5.4	0.0	5.4	
3.10547	-2.9	-11003	7.5	5.5	2.0	5.5	0.0	5.5	
3.10938	-3.2	-11003	7.6	5.6	2.0	5.6	0.0	5.6	
3.11328	-3.5	-11004	7.8	5.6	2.2	5.6	0.0	5.6	
3.11719	-4.0	-11004	8.0	5.7	2.3	5.7	0.0	5.7	
3.12109	-4.3	-11004	8.2	5.7	2.5	5.7	0.0	5.7	
3.12500	-4.6	-11004	8.4	5.8	2.6	5.8	0.0	5.8	
3.12891	-5.0	-11005	8.6	5.9	2.7	5.9	0.0	5.9	
3.13281	-5.2	-11005	8.8	5.9	2.9	5.9	0.0	5.9	
3.13672	-5.4	-11006	9.0	6.0	3.0	6.0	0.0	6.0	
3.14062	-5.5	-11006	9.2	6.1	3.1	6.1	0.0	6.1	
3.14453	-5.4	-11006	9.5	6.2	3.3	6.2	0.0	6.2	
3.14844	-5.6	-11007	9.7	6.4	3.3	6.4	0.0	6.4	
3.15234	-5.6	-11007	9.9	6.4	3.5	6.4	0.0	6.4	
3.15625	-5.7	-11007	10.1	6.5	3.6	6.5	0.0	6.5	
3.16016	-5.8	-11008	10.3	6.6	3.7	6.6	0.0	6.6	
3.16406	-5.6	-11008	10.5	6.8	3.7	6.8	0.0	6.8	
3.16797	-5.4	-11008	10.7	6.9	3.8	6.9	0.0	6.9	
3.17188	-5.2	-11009	10.9	6.9	4.0	6.9	0.0	6.9	
3.17578	-5.1	-11009	11.1	7.0	4.1	7.0	0.0	7.0	
3.17969	-4.9	-11009	11.3	7.1	4.2	7.1	0.0	7.1	
3.18359	-4.8	-11010	11.4	7.2	4.2	7.2	0.0	7.2	
3.18750	-4.8	-11010	11.6	7.4	4.2	7.4	0.0	7.4	
3.19141	-4.7	-11010	11.8	7.5	4.3	7.5	0.0	7.5	
3.19531	-4.4	-11011	11.9	7.6	4.3	7.6	0.0	7.6	
3.19922	-4.2	-11011	12.1	7.7	4.4	7.7	0.0	7.7	
3.20312	-3.9	-11011	12.2	7.8	4.4	7.8	0.0	7.8	
3.20703	-3.7	-11011	12.4	7.9	4.5	7.9	0.0	7.9	
3.21094	-3.9	-11012	12.5	8.1	4.4	8.1	0.0	8.1	
3.21484	-3.7	-11012	12.7	8.2	4.5	8.2	0.0	8.2	
3.21875	-3.6	-11012	12.8	8.3	4.5	8.3	0.0	8.3	
3.22266	-3.6	-11012	12.9	8.4	4.5	8.4	0.0	8.4	
3.22656	-3.3	-11013	13.1	8.6	4.5	8.6	0.0	8.6	
3.23047	-3.0	-11013	13.2	8.7	4.5	8.7	0.0	8.7	
3.23438	-2.9	-11013	13.3	8.8	4.5	8.8	0.0	8.8	
3.23828	-2.7	-11013	13.4	8.9	4.5	8.9	0.0	8.9	
3.24219	-2.6	-11013	13.5	9.0	4.5	9.0	0.0	9.0	
3.24609	-2.6	-11013	13.6	9.1	4.5	9.1	0.0	9.1	
3.25000	-2.4	-11014	13.7	9.3	4.4	9.3	0.0	9.3	
3.25391	-2.1	-11014	13.8	9.4	4.4	9.4	0.0	9.4	
3.25781	-1.9	-11014	13.9	9.5	4.4	9.5	0.0	9.5	
3.26172	-2.0	-11014	14.0	9.6	4.4	9.6	0.0	9.6	
3.26562	-1.8	-11014	14.0	9.7	4.3	9.7	0.0	9.7	
3.26953	-1.6	-11014	14.1	9.8	4.3	9.8	0.0	9.8	
3.27344	-1.6	-11014	14.1	9.9	4.2	9.9	0.0	9.9	
3.27734	-1.4	-11014	14.2	10.0	4.2	10.0	0.0	10.0	
3.28125	-1.4	-11015	14.3	10.1	4.2	10.1	0.0	10.1	
3.28516	-1.3	-11015	14.3	10.2	4.1	10.2	0.0	10.2	
3.28906	-1.1	-11015	14.3	10.3	4.0	10.3	0.0	10.3	
3.29297	-0.9	-11015	14.4	10.4	4.0	10.4	0.0	10.4	
3.29688	-1.0	-11015	14.4	10.4	4.0	10.4	0.0	10.4	
3.30078	-0.8	-11015	14.4	10.5	3.9	10.5	0.0	10.5	
3.30469	-0.7	-11015	14.5	10.7	3.8	10.7	0.0	10.7	
3.30859	-0.8	-11015	14.5	10.8	3.7	10.8	0.0	10.8	
3.31250	-0.6	-11015	14.5	10.8	3.7	10.8	0.0	10.8	
3.31641	-0.6	-11015	14.6	10.9	3.7	10.9	0.0	10.9	
3.32031	-0.7	-11015	14.6	11.0	3.6	11.0	0.0	11.0	
3.32422	-0.8	-11015	14.6	11.1	3.5	11.1	0.0	11.1	
3.32812	-0.8	-11015	14.7	11.2	3.5	11.2	0.0	11.2	
3.33203	-0.7	-11015	14.7	11.2	3.5	11.2	0.0	11.2	
3.33594	-0.7	-11015	14.7	11.3	3.4	11.3	0.0	11.3	
3.33984	-0.7	-11015	14.8	11.4	3.4	11.4	0.0	11.4	
3.34375	-0.7	-11015	14.8	11.5	3.3	11.5	0.0	11.5	
3.34766	-0.7	-11015	14.8	11.5	3.3	11.5	0.0	11.5	
3.35156	-0.6	-11015	14.9	11.6	3.3	11.6	0.0	11.6	
3.35547	-0.7	-11015	14.9	11.7	3.2	11.7	0.0	11.7	
3.35938	-1.0	-11016	15.0	11.8	3.2	11.8	0.0	11.8	
3.36328	-0.9	-11016	15.0	11.8	3.2	11.8	0.0	11.8	
3.36719	-0.7	-11016	15.0	11.9	3.1	11.9	0.0	11.9	
3.37109	-0.8	-11016	15.1	12.0	3.1	12.0	0.0	12.0	
3.37500	-0.8	-11016	15.1	12.0	3.1	12.0	0.0	12.0	
3.37891	-0.7	-11016	15.1	12.1	3.0	12.1	0.0	12.1	
3.38281	-0.7	-11016	15.2	12.1	3.1	12.1	0.0	12.1	
3.38672	-0.7	-11016	15.2	12.2	3.0	12.2	0.0	12.2	
3.39062	-0.7	-11016	15.2	12.2	3.0	12.2	0.0	12.2	
3.39453	-0.7	-11016	15.3	12.3	3.0	12.3	0.0	12.3	
3.39844	-0.6	-11016	15.3	12.4	2.9	12.4	0.0	12.4	
3.40234	-0.6	-11016	15.3	12.4	2.9	12.4	0.0	12.4	
3.40625	-0.6	-11016	15.3	12.5	2.8	12.5	0.0	12.5	
3.41016	-0.6	-11016	15.4	12.5	2.9	12.5	0.0	12.5	
3.41406	-0.6	-11016	15.4	12.6	2.8	12.6	0.0	12.6	
3.41797	-0.5	-11016	15.4	12.7	2.7	12.7	0.0	12.7	
3.42188	-0.5	-11016	15.4	12.7	2.7	12.7	0.0	12.7	
3.42578	-0.4	-11016	15.5	12.8	2.7	12.8	0.0	12.8	
3.42969	-0.3	-11016	15.5	12.8	2.7	12.8	0.0	12.8	
3.43359	-0.5	-11016	15.4	12.9	2.5	12.9	0.0	12.9	
3.43750	-0.5	-11016	15.4	13.0	2.4	13.0	0.0	13.0	
3.44141	-0.4	-11016	15.5	13.0	2.5	13.0	0.0	13.0	
3.44531	-0.5	-11016	15.5	13.0	2.5	13.0	0.0	13.0	
3.44922	-0.5	-11016	15.5	13.1	2.4	13.1	0.0	13.1	
3.45312	-0.5	-11016	15.6	13.1	2.5	13.1	0.0	13.1	
3.45703	-0.5	-11017	15.6	13.2	2.4	13.2	0.0	13.2	
3.46094	-0.5	-11017	15.6	13.2	2.4	13.2	0.0	13.2	
3.46484	-0.5	-11017	15.7	13.2	2.5	13.2	0.0	13.2	
3.46875	-0.5	-11017	15.7	13.3	2.4	13.3	0.0	13.3	
3.47266	-0.6	-11017	15.7	13.3	2.4	13.3	0.0	13.3	
3.47656	-0.6	-11017	15.7	13.4	2.3	13.4	0.0	13.4	
3.48047	-0.6	-11017	15.8	13.4	2.4	13.4	0.0	13.4	
3.48438	-0.6	-11017	15.8	13.4	2.4	13.4	0.0	13.4	
3.48828	-0.5	-11017	15.7	13.4	2.3	13.4	0.0	13.4	
3.49219	-0.4	-11017	15.8	13.4	2.4	13.4	0.0	13.4	
3.49609	-0.3	-11017	15.8	13.4	2.4	13.4	0.0	13.4	
3.50000	-0.4	-11017	15.8	13.5	2.3	13.5	0.0	13.5	
3.50391	-0.4	-11017	15.8	13.5	2.3	13.5	0.0	13.5	
3.50781	-0.3	-11017	15.8	13.5	2.3	13.5	0.0	13.5	
3.51172	-0.5	-11017	15.9	13.6	2.3	13.6	0.0	13.6	
3.51562	-0.5	-11017	15.8	13.6	2.2	13.6	0.0	13.6	
3.51953	-0.3	-11017	15.8	13.7	2.1	13.7	0.0	13.7	
3.52344	-0.3	-11017	15.8	13.7	2.1	13.7	0.0	13.7	
3.52734	-0.3	-11017	15.9	13.7	2.2	13.7	0.0	13.7	
3.53125	-0.4	-11017	15.9	13.8	2.1	13.8	0.0	13.8	
3.53516	-0.5	-11017	15.9	13.8	2.1	13.8	0.0	13.8	
3.53906	-0.5	-11017	15.9	13.9	2.0	13.9	0.0	13.9	
3.54297	-0.5	-11017	15.9	14.0	1.9	14.0	0.0	14.0	
3.54688	-0.5	-11017	15.9	14.0	1.9	14.0	0.0	14.0	
3.55078	-0.5	-11017	15.9	14.1	1.8	14.1	0.0	14.1	
3.55469	-0.6	-11017	16.0	14.1	1.9	14.1	0.0	14.1	
3.55859	-0.7	-11017	16.0	14.2	1.8	14.2	0.0	14.2	
3.56250	-0.7	-11017	16.0	14.2	1.8	14.2	0.0	14.2	
3.56641	-0.5	-11017	16.1	14.3	1.8	14.3	0.0	14.3	
3.57031	-0.4	-11017	16.2	14.3	1.9	14.3	0.0	14.3	
3.57422	-0.6	-11017	16.1	14.4	1.7	14.4	0.0	14.4	
3.57812	-0.6	-11018	16.1	14.5	1.6	14.5	0.0	14.5	
3.58203	-0.5	-11018	16.2	14.5	1.7	14.5	0.0	14.5	
3.58594	-0.6	-11018	16.2	14.5	1.7	14.5	0.0	14.5	
3.58984	-0.5	-11018	16.2	14.6	1.6	14.6	0.0	14.6	
3.59375	-0.4	-11018	16.2	14.6	1.6	14.6	0.0	14.6	
3.59766	-0.6	-11018	16.3	14.7	1.6	14.7	0.0	14.7	
3.60156	-0.5	-11018	16.3	14.7	1.6	14.7	0.0	14.7	
3.60547	-0.4	-11018	16.3	14.8	1.5	14.8	0.0	14.8	
3.60938	-0.5	-11018	16.3	14.8	1.5	14.8	0.0	14.8	
3.61328	-0.3	-11018	16.3	14.8	1.5	14.8	0.0	14.8	
3.61719	-0.3	-11018	16.3	14.9	1.4	14.9	0.0	14.9	
3.62109	-0.5	-11018	16.3	14.9	1.4	14.9	0.0	14.9	
3.62500	-0.4	-11018	16.3	15.0	1.3	15.0	0.0	15.0	
3.62891	-0.4	-11018	16.4	15.0	1.4	15.0	0.0	15.0	
3.63281	-0.5	-11018	16.4	15.1	1.3	15.1	0.0	15.1	
3.63672	-0.4	-11018	16.4	15.1	1.3	15.1	0.0	15.1	
3.64062	-0.4	-11018	16.4	15.1	1.3	15.1	0.0	15.1	
3.64453	-0.4	-11018	16.4	15.2	1.2	15.2	0.0	15.2	
3.64844	-0.4	-11018	16.4	15.2	1.2	15.2	0.0	15.2	
3.65234	-0.4	-11018	16.4	15.2	1.2	15.2	0.0	15.2	
3.65625	-0.4	-11018	16.5	15.2	1.3	15.2	0.0	15.2	
3.66016	-0.4	-11018	16.5	15.3	1.2	15.3	0.0	15.3	
3.66406	-0.3	-11018	16.5	15.3	1.2	15.3	0.0	15.3	
3.66797	-0.4	-11018	16.5	15.3	1.2	15.3	0.0	15.3	
3.67188	-0.5	-11018	16.5	15.3	1.2	15.3	0.0	15.3	
3.67578	-0.5	-11018	16.5	15.3	1.2	15.3	0.0	15.3	
3.67969	-0.4	-11018	16.5	15.4	1.1	15.4	0.0	15.4	
3.68359	-0.4	-11018	16.5	15.5	1.0	15.5	0.0	15.5	
3.68750	-0.5	-11018	16.5	15.4	1.1	15.4	0.0	15.4	
3.69141	-0.5	-11018	16.6	15.4	1.2	15.4	0.0	15.4	
3.69531	-0.5	-11018	16.6	15.5	1.1	15.5	0.0	15.5	
3.69922	-0.5	-11018	16.6	15.5	1.1	15.5	0.0	15.5	
3.70312	-0.4	-11018	16.7	15.5	1.2	15.5	0.0	15.5	
3.70703	-0.5	-11018	16.7	15.6	1.1	15.6	0.0	15.6	
3.71094	-0.4	-11018	16.7	15.6	1.1	15.6	0.0	15.6	
3.71484	-0.5	-11019	16.7	15.6	1.1	15.6	0.0	15.6	
3.71875	-0.5	-11019	16.7	15.6	1.1	15.6	0.0	15.6	
3.72266	-0.5	-11019	16.7	15.7	1.0	15.7	0.0	15.7	
3.72656	-0.4	-11019	16.7	15.7	1.0	15.7	0.0	15.7	
3.73047	-0.4	-11019	16.7	15.7	1.0	15.7	0.0	15.7	
3.73438	-0.5	-11019	16.7	15.7	1.0	15.7	0.0	15.7	
3.73828	-0.5	-11019	16.8	15.8	1.0	15.8	0.0	15.8	
3.74219	-0.4	-11019	16.8	15.8	1.0	15.8	0.0	15.8	
3.74609	-0.5	-11019	16.8	15.9	0.9	15.9	0.0	15.9	
3.75000	-0.5	-11019	16.8	15.8	1.0	15.8	0.0	15.8	
3.75391	-0.3	-11019	16.8	15.9	0.9	15.9	0.0	15.9	
3.75781	-0.4	-11019	16.8	15.9	0.9	15.9	0.0	15.9	
3.76172	-0.4	-11019	16.8	15.9	0.9	15.9	0.0	15.9	
3.76562	-0.3	-11019	16.9	15.9	1.0	15.9	0.0	15.9	
3.76953	-0.2	-11019	16.8	15.9	0.9	15.9	0.0	15.9	
3.77344	-0.3	-11019	16.8	15.9	0.9	15.9	0.0	15.9	
3.77734	-0.3	-11019	16.8	16.0	0.8	16.0	0.0	16.0	
3.78125	-0.3	-11019	16.8	16.0	0.8	16.0	0.0	16.0	
3.78516	-0.4	-11019	16.8	16.0	0.8	16.0	0.0	16.0	
3.78906	-0.4	-11019	16.8	16.0	0.8	16.0	0.0	16.0	
3.79297	-0.3	-11019	16.8	16.0	0.8	16.0	0.0	16.0	
3.79688	-0.4	-11019	16.8	16.0	0.8	16.0	0.0	16.0	
3.80078	-0.4	-11019	16.8	16.1	0.7	16.1	0.0	16.1	
3.80469	-0.4	-11019	16.8	16.1	0.7	16.1	0.0	16.1	
3.80859	-0.5	-11019	16.9	16.1	0.8	16.1	0.0	16.1	
3.81250	-0.5	-11019	16.9	16.1	0.8	16.1	0.0	16.1	
3.81641	-0.3	-11019	16.9	16.1	0.8	16.1	0.0	16.1	
3.82031	-0.5	-11019	16.9	16.1	0.8	16.1	0.0	16.1	
3.82422	-0.6	-11019	16.9	16.1	0.8	16.1	0.0	16.1	
3.82812	-0.5	-11019	17.0	16.1	0.9	16.1	0.0	16.1	
3.83203	-0.5	-11019	17.0	16.1	0.9	16.1	0.0	16.1	
3.83594	-0.6	-11019	17.0	16.1	0.9	16.1	0.0	16.1	
3.83984	-0.4	-11019	17.0	16.1	0.9	16.1	0.0	16.1	
3.84375	-0.4	-11019	17.1	16.1	1.0	16.1	0.0	16.1	
3.84766	-0.5	-11019	17.0	16.1	0.9	16.1	0.0	16.1	
3.85156	-0.4	-11019	17.1	16.1	1.0	16.1	0.0	16.1	
3.85547	-0.3	-11019	17.1	16.1	1.0	16.1	0.0	16.1	
3.85938	-0.4	-11020	17.1	16.1	1.0	16.1	0.0	16.1	
3.86328	-0.3	-11020	17.1	16.1	1.0	16.1	0.0	16.1	
3.86719	-0.2	-11020	17.0	16.1	0.9	16.1	0.0	16.1	
3.87109	-0.2	-11020	17.1	16.1	1.0	16.1	0.0	16.1	
3.87500	-0.3	-11020	17.1	16.1	1.0	16.1	0.0	16.1	
3.87891	-0.3	-11020	17.0	16.2	0.8	16.2	0.0	16.2	
3.88281	-0.2	-11020	17.0	16.1	0.9	16.1	0.0	16.1	
3.88672	-0.3	-11020	17.0	16.1	0.9	16.1	0.0	16.1	
3.89062	-0.3	-11020	17.0	16.1	0.9	16.1	0.0	16.1	
3.89453	-0.4	-11020	17.0	16.1	0.9	16.1	0.0	16.1	
3.89844	-0.5	-11020	17.0	16.1	0.9	16.1	0.0	16.1	
3.90234	-0.3	-11020	17.0	16.1	0.9	16.1	0.0	16.1	
3.90625	-0.2	-11020	16.9	16.2	0.7	16.2	0.0	16.2	
3.91016	-0.4	-11020	16.9	16.2	0.7	16.2	0.0	16.2	
3.91406	-0.4	-11020	17.0	16.2	0.8	16.2	0.0	16.2	
3.91797	-0.3	-11020	16.9	16.1	0.8	16.1	0.0	16.1	
3.92188	-0.4	-11020	16.9	16.2	0.7	16.2	0.0	16.2	
3.92578	-0.4	-11020	16.9	16.2	0.7	16.2	0.0	16.2	
3.92969	-0.2	-11020	16.9	16.2	0.7	16.2	0.0	16.2	
3.93359	-0.3	-11020	16.8	16.2	0.6	16.2	0.0	16.2	
3.93750	-0.5	-11020	16.8	16.2	0.6	16.2	0.0	16.2	
3.94141	-0.2	-11020	16.9	16.2	0.7	16.2	0.0	16.2	
3.94531	-0.2	-11020	16.8	16.2	0.6	16.2	0.0	16.2	
3.94922	-0.4	-11020	16.7	16.2	0.5	16.2	0.0	16.2	
3.95312	-0.3	-11020	16.8	16.2	0.6	16.2	0.0	16.2	
3.95703	-0.3	-11020	16.8	16.2	0.6	16.2	0.0	16.2	
3.96094	-0.3	-11020	16.8	16.2	0.6	16.2	0.0	16.2	
3.96484	-0.1	-11020	16.8	16.2	0.6	16.2	0.0	16.2	
3.96875	-0.3	-11020	16.8	16.2	0.6	16.2	0.0	16.2	
3.97266	-0.5	-11020	16.8	16.1	0.7	16.1	0.0	16.1	
3.97656	-0.4	-11020	16.8	16.1	0.7	16.1	0.0	16.1	
3.98047	-0.3	-11020	16.8	16.2	0.6	16.2	0.0	16.2	
3.98438	-0.3	-11020	16.8	16.2	0.6	16.2	0.0	16.2	
3.98828	-0.3	-11020	16.8	16.2	0.6	16.2	0.0	16.2	
3.99219	-0.4	-11020	16.8	16.2	0.6	16.2	0.0	16.2	
3.99609	-0.5	-11020	16.8	16.2	0.6	16.2	0.0	16.2	
4.00000	-0.5	-11020	16.8	16.2	0.6	16.2	0.0	16.2	
4.00391	-0.4	-11020	16.8	16.2	0.6	16.2	0.0	16.2	
4.00781	-0.4	-11020	16.9	16.2	0.7	16.2	0.0	16.2	
4.01172	-0.5	-11020	16.9	16.2	0.7	16.2	0.0	16.2	
4.01562	-0.5	-11020	16.9	16.2	0.7	16.2	0.0	16.2	
4.01953	-0.4	-11020	16.9	16.2	0.7	16.2	0.0	16.2	
4.02344	-0.4	-11020	16.9	16.2	0.7	16.2	0.0	16.2	
4.02734	-0.4	-11020	17.0	16.1	0.9	16.1	0.0	16.1	
4.03125	-0.4	-11020	17.0	16.2	0.8	16.2	0.0	16.2	
4.03516	-0.5	-11021	17.0	16.3	0.7	16.3	0.0	16.3	
4.03906	-0.4	-11021	17.0	16.2	0.8	16.2	0.0	16.2	
4.04297	-0.2	-11021	17.0	16.2	0.8	16.2	0.0	16.2	
4.04688	-0.4	-11021	16.9	16.2	0.7	16.2	0.0	16.2	
4.05078	-0.3	-11021	16.9	16.2	0.7	16.2	0.0	16.2	
4.05469	-0.2	-11021	17.0	16.2	0.8	16.2	0.0	16.2	
4.05859	-0.3	-11021	17.0	16.2	0.8	16.2	0.0	16.2	
4.06250	-0.2	-11021	16.9	16.2	0.7	16.2	0.0	16.2	
4.06641	-0.2	-11021	17.0	16.2	0.8	16.2	0.0	16.2	
4.07031	-0.3	-11021	17.0	16.2	0.8	16.2	0.0	16.2	
4.07422	-0.2	-11021	16.9	16.2	0.7	16.2	0.0	16.2	
4.07812	-0.2	-11021	17.0	16.3	0.7	16.3	0.0	16.3	
4.08203	-0.3	-11021	17.0	16.2	0.8	16.2	0.0	16.2	
4.08594	-0.4	-11021	17.0	16.2	0.8	16.2	0.0	16.2	
4.08984	-0.3	-11021	17.0	16.3	0.7	16.3	0.0	16.3	
4.09375	-0.4	-11021	16.9	16.3	0.6	16.3	0.0	16.3	
4.09766	-0.5	-11021	16.9	16.2	0.7	16.2	0.0	16.2	
4.10156	-0.4	-11021	17.0	16.3	0.7	16.3	0.0	16.3	
4.10547	-0.3	-11021	17.0	16.3	0.7	16.3	0.0	16.3	
4.10938	-0.4	-11021	17.0	16.2	0.8	16.2	0.0	16.2	
4.11328	-0.4	-11021	17.0	16.2	0.8	16.2	0.0	16.2	
4.11719	-0.3	-11021	16.9	16.2	0.7	16.2	0.0	16.2	
4.12109	-0.4	-11021	16.9	16.2	0.7	16.2	0.0	16.2	
4.12500	-0.5	-11021	17.0	16.3	0.7	16.3	0.0	16.3	
4.12891	-0.3	-11021	17.0	16.3	0.7	16.3	0.0	16.3	
4.13281	-0.3	-11021	17.0	16.3	0.7	16.3	0.0	16.3	
4.13672	-0.4	-11021	17.0	16.3	0.7	16.3	0.0	16.3	
4.14062	-0.4	-11021	16.9	16.3	0.6	16.3	0.0	16.3	
4.14453	-0.4	-11021	17.0	16.3	0.7	16.3	0.0	16.3	
4.14844	-0.4	-11021	17.0	16.3	0.7	16.3	0.0	16.3	
4.15234	-0.4	-11021	17.0	16.3	0.7	16.3	0.0	16.3	
4.15625	-0.4	-11021	17.0	16.3	0.7	16.3	0.0	16.3	
4.16016	-0.3	-11021	17.0	16.3	0.7	16.3	0.0	16.3	
4.16406	-0.2	-11021	17.0	16.3	0.7	16.3	0.0	16.3	
4.16797	-0.3	-11021	17.1	16.3	0.8	16.3	0.0	16.3	
4.17188	-0.5	-11021	17.0	16.3	0.7	16.3	0.0	16.3	
4.17578	-0.4	-11021	17.0	16.3	0.7	16.3	0.0	16.3	
4.17969	-0.2	-11021	17.1	16.2	0.9	16.2	0.0	16.2	
4.18359	-0.4	-11021	17.1	16.3	0.8	16.3	0.0	16.3	
4.18750	-0.5	-11021	17.1	16.3	0.8	16.3	0.0	16.3	
4.19141	-0.4	-11021	17.0	16.3	0.7	16.3	0.0	16.3	
4.19531	-0.4	-11021	17.1	16.3	0.8	16.3	0.0	16.3	
4.19922	-0.5	-11021	17.1	16.3	0.8	16.3	0.0	16.3	
4.20312	-0.4	-11022	17.1	16.3	0.8	16.3	0.0	16.3	
4.20703	-0.4	-11022	17.1	16.3	0.8	16.3	0.0	16.3	
4.21094	-0.3	-11022	17.0	16.2	0.8	16.2	0.0	16.2	
4.21484	-0.3	-11022	17.0	16.2	0.8	16.2	0.0	16.2	
4.21875	-0.5	-11022	17.1	16.3	0.8	16.3	0.0	16.3	
4.22266	-0.4	-11022	17.1	16.3	0.8	16.3	0.0	16.3	
4.22656	-0.4	-11022	17.1	16.3	0.8	16.3	0.0	16.3	
4.23047	-0.3	-11022	17.1	16.3	0.8	16.3	0.0	16.3	
4.23438	-0.3	-11022	17.0	16.3	0.7	16.3	0.0	16.3	
4.23828	-0.4	-11022	17.1	16.2	0.9	16.2	0.0	16.2	
4.24219	-0.3	-11022	17.1	16.2	0.9	16.2	0.0	16.2	
4.24609	-0.3	-11022	17.1	16.3	0.8	16.3	0.0	16.3	
4.25000	-0.4	-11022	17.1	16.3	0.8	16.3	0.0	16.3	
4.25391	-0.3	-11022	17.1	16.2	0.9	16.2	0.0	16.2	
4.25781	-0.3	-11022	17.1	16.2	0.9	16.2	0.0	16.2	
4.26172	-0.3	-11022	17.1	16.2	0.9	16.2	0.0	16.2	
4.26562	-0.3	-11022	17.1	16.2	0.9	16.2	0.0	16.2	
4.26953	-0.3	-11022	17.1	16.3	0.8	16.3	0.0	16.3	
4.27344	-0.4	-11022	17.0	16.3	0.7	16.3	0.0	16.3	
4.27734	-0.5	-11022	17.0	16.2	0.8	16.2	0.0	16.2	
4.28125	-0.4	-11022	17.1	16.3	0.8	16.3	0.0	16.3	
4.28516	-0.4	-11022	17.1	16.3	0.8	16.3	0.0	16.3	
4.28906	-0.4	-11022	17.1	16.3	0.8	16.3	0.0	16.3	
4.29297	-0.3	-11022	17.1	16.3	0.8	16.3	0.0	16.3	
4.29688	-0.3	-11022	17.1	16.3	0.8	16.3	0.0	16.3	
4.30078	-0.4	-11022	17.1	16.3	0.8	16.3	0.0	16.3	
4.30469	-0.3	-11022	17.1	16.3	0.8	16.3	0.0	16.3	
4.30859	-0.3	-11022	17.0	16.3	0.7	16.3	0.0	16.3	
4.31250	-0.4	-11022	17.1	16.3	0.8	16.3	0.0	16.3	
4.31641	-0.4	-11022	17.1	16.3	0.8	16.3	0.0	16.3	
4.32031	-0.4	-11022	17.1	16.3	0.8	16.3	0.0	16.3	
4.32422	-0.6	-11022	17.2	16.3	0.9	16.3	0.0	16.3	
4.32812	-0.6	-11022	17.2	16.2	1.0	16.2	0.0	16.2	
4.33203	-0.4	-11022	17.2	16.2	1.0	16.2	0.0	16.2	
4.33594	-0.4	-11022	17.2	16.2	1.0	16.2	0.0	16.2	
4.33984	-0.5	-11022	17.2	16.2	1.0	16.2	0.0	16.2	
4.34375	-0.4	-11022	17.3	16.2	1.1	16.2	0.0	16.2	
4.34766	-0.4	-11022	17.2	16.2	1.0	16.2	0.0	16.2	
4.35156	-0.4	-11022	17.2	16.2	1.0	16.2	0.0	16.2	
4.35547	-0.3	-11022	17.3	16.2	1.1	16.2	0.0	16.2	
4.35938	-0.4	-11022	17.3	16.2	1.1	16.2	0.0	16.2	
4.36328	-0.5	-11023	17.3	16.2	1.1	16.2	0.0	16.2	
4.36719	-0.3	-11023	17.3	16.1	1.2	16.1	0.0	16.1	
4.37109	-0.4	-11023	17.3	16.2	1.1	16.2	0.0	16.2	
4.37500	-0.5	-11023	17.3	16.2	1.1	16.2	0.0	16.2	
4.37891	-0.2	-11023	17.4	16.1	1.3	16.1	0.0	16.1	
4.38281	-0.2	-11023	17.3	16.2	1.1	16.2	0.0	16.2	
4.38672	-0.4	-11023	17.3	16.2	1.1	16.2	0.0	16.2	
4.39062	-0.4	-11023	17.4	16.2	1.2	16.2	0.0	16.2	
4.39453	-0.2	-11023	17.3	16.2	1.1	16.2	0.0	16.2	
4.39844	-0.4	-11023	17.3	16.3	1.0	16.3	0.0	16.3	
4.40234	-0.5	-11023	17.3	16.3	1.0	16.3	0.0	16.3	
4.40625	-0.4	-11023	17.4	16.3	1.1	16.3	0.0	16.3	
4.41016	-0.4	-11023	17.4	16.3	1.1	16.3	0.0	16.3	
4.41406	-0.4	-11023	17.4	16.3	1.1	16.3	0.0	16.3	
4.41797	-0.3	-11023	17.4	16.4	1.0	16.4	0.0	16.4	
4.42188	-0.4	-11023	17.4	16.4	1.0	16.4	0.0	16.4	
4.42578	-0.4	-11023	17.4	16.4	1.0	16.4	0.0	16.4	
4.42969	-0.4	-11023	17.4	16.5	0.9	16.5	0.0	16.5	
4.43359	-0.4	-11023	17.4	16.4	1.0	16.4	0.0	16.4	
4.43750	-0.4	-11023	17.4	16.4	1.0	16.4	0.0	16.4	
4.44141	-0.3	-11023	17.4	16.5	0.9	16.5	0.0	16.5	
4.44531	-0.5	-11023	17.5	16.6	0.9	16.6	0.0	16.6	
4.44922	-0.5	-11023	17.5	16.6	0.9	16.6	0.0	16.6	
4.45312	-0.3	-11023	17.5	16.6	0.9	16.6	0.0	16.6	
4.45703	-0.2	-11023	17.5	16.6	0.9	16.6	0.0	16.6	
4.46094	-0.4	-11023	17.5	16.6	0.9	16.6	0.0	16.6	
4.46484	-0.5	-11023	17.5	16.7	0.8	16.7	0.0	16.7	
4.46875	-0.4	-11023	17.5	16.7	0.8	16.7	0.0	16.7	
4.47266	-0.4	-11023	17.6	16.7	0.9	16.7	0.0	16.7	
4.47656	-0.4	-11023	17.5	16.7	0.8	16.7	0.0	16.7	
4.48047	-0.5	-11023	17.6	16.8	0.8	16.8	0.0	16.8	
4.48438	-0.5	-11023	17.6	16.7	0.9	16.7	0.0	16.7	
4.48828	-0.4	-11023	17.6	16.8	0.8	16.8	0.0	16.8	
4.49219	-0.3	-11023	17.6	16.9	0.7	16.9	0.0	16.9	
4.49609	-0.4	-11023	17.6	16.9	0.7	16.9	0.0	16.9	
4.50000	-0.4	-11023	17.6	16.9	0.7	16.9	0.0	16.9	
4.50391	-0.4	-11023	17.6	16.9	0.7	16.9	0.0	16.9	
4.50781	-0.4	-11023	17.7	16.9	0.8	16.9	0.0	16.9	
4.51172	-0.3	-11023	17.7	17.0	0.7	17.0	0.0	17.0	
4.51562	-0.4	-11023	17.7	17.0	0.7	17.0	0.0	17.0	
4.51953	-0.4	-11024	17.7	17.0	0.7	17.0	0.0	17.0	
4.52344	-0.4	-11024	17.7	17.0	0.7	17.0	0.0	17.0	
4.52734	-0.3	-11024	17.7	17.0	0.7	17.0	0.0	17.0	
4.53125	-0.3	-11024	17.7	17.0	0.7	17.0	0.0	17.0	
4.53516	-0.4	-11024	17.7	17.0	0.7	17.0	0.0	17.0	
4.53906	-0.5	-11024	17.7	17.1	0.6	17.1	0.0	17.1	
4.54297	-0.4	-11024	17.7	17.1	0.6	17.1	0.0	17.1	
4.54688	-0.3	-11024	17.7	17.1	0.6	17.1	0.0	17.1	
4.55078	-0.3	-11024	17.8	17.1	0.7	17.1	0.0	17.1	
4.55469	-0.4	-11024	17.8	17.1	0.7	17.1	0.0	17.1	
4.55859	-0.4	-11024	17.8	17.1	0.7	17.1	0.0	17.1	
4.56250	-0.2	-11024	17.8	17.1	0.7	17.1	0.0	17.1	
4.56641	-0.2	-11024	17.8	17.1	0.7	17.1	0.0	17.1	
4.57031	-0.4	-11024	17.8	17.1	0.7	17.1	0.0	17.1	
4.57422	-0.4	-11024	17.8	17.2	0.6	17.2	0.0	17.2	
4.57812	-0.4	-11024	17.8	17.2	0.6	17.2	0.0	17.2	
4.58203	-0.3	-11024	17.8	17.2	0.6	17.2	0.0	17.2	
4.58594	-0.4	-11024	17.8	17.2	0.6	17.2	0.0	17.2	
4.58984	-0.3	-11024	17.8	17.2	0.6	17.2	0.0	17.2	
4.59375	-0.3	-11024	17.8	17.1	0.7	17.1	0.0	17.1	
4.59766	-0.5	-11024	17.9	17.2	0.7	17.2	0.0	17.2	
4.60156	-0.3	-11024	17.9	17.2	0.7	17.2	0.0	17.2	
4.60547	-0.2	-11024	17.8	17.2	0.6	17.2	0.0	17.2	
4.60938	-0.4	-11024	17.8	17.2	0.6	17.2	0.0	17.2	
4.61328	-0.4	-11024	17.9	17.3	0.6	17.3	0.0	17.3	
4.61719	-0.2	-11024	17.8	17.3	0.5	17.3	0.0	17.3	
4.62109	-0.4	-11024	17.8	17.3	0.5	17.3	0.0	17.3	
4.62500	-0.3	-11024	17.8	17.3	0.5	17.3	0.0	17.3	
4.62891	-0.2	-11024	17.8	17.3	0.5	17.3	0.0	17.3	
4.63281	-0.2	-11024	17.9	17.3	0.6	17.3	0.0	17.3	
4.63672	-0.3	-11024	17.8	17.2	0.6	17.2	0.0	17.2	
4.64062	-0.2	-11024	17.8	17.2	0.6	17.2	0.0	17.2	
4.64453	-0.2	-11024	17.7	17.3	0.4	17.3	0.0	17.3	
4.64844	-0.2	-11024	17.8	17.4	0.4	17.4	0.0	17.4	
4.65234	-0.3	-11024	17.8	17.4	0.4	17.4	0.0	17.4	
4.65625	-0.3	-11024	17.7	17.4	0.3	17.4	0.0	17.4	
4.66016	-0.3	-11024	17.8	17.4	0.4	17.4	0.0	17.4	
4.66406	-0.3	-11024	17.8	17.3	0.5	17.3	0.0	17.3	
4.66797	-0.4	-11024	17.8	17.4	0.4	17.4	0.0	17.4	
4.67188	-0.5	-11024	17.8	17.4	0.4	17.4	0.0	17.4	
4.67578	-0.4	-11024	17.8	17.3	0.5	17.3	0.0	17.3	
4.67969	-0.3	-11024	17.8	17.3	0.5	17.3	0.0	17.3	
4.68359	-0.4	-11024	17.8	17.4	0.4	17.4	0.0	17.4	
4.68750	-0.4	-11024	17.8	17.3	0.5	17.3	0.0	17.3	
4.69141	-0.5	-11024	17.9	17.3	0.6	17.3	0.0	17.3	
4.69531	-0.4	-11024	17.8	17.3	0.5	17.3	0.0	17.3	
4.69922	-0.3	-11025	17.8	17.3	0.5	17.3	0.0	17.3	
4.70312	-0.3	-11025	17.8	17.3	0.5	17.3	0.0	17.3	
4.70703	-0.4	-11025	17.8	17.3	0.5	17.3	0.0	17.3	
4.71094	-0.4	-11025	17.8	17.3	0.5	17.3	0.0	17.3	
4.71484	-0.3	-11025	17.8	17.3	0.5	17.3	0.0	17.3	
4.71875	-0.3	-11025	17.8	17.3	0.5	17.3	0.0	17.3	
4.72266	-0.2	-11025	17.8	17.3	0.5	17.3	0.0	17.3	
4.72656	-0.3	-11025	17.8	17.3	0.5	17.3	0.0	17.3	
4.73047	-0.3	-11025	17.8	17.3	0.5	17.3	0.0	17.3	
4.73438	-0.3	-11025	17.8	17.3	0.5	17.3	0.0	17.3	
4.73828	-0.3	-11025	17.8	17.3	0.5	17.3	0.0	17.3	
4.74219	-0.2	-11025	17.8	17.2	0.6	17.2	0.0	17.2	
4.74609	-0.2	-11025	17.8	17.2	0.6	17.2	0.0	17.2	
4.75000	-0.3	-11025	17.7	17.3	0.4	17.3	0.0	17.3	
4.75391	-0.2	-11025	17.8	17.3	0.5	17.3	0.0	17.3	
4.75781	-0.2	-11025	17.7	17.2	0.5	17.2	0.0	17.2	
4.76172	-0.3	-11025	17.7	17.2	0.5	17.2	0.0	17.2	
4.76562	-0.3	-11025	17.7	17.2	0.5	17.2	0.0	17.2	
4.76953	-0.4	-11025	17.7	17.2	0.5	17.2	0.0	17.2	
4.77344	-0.3	-11025	17.7	17.3	0.4	17.3	0.0	17.3	
4.77734	-0.2	-11025	17.7	17.3	0.4	17.3	0.0	17.3	
4.78125	-0.3	-11025	17.6	17.2	0.4	17.2	0.0	17.2	
4.78516	-0.4	-11025	17.6	17.2	0.4	17.2	0.0	17.2	
4.78906	-0.4	-11025	17.6	17.2	0.4	17.2	0.0	17.2	
4.79297	-0.3	-11025	17.6	17.2	0.4	17.2	0.0	17.2	
4.79688	-0.2	-11025	17.6	17.2	0.4	17.2	0.0	17.2	
4.80078	-0.2	-11025	17.5	17.2	0.3	17.2	0.0	17.2	
4.80469	-0.2	-11025	17.5	17.2	0.3	17.2	0.0	17.2	
4.80859	-0.2	-11025	17.5	17.2	0.3	17.2	0.0	17.2	
4.81250	-0.3	-11025	17.5	17.1	0.4	17.1	0.0	17.1	
4.81641	-0.1	-11025	17.5	17.1	0.4	17.1	0.0	17.1	
4.82031	-0.1	-11025	17.5	17.1	0.4	17.1	0.0	17.1	
4.82422	-0.4	-11025	17.5	17.1	0.4	17.1	0.0	17.1	
4.82812	-0.4	-11025	17.5	17.1	0.4	17.1	0.0	17.1	
4.83203	-0.3	-11025	17.4	17.1	0.3	17.1	0.0	17.1	
4.83594	-0.3	-11025	17.4	17.1	0.3	17.1	0.0	17.1	
4.83984	-0.3	-11025	17.4	17.1	0.3	17.1	0.0	17.1	
4.84375	-0.3	-11025	17.4	17.1	0.3	17.1	0.0	17.1	
4.84766	-0.3	-11025	17.4	17.1	0.3	17.1	0.0	17.1	
4.85156	-0.3	-11025	17.4	17.1	0.3	17.1	0.0	17.1	
4.85547	-0.3	-11025	17.5	17.0	0.5	17.0	0.0	17.0	
4.85938	-0.4	-11025	17.4	17.1	0.3	17.1	0.0	17.1	
4.86328	-0.5	-11025	17.4	17.1	0.3	17.1	0.0	17.1	
4.86719	-0.2	-11025	17.4	17.0	0.4	17.0	0.0	17.0	
4.87109	-0.3	-11025	17.4	17.0	0.4	17.0	0.0	17.0	
4.87500	-0.4	-11025	17.5	17.0	0.5	17.0	0.0	17.0	
4.87891	-0.3	-11025	17.5	17.0	0.5	17.0	0.0	17.0	
4.88281	-0.3	-11025	17.5	17.1	0.4	17.1	0.0	17.1	
4.88672	-0.5	-11025	17.5	17.1	0.4	17.1	0.0	17.1	
4.89062	-0.3	-11025	17.5	17.0	0.5	17.0	0.0	17.0	
4.89453	-0.3	-11025	17.5	17.0	0.5	17.0	0.0	17.0	
4.89844	-0.4	-11026	17.5	17.0	0.5	17.0	0.0	17.0	
4.90234	-0.3	-11026	17.5	17.0	0.5	17.0	0.0	17.0	
4.90625	-0.4	-11026	17.5	17.0	0.5	17.0	0.0	17.0	
4.91016	-0.3	-11026	17.5	17.0	0.5	17.0	0.0	17.0	
4.91406	-0.2	-11026	17.5	17.0	0.5	17.0	0.0	17.0	
4.91797	-0.4	-11026	17.5	17.0	0.5	17.0	0.0	17.0	
4.92188	-0.4	-11026	17.5	17.0	0.5	17.0	0.0	17.0	
4.92578	-0.3	-11026	17.5	17.0	0.5	17.0	0.0	17.0	
4.92969	-0.3	-11026	17.5	17.0	0.5	17.0	0.0	17.0	
4.93359	-0.3	-11026	17.6	17.0	0.6	17.0	0.0	17.0	
4.93750	-0.4	-11026	17.6	17.0	0.6	17.0	0.0	17.0	
4.94141	-0.3	-11026	17.5	17.0	0.5	17.0	0.0	17.0	
4.94531	-0.3	-11026	17.5	17.0	0.5	17.0	0.0	17.0	
4.94922	-0.4	-11026	17.5	17.0	0.5	17.0	0.0	17.0	
4.95312	-0.2	-11026	17.5	17.0	0.5	17.0	0.0	17.0	
4.95703	-0.3	-11026	17.5	17.0	0.5	17.0	0.0	17.0	
4.96094	-0.3	-11026	17.5	17.0	0.5	17.0	0.0	17.0	
4.96484	-0.3	-11026	17.5	17.0	0.5	17.0	0.0	17.0	
4.96875	-0.4	-11026	17.5	16.9	0.6	16.9	0.0	16.9	
4.97266	-0.3	-11026	17.5	16.9	0.6	16.9	0.0	16.9	
4.97656	-0.2	-11026	17.5	17.0	0.5	17.0	0.0	17.0	
4.98047	-0.4	-11026	17.5	17.0	0.5	17.0	0.0	17.0	
4.98438	-0.3	-11026	17.5	17.0	0.5	17.0	0.0	17.0	
4.98828	-0.3	-11026	17.5	17.0	0.5	17.0	0.0	17.0	
4.99219	-0.3	-11026	17.5	17.0	0.5	17.0	0.0	17.0	
4.99609	-0.3	-11026	17.5	16.9	0.6	16.9	0.0	16.9	
5.00000	-0.3	-11026	17.5	16.9	0.6	16.9	0.0	16.9	
5.00391	-0.4	-11026	17.5	16.9	0.6	16.9	0.0	16.9	
5.00781	-0.4	-11026	17.5	16.9	0.6	16.9	0.0	16.9	
5.01172	-0.4	-11026	17.5	16.9	0.6	16.9	0.0	16.9	
5.01562	-0.3	-11026	17.5	17.0	0.5	17.0	0.0	17.0	
5.01953	-0.2	-11026	17.5	17.0	0.5	17.0	0.0	17.0	
5.02344	-0.3	-11026	17.5	17.0	0.5	17.0	0.0	17.0	
5.02734	-0.3	-11026	17.5	16.9	0.6	16.9	0.0	16.9	
5.03125	-0.4	-11026	17.5	17.0	0.5	17.0	0.0	17.0	
5.03516	-0.4	-11026	17.5	17.0	0.5	17.0	0.0	17.0	
5.03906	-0.2	-11026	17.5	17.0	0.5	17.0	0.0	17.0	
5.04297	-0.3	-11026	17.5	16.9	0.6	16.9	0.0	16.9	
5.04688	-0.4	-11026	17.5	16.9	0.6	16.9	0.0	16.9	
5.05078	-0.3	-11026	17.5	16.9	0.6	16.9	0.0	16.9	
5.05469	-0.3	-11026	17.5	16.9	0.6	16.9	0.0	16.9	
5.05859	-0.3	-11026	17.5	16.9	0.6	16.9	0.0	16.9	
5.06250	-0.2	-11026	17.5	16.9	0.6	16.9	0.0	16.9	
5.06641	-0.2	-11026	17.5	16.9	0.6	16.9	0.0	16.9	
5.07031	-0.3	-11026	17.5	16.9	0.6	16.9	0.0	16.9	
5.07422	-0.3	-11026	17.4	16.9	0.5	16.9	0.0	16.9	
5.07812	-0.1	-11026	17.4	16.9	0.5	16.9	0.0	16.9	
5.08203	-0.2	-11026	17.5	16.9	0.6	16.9	0.0	16.9	
5.08594	-0.3	-11026	17.4	16.9	0.5	16.9	0.0	16.9	
5.08984	-0.2	-11026	17.4	16.9	0.5	16.9	0.0	16.9	
5.09375	-0.3	-11026	17.4	16.9	0.5	16.9	0.0	16.9	
5.09766	-0.4	-11027	17.4	16.9	0.5	16.9	0.0	16.9	
5.10156	-0.4	-11027	17.4	16.8	0.6	16.8	0.0	16.8	
5.10547	-0.3	-11027	17.4	16.8	0.6	16.8	0.0	16.8	
5.10938	-0.4	-11027	17.4	16.8	0.6	16.8	0.0	16.8	
5.11328	-0.3	-11027	17.4	16.8	0.6	16.8	0.0	16.8	
5.11719	-0.3	-11027	17.4	16.8	0.6	16.8	0.0	16.8	
5.12109	-0.3	-11027	17.4	16.8	0.6	16.8	0.0	16.8	
5.12500	-0.3	-11027	17.4	16.7	0.7	16.7	0.0	16.7	
5.12891	-0.2	-11027	17.3	16.8	0.5	16.8	0.0	16.8	
5.13281	-0.3	-11027	17.3	16.7	0.6	16.7	0.0	16.7	
5.13672	-0.2	-11027	17.3	16.7	0.6	16.7	0.0	16.7	
5.14062	-0.2	-11027	17.3	16.7	0.6	16.7	0.0	16.7	
5.14453	-0.2	-11027	17.3	16.7	0.6	16.7	0.0	16.7	
5.14844	-0.4	-11027	17.3	16.7	0.6	16.7	0.0	16.7	
5.15234	-0.3	-11027	17.3	16.7	0.6	16.7	0.0	16.7	
5.15625	-0.1	-11027	17.3	16.7	0.6	16.7	0.0	16.7	
5.16016	-0.2	-11027	17.2	16.7	0.5	16.7	0.0	16.7	
5.16406	-0.2	-11027	17.2	16.6	0.6	16.6	0.0	16.6	
5.16797	-0.2	-11027	17.2	16.6	0.6	16.6	0.0	16.6	
5.17188	-0.2	-11027	17.2	16.6	0.6	16.6	0.0	16.6	
5.17578	-0.1	-11027	17.1	16.6	0.5	16.6	0.0	16.6	
5.17969	0.0	-11027	17.1	16.6	0.5	16.6	0.0	16.6	
5.18359	-0.0	-11027	17.1	16.6	0.5	16.6	0.0	16.6	
5.18750	0.0	-11027	17.0	16.6	0.4	16.6	0.0	16.6	
5.19141	0.2	-11027	16.9	16.6	0.3	16.6	0.0	16.6	
5.19531	0.3	-11027	16.9	16.5	0.4	16.5	0.0	16.5	
5.19922	0.4	-11027	16.8	16.5	0.3	16.5	0.0	16.5	
5.20312	0.5	-11027	16.6	16.4	0.2	16.4	0.0	16.4	
5.20703	0.8	-11027	16.6	16.4	0.2	16.4	0.0	16.4	
5.21094	0.9	-11027	16.5	16.3	0.2	16.3	0.0	16.3	
5.21484	1.1	-11027	16.3	16.3	0.0	16.3	0.0	16.3	
5.21875	1.5	-11026	16.2	16.2	0.0	16.2	0.0	16.2	
5.22266	1.8	-11026	16.1	16.2	-0.1	16.2	0.0	16.2	
5.22656	2.1	-11026	16.0	16.1	-0.1	16.1	0.0	16.1	
5.23047	2.3	-11026	15.8	16.0	-0.2	16.0	0.0	16.0	
5.23438	2.4	-11026	15.6	15.9	-0.3	15.9	0.0	15.9	
5.23828	2.5	-11026	15.5	15.9	-0.4	15.9	0.0	15.9	
5.24219	2.6	-11026	15.3	15.8	-0.5	15.8	0.0	15.8	
5.24609	2.7	-11025	15.1	15.7	-0.6	15.7	0.0	15.7	
5.25000	2.8	-11025	15.0	15.6	-0.6	15.6	0.0	15.6	
5.25391	2.9	-11025	14.8	15.6	-0.8	15.6	0.0	15.6	
5.25781	2.7	-11025	14.7	15.5	-0.8	15.5	0.0	15.5	
5.26172	2.6	-11025	14.6	15.5	-0.9	15.5	0.0	15.5	
5.26562	2.6	-11025	14.4	15.4	-1.0	15.4	0.0	15.4	
5.26953	2.7	-11024	14.3	15.3	-1.0	15.3	0.0	15.3	
5.27344	2.7	-11024	14.1	15.3	-1.2	15.3	0.0	15.3	
5.27734	2.3	-11024	14.0	15.2	-1.2	15.2	0.0	15.2	
5.28125	2.0	-11024	13.9	15.1	-1.2	15.1	0.0	15.1	
5.28516	1.9	-11024	13.7	15.1	-1.4	15.1	0.0	15.1	
5.28906	1.8	-11024	13.6	15.0	-1.4	15.0	0.0	15.0	
5.29297	1.8	-11024	13.5	15.0	-1.5	15.0	0.0	15.0	
5.29688	1.6	-11023	13.5	14.9	-1.4	14.9	0.0	14.9	
5.30078	1.5	-11023	13.4	14.8	-1.4	14.8	0.0	14.8	
5.30469	1.6	-11023	13.2	14.8	-1.6	14.8	0.0	14.8	
5.30859	1.5	-11023	13.1	14.7	-1.6	14.7	0.0	14.7	
5.31250	1.3	-11023	13.0	14.6	-1.6	14.6	0.0	14.6	
5.31641	1.3	-11023	12.9	14.6	-1.7	14.6	0.0	14.6	
5.32031	1.3	-11023	12.8	14.5	-1.7	14.5	0.0	14.5	
5.32422	1.2	-11023	12.7	14.4	-1.7	14.4	0.0	14.4	
5.32812	1.2	-11023	12.6	14.4	-1.8	14.4	0.0	14.4	
5.33203	1.0	-11023	12.6	14.3	-1.7	14.3	0.0	14.3	
5.33594	1.0	-11023	12.5	14.2	-1.7	14.2	0.0	14.2	
5.33984	1.0	-11023	12.4	14.2	-1.8	14.2	0.0	14.2	
5.34375	1.0	-11022	12.3	14.1	-1.8	14.1	0.0	14.1	
5.34766	1.0	-11022	12.2	14.0	-1.8	14.0	0.0	14.0	
5.35156	1.0	-11022	12.2	14.0	-1.8	14.0	0.0	14.0	
5.35547	1.1	-11022	12.1	13.9	-1.8	13.9	0.0	13.9	
5.35938	1.0	-11022	11.9	13.8	-1.9	13.8	0.0	13.8	
5.36328	1.1	-11022	11.9	13.7	-1.8	13.7	0.0	13.7	
5.36719	1.1	-11022	11.8	13.7	-1.9	13.7	0.0	13.7	
5.37109	1.1	-11022	11.7	13.6	-1.9	13.6	0.0	13.6	
5.37500	1.3	-11022	11.6	13.5	-1.9	13.5	0.0	13.5	
5.37891	1.4	-11022	11.5	13.4	-1.9	13.4	0.0	13.4	
5.38281	1.2	-11022	11.4	13.3	-1.9	13.3	0.0	13.3	
5.38672	1.4	-11022	11.2	13.2	-2.0	13.2	0.0	13.2	
5.39062	1.6	-11022	11.2	13.1	-1.9	13.1	0.0	13.1	
5.39453	1.5	-11021	11.1	13.0	-1.9	13.0	0.0	13.0	
5.39844	1.4	-11021	11.0	13.0	-2.0	13.0	0.0	13.0	
5.40234	1.5	-11021	10.9	12.9	-2.0	12.9	0.0	12.9	
5.40625	1.4	-11021	10.8	12.8	-2.0	12.8	0.0	12.8	
5.41016	1.5	-11021	10.7	12.7	-2.0	12.7	0.0	12.7	
5.41406	1.5	-11021	10.6	12.6	-2.0	12.6	0.0	12.6	
5.41797	1.3	-11021	10.5	12.5	-2.0	12.5	0.0	12.5	
5.42188	1.1	-11021	10.4	12.5	-2.1	12.5	0.0	12.5	
5.42578	1.0	-11021	10.3	12.3	-2.0	12.3	0.0	12.3	
5.42969	0.9	-11021	10.3	12.1	-1.8	12.1	0.0	12.1	
5.43359	0.7	-11021	10.2	12.1	-1.9	12.1	0.0	12.1	
5.43750	0.7	-11021	10.1	12.1	-2.0	12.1	0.0	12.1	
5.44141	0.8	-11021	10.1	12.0	-1.9	12.0	0.0	12.0	
5.44531	0.7	-11020	10.0	11.9	-1.9	11.9	0.0	11.9	
5.44922	0.5	-11020	9.9	11.8	-1.9	11.8	0.0	11.8	
5.45312	0.6	-11020	9.8	11.7	-1.9	11.7	0.0	11.7	
5.45703	0.6	-11020	9.8	11.7	-1.9	11.7	0.0	11.7	
5.46094	0.6	-11020	9.7	11.6	-1.9	11.6	0.0	11.6	
5.46484	0.6	-11020	9.7	11.5	-1.8	11.5	0.0	11.5	
5.46875	0.6	-11020	9.6	11.4	-1.8	11.4	0.0	11.4	
5.47266	0.6	-11020	9.5	11.4	-1.9	11.4	0.0	11.4	
5.47656	0.6	-11020	9.5	11.3	-1.8	11.3	0.0	11.3	
5.48047	0.7	-11020	9.4	11.2	-1.8	11.2	0.0	11.2	
5.48438	0.7	-11020	9.3	11.1	-1.8	11.1	0.0	11.1	
5.48828	0.6	-11020	9.3	11.0	-1.7	11.0	0.0	11.0	
5.49219	0.7	-11020	9.3	11.0	-1.7	11.0	0.0	11.0	
5.49609	0.6	-11020	9.2	10.9	-1.7	10.9	0.0	10.9	
5.50000	0.7	-11020	9.1	10.8	-1.7	10.8	0.0	10.8	
5.50391	0.9	-11020	9.0	10.7	-1.7	10.7	0.0	10.7	
5.50781	0.9	-11020	8.9	10.6	-1.7	10.6	0.0	10.6	
5.51172	0.7	-11020	8.9	10.6	-1.7	10.6	0.0	10.6	
5.51562	0.7	-11020	8.8	10.5	-1.7	10.5	0.0	10.5	
5.51953	0.6	-11020	8.7	10.4	-1.7	10.4	0.0	10.4	
5.52344	0.5	-11020	8.7	10.3	-1.6	10.3	0.0	10.3	
5.52734	0.4	-11020	8.7	10.2	-1.5	10.2	0.0	10.2	
5.53125	0.2	-11020	8.6	10.1	-1.5	10.1	0.0	10.1	
5.53516	-0.1	-11020	8.6	10.1	-1.5	10.1	0.0	10.1	
5.53906	-0.2	-11020	8.6	10.0	-1.4	10.0	0.0	10.0	
5.54297	-0.2	-11020	8.6	10.0	-1.4	10.0	0.0	10.0	
5.54688	-0.4	-11020	8.6	9.9	-1.3	9.9	0.0	9.9	
5.55078	-0.4	-11020	8.6	9.8	-1.2	9.8	0.0	9.8	
5.55469	-0.3	-11020	8.6	9.8	-1.2	9.8	0.0	9.8	
5.55859	-0.4	-11020	8.6	9.7	-1.1	9.7	0.0	9.7	
5.56250	-0.5	-11020	8.6	9.7	-1.1	9.7	0.0	9.7	
5.56641	-0.4	-11020	8.6	9.6	-1.0	9.6	0.0	9.6	
5.57031	-0.3	-11020	8.7	9.5	-0.8	9.5	0.0	9.5	
5.57422	-0.4	-11020	8.7	9.5	-0.8	9.5	0.0	9.5	
5.57812	-0.3	-11020	8.7	9.4	-0.7	9.4	0.0	9.4	
5.58203	-0.2	-11020	8.7	9.4	-0.7	9.4	0.0	9.4	
5.58594	-0.2	-11020	8.7	9.4	-0.7	9.4	0.0	9.4	
5.58984	-0.3	-11020	8.7	9.3	-0.6	9.3	0.0	9.3	
5.59375	-0.2	-11020	8.7	9.3	-0.6	9.3	0.0	9.3	
5.59766	-0.2	-11020	8.6	9.2	-0.6	9.2	0.0	9.2	
5.60156	-0.2	-11020	8.6	9.2	-0.6	9.2	0.0	9.2	
5.60547	-0.2	-11020	8.6	9.2	-0.6	9.2	0.0	9.2	
5.60938	-0.2	-11020	8.6	9.1	-0.5	9.1	0.0	9.1	
5.61328	-0.2	-11020	8.6	9.1	-0.5	9.1	0.0	9.1	
5.61719	-0.1	-11020	8.5	9.1	-0.6	9.1	0.0	9.1	
5.62109	-0.3	-11020	8.5	9.0	-0.5	9.0	0.0	9.0	
5.62500	-0.2	-11020	8.5	9.0	-0.5	9.0	0.0	9.0	
5.62891	0.1	-11020	8.5	9.0	-0.5	9.0	0.0	9.0	
5.63281	-0.1	-11020	8.5	8.9	-0.4	8.9	0.0	8.9	
5.63672	-0.1	-11020	8.4	8.9	-0.5	8.9	0.0	8.9	
5.64062	-0.0	-11020	8.4	8.9	-0.5	8.9	0.0	8.9	
5.64453	-0.1	-11020	8.4	8.9	-0.5	8.9	0.0	8.9	
5.64844	-0.1	-11020	8.3	8.8	-0.5	8.8	0.0	8.8	
5.65234	-0.0	-11020	8.3	8.8	-0.5	8.8	0.0	8.8	
5.65625	0.1	-11020	8.3	8.8	-0.5	8.8	0.0	8.8	
5.66016	-0.0	-11020	8.2	8.7	-0.5	8.7	0.0	8.7	
5.66406	0.1	-11020	8.2	8.7	-0.5	8.7	0.0	8.7	
5.66797	0.3	-11020	8.1	8.6	-0.5	8.6	0.0	8.6	
5.67188	0.2	-11020	8.1	8.6	-0.5	8.6	0.0	8.6	
5.67578	0.1	-11020	8.1	8.5	-0.4	8.5	0.0	8.5	
5.67969	0.1	-11020	8.0	8.5	-0.5	8.5	0.0	8.5	
5.68359	0.0	-11020	7.9	8.5	-0.6	8.5	0.0	8.5	
5.68750	0.1	-11020	7.9	8.4	-0.5	8.4	0.0	8.4	
5.69141	0.2	-11020	7.9	8.4	-0.5	8.4	0.0	8.4	
5.69531	0.2	-11020	7.8	8.4	-0.6	8.4	0.0	8.4	
5.69922	0.1	-11020	7.7	8.3	-0.6	8.3	0.0	8.3	
5.70312	0.2	-11020	7.8	8.3	-0.5	8.3	0.0	8.3	
5.70703	0.1	-11020	7.8	8.2	-0.4	8.2	0.0	8.2	
5.71094	0.0	-11020	7.7	8.2	-0.5	8.2	0.0	8.2	
5.71484	0.1	-11020	7.7	8.2	-0.5	8.2	0.0	8.2	
5.71875	0.1	-11020	7.6	8.1	-0.5	8.1	0.0	8.1	
5.72266	-0.1	-11020	7.5	8.1	-0.6	8.1	0.0	8.1	
5.72656	-0.1	-11020	7.5	8.0	-0.5	8.0	0.0	8.0	
5.73047	0.0	-11020	7.5	8.0	-0.5	8.0	0.0	8.0	
5.73438	-0.0	-11020	7.5	8.0	-0.5	8.0	0.0	8.0	
5.73828	-0.1	-11020	7.5	7.9	-0.4	7.9	0.0	7.9	
5.74219	-0.0	-11020	7.5	7.9	-0.4	7.9	0.0	7.9	
5.74609	-0.1	-11020	7.4	7.8	-0.4	7.8	0.0	7.8	
5.75000	-0.0	-11020	7.4	7.8	-0.4	7.8	0.0	7.8	
5.75391	0.0	-11020	7.4	7.8	-0.4	7.8	0.0	7.8	
5.75781	0.0	-11020	7.3	7.7	-0.4	7.7	0.0	7.7	
5.76172	0.0	-11020	7.3	7.6	-0.3	7.6	0.0	7.6	
5.76562	0.1	-11020	7.2	7.6	-0.4	7.6	0.0	7.6	
5.76953	0.2	-11020	7.2	7.6	-0.4	7.6	0.0	7.6	
5.77344	0.2	-11020	7.1	7.6	-0.5	7.6	0.0	7.6	
5.77734	0.1	-11020	7.1	7.5	-0.4	7.5	0.0	7.5	
5.78125	0.1	-11020	7.0	7.5	-0.5	7.5	0.0	7.5	
5.78516	0.1	-11020	7.0	7.4	-0.4	7.4	0.0	7.4	
5.78906	0.1	-11020	6.9	7.4	-0.5	7.4	0.0	7.4	
5.79297	0.3	-11020	6.9	7.3	-0.4	7.3	0.0	7.3	
5.79688	0.2	-11020	6.8	7.3	-0.5	7.3	0.0	7.3	
5.80078	0.2	-11020	6.8	7.2	-0.4	7.2	0.0	7.2	
5.80469	0.3	-11020	6.8	7.2	-0.4	7.2	0.0	7.2	
5.80859	0.2	-11020	6.7	7.2	-0.5	7.2	0.0	7.2	
5.81250	0.2	-11020	6.6	7.1	-0.5	7.1	0.0	7.1	
5.81641	0.1	-11020	6.6	7.0	-0.4	7.0	0.0	7.0	
5.82031	0.0	-11020	6.6	7.0	-0.4	7.0	0.0	7.0	
5.82422	0.0	-11020	6.5	7.0	-0.5	7.0	0.0	7.0	
5.82812	0.0	-11020	6.6	6.9	-0.3	6.9	0.0	6.9	
5.83203	-0.0	-11020	6.5	6.9	-0.4	6.9	0.0	6.9	
5.83594	-0.1	-11020	6.5	6.9	-0.4	6.9	0.0	6.9	
5.83984	-0.1	-11020	6.4	6.8	-0.4	6.8	0.0	6.8	
5.84375	-0.1	-11020	6.4	6.8	-0.4	6.8	0.0	6.8	
5.84766	-0.2	-11020	6.4	6.7	-0.3	6.7	0.0	6.7	
5.85156	-0.3	-11020	6.4	6.7	-0.3	6.7	0.0	6.7	
5.85547	-0.2	-11020	6.4	6.6	-0.2	6.6	0.0	6.6	
5.85938	-0.3	-11020	6.3	6.6	-0.3	6.6	0.0	6.6	
5.86328	-0.3	-11020	6.3	6.5	-0.2	6.5	0.0	6.5	
5.86719	-0.2	-11020	6.3	6.5	-0.2	6.5	0.0	6.5	
5.87109	-0.2	-11020	6.3	6.5	-0.2	6.5	0.0	6.5	
5.87500	-0.1	-11020	6.3	6.5	-0.2	6.5	0.0	6.5	
5.87891	-0.1	-11020	6.3	6.4	-0.1	6.4	0.0	6.4	
5.88281	-0.3	-11020	6.3	6.4	-0.1	6.4	0.0	6.4	
5.88672	-0.1	-11020	6.2	6.4	-0.2	6.4	0.0	6.4	
5.89062	-0.0	-11020	6.2	6.3	-0.1	6.3	0.0	6.3	
5.89453	-0.1	-11020	6.2	6.2	0.0	6.2	0.0	6.2	
5.89844	-0.1	-11020	6.2	6.3	-0.1	6.3	0.0	6.3	
5.90234	-0.1	-11020	6.1	6.2	-0.1	6.2	0.0	6.2	
5.90625	-0.2	-11020	6.1	6.1	0.0	6.1	0.0	6.1	
5.91016	-0.2	-11020	6.1	6.1	0.0	6.1	0.0	6.1	
5.91406	-0.2	-11020	6.1	6.0	0.1	6.0	0.0	6.0	
5.91797	-0.2	-11020	6.0	6.0	0.0	6.0	0.0	6.0	
5.92188	-0.3	-11020	6.0	6.0	0.0	6.0	0.0	6.0	
5.92578	-0.2	-11020	6.0	5.9	0.1	5.9	0.0	5.9	
5.92969	-0.2	-11020	6.0	5.9	0.1	5.9	0.0	5.9	
5.93359	-0.4	-11020	5.9	5.8	0.1	5.8	0.0	5.8	
5.93750	-0.2	-11020	5.9	5.7	0.2	5.7	0.0	5.7	
5.94141	-0.0	-11020	5.9	5.8	0.1	5.8	0.0	5.8	
5.94531	-0.2	-11020	5.9	5.7	0.2	5.7	0.0	5.7	
5.94922	-0.2	-11020	5.9	5.6	0.3	5.6	0.0	5.6	
5.95312	-0.2	-11020	5.9	5.6	0.3	5.6	0.0	5.6	
5.95703	-0.3	-11020	5.9	5.6	0.3	5.6	0.0	5.6	
5.96094	-0.4	-11020	5.8	5.5	0.3	5.5	0.0	5.5	
5.96484	-0.3	-11020	5.8	5.5	0.3	5.5	0.0	5.5	
5.96875	-0.2	-11020	5.9	5.5	0.4	5.5	0.0	5.5	
5.97266	-0.2	-11020	5.8	5.4	0.4	5.4	0.0	5.4	
5.97656	-0.3	-11020	5.8	5.4	0.4	5.4	0.0	5.4	
5.98047	-0.3	-11020	5.8	5.4	0.4	5.4	0.0	5.4	
5.98438	-0.3	-11020	5.7	5.4	0.3	5.4	0.0	5.4	
5.98828	-0.4	-11020	5.8	5.3	0.5	5.3	0.0	5.3	
5.99219	-0.3	-11020	5.8	5.3	0.5	5.3	0.0	5.3	
5.99609	-0.3	-11020	5.8	5.3	0.5	5.3	0.0	5.3	
6.00000	-0.3	-11020	5.8	5.2	0.6	5.2	0.0	5.2	
6.00391	-0.3	-11020	5.8	5.2	0.6	5.2	0.0	5.2	
6.00781	-0.3	-11020	5.8	5.2	0.6	5.2	0.0	5.2	
6.01172	-0.4	-11020	5.8	5.1	0.7	5.1	0.0	5.1	
6.01562	-0.3	-11020	5.8	5.2	0.6	5.2	0.0	5.2	
6.01953	-0.3	-11020	5.7	5.2	0.5	5.2	0.0	5.2	
6.02344	-0.3	-11021	5.8	5.1	0.7	5.1	0.0	5.1	
6.02734	-0.3	-11021	5.8	5.1	0.7	5.1	0.0	5.1	
6.03125	-0.3	-11021	5.8	5.1	0.7	5.1	0.0	5.1	
6.03516	-0.3	-11021	5.8	5.0	0.8	5.0	0.0	5.0	
6.03906	-0.3	-11021	5.7	5.1	0.6	5.1	0.0	5.1	
6.04297	-0.4	-11021	5.7	5.1	0.6	5.1	0.0	5.1	
6.04688	-0.4	-11021	5.7	5.0	0.7	5.0	0.0	5.0	
6.05078	-0.4	-11021	5.8	5.0	0.8	5.0	0.0	5.0	
6.05469	-0.4	-11021	5.8	5.0	0.8	5.0	0.0	5.0	
6.05859	-0.5	-11021	5.8	4.9	0.9	4.9	0.0	4.9	
6.06250	-0.7	-11021	5.8	4.9	0.9	4.9	0.0	4.9	
6.06641	-0.6	-11021	5.9	4.9	1.0	4.9	0.0	4.9	
6.07031	-0.7	-11021	6.0	4.9	1.1	4.9	0.0	4.9	
6.07422	-0.8	-11021	6.1	4.8	1.3	4.8	0.0	4.8	
6.07812	-0.8	-11021	6.1	4.8	1.3	4.8	0.0	4.8	
6.08203	-1.0	-11021	6.1	4.8	1.3	4.8	0.0	4.8	
6.08594	-1.1	-11021	6.2	4.8	1.4	4.8	0.0	4.8	
6.08984	-1.0	-11021	6.3	4.8	1.5	4.8	0.0	4.8	
6.09375	-1.0	-11021	6.4	4.8	1.6	4.8	0.0	4.8	
6.09766	-1.2	-11021	6.4	4.8	1.6	4.8	0.0	4.8	
6.10156	-1.4	-11021	6.5	4.8	1.7	4.8	0.0	4.8	
6.10547	-1.5	-11021	6.6	4.8	1.8	4.8	0.0	4.8	
6.10938	-1.7	-11022	6.8	4.9	1.9	4.9	0.0	4.9	
6.11328	-1.8	-11022	6.9	5.0	1.9	5.0	0.0	5.0	
6.11719	-1.8	-11022	7.0	5.0	2.0	5.0	0.0	5.0	
6.12109	-2.2	-11022	7.1	5.0	2.1	5.0	0.0	5.0	
6.12500	-2.4	-11022	7.3	5.1	2.2	5.1	0.0	5.1	
6.12891	-2.6	-11022	7.4	5.2	2.2	5.2	0.0	5.2	
6.13281	-3.1	-11023	7.6	5.3	2.3	5.3	0.0	5.3	
6.13672	-3.3	-11023	7.8	5.3	2.5	5.3	0.0	5.3	
6.14062	-3.6	-11023	8.0	5.4	2.6	5.4	0.0	5.4	
6.14453	-4.3	-11023	8.2	5.5	2.7	5.5	0.0	5.5	
6.14844	-4.6	-11024	8.3	5.6	2.7	5.6	0.0	5.6	
6.15234	-4.5	-11024	8.6	5.8	2.8	5.8	0.0	5.8	
6.15625	-4.6	-11024	8.8	5.8	3.0	5.8	0.0	5.8	
6.16016	-4.9	-11024	8.9	5.9	3.0	5.9	0.0	5.9	
6.16406	-5.2	-11025	9.2	6.0	3.2	6.0	0.0	6.0	
6.16797	-5.4	-11025	9.4	6.1	3.3	6.1	0.0	6.1	
6.17188	-5.3	-11025	9.6	6.2	3.4	6.2	0.0	6.2	
6.17578	-5.3	-11026	9.8	6.4	3.4	6.4	0.0	6.4	
6.17969	-5.4	-11026	10.0	6.5	3.5	6.5	0.0	6.5	
6.18359	-5.3	-11027	10.2	6.6	3.6	6.6	0.0	6.6	
6.18750	-5.2	-11027	10.4	6.7	3.7	6.7	0.0	6.7	
6.19141	-5.1	-11027	10.6	6.8	3.8	6.8	0.0	6.8	
6.19531	-4.9	-11028	10.8	6.9	3.9	6.9	0.0	6.9	
6.19922	-4.8	-11028	10.9	7.1	3.8	7.1	0.0	7.1	
6.20312	-4.8	-11028	11.1	7.3	3.8	7.3	0.0	7.3	
6.20703	-4.6	-11028	11.3	7.3	4.0	7.3	0.0	7.3	
6.21094	-4.7	-11029	11.4	7.4	4.0	7.4	0.0	7.4	
6.21484	-4.7	-11029	11.6	7.6	4.0	7.6	0.0	7.6	
6.21875	-4.4	-11029	11.8	7.7	4.1	7.7	0.0	7.7	
6.22266	-4.2	-11030	11.9	7.8	4.1	7.8	0.0	7.8	
6.22656	-4.0	-11030	12.1	7.9	4.2	7.9	0.0	7.9	
6.23047	-3.9	-11030	12.3	8.1	4.2	8.1	0.0	8.1	
6.23438	-4.4	-11030	12.4	8.2	4.2	8.2	0.0	8.2	
6.23828	-4.6	-11031	12.6	8.3	4.3	8.3	0.0	8.3	
6.24219	-4.3	-11031	12.8	8.4	4.4	8.4	0.0	8.4	
6.24609	-4.0	-11031	12.9	8.6	4.3	8.6	0.0	8.6	
6.25000	-3.7	-11031	13.1	8.7	4.4	8.7	0.0	8.7	
6.25391	-3.5	-11032	13.2	8.8	4.4	8.8	0.0	8.8	
6.25781	-3.6	-11032	13.3	8.9	4.4	8.9	0.0	8.9	
6.26172	-3.6	-11032	13.5	9.0	4.5	9.0	0.0	9.0	
6.26562	-3.5	-11032	13.6	9.1	4.5	9.1	0.0	9.1	
6.26953	-3.4	-11033	13.7	9.2	4.5	9.2	0.0	9.2	
6.27344	-3.0	-11033	13.8	9.4	4.4	9.4	0.0	9.4	
6.27734	-2.6	-11033	13.9	9.5	4.4	9.5	0.0	9.5	
6.28125	-2.8	-11033	14.0	9.6	4.4	9.6	0.0	9.6	
6.28516	-2.9	-11033	14.2	9.7	4.5	9.7	0.0	9.7	
6.28906	-2.4	-11034	14.3	9.9	4.4	9.9	0.0	9.9	
6.29297	-2.2	-11034	14.4	10.0	4.4	10.0	0.0	10.0	
6.29688	-2.4	-11034	14.5	10.1	4.4	10.1	0.0	10.1	
6.30078	-2.2	-11034	14.5	10.2	4.3	10.2	0.0	10.2	
6.30469	-1.9	-11034	14.6	10.3	4.3	10.3	0.0	10.3	
6.30859	-1.8	-11034	14.7	10.5	4.2	10.5	0.0	10.5	
6.31250	-1.6	-11034	14.8	10.6	4.2	10.6	0.0	10.6	
6.31641	-1.4	-11034	14.9	10.6	4.3	10.6	0.0	10.6	
6.32031	-1.5	-11035	14.9	10.8	4.1	10.8	0.0	10.8	
6.32422	-1.6	-11035	14.9	10.9	4.0	10.9	0.0	10.9	
6.32812	-1.3	-11035	15.0	11.0	4.0	11.0	0.0	11.0	
6.33203	-1.1	-11035	15.1	11.1	4.0	11.1	0.0	11.1	
6.33594	-1.0	-11035	15.1	11.2	3.9	11.2	0.0	11.2	
6.33984	-0.9	-11035	15.2	11.3	3.9	11.3	0.0	11.3	
6.34375	-0.8	-11035	15.2	11.4	3.8	11.4	0.0	11.4	
6.34766	-0.8	-11035	15.2	11.5	3.7	11.5	0.0	11.5	
6.35156	-0.7	-11035	15.2	11.6	3.6	11.6	0.0	11.6	
6.35547	-0.5	-11035	15.2	11.6	3.6	11.6	0.0	11.6	
6.35938	-0.5	-11035	15.2	11.7	3.5	11.7	0.0	11.7	
6.36328	-0.5	-11035	15.3	11.8	3.5	11.8	0.0	11.8	
6.36719	-0.4	-11035	15.3	11.9	3.4	11.9	0.0	11.9	
6.37109	-0.5	-11035	15.3	12.0	3.3	12.0	0.0	12.0	
6.37500	-0.6	-11035	15.3	12.0	3.3	12.0	0.0	12.0	
6.37891	-0.4	-11035	15.3	12.1	3.2	12.1	0.0	12.1	
6.38281	-0.4	-11035	15.3	12.2	3.1	12.2	0.0	12.2	
6.38672	-0.3	-11035	15.3	12.3	3.0	12.3	0.0	12.3	
6.39062	-0.4	-11035	15.3	12.4	2.9	12.4	0.0	12.4	
6.39453	-0.6	-11035	15.4	12.4	3.0	12.4	0.0	12.4	
6.39844	-0.7	-11035	15.4	12.5	2.9	12.5	0.0	12.5	
6.40234	-0.6	-11035	15.4	12.6	2.8	12.6	0.0	12.6	
6.40625	-0.6	-11035	15.4	12.6	2.8	12.6	0.0	12.6	
6.41016	-0.8	-11036	15.4	12.6	2.8	12.6	0.0	12.6	
6.41406	-0.8	-11036	15.5	12.7	2.8	12.7	0.0	12.7	
6.41797	-0.7	-11036	15.6	12.8	2.8	12.8	0.0	12.8	
6.42188	-0.8	-11036	15.6	12.9	2.7	12.9	0.0	12.9	
6.42578	-0.7	-11036	15.6	12.9	2.7	12.9	0.0	12.9	
6.42969	-0.6	-11036	15.6	12.9	2.7	12.9	0.0	12.9	
6.43359	-0.6	-11036	15.6	13.0	2.6	13.0	0.0	13.0	
6.43750	-0.5	-11036	15.6	13.1	2.5	13.1	0.0	13.1	
6.44141	-0.3	-11036	15.7	13.1	2.6	13.1	0.0	13.1	
6.44531	-0.4	-11036	15.7	13.2	2.5	13.2	0.0	13.2	
6.44922	-0.5	-11036	15.7	13.2	2.5	13.2	0.0	13.2	
6.45312	-0.4	-11036	15.7	13.3	2.4	13.3	0.0	13.3	
6.45703	-0.4	-11036	15.7	13.4	2.3	13.4	0.0	13.4	
6.46094	-0.4	-11036	15.7	13.3	2.4	13.3	0.0	13.3	
6.46484	-0.4	-11036	15.8	13.4	2.4	13.4	0.0	13.4	
6.46875	-0.4	-11036	15.8	13.5	2.3	13.5	0.0	13.5	
6.47266	-0.5	-11036	15.7	13.5	2.2	13.5	0.0	13.5	
6.47656	-0.5	-11036	15.8	13.5	2.3	13.5	0.0	13.5	
6.48047	-0.4	-11036	15.8	13.6	2.2	13.6	0.0	13.6	
6.48438	-0.4	-11036	15.8	13.6	2.2	13.6	0.0	13.6	
6.48828	-0.4	-11036	15.8	13.6	2.2	13.6	0.0	13.6	
6.49219	-0.4	-11036	15.8	13.7	2.1	13.7	0.0	13.7	
6.49609	-0.4	-11036	15.8	13.8	2.0	13.8	0.0	13.8	
6.50000	-0.4	-11036	15.8	13.8	2.0	13.8	0.0	13.8	
6.50391	-0.3	-11036	15.8	13.8	2.0	13.8	0.0	13.8	
6.50781	-0.4	-11036	15.8	13.8	2.0	13.8	0.0	13.8	
6.51172	-0.4	-11036	15.9	13.9	2.0	13.9	0.0	13.9	
6.51562	-0.4	-11036	15.9	13.9	2.0	13.9	0.0	13.9	
6.51953	-0.3	-11036	15.9	14.0	1.9	14.0	0.0	14.0	
6.52344	-0.3	-11036	15.8	14.0	1.8	14.0	0.0	14.0	
6.52734	-0.3	-11036	15.8	14.0	1.8	14.0	0.0	14.0	
6.53125	-0.4	-11036	15.9	14.0	1.9	14.0	0.0	14.0	
6.53516	-0.3	-11036	15.8	14.1	1.7	14.1	0.0	14.1	
6.53906	-0.2	-11036	15.8	14.1	1.7	14.1	0.0	14.1	
6.54297	-0.2	-11037	15.8	14.1	1.7	14.1	0.0	14.1	
6.54688	-0.4	-11037	15.8	14.2	1.6	14.2	0.0	14.2	
6.55078	-0.4	-11037	15.8	14.2	1.6	14.2	0.0	14.2	
6.55469	-0.3	-11037	15.9	14.2	1.7	14.2	0.0	14.2	
6.55859	-0.4	-11037	15.8	14.2	1.6	14.2	0.0	14.2	
6.56250	-0.5	-11037	15.8	14.3	1.5	14.3	0.0	14.3	
6.56641	-0.3	-11037	15.8	14.3	1.5	14.3	0.0	14.3	
6.57031	-0.4	-11037	15.8	14.3	1.5	14.3	0.0	14.3	
6.57422	-0.4	-11037	15.8	14.3	1.5	14.3	0.0	14.3	
6.57812	-0.3	-11037	15.8	14.3	1.5	14.3	0.0	14.3	
6.58203	-0.3	-11037	15.9	14.4	1.5	14.4	0.0	14.4	
6.58594	-0.4	-11037	15.8	14.4	1.4	14.4	0.0	14.4	
6.58984	-0.3	-11037	15.8	14.4	1.4	14.4	0.0	14.4	
6.59375	-0.4	-11037	15.9	14.4	1.5	14.4	0.0	14.4	
6.59766	-0.4	-11037	15.8	14.5	1.3	14.5	0.0	14.5	
6.60156	-0.3	-11037	15.9	14.5	1.4	14.5	0.0	14.5	
6.60547	-0.4	-11037	15.9	14.5	1.4	14.5	0.0	14.5	
6.60938	-0.6	-11037	15.9	14.6	1.3	14.6	0.0	14.6	
6.61328	-0.4	-11037	15.9	14.6	1.3	14.6	0.0	14.6	
6.61719	-0.3	-11037	15.9	14.6	1.3	14.6	0.0	14.6	
6.62109	-0.5	-11037	15.9	14.6	1.3	14.6	0.0	14.6	
6.62500	-0.5	-11037	15.9	14.6	1.3	14.6	0.0	14.6	
6.62891	-0.4	-11037	15.9	14.7	1.2	14.7	0.0	14.7	
6.63281	-0.4	-11037	15.9	14.7	1.2	14.7	0.0	14.7	
6.63672	-0.4	-11037	15.9	14.7	1.2	14.7	0.0	14.7	
6.64062	-0.4	-11037	16.0	14.7	1.3	14.7	0.0	14.7	
6.64453	-0.4	-11037	16.0	14.7	1.3	14.7	0.0	14.7	
6.64844	-0.4	-11037	16.0	14.8	1.2	14.8	0.0	14.8	
6.65234	-0.5	-11037	16.0	14.8	1.2	14.8	0.0	14.8	
6.65625	-0.5	-11037	16.0	14.8	1.2	14.8	0.0	14.8	
6.66016	-0.3	-11037	15.9	14.8	1.1	14.8	0.0	14.8	
6.66406	-0.3	-11037	16.0	14.9	1.1	14.9	0.0	14.9	
6.66797	-0.4	-11037	16.1	14.8	1.3	14.8	0.0	14.8	
6.67188	-0.5	-11037	16.1	14.9	1.2	14.9	0.0	14.9	
6.67578	-0.3	-11037	16.1	14.9	1.2	14.9	0.0	14.9	
6.67969	-0.3	-11037	16.1	14.9	1.2	14.9	0.0	14.9	
6.68359	-0.5	-11037	16.1	14.9	1.2	14.9	0.0	14.9	
6.68750	-0.5	-11037	16.1	15.0	1.1	15.0	0.0	15.0	
6.69141	-0.5	-11037	16.2	15.0	1.2	15.0	0.0	15.0	
6.69531	-0.5	-11038	16.2	15.0	1.2	15.0	0.0	15.0	
6.69922	-0.5	-11038	16.2	15.0	1.2	15.0	0.0	15.0	
6.70312	-0.5	-11038	16.2	15.0	1.2	15.0	0.0	15.0	
6.70703	-0.5	-11038	16.2	15.0	1.2	15.0	0.0	15.0	
6.71094	-0.4	-11038	16.2	15.0	1.2	15.0	0.0	15.0	
6.71484	-0.3	-11038	16.3	15.1	1.2	15.1	0.0	15.1	
6.71875	-0.2	-11038	16.3	15.1	1.2	15.1	0.0	15.1	
6.72266	-0.4	-11038	16.3	15.1	1.2	15.1	0.0	15.1	
6.72656	-0.3	-11038	16.3	15.1	1.2	15.1	0.0	15.1	
6.73047	-0.2	-11038	16.3	15.1	1.2	15.1	0.0	15.1	
6.73438	-0.4	-11038	16.3	15.2	1.1	15.2	0.0	15.2	
6.73828	-0.3	-11038	16.3	15.2	1.1	15.2	0.0	15.2	
6.74219	-0.3	-11038	16.3	15.2	1.1	15.2	0.0	15.2	
6.74609	-0.4	-11038	16.3	15.3	1.0	15.3	0.0	15.3	
6.75000	-0.3	-11038	16.4	15.3	1.1	15.3	0.0	15.3	
6.75391	-0.3	-11038	16.4	15.2	1.2	15.2	0.0	15.2	
6.75781	-0.4	-11038	16.4	15.3	1.1	15.3	0.0	15.3	
6.76172	-0.4	-11038	16.4	15.3	1.1	15.3	0.0	15.3	
6.76562	-0.3	-11038	16.4	15.2	1.2	15.2	0.0	15.2	
6.76953	-0.3	-11038	16.4	15.3	1.1	15.3	0.0	15.3	
6.77344	-0.4	-11038	16.4	15.3	1.1	15.3	0.0	15.3	
6.77734	-0.5	-11038	16.4	15.3	1.1	15.3	0.0	15.3	
6.78125	-0.5	-11038	16.4	15.3	1.1	15.3	0.0	15.3	
6.78516	-0.5	-11038	16.4	15.3	1.1	15.3	0.0	15.3	
6.78906	-0.4	-11038	16.5	15.4	1.1	15.4	0.0	15.4	
6.79297	-0.3	-11038	16.5	15.4	1.1	15.4	0.0	15.4	
6.79688	-0.5	-11038	16.4	15.4	1.0	15.4	0.0	15.4	
6.80078	-0.5	-11038	16.5	15.4	1.1	15.4	0.0	15.4	
6.80469	-0.3	-11038	16.5	15.4	1.1	15.4	0.0	15.4	
6.80859	-0.4	-11038	16.5	15.4	1.1	15.4	0.0	15.4	
6.81250	-0.6	-11038	16.5	15.4	1.1	15.4	0.0	15.4	
6.81641	-0.4	-11038	16.5	15.5	1.0	15.5	0.0	15.5	
6.82031	-0.4	-11038	16.5	15.5	1.0	15.5	0.0	15.5	
6.82422	-0.4	-11038	16.5	15.4	1.1	15.4	0.0	15.4	
6.82812	-0.3	-11038	16.6	15.5	1.1	15.5	0.0	15.5	
6.83203	-0.5	-11038	16.5	15.4	1.1	15.4	0.0	15.4	
6.83594	-0.6	-11038	16.5	15.4	1.1	15.4	0.0	15.4	
6.83984	-0.3	-11038	16.6	15.5	1.1	15.5	0.0	15.5	
6.84375	-0.4	-11039	16.6	15.5	1.1	15.5	0.0	15.5	
6.84766	-0.4	-11039	16.5	15.5	1.0	15.5	0.0	15.5	
6.85156	-0.4	-11039	16.5	15.5	1.0	15.5	0.0	15.5	
6.85547	-0.4	-11039	16.6	15.5	1.1	15.5	0.0	15.5	
6.85938	-0.4	-11039	16.5	15.5	1.0	15.5	0.0	15.5	
6.86328	-0.3	-11039	16.6	15.5	1.1	15.5	0.0	15.5	
6.86719	-0.4	-11039	16.6	15.5	1.1	15.5	0.0	15.5	
6.87109	-0.4	-11039	16.6	15.5	1.1	15.5	0.0	15.5	
6.87500	-0.3	-11039	16.6	15.5	1.1	15.5	0.0	15.5	
6.87891	-0.3	-11039	16.6	15.6	1.0	15.6	0.0	15.6	
6.88281	-0.3	-11039	16.5	15.6	0.9	15.6	0.0	15.6	
6.88672	-0.2	-11039	16.6	15.6	1.0	15.6	0.0	15.6	
6.89062	-0.2	-11039	16.6	15.6	1.0	15.6	0.0	15.6	
6.89453	-0.3	-11039	16.6	15.6	1.0	15.6	0.0	15.6	
6.89844	-0.5	-11039	16.6	15.6	1.0	15.6	0.0	15.6	
6.90234	-0.4	-11039	16.6	15.6	1.0	15.6	0.0	15.6	
6.90625	-0.3	-11039	16.6	15.6	1.0	15.6	0.0	15.6	
6.91016	-0.4	-11039	16.7	15.6	1.1	15.6	0.0	15.6	
6.91406	-0.5	-11039	16.7	15.6	1.1	15.6	0.0	15.6	
6.91797	-0.4	-11039	16.7	15.6	1.1	15.6	0.0	15.6	
6.92188	-0.4	-11039	16.7	15.7	1.0	15.7	0.0	15.7	
6.92578	-0.5	-11039	16.7	15.6	1.1	15.6	0.0	15.6	
6.92969	-0.5	-11039	16.8	15.6	1.2	15.6	0.0	15.6	
6.93359	-0.5	-11039	16.7	15.6	1.1	15.6	0.0	15.6	
6.93750	-0.5	-11039	16.7	15.6	1.1	15.6	0.0	15.6	
6.94141	-0.4	-11039	17.3	15.6	1.7	15.6	0.0	15.6	
6.94531	-0.2	-11039	17.5	15.6	1.9	15.6	0.0	15.6	
6.94922	-0.2	-11039	17.3	15.6	1.7	15.6	0.0	15.6	
6.95312	0.1	-11039	17.4	15.6	1.8	15.6	0.0	15.6	
6.95703	0.7	-11039	17.3	15.6	1.7	15.6	0.0	15.6	
