FluxView - FluxMed acquisition system
Signal file
Serial Number	:
W version:	1.20h-OX-CO2	File version:	1.13
Sampling rate:	256 Hz
Time	Flow	Volume	Paw	Pes	Ptpulm	Pga	Ptdiaf	CO2	
0.00391	0.1	380	7.9	16.3	-8.4	0.1	-16.2	0.0	
0.00781	1.1	380	7.9	16.0	-8.1	0.1	-15.9	0.0	
0.01172	2.3	380	7.9	15.9	-8.0	0.1	-15.8	0.0	
0.01562	2.9	380	7.9	16.0	-8.1	0.1	-15.9	0.0	
0.01953	2.8	380	7.9	16.0	-8.1	0.1	-15.9	0.0	
0.02344	2.5	380	7.8	15.9	-8.1	0.1	-15.8	0.0	
0.02734	2.4	381	7.6	15.8	-8.2	0.1	-15.7	0.0	
0.03125	2.3	381	7.5	15.6	-8.1	0.1	-15.5	0.0	
0.03516	2.5	381	7.5	15.8	-8.3	0.1	-15.7	0.0	
0.03906	2.9	381	7.4	15.9	-8.5	0.1	-15.8	0.0	
0.04297	3.1	381	7.4	15.9	-8.5	0.1	-15.8	0.0	
0.04688	3.4	382	7.4	15.9	-8.5	0.1	-15.8	0.0	
0.05078	3.3	382	7.4	15.8	-8.4	0.1	-15.7	0.0	
0.05469	3.0	382	7.1	15.6	-8.5	0.1	-15.5	0.0	
0.05859	3.0	382	7.0	15.6	-8.6	0.1	-15.5	0.0	
0.06250	3.4	382	6.9	15.6	-8.7	0.1	-15.5	0.0	
0.06641	3.6	383	6.9	15.5	-8.6	0.1	-15.4	0.0	
0.07031	3.9	383	6.8	15.4	-8.6	0.1	-15.3	0.0	
0.07422	3.9	383	6.6	15.1	-8.5	0.1	-15.0	0.0	
0.07812	3.9	383	6.5	15.0	-8.5	0.1	-14.9	0.0	
0.08203	3.9	384	6.5	14.9	-8.4	0.1	-14.8	0.0	
0.08594	4.0	384	6.4	14.9	-8.5	0.1	-14.8	0.0	
0.08984	4.1	384	6.3	14.9	-8.6	0.1	-14.8	0.0	
0.09375	4.4	384	6.1	14.8	-8.7	0.1	-14.7	0.0	
0.09766	4.4	385	6.0	14.6	-8.6	0.1	-14.5	0.0	
0.10156	4.4	385	5.8	14.5	-8.7	0.1	-14.4	0.0	
0.10547	4.3	385	5.6	14.4	-8.8	0.1	-14.3	0.0	
0.10938	3.9	386	5.5	14.1	-8.6	0.1	-14.0	0.0	
0.11328	3.6	386	5.3	14.1	-8.8	0.1	-14.0	0.0	
0.11719	3.4	386	5.1	14.0	-8.9	0.1	-13.9	0.0	
0.12109	3.3	386	5.3	13.8	-8.5	0.1	-13.7	0.0	
0.12500	3.1	386	5.1	13.6	-8.5	0.1	-13.5	0.0	
0.12891	3.0	387	4.9	13.4	-8.5	0.1	-13.3	0.0	
0.13281	2.6	387	4.6	13.3	-8.7	0.1	-13.2	0.0	
0.13672	2.5	387	4.6	13.3	-8.7	0.1	-13.2	0.0	
0.14062	2.8	387	4.5	13.3	-8.8	0.1	-13.2	0.0	
0.14453	2.8	387	4.4	13.1	-8.7	0.1	-13.0	0.0	
0.14844	2.5	387	4.3	13.0	-8.7	0.1	-12.9	0.0	
0.15234	2.1	388	4.1	13.0	-8.9	0.1	-12.9	0.0	
0.15625	1.8	388	4.0	13.0	-9.0	0.1	-12.9	0.0	
0.16016	1.4	388	3.8	13.0	-9.2	0.1	-12.9	0.0	
0.16406	1.4	388	3.8	12.9	-9.1	0.1	-12.8	0.0	
0.16797	1.3	388	3.8	12.9	-9.1	0.1	-12.8	0.0	
0.17188	0.9	388	3.8	12.8	-9.0	0.1	-12.7	0.0	
0.17578	0.8	388	3.6	12.6	-9.0	0.1	-12.5	0.0	
0.17969	1.0	388	3.4	12.5	-9.1	0.1	-12.4	0.0	
0.18359	1.8	388	3.4	12.4	-9.0	0.1	-12.3	0.0	
0.18750	2.3	388	3.4	12.3	-8.9	0.1	-12.2	0.0	
0.19141	2.0	389	3.4	12.3	-8.9	0.1	-12.2	0.0	
0.19531	1.3	389	3.3	12.1	-8.8	0.1	-12.0	0.0	
0.19922	0.8	389	3.0	12.1	-9.1	0.1	-12.0	0.0	
0.20312	0.5	389	2.9	12.0	-9.1	0.1	-11.9	0.0	
0.20703	0.4	389	2.9	11.8	-8.9	0.1	-11.7	0.0	
0.21094	0.6	389	2.9	11.8	-8.9	0.1	-11.7	0.0	
0.21484	1.1	389	2.9	11.8	-8.9	0.1	-11.7	0.0	
0.21875	1.5	389	2.8	11.8	-9.0	0.1	-11.7	0.0	
0.22266	1.4	389	2.5	11.6	-9.1	0.1	-11.5	0.0	
0.22656	1.5	389	2.4	11.4	-9.0	0.1	-11.3	0.0	
0.23047	1.8	389	2.5	11.3	-8.8	0.1	-11.2	0.0	
0.23438	2.1	389	2.4	11.3	-8.9	0.1	-11.2	0.0	
0.23828	2.5	390	2.1	11.1	-9.0	0.1	-11.0	0.0	
0.24219	2.9	390	1.9	11.0	-9.1	0.1	-10.9	0.0	
0.24609	3.0	390	1.9	10.9	-9.0	0.1	-10.8	0.0	
0.25000	3.1	390	1.9	10.8	-8.9	0.1	-10.7	0.0	
0.25391	3.3	390	1.8	10.8	-9.0	0.1	-10.7	0.0	
0.25781	3.3	391	1.8	10.8	-9.0	0.1	-10.7	0.0	
0.26172	3.4	391	1.8	10.6	-8.8	0.1	-10.5	0.0	
0.26562	3.4	391	1.8	10.5	-8.7	0.1	-10.4	0.0	
0.26953	3.4	391	1.6	10.5	-8.9	0.1	-10.4	0.0	
0.27344	3.4	391	1.4	10.5	-9.1	0.1	-10.4	0.0	
0.27734	3.4	392	1.4	10.5	-9.1	0.1	-10.4	0.0	
0.28125	3.4	392	1.3	10.5	-9.2	0.1	-10.4	0.0	
0.28516	3.4	392	0.9	10.5	-9.6	0.1	-10.4	0.0	
0.28906	3.5	392	0.6	10.5	-9.9	0.1	-10.4	0.0	
0.29297	3.6	393	0.6	10.4	-9.8	0.1	-10.3	0.0	
0.29688	3.8	393	0.6	10.3	-9.7	0.1	-10.2	0.0	
0.30078	4.0	393	0.5	10.1	-9.6	0.1	-10.0	0.0	
0.30469	4.0	393	0.3	10.1	-9.8	0.1	-10.0	0.0	
0.30859	3.9	394	0.1	10.1	-10.0	0.1	-10.0	0.0	
0.31250	3.8	394	0.0	10.1	-10.1	0.1	-10.0	0.0	
0.31641	3.5	394	0.0	10.1	-10.1	0.1	-10.0	0.0	
0.32031	3.4	394	-0.1	10.0	-10.1	0.1	-9.9	0.0	
0.32422	3.4	395	-0.1	9.6	-9.7	0.1	-9.5	0.0	
0.32812	3.4	395	-0.3	9.5	-9.8	0.1	-9.4	0.0	
0.33203	3.4	395	-0.4	9.6	-10.0	0.1	-9.5	0.0	
0.33594	3.4	395	-0.5	9.6	-10.1	0.1	-9.5	0.0	
0.33984	3.6	395	-0.5	9.5	-10.0	0.1	-9.4	0.0	
0.34375	3.9	396	-0.6	9.4	-10.0	0.1	-9.3	0.0	
0.34766	3.9	396	-0.8	9.3	-10.1	0.1	-9.2	0.0	
0.35156	3.6	396	-0.9	9.4	-10.3	0.1	-9.3	0.0	
0.35547	3.5	396	-0.9	9.5	-10.4	0.1	-9.4	0.0	
0.35938	3.4	397	-1.0	9.4	-10.4	0.1	-9.3	0.0	
0.36328	3.4	397	-1.1	9.3	-10.4	0.1	-9.2	0.0	
0.36719	3.3	397	-1.3	9.3	-10.6	0.1	-9.2	0.0	
0.37109	3.1	397	-1.3	9.1	-10.4	0.1	-9.0	0.0	
0.37500	3.1	397	-1.3	9.1	-10.4	0.1	-9.0	0.0	
0.37891	3.1	398	-1.4	9.1	-10.5	0.1	-9.0	0.0	
0.38281	3.0	398	-1.5	9.3	-10.8	0.1	-9.2	0.0	
0.38672	2.8	398	-1.5	9.1	-10.6	0.1	-9.0	0.0	
0.39062	2.3	398	-1.8	9.0	-10.8	0.1	-8.9	0.0	
0.39453	1.6	398	-2.0	8.9	-10.9	0.1	-8.8	0.0	
0.39844	1.3	398	-1.9	8.9	-10.8	0.1	-8.8	0.0	
0.40234	0.8	398	-1.9	8.9	-10.8	0.1	-8.8	0.0	
0.40625	0.5	398	-2.0	8.9	-10.9	0.1	-8.8	0.0	
0.41016	0.4	398	-2.1	8.9	-11.0	0.1	-8.8	0.0	
0.41406	0.3	399	-2.3	8.9	-11.2	0.1	-8.8	0.0	
0.41797	0.0	399	-2.3	8.9	-11.2	0.1	-8.8	0.0	
0.42188	0.0	399	-2.1	8.9	-11.0	0.1	-8.8	0.0	
0.42578	0.0	399	-2.1	8.9	-11.0	0.1	-8.8	0.0	
0.42969	0.0	399	-2.3	8.9	-11.2	0.1	-8.8	0.0	
0.43359	0.0	399	-2.3	8.9	-11.2	0.1	-8.8	0.0	
0.43750	0.0	399	-2.3	8.9	-11.2	0.1	-8.8	0.0	
0.44141	0.0	399	-2.4	8.8	-11.2	0.1	-8.7	0.0	
0.44531	0.0	399	-2.5	8.6	-11.1	0.1	-8.5	0.0	
0.44922	0.0	399	-2.5	8.6	-11.1	0.1	-8.5	0.0	
0.45312	0.0	399	-2.5	8.8	-11.3	0.1	-8.7	0.0	
0.45703	0.0	399	-2.5	8.9	-11.4	0.1	-8.8	0.0	
0.46094	-0.4	398	-2.5	8.9	-11.4	0.1	-8.8	0.0	
0.46484	-0.5	398	-2.5	8.9	-11.4	0.1	-8.8	0.0	
0.46875	-0.6	398	-2.5	8.9	-11.4	0.1	-8.8	0.0	
0.47266	-0.6	398	-2.4	8.9	-11.3	0.1	-8.8	0.0	
0.47656	-0.5	398	-2.4	8.9	-11.3	0.1	-8.8	0.0	
0.48047	-0.3	398	-2.4	8.9	-11.3	0.1	-8.8	0.0	
0.48438	0.0	398	-2.5	8.9	-11.4	0.1	-8.8	0.0	
0.48828	0.0	398	-2.4	8.9	-11.3	0.1	-8.8	0.0	
0.49219	-0.1	398	-2.4	8.9	-11.3	0.1	-8.8	0.0	
0.49609	-0.4	398	-2.4	8.9	-11.3	0.1	-8.8	0.0	
0.50000	-0.8	398	-2.4	8.9	-11.3	0.1	-8.8	0.0	
0.50391	-0.9	398	-2.3	8.9	-11.2	0.1	-8.8	0.0	
0.50781	-0.9	398	-2.3	8.9	-11.2	0.1	-8.8	0.0	
0.51172	-0.6	398	-2.4	8.9	-11.3	0.1	-8.8	0.0	
0.51562	-0.4	398	-2.4	8.9	-11.3	0.1	-8.8	0.0	
0.51953	-0.5	398	-2.3	8.9	-11.2	0.1	-8.8	0.0	
0.52344	-1.1	398	-2.1	8.9	-11.0	0.1	-8.8	0.0	
0.52734	-1.6	398	-2.1	9.0	-11.1	0.1	-8.9	0.0	
0.53125	-1.6	398	-2.1	9.1	-11.2	0.1	-9.0	0.0	
0.53516	-1.5	398	-2.1	9.1	-11.2	0.1	-9.0	0.0	
0.53906	-1.3	398	-2.1	9.1	-11.2	0.1	-9.0	0.0	
0.54297	-0.6	398	-2.1	9.1	-11.2	0.1	-9.0	0.0	
0.54688	-0.1	398	-2.1	9.3	-11.4	0.1	-9.2	0.0	
0.55078	0.0	398	-2.1	9.3	-11.4	0.1	-9.2	0.0	
0.55469	0.0	398	-2.1	9.3	-11.4	0.1	-9.2	0.0	
0.55859	0.0	398	-2.1	9.3	-11.4	0.1	-9.2	0.0	
0.56250	0.0	398	-2.1	9.4	-11.5	0.1	-9.3	0.0	
0.56641	0.0	398	-2.0	9.5	-11.5	0.1	-9.4	0.0	
0.57031	0.0	398	-2.0	9.6	-11.6	0.1	-9.5	0.0	
0.57422	0.0	398	-2.0	9.6	-11.6	0.1	-9.5	0.0	
0.57812	0.0	398	-2.1	9.6	-11.7	0.1	-9.5	0.0	
0.58203	0.0	398	-2.0	9.6	-11.6	0.1	-9.5	0.0	
0.58594	0.0	398	-2.0	9.6	-11.6	0.1	-9.5	0.0	
0.58984	0.0	398	-2.0	9.8	-11.8	0.1	-9.7	0.0	
0.59375	0.0	398	-2.1	10.0	-12.1	0.1	-9.9	0.0	
0.59766	-0.1	397	-2.1	10.0	-12.1	0.1	-9.9	0.0	
0.60156	-0.1	397	-2.1	10.0	-12.1	0.1	-9.9	0.0	
0.60547	-0.1	397	-2.1	10.0	-12.1	0.1	-9.9	0.0	
0.60938	0.0	397	-2.1	10.0	-12.1	0.1	-9.9	0.0	
0.61328	0.0	397	-2.1	10.0	-12.1	0.1	-9.9	0.0	
0.61719	-0.3	397	-2.1	10.0	-12.1	0.1	-9.9	0.0	
0.62109	-0.3	397	-2.1	10.0	-12.1	0.1	-9.9	0.0	
0.62500	-0.1	397	-2.1	10.0	-12.1	0.1	-9.9	0.0	
0.62891	0.0	397	-2.1	10.0	-12.1	0.1	-9.9	0.0	
0.63281	0.0	397	-2.1	9.8	-11.9	0.1	-9.7	0.0	
0.63672	0.0	397	-2.0	9.8	-11.8	0.1	-9.7	0.0	
0.64062	0.0	397	-1.9	9.8	-11.7	0.1	-9.7	0.0	
0.64453	0.0	397	-1.8	9.8	-11.6	0.1	-9.7	0.0	
0.64844	0.0	397	-1.9	9.6	-11.5	0.1	-9.5	0.0	
0.65234	0.0	397	-1.9	9.5	-11.4	0.1	-9.4	0.0	
0.65625	0.0	397	-1.8	9.5	-11.3	0.1	-9.4	0.0	
0.66016	-0.1	397	-1.9	9.4	-11.3	0.1	-9.3	0.0	
0.66406	-0.4	397	-2.0	9.3	-11.3	0.1	-9.2	0.0	
0.66797	-0.4	397	-2.0	9.3	-11.3	0.1	-9.2	0.0	
0.67188	-0.3	397	-1.8	9.1	-10.9	0.1	-9.0	0.0	
0.67578	-0.1	397	-1.8	9.1	-10.9	0.1	-9.0	0.0	
0.67969	0.0	397	-1.8	9.1	-10.9	0.1	-9.0	0.0	
0.68359	0.0	397	-1.8	9.1	-10.9	0.1	-9.0	0.0	
0.68750	0.1	397	-1.8	9.1	-10.9	0.1	-9.0	0.0	
0.69141	0.3	397	-1.8	9.1	-10.9	0.1	-9.0	0.0	
0.69531	0.4	397	-1.8	9.0	-10.8	0.1	-8.9	0.0	
0.69922	0.5	397	-1.8	9.0	-10.8	0.1	-8.9	0.0	
0.70312	0.5	397	-1.8	9.1	-10.9	0.1	-9.0	0.0	
0.70703	0.5	398	-1.8	9.3	-11.1	0.1	-9.2	0.0	
0.71094	0.5	398	-1.9	9.3	-11.2	0.1	-9.2	0.0	
0.71484	0.3	398	-1.9	9.1	-11.0	0.1	-9.0	0.0	
0.71875	0.1	398	-1.8	9.1	-10.9	0.1	-9.0	0.0	
0.72266	0.0	398	-1.9	9.1	-11.0	0.1	-9.0	0.0	
0.72656	-0.6	398	-1.9	9.1	-11.0	0.1	-9.0	0.0	
0.73047	-1.1	397	-1.8	9.1	-10.9	0.1	-9.0	0.0	
0.73438	-1.1	397	-1.8	9.0	-10.8	0.1	-8.9	0.0	
0.73828	-0.9	397	-1.8	8.9	-10.7	0.1	-8.8	0.0	
0.74219	-1.1	397	-1.8	8.9	-10.7	0.1	-8.8	0.0	
0.74609	-1.9	397	-1.8	8.9	-10.7	0.1	-8.8	0.0	
0.75000	-2.6	397	-1.8	8.9	-10.7	0.1	-8.8	0.0	
0.75391	-3.3	397	-1.8	8.9	-10.7	0.1	-8.8	0.0	
0.75781	-3.6	397	-1.6	8.9	-10.5	0.1	-8.8	0.0	
0.76172	-3.8	396	-1.4	8.9	-10.3	0.1	-8.8	0.0	
0.76562	-3.6	396	-1.3	8.9	-10.2	0.1	-8.8	0.0	
0.76953	-3.8	396	-1.0	8.9	-9.9	0.1	-8.8	0.0	
0.77344	-4.0	396	-0.9	8.9	-9.8	0.1	-8.8	0.0	
0.77734	-4.3	395	-0.8	8.9	-9.7	0.1	-8.8	0.0	
0.78125	-4.5	395	-0.5	9.0	-9.5	0.1	-8.9	0.0	
0.78516	-4.9	395	-0.3	9.0	-9.3	0.1	-8.9	0.0	
0.78906	-5.4	394	-0.3	9.0	-9.3	0.1	-8.9	0.0	
0.79297	-5.8	394	-0.1	9.1	-9.2	0.1	-9.0	0.0	
0.79688	-6.0	394	0.0	9.3	-9.3	0.1	-9.2	0.0	
0.80078	-6.1	393	0.1	9.4	-9.3	0.1	-9.3	0.0	
0.80469	-6.3	393	0.4	9.5	-9.1	0.1	-9.4	0.0	
0.80859	-6.3	392	0.5	9.6	-9.1	0.1	-9.5	0.0	
0.81250	-6.1	392	0.8	9.8	-9.0	0.1	-9.7	0.0	
0.81641	-5.9	392	1.0	10.1	-9.1	0.1	-10.0	0.0	
0.82031	-5.8	391	1.3	10.4	-9.1	0.1	-10.3	0.0	
0.82422	-5.6	391	1.6	10.5	-8.9	0.1	-10.4	0.0	
0.82812	-5.6	390	1.9	10.8	-8.9	0.1	-10.7	0.0	
0.83203	-5.6	390	2.0	10.9	-8.9	0.1	-10.8	0.0	
0.83594	-5.6	390	2.3	11.1	-8.8	0.1	-11.0	0.0	
0.83984	-5.6	389	2.5	11.3	-8.8	0.1	-11.2	0.0	
0.84375	-5.6	389	2.8	11.4	-8.6	0.1	-11.3	0.0	
0.84766	-5.6	389	2.8	11.5	-8.7	0.1	-11.4	0.0	
0.85156	-5.4	388	3.0	11.6	-8.6	0.1	-11.5	0.0	
0.85547	-5.3	388	3.3	11.8	-8.5	0.1	-11.7	0.0	
0.85938	-5.0	388	3.5	12.0	-8.5	0.1	-11.9	0.0	
0.86328	-4.9	387	3.6	12.0	-8.4	0.1	-11.9	0.0	
0.86719	-4.8	387	3.8	12.0	-8.2	0.1	-11.9	0.0	
0.87109	-4.9	387	4.0	12.1	-8.1	0.1	-12.0	0.0	
0.87500	-5.3	386	4.0	12.4	-8.4	0.1	-12.3	0.0	
0.87891	-5.4	386	4.0	12.4	-8.4	0.1	-12.3	0.0	
0.88281	-5.3	386	4.3	12.4	-8.1	0.1	-12.3	0.0	
0.88672	-5.0	385	4.6	12.4	-7.8	0.1	-12.3	0.0	
0.89062	-4.8	385	4.8	12.5	-7.7	0.1	-12.4	0.0	
0.89453	-4.8	385	4.9	12.8	-7.9	0.1	-12.7	0.0	
0.89844	-4.6	384	4.9	12.9	-8.0	0.1	-12.8	0.0	
0.90234	-4.5	384	5.0	12.9	-7.9	0.1	-12.8	0.0	
0.90625	-4.6	384	5.1	13.0	-7.9	0.1	-12.9	0.0	
0.91016	-4.9	383	5.4	13.1	-7.7	0.1	-13.0	0.0	
0.91406	-4.9	383	5.5	13.3	-7.8	0.1	-13.2	0.0	
0.91797	-4.8	383	5.6	13.4	-7.8	0.1	-13.3	0.0	
0.92188	-4.5	382	5.6	13.5	-7.9	0.1	-13.4	0.0	
0.92578	-4.3	382	5.6	13.5	-7.9	0.1	-13.4	0.0	
0.92969	-3.9	382	5.8	13.4	-7.6	0.1	-13.3	0.0	
0.93359	-3.5	382	6.1	13.4	-7.3	0.1	-13.3	0.0	
0.93750	-3.4	381	6.3	13.6	-7.3	0.1	-13.5	0.0	
0.94141	-3.3	381	6.1	13.9	-7.8	0.1	-13.8	0.0	
0.94531	-3.4	381	6.3	14.0	-7.7	0.1	-13.9	0.0	
0.94922	-3.5	381	6.4	14.0	-7.6	0.1	-13.9	0.0	
0.95312	-3.5	381	6.5	14.0	-7.5	0.1	-13.9	0.0	
0.95703	-3.6	380	6.5	14.0	-7.5	0.1	-13.9	0.0	
0.96094	-3.5	380	6.5	14.0	-7.5	0.1	-13.9	0.0	
0.96484	-3.1	380	6.5	14.1	-7.6	0.1	-14.0	0.0	
0.96875	-2.0	380	6.5	14.4	-7.9	0.1	-14.3	0.0	
0.97266	-1.1	380	6.6	14.4	-7.8	0.1	-14.3	0.0	
0.97656	-1.3	380	6.8	14.4	-7.6	0.1	-14.3	0.0	
0.98047	-2.1	380	6.9	14.4	-7.5	0.1	-14.3	0.0	
0.98438	-2.9	379	6.9	14.4	-7.5	0.1	-14.3	0.0	
0.98828	-3.3	379	6.9	14.6	-7.7	0.1	-14.5	0.0	
0.99219	-3.3	379	7.0	14.8	-7.8	0.1	-14.7	0.0	
0.99609	-3.1	379	7.1	14.9	-7.8	0.1	-14.8	0.0	
1.00000	-2.8	379	7.3	14.9	-7.6	0.1	-14.8	0.0	
1.00391	-1.9	378	7.3	14.9	-7.6	0.1	-14.8	0.0	
1.00781	-1.0	378	7.3	14.9	-7.6	0.1	-14.8	0.0	
1.01172	-0.9	378	7.3	15.0	-7.7	0.1	-14.9	0.0	
1.01562	-1.5	378	7.3	15.3	-8.0	0.1	-15.2	0.0	
1.01953	-2.4	378	7.3	15.4	-8.1	0.1	-15.3	0.0	
1.02344	-3.0	378	7.3	15.3	-8.0	0.1	-15.2	0.0	
1.02734	-3.4	378	7.3	15.4	-8.1	0.1	-15.3	0.0	
1.03125	-3.4	377	7.4	15.5	-8.1	0.1	-15.4	0.0	
1.03516	-3.3	377	7.6	15.8	-8.2	0.1	-15.7	0.0	
1.03906	-3.0	377	7.6	15.9	-8.3	0.1	-15.8	0.0	
1.04297	-2.4	377	7.6	16.0	-8.4	0.1	-15.9	0.0	
1.04688	-2.0	377	7.6	16.0	-8.4	0.1	-15.9	0.0	
1.05078	-2.3	377	7.6	16.0	-8.4	0.1	-15.9	0.0	
1.05469	-2.3	376	7.6	16.1	-8.5	0.1	-16.0	0.0	
1.05859	-1.8	376	7.6	16.3	-8.7	0.1	-16.2	0.0	
1.06250	-1.0	376	7.6	16.3	-8.7	0.1	-16.2	0.0	
1.06641	-0.6	376	7.6	16.4	-8.8	0.1	-16.3	0.0	
1.07031	-0.6	376	7.6	16.4	-8.8	0.1	-16.3	0.0	
1.07422	-0.8	376	7.8	16.4	-8.6	0.1	-16.3	0.0	
1.07812	-0.9	376	8.0	16.4	-8.4	0.1	-16.3	0.0	
1.08203	-0.9	376	8.0	16.4	-8.4	0.1	-16.3	0.0	
1.08594	-0.9	376	8.0	16.6	-8.6	0.1	-16.5	0.0	
1.08984	-0.6	376	8.0	16.6	-8.6	0.1	-16.5	0.0	
1.09375	-0.3	376	8.0	16.6	-8.6	0.1	-16.5	0.0	
1.09766	-0.5	376	7.8	16.6	-8.8	0.1	-16.5	0.0	
1.10156	-1.0	376	7.9	16.6	-8.7	0.1	-16.5	0.0	
1.10547	-1.3	376	8.0	16.8	-8.8	0.1	-16.7	0.0	
1.10938	-1.1	376	8.0	16.9	-8.9	0.1	-16.8	0.0	
1.11328	-0.8	376	8.0	16.9	-8.9	0.1	-16.8	0.0	
1.11719	-0.4	376	8.0	16.9	-8.9	0.1	-16.8	0.0	
1.12109	0.0	376	8.0	16.9	-8.9	0.1	-16.8	0.0	
1.12500	0.0	376	8.0	16.9	-8.9	0.1	-16.8	0.0	
1.12891	0.0	376	8.3	16.9	-8.6	0.1	-16.8	0.0	
1.13281	-0.1	375	8.3	16.9	-8.6	0.1	-16.8	0.0	
1.13672	-0.6	375	8.1	17.0	-8.9	0.1	-16.9	0.0	
1.14062	-1.5	375	8.1	17.0	-8.9	0.1	-16.9	0.0	
1.14453	-2.3	375	8.1	17.0	-8.9	0.1	-16.9	0.0	
1.14844	-2.1	375	8.1	16.9	-8.8	0.1	-16.8	0.0	
1.15234	-1.6	375	8.3	17.0	-8.7	0.1	-16.9	0.0	
1.15625	-1.1	375	8.3	17.0	-8.7	0.1	-16.9	0.0	
1.16016	-0.8	375	8.1	17.0	-8.9	0.1	-16.9	0.0	
1.16406	-0.5	375	8.1	17.1	-9.0	0.1	-17.0	0.0	
1.16797	-0.3	375	8.1	17.3	-9.2	0.1	-17.2	0.0	
1.17188	0.0	375	8.1	17.1	-9.0	0.1	-17.0	0.0	
1.17578	-0.1	375	8.3	17.1	-8.8	0.1	-17.0	0.0	
1.17969	-0.6	375	8.4	17.1	-8.7	0.1	-17.0	0.0	
1.18359	-0.8	375	8.4	17.3	-8.9	0.1	-17.2	0.0	
1.18750	-0.5	375	8.1	17.1	-9.0	0.1	-17.0	0.0	
1.19141	-0.1	375	8.3	17.1	-8.8	0.1	-17.0	0.0	
1.19531	0.0	375	8.4	17.3	-8.9	0.1	-17.2	0.0	
1.19922	0.0	375	8.5	17.4	-8.9	0.1	-17.3	0.0	
1.20312	0.0	375	8.5	17.3	-8.8	0.1	-17.2	0.0	
1.20703	0.0	375	8.5	17.3	-8.8	0.1	-17.2	0.0	
1.21094	0.0	375	8.5	17.4	-8.9	0.1	-17.3	0.0	
1.21484	-0.1	375	8.5	17.5	-9.0	0.1	-17.4	0.0	
1.21875	-0.4	375	8.5	17.6	-9.1	0.1	-17.5	0.0	
1.22266	-0.8	375	8.5	17.5	-9.0	0.1	-17.4	0.0	
1.22656	-1.0	375	8.5	17.5	-9.0	0.1	-17.4	0.0	
1.23047	-1.1	374	8.6	17.5	-8.9	0.1	-17.4	0.0	
1.23438	-1.0	374	8.6	17.5	-8.9	0.1	-17.4	0.0	
1.23828	-0.8	374	8.6	17.4	-8.8	0.1	-17.3	0.0	
1.24219	-0.3	374	8.8	17.4	-8.6	0.1	-17.3	0.0	
1.24609	0.0	374	8.8	17.5	-8.7	0.1	-17.4	0.0	
1.25000	0.0	374	8.6	17.6	-9.0	0.1	-17.5	0.0	
1.25391	0.0	374	8.6	17.6	-9.0	0.1	-17.5	0.0	
1.25781	0.0	374	8.8	17.6	-8.8	0.1	-17.5	0.0	
1.26172	0.0	374	8.8	17.6	-8.8	0.1	-17.5	0.0	
1.26562	0.0	374	8.6	17.6	-9.0	0.1	-17.5	0.0	
1.26953	0.0	374	8.6	17.8	-9.2	0.1	-17.7	0.0	
1.27344	0.0	374	8.6	17.9	-9.3	0.1	-17.8	0.0	
1.27734	0.0	374	8.6	18.0	-9.4	0.1	-17.9	0.0	
1.28125	0.0	374	8.5	17.9	-9.4	0.1	-17.8	0.0	
1.28516	0.0	374	8.6	17.8	-9.2	0.1	-17.7	0.0	
1.28906	0.0	374	8.6	17.8	-9.2	0.1	-17.7	0.0	
1.29297	0.0	374	8.6	18.0	-9.4	0.1	-17.9	0.0	
1.29688	0.1	374	8.5	17.9	-9.4	0.1	-17.8	0.0	
1.30078	0.0	374	8.5	17.8	-9.3	0.1	-17.7	0.0	
1.30469	0.0	374	8.5	17.6	-9.1	0.1	-17.5	0.0	
1.30859	-0.1	374	8.5	17.6	-9.1	0.1	-17.5	0.0	
1.31250	-0.5	374	8.5	17.5	-9.0	0.1	-17.4	0.0	
1.31641	-0.6	374	8.5	17.4	-8.9	0.1	-17.3	0.0	
1.32031	-0.4	374	8.4	17.3	-8.9	0.1	-17.2	0.0	
1.32422	-0.1	374	8.4	17.1	-8.7	0.1	-17.0	0.0	
1.32812	0.0	374	8.4	17.0	-8.6	0.1	-16.9	0.0	
1.33203	0.0	374	8.5	16.9	-8.4	0.1	-16.8	0.0	
1.33594	0.0	374	8.5	16.9	-8.4	0.1	-16.8	0.0	
1.33984	0.0	374	8.5	16.9	-8.4	0.1	-16.8	0.0	
1.34375	0.0	374	8.5	16.8	-8.3	0.1	-16.7	0.0	
1.34766	0.0	374	8.5	16.6	-8.1	0.1	-16.5	0.0	
1.35156	0.0	374	8.5	16.5	-8.0	0.1	-16.4	0.0	
1.35547	-0.3	374	8.5	16.5	-8.0	0.1	-16.4	0.0	
1.35938	-0.4	374	8.5	16.5	-8.0	0.1	-16.4	0.0	
1.36328	-0.5	374	8.5	16.6	-8.1	0.1	-16.5	0.0	
1.36719	-1.0	374	8.5	16.6	-8.1	0.1	-16.5	0.0	
1.37109	-1.0	374	8.5	16.5	-8.0	0.1	-16.4	0.0	
1.37500	-0.5	374	8.4	16.6	-8.2	0.1	-16.5	0.0	
1.37891	0.0	374	8.4	16.6	-8.2	0.1	-16.5	0.0	
1.38281	0.3	374	8.4	16.5	-8.1	0.1	-16.4	0.0	
1.38672	0.3	374	8.4	16.6	-8.2	0.1	-16.5	0.0	
1.39062	0.3	374	8.1	16.6	-8.5	0.1	-16.5	0.0	
1.39453	0.1	374	8.3	16.6	-8.3	0.1	-16.5	0.0	
1.39844	0.0	374	8.4	16.8	-8.4	0.1	-16.7	0.0	
1.40234	0.0	374	8.5	16.9	-8.4	0.1	-16.8	0.0	
1.40625	0.0	374	8.5	16.8	-8.3	0.1	-16.7	0.0	
1.41016	0.0	374	8.5	16.6	-8.1	0.1	-16.5	0.0	
1.41406	0.0	374	8.4	16.6	-8.2	0.1	-16.5	0.0	
1.41797	0.0	374	8.3	16.5	-8.2	0.1	-16.4	0.0	
1.42188	0.0	374	8.3	16.6	-8.3	0.1	-16.5	0.0	
1.42578	0.0	374	8.4	16.6	-8.2	0.1	-16.5	0.0	
1.42969	0.0	374	8.4	16.5	-8.1	0.1	-16.4	0.0	
1.43359	0.0	374	8.1	16.5	-8.4	0.1	-16.4	0.0	
1.43750	0.0	374	8.3	16.5	-8.2	0.1	-16.4	0.0	
1.44141	-0.1	374	8.4	16.5	-8.1	0.1	-16.4	0.0	
1.44531	-0.4	374	8.4	16.5	-8.1	0.1	-16.4	0.0	
1.44922	-0.5	374	8.1	16.4	-8.3	0.1	-16.3	0.0	
1.45312	-0.6	374	8.1	16.1	-8.0	0.1	-16.0	0.0	
1.45703	-0.6	374	8.3	16.3	-8.0	0.1	-16.2	0.0	
1.46094	-0.5	374	8.4	16.4	-8.0	0.1	-16.3	0.0	
1.46484	-0.5	374	8.5	16.3	-7.8	0.1	-16.2	0.0	
1.46875	-0.8	374	8.5	16.1	-7.6	0.1	-16.0	0.0	
1.47266	-0.9	374	8.5	16.1	-7.6	0.1	-16.0	0.0	
1.47656	-0.6	374	8.4	16.1	-7.7	0.1	-16.0	0.0	
1.48047	-0.4	374	8.4	16.1	-7.7	0.1	-16.0	0.0	
1.48438	-0.1	374	8.4	16.1	-7.7	0.1	-16.0	0.0	
1.48828	0.0	374	8.4	16.1	-7.7	0.1	-16.0	0.0	
1.49219	0.0	374	8.3	16.1	-7.8	0.1	-16.0	0.0	
1.49609	0.0	374	8.3	16.1	-7.8	0.1	-16.0	0.0	
1.50000	-0.3	374	8.3	16.1	-7.8	0.1	-16.0	0.0	
1.50391	-0.3	374	8.3	16.1	-7.8	0.1	-16.0	0.0	
1.50781	-0.1	374	8.3	16.1	-7.8	0.1	-16.0	0.0	
1.51172	0.0	374	8.4	16.1	-7.7	0.1	-16.0	0.0	
1.51562	0.0	374	8.5	16.1	-7.6	0.1	-16.0	0.0	
1.51953	-0.1	374	8.5	16.3	-7.8	0.1	-16.2	0.0	
1.52344	-0.6	374	8.5	16.3	-7.8	0.1	-16.2	0.0	
1.52734	-1.3	373	8.5	16.3	-7.8	0.1	-16.2	0.0	
1.53125	-1.6	373	8.6	16.1	-7.5	0.1	-16.0	0.0	
1.53516	-2.0	373	8.6	16.1	-7.5	0.1	-16.0	0.0	
1.53906	-1.9	373	8.6	16.1	-7.5	0.1	-16.0	0.0	
1.54297	-1.3	373	8.6	16.4	-7.8	0.1	-16.3	0.0	
1.54688	-0.5	373	8.8	16.4	-7.6	0.1	-16.3	0.0	
1.55078	-0.3	373	8.9	16.4	-7.5	0.1	-16.3	0.0	
1.55469	-0.5	373	8.9	16.4	-7.5	0.1	-16.3	0.0	
1.55859	-0.9	373	8.8	16.1	-7.3	0.1	-16.0	0.0	
1.56250	-1.3	373	8.8	16.1	-7.3	0.1	-16.0	0.0	
1.56641	-1.1	373	8.8	16.1	-7.3	0.1	-16.0	0.0	
1.57031	-0.6	373	8.9	16.1	-7.2	0.1	-16.0	0.0	
1.57422	-0.3	373	8.9	16.1	-7.2	0.1	-16.0	0.0	
1.57812	0.0	373	8.9	16.1	-7.2	0.1	-16.0	0.0	
1.58203	0.0	373	8.9	16.1	-7.2	0.1	-16.0	0.0	
1.58594	-0.1	373	8.9	16.1	-7.2	0.1	-16.0	0.0	
1.58984	-0.1	373	8.9	16.1	-7.2	0.1	-16.0	0.0	
1.59375	0.0	373	8.9	16.4	-7.5	0.1	-16.3	0.0	
1.59766	0.0	373	8.9	16.3	-7.4	0.1	-16.2	0.0	
1.60156	0.0	373	8.9	16.3	-7.4	0.1	-16.2	0.0	
1.60547	-0.1	373	8.9	16.4	-7.5	0.1	-16.3	0.0	
1.60938	-0.1	373	8.9	16.4	-7.5	0.1	-16.3	0.0	
1.61328	0.0	373	8.9	16.4	-7.5	0.1	-16.3	0.0	
1.61719	0.0	373	8.9	16.4	-7.5	0.1	-16.3	0.0	
1.62109	0.0	373	8.9	16.4	-7.5	0.1	-16.3	0.0	
1.62500	0.0	373	9.0	16.4	-7.4	0.1	-16.3	0.0	
1.62891	0.0	373	9.0	16.4	-7.4	0.1	-16.3	0.0	
1.63281	-0.1	373	9.0	16.4	-7.4	0.1	-16.3	0.0	
1.63672	-0.3	373	9.0	16.4	-7.4	0.1	-16.3	0.0	
1.64062	-0.3	373	9.1	16.6	-7.5	0.1	-16.5	0.0	
1.64453	-0.1	373	9.1	16.6	-7.5	0.1	-16.5	0.0	
1.64844	0.0	373	9.0	16.6	-7.6	0.1	-16.5	0.0	
1.65234	0.0	373	9.0	16.6	-7.6	0.1	-16.5	0.0	
1.65625	0.0	373	9.0	16.6	-7.6	0.1	-16.5	0.0	
1.66016	0.0	373	9.0	16.8	-7.8	0.1	-16.7	0.0	
1.66406	0.0	373	8.9	16.8	-7.9	0.1	-16.7	0.0	
1.66797	0.0	373	9.0	16.5	-7.5	0.1	-16.4	0.0	
1.67188	-0.3	373	9.1	16.6	-7.5	0.1	-16.5	0.0	
1.67578	-0.1	373	9.1	16.8	-7.7	0.1	-16.7	0.0	
1.67969	0.0	373	9.0	16.8	-7.8	0.1	-16.7	0.0	
1.68359	0.1	373	9.0	16.6	-7.6	0.1	-16.5	0.0	
1.68750	0.1	373	9.1	16.8	-7.7	0.1	-16.7	0.0	
1.69141	0.0	373	9.1	16.9	-7.8	0.1	-16.8	0.0	
1.69531	0.0	373	9.0	16.8	-7.8	0.1	-16.7	0.0	
1.69922	0.0	373	8.9	16.8	-7.9	0.1	-16.7	0.0	
1.70312	0.0	373	9.0	16.8	-7.8	0.1	-16.7	0.0	
1.70703	0.0	373	9.0	16.9	-7.9	0.1	-16.8	0.0	
1.71094	-0.1	373	9.0	16.9	-7.9	0.1	-16.8	0.0	
1.71484	-0.3	373	9.0	16.9	-7.9	0.1	-16.8	0.0	
1.71875	0.0	373	9.0	17.0	-8.0	0.1	-16.9	0.0	
1.72266	0.1	373	9.0	17.0	-8.0	0.1	-16.9	0.0	
1.72656	0.0	373	9.0	17.0	-8.0	0.1	-16.9	0.0	
1.73047	-0.1	373	9.0	17.1	-8.1	0.1	-17.0	0.0	
1.73438	-0.3	373	9.1	17.3	-8.2	0.1	-17.2	0.0	
1.73828	-0.1	373	9.3	17.3	-8.0	0.1	-17.2	0.0	
1.74219	-0.3	372	9.1	17.3	-8.2	0.1	-17.2	0.0	
1.74609	-0.5	372	9.1	17.3	-8.2	0.1	-17.2	0.0	
1.75000	-0.6	372	9.1	17.3	-8.2	0.1	-17.2	0.0	
1.75391	-0.4	372	9.1	17.4	-8.3	0.1	-17.3	0.0	
1.75781	-0.1	372	9.0	17.4	-8.4	0.1	-17.3	0.0	
1.76172	0.0	372	9.0	17.4	-8.4	0.1	-17.3	0.0	
1.76562	0.0	372	9.1	17.5	-8.4	0.1	-17.4	0.0	
1.76953	0.0	372	9.3	17.6	-8.3	0.1	-17.5	0.0	
1.77344	0.0	372	9.3	17.6	-8.3	0.1	-17.5	0.0	
1.77734	-0.3	372	9.3	17.6	-8.3	0.1	-17.5	0.0	
1.78125	-0.3	372	9.3	17.5	-8.2	0.1	-17.4	0.0	
1.78516	-0.4	372	9.1	17.5	-8.4	0.1	-17.4	0.0	
1.78906	-0.4	372	9.1	17.5	-8.4	0.1	-17.4	0.0	
1.79297	-0.1	372	9.1	17.4	-8.3	0.1	-17.3	0.0	
1.79688	0.0	372	9.1	17.4	-8.3	0.1	-17.3	0.0	
1.80078	0.0	372	9.1	17.5	-8.4	0.1	-17.4	0.0	
1.80469	0.0	372	9.3	17.6	-8.3	0.1	-17.5	0.0	
1.80859	0.0	372	9.3	17.6	-8.3	0.1	-17.5	0.0	
1.81250	0.0	372	9.3	17.6	-8.3	0.1	-17.5	0.0	
1.81641	0.0	372	9.3	17.6	-8.3	0.1	-17.5	0.0	
1.82031	0.0	372	9.3	17.6	-8.3	0.1	-17.5	0.0	
1.82422	0.0	372	9.4	17.6	-8.2	0.1	-17.5	0.0	
1.82812	0.0	372	9.4	17.6	-8.2	0.1	-17.5	0.0	
1.83203	-0.3	372	9.4	17.6	-8.2	0.1	-17.5	0.0	
1.83594	-1.1	372	9.3	17.6	-8.3	0.1	-17.5	0.0	
1.83984	-1.8	372	9.3	17.6	-8.3	0.1	-17.5	0.0	
1.84375	-1.4	372	9.3	17.8	-8.5	0.1	-17.7	0.0	
1.84766	-0.9	372	9.3	17.8	-8.5	0.1	-17.7	0.0	
1.85156	-0.6	372	9.3	17.8	-8.5	0.1	-17.7	0.0	
1.85547	-0.3	372	9.4	17.8	-8.4	0.1	-17.7	0.0	
1.85938	0.0	372	9.4	17.9	-8.5	0.1	-17.8	0.0	
1.86328	0.0	372	9.4	17.8	-8.4	0.1	-17.7	0.0	
1.86719	0.0	372	9.3	17.6	-8.3	0.1	-17.5	0.0	
1.87109	-0.1	372	9.4	17.6	-8.2	0.1	-17.5	0.0	
1.87500	-0.1	372	9.4	17.6	-8.2	0.1	-17.5	0.0	
1.87891	-0.1	372	9.5	17.6	-8.1	0.1	-17.5	0.0	
1.88281	-0.1	372	9.6	17.8	-8.2	0.1	-17.7	0.0	
1.88672	0.0	372	9.5	17.9	-8.4	0.1	-17.8	0.0	
1.89062	0.0	372	9.5	18.0	-8.5	0.1	-17.9	0.0	
1.89453	0.0	372	9.5	18.0	-8.5	0.1	-17.9	0.0	
1.89844	0.0	372	9.5	18.0	-8.5	0.1	-17.9	0.0	
1.90234	0.0	372	9.6	18.0	-8.4	0.1	-17.9	0.0	
1.90625	0.0	372	9.6	18.0	-8.4	0.1	-17.9	0.0	
1.91016	0.0	372	9.5	18.0	-8.5	0.1	-17.9	0.0	
1.91406	0.0	372	9.5	18.0	-8.5	0.1	-17.9	0.0	
1.91797	0.0	372	9.6	18.0	-8.4	0.1	-17.9	0.0	
1.92188	0.0	372	9.6	18.0	-8.4	0.1	-17.9	0.0	
1.92578	-0.1	372	9.6	18.0	-8.4	0.1	-17.9	0.0	
1.92969	-0.3	372	9.6	18.0	-8.4	0.1	-17.9	0.0	
1.93359	-0.3	372	9.6	18.1	-8.5	0.1	-18.0	0.0	
1.93750	-0.1	372	9.6	18.4	-8.8	0.1	-18.3	0.0	
1.94141	0.0	372	9.6	18.4	-8.8	0.1	-18.3	0.0	
1.94531	0.0	372	9.6	18.4	-8.8	0.1	-18.3	0.0	
1.94922	0.0	372	9.6	18.4	-8.8	0.1	-18.3	0.0	
1.95312	0.0	372	9.6	18.4	-8.8	0.1	-18.3	0.0	
1.95703	0.0	372	9.5	18.4	-8.9	0.1	-18.3	0.0	
1.96094	0.0	372	9.5	18.4	-8.9	0.1	-18.3	0.0	
1.96484	0.0	372	9.6	18.4	-8.8	0.1	-18.3	0.0	
1.96875	0.0	372	9.5	18.4	-8.9	0.1	-18.3	0.0	
1.97266	0.0	372	9.4	18.3	-8.9	0.1	-18.2	0.0	
1.97656	0.0	372	9.4	18.4	-9.0	0.1	-18.3	0.0	
1.98047	0.0	372	9.5	18.3	-8.8	0.1	-18.2	0.0	
1.98438	-0.1	372	9.4	18.1	-8.7	0.1	-18.0	0.0	
1.98828	-0.1	372	9.3	18.0	-8.7	0.1	-17.9	0.0	
1.99219	-0.1	372	9.3	17.8	-8.5	0.1	-17.7	0.0	
1.99609	-0.4	372	9.4	17.6	-8.2	0.1	-17.5	0.0	
2.00000	-1.0	372	9.4	17.6	-8.2	0.1	-17.5	0.0	
2.00391	-1.5	372	9.4	17.5	-8.1	0.1	-17.4	0.0	
2.00781	-1.3	371	9.4	17.4	-8.0	0.1	-17.3	0.0	
2.01172	-1.1	371	9.6	17.3	-7.7	0.1	-17.2	0.0	
2.01562	-1.3	371	9.6	17.3	-7.7	0.1	-17.2	0.0	
2.01953	-1.1	371	9.5	17.3	-7.8	0.1	-17.2	0.0	
2.02344	-0.6	371	9.5	17.1	-7.6	0.1	-17.0	0.0	
2.02734	-0.1	371	9.6	17.1	-7.5	0.1	-17.0	0.0	
2.03125	0.0	371	9.6	17.1	-7.5	0.1	-17.0	0.0	
2.03516	0.0	371	9.6	17.0	-7.4	0.1	-16.9	0.0	
2.03906	0.0	371	9.6	17.0	-7.4	0.1	-16.9	0.0	
2.04297	-0.5	371	9.5	17.0	-7.5	0.1	-16.9	0.0	
2.04688	-0.6	371	9.4	17.0	-7.6	0.1	-16.9	0.0	
2.05078	-0.4	371	9.3	17.0	-7.7	0.1	-16.9	0.0	
2.05469	-0.1	371	9.3	17.0	-7.7	0.1	-16.9	0.0	
2.05859	0.0	371	9.4	17.1	-7.7	0.1	-17.0	0.0	
2.06250	0.0	371	9.6	17.3	-7.7	0.1	-17.2	0.0	
2.06641	0.1	371	9.5	17.3	-7.8	0.1	-17.2	0.0	
2.07031	0.3	371	9.4	17.3	-7.9	0.1	-17.2	0.0	
2.07422	0.3	371	9.3	17.3	-8.0	0.1	-17.2	0.0	
2.07812	0.4	371	9.3	17.3	-8.0	0.1	-17.2	0.0	
2.08203	0.4	371	9.3	17.3	-8.0	0.1	-17.2	0.0	
2.08594	0.3	371	9.4	17.3	-7.9	0.1	-17.2	0.0	
2.08984	0.3	371	9.5	17.1	-7.6	0.1	-17.0	0.0	
2.09375	0.4	371	9.5	17.1	-7.6	0.1	-17.0	0.0	
2.09766	0.3	371	9.4	17.1	-7.7	0.1	-17.0	0.0	
2.10156	0.1	371	9.3	17.1	-7.8	0.1	-17.0	0.0	
2.10547	0.1	371	9.3	17.1	-7.8	0.1	-17.0	0.0	
2.10938	0.0	371	9.3	17.3	-8.0	0.1	-17.2	0.0	
2.11328	-0.3	371	9.3	17.1	-7.8	0.1	-17.0	0.0	
2.11719	-0.4	371	9.4	17.0	-7.6	0.1	-16.9	0.0	
2.12109	-0.3	371	9.4	16.9	-7.5	0.1	-16.8	0.0	
2.12500	-0.3	371	9.4	16.9	-7.5	0.1	-16.8	0.0	
2.12891	0.0	371	9.4	16.9	-7.5	0.1	-16.8	0.0	
2.13281	0.0	371	9.5	16.9	-7.4	0.1	-16.8	0.0	
2.13672	-0.1	371	9.4	16.9	-7.5	0.1	-16.8	0.0	
2.14062	-0.4	371	9.3	16.8	-7.5	0.1	-16.7	0.0	
2.14453	-0.8	371	9.3	16.8	-7.5	0.1	-16.7	0.0	
2.14844	-0.9	371	9.4	16.6	-7.2	0.1	-16.5	0.0	
2.15234	-0.6	371	9.4	16.6	-7.2	0.1	-16.5	0.0	
2.15625	-0.4	371	9.4	16.6	-7.2	0.1	-16.5	0.0	
2.16016	-0.1	371	9.3	16.5	-7.2	0.1	-16.4	0.0	
2.16406	0.0	371	9.4	16.6	-7.2	0.1	-16.5	0.0	
2.16797	0.0	371	9.4	16.8	-7.4	0.1	-16.7	0.0	
2.17188	0.0	371	9.4	16.8	-7.4	0.1	-16.7	0.0	
2.17578	0.0	371	9.3	16.5	-7.2	0.1	-16.4	0.0	
2.17969	0.0	371	9.3	16.6	-7.3	0.1	-16.5	0.0	
2.18359	0.0	371	9.3	16.6	-7.3	0.1	-16.5	0.0	
2.18750	0.0	371	9.3	16.6	-7.3	0.1	-16.5	0.0	
2.19141	0.0	371	9.3	16.6	-7.3	0.1	-16.5	0.0	
2.19531	0.1	371	9.4	16.6	-7.2	0.1	-16.5	0.0	
2.19922	0.1	371	9.4	16.8	-7.4	0.1	-16.7	0.0	
2.20312	0.1	371	9.4	16.9	-7.5	0.1	-16.8	0.0	
2.20703	0.1	371	9.3	16.8	-7.5	0.1	-16.7	0.0	
2.21094	0.1	371	9.3	16.6	-7.3	0.1	-16.5	0.0	
2.21484	0.0	371	9.3	16.8	-7.5	0.1	-16.7	0.0	
2.21875	0.0	371	9.3	16.9	-7.6	0.1	-16.8	0.0	
2.22266	0.0	371	9.4	16.9	-7.5	0.1	-16.8	0.0	
2.22656	0.0	371	9.5	16.9	-7.4	0.1	-16.8	0.0	
2.23047	0.0	371	9.5	16.8	-7.3	0.1	-16.7	0.0	
2.23438	0.0	371	9.5	16.6	-7.1	0.1	-16.5	0.0	
2.23828	0.0	371	9.6	16.6	-7.0	0.1	-16.5	0.0	
2.24219	0.0	371	9.6	16.6	-7.0	0.1	-16.5	0.0	
2.24609	0.1	371	9.5	16.5	-7.0	0.1	-16.4	0.0	
2.25000	0.5	371	9.4	16.5	-7.1	0.1	-16.4	0.0	
2.25391	0.6	371	9.4	16.5	-7.1	0.1	-16.4	0.0	
2.25781	0.5	371	9.6	16.5	-6.9	0.1	-16.4	0.0	
2.26172	0.5	371	9.6	16.5	-6.9	0.1	-16.4	0.0	
2.26562	0.5	371	9.6	16.5	-6.9	0.1	-16.4	0.0	
2.26953	0.4	371	9.6	16.5	-6.9	0.1	-16.4	0.0	
2.27344	0.4	371	9.5	16.5	-7.0	0.1	-16.4	0.0	
2.27734	0.8	371	9.4	16.5	-7.1	0.1	-16.4	0.0	
2.28125	1.3	371	9.3	16.4	-7.1	0.1	-16.3	0.0	
2.28516	1.3	371	9.3	16.3	-7.0	0.1	-16.2	0.0	
2.28906	0.9	372	9.1	16.3	-7.2	0.1	-16.2	0.0	
2.29297	0.8	372	9.1	16.3	-7.2	0.1	-16.2	0.0	
2.29688	1.3	372	9.1	16.4	-7.3	0.1	-16.3	0.0	
2.30078	1.8	372	9.0	16.3	-7.3	0.1	-16.2	0.0	
2.30469	2.5	372	8.9	16.3	-7.4	0.1	-16.2	0.0	
2.30859	3.0	372	8.9	16.3	-7.4	0.1	-16.2	0.0	
2.31250	3.1	372	8.8	16.1	-7.3	0.1	-16.0	0.0	
2.31641	3.1	373	8.6	16.1	-7.5	0.1	-16.0	0.0	
2.32031	3.1	373	8.5	16.1	-7.6	0.1	-16.0	0.0	
2.32422	3.0	373	8.5	16.1	-7.6	0.1	-16.0	0.0	
2.32812	3.0	373	8.4	16.1	-7.7	0.1	-16.0	0.0	
2.33203	3.0	373	8.3	15.9	-7.6	0.1	-15.8	0.0	
2.33594	3.0	374	8.1	15.8	-7.7	0.1	-15.7	0.0	
2.33984	3.1	374	8.1	15.8	-7.7	0.1	-15.7	0.0	
2.34375	3.4	374	8.0	16.0	-8.0	0.1	-15.9	0.0	
2.34766	3.5	374	7.8	15.9	-8.1	0.1	-15.8	0.0	
2.35156	3.5	374	7.8	15.9	-8.1	0.1	-15.8	0.0	
2.35547	3.4	375	7.8	15.9	-8.1	0.1	-15.8	0.0	
2.35938	3.4	375	7.8	15.8	-8.0	0.1	-15.7	0.0	
2.36328	3.3	375	7.6	15.6	-8.0	0.1	-15.5	0.0	
2.36719	3.0	375	7.4	15.6	-8.2	0.1	-15.5	0.0	
2.37109	2.9	375	7.4	15.6	-8.2	0.1	-15.5	0.0	
2.37500	2.9	376	7.3	15.6	-8.3	0.1	-15.5	0.0	
2.37891	3.0	376	7.0	15.5	-8.5	0.1	-15.4	0.0	
2.38281	3.1	376	6.9	15.5	-8.6	0.1	-15.4	0.0	
2.38672	3.1	376	6.9	15.5	-8.6	0.1	-15.4	0.0	
2.39062	3.1	376	6.8	15.4	-8.6	0.1	-15.3	0.0	
2.39453	3.3	377	6.8	15.3	-8.5	0.1	-15.2	0.0	
2.39844	3.3	377	6.8	15.3	-8.5	0.1	-15.2	0.0	
2.40234	3.4	377	6.6	15.3	-8.7	0.1	-15.2	0.0	
2.40625	3.5	377	6.4	15.1	-8.7	0.1	-15.0	0.0	
2.41016	3.6	378	6.3	15.0	-8.7	0.1	-14.9	0.0	
2.41406	3.8	378	6.1	14.9	-8.8	0.1	-14.8	0.0	
2.41797	3.9	378	6.0	14.9	-8.9	0.1	-14.8	0.0	
2.42188	3.9	378	5.9	14.9	-9.0	0.1	-14.8	0.0	
2.42578	3.9	379	5.9	14.9	-9.0	0.1	-14.8	0.0	
2.42969	3.8	379	5.8	14.9	-9.1	0.1	-14.8	0.0	
2.43359	3.9	379	5.6	14.8	-9.2	0.1	-14.7	0.0	
2.43750	3.9	379	5.4	14.6	-9.2	0.1	-14.5	0.0	
2.44141	3.8	380	5.4	14.5	-9.1	0.1	-14.4	0.0	
2.44531	3.8	380	5.4	14.5	-9.1	0.1	-14.4	0.0	
2.44922	3.8	380	5.3	14.5	-9.2	0.1	-14.4	0.0	
2.45312	3.8	380	5.0	14.5	-9.5	0.1	-14.4	0.0	
2.45703	3.8	381	4.9	14.4	-9.5	0.1	-14.3	0.0	
2.46094	3.9	381	4.9	14.1	-9.2	0.1	-14.0	0.0	
2.46484	3.9	381	4.8	14.1	-9.3	0.1	-14.0	0.0	
2.46875	3.9	381	4.6	14.1	-9.5	0.1	-14.0	0.0	
2.47266	3.9	382	4.5	14.1	-9.6	0.1	-14.0	0.0	
2.47656	3.8	382	4.4	14.1	-9.7	0.1	-14.0	0.0	
2.48047	3.6	382	4.1	14.1	-10.0	0.1	-14.0	0.0	
2.48438	3.5	382	4.0	14.0	-10.0	0.1	-13.9	0.0	
2.48828	3.3	383	3.9	13.8	-9.9	0.1	-13.7	0.0	
2.49219	3.3	383	3.8	13.9	-10.1	0.1	-13.8	0.0	
2.49609	3.4	383	3.8	13.9	-10.1	0.1	-13.8	0.0	
2.50000	3.6	383	3.6	13.8	-10.2	0.1	-13.7	0.0	
2.50391	3.6	383	3.4	13.6	-10.2	0.1	-13.5	0.0	
2.50781	3.6	384	3.3	13.4	-10.1	0.1	-13.3	0.0	
2.51172	3.4	384	3.1	13.3	-10.2	0.1	-13.2	0.0	
2.51562	3.5	384	3.1	13.1	-10.0	0.1	-13.0	0.0	
2.51953	3.6	384	3.0	13.1	-10.1	0.1	-13.0	0.0	
2.52344	3.5	385	2.9	13.1	-10.2	0.1	-13.0	0.0	
2.52734	3.5	385	2.8	13.0	-10.2	0.1	-12.9	0.0	
2.53125	3.5	385	2.6	12.8	-10.2	0.1	-12.7	0.0	
2.53516	3.5	385	2.5	12.6	-10.1	0.1	-12.5	0.0	
2.53906	3.1	385	2.5	12.6	-10.1	0.1	-12.5	0.0	
2.54297	3.0	386	2.5	12.6	-10.1	0.1	-12.5	0.0	
2.54688	3.0	386	2.4	12.5	-10.1	0.1	-12.4	0.0	
2.55078	3.1	386	2.3	12.5	-10.2	0.1	-12.4	0.0	
2.55469	3.1	386	2.1	12.5	-10.4	0.1	-12.4	0.0	
2.55859	3.3	386	2.0	12.4	-10.4	0.1	-12.3	0.0	
2.56250	3.1	387	1.9	12.1	-10.2	0.1	-12.0	0.0	
2.56641	2.8	387	1.8	12.1	-10.3	0.1	-12.0	0.0	
2.57031	2.4	387	1.8	12.3	-10.5	0.1	-12.2	0.0	
2.57422	2.3	387	1.6	12.3	-10.7	0.1	-12.2	0.0	
2.57812	2.1	387	1.4	12.1	-10.7	0.1	-12.0	0.0	
2.58203	2.1	387	1.4	12.1	-10.7	0.1	-12.0	0.0	
2.58594	2.1	388	1.3	12.1	-10.8	0.1	-12.0	0.0	
2.58984	2.4	388	0.9	12.0	-11.1	0.1	-11.9	0.0	
2.59375	2.9	388	0.6	11.9	-11.3	0.1	-11.8	0.0	
2.59766	3.3	388	0.6	12.0	-11.4	0.1	-11.9	0.0	
2.60156	3.5	388	0.8	12.0	-11.2	0.1	-11.9	0.0	
2.60547	3.5	389	0.8	12.0	-11.2	0.1	-11.9	0.0	
2.60938	3.3	389	0.6	11.9	-11.3	0.1	-11.8	0.0	
2.61328	2.8	389	0.4	12.0	-11.6	0.1	-11.9	0.0	
2.61719	2.5	389	0.3	12.0	-11.7	0.1	-11.9	0.0	
2.62109	2.8	389	0.1	12.0	-11.9	0.1	-11.9	0.0	
2.62500	3.1	390	0.0	12.0	-12.0	0.1	-11.9	0.0	
2.62891	3.4	390	-0.1	12.0	-12.1	0.1	-11.9	0.0	
2.63281	3.5	390	-0.1	11.8	-11.9	0.1	-11.7	0.0	
2.63672	3.5	390	-0.3	11.8	-12.1	0.1	-11.7	0.0	
2.64062	3.5	390	-0.4	11.6	-12.0	0.1	-11.5	0.0	
2.64453	3.3	391	-0.5	11.5	-12.0	0.1	-11.4	0.0	
2.64844	2.9	391	-0.5	11.5	-12.0	0.1	-11.4	0.0	
2.65234	2.8	391	-0.6	11.3	-11.9	0.1	-11.2	0.0	
2.65625	3.1	391	-0.8	11.0	-11.8	0.1	-10.9	0.0	
2.66016	3.3	391	-0.8	10.9	-11.7	0.1	-10.8	0.0	
2.66406	2.9	392	-0.8	10.6	-11.4	0.1	-10.5	0.0	
2.66797	2.4	392	-0.8	10.5	-11.3	0.1	-10.4	0.0	
2.67188	1.9	392	-0.9	10.4	-11.3	0.1	-10.3	0.0	
2.67578	1.4	392	-1.0	10.3	-11.3	0.1	-10.2	0.0	
2.67969	1.0	392	-1.1	10.0	-11.1	0.1	-9.9	0.0	
2.68359	1.0	392	-1.3	9.8	-11.1	0.1	-9.7	0.0	
2.68750	1.4	392	-1.3	9.4	-10.7	0.1	-9.3	0.0	
2.69141	1.8	392	-1.3	9.4	-10.7	0.1	-9.3	0.0	
2.69531	1.8	392	-1.4	9.3	-10.7	0.1	-9.2	0.0	
2.69922	1.6	393	-1.6	9.1	-10.7	0.1	-9.0	0.0	
2.70312	1.6	393	-1.8	9.0	-10.8	0.1	-8.9	0.0	
2.70703	1.5	393	-1.9	8.9	-10.8	0.1	-8.8	0.0	
2.71094	1.8	393	-1.9	8.9	-10.8	0.1	-8.8	0.0	
2.71484	2.4	393	-2.1	8.9	-11.0	0.1	-8.8	0.0	
2.71875	3.3	393	-2.3	8.9	-11.2	0.1	-8.8	0.0	
2.72266	3.9	393	-2.1	8.9	-11.0	0.1	-8.8	0.0	
2.72656	4.0	394	-2.3	8.8	-11.1	0.1	-8.7	0.0	
2.73047	4.0	394	-2.4	8.5	-10.9	0.1	-8.4	0.0	
2.73438	3.9	394	-2.5	8.4	-10.9	0.1	-8.3	0.0	
2.73828	3.8	395	-2.5	8.5	-11.0	0.1	-8.4	0.0	
2.74219	3.6	395	-2.6	8.4	-11.0	0.1	-8.3	0.0	
2.74609	3.8	395	-2.9	8.1	-11.0	0.1	-8.0	0.0	
2.75000	3.8	395	-3.0	8.1	-11.1	0.0	-8.1	0.0	
2.75391	3.8	395	-2.9	8.0	-10.9	0.0	-8.0	0.0	
2.75781	3.5	396	-3.0	7.8	-10.8	0.0	-7.8	0.0	
2.76172	3.4	396	-3.3	7.5	-10.8	0.1	-7.4	0.0	
2.76562	3.5	396	-3.5	7.4	-10.9	0.1	-7.3	0.0	
2.76953	3.6	396	-3.6	7.3	-10.9	0.1	-7.2	0.0	
2.77344	3.6	397	-3.6	7.0	-10.6	0.1	-6.9	0.0	
2.77734	3.5	397	-3.8	6.9	-10.7	0.1	-6.8	0.0	
2.78125	3.4	397	-4.0	6.6	-10.6	0.1	-6.5	0.0	
2.78516	3.3	397	-4.0	6.4	-10.4	0.1	-6.3	0.0	
2.78906	3.1	398	-4.0	6.4	-10.4	0.1	-6.3	0.0	
2.79297	3.3	398	-4.0	6.3	-10.3	0.1	-6.2	0.0	
2.79688	3.3	398	-4.1	6.0	-10.1	0.1	-5.9	0.0	
2.80078	3.1	398	-4.3	6.0	-10.3	0.1	-5.9	0.0	
2.80469	3.0	398	-4.3	5.9	-10.2	0.1	-5.8	0.0	
2.80859	2.8	399	-4.5	5.8	-10.3	0.1	-5.7	0.0	
2.81250	2.3	399	-4.6	5.8	-10.4	0.1	-5.7	0.0	
2.81641	1.8	399	-4.5	5.8	-10.3	0.1	-5.7	0.0	
2.82031	1.5	399	-4.6	5.6	-10.2	0.1	-5.5	0.0	
2.82422	1.4	399	-4.9	5.4	-10.3	0.1	-5.3	0.0	
2.82812	1.4	399	-5.0	5.4	-10.4	0.1	-5.3	0.0	
2.83203	1.5	399	-4.9	5.4	-10.3	0.1	-5.3	0.0	
2.83594	1.8	399	-5.0	5.4	-10.4	0.1	-5.3	0.0	
2.83984	2.1	399	-5.3	5.4	-10.7	0.1	-5.3	0.0	
2.84375	2.1	400	-5.3	5.4	-10.7	0.1	-5.3	0.0	
2.84766	1.6	400	-5.3	5.4	-10.7	0.1	-5.3	0.0	
2.85156	0.8	400	-5.3	5.4	-10.7	0.1	-5.3	0.0	
2.85547	-0.1	400	-5.3	5.4	-10.7	0.1	-5.3	0.0	
2.85938	-0.5	400	-5.4	5.4	-10.8	0.1	-5.3	0.0	
2.86328	-0.4	400	-5.6	5.4	-11.0	0.1	-5.3	0.0	
2.86719	-0.3	400	-5.6	5.4	-11.0	0.1	-5.3	0.0	
2.87109	0.0	400	-5.6	5.1	-10.7	0.1	-5.0	0.0	
2.87500	0.0	400	-5.6	5.0	-10.6	0.1	-4.9	0.0	
2.87891	0.0	400	-5.6	4.9	-10.5	0.1	-4.8	0.0	
2.88281	0.0	400	-5.8	4.8	-10.6	0.1	-4.7	0.0	
2.88672	0.0	400	-5.9	4.8	-10.7	0.1	-4.7	0.0	
2.89062	0.0	400	-5.9	4.8	-10.7	0.1	-4.7	0.0	
2.89453	0.0	400	-5.9	4.6	-10.5	0.1	-4.5	0.0	
2.89844	0.0	400	-5.9	4.4	-10.3	0.1	-4.3	0.0	
2.90234	0.0	400	-5.9	4.4	-10.3	0.1	-4.3	0.0	
2.90625	0.0	400	-5.8	4.4	-10.2	0.1	-4.3	0.0	
2.91016	0.0	400	-5.9	4.5	-10.4	0.1	-4.4	0.0	
2.91406	0.0	400	-6.0	4.5	-10.5	0.1	-4.4	0.0	
2.91797	0.1	400	-5.9	4.4	-10.3	0.1	-4.3	0.0	
2.92188	0.4	400	-5.9	4.1	-10.0	0.1	-4.0	0.0	
2.92578	0.5	400	-6.0	4.0	-10.0	0.1	-3.9	0.0	
2.92969	0.4	400	-6.0	3.9	-9.9	0.1	-3.8	0.0	
2.93359	0.8	400	-6.0	3.8	-9.8	0.1	-3.7	0.0	
2.93750	1.0	400	-6.0	3.8	-9.8	0.1	-3.7	0.0	
2.94141	0.9	400	-6.0	3.8	-9.8	0.1	-3.7	0.0	
2.94531	0.5	400	-6.3	3.8	-10.1	0.1	-3.7	0.0	
2.94922	0.3	400	-6.4	3.8	-10.2	0.1	-3.7	0.0	
2.95312	0.1	400	-6.5	3.8	-10.3	0.1	-3.7	0.0	
2.95703	0.1	400	-6.6	3.8	-10.4	0.1	-3.7	0.0	
2.96094	0.3	400	-6.8	3.8	-10.6	0.1	-3.7	0.0	
2.96484	1.1	400	-6.8	3.8	-10.6	0.1	-3.7	0.0	
2.96875	2.1	400	-6.8	3.8	-10.6	0.1	-3.7	0.0	
2.97266	2.6	400	-6.8	3.8	-10.6	0.1	-3.7	0.0	
2.97656	2.6	401	-7.0	3.6	-10.6	0.1	-3.5	0.0	
2.98047	2.5	401	-7.1	3.4	-10.5	0.1	-3.3	0.0	
2.98438	2.4	401	-7.3	3.4	-10.7	0.1	-3.3	0.0	
2.98828	2.4	401	-7.3	3.4	-10.7	0.1	-3.3	0.0	
2.99219	2.6	401	-7.4	3.4	-10.8	0.1	-3.3	0.0	
2.99609	2.6	401	-7.5	3.4	-10.9	0.1	-3.3	0.0	
3.00000	2.5	401	-7.4	3.4	-10.8	0.1	-3.3	0.0	
3.00391	2.3	402	-7.5	3.4	-10.9	0.1	-3.3	0.0	
3.00781	1.9	402	-7.6	3.4	-11.0	0.1	-3.3	0.0	
3.01172	2.0	402	-7.6	3.4	-11.0	0.1	-3.3	0.0	
3.01562	2.3	402	-7.6	3.4	-11.0	0.1	-3.3	0.0	
3.01953	2.3	402	-7.6	3.4	-11.0	0.1	-3.3	0.0	
3.02344	2.0	402	-7.8	3.4	-11.2	0.1	-3.3	0.0	
3.02734	1.5	402	-8.0	3.4	-11.4	0.1	-3.3	0.0	
3.03125	0.9	402	-8.0	3.4	-11.4	0.1	-3.3	0.0	
3.03516	0.4	403	-8.1	3.4	-11.5	0.1	-3.3	0.0	
3.03906	0.1	403	-8.3	3.4	-11.7	0.1	-3.3	0.0	
3.04297	0.3	403	-8.1	3.4	-11.5	0.1	-3.3	0.0	
3.04688	0.9	403	-8.3	3.4	-11.7	0.1	-3.3	0.0	
3.05078	1.5	403	-8.4	3.4	-11.8	0.1	-3.3	0.0	
3.05469	2.0	403	-8.5	3.4	-11.9	0.1	-3.3	0.0	
3.05859	2.5	403	-8.5	3.4	-11.9	0.1	-3.3	0.0	
3.06250	2.8	403	-8.5	3.4	-11.9	0.1	-3.3	0.0	
3.06641	2.8	403	-8.5	3.4	-11.9	0.1	-3.3	0.0	
3.07031	2.6	404	-8.5	3.4	-11.9	0.1	-3.3	0.0	
3.07422	2.4	404	-8.5	3.4	-11.9	0.1	-3.3	0.0	
3.07812	2.4	404	-8.6	3.4	-12.0	0.1	-3.3	0.0	
3.08203	2.3	404	-8.8	3.4	-12.2	0.1	-3.3	0.0	
3.08594	2.3	404	-8.9	3.4	-12.3	0.1	-3.3	0.0	
3.08984	2.1	404	-8.8	3.4	-12.2	0.1	-3.3	0.0	
3.09375	1.5	404	-8.8	3.4	-12.2	0.1	-3.3	0.0	
3.09766	0.8	404	-8.8	3.4	-12.2	0.1	-3.3	0.0	
3.10156	0.1	404	-8.9	3.4	-12.3	0.1	-3.3	0.0	
3.10547	0.0	404	-8.9	3.4	-12.3	0.1	-3.3	0.0	
3.10938	-0.3	404	-8.9	3.4	-12.3	0.1	-3.3	0.0	
3.11328	-0.3	404	-8.9	3.4	-12.3	0.1	-3.3	0.0	
3.11719	-0.5	404	-8.9	3.6	-12.5	0.1	-3.5	0.0	
3.12109	-0.9	404	-8.9	3.6	-12.5	0.1	-3.5	0.0	
3.12500	-1.3	404	-8.9	3.6	-12.5	0.1	-3.5	0.0	
3.12891	-1.9	404	-8.8	3.6	-12.4	0.1	-3.5	0.0	
3.13281	-2.8	404	-8.6	3.8	-12.4	0.1	-3.7	0.0	
3.13672	-3.4	404	-8.5	3.9	-12.4	0.1	-3.8	0.0	
3.14062	-3.6	403	-8.5	3.9	-12.4	0.1	-3.8	0.0	
3.14453	-3.5	403	-8.4	4.1	-12.5	0.1	-4.0	0.0	
3.14844	-3.5	403	-8.3	4.4	-12.7	0.1	-4.3	0.0	
3.15234	-3.5	403	-8.1	4.4	-12.5	0.1	-4.3	0.0	
3.15625	-3.6	403	-8.1	4.5	-12.6	0.1	-4.4	0.0	
3.16016	-3.8	402	-8.0	4.6	-12.6	0.1	-4.5	0.0	
3.16406	-4.0	402	-7.8	4.8	-12.6	0.1	-4.7	0.0	
3.16797	-4.5	402	-7.6	4.9	-12.5	0.1	-4.8	0.0	
3.17188	-4.8	401	-7.5	4.9	-12.4	0.1	-4.8	0.0	
3.17578	-5.0	401	-7.3	5.0	-12.3	0.1	-4.9	0.0	
3.17969	-5.4	401	-7.0	5.1	-12.1	0.1	-5.0	0.0	
3.18359	-5.8	400	-6.9	5.4	-12.3	0.1	-5.3	0.0	
3.18750	-6.0	400	-6.6	5.5	-12.1	0.1	-5.4	0.0	
3.19141	-6.0	400	-6.4	5.6	-12.0	0.1	-5.5	0.0	
3.19531	-6.0	399	-6.1	5.8	-11.9	0.1	-5.7	0.0	
3.19922	-6.0	399	-5.8	6.0	-11.8	0.1	-5.9	0.0	
3.20312	-6.0	398	-5.5	6.1	-11.6	0.1	-6.0	0.0	
3.20703	-5.9	398	-5.3	6.5	-11.8	0.1	-6.4	0.0	
3.21094	-6.0	398	-4.9	6.8	-11.7	0.1	-6.7	0.0	
3.21484	-6.4	397	-4.5	6.9	-11.4	0.1	-6.8	0.0	
3.21875	-7.1	397	-4.3	7.3	-11.6	0.1	-7.2	0.0	
3.22266	-8.0	396	-4.0	7.6	-11.6	0.1	-7.5	0.0	
3.22656	-8.5	396	-3.8	7.9	-11.7	0.1	-7.8	0.0	
3.23047	-8.9	395	-3.4	8.1	-11.5	0.1	-8.0	0.0	
3.23438	-9.0	395	-3.0	8.5	-11.5	0.1	-8.4	0.0	
3.23828	-9.3	394	-2.6	8.8	-11.4	0.1	-8.7	0.0	
3.24219	-9.6	393	-2.1	9.3	-11.4	0.1	-9.2	0.0	
3.24609	-10.0	393	-1.8	9.5	-11.3	0.1	-9.4	0.0	
3.25000	-10.1	392	-1.4	9.8	-11.2	0.1	-9.7	0.0	
3.25391	-10.1	391	-1.1	10.0	-11.1	0.1	-9.9	0.0	
3.25781	-10.0	391	-0.8	10.3	-11.1	0.1	-10.2	0.0	
3.26172	-9.9	390	-0.3	10.5	-10.8	0.1	-10.4	0.0	
3.26562	-9.9	389	0.0	10.9	-10.9	0.1	-10.8	0.0	
3.26953	-9.9	389	0.1	11.3	-11.2	0.1	-11.2	0.0	
3.27344	-9.8	388	0.5	11.5	-11.0	0.1	-11.4	0.0	
3.27734	-9.4	387	0.9	11.8	-10.9	0.1	-11.7	0.0	
3.28125	-9.0	387	1.1	12.0	-10.9	0.1	-11.9	0.0	
3.28516	-8.6	386	1.4	12.3	-10.9	0.1	-12.2	0.0	
3.28906	-8.4	386	1.6	12.5	-10.9	0.1	-12.4	0.0	
3.29297	-7.9	385	1.9	12.9	-11.0	0.1	-12.8	0.0	
3.29688	-7.4	385	2.1	13.1	-11.0	0.1	-13.0	0.0	
3.30078	-7.1	384	2.5	13.3	-10.8	0.1	-13.2	0.0	
3.30469	-6.9	384	2.9	13.5	-10.6	0.1	-13.4	0.0	
3.30859	-6.8	383	3.0	13.8	-10.8	0.1	-13.7	0.0	
3.31250	-6.5	383	3.0	13.9	-10.9	0.1	-13.8	0.0	
3.31641	-6.3	383	3.4	13.9	-10.5	0.1	-13.8	0.0	
3.32031	-6.0	382	3.6	13.9	-10.3	0.1	-13.8	0.0	
3.32422	-5.9	382	3.9	14.0	-10.1	0.1	-13.9	0.0	
3.32812	-5.8	381	4.0	14.0	-10.0	0.1	-13.9	0.0	
3.33203	-5.8	381	4.1	14.0	-9.9	0.1	-13.9	0.0	
3.33594	-5.9	381	4.4	14.0	-9.6	0.1	-13.9	0.0	
3.33984	-5.8	380	4.5	14.0	-9.5	0.1	-13.9	0.0	
3.34375	-5.4	380	4.6	14.0	-9.4	0.1	-13.9	0.0	
3.34766	-5.0	380	4.8	14.0	-9.2	0.1	-13.9	0.0	
3.35156	-4.8	379	5.0	14.1	-9.1	0.1	-14.0	0.0	
3.35547	-4.8	379	5.0	14.3	-9.3	0.1	-14.2	0.0	
3.35938	-4.8	379	5.1	14.1	-9.0	0.1	-14.0	0.0	
3.36328	-4.6	378	5.4	14.3	-8.9	0.1	-14.2	0.0	
3.36719	-4.5	378	5.5	14.4	-8.9	0.1	-14.3	0.0	
3.37109	-4.3	378	5.6	14.4	-8.8	0.1	-14.3	0.0	
3.37500	-4.0	378	5.6	14.4	-8.8	0.1	-14.3	0.0	
3.37891	-3.9	377	5.8	14.5	-8.7	0.1	-14.4	0.0	
3.38281	-3.8	377	6.0	14.9	-8.9	0.1	-14.8	0.0	
3.38672	-3.9	377	6.0	15.1	-9.1	0.1	-15.0	0.0	
3.39062	-4.0	377	6.0	15.1	-9.1	0.1	-15.0	0.0	
3.39453	-3.9	376	6.1	15.3	-9.2	0.1	-15.2	0.0	
3.39844	-3.8	376	6.4	15.4	-9.0	0.1	-15.3	0.0	
3.40234	-3.4	376	6.5	15.5	-9.0	0.1	-15.4	0.0	
3.40625	-2.9	376	6.5	15.6	-9.1	0.1	-15.5	0.0	
3.41016	-2.8	375	6.5	15.6	-9.1	0.1	-15.5	0.0	
3.41406	-3.0	375	6.5	15.6	-9.1	0.1	-15.5	0.0	
3.41797	-3.1	375	6.5	15.6	-9.1	0.1	-15.5	0.0	
3.42188	-3.0	375	6.6	15.6	-9.0	0.1	-15.5	0.0	
3.42578	-2.8	375	6.8	15.6	-8.8	0.1	-15.5	0.0	
3.42969	-2.4	375	6.9	15.8	-8.9	0.1	-15.7	0.0	
3.43359	-2.0	374	6.9	15.8	-8.9	0.1	-15.7	0.0	
3.43750	-2.0	374	6.9	15.8	-8.9	0.1	-15.7	0.0	
3.44141	-2.3	374	7.0	15.6	-8.6	0.1	-15.5	0.0	
3.44531	-2.5	374	7.1	15.8	-8.7	0.1	-15.7	0.0	
3.44922	-2.6	374	7.3	16.0	-8.7	0.1	-15.9	0.0	
3.45312	-2.6	374	7.3	15.9	-8.6	0.1	-15.8	0.0	
3.45703	-2.6	373	7.4	15.9	-8.5	0.1	-15.8	0.0	
3.46094	-2.5	373	7.5	16.0	-8.5	0.1	-15.9	0.0	
3.46484	-2.4	373	7.4	15.9	-8.5	0.1	-15.8	0.0	
3.46875	-2.1	373	7.5	15.9	-8.4	0.1	-15.8	0.0	
3.47266	-1.6	373	7.6	15.9	-8.3	0.1	-15.8	0.0	
3.47656	-1.1	373	7.5	15.8	-8.3	0.1	-15.7	0.0	
3.48047	-1.0	373	7.4	15.8	-8.4	0.1	-15.7	0.0	
3.48438	-1.3	373	7.5	15.9	-8.4	0.1	-15.8	0.0	
3.48828	-1.8	373	7.5	15.8	-8.3	0.1	-15.7	0.0	
3.49219	-1.6	372	7.5	15.6	-8.1	0.1	-15.5	0.0	
3.49609	-1.4	372	7.6	15.8	-8.2	0.1	-15.7	0.0	
3.50000	-1.0	372	7.6	16.0	-8.4	0.1	-15.9	0.0	
3.50391	-0.8	372	7.8	16.0	-8.2	0.1	-15.9	0.0	
3.50781	-0.5	372	7.9	16.0	-8.1	0.1	-15.9	0.0	
3.51172	-0.6	372	7.8	16.0	-8.2	0.1	-15.9	0.0	
3.51562	-1.0	372	7.9	16.0	-8.1	0.1	-15.9	0.0	
3.51953	-1.1	372	8.0	16.1	-8.1	0.1	-16.0	0.0	
3.52344	-0.9	372	7.9	16.3	-8.4	0.1	-16.2	0.0	
3.52734	-0.6	372	7.8	16.1	-8.3	0.1	-16.0	0.0	
3.53125	-0.5	372	7.9	16.1	-8.2	0.1	-16.0	0.0	
3.53516	-0.4	372	8.0	16.1	-8.1	0.1	-16.0	0.0	
3.53906	-0.5	372	8.0	16.1	-8.1	0.1	-16.0	0.0	
3.54297	-1.1	372	8.0	16.1	-8.1	0.1	-16.0	0.0	
3.54688	-1.5	372	8.0	16.1	-8.1	0.1	-16.0	0.0	
3.55078	-1.5	372	8.0	16.3	-8.3	0.1	-16.2	0.0	
3.55469	-1.3	371	8.0	16.1	-8.1	0.1	-16.0	0.0	
3.55859	-1.0	371	8.0	16.1	-8.1	0.1	-16.0	0.0	
3.56250	-1.3	371	8.3	16.1	-7.8	0.1	-16.0	0.0	
3.56641	-1.8	371	8.3	16.1	-7.8	0.1	-16.0	0.0	
3.57031	-2.3	371	8.3	16.1	-7.8	0.1	-16.0	0.0	
3.57422	-2.5	371	8.4	16.1	-7.7	0.1	-16.0	0.0	
3.57812	-2.6	371	8.5	16.1	-7.6	0.1	-16.0	0.0	
3.58203	-2.6	371	8.5	16.3	-7.8	0.1	-16.2	0.0	
3.58594	-2.6	370	8.5	16.1	-7.6	0.1	-16.0	0.0	
3.58984	-2.6	370	8.5	16.1	-7.6	0.1	-16.0	0.0	
3.59375	-2.3	370	8.6	16.1	-7.5	0.1	-16.0	0.0	
3.59766	-2.1	370	8.6	16.1	-7.5	0.1	-16.0	0.0	
3.60156	-1.9	370	8.6	16.1	-7.5	0.1	-16.0	0.0	
3.60547	-1.5	370	8.8	16.1	-7.3	0.1	-16.0	0.0	
3.60938	-1.4	370	8.8	16.4	-7.6	0.1	-16.3	0.0	
3.61328	-1.0	370	8.6	16.4	-7.8	0.1	-16.3	0.0	
3.61719	-0.6	370	8.5	16.3	-7.8	0.1	-16.2	0.0	
3.62109	-0.3	370	8.5	16.3	-7.8	0.1	-16.2	0.0	
3.62500	-0.1	370	8.6	16.4	-7.8	0.1	-16.3	0.0	
3.62891	-0.1	369	8.8	16.4	-7.6	0.1	-16.3	0.0	
3.63281	0.0	369	8.9	16.4	-7.5	0.1	-16.3	0.0	
3.63672	-0.3	369	8.8	16.4	-7.6	0.1	-16.3	0.0	
3.64062	-0.8	369	8.6	16.4	-7.8	0.1	-16.3	0.0	
3.64453	-1.0	369	8.5	16.4	-7.9	0.1	-16.3	0.0	
3.64844	-0.6	369	8.6	16.4	-7.8	0.1	-16.3	0.0	
3.65234	-0.3	369	8.8	16.4	-7.6	0.1	-16.3	0.0	
3.65625	-0.1	369	8.9	16.4	-7.5	0.1	-16.3	0.0	
3.66016	0.0	369	8.8	16.6	-7.8	0.1	-16.5	0.0	
3.66406	0.0	369	8.6	16.6	-8.0	0.1	-16.5	0.0	
3.66797	0.0	369	8.6	16.5	-7.9	0.1	-16.4	0.0	
3.67188	0.0	369	8.8	16.6	-7.8	0.1	-16.5	0.0	
3.67578	0.0	369	8.9	16.6	-7.7	0.1	-16.5	0.0	
3.67969	0.0	369	8.9	16.5	-7.6	0.1	-16.4	0.0	
3.68359	0.0	369	8.9	16.5	-7.6	0.1	-16.4	0.0	
3.68750	0.0	369	8.8	16.5	-7.7	0.1	-16.4	0.0	
3.69141	0.0	369	8.8	16.5	-7.7	0.1	-16.4	0.0	
3.69531	0.0	369	8.8	16.6	-7.8	0.1	-16.5	0.0	
3.69922	0.0	369	8.9	16.8	-7.9	0.1	-16.7	0.0	
3.70312	0.0	369	8.9	16.9	-8.0	0.1	-16.8	0.0	
3.70703	0.0	369	8.9	16.9	-8.0	0.1	-16.8	0.0	
3.71094	0.0	369	8.9	16.9	-8.0	0.1	-16.8	0.0	
3.71484	0.0	369	8.9	17.0	-8.1	0.1	-16.9	0.0	
3.71875	0.0	369	8.9	17.1	-8.2	0.1	-17.0	0.0	
3.72266	0.0	369	8.8	17.1	-8.3	0.1	-17.0	0.0	
3.72656	-0.1	369	8.6	17.0	-8.4	0.1	-16.9	0.0	
3.73047	0.0	369	8.6	16.9	-8.3	0.1	-16.8	0.0	
3.73438	0.0	369	8.8	17.0	-8.2	0.1	-16.9	0.0	
3.73828	0.1	369	8.9	17.1	-8.2	0.1	-17.0	0.0	
3.74219	0.1	369	8.9	17.3	-8.4	0.1	-17.2	0.0	
3.74609	0.3	369	8.9	17.3	-8.4	0.1	-17.2	0.0	
3.75000	0.3	369	8.9	17.4	-8.5	0.1	-17.3	0.0	
3.75391	0.0	369	8.9	17.4	-8.5	0.1	-17.3	0.0	
3.75781	-0.3	369	8.9	17.4	-8.5	0.1	-17.3	0.0	
3.76172	-0.3	369	8.9	17.3	-8.4	0.1	-17.2	0.0	
3.76562	0.0	369	8.9	17.4	-8.5	0.1	-17.3	0.0	
3.76953	-0.1	369	8.9	17.4	-8.5	0.1	-17.3	0.0	
3.77344	-0.4	369	8.9	17.4	-8.5	0.1	-17.3	0.0	
3.77734	-0.8	369	8.9	17.4	-8.5	0.1	-17.3	0.0	
3.78125	-1.0	369	8.9	17.4	-8.5	0.1	-17.3	0.0	
3.78516	-0.6	369	8.9	17.4	-8.5	0.1	-17.3	0.0	
3.78906	-0.3	369	8.9	17.5	-8.6	0.1	-17.4	0.0	
3.79297	0.0	369	8.9	17.6	-8.7	0.1	-17.5	0.0	
3.79688	0.0	369	8.9	17.6	-8.7	0.1	-17.5	0.0	
3.80078	0.0	369	8.9	17.5	-8.6	0.1	-17.4	0.0	
3.80469	0.0	369	8.9	17.5	-8.6	0.1	-17.4	0.0	
3.80859	0.0	369	8.9	17.5	-8.6	0.1	-17.4	0.0	
3.81250	0.0	369	8.8	17.6	-8.8	0.1	-17.5	0.0	
3.81641	0.0	369	8.6	17.6	-9.0	0.1	-17.5	0.0	
3.82031	0.0	369	8.6	17.6	-9.0	0.1	-17.5	0.0	
3.82422	0.0	369	8.8	17.6	-8.8	0.1	-17.5	0.0	
3.82812	0.0	369	8.9	17.5	-8.6	0.1	-17.4	0.0	
3.83203	0.0	369	8.9	17.5	-8.6	0.1	-17.4	0.0	
3.83594	0.0	369	8.8	17.5	-8.7	0.1	-17.4	0.0	
3.83984	0.1	369	8.8	17.5	-8.7	0.1	-17.4	0.0	
3.84375	0.5	369	8.8	17.5	-8.7	0.1	-17.4	0.0	
3.84766	0.5	369	8.9	17.5	-8.6	0.1	-17.4	0.0	
3.85156	0.3	369	8.9	17.4	-8.5	0.1	-17.3	0.0	
3.85547	0.0	369	9.0	17.3	-8.3	0.1	-17.2	0.0	
3.85938	-0.3	369	9.0	17.4	-8.4	0.1	-17.3	0.0	
3.86328	-0.8	369	9.0	17.5	-8.5	0.1	-17.4	0.0	
3.86719	-1.4	369	9.1	17.6	-8.5	0.1	-17.5	0.0	
3.87109	-1.6	369	9.1	17.6	-8.5	0.1	-17.5	0.0	
3.87500	-1.1	369	9.0	17.6	-8.6	0.1	-17.5	0.0	
3.87891	-0.5	369	8.9	17.5	-8.6	0.1	-17.4	0.0	
3.88281	-0.1	369	9.0	17.5	-8.5	0.1	-17.4	0.0	
3.88672	0.0	369	9.1	17.5	-8.4	0.1	-17.4	0.0	
3.89062	0.0	369	9.3	17.6	-8.3	0.1	-17.5	0.0	
3.89453	0.0	369	9.1	17.6	-8.5	0.1	-17.5	0.0	
3.89844	0.0	369	9.0	17.6	-8.6	0.1	-17.5	0.0	
3.90234	0.0	369	9.0	17.8	-8.8	0.1	-17.7	0.0	
3.90625	-0.3	369	9.1	17.8	-8.7	0.1	-17.7	0.0	
3.91016	-0.8	369	9.3	17.9	-8.6	0.1	-17.8	0.0	
3.91406	-1.0	369	9.3	18.0	-8.7	0.1	-17.9	0.0	
3.91797	-0.6	369	9.3	17.9	-8.6	0.1	-17.8	0.0	
3.92188	-0.3	369	9.3	17.9	-8.6	0.1	-17.8	0.0	
3.92578	-0.1	369	9.3	18.0	-8.7	0.1	-17.9	0.0	
3.92969	-0.3	369	9.3	18.0	-8.7	0.1	-17.9	0.0	
3.93359	-0.4	369	9.3	18.1	-8.8	0.1	-18.0	0.0	
3.93750	-0.1	369	9.3	18.4	-9.1	0.1	-18.3	0.0	
3.94141	0.0	369	9.3	18.3	-9.0	0.1	-18.2	0.0	
3.94531	0.0	369	9.3	18.3	-9.0	0.1	-18.2	0.0	
3.94922	0.0	369	9.4	18.4	-9.0	0.1	-18.3	0.0	
3.95312	0.0	369	9.5	18.4	-8.9	0.1	-18.3	0.0	
3.95703	0.0	369	9.5	18.4	-8.9	0.1	-18.3	0.0	
3.96094	0.1	369	9.4	18.4	-9.0	0.1	-18.3	0.0	
3.96484	0.5	369	9.3	18.3	-9.0	0.1	-18.2	0.0	
3.96875	1.0	369	9.4	18.4	-9.0	0.1	-18.3	0.0	
3.97266	1.3	369	9.5	18.3	-8.8	0.1	-18.2	0.0	
3.97656	0.9	369	9.4	18.3	-8.9	0.1	-18.2	0.0	
3.98047	0.4	369	9.3	18.4	-9.1	0.1	-18.3	0.0	
3.98438	0.1	369	9.3	18.4	-9.1	0.1	-18.3	0.0	
3.98828	0.0	369	9.3	18.4	-9.1	0.1	-18.3	0.0	
3.99219	0.0	369	9.3	18.4	-9.1	0.1	-18.3	0.0	
3.99609	0.0	369	9.3	18.4	-9.1	0.1	-18.3	0.0	
4.00000	-0.4	369	9.3	18.1	-8.8	0.1	-18.0	0.0	
4.00391	-0.9	369	9.1	18.0	-8.9	0.1	-17.9	0.0	
4.00781	-1.0	369	9.0	17.8	-8.8	0.1	-17.7	0.0	
4.01172	-0.6	369	9.0	17.6	-8.6	0.1	-17.5	0.0	
4.01562	-0.3	369	9.0	17.5	-8.5	0.1	-17.4	0.0	
4.01953	-0.1	369	9.0	17.4	-8.4	0.1	-17.3	0.0	
4.02344	-0.3	369	9.0	17.4	-8.4	0.1	-17.3	0.0	
4.02734	-0.4	369	9.1	17.4	-8.3	0.1	-17.3	0.0	
4.03125	-0.4	369	9.3	17.4	-8.1	0.1	-17.3	0.0	
4.03516	-0.3	369	9.3	17.3	-8.0	0.1	-17.2	0.0	
4.03906	-0.1	369	9.3	17.3	-8.0	0.1	-17.2	0.0	
4.04297	0.0	369	9.3	17.1	-7.8	0.1	-17.0	0.0	
4.04688	0.0	369	9.3	17.1	-7.8	0.1	-17.0	0.0	
4.05078	0.0	369	9.3	17.1	-7.8	0.1	-17.0	0.0	
4.05469	0.0	369	9.3	17.0	-7.7	0.1	-16.9	0.0	
4.05859	0.0	369	9.3	17.0	-7.7	0.1	-16.9	0.0	
4.06250	0.0	369	9.1	17.1	-8.0	0.1	-17.0	0.0	
4.06641	0.0	369	9.1	17.3	-8.2	0.1	-17.2	0.0	
4.07031	0.0	369	9.1	17.3	-8.2	0.1	-17.2	0.0	
4.07422	0.0	369	9.3	17.3	-8.0	0.1	-17.2	0.0	
4.07812	0.0	369	9.3	17.3	-8.0	0.1	-17.2	0.0	
4.08203	-0.1	369	9.3	17.3	-8.0	0.1	-17.2	0.0	
4.08594	-0.4	368	9.3	17.3	-8.0	0.1	-17.2	0.0	
4.08984	-0.4	368	9.1	17.3	-8.2	0.1	-17.2	0.0	
4.09375	-0.1	368	9.0	17.3	-8.3	0.1	-17.2	0.0	
4.09766	0.0	368	9.0	17.3	-8.3	0.1	-17.2	0.0	
4.10156	0.0	368	9.1	17.3	-8.2	0.1	-17.2	0.0	
4.10547	0.0	368	9.3	17.3	-8.0	0.1	-17.2	0.0	
4.10938	0.0	368	9.3	17.3	-8.0	0.1	-17.2	0.0	
4.11328	0.0	368	9.1	17.1	-8.0	0.1	-17.0	0.0	
4.11719	0.0	368	9.1	17.0	-7.9	0.1	-16.9	0.0	
4.12109	0.0	368	9.1	17.0	-7.9	0.1	-16.9	0.0	
4.12500	0.0	368	9.1	17.1	-8.0	0.1	-17.0	0.0	
4.12891	0.0	368	9.0	17.1	-8.1	0.1	-17.0	0.0	
4.13281	-0.1	368	9.0	17.0	-8.0	0.1	-16.9	0.0	
4.13672	-0.5	368	9.0	16.9	-7.9	0.1	-16.8	0.0	
4.14062	-0.6	368	9.0	16.9	-7.9	0.1	-16.8	0.0	
4.14453	-0.4	368	9.0	16.9	-7.9	0.1	-16.8	0.0	
4.14844	-0.1	368	9.0	16.9	-7.9	0.1	-16.8	0.0	
4.15234	0.0	368	9.0	16.9	-7.9	0.1	-16.8	0.0	
4.15625	0.0	368	8.9	16.8	-7.9	0.1	-16.7	0.0	
4.16016	0.0	368	9.0	16.6	-7.6	0.1	-16.5	0.0	
4.16406	-0.1	368	9.0	16.6	-7.6	0.1	-16.5	0.0	
4.16797	-0.8	368	9.0	16.6	-7.6	0.1	-16.5	0.0	
4.17188	-1.6	368	8.9	16.5	-7.6	0.1	-16.4	0.0	
4.17578	-2.0	368	8.9	16.6	-7.7	0.1	-16.5	0.0	
4.17969	-1.6	368	8.9	16.6	-7.7	0.1	-16.5	0.0	
4.18359	-0.8	368	8.9	16.5	-7.6	0.1	-16.4	0.0	
4.18750	-0.1	368	9.0	16.5	-7.5	0.1	-16.4	0.0	
4.19141	0.0	368	9.0	16.6	-7.6	0.1	-16.5	0.0	
4.19531	0.1	368	9.0	16.6	-7.6	0.1	-16.5	0.0	
4.19922	0.0	368	8.9	16.6	-7.7	0.1	-16.5	0.0	
4.20312	0.0	368	8.9	16.8	-7.9	0.1	-16.7	0.0	
4.20703	0.0	368	9.0	16.9	-7.9	0.1	-16.8	0.0	
4.21094	-0.1	368	9.1	16.9	-7.8	0.1	-16.8	0.0	
4.21484	-0.4	368	9.1	16.9	-7.8	0.1	-16.8	0.0	
4.21875	-0.3	368	9.1	16.8	-7.7	0.1	-16.7	0.0	
4.22266	-0.1	368	9.1	16.8	-7.7	0.1	-16.7	0.0	
4.22656	0.0	368	9.3	16.8	-7.5	0.1	-16.7	0.0	
4.23047	-0.3	368	9.3	16.8	-7.5	0.1	-16.7	0.0	
4.23438	-1.1	368	9.3	16.6	-7.3	0.1	-16.5	0.0	
4.23828	-2.0	368	9.4	16.8	-7.4	0.1	-16.7	0.0	
4.24219	-1.9	367	9.4	16.9	-7.5	0.1	-16.8	0.0	
4.24609	-1.4	367	9.4	16.9	-7.5	0.1	-16.8	0.0	
4.25000	-1.1	367	9.3	16.9	-7.6	0.1	-16.8	0.0	
4.25391	-1.1	367	9.4	16.8	-7.4	0.1	-16.7	0.0	
4.25781	-1.3	367	9.4	16.8	-7.4	0.1	-16.7	0.0	
4.26172	-1.1	367	9.4	16.6	-7.2	0.1	-16.5	0.0	
4.26562	-0.8	367	9.3	16.5	-7.2	0.1	-16.4	0.0	
4.26953	-0.5	367	9.4	16.6	-7.2	0.1	-16.5	0.0	
4.27344	-0.4	367	9.6	16.8	-7.2	0.1	-16.7	0.0	
4.27734	-0.1	367	9.5	16.9	-7.4	0.1	-16.8	0.0	
4.28125	0.0	367	9.5	16.9	-7.4	0.1	-16.8	0.0	
4.28516	0.0	367	9.6	16.8	-7.2	0.1	-16.7	0.0	
4.28906	0.0	367	9.6	16.8	-7.2	0.1	-16.7	0.0	
4.29297	0.0	367	9.5	16.8	-7.3	0.1	-16.7	0.0	
4.29688	0.4	367	9.5	16.9	-7.4	0.1	-16.8	0.0	
4.30078	0.5	367	9.6	16.9	-7.3	0.1	-16.8	0.0	
4.30469	0.3	367	9.6	16.9	-7.3	0.1	-16.8	0.0	
4.30859	0.1	367	9.6	16.9	-7.3	0.1	-16.8	0.0	
4.31250	0.0	367	9.6	16.9	-7.3	0.1	-16.8	0.0	
4.31641	-0.4	367	9.6	16.9	-7.3	0.1	-16.8	0.0	
4.32031	-0.8	367	9.6	16.9	-7.3	0.1	-16.8	0.0	
4.32422	-0.9	367	9.6	16.9	-7.3	0.1	-16.8	0.0	
4.32812	-1.0	367	9.6	16.9	-7.3	0.1	-16.8	0.0	
4.33203	-1.0	367	9.6	17.0	-7.4	0.1	-16.9	0.0	
4.33594	-0.9	367	9.6	17.0	-7.4	0.1	-16.9	0.0	
4.33984	-0.6	367	9.6	17.0	-7.4	0.1	-16.9	0.0	
4.34375	-0.3	367	9.6	17.0	-7.4	0.1	-16.9	0.0	
4.34766	0.0	367	9.6	17.0	-7.4	0.1	-16.9	0.0	
4.35156	0.1	367	9.8	17.1	-7.3	0.1	-17.0	0.0	
4.35547	0.0	367	9.5	17.3	-7.8	0.1	-17.2	0.0	
4.35938	-0.1	367	9.5	17.3	-7.8	0.1	-17.2	0.0	
4.36328	-0.3	367	9.6	17.3	-7.7	0.1	-17.2	0.0	
4.36719	-0.4	367	9.6	17.3	-7.7	0.1	-17.2	0.0	
4.37109	-0.3	367	9.6	17.3	-7.7	0.1	-17.2	0.0	
4.37500	-0.1	367	9.6	17.3	-7.7	0.1	-17.2	0.0	
4.37891	0.0	367	9.6	17.4	-7.8	0.1	-17.3	0.0	
4.38281	0.0	367	9.6	17.5	-7.9	0.1	-17.4	0.0	
4.38672	0.0	367	9.6	17.5	-7.9	0.1	-17.4	0.0	
4.39062	0.0	367	9.6	17.5	-7.9	0.1	-17.4	0.0	
4.39453	0.0	367	9.8	17.5	-7.7	0.1	-17.4	0.0	
4.39844	0.0	367	9.9	17.6	-7.7	0.1	-17.5	0.0	
4.40234	0.0	367	9.8	17.6	-7.8	0.1	-17.5	0.0	
4.40625	0.0	367	9.8	17.5	-7.7	0.1	-17.4	0.0	
4.41016	0.0	367	9.8	17.5	-7.7	0.1	-17.4	0.0	
4.41406	0.0	367	9.8	17.5	-7.7	0.1	-17.4	0.0	
4.41797	0.0	367	9.8	17.6	-7.8	0.1	-17.5	0.0	
4.42188	0.0	367	9.8	17.6	-7.8	0.1	-17.5	0.0	
4.42578	0.0	367	9.8	17.6	-7.8	0.1	-17.5	0.0	
4.42969	0.0	367	9.9	17.6	-7.7	0.1	-17.5	0.0	
4.43359	0.0	367	9.8	17.6	-7.8	0.1	-17.5	0.0	
4.43750	0.0	367	9.9	17.8	-7.9	0.1	-17.7	0.0	
4.44141	0.0	367	9.9	17.9	-8.0	0.1	-17.8	0.0	
4.44531	0.0	367	9.8	18.0	-8.2	0.1	-17.9	0.0	
4.44922	0.0	367	9.8	17.9	-8.1	0.1	-17.8	0.0	
4.45312	0.0	367	9.8	17.8	-8.0	0.1	-17.7	0.0	
4.45703	0.0	367	9.8	17.8	-8.0	0.1	-17.7	0.0	
4.46094	0.0	367	9.9	18.0	-8.1	0.1	-17.9	0.0	
4.46484	0.0	367	9.8	18.0	-8.2	0.1	-17.9	0.0	
4.46875	0.1	367	9.8	17.9	-8.1	0.1	-17.8	0.0	
4.47266	0.1	367	9.8	17.9	-8.1	0.1	-17.8	0.0	
4.47656	0.0	367	9.8	18.0	-8.2	0.1	-17.9	0.0	
4.48047	-0.1	367	9.8	18.0	-8.2	0.1	-17.9	0.0	
4.48438	-0.3	367	9.9	17.9	-8.0	0.1	-17.8	0.0	
4.48828	-0.3	367	9.9	17.9	-8.0	0.1	-17.8	0.0	
4.49219	-0.1	367	9.9	18.0	-8.1	0.1	-17.9	0.0	
4.49609	0.0	367	9.9	18.0	-8.1	0.1	-17.9	0.0	
4.50000	0.0	367	9.9	18.0	-8.1	0.1	-17.9	0.0	
4.50391	0.0	367	9.9	18.0	-8.1	0.1	-17.9	0.0	
4.50781	0.0	367	9.9	18.0	-8.1	0.1	-17.9	0.0	
4.51172	0.0	367	9.9	18.0	-8.1	0.1	-17.9	0.0	
4.51562	0.0	367	10.0	18.0	-8.0	0.1	-17.9	0.0	
4.51953	0.0	367	10.0	18.1	-8.1	0.1	-18.0	0.0	
4.52344	0.0	367	10.0	18.4	-8.4	0.1	-18.3	0.0	
4.52734	0.0	367	10.0	18.3	-8.3	0.1	-18.2	0.0	
4.53125	0.0	367	10.0	18.1	-8.1	0.1	-18.0	0.0	
4.53516	0.0	367	10.0	18.1	-8.1	0.1	-18.0	0.0	
4.53906	-0.3	367	10.0	18.1	-8.1	0.1	-18.0	0.0	
4.54297	-0.8	367	10.0	18.1	-8.1	0.1	-18.0	0.0	
4.54688	-1.0	366	10.0	18.1	-8.1	0.1	-18.0	0.0	
4.55078	-0.8	366	10.0	18.1	-8.1	0.1	-18.0	0.0	
4.55469	-0.5	366	10.0	18.1	-8.1	0.1	-18.0	0.0	
4.55859	-0.4	366	10.0	18.1	-8.1	0.1	-18.0	0.0	
4.56250	-0.3	366	10.0	18.1	-8.1	0.1	-18.0	0.0	
4.56641	-0.6	366	10.1	18.1	-8.0	0.1	-18.0	0.0	
4.57031	-1.1	366	10.1	18.1	-8.0	0.1	-18.0	0.0	
4.57422	-1.4	366	10.3	18.3	-8.0	0.1	-18.2	0.0	
4.57812	-1.6	366	10.3	18.3	-8.0	0.1	-18.2	0.0	
4.58203	-1.6	366	10.3	18.4	-8.1	0.1	-18.3	0.0	
4.58594	-1.5	366	10.3	18.4	-8.1	0.1	-18.3	0.0	
4.58984	-1.0	366	10.1	18.4	-8.3	0.1	-18.3	0.0	
4.59375	-0.1	366	10.1	18.4	-8.3	0.1	-18.3	0.0	
4.59766	0.5	366	10.1	18.4	-8.3	0.1	-18.3	0.0	
4.60156	0.6	366	10.1	18.4	-8.3	0.1	-18.3	0.0	
4.60547	0.4	366	10.1	18.4	-8.3	0.1	-18.3	0.0	
4.60938	0.1	366	10.1	18.4	-8.3	0.1	-18.3	0.0	
4.61328	0.0	366	10.3	18.6	-8.3	0.1	-18.5	0.0	
4.61719	0.0	366	10.3	18.6	-8.3	0.1	-18.5	0.0	
4.62109	0.0	366	10.3	18.5	-8.2	0.1	-18.4	0.0	
4.62500	0.0	366	10.3	18.5	-8.2	0.1	-18.4	0.0	
4.62891	0.0	366	10.1	18.6	-8.5	0.1	-18.5	0.0	
4.63281	0.0	366	10.1	18.8	-8.7	0.1	-18.7	0.0	
4.63672	0.0	366	10.1	18.9	-8.8	0.1	-18.8	0.0	
4.64062	0.6	366	10.3	18.8	-8.5	0.1	-18.7	0.0	
4.64453	1.3	366	10.3	18.6	-8.3	0.1	-18.5	0.0	
4.64844	1.4	366	10.1	18.8	-8.7	0.1	-18.7	0.0	
4.65234	0.8	366	10.1	18.9	-8.8	0.1	-18.8	0.0	
4.65625	0.3	366	10.1	18.8	-8.7	0.1	-18.7	0.0	
4.66016	0.0	366	10.1	18.5	-8.4	0.1	-18.4	0.0	
4.66406	0.0	366	10.1	18.6	-8.5	0.1	-18.5	0.0	
4.66797	0.0	366	10.0	18.6	-8.6	0.1	-18.5	0.0	
4.67188	0.0	366	9.9	18.5	-8.6	0.1	-18.4	0.0	
4.67578	0.0	366	9.9	18.4	-8.5	0.1	-18.3	0.0	
4.67969	0.0	366	9.8	18.1	-8.3	0.1	-18.0	0.0	
4.68359	0.0	366	9.9	18.1	-8.2	0.1	-18.0	0.0	
4.68750	0.0	366	9.9	18.1	-8.2	0.1	-18.0	0.0	
4.69141	0.0	366	9.8	18.0	-8.2	0.1	-17.9	0.0	
4.69531	0.0	366	9.8	17.8	-8.0	0.1	-17.7	0.0	
4.69922	0.0	366	9.8	17.6	-7.8	0.1	-17.5	0.0	
4.70312	0.0	366	9.8	17.4	-7.6	0.1	-17.3	0.0	
4.70703	0.0	366	9.8	17.3	-7.5	0.1	-17.2	0.0	
4.71094	0.0	366	9.8	17.3	-7.5	0.1	-17.2	0.0	
4.71484	0.3	366	9.5	17.1	-7.6	0.1	-17.0	0.0	
4.71875	1.3	366	9.5	17.0	-7.5	0.1	-16.9	0.0	
4.72266	2.1	366	9.5	17.0	-7.5	0.1	-16.9	0.0	
4.72656	2.4	367	9.4	17.1	-7.7	0.1	-17.0	0.0	
4.73047	2.0	367	9.3	17.1	-7.8	0.1	-17.0	0.0	
4.73438	1.6	367	9.1	17.0	-7.9	0.1	-16.9	0.0	
4.73828	1.5	367	9.1	16.9	-7.8	0.1	-16.8	0.0	
4.74219	1.6	367	9.1	16.9	-7.8	0.1	-16.8	0.0	
4.74609	2.1	367	9.0	16.9	-7.9	0.1	-16.8	0.0	
4.75000	2.6	367	8.9	16.9	-8.0	0.1	-16.8	0.0	
4.75391	3.1	367	8.9	16.9	-8.0	0.1	-16.8	0.0	
4.75781	3.5	368	8.9	16.9	-8.0	0.1	-16.8	0.0	
4.76172	3.8	368	8.8	16.9	-8.1	0.1	-16.8	0.0	
4.76562	3.9	368	8.5	16.9	-8.4	0.1	-16.8	0.0	
4.76953	4.0	368	8.4	16.8	-8.4	0.1	-16.7	0.0	
4.77344	4.0	369	8.4	16.6	-8.2	0.1	-16.5	0.0	
4.77734	4.0	369	8.1	16.4	-8.3	0.1	-16.3	0.0	
4.78125	4.1	369	8.1	16.3	-8.2	0.1	-16.2	0.0	
4.78516	4.3	370	8.0	16.1	-8.1	0.1	-16.0	0.0	
4.78906	4.1	370	7.8	16.1	-8.3	0.1	-16.0	0.0	
4.79297	4.3	370	7.8	16.0	-8.2	0.1	-15.9	0.0	
4.79688	4.5	370	7.6	15.8	-8.2	0.1	-15.7	0.0	
4.80078	4.6	371	7.4	15.6	-8.2	0.1	-15.5	0.0	
4.80469	4.4	371	7.4	15.5	-8.1	0.1	-15.4	0.0	
4.80859	4.3	371	7.3	15.4	-8.1	0.1	-15.3	0.0	
4.81250	4.3	372	7.0	15.3	-8.3	0.1	-15.2	0.0	
4.81641	4.3	372	6.9	15.1	-8.2	0.1	-15.0	0.0	
4.82031	4.3	372	6.9	15.1	-8.2	0.1	-15.0	0.0	
4.82422	4.3	372	6.8	14.9	-8.1	0.1	-14.8	0.0	
4.82812	4.1	373	6.6	14.6	-8.0	0.1	-14.5	0.0	
4.83203	4.1	373	6.5	14.5	-8.0	0.1	-14.4	0.0	
4.83594	4.1	373	6.4	14.4	-8.0	0.1	-14.3	0.0	
4.83984	4.3	373	6.3	14.1	-7.8	0.1	-14.0	0.0	
4.84375	4.4	374	6.1	14.1	-8.0	0.1	-14.0	0.0	
4.84766	4.4	374	6.0	14.1	-8.1	0.1	-14.0	0.0	
4.85156	4.1	374	5.8	14.1	-8.3	0.1	-14.0	0.0	
4.85547	3.8	375	5.8	14.0	-8.2	0.1	-13.9	0.0	
4.85938	3.5	375	5.6	13.9	-8.3	0.1	-13.8	0.0	
4.86328	3.4	375	5.4	14.0	-8.6	0.1	-13.9	0.0	
4.86719	3.4	375	5.4	14.0	-8.6	0.1	-13.9	0.0	
4.87109	3.5	375	5.3	14.0	-8.7	0.1	-13.9	0.0	
4.87500	3.5	376	5.0	13.8	-8.8	0.1	-13.7	0.0	
4.87891	3.5	376	4.9	13.8	-8.9	0.1	-13.7	0.0	
4.88281	3.4	376	4.8	13.6	-8.8	0.1	-13.5	0.0	
4.88672	3.4	376	4.6	13.4	-8.8	0.1	-13.3	0.0	
4.89062	3.4	377	4.5	13.3	-8.8	0.1	-13.2	0.0	
4.89453	3.4	377	4.5	13.3	-8.8	0.1	-13.2	0.0	
4.89844	3.4	377	4.4	13.1	-8.7	0.1	-13.0	0.0	
4.90234	3.4	377	4.3	12.9	-8.6	0.1	-12.8	0.0	
4.90625	3.3	377	4.1	12.6	-8.5	0.1	-12.5	0.0	
4.91016	3.4	378	4.0	12.5	-8.5	0.1	-12.4	0.0	
4.91406	3.4	378	3.8	12.5	-8.7	0.1	-12.4	0.0	
4.91797	3.4	378	3.6	12.5	-8.9	0.1	-12.4	0.0	
4.92188	3.4	378	3.6	12.5	-8.9	0.1	-12.4	0.0	
4.92578	3.6	379	3.6	12.4	-8.8	0.1	-12.3	0.0	
4.92969	3.8	379	3.6	12.1	-8.5	0.1	-12.0	0.0	
4.93359	3.5	379	3.3	11.9	-8.6	0.1	-11.8	0.0	
4.93750	3.3	379	3.0	11.8	-8.8	0.1	-11.7	0.0	
4.94141	3.0	379	3.0	11.8	-8.8	0.1	-11.7	0.0	
4.94531	3.0	380	2.9	11.8	-8.9	0.1	-11.7	0.0	
4.94922	2.9	380	2.8	11.8	-9.0	0.1	-11.7	0.0	
4.95312	2.9	380	2.6	11.5	-8.9	0.1	-11.4	0.0	
4.95703	2.9	380	2.5	11.4	-8.9	0.1	-11.3	0.0	
4.96094	3.0	380	2.4	11.3	-8.9	0.1	-11.2	0.0	
4.96484	3.3	381	2.3	11.3	-9.0	0.1	-11.2	0.0	
4.96875	3.8	381	2.3	11.1	-8.8	0.1	-11.0	0.0	
4.97266	4.1	381	2.3	11.1	-8.8	0.1	-11.0	0.0	
4.97656	4.3	381	2.1	11.1	-9.0	0.1	-11.0	0.0	
4.98047	4.1	382	1.9	10.9	-9.0	0.1	-10.8	0.0	
4.98438	4.0	382	1.8	10.8	-9.0	0.1	-10.7	0.0	
4.98828	4.0	382	1.6	10.8	-9.2	0.1	-10.7	0.0	
4.99219	4.1	382	1.4	10.6	-9.2	0.1	-10.5	0.0	
4.99609	4.3	383	1.4	10.6	-9.2	0.1	-10.5	0.0	
5.00000	4.4	383	1.4	10.6	-9.2	0.1	-10.5	0.0	
5.00391	4.5	383	1.3	10.6	-9.3	0.1	-10.5	0.0	
5.00781	4.5	384	0.9	10.4	-9.5	0.1	-10.3	0.0	
5.01172	4.5	384	0.6	10.4	-9.8	0.1	-10.3	0.0	
5.01562	4.5	384	0.6	10.3	-9.7	0.1	-10.2	0.0	
5.01953	4.5	384	0.4	10.1	-9.7	0.1	-10.0	0.0	
5.02344	4.5	385	0.1	10.1	-10.0	0.1	-10.0	0.0	
5.02734	4.4	385	0.0	10.1	-10.1	0.1	-10.0	0.0	
5.03125	4.4	385	0.0	10.0	-10.0	0.1	-9.9	0.0	
5.03516	4.1	386	0.0	9.8	-9.8	0.1	-9.7	0.0	
5.03906	3.9	386	0.0	9.8	-9.8	0.1	-9.7	0.0	
5.04297	3.8	386	-0.3	9.8	-10.1	0.1	-9.7	0.0	
5.04688	3.8	386	-0.3	9.8	-10.1	0.1	-9.7	0.0	
5.05078	3.8	387	-0.3	9.8	-10.1	0.1	-9.7	0.0	
5.05469	3.9	387	-0.5	9.5	-10.0	0.1	-9.4	0.0	
5.05859	4.1	387	-0.8	9.5	-10.3	0.1	-9.4	0.0	
5.06250	4.1	387	-0.9	9.5	-10.4	0.1	-9.4	0.0	
5.06641	4.1	388	-1.0	9.4	-10.4	0.1	-9.3	0.0	
5.07031	4.1	388	-1.0	9.4	-10.4	0.1	-9.3	0.0	
5.07422	4.1	388	-1.1	9.5	-10.6	0.1	-9.4	0.0	
5.07812	4.1	388	-1.3	9.4	-10.7	0.1	-9.3	0.0	
5.08203	4.1	389	-1.3	9.3	-10.6	0.1	-9.2	0.0	
5.08594	4.0	389	-1.4	9.3	-10.7	0.1	-9.2	0.0	
5.08984	3.9	389	-1.6	9.1	-10.7	0.1	-9.0	0.0	
5.09375	3.8	389	-1.6	9.0	-10.6	0.1	-8.9	0.0	
5.09766	3.8	390	-1.8	8.9	-10.7	0.1	-8.8	0.0	
5.10156	3.9	390	-2.0	8.9	-10.9	0.1	-8.8	0.0	
5.10547	3.9	390	-2.1	8.9	-11.0	0.1	-8.8	0.0	
5.10938	3.8	390	-2.1	8.9	-11.0	0.1	-8.8	0.0	
5.11328	3.8	391	-2.3	8.9	-11.2	0.1	-8.8	0.0	
5.11719	3.6	391	-2.4	8.8	-11.2	0.1	-8.7	0.0	
5.12109	3.6	391	-2.5	8.8	-11.3	0.1	-8.7	0.0	
5.12500	3.6	391	-2.5	8.8	-11.3	0.1	-8.7	0.0	
5.12891	3.6	392	-2.6	8.5	-11.1	0.1	-8.4	0.0	
5.13281	3.6	392	-2.8	8.4	-11.2	0.1	-8.3	0.0	
5.13672	3.6	392	-2.9	8.5	-11.4	0.1	-8.4	0.0	
5.14062	3.9	392	-2.9	8.5	-11.4	0.1	-8.4	0.0	
5.14453	4.0	393	-3.0	8.4	-11.4	0.1	-8.3	0.0	
5.14844	3.9	393	-3.1	8.4	-11.5	0.1	-8.3	0.0	
5.15234	3.9	393	-3.4	8.3	-11.7	0.1	-8.2	0.0	
5.15625	3.9	393	-3.5	8.0	-11.5	0.1	-7.9	0.0	
5.16016	3.9	394	-3.6	8.0	-11.6	0.1	-7.9	0.0	
5.16406	3.9	394	-3.6	8.0	-11.6	0.1	-7.9	0.0	
5.16797	3.8	394	-3.6	8.0	-11.6	0.1	-7.9	0.0	
5.17188	3.5	394	-3.8	8.0	-11.8	0.1	-7.9	0.0	
5.17578	3.3	395	-4.0	7.8	-11.8	0.1	-7.7	0.0	
5.17969	2.9	395	-4.1	7.8	-11.9	0.1	-7.7	0.0	
5.18359	2.8	395	-4.3	7.8	-12.1	0.1	-7.7	0.0	
5.18750	2.8	395	-4.3	7.6	-11.9	0.1	-7.5	0.0	
5.19141	2.3	395	-4.4	7.5	-11.9	0.1	-7.4	0.0	
5.19531	1.6	395	-4.6	7.5	-12.1	0.1	-7.4	0.0	
5.19922	1.1	395	-4.6	7.4	-12.0	0.1	-7.3	0.0	
5.20312	0.9	396	-4.6	7.3	-11.9	0.1	-7.2	0.0	
5.20703	0.9	396	-4.6	7.0	-11.6	0.1	-6.9	0.0	
5.21094	1.1	396	-4.5	7.0	-11.5	0.1	-6.9	0.0	
5.21484	2.1	396	-3.9	7.1	-11.0	0.1	-7.0	0.0	
5.21875	3.9	396	-3.1	7.0	-10.1	0.1	-6.9	0.0	
5.22266	6.1	396	-1.8	6.8	-8.6	0.1	-6.7	0.0	
5.22656	9.0	397	1.5	6.8	-5.3	0.1	-6.7	0.0	
5.23047	13.8	398	6.6	6.8	-0.2	0.1	-6.7	0.0	
5.23438	20.0	399	11.4	6.6	4.8	0.1	-6.5	0.0	
