FluxView - FluxMed acquisition system
Signal file
Serial Number	:
W version:	1.20h-OX-CO2	File version:	1.13
Sampling rate:	256 Hz
Time	Flow	Volume	Paw	Pes	Ptpulm	Pga	Ptdiaf	CO2	
0.00391	1.2	14315	19.6	16.3	3.3	8.1	-8.2	16.3	
0.00781	1.1	14315	19.6	16.3	3.3	8.1	-8.2	16.3	
0.01172	0.9	14315	19.6	16.3	3.3	8.1	-8.2	16.3	
0.01562	0.7	14315	19.5	16.3	3.2	8.1	-8.2	16.3	
0.01953	0.6	14315	19.5	16.3	3.2	8.1	-8.2	16.3	
0.02344	0.4	14315	19.4	16.3	3.1	8.1	-8.2	16.3	
0.02734	0.3	14315	19.4	16.3	3.1	8.1	-8.2	16.3	
0.03125	0.2	14315	19.4	16.3	3.1	8.1	-8.2	16.3	
0.03516	0.0	14315	19.5	16.3	3.2	8.1	-8.2	16.3	
0.03906	0.0	14315	19.5	16.3	3.2	8.1	-8.2	16.3	
0.04297	-0.0	14315	19.5	16.3	3.2	8.1	-8.2	16.3	
0.04688	-0.1	14315	19.5	16.3	3.2	8.1	-8.2	16.3	
0.05078	-0.0	14315	19.6	16.3	3.3	8.1	-8.2	16.3	
0.05469	0.0	14315	19.6	16.3	3.3	8.1	-8.2	16.3	
0.05859	0.1	14315	19.6	16.3	3.3	8.1	-8.2	16.3	
0.06250	0.1	14315	19.6	16.3	3.3	8.1	-8.2	16.3	
0.06641	0.1	14315	19.7	16.4	3.3	8.1	-8.3	16.4	
0.07031	0.2	14315	19.7	16.4	3.3	8.1	-8.3	16.4	
0.07422	0.2	14315	19.7	16.4	3.3	8.1	-8.3	16.4	
0.07812	0.3	14315	19.7	16.4	3.3	8.1	-8.3	16.4	
0.08203	0.3	14315	19.7	16.4	3.3	8.1	-8.3	16.4	
0.08594	0.4	14315	19.7	16.4	3.3	8.1	-8.3	16.4	
0.08984	0.4	14315	19.7	16.4	3.3	8.1	-8.3	16.4	
0.09375	0.4	14315	19.7	16.4	3.3	8.1	-8.3	16.4	
0.09766	0.5	14315	19.7	16.4	3.3	8.1	-8.3	16.4	
0.10156	0.5	14315	19.6	16.4	3.2	8.1	-8.3	16.4	
0.10547	0.4	14315	19.6	16.4	3.2	8.1	-8.3	16.4	
0.10938	0.5	14315	19.6	16.5	3.1	8.1	-8.4	16.5	
0.11328	0.5	14315	19.6	16.5	3.1	8.1	-8.4	16.5	
0.11719	0.4	14315	19.5	16.5	3.0	8.1	-8.4	16.5	
0.12109	0.4	14315	19.5	16.5	3.0	8.1	-8.4	16.5	
0.12500	0.4	14315	19.5	16.5	3.0	8.1	-8.4	16.5	
0.12891	0.4	14316	19.5	16.5	3.0	8.1	-8.4	16.5	
0.13281	0.3	14316	19.5	16.5	3.0	8.1	-8.4	16.5	
0.13672	0.3	14316	19.5	16.5	3.0	8.1	-8.4	16.5	
0.14062	0.3	14316	19.4	16.5	2.9	8.1	-8.4	16.5	
0.14453	0.3	14316	19.4	16.5	2.9	8.1	-8.4	16.5	
0.14844	0.2	14316	19.4	16.5	2.9	8.1	-8.4	16.5	
0.15234	0.2	14316	19.4	16.6	2.8	8.1	-8.5	16.6	
0.15625	0.2	14316	19.5	16.5	3.0	8.1	-8.4	16.5	
0.16016	0.2	14316	19.5	16.6	2.9	8.1	-8.5	16.6	
0.16406	0.2	14316	19.5	16.6	2.9	8.1	-8.5	16.6	
0.16797	0.2	14316	19.5	16.6	2.9	8.1	-8.5	16.6	
0.17188	0.2	14316	19.5	16.6	2.9	8.1	-8.5	16.6	
0.17578	0.2	14316	19.5	16.6	2.9	8.1	-8.5	16.6	
0.17969	0.3	14316	19.5	16.6	2.9	8.1	-8.5	16.6	
0.18359	0.3	14316	19.5	16.6	2.9	8.1	-8.5	16.6	
0.18750	0.3	14316	19.5	16.6	2.9	8.1	-8.5	16.6	
0.19141	0.3	14316	19.6	16.6	3.0	8.1	-8.5	16.6	
0.19531	0.3	14316	19.5	16.6	2.9	8.1	-8.5	16.6	
0.19922	0.3	14316	19.6	16.6	3.0	8.1	-8.5	16.6	
0.20312	0.3	14316	19.5	16.6	2.9	8.1	-8.5	16.6	
0.20703	0.3	14316	19.5	16.6	2.9	8.1	-8.5	16.6	
0.21094	0.3	14316	19.5	16.6	2.9	8.1	-8.5	16.6	
0.21484	0.3	14316	19.5	16.6	2.9	8.1	-8.5	16.6	
0.21875	0.3	14316	19.5	16.6	2.9	8.1	-8.5	16.6	
0.22266	0.3	14316	19.5	16.6	2.9	8.1	-8.5	16.6	
0.22656	0.3	14316	19.5	16.6	2.9	8.1	-8.5	16.6	
0.23047	0.3	14316	19.5	16.6	2.9	8.1	-8.5	16.6	
0.23438	0.3	14316	19.5	16.6	2.9	8.1	-8.5	16.6	
0.23828	0.3	14316	19.4	16.6	2.8	8.1	-8.5	16.6	
0.24219	0.3	14316	19.4	16.6	2.8	8.1	-8.5	16.6	
0.24609	0.2	14316	19.4	16.6	2.8	8.1	-8.5	16.6	
0.25000	0.2	14316	19.4	16.6	2.8	8.1	-8.5	16.6	
0.25391	0.2	14316	19.4	16.6	2.8	8.1	-8.5	16.6	
0.25781	0.2	14316	19.4	16.6	2.8	8.1	-8.5	16.6	
0.26172	0.2	14316	19.4	16.6	2.8	8.1	-8.5	16.6	
0.26562	0.2	14316	19.5	16.6	2.9	8.1	-8.5	16.6	
0.26953	0.2	14316	19.5	16.6	2.9	8.1	-8.5	16.6	
0.27344	0.2	14316	19.5	16.6	2.9	8.1	-8.5	16.6	
0.27734	0.2	14316	19.5	16.6	2.9	8.1	-8.5	16.6	
0.28125	0.2	14316	19.5	16.6	2.9	8.1	-8.5	16.6	
0.28516	0.2	14316	19.5	16.6	2.9	8.1	-8.5	16.6	
0.28906	0.2	14316	19.5	16.6	2.9	8.1	-8.5	16.6	
0.29297	0.2	14316	19.6	16.6	3.0	8.1	-8.5	16.6	
0.29688	0.2	14316	19.6	16.6	3.0	8.1	-8.5	16.6	
0.30078	0.2	14316	19.6	16.5	3.1	8.1	-8.4	16.5	
0.30469	0.2	14316	19.6	16.6	3.0	8.1	-8.5	16.6	
0.30859	0.2	14316	19.6	16.6	3.0	8.1	-8.5	16.6	
0.31250	0.2	14316	19.6	16.6	3.0	8.1	-8.5	16.6	
0.31641	0.3	14316	19.6	16.6	3.0	8.1	-8.5	16.6	
0.32031	0.3	14316	19.6	16.6	3.0	8.1	-8.5	16.6	
0.32422	0.3	14316	19.7	16.6	3.1	8.1	-8.5	16.6	
0.32812	0.3	14316	19.7	16.6	3.1	8.1	-8.5	16.6	
0.33203	0.3	14316	19.7	16.6	3.1	8.1	-8.5	16.6	
0.33594	0.3	14316	19.7	16.6	3.1	8.1	-8.5	16.6	
0.33984	0.3	14316	19.7	16.6	3.1	8.1	-8.5	16.6	
0.34375	0.2	14316	19.7	16.6	3.1	8.1	-8.5	16.6	
0.34766	0.2	14316	19.7	16.6	3.1	8.1	-8.5	16.6	
0.35156	0.3	14316	19.7	16.6	3.1	8.1	-8.5	16.6	
0.35547	0.3	14316	19.7	16.6	3.1	8.1	-8.5	16.6	
0.35938	0.3	14316	19.7	16.6	3.1	8.1	-8.5	16.6	
0.36328	0.2	14316	19.7	16.6	3.1	8.1	-8.5	16.6	
0.36719	0.2	14317	19.7	16.7	3.0	8.1	-8.6	16.7	
0.37109	0.3	14317	19.7	16.7	3.0	8.1	-8.6	16.7	
0.37500	0.3	14317	19.7	16.7	3.0	8.1	-8.6	16.7	
0.37891	0.2	14317	19.7	16.7	3.0	8.1	-8.6	16.7	
0.38281	0.2	14317	19.7	16.7	3.0	8.1	-8.6	16.7	
0.38672	0.2	14317	19.7	16.7	3.0	8.1	-8.6	16.7	
0.39062	0.3	14317	19.7	16.7	3.0	8.1	-8.6	16.7	
0.39453	0.3	14317	19.7	16.7	3.0	8.1	-8.6	16.7	
0.39844	0.3	14317	19.7	16.8	2.9	8.1	-8.7	16.8	
0.40234	0.3	14317	19.7	16.8	2.9	8.1	-8.7	16.8	
0.40625	0.3	14317	19.7	16.8	2.9	8.1	-8.7	16.8	
0.41016	0.2	14317	19.7	16.8	2.9	8.1	-8.7	16.8	
0.41406	0.3	14317	19.7	16.8	2.9	8.1	-8.7	16.8	
0.41797	0.3	14317	19.7	16.8	2.9	8.1	-8.7	16.8	
0.42188	0.3	14317	19.7	16.8	2.9	8.1	-8.7	16.8	
0.42578	0.3	14317	19.7	16.8	2.9	8.1	-8.7	16.8	
0.42969	0.3	14317	19.7	16.8	2.9	8.1	-8.7	16.8	
0.43359	0.3	14317	19.7	16.8	2.9	8.1	-8.7	16.8	
0.43750	0.3	14317	19.7	16.8	2.9	8.1	-8.7	16.8	
0.44141	0.3	14317	19.7	16.7	3.0	8.1	-8.6	16.7	
0.44531	0.3	14317	19.7	16.8	2.9	8.1	-8.7	16.8	
0.44922	0.3	14317	19.7	16.7	3.0	8.1	-8.6	16.7	
0.45312	0.3	14317	19.7	16.7	3.0	8.1	-8.6	16.7	
0.45703	0.3	14317	19.7	16.7	3.0	8.1	-8.6	16.7	
0.46094	0.3	14317	19.7	16.7	3.0	8.1	-8.6	16.7	
0.46484	0.3	14317	19.6	16.7	2.9	8.1	-8.6	16.7	
0.46875	0.3	14317	19.6	16.7	2.9	8.1	-8.6	16.7	
0.47266	0.3	14317	19.6	16.7	2.9	8.1	-8.6	16.7	
0.47656	0.3	14317	19.6	16.7	2.9	8.1	-8.6	16.7	
0.48047	0.3	14317	19.6	16.7	2.9	8.1	-8.6	16.7	
0.48438	0.3	14317	19.6	16.7	2.9	8.1	-8.6	16.7	
0.48828	0.3	14317	19.6	16.7	2.9	8.1	-8.6	16.7	
0.49219	0.3	14317	19.6	16.7	2.9	8.1	-8.6	16.7	
0.49609	0.2	14317	19.6	16.7	2.9	8.1	-8.6	16.7	
0.50000	0.3	14317	19.6	16.7	2.9	8.1	-8.6	16.7	
0.50391	0.3	14317	19.6	16.7	2.9	8.1	-8.6	16.7	
0.50781	0.2	14317	19.6	16.7	2.9	8.1	-8.6	16.7	
0.51172	0.2	14317	19.6	16.7	2.9	8.1	-8.6	16.7	
0.51562	0.2	14317	19.6	16.7	2.9	8.1	-8.6	16.7	
0.51953	0.2	14317	19.6	16.7	2.9	8.1	-8.6	16.7	
0.52344	0.3	14317	19.6	16.7	2.9	8.1	-8.6	16.7	
0.52734	0.2	14317	19.6	16.7	2.9	8.1	-8.6	16.7	
0.53125	0.2	14317	19.7	16.7	3.0	8.1	-8.6	16.7	
0.53516	0.2	14317	19.7	16.7	3.0	8.1	-8.6	16.7	
0.53906	0.2	14317	19.7	16.7	3.0	8.1	-8.6	16.7	
0.54297	0.2	14317	19.7	16.8	2.9	8.1	-8.7	16.8	
0.54688	0.2	14317	19.7	16.7	3.0	8.1	-8.6	16.7	
0.55078	0.2	14317	19.8	16.8	3.0	8.1	-8.7	16.8	
0.55469	0.2	14317	19.8	16.8	3.0	8.1	-8.7	16.8	
0.55859	0.2	14317	19.8	16.8	3.0	8.1	-8.7	16.8	
0.56250	0.2	14317	19.8	16.8	3.0	8.1	-8.7	16.8	
0.56641	0.2	14317	19.8	16.8	3.0	8.1	-8.7	16.8	
0.57031	0.2	14317	19.8	16.8	3.0	8.1	-8.7	16.8	
0.57422	0.2	14317	19.8	16.8	3.0	8.1	-8.7	16.8	
0.57812	0.3	14317	19.9	16.8	3.1	8.1	-8.7	16.8	
0.58203	0.3	14317	19.9	16.8	3.1	8.1	-8.7	16.8	
0.58594	0.3	14317	19.9	16.8	3.1	8.1	-8.7	16.8	
0.58984	0.3	14317	19.8	16.8	3.0	8.1	-8.7	16.8	
0.59375	0.4	14318	19.8	16.8	3.0	8.1	-8.7	16.8	
0.59766	0.4	14318	19.8	16.8	3.0	8.1	-8.7	16.8	
0.60156	0.4	14318	19.8	16.8	3.0	8.1	-8.7	16.8	
0.60547	0.4	14318	19.8	16.8	3.0	8.1	-8.7	16.8	
0.60938	0.4	14318	19.7	16.8	2.9	8.1	-8.7	16.8	
0.61328	0.4	14318	19.7	16.8	2.9	8.1	-8.7	16.8	
0.61719	0.4	14318	19.7	16.8	2.9	8.1	-8.7	16.8	
0.62109	0.3	14318	19.7	16.7	3.0	8.1	-8.6	16.7	
0.62500	0.3	14318	19.7	16.7	3.0	8.1	-8.6	16.7	
0.62891	0.3	14318	19.7	16.7	3.0	8.1	-8.6	16.7	
0.63281	0.2	14318	19.7	16.7	3.0	8.1	-8.6	16.7	
0.63672	0.1	14318	19.7	16.7	3.0	8.1	-8.6	16.7	
0.64062	0.0	14318	19.7	16.7	3.0	8.1	-8.6	16.7	
0.64453	-0.0	14318	19.8	16.7	3.1	8.1	-8.6	16.7	
0.64844	-0.1	14318	19.8	16.7	3.1	8.1	-8.6	16.7	
0.65234	-0.2	14318	19.9	16.7	3.2	8.1	-8.6	16.7	
0.65625	-0.3	14318	19.9	16.7	3.2	8.1	-8.6	16.7	
0.66016	-0.4	14318	20.0	16.7	3.3	8.1	-8.6	16.7	
0.66406	-0.3	14318	20.1	16.7	3.4	8.1	-8.6	16.7	
0.66797	-0.3	14318	20.1	16.7	3.4	8.1	-8.6	16.7	
0.67188	-0.3	14318	20.2	16.7	3.5	8.1	-8.6	16.7	
0.67578	-0.2	14318	20.2	16.7	3.5	8.1	-8.6	16.7	
0.67969	-0.1	14318	20.3	16.7	3.6	8.1	-8.6	16.7	
0.68359	-0.0	14318	20.3	16.7	3.6	8.1	-8.6	16.7	
0.68750	0.1	14318	20.4	16.7	3.7	8.1	-8.6	16.7	
0.69141	0.1	14318	20.4	16.7	3.7	8.1	-8.6	16.7	
0.69531	0.2	14318	20.4	16.7	3.7	8.1	-8.6	16.7	
0.69922	0.3	14318	20.4	16.7	3.7	8.1	-8.6	16.7	
0.70312	0.4	14318	20.4	16.7	3.7	8.1	-8.6	16.7	
0.70703	0.5	14318	20.4	16.7	3.7	8.1	-8.6	16.7	
0.71094	0.5	14318	20.4	16.7	3.7	8.1	-8.6	16.7	
0.71484	0.5	14318	20.3	16.7	3.6	8.1	-8.6	16.7	
0.71875	0.5	14318	20.3	16.7	3.6	8.1	-8.6	16.7	
0.72266	0.5	14318	20.3	16.7	3.6	8.1	-8.6	16.7	
0.72656	0.5	14318	20.2	16.7	3.5	8.1	-8.6	16.7	
0.73047	0.5	14318	20.2	16.7	3.5	8.1	-8.6	16.7	
0.73438	0.4	14318	20.2	16.7	3.5	8.1	-8.6	16.7	
0.73828	0.4	14318	20.1	16.8	3.3	8.1	-8.7	16.8	
0.74219	0.4	14318	20.1	16.8	3.3	8.1	-8.7	16.8	
0.74609	0.3	14318	20.1	16.8	3.3	8.1	-8.7	16.8	
0.75000	0.3	14318	20.1	16.8	3.3	8.1	-8.7	16.8	
0.75391	0.3	14318	20.1	16.8	3.3	8.1	-8.7	16.8	
0.75781	0.2	14318	20.1	16.8	3.3	8.1	-8.7	16.8	
0.76172	0.2	14318	20.1	16.8	3.3	8.1	-8.7	16.8	
0.76562	0.2	14318	20.1	16.8	3.3	8.1	-8.7	16.8	
0.76953	0.2	14318	20.1	16.8	3.3	8.1	-8.7	16.8	
0.77344	0.2	14318	20.1	16.8	3.3	8.1	-8.7	16.8	
0.77734	0.2	14318	20.2	16.8	3.4	8.1	-8.7	16.8	
0.78125	0.2	14318	20.2	16.8	3.4	8.1	-8.7	16.8	
0.78516	0.2	14318	20.2	16.8	3.4	8.1	-8.7	16.8	
0.78906	0.2	14318	20.2	16.8	3.4	8.1	-8.7	16.8	
0.79297	0.2	14318	20.2	16.8	3.4	8.1	-8.7	16.8	
0.79688	0.3	14318	20.2	16.8	3.4	8.1	-8.7	16.8	
0.80078	0.3	14318	20.2	16.8	3.4	8.1	-8.7	16.8	
0.80469	0.3	14318	20.2	16.8	3.4	8.1	-8.7	16.8	
0.80859	0.4	14318	20.2	16.9	3.3	8.1	-8.8	16.9	
0.81250	0.4	14318	20.2	16.9	3.3	8.1	-8.8	16.9	
0.81641	0.4	14318	20.2	16.9	3.3	8.1	-8.8	16.9	
0.82031	0.4	14318	20.2	16.9	3.3	8.1	-8.8	16.9	
0.82422	0.4	14318	20.1	16.9	3.2	8.1	-8.8	16.9	
0.82812	0.4	14318	20.1	16.9	3.2	8.1	-8.8	16.9	
0.83203	0.5	14318	20.1	16.9	3.2	8.1	-8.8	16.9	
0.83594	0.4	14318	20.0	16.9	3.1	8.1	-8.8	16.9	
0.83984	0.4	14318	20.0	16.9	3.1	8.1	-8.8	16.9	
0.84375	0.4	14318	20.0	16.9	3.1	8.1	-8.8	16.9	
0.84766	0.4	14319	20.0	17.0	3.0	8.1	-8.9	17.0	
0.85156	0.3	14319	19.9	17.0	2.9	8.1	-8.9	17.0	
0.85547	0.3	14319	19.9	17.0	2.9	8.1	-8.9	17.0	
0.85938	0.3	14319	19.9	17.0	2.9	8.1	-8.9	17.0	
0.86328	0.3	14319	19.9	17.0	2.9	8.1	-8.9	17.0	
0.86719	0.3	14319	19.9	17.0	2.9	8.1	-8.9	17.0	
0.87109	0.2	14319	19.9	17.0	2.9	8.1	-8.9	17.0	
0.87500	0.2	14319	19.9	17.0	2.9	8.1	-8.9	17.0	
0.87891	0.2	14319	19.9	17.0	2.9	8.1	-8.9	17.0	
0.88281	0.2	14319	19.9	17.0	2.9	8.1	-8.9	17.0	
0.88672	0.2	14319	19.9	17.0	2.9	8.1	-8.9	17.0	
0.89062	0.2	14319	19.9	17.0	2.9	8.1	-8.9	17.0	
0.89453	0.2	14319	19.9	17.0	2.9	8.1	-8.9	17.0	
0.89844	0.2	14319	20.0	17.0	3.0	8.1	-8.9	17.0	
0.90234	0.2	14319	20.0	17.0	3.0	8.1	-8.9	17.0	
0.90625	0.3	14319	20.0	17.0	3.0	8.1	-8.9	17.0	
0.91016	0.3	14319	20.0	17.0	3.0	8.1	-8.9	17.0	
0.91406	0.3	14319	20.0	17.0	3.0	8.1	-8.9	17.0	
0.91797	0.3	14319	20.0	17.0	3.0	8.1	-8.9	17.0	
0.92188	0.3	14319	20.0	17.0	3.0	8.1	-8.9	17.0	
0.92578	0.3	14319	20.0	17.0	3.0	8.1	-8.9	17.0	
0.92969	0.3	14319	20.0	17.0	3.0	8.1	-8.9	17.0	
0.93359	0.3	14319	19.9	17.0	2.9	8.1	-8.9	17.0	
0.93750	0.3	14319	19.9	17.0	2.9	8.1	-8.9	17.0	
0.94141	0.2	14319	19.9	17.0	2.9	8.1	-8.9	17.0	
0.94531	0.3	14319	19.9	17.0	2.9	8.1	-8.9	17.0	
0.94922	0.3	14319	19.9	17.0	2.9	8.1	-8.9	17.0	
0.95312	0.3	14319	19.9	17.0	2.9	8.1	-8.9	17.0	
0.95703	0.2	14319	19.9	17.0	2.9	8.1	-8.9	17.0	
0.96094	0.3	14319	19.9	17.0	2.9	8.1	-8.9	17.0	
0.96484	0.3	14319	19.9	17.0	2.9	8.1	-8.9	17.0	
0.96875	0.2	14319	19.9	17.0	2.9	8.1	-8.9	17.0	
0.97266	0.2	14319	19.9	17.0	2.9	8.1	-8.9	17.0	
0.97656	0.2	14319	19.9	17.0	2.9	8.1	-8.9	17.0	
0.98047	0.2	14319	19.9	17.0	2.9	8.1	-8.9	17.0	
0.98438	0.2	14319	19.9	17.0	2.9	8.1	-8.9	17.0	
0.98828	0.2	14319	19.9	17.0	2.9	8.1	-8.9	17.0	
0.99219	0.2	14319	19.9	17.0	2.9	8.1	-8.9	17.0	
0.99609	0.2	14319	20.0	16.9	3.1	8.1	-8.8	16.9	
1.00000	0.2	14319	20.0	17.0	3.0	8.1	-8.9	17.0	
1.00391	0.2	14319	20.0	17.0	3.0	8.1	-8.9	17.0	
1.00781	0.2	14319	20.0	16.9	3.1	8.1	-8.8	16.9	
1.01172	0.2	14319	20.0	17.0	3.0	8.1	-8.9	17.0	
1.01562	0.2	14319	20.0	17.0	3.0	8.1	-8.9	17.0	
1.01953	0.2	14319	20.0	17.0	3.0	8.1	-8.9	17.0	
1.02344	0.2	14319	20.1	17.0	3.1	8.1	-8.9	17.0	
1.02734	0.2	14319	20.1	17.0	3.1	8.1	-8.9	17.0	
1.03125	0.2	14319	20.1	17.0	3.1	8.1	-8.9	17.0	
1.03516	0.3	14319	20.1	17.0	3.1	8.1	-8.9	17.0	
1.03906	0.3	14319	20.1	16.9	3.2	8.1	-8.8	16.9	
1.04297	0.3	14319	20.1	17.0	3.1	8.1	-8.9	17.0	
1.04688	0.3	14319	20.1	17.0	3.1	8.1	-8.9	17.0	
1.05078	0.2	14319	20.1	17.0	3.1	8.1	-8.9	17.0	
1.05469	0.2	14319	20.1	17.0	3.1	8.1	-8.9	17.0	
1.05859	0.3	14319	20.1	17.0	3.1	8.1	-8.9	17.0	
1.06250	0.3	14319	20.1	17.0	3.1	8.1	-8.9	17.0	
1.06641	0.2	14319	20.1	17.0	3.1	8.1	-8.9	17.0	
1.07031	0.2	14319	20.2	17.0	3.2	8.1	-8.9	17.0	
1.07422	0.2	14319	20.2	17.0	3.2	8.1	-8.9	17.0	
1.07812	0.2	14319	20.2	17.0	3.2	8.1	-8.9	17.0	
1.08203	0.2	14319	20.2	17.0	3.2	8.1	-8.9	17.0	
1.08594	0.2	14319	20.2	17.1	3.1	8.1	-9.0	17.1	
1.08984	0.3	14319	20.2	17.1	3.1	8.1	-9.0	17.1	
1.09375	0.3	14320	20.2	17.1	3.1	8.1	-9.0	17.1	
1.09766	0.3	14320	20.2	17.1	3.1	8.1	-9.0	17.1	
1.10156	0.2	14320	20.2	17.1	3.1	8.1	-9.0	17.1	
1.10547	0.2	14320	20.2	17.1	3.1	8.1	-9.0	17.1	
1.10938	0.2	14320	20.2	17.1	3.1	8.1	-9.0	17.1	
1.11328	0.3	14320	20.2	17.2	3.0	8.1	-9.1	17.2	
1.11719	0.2	14320	20.2	17.2	3.0	8.1	-9.1	17.2	
1.12109	0.2	14320	20.3	17.2	3.1	8.1	-9.1	17.2	
1.12500	0.2	14320	20.3	17.2	3.1	8.1	-9.1	17.2	
1.12891	0.2	14320	20.3	17.2	3.1	8.1	-9.1	17.2	
1.13281	0.2	14320	20.3	17.2	3.1	8.1	-9.1	17.2	
1.13672	0.2	14320	20.3	17.2	3.1	8.1	-9.1	17.2	
1.14062	0.3	14320	20.3	17.2	3.1	8.1	-9.1	17.2	
1.14453	0.3	14320	20.3	17.2	3.1	8.1	-9.1	17.2	
1.14844	0.3	14320	20.3	17.2	3.1	8.1	-9.1	17.2	
1.15234	0.3	14320	20.3	17.2	3.1	8.1	-9.1	17.2	
1.15625	0.3	14320	20.3	17.2	3.1	8.1	-9.1	17.2	
1.16016	0.3	14320	20.3	17.2	3.1	8.1	-9.1	17.2	
1.16406	0.3	14320	20.3	17.1	3.2	8.1	-9.0	17.1	
1.16797	0.3	14320	20.3	17.1	3.2	8.1	-9.0	17.1	
1.17188	0.3	14320	20.3	17.1	3.2	8.1	-9.0	17.1	
1.17578	0.3	14320	20.3	17.1	3.2	8.1	-9.0	17.1	
1.17969	0.3	14320	20.3	17.1	3.2	8.1	-9.0	17.1	
1.18359	0.3	14320	20.3	17.1	3.2	8.1	-9.0	17.1	
1.18750	0.3	14320	20.3	17.1	3.2	8.1	-9.0	17.1	
1.19141	0.3	14320	20.3	17.1	3.2	8.1	-9.0	17.1	
1.19531	0.3	14320	20.3	17.1	3.2	8.1	-9.0	17.1	
1.19922	0.2	14320	20.3	17.1	3.2	8.1	-9.0	17.1	
1.20312	0.2	14320	20.3	17.1	3.2	8.1	-9.0	17.1	
1.20703	0.3	14320	20.3	17.1	3.2	8.1	-9.0	17.1	
1.21094	0.3	14320	20.3	17.1	3.2	8.1	-9.0	17.1	
1.21484	0.3	14320	20.3	17.1	3.2	8.1	-9.0	17.1	
1.21875	0.2	14320	20.3	17.1	3.2	8.1	-9.0	17.1	
1.22266	0.2	14320	20.3	17.1	3.2	8.1	-9.0	17.1	
1.22656	0.2	14320	20.3	17.1	3.2	8.1	-9.0	17.1	
1.23047	0.2	14320	20.3	17.1	3.2	8.1	-9.0	17.1	
1.23438	0.2	14320	20.3	17.1	3.2	8.1	-9.0	17.1	
1.23828	0.2	14320	20.3	17.1	3.2	8.1	-9.0	17.1	
1.24219	0.2	14320	20.3	17.2	3.1	8.1	-9.1	17.2	
1.24609	0.2	14320	20.4	17.2	3.2	8.1	-9.1	17.2	
1.25000	0.1	14320	20.4	17.2	3.2	8.1	-9.1	17.2	
1.25391	0.1	14320	20.4	17.2	3.2	8.1	-9.1	17.2	
1.25781	0.2	14320	20.4	17.2	3.2	8.1	-9.1	17.2	
1.26172	0.2	14320	20.5	17.2	3.3	8.1	-9.1	17.2	
1.26562	0.2	14320	20.5	17.2	3.3	8.1	-9.1	17.2	
1.26953	0.2	14320	20.5	17.2	3.3	8.1	-9.1	17.2	
1.27344	0.2	14320	20.5	17.2	3.3	8.1	-9.1	17.2	
1.27734	0.2	14320	20.5	17.3	3.2	8.1	-9.2	17.3	
1.28125	0.2	14320	20.6	17.3	3.3	8.1	-9.2	17.3	
1.28516	0.2	14320	20.6	17.3	3.3	8.1	-9.2	17.3	
1.28906	0.2	14320	20.6	17.3	3.3	8.1	-9.2	17.3	
1.29297	0.3	14320	20.6	17.3	3.3	8.1	-9.2	17.3	
1.29688	0.3	14320	20.6	17.3	3.3	8.1	-9.2	17.3	
1.30078	0.3	14320	20.6	17.3	3.3	8.1	-9.2	17.3	
1.30469	0.3	14320	20.6	17.3	3.3	8.1	-9.2	17.3	
1.30859	0.3	14320	20.6	17.3	3.3	8.1	-9.2	17.3	
1.31250	0.3	14320	20.6	17.3	3.3	8.1	-9.2	17.3	
1.31641	0.3	14320	20.6	17.3	3.3	8.1	-9.2	17.3	
1.32031	0.3	14320	20.6	17.3	3.3	8.1	-9.2	17.3	
1.32422	0.3	14320	20.6	17.3	3.3	8.1	-9.2	17.3	
1.32812	0.3	14320	20.6	17.3	3.3	8.1	-9.2	17.3	
1.33203	0.2	14320	20.7	17.3	3.4	8.1	-9.2	17.3	
1.33594	0.2	14321	20.7	17.3	3.4	8.1	-9.2	17.3	
1.33984	0.1	14321	20.7	17.3	3.4	8.1	-9.2	17.3	
1.34375	-0.0	14321	20.7	17.3	3.4	8.1	-9.2	17.3	
1.34766	-0.1	14321	20.8	17.3	3.5	8.1	-9.2	17.3	
1.35156	-0.2	14320	20.8	17.3	3.5	8.1	-9.2	17.3	
1.35547	-0.3	14320	20.9	17.3	3.6	8.1	-9.2	17.3	
1.35938	-0.4	14320	20.9	17.3	3.6	8.1	-9.2	17.3	
1.36328	-0.6	14320	21.0	17.3	3.7	8.1	-9.2	17.3	
1.36719	-0.7	14320	21.1	17.3	3.8	8.1	-9.2	17.3	
1.37109	-0.8	14320	21.2	17.3	3.9	8.1	-9.2	17.3	
1.37500	-0.8	14320	21.3	17.3	4.0	8.1	-9.2	17.3	
1.37891	-0.9	14320	21.4	17.3	4.1	8.1	-9.2	17.3	
1.38281	-0.8	14320	21.5	17.3	4.2	8.1	-9.2	17.3	
1.38672	-0.7	14320	21.5	17.3	4.2	8.1	-9.2	17.3	
1.39062	-0.7	14320	21.6	17.3	4.3	8.1	-9.2	17.3	
1.39453	-0.6	14320	21.7	17.3	4.4	8.1	-9.2	17.3	
1.39844	-0.4	14320	21.8	17.3	4.5	8.1	-9.2	17.3	
1.40234	-0.3	14320	21.8	17.3	4.5	8.1	-9.2	17.3	
1.40625	-0.1	14320	21.8	17.4	4.4	8.1	-9.3	17.4	
1.41016	0.0	14320	21.9	17.4	4.5	8.1	-9.3	17.4	
1.41406	0.2	14320	21.9	17.4	4.5	8.1	-9.3	17.4	
1.41797	0.2	14320	21.9	17.4	4.5	8.1	-9.3	17.4	
1.42188	0.3	14320	21.9	17.4	4.5	8.1	-9.3	17.4	
1.42578	0.4	14320	21.9	17.4	4.5	8.1	-9.3	17.4	
1.42969	0.4	14320	21.9	17.5	4.4	8.1	-9.4	17.5	
1.43359	0.5	14320	21.9	17.5	4.4	8.1	-9.4	17.5	
1.43750	0.5	14320	21.8	17.5	4.3	8.1	-9.4	17.5	
1.44141	0.4	14320	21.8	17.5	4.3	8.1	-9.4	17.5	
1.44531	0.4	14320	21.8	17.5	4.3	8.1	-9.4	17.5	
1.44922	0.4	14320	21.8	17.5	4.3	8.1	-9.4	17.5	
1.45312	0.3	14320	21.8	17.5	4.3	8.1	-9.4	17.5	
1.45703	0.3	14320	21.8	17.5	4.3	8.1	-9.4	17.5	
1.46094	0.3	14320	21.8	17.5	4.3	8.1	-9.4	17.5	
1.46484	0.2	14320	21.8	17.6	4.2	8.1	-9.5	17.6	
1.46875	0.2	14320	21.8	17.6	4.2	8.1	-9.5	17.6	
1.47266	0.1	14320	21.8	17.6	4.2	8.1	-9.5	17.6	
1.47656	0.1	14320	21.8	17.6	4.2	8.1	-9.5	17.6	
1.48047	0.1	14320	21.9	17.6	4.3	8.1	-9.5	17.6	
1.48438	0.0	14320	21.9	17.6	4.3	8.1	-9.5	17.6	
1.48828	0.0	14320	21.9	17.6	4.3	8.1	-9.5	17.6	
1.49219	-0.0	14320	22.0	17.7	4.3	8.1	-9.6	17.7	
1.49609	-0.0	14320	22.0	17.7	4.3	8.1	-9.6	17.7	
1.50000	-0.1	14320	22.1	17.7	4.4	8.1	-9.6	17.7	
1.50391	-0.0	14320	22.1	17.8	4.3	8.1	-9.7	17.8	
1.50781	0.0	14320	22.2	17.8	4.4	8.1	-9.7	17.8	
1.51172	0.0	14320	22.2	17.8	4.4	8.1	-9.7	17.8	
1.51562	0.0	14320	22.2	17.8	4.4	8.1	-9.7	17.8	
1.51953	0.1	14320	22.3	17.8	4.5	8.1	-9.7	17.8	
1.52344	0.1	14320	22.3	17.9	4.4	8.1	-9.8	17.9	
1.52734	0.1	14320	22.3	17.9	4.4	8.1	-9.8	17.9	
1.53125	0.1	14320	22.4	17.9	4.5	8.1	-9.8	17.9	
1.53516	0.1	14320	22.4	17.9	4.5	8.1	-9.8	17.9	
1.53906	0.2	14320	22.4	17.9	4.5	8.1	-9.8	17.9	
1.54297	0.2	14320	22.5	18.0	4.5	8.1	-9.9	18.0	
1.54688	0.1	14320	22.5	18.0	4.5	8.1	-9.9	18.0	
1.55078	0.2	14320	22.5	18.0	4.5	8.1	-9.9	18.0	
1.55469	0.2	14320	22.5	18.1	4.4	8.1	-10.0	18.1	
1.55859	0.1	14320	22.6	18.1	4.5	8.1	-10.0	18.1	
1.56250	0.1	14320	22.6	18.1	4.5	8.1	-10.0	18.1	
1.56641	0.1	14320	22.6	18.1	4.5	8.1	-10.0	18.1	
1.57031	0.1	14320	22.6	18.2	4.4	8.1	-10.1	18.2	
1.57422	0.0	14320	22.7	18.2	4.5	8.1	-10.1	18.2	
1.57812	0.0	14320	22.7	18.2	4.5	8.1	-10.1	18.2	
1.58203	0.0	14320	22.7	18.2	4.5	8.1	-10.1	18.2	
1.58594	-0.1	14320	22.8	18.3	4.5	8.1	-10.2	18.3	
1.58984	-0.1	14320	22.9	18.3	4.6	8.1	-10.2	18.3	
1.59375	-0.1	14320	22.9	18.3	4.6	8.1	-10.2	18.3	
1.59766	-0.1	14320	22.9	18.3	4.6	8.1	-10.2	18.3	
1.60156	-0.1	14320	23.0	18.3	4.7	8.1	-10.2	18.3	
1.60547	-0.1	14320	23.0	18.4	4.6	8.1	-10.3	18.4	
1.60938	-0.1	14320	23.1	18.4	4.7	8.1	-10.3	18.4	
1.61328	-0.0	14320	23.1	18.4	4.7	8.1	-10.3	18.4	
1.61719	-0.0	14320	23.2	18.4	4.8	8.1	-10.3	18.4	
1.62109	-0.1	14320	23.2	18.4	4.8	8.1	-10.3	18.4	
1.62500	-0.0	14320	23.3	18.4	4.9	8.1	-10.3	18.4	
1.62891	0.0	14320	23.3	18.5	4.8	8.1	-10.4	18.5	
1.63281	-0.0	14320	23.3	18.5	4.8	8.1	-10.4	18.5	
1.63672	0.0	14320	23.4	18.5	4.9	8.1	-10.4	18.5	
1.64062	0.1	14320	23.4	18.5	4.9	8.1	-10.4	18.5	
1.64453	0.1	14320	23.4	18.5	4.9	8.1	-10.4	18.5	
1.64844	0.1	14320	23.5	18.5	5.0	8.1	-10.4	18.5	
1.65234	0.1	14320	23.5	18.5	5.0	8.1	-10.4	18.5	
1.65625	0.0	14320	23.5	18.6	4.9	8.1	-10.5	18.6	
1.66016	0.0	14320	23.6	18.6	5.0	8.1	-10.5	18.6	
1.66406	0.1	14320	23.6	18.6	5.0	8.1	-10.5	18.6	
1.66797	0.0	14320	23.6	18.6	5.0	8.1	-10.5	18.6	
1.67188	0.0	14320	23.7	18.6	5.1	8.1	-10.5	18.6	
1.67578	-0.0	14320	23.7	18.7	5.0	8.1	-10.6	18.7	
1.67969	-0.1	14320	23.8	18.7	5.1	8.1	-10.6	18.7	
1.68359	-0.1	14320	23.8	18.7	5.1	8.1	-10.6	18.7	
1.68750	-0.1	14320	23.9	18.7	5.2	8.1	-10.6	18.7	
1.69141	-0.1	14320	23.9	18.7	5.2	8.1	-10.6	18.7	
1.69531	-0.2	14320	24.0	18.7	5.3	8.1	-10.6	18.7	
1.69922	-0.2	14320	24.0	18.7	5.3	8.1	-10.6	18.7	
1.70312	-0.2	14320	24.1	18.8	5.3	8.1	-10.7	18.8	
1.70703	-0.2	14320	24.1	18.8	5.3	8.1	-10.7	18.8	
1.71094	-0.2	14320	24.2	18.8	5.4	8.1	-10.7	18.8	
1.71484	-0.3	14320	24.2	18.8	5.4	8.1	-10.7	18.8	
1.71875	-0.3	14320	24.3	18.9	5.4	8.1	-10.8	18.9	
1.72266	-0.2	14320	24.4	18.9	5.5	8.1	-10.8	18.9	
1.72656	-0.2	14320	24.4	18.9	5.5	8.1	-10.8	18.9	
1.73047	-0.2	14320	24.5	18.9	5.6	8.1	-10.8	18.9	
1.73438	-0.2	14320	24.5	18.9	5.6	8.1	-10.8	18.9	
1.73828	-0.2	14320	24.6	19.0	5.6	8.1	-10.9	19.0	
1.74219	-0.2	14320	24.6	19.0	5.6	8.1	-10.9	19.0	
1.74609	-0.2	14320	24.7	19.0	5.7	8.1	-10.9	19.0	
1.75000	-0.2	14320	24.8	19.0	5.8	8.1	-10.9	19.0	
1.75391	-0.1	14320	24.8	19.1	5.7	8.1	-11.0	19.1	
1.75781	-0.2	14320	24.9	19.1	5.8	8.1	-11.0	19.1	
1.76172	-0.2	14320	24.9	19.1	5.8	8.1	-11.0	19.1	
1.76562	-0.2	14320	25.0	19.1	5.9	8.1	-11.0	19.1	
1.76953	-0.2	14320	25.0	19.2	5.8	8.1	-11.1	19.2	
1.77344	-0.2	14320	25.1	19.2	5.9	8.1	-11.1	19.2	
1.77734	-0.1	14320	25.1	19.2	5.9	8.1	-11.1	19.2	
1.78125	-0.1	14320	25.2	19.3	5.9	8.1	-11.2	19.3	
1.78516	-0.1	14320	25.2	19.3	5.9	8.1	-11.2	19.3	
1.78906	-0.1	14320	25.3	19.3	6.0	8.1	-11.2	19.3	
1.79297	-0.1	14320	25.3	19.4	5.9	8.1	-11.3	19.4	
1.79688	-0.1	14320	25.3	19.4	5.9	8.1	-11.3	19.4	
1.80078	-0.1	14320	25.4	19.5	5.9	8.1	-11.4	19.5	
1.80469	-0.1	14320	25.4	19.5	5.9	8.1	-11.4	19.5	
1.80859	-0.1	14320	25.5	19.6	5.9	8.1	-11.5	19.6	
1.81250	-0.1	14320	25.5	19.6	5.9	8.1	-11.5	19.6	
1.81641	-0.0	14320	25.6	19.6	6.0	8.1	-11.5	19.6	
1.82031	-0.0	14320	25.6	19.7	5.9	8.1	-11.6	19.7	
1.82422	-0.1	14320	25.7	19.7	6.0	8.1	-11.6	19.7	
1.82812	-0.1	14320	25.7	19.7	6.0	8.1	-11.6	19.7	
1.83203	-0.2	14320	25.8	19.8	6.0	8.1	-11.7	19.8	
1.83594	-0.3	14320	25.8	19.8	6.0	8.1	-11.7	19.8	
1.83984	-0.3	14320	25.9	19.9	6.0	8.1	-11.8	19.9	
1.84375	-0.2	14320	25.9	19.9	6.0	8.1	-11.8	19.9	
1.84766	-0.3	14320	26.0	19.9	6.1	8.1	-11.8	19.9	
1.85156	-0.4	14320	26.1	20.0	6.1	8.1	-11.9	20.0	
1.85547	-0.4	14320	26.1	20.0	6.1	8.1	-11.9	20.0	
1.85938	-0.4	14320	26.2	20.0	6.2	8.1	-11.9	20.0	
1.86328	-0.4	14320	26.3	20.0	6.3	8.1	-11.9	20.0	
1.86719	-0.3	14320	26.3	20.1	6.2	8.1	-12.0	20.1	
1.87109	-0.3	14320	26.4	20.1	6.3	8.1	-12.0	20.1	
1.87500	-0.3	14320	26.4	20.1	6.3	8.1	-12.0	20.1	
1.87891	-0.2	14320	26.5	20.1	6.4	8.1	-12.0	20.1	
1.88281	-0.2	14320	26.5	20.1	6.4	8.1	-12.0	20.1	
1.88672	-0.1	14320	26.6	20.2	6.4	8.1	-12.1	20.2	
1.89062	-0.1	14320	26.6	20.2	6.4	8.1	-12.1	20.2	
1.89453	-0.1	14320	26.7	20.2	6.5	8.1	-12.1	20.2	
1.89844	-0.1	14320	26.7	20.2	6.5	8.1	-12.1	20.2	
1.90234	-0.1	14320	26.7	20.2	6.5	8.1	-12.1	20.2	
1.90625	-0.1	14320	26.8	20.3	6.5	8.1	-12.2	20.3	
1.91016	-0.2	14320	26.9	20.3	6.6	8.1	-12.2	20.3	
1.91406	-0.2	14320	26.9	20.3	6.6	8.1	-12.2	20.3	
1.91797	-0.3	14320	27.0	20.3	6.7	8.1	-12.2	20.3	
1.92188	-0.4	14320	27.0	20.4	6.6	8.1	-12.3	20.4	
1.92578	-0.5	14320	27.1	20.4	6.7	8.1	-12.3	20.4	
1.92969	-0.5	14320	27.2	20.5	6.7	8.1	-12.4	20.5	
1.93359	-0.6	14320	27.3	20.5	6.8	8.1	-12.4	20.5	
1.93750	-0.6	14319	27.3	20.5	6.8	8.1	-12.4	20.5	
1.94141	-0.5	14319	27.4	20.6	6.8	8.1	-12.5	20.6	
1.94531	-0.5	14319	27.5	20.6	6.9	8.1	-12.5	20.6	
1.94922	-0.5	14319	27.5	20.6	6.9	8.1	-12.5	20.6	
1.95312	-0.4	14319	27.6	20.7	6.9	8.1	-12.6	20.7	
1.95703	-0.4	14319	27.6	20.7	6.9	8.1	-12.6	20.7	
1.96094	-0.3	14319	27.7	20.7	7.0	8.1	-12.6	20.7	
1.96484	-0.1	14319	27.7	20.8	6.9	8.1	-12.7	20.8	
1.96875	-0.0	14319	27.8	20.9	6.9	8.1	-12.8	20.9	
1.97266	0.0	14319	27.8	20.9	6.9	8.1	-12.8	20.9	
1.97656	0.1	14319	27.8	20.9	6.9	8.1	-12.8	20.9	
1.98047	0.1	14319	27.9	21.0	6.9	8.1	-12.9	21.0	
1.98438	0.1	14319	27.9	21.0	6.9	8.1	-12.9	21.0	
1.98828	0.1	14319	27.9	21.1	6.8	8.1	-13.0	21.1	
1.99219	0.1	14319	27.9	21.1	6.8	8.1	-13.0	21.1	
1.99609	0.1	14319	28.0	21.1	6.9	8.1	-13.0	21.1	
2.00000	0.1	14319	28.0	21.2	6.8	8.1	-13.1	21.2	
2.00391	0.1	14319	28.0	21.2	6.8	8.1	-13.1	21.2	
2.00781	0.0	14319	28.0	21.2	6.8	8.1	-13.1	21.2	
2.01172	-0.0	14319	28.1	21.3	6.8	8.1	-13.2	21.3	
2.01562	-0.0	14319	28.1	21.3	6.8	8.1	-13.2	21.3	
2.01953	0.1	14319	28.1	21.4	6.7	8.1	-13.3	21.4	
2.02344	0.0	14319	28.2	21.4	6.8	8.1	-13.3	21.4	
2.02734	0.0	14319	28.2	21.4	6.8	8.1	-13.3	21.4	
2.03125	0.1	14319	28.2	21.5	6.7	8.1	-13.4	21.5	
2.03516	0.1	14319	28.3	21.5	6.8	8.1	-13.4	21.5	
2.03906	0.1	14319	28.3	21.6	6.7	8.1	-13.5	21.6	
2.04297	0.1	14319	28.3	21.6	6.7	8.1	-13.5	21.6	
2.04688	0.0	14319	28.4	21.6	6.8	8.1	-13.5	21.6	
2.05078	-0.0	14319	28.4	21.6	6.8	8.1	-13.5	21.6	
2.05469	-0.1	14319	28.4	21.7	6.7	8.1	-13.6	21.7	
2.05859	-0.3	14319	28.5	21.7	6.8	8.1	-13.6	21.7	
2.06250	-0.4	14319	28.6	21.7	6.9	8.1	-13.6	21.7	
2.06641	-0.6	14319	28.6	21.8	6.8	8.1	-13.7	21.8	
2.07031	-0.8	14319	28.8	21.8	7.0	8.1	-13.7	21.8	
2.07422	-1.0	14319	28.8	21.9	6.9	8.1	-13.8	21.9	
2.07812	-1.2	14319	28.9	21.9	7.0	8.1	-13.8	21.9	
2.08203	-1.3	14319	29.0	21.9	7.1	8.1	-13.8	21.9	
2.08594	-1.4	14319	29.2	22.0	7.2	8.1	-13.9	22.0	
2.08984	-1.5	14319	29.3	22.0	7.3	8.1	-13.9	22.0	
2.09375	-1.4	14319	29.4	22.0	7.4	8.1	-13.9	22.0	
2.09766	-1.3	14319	29.4	22.1	7.3	8.1	-14.0	22.1	
2.10156	-1.1	14319	29.5	22.1	7.4	8.1	-14.0	22.1	
2.10547	-0.9	14319	29.6	22.2	7.4	8.1	-14.1	22.2	
2.10938	-0.7	14318	29.6	22.2	7.4	8.1	-14.1	22.2	
2.11328	-0.4	14318	29.7	22.3	7.4	8.1	-14.2	22.3	
2.11719	-0.1	14318	29.7	22.3	7.4	8.1	-14.2	22.3	
2.12109	0.1	14318	29.7	22.3	7.4	8.1	-14.2	22.3	
2.12500	0.3	14318	29.7	22.4	7.3	8.1	-14.3	22.4	
2.12891	0.5	14319	29.7	22.4	7.3	8.1	-14.3	22.4	
2.13281	0.7	14319	29.6	22.5	7.1	8.1	-14.4	22.5	
2.13672	0.9	14319	29.6	22.5	7.1	8.1	-14.4	22.5	
2.14062	1.0	14319	29.5	22.5	7.0	8.1	-14.4	22.5	
2.14453	1.1	14319	29.4	22.6	6.8	8.1	-14.5	22.6	
2.14844	1.1	14319	29.4	22.6	6.8	8.1	-14.5	22.6	
2.15234	1.2	14319	29.3	22.7	6.6	8.1	-14.6	22.7	
2.15625	1.2	14319	29.2	22.7	6.5	8.1	-14.6	22.7	
2.16016	1.2	14319	29.1	22.7	6.4	8.1	-14.6	22.7	
2.16406	1.1	14319	29.0	22.8	6.2	8.1	-14.7	22.8	
2.16797	1.1	14319	28.9	22.8	6.1	8.1	-14.7	22.8	
2.17188	1.0	14319	28.8	22.8	6.0	8.1	-14.7	22.8	
2.17578	1.0	14319	28.8	22.8	6.0	8.1	-14.7	22.8	
2.17969	0.9	14319	28.7	22.9	5.8	8.1	-14.8	22.9	
2.18359	0.8	14319	28.6	22.9	5.7	8.1	-14.8	22.9	
2.18750	0.7	14319	28.6	23.0	5.6	8.1	-14.9	23.0	
2.19141	0.7	14320	28.5	23.0	5.5	8.1	-14.9	23.0	
2.19531	0.6	14320	28.4	23.0	5.4	8.1	-14.9	23.0	
2.19922	0.5	14320	28.4	23.0	5.4	8.1	-14.9	23.0	
2.20312	0.5	14320	28.3	23.0	5.3	8.1	-14.9	23.0	
2.20703	0.5	14320	28.3	23.1	5.2	8.1	-15.0	23.1	
2.21094	0.5	14320	28.2	23.1	5.1	8.1	-15.0	23.1	
2.21484	0.6	14320	28.2	23.1	5.1	8.1	-15.0	23.1	
2.21875	0.7	14320	28.1	23.2	4.9	8.1	-15.1	23.2	
2.22266	0.8	14320	28.0	23.2	4.8	8.1	-15.1	23.2	
2.22656	1.0	14320	27.9	23.2	4.7	8.1	-15.1	23.2	
2.23047	1.1	14320	27.9	23.2	4.7	8.1	-15.1	23.2	
2.23438	1.4	14320	27.8	23.2	4.6	8.1	-15.1	23.2	
2.23828	1.6	14320	27.7	23.3	4.4	8.1	-15.2	23.3	
2.24219	1.8	14320	27.5	23.3	4.2	8.1	-15.2	23.3	
2.24609	1.9	14320	27.4	23.3	4.1	8.1	-15.2	23.3	
2.25000	2.1	14321	27.3	23.3	4.0	8.1	-15.2	23.3	
2.25391	2.3	14321	27.1	23.3	3.8	8.1	-15.2	23.3	
2.25781	2.4	14321	27.0	23.3	3.7	8.1	-15.2	23.3	
2.26172	2.4	14321	26.9	23.4	3.5	8.1	-15.3	23.4	
2.26562	2.4	14321	26.8	23.4	3.4	8.1	-15.3	23.4	
2.26953	2.4	14321	26.6	23.4	3.2	8.1	-15.3	23.4	
2.27344	2.3	14321	26.5	23.4	3.1	8.1	-15.3	23.4	
2.27734	2.2	14322	26.4	23.4	3.0	8.1	-15.3	23.4	
2.28125	2.1	14322	26.3	23.4	2.9	8.1	-15.3	23.4	
2.28516	2.0	14322	26.2	23.4	2.8	8.1	-15.3	23.4	
2.28906	1.9	14322	26.0	23.4	2.6	8.1	-15.3	23.4	
2.29297	1.8	14322	25.9	23.4	2.5	8.1	-15.3	23.4	
2.29688	1.8	14322	25.8	23.4	2.4	8.1	-15.3	23.4	
2.30078	1.7	14322	25.7	23.4	2.3	8.1	-15.3	23.4	
2.30469	1.7	14322	25.6	23.4	2.2	8.1	-15.3	23.4	
2.30859	1.7	14323	25.5	23.3	2.2	8.1	-15.2	23.3	
2.31250	1.8	14323	25.4	23.3	2.1	8.1	-15.2	23.3	
2.31641	1.9	14323	25.3	23.3	2.0	8.1	-15.2	23.3	
2.32031	2.0	14323	25.2	23.3	1.9	8.1	-15.2	23.3	
2.32422	2.2	14323	25.0	23.3	1.7	8.1	-15.2	23.3	
2.32812	2.3	14323	24.9	23.3	1.6	8.1	-15.2	23.3	
2.33203	2.5	14323	24.8	23.3	1.5	8.1	-15.2	23.3	
2.33594	2.6	14324	24.6	23.3	1.3	8.1	-15.2	23.3	
2.33984	2.7	14324	24.5	23.2	1.3	8.1	-15.1	23.2	
2.34375	2.8	14324	24.3	23.2	1.1	8.1	-15.1	23.2	
2.34766	2.8	14324	24.2	23.2	1.0	8.1	-15.1	23.2	
2.35156	2.7	14324	24.0	23.2	0.8	8.1	-15.1	23.2	
2.35547	2.6	14324	23.9	23.1	0.8	8.1	-15.0	23.1	
2.35938	2.5	14325	23.8	23.1	0.7	8.1	-15.0	23.1	
2.36328	2.3	14325	23.7	23.1	0.6	8.1	-15.0	23.1	
2.36719	2.2	14325	23.6	23.1	0.5	8.1	-15.0	23.1	
2.37109	2.0	14325	23.5	23.0	0.5	8.1	-14.9	23.0	
2.37500	1.7	14325	23.4	23.0	0.4	8.1	-14.9	23.0	
2.37891	1.5	14325	23.3	23.0	0.3	8.1	-14.9	23.0	
2.38281	1.3	14325	23.3	23.0	0.3	8.1	-14.9	23.0	
2.38672	1.2	14325	23.2	22.9	0.3	8.1	-14.8	22.9	
2.39062	1.0	14325	23.1	22.9	0.2	8.1	-14.8	22.9	
2.39453	0.9	14326	23.1	22.9	0.2	8.1	-14.8	22.9	
2.39844	0.8	14326	23.0	22.8	0.2	8.1	-14.7	22.8	
2.40234	0.8	14326	23.0	22.8	0.2	8.1	-14.7	22.8	
2.40625	0.8	14326	22.9	22.8	0.1	8.1	-14.7	22.8	
2.41016	0.8	14326	22.9	22.8	0.1	8.1	-14.7	22.8	
2.41406	0.8	14326	22.8	22.7	0.1	8.1	-14.6	22.7	
2.41797	0.9	14326	22.8	22.7	0.1	8.1	-14.6	22.7	
2.42188	1.0	14326	22.7	22.7	0.0	8.1	-14.6	22.7	
2.42578	1.0	14326	22.6	22.7	-0.1	8.1	-14.6	22.7	
2.42969	1.1	14326	22.6	22.6	0.0	8.1	-14.5	22.6	
2.43359	1.1	14326	22.5	22.6	-0.1	8.1	-14.5	22.6	
2.43750	1.2	14326	22.4	22.6	-0.2	8.1	-14.5	22.6	
2.44141	1.2	14326	22.4	22.5	-0.1	8.1	-14.4	22.5	
2.44531	1.2	14326	22.3	22.5	-0.2	8.1	-14.4	22.5	
2.44922	1.2	14326	22.2	22.5	-0.3	8.1	-14.4	22.5	
2.45312	1.2	14327	22.1	22.4	-0.3	8.1	-14.3	22.4	
2.45703	1.2	14327	22.1	22.4	-0.3	8.1	-14.3	22.4	
2.46094	1.1	14327	22.0	22.4	-0.4	8.1	-14.3	22.4	
2.46484	1.1	14327	21.9	22.4	-0.5	8.1	-14.3	22.4	
2.46875	1.0	14327	21.9	22.3	-0.4	8.1	-14.2	22.3	
2.47266	0.9	14327	21.8	22.3	-0.5	8.1	-14.2	22.3	
2.47656	0.9	14327	21.8	22.3	-0.5	8.1	-14.2	22.3	
2.48047	0.9	14327	21.7	22.2	-0.5	8.1	-14.1	22.2	
2.48438	0.9	14327	21.6	22.2	-0.6	8.1	-14.1	22.2	
2.48828	0.9	14327	21.6	22.2	-0.6	8.1	-14.1	22.2	
2.49219	0.9	14327	21.5	22.1	-0.6	8.1	-14.0	22.1	
2.49609	1.0	14327	21.5	22.1	-0.6	8.1	-14.0	22.1	
2.50000	1.0	14327	21.4	22.1	-0.7	8.1	-14.0	22.1	
2.50391	1.0	14327	21.3	22.1	-0.8	8.1	-14.0	22.1	
2.50781	1.1	14327	21.3	22.0	-0.7	8.1	-13.9	22.0	
2.51172	1.1	14327	21.2	22.0	-0.8	8.1	-13.9	22.0	
2.51562	1.2	14328	21.1	22.0	-0.9	8.1	-13.9	22.0	
2.51953	1.2	14328	21.0	21.9	-0.9	8.1	-13.8	21.9	
2.52344	1.3	14328	21.0	21.9	-0.9	8.1	-13.8	21.9	
2.52734	1.3	14328	20.9	21.9	-1.0	8.1	-13.8	21.9	
2.53125	1.3	14328	20.8	21.8	-1.0	8.1	-13.7	21.8	
2.53516	1.3	14328	20.7	21.8	-1.1	8.1	-13.7	21.8	
2.53906	1.3	14328	20.6	21.8	-1.2	8.1	-13.7	21.8	
2.54297	1.3	14328	20.6	21.7	-1.1	8.1	-13.6	21.7	
2.54688	1.3	14328	20.5	21.7	-1.2	8.1	-13.6	21.7	
2.55078	1.3	14328	20.4	21.7	-1.3	8.1	-13.6	21.7	
2.55469	1.3	14328	20.4	21.6	-1.2	8.1	-13.5	21.6	
2.55859	1.2	14328	20.3	21.6	-1.3	8.1	-13.5	21.6	
2.56250	1.2	14329	20.2	21.5	-1.3	8.1	-13.4	21.5	
2.56641	1.2	14329	20.1	21.5	-1.4	8.1	-13.4	21.5	
2.57031	1.1	14329	20.1	21.5	-1.4	8.1	-13.4	21.5	
2.57422	1.1	14329	20.0	21.4	-1.4	8.1	-13.3	21.4	
2.57812	1.0	14329	20.0	21.4	-1.4	8.1	-13.3	21.4	
2.58203	1.0	14329	19.9	21.3	-1.4	8.1	-13.2	21.3	
2.58594	0.9	14329	19.9	21.3	-1.4	8.1	-13.2	21.3	
2.58984	0.8	14329	19.8	21.2	-1.4	8.1	-13.1	21.2	
2.59375	0.7	14329	19.8	21.2	-1.4	8.1	-13.1	21.2	
2.59766	0.7	14329	19.7	21.2	-1.5	8.1	-13.1	21.2	
2.60156	0.6	14329	19.7	21.1	-1.4	8.1	-13.0	21.1	
2.60547	0.6	14329	19.6	21.1	-1.5	8.1	-13.0	21.1	
2.60938	0.5	14329	19.6	21.0	-1.4	8.1	-12.9	21.0	
2.61328	0.5	14329	19.6	21.0	-1.4	8.1	-12.9	21.0	
2.61719	0.4	14329	19.6	20.9	-1.3	8.1	-12.8	20.9	
2.62109	0.4	14329	19.5	20.9	-1.4	8.1	-12.8	20.9	
2.62500	0.4	14329	19.5	20.9	-1.4	8.1	-12.8	20.9	
2.62891	0.4	14329	19.5	20.8	-1.3	8.1	-12.7	20.8	
2.63281	0.3	14329	19.5	20.8	-1.3	8.1	-12.7	20.8	
2.63672	0.4	14329	19.5	20.8	-1.3	8.1	-12.7	20.8	
2.64062	0.3	14329	19.4	20.7	-1.3	8.1	-12.6	20.7	
2.64453	0.3	14329	19.4	20.7	-1.3	8.1	-12.6	20.7	
2.64844	0.3	14329	19.4	20.6	-1.2	8.1	-12.5	20.6	
2.65234	0.3	14329	19.4	20.6	-1.2	8.1	-12.5	20.6	
2.65625	0.3	14330	19.4	20.6	-1.2	8.1	-12.5	20.6	
2.66016	0.3	14330	19.4	20.6	-1.2	8.1	-12.5	20.6	
2.66406	0.3	14330	19.4	20.5	-1.1	8.1	-12.4	20.5	
2.66797	0.3	14330	19.4	20.5	-1.1	8.1	-12.4	20.5	
2.67188	0.3	14330	19.4	20.5	-1.1	8.1	-12.4	20.5	
2.67578	0.3	14330	19.4	20.4	-1.0	8.1	-12.3	20.4	
2.67969	0.2	14330	19.4	20.4	-1.0	8.1	-12.3	20.4	
2.68359	0.2	14330	19.4	20.4	-1.0	8.1	-12.3	20.4	
2.68750	0.2	14330	19.5	20.3	-0.8	8.1	-12.2	20.3	
2.69141	0.2	14330	19.5	20.3	-0.8	8.1	-12.2	20.3	
2.69531	0.2	14330	19.5	20.2	-0.7	8.1	-12.1	20.2	
2.69922	0.2	14330	19.5	20.2	-0.7	8.1	-12.1	20.2	
2.70312	0.3	14330	19.5	20.2	-0.7	8.1	-12.1	20.2	
2.70703	0.3	14330	19.5	20.2	-0.7	8.1	-12.1	20.2	
2.71094	0.2	14330	19.5	20.1	-0.6	8.1	-12.0	20.1	
2.71484	0.2	14330	19.5	20.1	-0.6	8.1	-12.0	20.1	
2.71875	0.2	14330	19.5	20.1	-0.6	8.1	-12.0	20.1	
2.72266	0.3	14330	19.5	20.0	-0.5	8.1	-11.9	20.0	
2.72656	0.3	14330	19.6	20.0	-0.4	8.1	-11.9	20.0	
2.73047	0.3	14330	19.5	19.9	-0.4	8.1	-11.8	19.9	
2.73438	0.3	14330	19.5	19.9	-0.4	8.1	-11.8	19.9	
2.73828	0.4	14330	19.5	19.8	-0.3	8.1	-11.7	19.8	
2.74219	0.3	14330	19.5	19.8	-0.3	8.1	-11.7	19.8	
2.74609	0.3	14330	19.5	19.7	-0.2	8.1	-11.6	19.7	
2.75000	0.3	14330	19.5	19.7	-0.2	8.1	-11.6	19.7	
2.75391	0.3	14330	19.5	19.7	-0.2	8.1	-11.6	19.7	
2.75781	0.4	14330	19.5	19.6	-0.1	8.1	-11.5	19.6	
2.76172	0.4	14330	19.5	19.6	-0.1	8.1	-11.5	19.6	
2.76562	0.3	14330	19.5	19.5	0.0	8.1	-11.4	19.5	
2.76953	0.3	14330	19.5	19.5	0.0	8.1	-11.4	19.5	
2.77344	0.3	14330	19.5	19.4	0.1	8.1	-11.3	19.4	
2.77734	0.3	14330	19.5	19.4	0.1	8.1	-11.3	19.4	
2.78125	0.2	14330	19.5	19.4	0.1	8.1	-11.3	19.4	
2.78516	0.1	14330	19.5	19.3	0.2	8.1	-11.2	19.3	
2.78906	0.1	14330	19.5	19.3	0.2	8.1	-11.2	19.3	
2.79297	0.0	14330	19.6	19.3	0.3	8.1	-11.2	19.3	
2.79688	-0.1	14330	19.6	19.2	0.4	8.2	-11.0	19.2	
2.80078	-0.1	14330	19.7	19.2	0.5	8.2	-11.0	19.2	
2.80469	-0.1	14330	19.7	19.2	0.5	8.2	-11.0	19.2	
2.80859	-0.2	14330	19.8	19.2	0.6	8.2	-11.0	19.2	
2.81250	-0.1	14330	19.8	19.1	0.7	8.2	-10.9	19.1	
2.81641	-0.1	14330	19.9	19.1	0.8	8.2	-10.9	19.1	
2.82031	-0.1	14330	19.9	19.0	0.9	8.2	-10.8	19.0	
2.82422	0.0	14330	20.0	19.0	1.0	8.2	-10.8	19.0	
2.82812	0.1	14330	20.0	19.0	1.0	8.2	-10.8	19.0	
2.83203	0.1	14330	20.1	19.0	1.1	8.2	-10.8	19.0	
2.83594	0.2	14330	20.1	18.9	1.2	8.2	-10.7	18.9	
2.83984	0.3	14330	20.1	18.9	1.2	8.2	-10.7	18.9	
2.84375	0.3	14330	20.1	18.9	1.2	8.2	-10.7	18.9	
2.84766	0.4	14330	20.1	18.9	1.2	8.2	-10.7	18.9	
2.85156	0.5	14330	20.0	18.9	1.1	8.2	-10.7	18.9	
2.85547	0.5	14330	20.0	18.8	1.2	8.2	-10.6	18.8	
2.85938	0.6	14330	20.0	18.8	1.2	8.2	-10.6	18.8	
2.86328	0.6	14330	19.9	18.8	1.1	8.2	-10.6	18.8	
2.86719	0.6	14330	19.9	18.8	1.1	8.2	-10.6	18.8	
2.87109	0.6	14330	19.9	18.7	1.2	8.2	-10.5	18.7	
2.87500	0.6	14330	19.8	18.7	1.1	8.2	-10.5	18.7	
2.87891	0.6	14330	19.8	18.7	1.1	8.2	-10.5	18.7	
2.88281	0.5	14330	19.8	18.7	1.1	8.2	-10.5	18.7	
2.88672	0.5	14331	19.7	18.7	1.0	8.2	-10.5	18.7	
2.89062	0.4	14331	19.7	18.6	1.1	8.2	-10.4	18.6	
2.89453	0.3	14331	19.7	18.6	1.1	8.2	-10.4	18.6	
2.89844	0.3	14331	19.7	18.6	1.1	8.2	-10.4	18.6	
2.90234	0.2	14331	19.7	18.6	1.1	8.2	-10.4	18.6	
2.90625	0.2	14331	19.7	18.5	1.2	8.2	-10.3	18.5	
2.91016	0.2	14331	19.7	18.5	1.2	8.2	-10.3	18.5	
2.91406	0.2	14331	19.7	18.5	1.2	8.2	-10.3	18.5	
2.91797	0.2	14331	19.7	18.5	1.2	8.2	-10.3	18.5	
2.92188	0.2	14331	19.7	18.5	1.2	8.2	-10.3	18.5	
2.92578	0.1	14331	19.8	18.5	1.3	8.2	-10.3	18.5	
2.92969	0.1	14331	19.8	18.5	1.3	8.2	-10.3	18.5	
2.93359	0.2	14331	19.8	18.4	1.4	8.2	-10.2	18.4	
2.93750	0.2	14331	19.8	18.4	1.4	8.2	-10.2	18.4	
2.94141	0.2	14331	19.8	18.4	1.4	8.2	-10.2	18.4	
2.94531	0.3	14331	19.9	18.4	1.5	8.2	-10.2	18.4	
2.94922	0.3	14331	19.9	18.4	1.5	8.2	-10.2	18.4	
2.95312	0.3	14331	19.9	18.4	1.5	8.2	-10.2	18.4	
2.95703	0.4	14331	19.8	18.3	1.5	8.2	-10.1	18.3	
2.96094	0.4	14331	19.9	18.3	1.6	8.2	-10.1	18.3	
2.96484	0.5	14331	19.8	18.3	1.5	8.2	-10.1	18.3	
2.96875	0.5	14331	19.8	18.3	1.5	8.2	-10.1	18.3	
2.97266	0.5	14331	19.8	18.3	1.5	8.2	-10.1	18.3	
2.97656	0.5	14331	19.7	18.3	1.4	8.2	-10.1	18.3	
2.98047	0.5	14331	19.7	18.3	1.4	8.2	-10.1	18.3	
2.98438	0.4	14331	19.7	18.3	1.4	8.2	-10.1	18.3	
2.98828	0.4	14331	19.6	18.3	1.3	8.2	-10.1	18.3	
2.99219	0.4	14331	19.6	18.2	1.4	8.2	-10.0	18.2	
2.99609	0.4	14331	19.6	18.2	1.4	8.2	-10.0	18.2	
3.00000	0.3	14331	19.6	18.2	1.4	8.2	-10.0	18.2	
3.00391	0.3	14331	19.6	18.2	1.4	8.2	-10.0	18.2	
3.00781	0.3	14331	19.6	18.2	1.4	8.2	-10.0	18.2	
3.01172	0.3	14331	19.6	18.2	1.4	8.2	-10.0	18.2	
3.01562	0.2	14331	19.6	18.2	1.4	8.2	-10.0	18.2	
3.01953	0.2	14331	19.6	18.2	1.4	8.2	-10.0	18.2	
3.02344	0.2	14331	19.6	18.2	1.4	8.2	-10.0	18.2	
3.02734	0.2	14331	19.6	18.2	1.4	8.2	-10.0	18.2	
3.03125	0.2	14331	19.6	18.1	1.5	8.2	-9.9	18.1	
3.03516	0.2	14331	19.6	18.1	1.5	8.2	-9.9	18.1	
3.03906	0.2	14331	19.6	18.1	1.5	8.2	-9.9	18.1	
3.04297	0.2	14331	19.6	18.1	1.5	8.2	-9.9	18.1	
3.04688	0.2	14331	19.6	18.1	1.5	8.2	-9.9	18.1	
3.05078	0.2	14331	19.6	18.1	1.5	8.2	-9.9	18.1	
3.05469	0.3	14331	19.6	18.0	1.6	8.2	-9.8	18.0	
3.05859	0.2	14331	19.6	18.0	1.6	8.2	-9.8	18.0	
3.06250	0.3	14331	19.6	18.0	1.6	8.2	-9.8	18.0	
3.06641	0.3	14331	19.6	18.0	1.6	8.2	-9.8	18.0	
3.07031	0.3	14331	19.6	18.0	1.6	8.2	-9.8	18.0	
3.07422	0.3	14331	19.6	18.0	1.6	8.2	-9.8	18.0	
3.07812	0.3	14331	19.6	18.0	1.6	8.2	-9.8	18.0	
3.08203	0.3	14331	19.6	18.0	1.6	8.2	-9.8	18.0	
3.08594	0.3	14331	19.6	18.0	1.6	8.2	-9.8	18.0	
3.08984	0.3	14331	19.6	17.9	1.7	8.2	-9.7	17.9	
3.09375	0.3	14331	19.6	17.9	1.7	8.2	-9.7	17.9	
3.09766	0.3	14332	19.6	17.9	1.7	8.2	-9.7	17.9	
3.10156	0.2	14332	19.6	17.9	1.7	8.2	-9.7	17.9	
3.10547	0.3	14332	19.6	17.9	1.7	8.2	-9.7	17.9	
3.10938	0.2	14332	19.5	17.9	1.6	8.2	-9.7	17.9	
3.11328	0.2	14332	19.6	17.9	1.7	8.2	-9.7	17.9	
3.11719	0.2	14332	19.6	17.9	1.7	8.2	-9.7	17.9	
3.12109	0.2	14332	19.6	17.8	1.8	8.2	-9.6	17.8	
3.12500	0.2	14332	19.6	17.8	1.8	8.2	-9.6	17.8	
3.12891	0.2	14332	19.6	17.8	1.8	8.2	-9.6	17.8	
3.13281	0.2	14332	19.6	17.8	1.8	8.2	-9.6	17.8	
3.13672	0.2	14332	19.6	17.8	1.8	8.2	-9.6	17.8	
3.14062	0.2	14332	19.7	17.8	1.9	8.2	-9.6	17.8	
3.14453	0.3	14332	19.7	17.8	1.9	8.2	-9.6	17.8	
3.14844	0.2	14332	19.7	17.8	1.9	8.2	-9.6	17.8	
3.15234	0.2	14332	19.7	17.7	2.0	8.2	-9.5	17.7	
3.15625	0.3	14332	19.7	17.7	2.0	8.2	-9.5	17.7	
3.16016	0.2	14332	19.7	17.7	2.0	8.2	-9.5	17.7	
3.16406	0.2	14332	19.8	17.7	2.1	8.2	-9.5	17.7	
3.16797	0.2	14332	19.8	17.7	2.1	8.2	-9.5	17.7	
3.17188	0.2	14332	19.8	17.7	2.1	8.2	-9.5	17.7	
3.17578	0.3	14332	19.8	17.7	2.1	8.2	-9.5	17.7	
3.17969	0.3	14332	19.8	17.7	2.1	8.2	-9.5	17.7	
3.18359	0.3	14332	19.8	17.7	2.1	8.2	-9.5	17.7	
3.18750	0.3	14332	19.8	17.7	2.1	8.2	-9.5	17.7	
3.19141	0.3	14332	19.8	17.7	2.1	8.2	-9.5	17.7	
3.19531	0.3	14332	19.8	17.7	2.1	8.2	-9.5	17.7	
3.19922	0.3	14332	19.8	17.6	2.2	8.2	-9.4	17.6	
3.20312	0.3	14332	19.8	17.6	2.2	8.2	-9.4	17.6	
3.20703	0.3	14332	19.8	17.6	2.2	8.2	-9.4	17.6	
3.21094	0.2	14332	19.8	17.6	2.2	8.2	-9.4	17.6	
3.21484	0.3	14332	19.8	17.6	2.2	8.2	-9.4	17.6	
3.21875	0.3	14332	19.8	17.6	2.2	8.2	-9.4	17.6	
3.22266	0.2	14332	19.8	17.6	2.2	8.2	-9.4	17.6	
3.22656	0.2	14332	19.8	17.6	2.2	8.2	-9.4	17.6	
3.23047	0.2	14332	19.8	17.6	2.2	8.2	-9.4	17.6	
3.23438	0.2	14332	19.8	17.6	2.2	8.2	-9.4	17.6	
3.23828	0.2	14332	19.8	17.7	2.1	8.2	-9.5	17.7	
3.24219	0.2	14332	19.9	17.7	2.2	8.2	-9.5	17.7	
3.24609	0.2	14332	19.9	17.7	2.2	8.2	-9.5	17.7	
3.25000	0.3	14332	19.9	17.7	2.2	8.2	-9.5	17.7	
3.25391	0.3	14332	19.9	17.7	2.2	8.2	-9.5	17.7	
3.25781	0.3	14332	19.9	17.7	2.2	8.2	-9.5	17.7	
3.26172	0.3	14332	19.9	17.7	2.2	8.2	-9.5	17.7	
3.26562	0.3	14332	19.8	17.7	2.1	8.2	-9.5	17.7	
3.26953	0.3	14332	19.8	17.7	2.1	8.2	-9.5	17.7	
3.27344	0.3	14332	19.8	17.7	2.1	8.2	-9.5	17.7	
3.27734	0.3	14332	19.8	17.6	2.2	8.2	-9.4	17.6	
3.28125	0.3	14332	19.8	17.6	2.2	8.2	-9.4	17.6	
3.28516	0.3	14332	19.8	17.6	2.2	8.2	-9.4	17.6	
3.28906	0.3	14332	19.8	17.6	2.2	8.2	-9.4	17.6	
3.29297	0.3	14332	19.8	17.6	2.2	8.2	-9.4	17.6	
3.29688	0.3	14332	19.8	17.6	2.2	8.2	-9.4	17.6	
3.30078	0.3	14332	19.8	17.5	2.3	8.2	-9.3	17.5	
3.30469	0.3	14332	19.8	17.5	2.3	8.2	-9.3	17.5	
3.30859	0.3	14332	19.7	17.5	2.2	8.2	-9.3	17.5	
3.31250	0.3	14332	19.7	17.5	2.2	8.2	-9.3	17.5	
3.31641	0.3	14332	19.7	17.5	2.2	8.2	-9.3	17.5	
3.32031	0.3	14332	19.7	17.5	2.2	8.2	-9.3	17.5	
3.32422	0.3	14332	19.7	17.5	2.2	8.2	-9.3	17.5	
3.32812	0.3	14333	19.7	17.4	2.3	8.2	-9.2	17.4	
3.33203	0.3	14333	19.7	17.4	2.3	8.2	-9.2	17.4	
3.33594	0.3	14333	19.7	17.4	2.3	8.2	-9.2	17.4	
3.33984	0.3	14333	19.6	17.4	2.2	8.2	-9.2	17.4	
3.34375	0.3	14333	19.6	17.4	2.2	8.2	-9.2	17.4	
3.34766	0.3	14333	19.6	17.4	2.2	8.2	-9.2	17.4	
3.35156	0.3	14333	19.6	17.4	2.2	8.2	-9.2	17.4	
3.35547	0.3	14333	19.6	17.4	2.2	8.2	-9.2	17.4	
3.35938	0.3	14333	19.6	17.4	2.2	8.2	-9.2	17.4	
3.36328	0.3	14333	19.6	17.4	2.2	8.2	-9.2	17.4	
3.36719	0.3	14333	19.6	17.4	2.2	8.2	-9.2	17.4	
3.37109	0.3	14333	19.6	17.4	2.2	8.2	-9.2	17.4	
3.37500	0.3	14333	19.6	17.4	2.2	8.2	-9.2	17.4	
3.37891	0.3	14333	19.6	17.3	2.3	8.2	-9.1	17.3	
3.38281	0.3	14333	19.6	17.3	2.3	8.2	-9.1	17.3	
3.38672	0.3	14333	19.6	17.4	2.2	8.2	-9.2	17.4	
3.39062	0.3	14333	19.6	17.4	2.2	8.2	-9.2	17.4	
3.39453	0.2	14333	19.6	17.4	2.2	8.2	-9.2	17.4	
3.39844	0.2	14333	19.6	17.3	2.3	8.2	-9.1	17.3	
3.40234	0.2	14333	19.6	17.4	2.2	8.2	-9.2	17.4	
3.40625	0.2	14333	19.6	17.4	2.2	8.2	-9.2	17.4	
3.41016	0.2	14333	19.6	17.3	2.3	8.2	-9.1	17.3	
3.41406	0.3	14333	19.6	17.3	2.3	8.2	-9.1	17.3	
3.41797	0.3	14333	19.6	17.3	2.3	8.2	-9.1	17.3	
3.42188	0.2	14333	19.6	17.3	2.3	8.2	-9.1	17.3	
3.42578	0.3	14333	19.6	17.3	2.3	8.2	-9.1	17.3	
3.42969	0.3	14333	19.6	17.3	2.3	8.2	-9.1	17.3	
3.43359	0.3	14333	19.6	17.3	2.3	8.2	-9.1	17.3	
3.43750	0.3	14333	19.6	17.3	2.3	8.2	-9.1	17.3	
3.44141	0.3	14333	19.6	17.3	2.3	8.2	-9.1	17.3	
3.44531	0.3	14333	19.6	17.3	2.3	8.2	-9.1	17.3	
3.44922	0.3	14333	19.6	17.3	2.3	8.2	-9.1	17.3	
3.45312	0.3	14333	19.6	17.3	2.3	8.2	-9.1	17.3	
3.45703	0.4	14333	19.6	17.3	2.3	8.2	-9.1	17.3	
3.46094	0.4	14333	19.5	17.2	2.3	8.2	-9.0	17.2	
3.46484	0.4	14333	19.5	17.2	2.3	8.2	-9.0	17.2	
3.46875	0.4	14333	19.5	17.2	2.3	8.2	-9.0	17.2	
3.47266	0.4	14333	19.5	17.2	2.3	8.2	-9.0	17.2	
3.47656	0.3	14333	19.5	17.2	2.3	8.2	-9.0	17.2	
3.48047	0.3	14333	19.5	17.2	2.3	8.2	-9.0	17.2	
3.48438	0.2	14333	19.5	17.2	2.3	8.2	-9.0	17.2	
3.48828	0.2	14333	19.5	17.1	2.4	8.2	-8.9	17.1	
3.49219	0.1	14333	19.5	17.1	2.4	8.2	-8.9	17.1	
3.49609	0.1	14333	19.5	17.1	2.4	8.2	-8.9	17.1	
3.50000	-0.0	14333	19.5	17.1	2.4	8.2	-8.9	17.1	
3.50391	-0.1	14333	19.6	17.1	2.5	8.2	-8.9	17.1	
3.50781	-0.2	14333	19.6	17.1	2.5	8.2	-8.9	17.1	
3.51172	-0.3	14333	19.7	17.1	2.6	8.2	-8.9	17.1	
3.51562	-0.3	14333	19.8	17.1	2.7	8.2	-8.9	17.1	
3.51953	-0.3	14333	19.8	17.1	2.7	8.2	-8.9	17.1	
3.52344	-0.4	14333	19.9	17.1	2.8	8.2	-8.9	17.1	
3.52734	-0.3	14333	20.0	17.0	3.0	8.2	-8.8	17.0	
3.53125	-0.3	14333	20.0	17.0	3.0	8.2	-8.8	17.0	
3.53516	-0.2	14333	20.1	17.0	3.1	8.2	-8.8	17.0	
3.53906	-0.1	14333	20.1	17.0	3.1	8.2	-8.8	17.0	
3.54297	-0.0	14333	20.2	17.0	3.2	8.2	-8.8	17.0	
3.54688	0.0	14333	20.2	17.0	3.2	8.2	-8.8	17.0	
3.55078	0.1	14333	20.2	17.0	3.2	8.2	-8.8	17.0	
3.55469	0.2	14333	20.2	17.0	3.2	8.2	-8.8	17.0	
3.55859	0.3	14333	20.2	17.0	3.2	8.2	-8.8	17.0	
3.56250	0.4	14333	20.2	17.0	3.2	8.2	-8.8	17.0	
3.56641	0.4	14333	20.2	17.0	3.2	8.2	-8.8	17.0	
3.57031	0.5	14333	20.2	17.0	3.2	8.2	-8.8	17.0	
3.57422	0.5	14333	20.2	17.0	3.2	8.2	-8.8	17.0	
3.57812	0.5	14333	20.1	17.0	3.1	8.2	-8.8	17.0	
3.58203	0.5	14333	20.1	17.0	3.1	8.2	-8.8	17.0	
3.58594	0.5	14333	20.1	17.0	3.1	8.2	-8.8	17.0	
3.58984	0.5	14333	20.0	17.0	3.0	8.2	-8.8	17.0	
3.59375	0.4	14333	20.0	17.0	3.0	8.2	-8.8	17.0	
3.59766	0.4	14333	20.0	17.0	3.0	8.2	-8.8	17.0	
3.60156	0.3	14334	20.0	17.0	3.0	8.2	-8.8	17.0	
3.60547	0.3	14334	19.9	17.0	2.9	8.2	-8.8	17.0	
3.60938	0.3	14334	19.9	17.0	2.9	8.2	-8.8	17.0	
3.61328	0.2	14334	19.9	17.0	2.9	8.2	-8.8	17.0	
3.61719	0.2	14334	20.0	17.0	3.0	8.2	-8.8	17.0	
3.62109	0.1	14334	20.0	17.0	3.0	8.2	-8.8	17.0	
3.62500	0.1	14334	20.0	17.0	3.0	8.2	-8.8	17.0	
3.62891	0.1	14334	20.0	17.0	3.0	8.2	-8.8	17.0	
3.63281	0.1	14334	20.0	17.0	3.0	8.2	-8.8	17.0	
3.63672	0.1	14334	20.0	17.0	3.0	8.2	-8.8	17.0	
3.64062	0.1	14334	20.1	17.0	3.1	8.2	-8.8	17.0	
3.64453	0.1	14334	20.1	17.0	3.1	8.2	-8.8	17.0	
3.64844	0.2	14334	20.1	17.0	3.1	8.2	-8.8	17.0	
3.65234	0.2	14334	20.1	17.0	3.1	8.2	-8.8	17.0	
3.65625	0.2	14334	20.2	17.0	3.2	8.2	-8.8	17.0	
3.66016	0.2	14334	20.2	17.0	3.2	8.2	-8.8	17.0	
3.66406	0.2	14334	20.2	17.0	3.2	8.2	-8.8	17.0	
3.66797	0.3	14334	20.2	17.0	3.2	8.2	-8.8	17.0	
3.67188	0.3	14334	20.2	17.0	3.2	8.2	-8.8	17.0	
3.67578	0.3	14334	20.2	17.0	3.2	8.2	-8.8	17.0	
3.67969	0.3	14334	20.2	17.0	3.2	8.2	-8.8	17.0	
3.68359	0.3	14334	20.1	17.1	3.0	8.2	-8.9	17.1	
3.68750	0.4	14334	20.1	17.1	3.0	8.2	-8.9	17.1	
3.69141	0.4	14334	20.1	17.1	3.0	8.2	-8.9	17.1	
3.69531	0.3	14334	20.1	17.1	3.0	8.2	-8.9	17.1	
3.69922	0.3	14334	20.1	17.1	3.0	8.2	-8.9	17.1	
3.70312	0.3	14334	20.0	17.1	2.9	8.2	-8.9	17.1	
3.70703	0.3	14334	20.0	17.1	2.9	8.2	-8.9	17.1	
3.71094	0.3	14334	20.0	17.1	2.9	8.2	-8.9	17.1	
3.71484	0.3	14334	20.0	17.1	2.9	8.2	-8.9	17.1	
3.71875	0.2	14334	20.0	17.1	2.9	8.2	-8.9	17.1	
3.72266	0.2	14334	20.0	17.1	2.9	8.2	-8.9	17.1	
3.72656	0.2	14334	20.0	17.1	2.9	8.2	-8.9	17.1	
3.73047	0.2	14334	20.0	17.1	2.9	8.2	-8.9	17.1	
3.73438	0.2	14334	20.0	17.1	2.9	8.2	-8.9	17.1	
3.73828	0.2	14334	20.0	17.1	2.9	8.2	-8.9	17.1	
3.74219	0.2	14334	20.0	17.1	2.9	8.2	-8.9	17.1	
3.74609	0.2	14334	20.0	17.1	2.9	8.2	-8.9	17.1	
3.75000	0.3	14334	20.0	17.1	2.9	8.2	-8.9	17.1	
3.75391	0.3	14334	20.1	17.1	3.0	8.2	-8.9	17.1	
3.75781	0.2	14334	20.1	17.1	3.0	8.2	-8.9	17.1	
3.76172	0.3	14334	20.1	17.1	3.0	8.2	-8.9	17.1	
3.76562	0.3	14334	20.1	17.1	3.0	8.2	-8.9	17.1	
3.76953	0.3	14334	20.1	17.1	3.0	8.2	-8.9	17.1	
3.77344	0.3	14334	20.1	17.1	3.0	8.2	-8.9	17.1	
3.77734	0.3	14334	20.1	17.1	3.0	8.2	-8.9	17.1	
3.78125	0.3	14334	20.0	17.1	2.9	8.2	-8.9	17.1	
3.78516	0.3	14334	20.0	17.1	2.9	8.2	-8.9	17.1	
3.78906	0.3	14334	20.0	17.1	2.9	8.2	-8.9	17.1	
3.79297	0.3	14334	20.0	17.1	2.9	8.2	-8.9	17.1	
3.79688	0.3	14334	20.0	17.1	2.9	8.2	-8.9	17.1	
3.80078	0.3	14334	20.0	17.1	2.9	8.2	-8.9	17.1	
3.80469	0.3	14334	20.0	17.1	2.9	8.2	-8.9	17.1	
3.80859	0.3	14334	20.0	17.1	2.9	8.2	-8.9	17.1	
3.81250	0.3	14334	20.0	17.1	2.9	8.2	-8.9	17.1	
3.81641	0.3	14334	20.0	17.1	2.9	8.2	-8.9	17.1	
3.82031	0.2	14334	19.9	17.1	2.8	8.2	-8.9	17.1	
3.82422	0.2	14334	19.9	17.1	2.8	8.2	-8.9	17.1	
3.82812	0.2	14334	19.9	17.1	2.8	8.2	-8.9	17.1	
3.83203	0.3	14334	19.9	17.1	2.8	8.2	-8.9	17.1	
3.83594	0.3	14334	19.9	17.1	2.8	8.2	-8.9	17.1	
3.83984	0.3	14334	19.9	17.1	2.8	8.2	-8.9	17.1	
3.84375	0.3	14335	19.9	17.1	2.8	8.2	-8.9	17.1	
3.84766	0.3	14335	20.0	17.1	2.9	8.2	-8.9	17.1	
3.85156	0.2	14335	20.0	17.1	2.9	8.2	-8.9	17.1	
3.85547	0.2	14335	20.0	17.1	2.9	8.2	-8.9	17.1	
3.85938	0.2	14335	20.0	17.1	2.9	8.2	-8.9	17.1	
3.86328	0.2	14335	20.0	17.1	2.9	8.2	-8.9	17.1	
3.86719	0.3	14335	20.0	17.1	2.9	8.2	-8.9	17.1	
3.87109	0.2	14335	20.0	17.1	2.9	8.2	-8.9	17.1	
3.87500	0.2	14335	20.0	17.1	2.9	8.2	-8.9	17.1	
3.87891	0.3	14335	20.0	17.1	2.9	8.2	-8.9	17.1	
3.88281	0.3	14335	20.0	17.1	2.9	8.2	-8.9	17.1	
3.88672	0.3	14335	20.0	17.1	2.9	8.2	-8.9	17.1	
3.89062	0.3	14335	20.0	17.1	2.9	8.2	-8.9	17.1	
3.89453	0.3	14335	20.0	17.1	2.9	8.2	-8.9	17.1	
3.89844	0.3	14335	20.0	17.1	2.9	8.2	-8.9	17.1	
3.90234	0.3	14335	20.0	17.1	2.9	8.2	-8.9	17.1	
3.90625	0.3	14335	20.0	17.1	2.9	8.2	-8.9	17.1	
3.91016	0.3	14335	20.0	17.1	2.9	8.2	-8.9	17.1	
3.91406	0.3	14335	20.0	17.1	2.9	8.2	-8.9	17.1	
3.91797	0.3	14335	20.0	17.1	2.9	8.2	-8.9	17.1	
3.92188	0.3	14335	20.0	17.1	2.9	8.2	-8.9	17.1	
3.92578	0.3	14335	20.0	17.1	2.9	8.2	-8.9	17.1	
3.92969	0.3	14335	20.0	17.1	2.9	8.2	-8.9	17.1	
3.93359	0.3	14335	20.0	17.1	2.9	8.2	-8.9	17.1	
3.93750	0.3	14335	20.0	17.1	2.9	8.2	-8.9	17.1	
3.94141	0.3	14335	20.0	17.1	2.9	8.2	-8.9	17.1	
3.94531	0.2	14335	20.0	17.1	2.9	8.2	-8.9	17.1	
3.94922	0.3	14335	20.0	17.1	2.9	8.2	-8.9	17.1	
3.95312	0.3	14335	20.0	17.1	2.9	8.2	-8.9	17.1	
3.95703	0.3	14335	20.0	17.2	2.8	8.2	-9.0	17.2	
3.96094	0.3	14335	20.0	17.2	2.8	8.2	-9.0	17.2	
3.96484	0.3	14335	20.0	17.2	2.8	8.2	-9.0	17.2	
3.96875	0.3	14335	20.0	17.2	2.8	8.2	-9.0	17.2	
3.97266	0.3	14335	20.0	17.2	2.8	8.2	-9.0	17.2	
3.97656	0.3	14335	20.0	17.2	2.8	8.2	-9.0	17.2	
3.98047	0.3	14335	20.0	17.2	2.8	8.2	-9.0	17.2	
3.98438	0.3	14335	20.0	17.2	2.8	8.2	-9.0	17.2	
3.98828	0.3	14335	20.0	17.2	2.8	8.2	-9.0	17.2	
3.99219	0.3	14335	20.0	17.2	2.8	8.2	-9.0	17.2	
3.99609	0.3	14335	20.0	17.2	2.8	8.2	-9.0	17.2	
4.00000	0.3	14335	20.0	17.2	2.8	8.2	-9.0	17.2	
4.00391	0.3	14335	20.0	17.2	2.8	8.2	-9.0	17.2	
4.00781	0.3	14335	20.0	17.2	2.8	8.2	-9.0	17.2	
4.01172	0.3	14335	20.0	17.2	2.8	8.2	-9.0	17.2	
4.01562	0.3	14335	20.0	17.1	2.9	8.2	-8.9	17.1	
4.01953	0.3	14335	19.9	17.1	2.8	8.2	-8.9	17.1	
4.02344	0.3	14335	19.9	17.1	2.8	8.2	-8.9	17.1	
4.02734	0.3	14335	19.9	17.1	2.8	8.2	-8.9	17.1	
4.03125	0.3	14335	19.9	17.1	2.8	8.2	-8.9	17.1	
4.03516	0.3	14335	19.9	17.1	2.8	8.2	-8.9	17.1	
4.03906	0.3	14335	19.9	17.1	2.8	8.2	-8.9	17.1	
4.04297	0.3	14335	19.9	17.1	2.8	8.2	-8.9	17.1	
4.04688	0.3	14335	19.9	17.1	2.8	8.2	-8.9	17.1	
4.05078	0.3	14336	19.9	17.1	2.8	8.2	-8.9	17.1	
4.05469	0.3	14336	19.8	17.1	2.7	8.2	-8.9	17.1	
4.05859	0.3	14336	19.8	17.0	2.8	8.2	-8.8	17.0	
4.06250	0.3	14336	19.8	17.1	2.7	8.2	-8.9	17.1	
4.06641	0.3	14336	19.8	17.1	2.7	8.2	-8.9	17.1	
4.07031	0.3	14336	19.8	17.0	2.8	8.2	-8.8	17.0	
4.07422	0.3	14336	19.8	17.1	2.7	8.2	-8.9	17.1	
4.07812	0.3	14336	19.8	17.1	2.7	8.2	-8.9	17.1	
4.08203	0.2	14336	19.8	17.1	2.7	8.2	-8.9	17.1	
4.08594	0.2	14336	19.9	17.1	2.8	8.2	-8.9	17.1	
4.08984	0.3	14336	19.9	17.1	2.8	8.2	-8.9	17.1	
4.09375	0.2	14336	19.9	17.1	2.8	8.2	-8.9	17.1	
4.09766	0.2	14336	19.9	17.1	2.8	8.2	-8.9	17.1	
4.10156	0.2	14336	19.9	17.1	2.8	8.2	-8.9	17.1	
4.10547	0.2	14336	19.9	17.1	2.8	8.2	-8.9	17.1	
4.10938	0.2	14336	19.9	17.1	2.8	8.2	-8.9	17.1	
4.11328	0.2	14336	19.9	17.1	2.8	8.2	-8.9	17.1	
4.11719	0.2	14336	19.9	17.1	2.8	8.2	-8.9	17.1	
4.12109	0.3	14336	19.9	17.1	2.8	8.2	-8.9	17.1	
4.12500	0.3	14336	19.9	17.1	2.8	8.2	-8.9	17.1	
4.12891	0.3	14336	19.9	17.1	2.8	8.2	-8.9	17.1	
4.13281	0.3	14336	20.0	17.1	2.9	8.2	-8.9	17.1	
4.13672	0.3	14336	20.0	17.1	2.9	8.2	-8.9	17.1	
4.14062	0.2	14336	19.9	17.1	2.8	8.2	-8.9	17.1	
4.14453	0.3	14336	20.0	17.1	2.9	8.2	-8.9	17.1	
4.14844	0.3	14336	20.0	17.1	2.9	8.2	-8.9	17.1	
4.15234	0.3	14336	19.9	17.1	2.8	8.2	-8.9	17.1	
4.15625	0.3	14336	19.9	17.1	2.8	8.2	-8.9	17.1	
4.16016	0.3	14336	19.9	17.1	2.8	8.2	-8.9	17.1	
4.16406	0.3	14336	19.9	17.1	2.8	8.2	-8.9	17.1	
4.16797	0.3	14336	19.9	17.1	2.8	8.2	-8.9	17.1	
4.17188	0.4	14336	19.9	17.1	2.8	8.2	-8.9	17.1	
4.17578	0.4	14336	19.9	17.1	2.8	8.2	-8.9	17.1	
4.17969	0.4	14336	19.8	17.1	2.7	8.2	-8.9	17.1	
4.18359	0.3	14336	19.8	17.1	2.7	8.2	-8.9	17.1	
4.18750	0.3	14336	19.8	17.1	2.7	8.2	-8.9	17.1	
4.19141	0.3	14336	19.8	17.0	2.8	8.2	-8.8	17.0	
4.19531	0.3	14336	19.8	17.0	2.8	8.2	-8.8	17.0	
4.19922	0.2	14336	19.8	17.0	2.8	8.2	-8.8	17.0	
4.20312	0.1	14336	19.8	17.0	2.8	8.2	-8.8	17.0	
4.20703	0.1	14336	19.8	17.0	2.8	8.2	-8.8	17.0	
4.21094	0.0	14336	19.9	17.0	2.9	8.2	-8.8	17.0	
4.21484	-0.1	14336	19.9	17.0	2.9	8.2	-8.8	17.0	
4.21875	-0.2	14336	19.9	17.0	2.9	8.2	-8.8	17.0	
4.22266	-0.2	14336	20.0	17.0	3.0	8.2	-8.8	17.0	
4.22656	-0.3	14336	20.1	17.0	3.1	8.2	-8.8	17.0	
4.23047	-0.4	14336	20.1	17.0	3.1	8.2	-8.8	17.0	
4.23438	-0.3	14336	20.2	17.0	3.2	8.2	-8.8	17.0	
4.23828	-0.3	14336	20.3	17.0	3.3	8.2	-8.8	17.0	
4.24219	-0.3	14336	20.3	17.0	3.3	8.2	-8.8	17.0	
4.24609	-0.3	14336	20.4	17.0	3.4	8.2	-8.8	17.0	
4.25000	-0.2	14336	20.4	17.0	3.4	8.2	-8.8	17.0	
4.25391	-0.1	14336	20.5	17.0	3.5	8.2	-8.8	17.0	
4.25781	-0.0	14336	20.5	17.0	3.5	8.2	-8.8	17.0	
4.26172	0.1	14336	20.5	17.0	3.5	8.2	-8.8	17.0	
4.26562	0.2	14336	20.6	17.0	3.6	8.2	-8.8	17.0	
4.26953	0.3	14336	20.6	17.0	3.6	8.2	-8.8	17.0	
4.27344	0.4	14336	20.5	17.0	3.5	8.2	-8.8	17.0	
4.27734	0.4	14336	20.5	17.0	3.5	8.2	-8.8	17.0	
4.28125	0.5	14336	20.5	17.0	3.5	8.2	-8.8	17.0	
4.28516	0.5	14336	20.5	17.0	3.5	8.2	-8.8	17.0	
4.28906	0.6	14336	20.4	17.0	3.4	8.2	-8.8	17.0	
4.29297	0.6	14336	20.4	17.0	3.4	8.2	-8.8	17.0	
4.29688	0.6	14336	20.3	17.0	3.3	8.2	-8.8	17.0	
4.30078	0.5	14336	20.3	17.0	3.3	8.2	-8.8	17.0	
4.30469	0.5	14336	20.3	17.0	3.3	8.2	-8.8	17.0	
4.30859	0.5	14336	20.2	17.0	3.2	8.2	-8.8	17.0	
4.31250	0.4	14336	20.2	17.0	3.2	8.2	-8.8	17.0	
4.31641	0.3	14336	20.2	17.0	3.2	8.2	-8.8	17.0	
4.32031	0.3	14336	20.2	17.0	3.2	8.2	-8.8	17.0	
4.32422	0.3	14336	20.2	17.0	3.2	8.2	-8.8	17.0	
4.32812	0.2	14336	20.2	17.0	3.2	8.2	-8.8	17.0	
4.33203	0.2	14337	20.2	17.0	3.2	8.2	-8.8	17.0	
4.33594	0.2	14337	20.2	17.0	3.2	8.2	-8.8	17.0	
4.33984	0.2	14337	20.2	17.0	3.2	8.2	-8.8	17.0	
4.34375	0.1	14337	20.2	17.0	3.2	8.2	-8.8	17.0	
4.34766	0.1	14337	20.2	17.0	3.2	8.2	-8.8	17.0	
4.35156	0.1	14337	20.3	17.0	3.3	8.2	-8.8	17.0	
4.35547	0.1	14337	20.3	17.0	3.3	8.2	-8.8	17.0	
4.35938	0.2	14337	20.3	17.0	3.3	8.2	-8.8	17.0	
4.36328	0.2	14337	20.3	17.0	3.3	8.2	-8.8	17.0	
4.36719	0.3	14337	20.3	17.0	3.3	8.2	-8.8	17.0	
4.37109	0.3	14337	20.3	17.0	3.3	8.2	-8.8	17.0	
4.37500	0.3	14337	20.3	17.1	3.2	8.2	-8.9	17.1	
4.37891	0.4	14337	20.3	17.1	3.2	8.2	-8.9	17.1	
4.38281	0.4	14337	20.3	17.1	3.2	8.2	-8.9	17.1	
4.38672	0.4	14337	20.3	17.1	3.2	8.2	-8.9	17.1	
4.39062	0.5	14337	20.2	17.1	3.1	8.2	-8.9	17.1	
4.39453	0.5	14337	20.2	17.1	3.1	8.2	-8.9	17.1	
4.39844	0.5	14337	20.2	17.1	3.1	8.2	-8.9	17.1	
4.40234	0.5	14337	20.1	17.1	3.0	8.2	-8.9	17.1	
4.40625	0.5	14337	20.1	17.1	3.0	8.2	-8.9	17.1	
4.41016	0.5	14337	20.1	17.1	3.0	8.2	-8.9	17.1	
4.41406	0.4	14337	20.0	17.1	2.9	8.2	-8.9	17.1	
4.41797	0.4	14337	20.0	17.1	2.9	8.2	-8.9	17.1	
4.42188	0.4	14337	20.0	17.1	2.9	8.2	-8.9	17.1	
4.42578	0.3	14337	20.0	17.1	2.9	8.2	-8.9	17.1	
4.42969	0.3	14337	20.0	17.1	2.9	8.2	-8.9	17.1	
4.43359	0.3	14337	19.9	17.1	2.8	8.2	-8.9	17.1	
4.43750	0.2	14337	19.9	17.1	2.8	8.2	-8.9	17.1	
4.44141	0.2	14337	19.9	17.1	2.8	8.2	-8.9	17.1	
4.44531	0.2	14337	19.9	17.1	2.8	8.2	-8.9	17.1	
4.44922	0.2	14337	19.9	17.1	2.8	8.2	-8.9	17.1	
4.45312	0.2	14337	19.9	17.2	2.7	8.2	-9.0	17.2	
4.45703	0.2	14337	19.9	17.2	2.7	8.2	-9.0	17.2	
4.46094	0.2	14337	19.9	17.1	2.8	8.2	-8.9	17.1	
4.46484	0.2	14337	20.0	17.1	2.9	8.2	-8.9	17.1	
4.46875	0.2	14337	20.0	17.1	2.9	8.2	-8.9	17.1	
4.47266	0.2	14337	20.0	17.1	2.9	8.2	-8.9	17.1	
4.47656	0.3	14337	19.9	17.1	2.8	8.2	-8.9	17.1	
4.48047	0.3	14337	19.9	17.1	2.8	8.2	-8.9	17.1	
4.48438	0.3	14337	20.0	17.1	2.9	8.2	-8.9	17.1	
4.48828	0.3	14337	19.9	17.1	2.8	8.2	-8.9	17.1	
4.49219	0.3	14337	19.9	17.1	2.8	8.2	-8.9	17.1	
4.49609	0.3	14337	19.9	17.1	2.8	8.2	-8.9	17.1	
4.50000	0.3	14337	19.9	17.1	2.8	8.2	-8.9	17.1	
4.50391	0.3	14337	19.9	17.1	2.8	8.2	-8.9	17.1	
4.50781	0.4	14337	19.9	17.1	2.8	8.2	-8.9	17.1	
4.51172	0.4	14337	19.9	17.1	2.8	8.2	-8.9	17.1	
4.51562	0.3	14337	19.8	17.1	2.7	8.2	-8.9	17.1	
4.51953	0.3	14337	19.8	17.1	2.7	8.2	-8.9	17.1	
4.52344	0.3	14337	19.8	17.1	2.7	8.2	-8.9	17.1	
4.52734	0.3	14337	19.8	17.1	2.7	8.2	-8.9	17.1	
4.53125	0.3	14337	19.8	17.1	2.7	8.2	-8.9	17.1	
4.53516	0.3	14338	19.8	17.1	2.7	8.2	-8.9	17.1	
4.53906	0.2	14338	19.8	17.1	2.7	8.2	-8.9	17.1	
4.54297	0.2	14338	19.8	17.1	2.7	8.2	-8.9	17.1	
4.54688	0.2	14338	19.8	17.1	2.7	8.2	-8.9	17.1	
4.55078	0.2	14338	19.8	17.1	2.7	8.2	-8.9	17.1	
4.55469	0.2	14338	19.8	17.0	2.8	8.2	-8.8	17.0	
4.55859	0.2	14338	19.8	17.0	2.8	8.2	-8.8	17.0	
4.56250	0.2	14338	19.8	17.0	2.8	8.2	-8.8	17.0	
4.56641	0.2	14338	19.8	17.0	2.8	8.2	-8.8	17.0	
4.57031	0.2	14338	19.9	17.0	2.9	8.2	-8.8	17.0	
4.57422	0.2	14338	19.9	17.0	2.9	8.2	-8.8	17.0	
4.57812	0.2	14338	19.9	17.1	2.8	8.2	-8.9	17.1	
4.58203	0.2	14338	19.9	17.1	2.8	8.2	-8.9	17.1	
4.58594	0.2	14338	19.9	17.0	2.9	8.2	-8.8	17.0	
4.58984	0.2	14338	19.9	17.0	2.9	8.2	-8.8	17.0	
4.59375	0.2	14338	20.0	17.0	3.0	8.2	-8.8	17.0	
4.59766	0.3	14338	20.0	17.0	3.0	8.2	-8.8	17.0	
4.60156	0.3	14338	19.9	17.0	2.9	8.2	-8.8	17.0	
4.60547	0.3	14338	20.0	17.0	3.0	8.2	-8.8	17.0	
4.60938	0.3	14338	20.0	17.0	3.0	8.2	-8.8	17.0	
4.61328	0.3	14338	20.0	17.0	3.0	8.2	-8.8	17.0	
4.61719	0.2	14338	20.0	17.0	3.0	8.2	-8.8	17.0	
4.62109	0.3	14338	20.0	17.0	3.0	8.2	-8.8	17.0	
4.62500	0.3	14338	20.0	17.0	3.0	8.2	-8.8	17.0	
4.62891	0.2	14338	20.0	17.0	3.0	8.2	-8.8	17.0	
4.63281	0.2	14338	20.0	17.0	3.0	8.2	-8.8	17.0	
4.63672	0.3	14338	20.0	17.0	3.0	8.2	-8.8	17.0	
4.64062	0.2	14338	20.0	17.1	2.9	8.2	-8.9	17.1	
4.64453	0.2	14338	20.0	17.1	2.9	8.2	-8.9	17.1	
4.64844	0.2	14338	20.0	17.1	2.9	8.2	-8.9	17.1	
4.65234	0.2	14338	20.0	17.1	2.9	8.2	-8.9	17.1	
4.65625	0.2	14338	20.0	17.1	2.9	8.2	-8.9	17.1	
4.66016	0.3	14338	20.0	17.1	2.9	8.2	-8.9	17.1	
4.66406	0.3	14338	20.0	17.1	2.9	8.2	-8.9	17.1	
4.66797	0.3	14338	20.0	17.1	2.9	8.2	-8.9	17.1	
4.67188	0.3	14338	20.0	17.1	2.9	8.2	-8.9	17.1	
4.67578	0.3	14338	20.0	17.2	2.8	8.2	-9.0	17.2	
4.67969	0.3	14338	20.0	17.2	2.8	8.2	-9.0	17.2	
4.68359	0.3	14338	20.0	17.2	2.8	8.2	-9.0	17.2	
4.68750	0.3	14338	20.0	17.2	2.8	8.2	-9.0	17.2	
4.69141	0.3	14338	20.0	17.2	2.8	8.2	-9.0	17.2	
4.69531	0.3	14338	20.0	17.2	2.8	8.2	-9.0	17.2	
4.69922	0.3	14338	20.0	17.2	2.8	8.2	-9.0	17.2	
4.70312	0.3	14338	20.0	17.2	2.8	8.2	-9.0	17.2	
4.70703	0.3	14338	20.0	17.2	2.8	8.2	-9.0	17.2	
4.71094	0.3	14338	20.0	17.2	2.8	8.2	-9.0	17.2	
4.71484	0.3	14338	20.0	17.2	2.8	8.2	-9.0	17.2	
4.71875	0.3	14338	20.0	17.1	2.9	8.2	-8.9	17.1	
4.72266	0.3	14338	20.0	17.1	2.9	8.2	-8.9	17.1	
4.72656	0.3	14338	19.9	17.1	2.8	8.2	-8.9	17.1	
4.73047	0.3	14338	19.9	17.1	2.8	8.2	-8.9	17.1	
4.73438	0.3	14338	19.9	17.1	2.8	8.2	-8.9	17.1	
4.73828	0.3	14338	19.9	17.1	2.8	8.2	-8.9	17.1	
4.74219	0.3	14338	19.9	17.1	2.8	8.2	-8.9	17.1	
4.74609	0.3	14338	19.9	17.1	2.8	8.2	-8.9	17.1	
4.75000	0.4	14338	20.0	17.1	2.9	8.2	-8.9	17.1	
4.75391	0.5	14338	20.0	17.1	2.9	8.2	-8.9	17.1	
4.75781	0.7	14339	20.1	17.1	3.0	8.2	-8.9	17.1	
4.76172	1.0	14339	20.2	17.0	3.2	8.2	-8.8	17.0	
4.76562	1.7	14339	20.4	17.0	3.4	8.2	-8.8	17.0	
4.76953	2.6	14339	20.6	17.0	3.6	8.2	-8.8	17.0	
4.77344	4.0	14339	20.9	17.0	3.9	8.2	-8.8	17.0	
4.77734	5.9	14340	21.2	17.0	4.2	8.2	-8.8	17.0	
4.78125	8.1	14340	21.5	17.0	4.5	8.2	-8.8	17.0	
4.78516	10.7	14341	21.8	17.0	4.8	8.2	-8.8	17.0	
4.78906	13.4	14342	22.1	17.0	5.1	8.2	-8.8	17.0	
4.79297	16.2	14343	22.4	17.0	5.4	8.2	-8.8	17.0	
4.79688	19.0	14344	22.7	17.0	5.7	8.2	-8.8	17.0	
4.80078	21.7	14345	23.0	17.1	5.9	8.2	-8.9	17.1	
4.80469	24.1	14347	23.2	17.0	6.2	8.2	-8.8	17.0	
