FluxView - FluxMed acquisition system
Signal file
Serial Number	:
W version:	1.20h-OX-CO2	File version:	1.13
Sampling rate:	256 Hz
Time	Flow	Volume	Paw	Pes	Ptpulm	Pga	Ptdiaf	CO2	
0.00391	0.2	368	21.2	14.4	6.8	0.7	-13.7	14.4	
0.00781	0.4	368	21.2	14.4	6.8	0.7	-13.7	14.4	
0.01172	0.5	368	21.2	14.4	6.8	0.7	-13.7	14.4	
0.01562	0.5	368	21.1	14.4	6.7	0.7	-13.7	14.4	
0.01953	0.5	368	21.1	14.4	6.7	0.7	-13.7	14.4	
0.02344	0.5	368	21.1	14.3	6.8	0.7	-13.6	14.3	
0.02734	0.5	368	21.0	14.3	6.7	0.7	-13.6	14.3	
0.03125	0.5	368	21.0	14.3	6.7	0.7	-13.6	14.3	
0.03516	0.4	368	20.9	14.3	6.6	0.7	-13.6	14.3	
0.03906	0.4	368	20.9	14.3	6.6	0.7	-13.6	14.3	
0.04297	0.3	368	20.8	14.2	6.6	0.7	-13.5	14.2	
0.04688	0.2	368	20.8	14.2	6.6	0.7	-13.5	14.2	
0.05078	0.1	368	20.8	14.2	6.6	0.7	-13.5	14.2	
0.05469	-0.0	368	20.7	14.2	6.5	0.7	-13.5	14.2	
0.05859	-0.1	368	20.7	14.2	6.5	0.7	-13.5	14.2	
0.06250	-0.2	368	20.7	14.2	6.5	0.7	-13.5	14.2	
0.06641	-0.3	368	20.7	14.1	6.6	0.7	-13.4	14.1	
0.07031	-0.3	368	20.8	14.1	6.7	0.7	-13.4	14.1	
0.07422	-0.3	368	20.8	14.1	6.7	0.7	-13.4	14.1	
0.07812	-0.4	368	20.8	14.1	6.7	0.7	-13.4	14.1	
0.08203	-0.5	368	20.8	14.1	6.7	0.7	-13.4	14.1	
0.08594	-0.5	368	20.9	14.0	6.9	0.7	-13.3	14.0	
0.08984	-0.5	368	20.9	14.0	6.9	0.7	-13.3	14.0	
0.09375	-0.4	368	20.9	14.0	6.9	0.7	-13.3	14.0	
0.09766	-0.4	368	21.0	14.0	7.0	0.7	-13.3	14.0	
0.10156	-0.5	368	21.0	14.0	7.0	0.7	-13.3	14.0	
0.10547	-0.4	368	21.1	14.0	7.1	0.7	-13.3	14.0	
0.10938	-0.4	368	21.1	13.9	7.2	0.7	-13.2	13.9	
0.11328	-0.3	368	21.2	13.9	7.3	0.7	-13.2	13.9	
0.11719	-0.3	368	21.2	13.9	7.3	0.7	-13.2	13.9	
0.12109	-0.3	368	21.2	13.9	7.3	0.7	-13.2	13.9	
0.12500	-0.3	368	21.3	13.9	7.4	0.7	-13.2	13.9	
0.12891	-0.2	368	21.3	13.9	7.4	0.7	-13.2	13.9	
0.13281	-0.2	368	21.3	13.9	7.4	0.7	-13.2	13.9	
0.13672	-0.2	368	21.3	13.8	7.5	0.7	-13.1	13.8	
0.14062	-0.2	368	21.3	13.8	7.5	0.7	-13.1	13.8	
0.14453	-0.1	368	21.3	13.8	7.5	0.7	-13.1	13.8	
0.14844	-0.1	368	21.3	13.8	7.5	0.7	-13.1	13.8	
0.15234	-0.1	368	21.3	13.8	7.5	0.7	-13.1	13.8	
0.15625	-0.1	368	21.4	13.8	7.6	0.7	-13.1	13.8	
0.16016	-0.1	368	21.3	13.8	7.5	0.7	-13.1	13.8	
0.16406	-0.2	368	21.3	13.8	7.5	0.7	-13.1	13.8	
0.16797	-0.2	368	21.3	13.8	7.5	0.7	-13.1	13.8	
0.17188	-0.2	368	21.3	13.7	7.6	0.7	-13.0	13.7	
0.17578	-0.2	368	21.4	13.7	7.7	0.7	-13.0	13.7	
0.17969	-0.2	368	21.4	13.7	7.7	0.7	-13.0	13.7	
0.18359	-0.2	368	21.4	13.7	7.7	0.7	-13.0	13.7	
0.18750	-0.2	368	21.3	13.7	7.6	0.7	-13.0	13.7	
0.19141	-0.2	368	21.4	13.7	7.7	0.7	-13.0	13.7	
0.19531	-0.2	368	21.4	13.7	7.7	0.7	-13.0	13.7	
0.19922	-0.2	368	21.4	13.6	7.8	0.7	-12.9	13.6	
0.20312	-0.2	368	21.4	13.6	7.8	0.7	-12.9	13.6	
0.20703	-0.2	368	21.4	13.6	7.8	0.7	-12.9	13.6	
0.21094	-0.2	368	21.4	13.6	7.8	0.7	-12.9	13.6	
0.21484	-0.2	367	21.4	13.6	7.8	0.7	-12.9	13.6	
0.21875	-0.2	367	21.5	13.6	7.9	0.7	-12.9	13.6	
0.22266	-0.2	367	21.5	13.6	7.9	0.7	-12.9	13.6	
0.22656	-0.2	367	21.5	13.6	7.9	0.7	-12.9	13.6	
0.23047	-0.2	367	21.5	13.6	7.9	0.7	-12.9	13.6	
0.23438	-0.2	367	21.5	13.6	7.9	0.7	-12.9	13.6	
0.23828	-0.1	367	21.5	13.5	8.0	0.7	-12.8	13.5	
0.24219	-0.2	367	21.5	13.5	8.0	0.7	-12.8	13.5	
0.24609	-0.2	367	21.5	13.5	8.0	0.7	-12.8	13.5	
0.25000	-0.2	367	21.5	13.5	8.0	0.7	-12.8	13.5	
0.25391	-0.2	367	21.5	13.5	8.0	0.7	-12.8	13.5	
0.25781	-0.2	367	21.5	13.5	8.0	0.7	-12.8	13.5	
0.26172	-0.2	367	21.5	13.6	7.9	0.7	-12.9	13.6	
0.26562	-0.2	367	21.5	13.6	7.9	0.7	-12.9	13.6	
0.26953	-0.2	367	21.5	13.6	7.9	0.7	-12.9	13.6	
0.27344	-0.2	367	21.5	13.6	7.9	0.7	-12.9	13.6	
0.27734	-0.2	367	21.6	13.6	8.0	0.7	-12.9	13.6	
0.28125	-0.2	367	21.6	13.6	8.0	0.7	-12.9	13.6	
0.28516	-0.2	367	21.6	13.6	8.0	0.7	-12.9	13.6	
0.28906	-0.2	367	21.6	13.6	8.0	0.7	-12.9	13.6	
0.29297	-0.1	367	21.6	13.6	8.0	0.7	-12.9	13.6	
0.29688	-0.2	367	21.6	13.6	8.0	0.7	-12.9	13.6	
0.30078	-0.1	367	21.5	13.6	7.9	0.7	-12.9	13.6	
0.30469	-0.1	367	21.5	13.6	7.9	0.7	-12.9	13.6	
0.30859	-0.1	367	21.5	13.6	7.9	0.7	-12.9	13.6	
0.31250	-0.1	367	21.5	13.6	7.9	0.7	-12.9	13.6	
0.31641	-0.1	367	21.5	13.6	7.9	0.7	-12.9	13.6	
0.32031	-0.1	367	21.5	13.6	7.9	0.7	-12.9	13.6	
0.32422	-0.1	367	21.5	13.6	7.9	0.7	-12.9	13.6	
0.32812	-0.1	367	21.5	13.6	7.9	0.7	-12.9	13.6	
0.33203	-0.1	367	21.5	13.6	7.9	0.7	-12.9	13.6	
0.33594	-0.1	367	21.5	13.6	7.9	0.7	-12.9	13.6	
0.33984	-0.2	367	21.5	13.6	7.9	0.7	-12.9	13.6	
0.34375	-0.2	367	21.5	13.6	7.9	0.7	-12.9	13.6	
0.34766	-0.2	367	21.5	13.6	7.9	0.7	-12.9	13.6	
0.35156	-0.2	367	21.5	13.6	7.9	0.7	-12.9	13.6	
0.35547	-0.2	367	21.5	13.7	7.8	0.7	-13.0	13.7	
0.35938	-0.2	367	21.5	13.7	7.8	0.7	-13.0	13.7	
0.36328	-0.2	367	21.5	13.7	7.8	0.7	-13.0	13.7	
0.36719	-0.2	367	21.5	13.7	7.8	0.7	-13.0	13.7	
0.37109	-0.2	367	21.5	13.7	7.8	0.7	-13.0	13.7	
0.37500	-0.2	367	21.5	13.7	7.8	0.7	-13.0	13.7	
0.37891	-0.2	367	21.5	13.7	7.8	0.7	-13.0	13.7	
0.38281	-0.1	367	21.5	13.7	7.8	0.7	-13.0	13.7	
0.38672	-0.1	367	21.5	13.8	7.7	0.7	-13.1	13.8	
0.39062	-0.1	367	21.5	13.8	7.7	0.7	-13.1	13.8	
0.39453	-0.1	367	21.5	13.8	7.7	0.7	-13.1	13.8	
0.39844	-0.1	367	21.5	13.8	7.7	0.7	-13.1	13.8	
0.40234	-0.1	367	21.5	13.8	7.7	0.7	-13.1	13.8	
0.40625	-0.1	367	21.5	13.9	7.6	0.7	-13.2	13.9	
0.41016	-0.1	367	21.5	13.9	7.6	0.7	-13.2	13.9	
0.41406	-0.1	367	21.5	13.9	7.6	0.7	-13.2	13.9	
0.41797	-0.1	367	21.5	13.9	7.6	0.7	-13.2	13.9	
0.42188	-0.1	367	21.4	13.9	7.5	0.7	-13.2	13.9	
0.42578	-0.1	367	21.4	13.9	7.5	0.7	-13.2	13.9	
0.42969	-0.1	367	21.4	14.0	7.4	0.7	-13.3	14.0	
0.43359	-0.1	367	21.4	14.0	7.4	0.7	-13.3	14.0	
0.43750	-0.1	367	21.4	14.0	7.4	0.8	-13.2	14.0	
0.44141	-0.2	367	21.4	14.0	7.4	0.8	-13.2	14.0	
0.44531	-0.2	367	21.4	14.0	7.4	0.8	-13.2	14.0	
0.44922	-0.2	367	21.4	14.1	7.3	0.8	-13.3	14.1	
0.45312	-0.2	367	21.4	14.1	7.3	0.8	-13.3	14.1	
0.45703	-0.2	367	21.4	14.1	7.3	0.8	-13.3	14.1	
0.46094	-0.2	367	21.4	14.1	7.3	0.8	-13.3	14.1	
0.46484	-0.2	367	21.4	14.1	7.3	0.8	-13.3	14.1	
0.46875	-0.2	367	21.4	14.1	7.3	0.8	-13.3	14.1	
0.47266	-0.2	367	21.5	14.1	7.4	0.8	-13.3	14.1	
0.47656	-0.2	367	21.4	14.1	7.3	0.8	-13.3	14.1	
0.48047	-0.2	367	21.5	14.2	7.3	0.8	-13.4	14.2	
0.48438	-0.2	367	21.5	14.2	7.3	0.8	-13.4	14.2	
0.48828	-0.2	367	21.5	14.2	7.3	0.8	-13.4	14.2	
0.49219	-0.2	367	21.5	14.2	7.3	0.8	-13.4	14.2	
0.49609	-0.2	367	21.5	14.2	7.3	0.8	-13.4	14.2	
0.50000	-0.2	367	21.5	14.2	7.3	0.8	-13.4	14.2	
0.50391	-0.2	367	21.5	14.2	7.3	0.8	-13.4	14.2	
0.50781	-0.2	367	21.5	14.2	7.3	0.8	-13.4	14.2	
0.51172	-0.2	367	21.6	14.2	7.4	0.8	-13.4	14.2	
0.51562	-0.2	367	21.6	14.2	7.4	0.8	-13.4	14.2	
0.51953	-0.2	367	21.6	14.2	7.4	0.8	-13.4	14.2	
0.52344	-0.2	367	21.6	14.2	7.4	0.8	-13.4	14.2	
0.52734	-0.2	367	21.6	14.2	7.4	0.8	-13.4	14.2	
0.53125	-0.2	367	21.6	14.2	7.4	0.8	-13.4	14.2	
0.53516	-0.1	367	21.6	14.3	7.3	0.8	-13.5	14.3	
0.53906	-0.2	367	21.6	14.3	7.3	0.8	-13.5	14.3	
0.54297	-0.2	367	21.6	14.3	7.3	0.8	-13.5	14.3	
0.54688	-0.2	367	21.6	14.3	7.3	0.8	-13.5	14.3	
0.55078	-0.2	367	21.6	14.3	7.3	0.8	-13.5	14.3	
0.55469	-0.2	367	21.6	14.3	7.3	0.8	-13.5	14.3	
0.55859	-0.2	367	21.6	14.3	7.3	0.8	-13.5	14.3	
0.56250	-0.2	367	21.6	14.3	7.3	0.8	-13.5	14.3	
0.56641	-0.2	366	21.6	14.3	7.3	0.8	-13.5	14.3	
0.57031	-0.2	366	21.7	14.3	7.4	0.8	-13.5	14.3	
0.57422	-0.2	366	21.7	14.3	7.4	0.8	-13.5	14.3	
0.57812	-0.2	366	21.7	14.3	7.4	0.8	-13.5	14.3	
0.58203	-0.2	366	21.7	14.4	7.3	0.8	-13.6	14.4	
0.58594	-0.2	366	21.7	14.4	7.3	0.8	-13.6	14.4	
0.58984	-0.2	366	21.7	14.4	7.3	0.8	-13.6	14.4	
0.59375	-0.2	366	21.7	14.4	7.3	0.8	-13.6	14.4	
0.59766	-0.2	366	21.7	14.4	7.3	0.8	-13.6	14.4	
0.60156	-0.2	366	21.7	14.4	7.3	0.8	-13.6	14.4	
0.60547	-0.2	366	21.7	14.4	7.3	0.8	-13.6	14.4	
0.60938	-0.2	366	21.8	14.4	7.4	0.8	-13.6	14.4	
0.61328	-0.2	366	21.7	14.4	7.3	0.8	-13.6	14.4	
0.61719	-0.2	366	21.8	14.4	7.4	0.8	-13.6	14.4	
0.62109	-0.2	366	21.8	14.4	7.4	0.8	-13.6	14.4	
0.62500	-0.2	366	21.8	14.4	7.4	0.8	-13.6	14.4	
0.62891	-0.2	366	21.8	14.4	7.4	0.8	-13.6	14.4	
0.63281	-0.2	366	21.8	14.4	7.4	0.8	-13.6	14.4	
0.63672	-0.2	366	21.8	14.4	7.4	0.8	-13.6	14.4	
0.64062	-0.2	366	21.8	14.4	7.4	0.8	-13.6	14.4	
0.64453	-0.2	366	21.8	14.4	7.4	0.8	-13.6	14.4	
0.64844	-0.2	366	21.8	14.4	7.4	0.8	-13.6	14.4	
0.65234	-0.2	366	21.8	14.4	7.4	0.8	-13.6	14.4	
0.65625	-0.2	366	21.8	14.4	7.4	0.8	-13.6	14.4	
0.66016	-0.2	366	21.8	14.4	7.4	0.8	-13.6	14.4	
0.66406	-0.2	366	21.8	14.4	7.4	0.8	-13.6	14.4	
0.66797	-0.2	366	21.8	14.4	7.4	0.8	-13.6	14.4	
0.67188	-0.2	366	21.9	14.4	7.5	0.8	-13.6	14.4	
0.67578	-0.2	366	21.9	14.4	7.5	0.8	-13.6	14.4	
0.67969	-0.2	366	21.9	14.4	7.5	0.8	-13.6	14.4	
0.68359	-0.2	366	21.9	14.4	7.5	0.8	-13.6	14.4	
0.68750	-0.2	366	21.9	14.4	7.5	0.8	-13.6	14.4	
0.69141	-0.2	366	21.9	14.5	7.4	0.8	-13.7	14.5	
0.69531	-0.2	366	21.9	14.5	7.4	0.8	-13.7	14.5	
0.69922	-0.2	366	21.9	14.5	7.4	0.8	-13.7	14.5	
0.70312	-0.2	366	21.9	14.5	7.4	0.8	-13.7	14.5	
0.70703	-0.2	366	22.0	14.5	7.5	0.8	-13.7	14.5	
0.71094	-0.2	366	22.0	14.5	7.5	0.8	-13.7	14.5	
0.71484	-0.2	366	22.0	14.5	7.5	0.8	-13.7	14.5	
0.71875	-0.3	366	22.0	14.5	7.5	0.8	-13.7	14.5	
0.72266	-0.2	366	22.1	14.5	7.6	0.8	-13.7	14.5	
0.72656	-0.2	366	22.1	14.5	7.6	0.8	-13.7	14.5	
0.73047	-0.3	366	22.1	14.5	7.6	0.8	-13.7	14.5	
0.73438	-0.3	366	22.1	14.5	7.6	0.8	-13.7	14.5	
0.73828	-0.3	366	22.1	14.6	7.5	0.8	-13.8	14.6	
0.74219	-0.3	366	22.1	14.5	7.6	0.8	-13.7	14.5	
0.74609	-0.3	366	22.2	14.6	7.6	0.8	-13.8	14.6	
0.75000	-0.3	366	22.2	14.6	7.6	0.8	-13.8	14.6	
0.75391	-0.3	366	22.2	14.6	7.6	0.8	-13.8	14.6	
0.75781	-0.3	366	22.2	14.6	7.6	0.8	-13.8	14.6	
0.76172	-0.3	366	22.3	14.6	7.7	0.8	-13.8	14.6	
0.76562	-0.3	366	22.3	14.6	7.7	0.8	-13.8	14.6	
0.76953	-0.3	366	22.3	14.7	7.6	0.8	-13.9	14.7	
0.77344	-0.3	366	22.3	14.7	7.6	0.8	-13.9	14.7	
0.77734	-0.3	366	22.3	14.7	7.6	0.8	-13.9	14.7	
0.78125	-0.2	366	22.4	14.7	7.7	0.8	-13.9	14.7	
0.78516	-0.2	366	22.4	14.7	7.7	0.8	-13.9	14.7	
0.78906	-0.2	366	22.4	14.7	7.7	0.8	-13.9	14.7	
0.79297	-0.2	366	22.4	14.7	7.7	0.8	-13.9	14.7	
0.79688	-0.2	366	22.4	14.8	7.6	0.8	-14.0	14.8	
0.80078	-0.2	366	22.4	14.8	7.6	0.8	-14.0	14.8	
0.80469	-0.2	366	22.4	14.8	7.6	0.8	-14.0	14.8	
0.80859	-0.2	366	22.4	14.8	7.6	0.8	-14.0	14.8	
0.81250	-0.2	366	22.4	14.8	7.6	0.8	-14.0	14.8	
0.81641	-0.2	366	22.4	14.8	7.6	0.8	-14.0	14.8	
0.82031	-0.2	366	22.4	14.9	7.5	0.8	-14.1	14.9	
0.82422	-0.1	366	22.4	14.9	7.5	0.8	-14.1	14.9	
0.82812	-0.2	366	22.4	14.9	7.5	0.8	-14.1	14.9	
0.83203	-0.2	366	22.4	14.9	7.5	0.8	-14.1	14.9	
0.83594	-0.2	366	22.4	14.9	7.5	0.8	-14.1	14.9	
0.83984	-0.2	366	22.4	14.9	7.5	0.8	-14.1	14.9	
0.84375	-0.2	365	22.4	14.9	7.5	0.8	-14.1	14.9	
0.84766	-0.2	365	22.5	15.0	7.5	0.8	-14.2	15.0	
0.85156	-0.2	365	22.5	15.0	7.5	0.8	-14.2	15.0	
0.85547	-0.3	365	22.5	15.0	7.5	0.8	-14.2	15.0	
0.85938	-0.3	365	22.5	15.0	7.5	0.8	-14.2	15.0	
0.86328	-0.3	365	22.5	15.0	7.5	0.8	-14.2	15.0	
0.86719	-0.3	365	22.5	15.1	7.4	0.8	-14.3	15.1	
0.87109	-0.3	365	22.6	15.1	7.5	0.8	-14.3	15.1	
0.87500	-0.3	365	22.6	15.1	7.5	0.8	-14.3	15.1	
0.87891	-0.4	365	22.6	15.1	7.5	0.8	-14.3	15.1	
0.88281	-0.4	365	22.7	15.1	7.6	0.8	-14.3	15.1	
0.88672	-0.4	365	22.7	15.2	7.5	0.8	-14.4	15.2	
0.89062	-0.4	365	22.7	15.2	7.5	0.8	-14.4	15.2	
0.89453	-0.4	365	22.7	15.2	7.5	0.8	-14.4	15.2	
0.89844	-0.4	365	22.8	15.2	7.6	0.8	-14.4	15.2	
0.90234	-0.4	365	22.8	15.2	7.6	0.8	-14.4	15.2	
0.90625	-0.3	365	22.8	15.2	7.6	0.8	-14.4	15.2	
0.91016	-0.3	365	22.9	15.2	7.7	0.8	-14.4	15.2	
0.91406	-0.3	365	22.9	15.3	7.6	0.8	-14.5	15.3	
0.91797	-0.2	365	22.9	15.3	7.6	0.8	-14.5	15.3	
0.92188	-0.2	365	22.9	15.3	7.6	0.8	-14.5	15.3	
0.92578	-0.2	365	22.9	15.3	7.6	0.8	-14.5	15.3	
0.92969	-0.2	365	22.9	15.3	7.6	0.8	-14.5	15.3	
0.93359	-0.2	365	22.9	15.3	7.6	0.8	-14.5	15.3	
0.93750	-0.1	365	23.0	15.3	7.7	0.8	-14.5	15.3	
0.94141	-0.1	365	22.9	15.3	7.6	0.8	-14.5	15.3	
0.94531	-0.2	365	23.0	15.3	7.7	0.8	-14.5	15.3	
0.94922	-0.2	365	23.0	15.3	7.7	0.8	-14.5	15.3	
0.95312	-0.2	365	23.0	15.3	7.7	0.8	-14.5	15.3	
0.95703	-0.3	365	23.0	15.3	7.7	0.8	-14.5	15.3	
0.96094	-0.3	365	23.0	15.3	7.7	0.8	-14.5	15.3	
0.96484	-0.4	365	23.0	15.3	7.7	0.8	-14.5	15.3	
0.96875	-0.5	365	23.1	15.3	7.8	0.8	-14.5	15.3	
0.97266	-0.6	365	23.1	15.3	7.8	0.8	-14.5	15.3	
0.97656	-0.6	365	23.2	15.3	7.9	0.8	-14.5	15.3	
0.98047	-0.8	365	23.2	15.3	7.9	0.8	-14.5	15.3	
0.98438	-0.9	365	23.3	15.4	7.9	0.8	-14.6	15.4	
0.98828	-0.9	365	23.4	15.4	8.0	0.8	-14.6	15.4	
0.99219	-1.0	365	23.4	15.4	8.0	0.8	-14.6	15.4	
0.99609	-1.0	365	23.5	15.4	8.1	0.8	-14.6	15.4	
1.00000	-1.1	364	23.6	15.4	8.2	0.8	-14.6	15.4	
1.00391	-1.1	364	23.7	15.4	8.3	0.8	-14.6	15.4	
1.00781	-1.1	364	23.7	15.4	8.3	0.8	-14.6	15.4	
1.01172	-1.0	364	23.8	15.4	8.4	0.8	-14.6	15.4	
1.01562	-1.0	364	23.9	15.4	8.5	0.8	-14.6	15.4	
1.01953	-1.0	364	24.0	15.5	8.5	0.8	-14.7	15.5	
1.02344	-0.9	364	24.0	15.5	8.5	0.8	-14.7	15.5	
1.02734	-0.9	364	24.1	15.5	8.6	0.8	-14.7	15.5	
1.03125	-0.8	364	24.2	15.5	8.7	0.8	-14.7	15.5	
1.03516	-0.7	364	24.2	15.5	8.7	0.8	-14.7	15.5	
1.03906	-0.6	364	24.3	15.5	8.8	0.8	-14.7	15.5	
1.04297	-0.6	364	24.3	15.6	8.7	0.8	-14.8	15.6	
1.04688	-0.6	364	24.3	15.6	8.7	0.8	-14.8	15.6	
1.05078	-0.5	364	24.4	15.6	8.8	0.8	-14.8	15.6	
1.05469	-0.5	364	24.4	15.6	8.8	0.8	-14.8	15.6	
1.05859	-0.5	364	24.5	15.6	8.9	0.8	-14.8	15.6	
1.06250	-0.5	364	24.5	15.7	8.8	0.8	-14.9	15.7	
1.06641	-0.5	364	24.6	15.7	8.9	0.8	-14.9	15.7	
1.07031	-0.5	364	24.6	15.7	8.9	0.8	-14.9	15.7	
1.07422	-0.5	364	24.7	15.7	9.0	0.8	-14.9	15.7	
1.07812	-0.5	364	24.7	15.7	9.0	0.8	-14.9	15.7	
1.08203	-0.6	363	24.7	15.8	8.9	0.8	-15.0	15.8	
1.08594	-0.6	363	24.8	15.8	9.0	0.8	-15.0	15.8	
1.08984	-0.6	363	24.9	15.8	9.1	0.8	-15.0	15.8	
1.09375	-0.6	363	24.9	15.8	9.1	0.8	-15.0	15.8	
1.09766	-0.6	363	24.9	15.9	9.0	0.8	-15.1	15.9	
1.10156	-0.6	363	25.0	15.9	9.1	0.8	-15.1	15.9	
1.10547	-0.7	363	25.0	15.9	9.1	0.8	-15.1	15.9	
1.10938	-0.6	363	25.1	15.9	9.2	0.8	-15.1	15.9	
1.11328	-0.6	363	25.1	16.0	9.1	0.8	-15.2	16.0	
1.11719	-0.6	363	25.2	16.0	9.2	0.8	-15.2	16.0	
1.12109	-0.5	363	25.2	16.0	9.2	0.8	-15.2	16.0	
1.12500	-0.5	363	25.3	16.0	9.3	0.8	-15.2	16.0	
1.12891	-0.5	363	25.3	16.0	9.3	0.8	-15.2	16.0	
1.13281	-0.5	363	25.4	16.1	9.3	0.8	-15.3	16.1	
1.13672	-0.6	363	25.4	16.1	9.3	0.8	-15.3	16.1	
1.14062	-0.6	363	25.5	16.1	9.4	0.8	-15.3	16.1	
1.14453	-0.5	363	25.5	16.2	9.3	0.8	-15.4	16.2	
1.14844	-0.6	363	25.6	16.2	9.4	0.8	-15.4	16.2	
1.15234	-0.6	363	25.6	16.3	9.3	0.8	-15.5	16.3	
1.15625	-0.7	363	25.7	16.3	9.4	0.8	-15.5	16.3	
1.16016	-0.7	363	25.7	16.4	9.3	0.8	-15.6	16.4	
1.16406	-0.8	363	25.8	16.4	9.4	0.8	-15.6	16.4	
1.16797	-0.9	363	25.8	16.4	9.4	0.8	-15.6	16.4	
1.17188	-0.9	363	25.9	16.5	9.4	0.8	-15.7	16.5	
1.17578	-0.9	362	26.0	16.5	9.5	0.8	-15.7	16.5	
1.17969	-0.9	362	26.0	16.6	9.4	0.8	-15.8	16.6	
1.18359	-0.9	362	26.1	16.6	9.5	0.8	-15.8	16.6	
1.18750	-0.9	362	26.1	16.6	9.5	0.8	-15.8	16.6	
1.19141	-0.9	362	26.2	16.7	9.5	0.8	-15.9	16.7	
1.19531	-0.9	362	26.3	16.8	9.5	0.8	-16.0	16.8	
1.19922	-0.9	362	26.3	16.8	9.5	0.8	-16.0	16.8	
1.20312	-0.8	362	26.4	16.8	9.6	0.8	-16.0	16.8	
1.20703	-0.8	362	26.5	16.9	9.6	0.8	-16.1	16.9	
1.21094	-0.8	362	26.5	17.0	9.5	0.8	-16.2	17.0	
1.21484	-0.8	362	26.6	17.0	9.6	0.8	-16.2	17.0	
1.21875	-0.7	362	26.6	17.1	9.5	0.8	-16.3	17.1	
1.22266	-0.8	362	26.7	17.1	9.6	0.8	-16.3	17.1	
1.22656	-0.8	362	26.8	17.2	9.6	0.8	-16.4	17.2	
1.23047	-0.7	362	26.8	17.2	9.6	0.8	-16.4	17.2	
1.23438	-0.7	362	26.9	17.3	9.6	0.8	-16.5	17.3	
1.23828	-0.8	362	26.9	17.3	9.6	0.8	-16.5	17.3	
1.24219	-0.8	362	27.0	17.4	9.6	0.8	-16.6	17.4	
1.24609	-0.8	362	27.0	17.4	9.6	0.8	-16.6	17.4	
1.25000	-0.9	361	27.1	17.5	9.6	0.8	-16.7	17.5	
1.25391	-0.9	361	27.2	17.6	9.6	0.8	-16.8	17.6	
1.25781	-0.9	361	27.2	17.6	9.6	0.8	-16.8	17.6	
1.26172	-1.0	361	27.3	17.7	9.6	0.8	-16.9	17.7	
1.26562	-1.0	361	27.3	17.8	9.5	0.8	-17.0	17.8	
1.26953	-1.0	361	27.4	17.9	9.5	0.8	-17.1	17.9	
1.27344	-1.0	361	27.5	17.9	9.6	0.8	-17.1	17.9	
1.27734	-1.0	361	27.6	18.0	9.6	0.8	-17.2	18.0	
1.28125	-1.0	361	27.6	18.0	9.6	0.8	-17.2	18.0	
1.28516	-1.0	361	27.7	18.1	9.6	0.8	-17.3	18.1	
1.28906	-0.9	361	27.7	18.2	9.5	0.8	-17.4	18.2	
1.29297	-0.8	361	27.8	18.3	9.5	0.8	-17.5	18.3	
1.29688	-0.8	361	27.9	18.3	9.6	0.8	-17.5	18.3	
1.30078	-0.7	361	27.9	18.4	9.5	0.8	-17.6	18.4	
1.30469	-0.6	361	27.9	18.5	9.4	0.8	-17.7	18.5	
1.30859	-0.6	361	28.0	18.6	9.4	0.8	-17.8	18.6	
1.31250	-0.5	361	28.0	18.6	9.4	0.8	-17.8	18.6	
1.31641	-0.5	361	28.1	18.7	9.4	0.8	-17.9	18.7	
1.32031	-0.4	361	28.1	18.8	9.3	0.8	-18.0	18.8	
1.32422	-0.3	360	28.1	18.9	9.2	0.8	-18.1	18.9	
1.32812	-0.3	360	28.1	18.9	9.2	0.8	-18.1	18.9	
1.33203	-0.3	360	28.1	19.0	9.1	0.8	-18.2	19.0	
1.33594	-0.3	360	28.2	19.1	9.1	0.8	-18.3	19.1	
1.33984	-0.3	360	28.2	19.1	9.1	0.8	-18.3	19.1	
1.34375	-0.2	360	28.2	19.2	9.0	0.8	-18.4	19.2	
1.34766	-0.2	360	28.2	19.2	9.0	0.8	-18.4	19.2	
1.35156	-0.2	360	28.3	19.3	9.0	0.8	-18.5	19.3	
1.35547	-0.2	360	28.3	19.3	9.0	0.8	-18.5	19.3	
1.35938	-0.2	360	28.3	19.4	8.9	0.8	-18.6	19.4	
1.36328	-0.2	360	28.3	19.4	8.9	0.8	-18.6	19.4	
1.36719	-0.3	360	28.3	19.5	8.8	0.8	-18.7	19.5	
1.37109	-0.2	360	28.3	19.5	8.8	0.8	-18.7	19.5	
1.37500	-0.2	360	28.3	19.5	8.8	0.8	-18.7	19.5	
1.37891	-0.3	360	28.3	19.6	8.7	0.8	-18.8	19.6	
1.38281	-0.3	360	28.4	19.6	8.8	0.8	-18.8	19.6	
1.38672	-0.2	360	28.4	19.7	8.7	0.8	-18.9	19.7	
1.39062	-0.2	360	28.4	19.7	8.7	0.8	-18.9	19.7	
1.39453	-0.2	360	28.4	19.7	8.7	0.8	-18.9	19.7	
1.39844	-0.2	360	28.4	19.8	8.6	0.8	-19.0	19.8	
1.40234	-0.2	360	28.4	19.8	8.6	0.8	-19.0	19.8	
1.40625	-0.1	360	28.4	19.8	8.6	0.8	-19.0	19.8	
1.41016	-0.1	360	28.4	19.8	8.6	0.8	-19.0	19.8	
1.41406	-0.1	360	28.3	19.9	8.4	0.8	-19.1	19.9	
1.41797	-0.0	360	28.3	19.9	8.4	0.8	-19.1	19.9	
1.42188	0.1	360	28.3	19.9	8.4	0.8	-19.1	19.9	
1.42578	0.1	360	28.3	19.9	8.4	0.8	-19.1	19.9	
1.42969	0.2	360	28.2	19.9	8.3	0.8	-19.1	19.9	
1.43359	0.2	360	28.2	19.9	8.3	0.8	-19.1	19.9	
1.43750	0.3	360	28.1	19.9	8.2	0.8	-19.1	19.9	
1.44141	0.3	360	28.1	19.9	8.2	0.8	-19.1	19.9	
1.44531	0.4	360	28.0	19.9	8.1	0.8	-19.1	19.9	
1.44922	0.4	360	28.0	19.9	8.1	0.8	-19.1	19.9	
1.45312	0.5	360	27.9	19.9	8.0	0.8	-19.1	19.9	
1.45703	0.5	360	27.8	19.9	7.9	0.8	-19.1	19.9	
1.46094	0.5	360	27.8	19.9	7.9	0.8	-19.1	19.9	
1.46484	0.5	360	27.7	19.9	7.8	0.8	-19.1	19.9	
1.46875	0.6	360	27.6	19.9	7.7	0.8	-19.1	19.9	
1.47266	0.5	360	27.6	19.8	7.8	0.8	-19.0	19.8	
1.47656	0.5	361	27.5	19.8	7.7	0.8	-19.0	19.8	
1.48047	0.5	361	27.4	19.8	7.6	0.8	-19.0	19.8	
1.48438	0.5	361	27.4	19.8	7.6	0.8	-19.0	19.8	
1.48828	0.5	361	27.3	19.7	7.6	0.8	-18.9	19.7	
1.49219	0.5	361	27.3	19.7	7.6	0.8	-18.9	19.7	
1.49609	0.5	361	27.2	19.7	7.5	0.8	-18.9	19.7	
1.50000	0.5	361	27.1	19.6	7.5	0.8	-18.8	19.6	
1.50391	0.6	361	27.1	19.6	7.5	0.8	-18.8	19.6	
1.50781	0.5	361	27.0	19.6	7.4	0.8	-18.8	19.6	
1.51172	0.5	361	26.9	19.5	7.4	0.8	-18.7	19.5	
1.51562	0.6	361	26.9	19.5	7.4	0.8	-18.7	19.5	
1.51953	0.6	361	26.8	19.5	7.3	0.8	-18.7	19.5	
1.52344	0.6	361	26.7	19.4	7.3	0.8	-18.6	19.4	
1.52734	0.7	361	26.6	19.4	7.2	0.8	-18.6	19.4	
1.53125	0.8	361	26.6	19.4	7.2	0.8	-18.6	19.4	
1.53516	0.8	361	26.5	19.3	7.2	0.8	-18.5	19.3	
1.53906	0.8	361	26.4	19.3	7.1	0.8	-18.5	19.3	
1.54297	0.9	361	26.3	19.2	7.1	0.8	-18.4	19.2	
1.54688	0.9	361	26.3	19.2	7.1	0.8	-18.4	19.2	
1.55078	0.9	361	26.2	19.1	7.1	0.8	-18.3	19.1	
1.55469	1.0	361	26.1	19.1	7.0	0.8	-18.3	19.1	
1.55859	1.0	361	26.0	19.0	7.0	0.8	-18.2	19.0	
1.56250	1.0	362	25.9	19.0	6.9	0.8	-18.2	19.0	
1.56641	1.0	362	25.8	18.9	6.9	0.8	-18.1	18.9	
1.57031	1.1	362	25.8	18.9	6.9	0.8	-18.1	18.9	
1.57422	1.0	362	25.7	18.8	6.9	0.8	-18.0	18.8	
1.57812	1.0	362	25.6	18.7	6.9	0.8	-17.9	18.7	
1.58203	1.0	362	25.5	18.7	6.8	0.8	-17.9	18.7	
1.58594	1.0	362	25.4	18.6	6.8	0.8	-17.8	18.6	
1.58984	0.9	362	25.4	18.6	6.8	0.8	-17.8	18.6	
1.59375	0.9	362	25.3	18.5	6.8	0.8	-17.7	18.5	
1.59766	0.9	362	25.2	18.4	6.8	0.8	-17.6	18.4	
1.60156	0.8	362	25.1	18.4	6.7	0.8	-17.6	18.4	
1.60547	0.7	362	25.1	18.3	6.8	0.8	-17.5	18.3	
1.60938	0.7	362	25.0	18.3	6.7	0.8	-17.5	18.3	
1.61328	0.6	362	24.9	18.2	6.7	0.8	-17.4	18.2	
1.61719	0.6	362	24.9	18.2	6.7	0.8	-17.4	18.2	
1.62109	0.5	362	24.8	18.1	6.7	0.8	-17.3	18.1	
1.62500	0.4	362	24.8	18.1	6.7	0.8	-17.3	18.1	
1.62891	0.4	362	24.7	18.0	6.7	0.8	-17.2	18.0	
1.63281	0.4	362	24.7	17.9	6.8	0.8	-17.1	17.9	
1.63672	0.3	362	24.6	17.9	6.7	0.8	-17.1	17.9	
1.64062	0.3	362	24.6	17.8	6.8	0.8	-17.0	17.8	
1.64453	0.2	362	24.6	17.8	6.8	0.8	-17.0	17.8	
1.64844	0.2	362	24.5	17.7	6.8	0.8	-16.9	17.7	
1.65234	0.2	363	24.5	17.7	6.8	0.8	-16.9	17.7	
1.65625	0.2	363	24.4	17.7	6.7	0.8	-16.9	17.7	
1.66016	0.2	363	24.4	17.6	6.8	0.8	-16.8	17.6	
1.66406	0.2	363	24.4	17.5	6.9	0.8	-16.7	17.5	
1.66797	0.2	363	24.3	17.5	6.8	0.8	-16.7	17.5	
1.67188	0.2	363	24.2	17.5	6.7	0.8	-16.7	17.5	
1.67578	0.3	363	24.2	17.4	6.8	0.8	-16.6	17.4	
1.67969	0.4	363	24.2	17.4	6.8	0.8	-16.6	17.4	
1.68359	0.4	363	24.1	17.3	6.8	0.8	-16.5	17.3	
1.68750	0.5	363	24.0	17.3	6.7	0.8	-16.5	17.3	
1.69141	0.5	363	24.0	17.3	6.7	0.8	-16.5	17.3	
1.69531	0.6	363	23.9	17.2	6.7	0.8	-16.4	17.2	
1.69922	0.6	363	23.9	17.1	6.8	0.8	-16.3	17.1	
1.70312	0.6	363	23.8	17.1	6.7	0.8	-16.3	17.1	
1.70703	0.7	363	23.7	17.1	6.6	0.8	-16.3	17.1	
1.71094	0.8	363	23.7	17.0	6.7	0.8	-16.2	17.0	
1.71484	0.7	363	23.6	17.0	6.6	0.8	-16.2	17.0	
1.71875	0.7	363	23.5	17.0	6.5	0.8	-16.2	17.0	
1.72266	0.7	363	23.5	16.9	6.6	0.8	-16.1	16.9	
1.72656	0.7	363	23.4	16.8	6.6	0.8	-16.0	16.8	
1.73047	0.6	363	23.4	16.8	6.6	0.8	-16.0	16.8	
1.73438	0.6	363	23.3	16.8	6.5	0.8	-16.0	16.8	
1.73828	0.5	363	23.2	16.7	6.5	0.8	-15.9	16.7	
1.74219	0.5	363	23.2	16.7	6.5	0.8	-15.9	16.7	
1.74609	0.4	363	23.1	16.6	6.5	0.8	-15.8	16.6	
1.75000	0.3	363	23.1	16.6	6.5	0.8	-15.8	16.6	
1.75391	0.2	363	23.1	16.6	6.5	0.8	-15.8	16.6	
1.75781	0.2	363	23.0	16.5	6.5	0.8	-15.7	16.5	
1.76172	0.1	363	23.0	16.5	6.5	0.8	-15.7	16.5	
1.76562	0.1	363	23.0	16.5	6.5	0.8	-15.7	16.5	
1.76953	0.1	363	22.9	16.5	6.4	0.8	-15.7	16.5	
1.77344	0.0	363	22.9	16.4	6.5	0.8	-15.6	16.4	
1.77734	-0.1	363	22.9	16.4	6.5	0.8	-15.6	16.4	
1.78125	-0.1	363	22.9	16.3	6.6	0.8	-15.5	16.3	
1.78516	-0.1	363	22.9	16.3	6.6	0.8	-15.5	16.3	
1.78906	-0.1	363	22.8	16.3	6.5	0.8	-15.5	16.3	
1.79297	-0.1	363	22.8	16.3	6.5	0.8	-15.5	16.3	
1.79688	-0.0	363	22.8	16.2	6.6	0.8	-15.4	16.2	
1.80078	0.0	363	22.8	16.2	6.6	0.8	-15.4	16.2	
1.80469	0.0	363	22.7	16.1	6.6	0.8	-15.3	16.1	
1.80859	0.1	363	22.7	16.1	6.6	0.8	-15.3	16.1	
1.81250	0.2	363	22.7	16.0	6.7	0.8	-15.2	16.0	
1.81641	0.2	363	22.6	16.0	6.6	0.8	-15.2	16.0	
1.82031	0.3	363	22.6	15.9	6.7	0.8	-15.1	15.9	
1.82422	0.4	363	22.5	15.9	6.6	0.8	-15.1	15.9	
1.82812	0.4	363	22.5	15.8	6.7	0.8	-15.0	15.8	
1.83203	0.5	363	22.4	15.8	6.6	0.8	-15.0	15.8	
1.83594	0.5	363	22.4	15.8	6.6	0.8	-15.0	15.8	
1.83984	0.5	364	22.3	15.7	6.6	0.8	-14.9	15.7	
1.84375	0.5	364	22.3	15.7	6.6	0.8	-14.9	15.7	
1.84766	0.4	364	22.2	15.6	6.6	0.8	-14.8	15.6	
1.85156	0.3	364	22.2	15.6	6.6	0.8	-14.8	15.6	
1.85547	0.3	364	22.2	15.5	6.7	0.8	-14.7	15.5	
1.85938	0.2	364	22.1	15.5	6.6	0.8	-14.7	15.5	
1.86328	0.1	364	22.1	15.4	6.7	0.8	-14.6	15.4	
1.86719	-0.0	364	22.1	15.4	6.7	0.8	-14.6	15.4	
1.87109	-0.1	364	22.1	15.4	6.7	0.8	-14.6	15.4	
1.87500	-0.2	364	22.1	15.3	6.8	0.8	-14.5	15.3	
1.87891	-0.2	364	22.1	15.3	6.8	0.8	-14.5	15.3	
1.88281	-0.3	364	22.1	15.2	6.9	0.8	-14.4	15.2	
1.88672	-0.3	364	22.1	15.2	6.9	0.8	-14.4	15.2	
1.89062	-0.3	364	22.2	15.1	7.1	0.8	-14.3	15.1	
1.89453	-0.3	364	22.2	15.1	7.1	0.8	-14.3	15.1	
1.89844	-0.3	363	22.2	15.1	7.1	0.8	-14.3	15.1	
1.90234	-0.3	363	22.2	15.0	7.2	0.8	-14.2	15.0	
1.90625	-0.3	363	22.2	15.0	7.2	0.8	-14.2	15.0	
1.91016	-0.2	363	22.2	15.0	7.2	0.8	-14.2	15.0	
1.91406	-0.2	363	22.3	14.9	7.4	0.8	-14.1	14.9	
1.91797	-0.2	363	22.3	14.9	7.4	0.8	-14.1	14.9	
1.92188	-0.1	363	22.3	14.8	7.5	0.8	-14.0	14.8	
1.92578	-0.1	363	22.3	14.8	7.5	0.8	-14.0	14.8	
1.92969	-0.1	363	22.3	14.8	7.5	0.8	-14.0	14.8	
1.93359	-0.1	363	22.3	14.8	7.5	0.8	-14.0	14.8	
1.93750	-0.1	363	22.3	14.7	7.6	0.8	-13.9	14.7	
1.94141	-0.1	363	22.3	14.7	7.6	0.8	-13.9	14.7	
1.94531	-0.0	363	22.2	14.7	7.5	0.8	-13.9	14.7	
1.94922	-0.0	363	22.2	14.6	7.6	0.8	-13.8	14.6	
1.95312	-0.0	363	22.2	14.6	7.6	0.8	-13.8	14.6	
1.95703	-0.0	363	22.2	14.6	7.6	0.8	-13.8	14.6	
1.96094	-0.1	363	22.2	14.5	7.7	0.8	-13.7	14.5	
1.96484	-0.1	363	22.2	14.5	7.7	0.8	-13.7	14.5	
1.96875	-0.1	363	22.1	14.5	7.6	0.8	-13.7	14.5	
1.97266	-0.1	363	22.1	14.4	7.7	0.8	-13.6	14.4	
1.97656	-0.1	363	22.1	14.4	7.7	0.8	-13.6	14.4	
1.98047	-0.1	363	22.1	14.4	7.7	0.8	-13.6	14.4	
1.98438	-0.1	363	22.1	14.3	7.8	0.8	-13.5	14.3	
1.98828	-0.1	363	22.1	14.3	7.8	0.8	-13.5	14.3	
1.99219	-0.1	363	22.1	14.3	7.8	0.8	-13.5	14.3	
1.99609	-0.2	363	22.1	14.2	7.9	0.8	-13.4	14.2	
2.00000	-0.2	363	22.1	14.2	7.9	0.8	-13.4	14.2	
2.00391	-0.2	363	22.1	14.2	7.9	0.8	-13.4	14.2	
2.00781	-0.2	363	22.1	14.1	8.0	0.8	-13.3	14.1	
2.01172	-0.1	363	22.1	14.1	8.0	0.8	-13.3	14.1	
2.01562	-0.2	363	22.1	14.1	8.0	0.8	-13.3	14.1	
2.01953	-0.1	363	22.1	14.1	8.0	0.8	-13.3	14.1	
2.02344	-0.1	363	22.1	14.0	8.1	0.8	-13.2	14.0	
2.02734	-0.1	363	22.1	14.0	8.1	0.8	-13.2	14.0	
2.03125	-0.1	363	22.1	14.0	8.1	0.8	-13.2	14.0	
2.03516	-0.1	363	22.1	14.0	8.1	0.8	-13.2	14.0	
2.03906	-0.1	363	22.1	14.0	8.1	0.8	-13.2	14.0	
2.04297	-0.2	363	22.1	14.0	8.1	0.8	-13.2	14.0	
2.04688	-0.2	363	22.1	13.9	8.2	0.8	-13.1	13.9	
2.05078	-0.2	363	22.1	13.9	8.2	0.8	-13.1	13.9	
2.05469	-0.2	363	22.1	13.9	8.2	0.8	-13.1	13.9	
2.05859	-0.2	363	22.1	13.9	8.2	0.8	-13.1	13.9	
2.06250	-0.1	363	22.1	13.9	8.2	0.8	-13.1	13.9	
2.06641	-0.1	363	22.1	13.9	8.2	0.8	-13.1	13.9	
2.07031	-0.1	363	22.1	13.9	8.2	0.8	-13.1	13.9	
2.07422	-0.1	363	22.1	13.9	8.2	0.8	-13.1	13.9	
2.07812	-0.1	363	22.1	13.9	8.2	0.8	-13.1	13.9	
2.08203	-0.1	363	22.0	13.8	8.2	0.8	-13.0	13.8	
2.08594	-0.1	363	22.1	13.8	8.3	0.8	-13.0	13.8	
2.08984	-0.0	363	22.0	13.8	8.2	0.8	-13.0	13.8	
2.09375	-0.0	363	22.0	13.8	8.2	0.8	-13.0	13.8	
2.09766	-0.0	363	22.0	13.8	8.2	0.8	-13.0	13.8	
2.10156	0.0	363	22.0	13.8	8.2	0.8	-13.0	13.8	
2.10547	0.0	363	21.9	13.8	8.1	0.8	-13.0	13.8	
2.10938	0.0	363	21.9	13.8	8.1	0.8	-13.0	13.8	
2.11328	0.0	363	21.9	13.8	8.1	0.8	-13.0	13.8	
2.11719	-0.0	363	21.9	13.8	8.1	0.8	-13.0	13.8	
2.12109	-0.0	363	21.8	13.8	8.0	0.8	-13.0	13.8	
2.12500	-0.0	363	21.8	13.8	8.0	0.8	-13.0	13.8	
2.12891	-0.0	363	21.8	13.7	8.1	0.8	-12.9	13.7	
2.13281	-0.1	363	21.8	13.8	8.0	0.8	-13.0	13.8	
2.13672	-0.1	363	21.8	13.7	8.1	0.8	-12.9	13.7	
2.14062	-0.2	363	21.8	13.7	8.1	0.8	-12.9	13.7	
2.14453	-0.2	363	21.8	13.8	8.0	0.8	-13.0	13.8	
2.14844	-0.1	363	21.8	13.8	8.0	0.8	-13.0	13.8	
2.15234	-0.2	363	21.8	13.7	8.1	0.8	-12.9	13.7	
2.15625	-0.2	363	21.8	13.8	8.0	0.8	-13.0	13.8	
2.16016	-0.2	363	21.8	13.8	8.0	0.8	-13.0	13.8	
2.16406	-0.2	363	21.8	13.8	8.0	0.8	-13.0	13.8	
2.16797	-0.2	363	21.8	13.8	8.0	0.8	-13.0	13.8	
2.17188	-0.2	363	21.8	13.8	8.0	0.8	-13.0	13.8	
2.17578	-0.2	363	21.8	13.8	8.0	0.8	-13.0	13.8	
2.17969	-0.2	363	21.8	13.8	8.0	0.8	-13.0	13.8	
2.18359	-0.1	363	21.8	13.8	8.0	0.8	-13.0	13.8	
2.18750	-0.1	363	21.8	13.9	7.9	0.8	-13.1	13.9	
2.19141	-0.1	363	21.7	13.9	7.8	0.8	-13.1	13.9	
2.19531	-0.1	363	21.7	13.9	7.8	0.8	-13.1	13.9	
2.19922	-0.1	363	21.7	13.9	7.8	0.8	-13.1	13.9	
2.20312	-0.1	363	21.7	13.9	7.8	0.8	-13.1	13.9	
2.20703	-0.1	363	21.7	13.9	7.8	0.8	-13.1	13.9	
2.21094	-0.1	363	21.7	14.0	7.7	0.8	-13.2	14.0	
2.21484	-0.1	363	21.7	14.0	7.7	0.8	-13.2	14.0	
2.21875	-0.1	363	21.7	14.0	7.7	0.8	-13.2	14.0	
2.22266	-0.1	363	21.7	14.0	7.7	0.8	-13.2	14.0	
2.22656	-0.1	363	21.7	14.0	7.7	0.8	-13.2	14.0	
2.23047	-0.1	363	21.7	14.0	7.7	0.8	-13.2	14.0	
2.23438	-0.1	363	21.6	14.0	7.6	0.8	-13.2	14.0	
2.23828	-0.1	363	21.6	14.1	7.5	0.8	-13.3	14.1	
2.24219	-0.1	363	21.6	14.1	7.5	0.8	-13.3	14.1	
2.24609	-0.1	363	21.6	14.1	7.5	0.8	-13.3	14.1	
2.25000	-0.1	363	21.6	14.1	7.5	0.8	-13.3	14.1	
2.25391	-0.2	363	21.6	14.1	7.5	0.8	-13.3	14.1	
2.25781	-0.2	363	21.6	14.1	7.5	0.8	-13.3	14.1	
2.26172	-0.2	363	21.6	14.1	7.5	0.8	-13.3	14.1	
2.26562	-0.2	363	21.6	14.1	7.5	0.8	-13.3	14.1	
2.26953	-0.1	363	21.6	14.1	7.5	0.8	-13.3	14.1	
2.27344	-0.1	363	21.6	14.1	7.5	0.8	-13.3	14.1	
2.27734	-0.2	363	21.6	14.1	7.5	0.8	-13.3	14.1	
2.28125	-0.2	363	21.6	14.1	7.5	0.8	-13.3	14.1	
2.28516	-0.1	363	21.6	14.1	7.5	0.8	-13.3	14.1	
2.28906	-0.1	363	21.6	14.1	7.5	0.8	-13.3	14.1	
2.29297	-0.1	363	21.6	14.1	7.5	0.8	-13.3	14.1	
2.29688	-0.2	363	21.6	14.1	7.5	0.8	-13.3	14.1	
2.30078	-0.1	363	21.6	14.1	7.5	0.8	-13.3	14.1	
2.30469	-0.1	363	21.6	14.1	7.5	0.8	-13.3	14.1	
2.30859	-0.1	363	21.6	14.1	7.5	0.8	-13.3	14.1	
2.31250	-0.2	363	21.6	14.1	7.5	0.8	-13.3	14.1	
2.31641	-0.2	363	21.6	14.1	7.5	0.8	-13.3	14.1	
2.32031	-0.1	363	21.6	14.1	7.5	0.8	-13.3	14.1	
2.32422	-0.1	363	21.6	14.1	7.5	0.8	-13.3	14.1	
2.32812	-0.1	363	21.6	14.1	7.5	0.8	-13.3	14.1	
2.33203	-0.2	363	21.6	14.1	7.5	0.8	-13.3	14.1	
2.33594	-0.2	363	21.6	14.1	7.5	0.8	-13.3	14.1	
2.33984	-0.2	363	21.6	14.1	7.5	0.8	-13.3	14.1	
2.34375	-0.2	363	21.6	14.1	7.5	0.8	-13.3	14.1	
2.34766	-0.2	363	21.6	14.1	7.5	0.8	-13.3	14.1	
2.35156	-0.2	363	21.6	14.1	7.5	0.8	-13.3	14.1	
2.35547	-0.2	363	21.6	14.1	7.5	0.8	-13.3	14.1	
2.35938	-0.2	363	21.6	14.1	7.5	0.8	-13.3	14.1	
2.36328	-0.2	363	21.6	14.1	7.5	0.8	-13.3	14.1	
2.36719	-0.1	363	21.6	14.1	7.5	0.8	-13.3	14.1	
2.37109	-0.2	363	21.6	14.1	7.5	0.8	-13.3	14.1	
2.37500	-0.2	362	21.6	14.2	7.4	0.8	-13.4	14.2	
2.37891	-0.1	362	21.6	14.2	7.4	0.8	-13.4	14.2	
2.38281	-0.2	362	21.6	14.2	7.4	0.8	-13.4	14.2	
2.38672	-0.2	362	21.6	14.2	7.4	0.8	-13.4	14.2	
2.39062	-0.2	362	21.6	14.1	7.5	0.8	-13.3	14.1	
2.39453	-0.2	362	21.6	14.2	7.4	0.8	-13.4	14.2	
2.39844	-0.2	362	21.6	14.1	7.5	0.8	-13.3	14.1	
2.40234	-0.2	362	21.6	14.1	7.5	0.8	-13.3	14.1	
2.40625	-0.2	362	21.6	14.1	7.5	0.8	-13.3	14.1	
2.41016	-0.2	362	21.6	14.1	7.5	0.8	-13.3	14.1	
2.41406	-0.2	362	21.6	14.1	7.5	0.8	-13.3	14.1	
2.41797	-0.2	362	21.6	14.2	7.4	0.8	-13.4	14.2	
2.42188	-0.2	362	21.6	14.2	7.4	0.8	-13.4	14.2	
2.42578	-0.2	362	21.6	14.2	7.4	0.8	-13.4	14.2	
2.42969	-0.2	362	21.6	14.1	7.5	0.8	-13.3	14.1	
2.43359	-0.2	362	21.6	14.1	7.5	0.8	-13.3	14.1	
2.43750	-0.2	362	21.6	14.1	7.5	0.8	-13.3	14.1	
2.44141	-0.2	362	21.6	14.2	7.4	0.8	-13.4	14.2	
2.44531	-0.2	362	21.6	14.2	7.4	0.8	-13.4	14.2	
2.44922	-0.2	362	21.7	14.1	7.6	0.8	-13.3	14.1	
2.45312	-0.2	362	21.7	14.1	7.6	0.8	-13.3	14.1	
2.45703	-0.2	362	21.7	14.2	7.5	0.8	-13.4	14.2	
2.46094	-0.2	362	21.7	14.2	7.5	0.8	-13.4	14.2	
2.46484	-0.2	362	21.7	14.2	7.5	0.8	-13.4	14.2	
2.46875	-0.2	362	21.7	14.2	7.5	0.8	-13.4	14.2	
2.47266	-0.2	362	21.7	14.2	7.5	0.8	-13.4	14.2	
2.47656	-0.2	362	21.7	14.1	7.6	0.8	-13.3	14.1	
2.48047	-0.2	362	21.7	14.2	7.5	0.8	-13.4	14.2	
2.48438	-0.2	362	21.7	14.2	7.5	0.8	-13.4	14.2	
2.48828	-0.2	362	21.7	14.2	7.5	0.8	-13.4	14.2	
2.49219	-0.2	362	21.8	14.2	7.6	0.8	-13.4	14.2	
2.49609	-0.2	362	21.8	14.2	7.6	0.8	-13.4	14.2	
2.50000	-0.2	362	21.8	14.2	7.6	0.8	-13.4	14.2	
2.50391	-0.2	362	21.8	14.2	7.6	0.8	-13.4	14.2	
2.50781	-0.3	362	21.8	14.2	7.6	0.8	-13.4	14.2	
2.51172	-0.2	362	21.8	14.2	7.6	0.8	-13.4	14.2	
2.51562	-0.2	362	21.9	14.2	7.7	0.8	-13.4	14.2	
2.51953	-0.3	362	21.9	14.2	7.7	0.8	-13.4	14.2	
2.52344	-0.3	362	21.9	14.2	7.7	0.8	-13.4	14.2	
2.52734	-0.2	362	21.9	14.2	7.7	0.8	-13.4	14.2	
2.53125	-0.3	362	21.9	14.2	7.7	0.8	-13.4	14.2	
2.53516	-0.3	362	22.0	14.2	7.8	0.8	-13.4	14.2	
2.53906	-0.3	362	22.0	14.2	7.8	0.8	-13.4	14.2	
2.54297	-0.3	362	22.0	14.2	7.8	0.8	-13.4	14.2	
2.54688	-0.3	362	22.0	14.3	7.7	0.8	-13.5	14.3	
2.55078	-0.3	362	22.1	14.3	7.8	0.8	-13.5	14.3	
2.55469	-0.3	362	22.1	14.3	7.8	0.8	-13.5	14.3	
2.55859	-0.3	362	22.1	14.3	7.8	0.8	-13.5	14.3	
2.56250	-0.3	362	22.1	14.3	7.8	0.8	-13.5	14.3	
2.56641	-0.3	362	22.2	14.3	7.9	0.8	-13.5	14.3	
2.57031	-0.2	362	22.2	14.4	7.8	0.8	-13.6	14.4	
2.57422	-0.2	362	22.2	14.4	7.8	0.8	-13.6	14.4	
2.57812	-0.2	362	22.2	14.4	7.8	0.8	-13.6	14.4	
2.58203	-0.2	362	22.2	14.4	7.8	0.8	-13.6	14.4	
2.58594	-0.2	362	22.2	14.4	7.8	0.8	-13.6	14.4	
2.58984	-0.2	362	22.2	14.4	7.8	0.8	-13.6	14.4	
2.59375	-0.2	362	22.2	14.4	7.8	0.8	-13.6	14.4	
2.59766	-0.1	362	22.2	14.4	7.8	0.8	-13.6	14.4	
2.60156	-0.1	362	22.2	14.4	7.8	0.8	-13.6	14.4	
2.60547	-0.1	362	22.2	14.5	7.7	0.8	-13.7	14.5	
2.60938	-0.1	362	22.2	14.5	7.7	0.8	-13.7	14.5	
2.61328	-0.1	362	22.2	14.5	7.7	0.8	-13.7	14.5	
2.61719	-0.1	362	22.2	14.5	7.7	0.8	-13.7	14.5	
2.62109	-0.1	362	22.2	14.5	7.7	0.8	-13.7	14.5	
2.62500	-0.1	362	22.2	14.5	7.7	0.8	-13.7	14.5	
2.62891	-0.1	362	22.1	14.6	7.5	0.8	-13.8	14.6	
2.63281	-0.2	362	22.1	14.6	7.5	0.8	-13.8	14.6	
2.63672	-0.2	362	22.1	14.6	7.5	0.8	-13.8	14.6	
2.64062	-0.2	362	22.1	14.6	7.5	0.8	-13.8	14.6	
2.64453	-0.2	362	22.1	14.6	7.5	0.8	-13.8	14.6	
2.64844	-0.2	362	22.1	14.6	7.5	0.8	-13.8	14.6	
2.65234	-0.2	362	22.2	14.6	7.6	0.8	-13.8	14.6	
2.65625	-0.2	362	22.2	14.6	7.6	0.8	-13.8	14.6	
2.66016	-0.3	362	22.2	14.6	7.6	0.8	-13.8	14.6	
2.66406	-0.3	361	22.2	14.7	7.5	0.8	-13.9	14.7	
2.66797	-0.3	361	22.2	14.7	7.5	0.8	-13.9	14.7	
2.67188	-0.3	361	22.2	14.7	7.5	0.8	-13.9	14.7	
2.67578	-0.4	361	22.3	14.7	7.6	0.8	-13.9	14.7	
2.67969	-0.4	361	22.3	14.7	7.6	0.8	-13.9	14.7	
2.68359	-0.3	361	22.3	14.7	7.6	0.8	-13.9	14.7	
2.68750	-0.3	361	22.3	14.7	7.6	0.8	-13.9	14.7	
2.69141	-0.3	361	22.4	14.8	7.6	0.8	-14.0	14.8	
2.69531	-0.3	361	22.4	14.8	7.6	0.8	-14.0	14.8	
2.69922	-0.3	361	22.4	14.8	7.6	0.8	-14.0	14.8	
2.70312	-0.3	361	22.4	14.8	7.6	0.8	-14.0	14.8	
2.70703	-0.2	361	22.4	14.8	7.6	0.8	-14.0	14.8	
2.71094	-0.1	361	22.4	14.8	7.6	0.8	-14.0	14.8	
2.71484	-0.1	361	22.4	14.8	7.6	0.8	-14.0	14.8	
2.71875	-0.1	361	22.4	14.8	7.6	0.8	-14.0	14.8	
2.72266	-0.1	361	22.4	14.8	7.6	0.8	-14.0	14.8	
2.72656	-0.0	361	22.3	14.7	7.6	0.8	-13.9	14.7	
2.73047	0.0	361	22.3	14.7	7.6	0.8	-13.9	14.7	
2.73438	0.0	361	22.3	14.7	7.6	0.8	-13.9	14.7	
2.73828	0.0	361	22.3	14.7	7.6	0.8	-13.9	14.7	
2.74219	0.0	361	22.3	14.7	7.6	0.8	-13.9	14.7	
2.74609	-0.0	361	22.3	14.7	7.6	0.8	-13.9	14.7	
2.75000	-0.1	361	22.3	14.7	7.6	0.8	-13.9	14.7	
2.75391	-0.1	361	22.3	14.7	7.6	0.8	-13.9	14.7	
2.75781	-0.2	361	22.2	14.7	7.5	0.8	-13.9	14.7	
2.76172	-0.3	361	22.3	14.7	7.6	0.8	-13.9	14.7	
2.76562	-0.4	361	22.3	14.7	7.6	0.8	-13.9	14.7	
2.76953	-0.5	361	22.3	14.7	7.6	0.8	-13.9	14.7	
2.77344	-0.5	361	22.3	14.7	7.6	0.8	-13.9	14.7	
2.77734	-0.6	361	22.4	14.7	7.7	0.8	-13.9	14.7	
2.78125	-0.7	361	22.4	14.7	7.7	0.8	-13.9	14.7	
2.78516	-0.8	361	22.5	14.7	7.8	0.8	-13.9	14.7	
2.78906	-0.8	361	22.5	14.6	7.9	0.8	-13.8	14.6	
2.79297	-0.9	361	22.6	14.7	7.9	0.8	-13.9	14.7	
2.79688	-0.9	361	22.7	14.7	8.0	0.8	-13.9	14.7	
2.80078	-0.9	361	22.7	14.6	8.1	0.8	-13.8	14.6	
2.80469	-0.8	361	22.8	14.7	8.1	0.8	-13.9	14.7	
2.80859	-0.8	361	22.8	14.7	8.1	0.8	-13.9	14.7	
2.81250	-0.7	361	22.9	14.7	8.2	0.8	-13.9	14.7	
2.81641	-0.7	361	23.0	14.7	8.3	0.8	-13.9	14.7	
2.82031	-0.6	361	23.0	14.7	8.3	0.8	-13.9	14.7	
2.82422	-0.5	360	23.1	14.7	8.4	0.8	-13.9	14.7	
2.82812	-0.4	360	23.1	14.7	8.4	0.8	-13.9	14.7	
2.83203	-0.4	360	23.1	14.7	8.4	0.8	-13.9	14.7	
2.83594	-0.4	360	23.2	14.7	8.5	0.8	-13.9	14.7	
2.83984	-0.3	360	23.2	14.7	8.5	0.8	-13.9	14.7	
2.84375	-0.3	360	23.2	14.7	8.5	0.8	-13.9	14.7	
2.84766	-0.3	360	23.3	14.7	8.6	0.8	-13.9	14.7	
2.85156	-0.3	360	23.3	14.7	8.6	0.8	-13.9	14.7	
2.85547	-0.3	360	23.3	14.7	8.6	0.8	-13.9	14.7	
2.85938	-0.3	360	23.4	14.7	8.7	0.8	-13.9	14.7	
2.86328	-0.3	360	23.4	14.8	8.6	0.8	-14.0	14.8	
2.86719	-0.3	360	23.4	14.8	8.6	0.8	-14.0	14.8	
2.87109	-0.3	360	23.4	14.8	8.6	0.8	-14.0	14.8	
2.87500	-0.3	360	23.5	14.8	8.7	0.8	-14.0	14.8	
2.87891	-0.4	360	23.5	14.8	8.7	0.8	-14.0	14.8	
2.88281	-0.4	360	23.5	14.8	8.7	0.8	-14.0	14.8	
2.88672	-0.4	360	23.6	14.8	8.8	0.8	-14.0	14.8	
2.89062	-0.5	360	23.6	14.8	8.8	0.8	-14.0	14.8	
2.89453	-0.4	360	23.6	14.8	8.8	0.8	-14.0	14.8	
2.89844	-0.4	360	23.7	14.8	8.9	0.8	-14.0	14.8	
2.90234	-0.5	360	23.7	14.8	8.9	0.8	-14.0	14.8	
2.90625	-0.5	360	23.8	14.9	8.9	0.8	-14.1	14.9	
2.91016	-0.5	360	23.8	14.9	8.9	0.8	-14.1	14.9	
2.91406	-0.5	360	23.8	14.9	8.9	0.8	-14.1	14.9	
2.91797	-0.5	360	23.9	14.9	9.0	0.8	-14.1	14.9	
2.92188	-0.5	360	23.9	14.9	9.0	0.8	-14.1	14.9	
2.92578	-0.5	360	24.0	14.9	9.1	0.8	-14.1	14.9	
2.92969	-0.5	360	24.0	15.0	9.0	0.8	-14.2	15.0	
2.93359	-0.5	360	24.0	15.0	9.0	0.8	-14.2	15.0	
2.93750	-0.5	360	24.1	15.0	9.1	0.8	-14.2	15.0	
2.94141	-0.5	360	24.1	15.0	9.1	0.8	-14.2	15.0	
2.94531	-0.6	360	24.2	15.1	9.1	0.8	-14.3	15.1	
2.94922	-0.5	360	24.2	15.1	9.1	0.8	-14.3	15.1	
2.95312	-0.6	360	24.2	15.1	9.1	0.8	-14.3	15.1	
2.95703	-0.6	360	24.3	15.1	9.2	0.8	-14.3	15.1	
2.96094	-0.6	359	24.3	15.2	9.1	0.8	-14.4	15.2	
2.96484	-0.6	359	24.4	15.2	9.2	0.8	-14.4	15.2	
2.96875	-0.6	359	24.4	15.3	9.1	0.8	-14.5	15.3	
2.97266	-0.5	359	24.5	15.3	9.2	0.8	-14.5	15.3	
2.97656	-0.5	359	24.5	15.3	9.2	0.8	-14.5	15.3	
2.98047	-0.5	359	24.6	15.4	9.2	0.8	-14.6	15.4	
2.98438	-0.5	359	24.6	15.4	9.2	0.8	-14.6	15.4	
2.98828	-0.4	359	24.6	15.4	9.2	0.8	-14.6	15.4	
2.99219	-0.3	359	24.6	15.5	9.1	0.8	-14.7	15.5	
2.99609	-0.3	359	24.7	15.5	9.2	0.8	-14.7	15.5	
3.00000	-0.3	359	24.7	15.5	9.2	0.8	-14.7	15.5	
3.00391	-0.3	359	24.7	15.6	9.1	0.8	-14.8	15.6	
3.00781	-0.3	359	24.7	15.6	9.1	0.8	-14.8	15.6	
3.01172	-0.3	359	24.8	15.6	9.2	0.8	-14.8	15.6	
3.01562	-0.3	359	24.8	15.7	9.1	0.8	-14.9	15.7	
3.01953	-0.3	359	24.8	15.7	9.1	0.8	-14.9	15.7	
3.02344	-0.3	359	24.8	15.7	9.1	0.8	-14.9	15.7	
3.02734	-0.4	359	24.9	15.8	9.1	0.8	-15.0	15.8	
3.03125	-0.4	359	24.9	15.8	9.1	0.8	-15.0	15.8	
3.03516	-0.5	359	24.9	15.8	9.1	0.8	-15.0	15.8	
3.03906	-0.5	359	25.0	15.9	9.1	0.8	-15.1	15.9	
3.04297	-0.6	359	25.0	15.9	9.1	0.8	-15.1	15.9	
3.04688	-0.7	359	25.1	16.0	9.1	0.8	-15.2	16.0	
3.05078	-0.7	359	25.1	16.0	9.1	0.8	-15.2	16.0	
3.05469	-0.7	359	25.2	16.1	9.1	0.8	-15.3	16.1	
3.05859	-0.8	359	25.2	16.1	9.1	0.8	-15.3	16.1	
3.06250	-0.8	359	25.3	16.1	9.2	0.8	-15.3	16.1	
3.06641	-0.8	359	25.3	16.2	9.1	0.8	-15.4	16.2	
3.07031	-0.8	359	25.4	16.3	9.1	0.8	-15.5	16.3	
3.07422	-0.7	359	25.5	16.3	9.2	0.8	-15.5	16.3	
3.07812	-0.7	358	25.5	16.4	9.1	0.8	-15.6	16.4	
3.08203	-0.6	358	25.5	16.4	9.1	0.8	-15.6	16.4	
3.08594	-0.6	358	25.6	16.5	9.1	0.8	-15.7	16.5	
3.08984	-0.5	358	25.6	16.5	9.1	0.8	-15.7	16.5	
3.09375	-0.5	358	25.7	16.6	9.1	0.8	-15.8	16.6	
3.09766	-0.4	358	25.7	16.7	9.0	0.8	-15.9	16.7	
3.10156	-0.4	358	25.7	16.7	9.0	0.8	-15.9	16.7	
3.10547	-0.3	358	25.7	16.8	8.9	0.8	-16.0	16.8	
3.10938	-0.3	358	25.8	16.8	9.0	0.8	-16.0	16.8	
3.11328	-0.3	358	25.8	16.9	8.9	0.8	-16.1	16.9	
3.11719	-0.3	358	25.8	17.0	8.8	0.8	-16.2	17.0	
3.12109	-0.3	358	25.8	17.0	8.8	0.8	-16.2	17.0	
3.12500	-0.3	358	25.9	17.1	8.8	0.8	-16.3	17.1	
3.12891	-0.4	358	25.9	17.1	8.8	0.8	-16.3	17.1	
3.13281	-0.4	358	26.0	17.2	8.8	0.8	-16.4	17.2	
3.13672	-0.4	358	26.0	17.2	8.8	0.8	-16.4	17.2	
3.14062	-0.5	358	26.0	17.3	8.7	0.8	-16.5	17.3	
3.14453	-0.5	358	26.1	17.3	8.8	0.8	-16.5	17.3	
3.14844	-0.6	358	26.1	17.4	8.7	0.8	-16.6	17.4	
3.15234	-0.6	358	26.1	17.4	8.7	0.8	-16.6	17.4	
3.15625	-0.6	358	26.2	17.5	8.7	0.8	-16.7	17.5	
3.16016	-0.7	358	26.2	17.5	8.7	0.8	-16.7	17.5	
3.16406	-0.7	358	26.3	17.6	8.7	0.8	-16.8	17.6	
3.16797	-0.7	358	26.3	17.6	8.7	0.8	-16.8	17.6	
3.17188	-0.7	358	26.4	17.6	8.8	0.8	-16.8	17.6	
3.17578	-0.6	358	26.4	17.7	8.7	0.8	-16.9	17.7	
3.17969	-0.6	358	26.5	17.7	8.8	0.8	-16.9	17.7	
3.18359	-0.6	358	26.5	17.8	8.7	0.8	-17.0	17.8	
3.18750	-0.6	358	26.6	17.8	8.8	0.8	-17.0	17.8	
3.19141	-0.6	358	26.6	17.9	8.7	0.8	-17.1	17.9	
3.19531	-0.6	358	26.7	17.9	8.8	0.8	-17.1	17.9	
3.19922	-0.5	357	26.7	18.0	8.7	0.8	-17.2	18.0	
3.20312	-0.6	357	26.8	18.0	8.8	0.8	-17.2	18.0	
3.20703	-0.6	357	26.8	18.0	8.8	0.8	-17.2	18.0	
3.21094	-0.5	357	26.9	18.1	8.8	0.8	-17.3	18.1	
3.21484	-0.6	357	26.9	18.1	8.8	0.8	-17.3	18.1	
3.21875	-0.6	357	26.9	18.2	8.7	0.8	-17.4	18.2	
3.22266	-0.6	357	27.0	18.2	8.8	0.8	-17.4	18.2	
3.22656	-0.7	357	27.0	18.3	8.7	0.8	-17.5	18.3	
3.23047	-0.8	357	27.1	18.3	8.8	0.8	-17.5	18.3	
3.23438	-0.8	357	27.2	18.4	8.8	0.8	-17.6	18.4	
3.23828	-0.9	357	27.2	18.4	8.8	0.8	-17.6	18.4	
3.24219	-1.0	357	27.3	18.5	8.8	0.8	-17.7	18.5	
3.24609	-1.1	357	27.3	18.5	8.8	0.8	-17.7	18.5	
3.25000	-1.1	357	27.4	18.6	8.8	0.8	-17.8	18.6	
3.25391	-1.2	357	27.5	18.6	8.9	0.8	-17.8	18.6	
3.25781	-1.3	357	27.6	18.7	8.9	0.8	-17.9	18.7	
3.26172	-1.4	357	27.7	18.7	9.0	0.8	-17.9	18.7	
3.26562	-1.5	356	27.8	18.8	9.0	0.8	-18.0	18.8	
3.26953	-1.5	356	27.8	18.8	9.0	0.8	-18.0	18.8	
3.27344	-1.5	356	27.9	18.9	9.0	0.8	-18.1	18.9	
3.27734	-1.5	356	28.0	19.0	9.0	0.8	-18.2	19.0	
3.28125	-1.5	356	28.1	19.0	9.1	0.8	-18.2	19.0	
3.28516	-1.5	356	28.2	19.1	9.1	0.8	-18.3	19.1	
3.28906	-1.5	356	28.3	19.1	9.2	0.8	-18.3	19.1	
3.29297	-1.4	356	28.4	19.2	9.2	0.8	-18.4	19.2	
3.29688	-1.4	356	28.5	19.3	9.2	0.8	-18.5	19.3	
3.30078	-1.3	356	28.5	19.3	9.2	0.8	-18.5	19.3	
3.30469	-1.3	356	28.6	19.4	9.2	0.8	-18.6	19.4	
3.30859	-1.3	355	28.7	19.4	9.3	0.8	-18.6	19.4	
3.31250	-1.2	355	28.7	19.5	9.2	0.8	-18.7	19.5	
3.31641	-1.1	355	28.8	19.6	9.2	0.8	-18.8	19.6	
3.32031	-1.1	355	28.9	19.7	9.2	0.8	-18.9	19.7	
3.32422	-1.0	355	28.9	19.7	9.2	0.8	-18.9	19.7	
3.32812	-0.9	355	29.0	19.8	9.2	0.8	-19.0	19.8	
3.33203	-0.9	355	29.0	19.8	9.2	0.8	-19.0	19.8	
3.33594	-0.8	355	29.1	19.9	9.2	0.8	-19.1	19.9	
3.33984	-0.7	355	29.1	19.9	9.2	0.8	-19.1	19.9	
3.34375	-0.6	355	29.2	20.0	9.2	0.8	-19.2	20.0	
3.34766	-0.6	355	29.2	20.0	9.2	0.8	-19.2	20.0	
3.35156	-0.5	355	29.3	20.1	9.2	0.8	-19.3	20.1	
3.35547	-0.5	355	29.3	20.1	9.2	0.8	-19.3	20.1	
3.35938	-0.5	355	29.3	20.2	9.1	0.8	-19.4	20.2	
3.36328	-0.4	355	29.3	20.3	9.0	0.8	-19.5	20.3	
3.36719	-0.4	355	29.4	20.3	9.1	0.8	-19.5	20.3	
3.37109	-0.4	355	29.4	20.3	9.1	0.8	-19.5	20.3	
3.37500	-0.4	355	29.4	20.4	9.0	0.8	-19.6	20.4	
3.37891	-0.3	355	29.5	20.4	9.1	0.8	-19.6	20.4	
3.38281	-0.3	355	29.5	20.5	9.0	0.8	-19.7	20.5	
3.38672	-0.3	355	29.5	20.5	9.0	0.8	-19.7	20.5	
3.39062	-0.3	355	29.5	20.5	9.0	0.8	-19.7	20.5	
3.39453	-0.3	355	29.5	20.6	8.9	0.8	-19.8	20.6	
3.39844	-0.3	355	29.5	20.6	8.9	0.8	-19.8	20.6	
3.40234	-0.3	355	29.6	20.7	8.9	0.8	-19.9	20.7	
3.40625	-0.2	355	29.6	20.7	8.9	0.8	-19.9	20.7	
3.41016	-0.3	354	29.6	20.7	8.9	0.8	-19.9	20.7	
3.41406	-0.3	354	29.6	20.8	8.8	0.8	-20.0	20.8	
3.41797	-0.2	354	29.6	20.8	8.8	0.8	-20.0	20.8	
3.42188	-0.2	354	29.6	20.8	8.8	0.8	-20.0	20.8	
3.42578	-0.2	354	29.6	20.9	8.7	0.8	-20.1	20.9	
3.42969	-0.2	354	29.6	20.9	8.7	0.8	-20.1	20.9	
3.43359	-0.1	354	29.6	20.9	8.7	0.8	-20.1	20.9	
3.43750	-0.1	354	29.6	20.9	8.7	0.8	-20.1	20.9	
3.44141	-0.2	354	29.6	21.0	8.6	0.8	-20.2	21.0	
3.44531	-0.2	354	29.6	21.0	8.6	0.8	-20.2	21.0	
3.44922	-0.1	354	29.6	21.0	8.6	0.8	-20.2	21.0	
3.45312	-0.2	354	29.6	21.0	8.6	0.8	-20.2	21.0	
3.45703	-0.2	354	29.6	21.1	8.5	0.8	-20.3	21.1	
3.46094	-0.1	354	29.6	21.1	8.5	0.8	-20.3	21.1	
3.46484	-0.2	354	29.6	21.1	8.5	0.8	-20.3	21.1	
3.46875	-0.2	354	29.6	21.1	8.5	0.8	-20.3	21.1	
3.47266	-0.1	354	29.6	21.1	8.5	0.8	-20.3	21.1	
3.47656	-0.1	354	29.6	21.2	8.4	0.8	-20.4	21.2	
3.48047	-0.2	354	29.6	21.2	8.4	0.8	-20.4	21.2	
3.48438	-0.1	354	29.6	21.2	8.4	0.8	-20.4	21.2	
3.48828	-0.1	354	29.6	21.2	8.4	0.8	-20.4	21.2	
3.49219	-0.1	354	29.5	21.2	8.3	0.8	-20.4	21.2	
3.49609	0.0	354	29.5	21.2	8.3	0.8	-20.4	21.2	
3.50000	0.2	354	29.4	21.2	8.2	0.8	-20.4	21.2	
3.50391	0.3	354	29.4	21.2	8.2	0.8	-20.4	21.2	
3.50781	0.4	354	29.4	21.2	8.2	0.8	-20.4	21.2	
3.51172	0.6	354	29.3	21.2	8.1	0.8	-20.4	21.2	
3.51562	0.8	354	29.2	21.2	8.0	0.8	-20.4	21.2	
3.51953	0.9	354	29.1	21.2	7.9	0.8	-20.4	21.2	
3.52344	1.1	355	29.0	21.2	7.8	0.8	-20.4	21.2	
3.52734	1.2	355	28.9	21.2	7.7	0.8	-20.4	21.2	
3.53125	1.4	355	28.8	21.1	7.7	0.8	-20.3	21.1	
3.53516	1.4	355	28.7	21.1	7.6	0.8	-20.3	21.1	
3.53906	1.5	355	28.6	21.1	7.5	0.8	-20.3	21.1	
3.54297	1.5	355	28.5	21.0	7.5	0.8	-20.2	21.0	
3.54688	1.4	355	28.4	21.0	7.4	0.8	-20.2	21.0	
3.55078	1.4	355	28.3	21.0	7.3	0.8	-20.2	21.0	
3.55469	1.3	355	28.2	20.9	7.3	0.8	-20.1	20.9	
3.55859	1.2	355	28.2	20.9	7.3	0.8	-20.1	20.9	
3.56250	1.2	355	28.1	20.9	7.2	0.8	-20.1	20.9	
3.56641	1.1	356	28.0	20.8	7.2	0.8	-20.0	20.8	
3.57031	0.9	356	27.9	20.8	7.1	0.8	-20.0	20.8	
3.57422	0.8	356	27.8	20.8	7.0	0.8	-20.0	20.8	
3.57812	0.8	356	27.7	20.7	7.0	0.8	-19.9	20.7	
3.58203	0.8	356	27.6	20.7	6.9	0.8	-19.9	20.7	
3.58594	0.8	356	27.6	20.6	7.0	0.8	-19.8	20.6	
3.58984	0.8	356	27.5	20.6	6.9	0.8	-19.8	20.6	
3.59375	0.9	356	27.4	20.5	6.9	0.8	-19.7	20.5	
3.59766	1.0	356	27.3	20.5	6.8	0.8	-19.7	20.5	
3.60156	1.1	356	27.2	20.4	6.8	0.8	-19.6	20.4	
3.60547	1.2	356	27.1	20.3	6.8	0.8	-19.5	20.3	
3.60938	1.4	356	27.0	20.2	6.8	0.8	-19.4	20.2	
3.61328	1.6	356	26.9	20.2	6.7	0.8	-19.4	20.2	
3.61719	1.7	356	26.8	20.1	6.7	0.8	-19.3	20.1	
3.62109	1.9	357	26.7	20.0	6.7	0.8	-19.2	20.0	
3.62500	2.0	357	26.5	19.9	6.6	0.8	-19.1	19.9	
3.62891	2.1	357	26.4	19.8	6.6	0.8	-19.0	19.8	
3.63281	2.1	357	26.3	19.7	6.6	0.8	-18.9	19.7	
3.63672	2.1	357	26.2	19.7	6.5	0.8	-18.9	19.7	
3.64062	2.0	357	26.1	19.6	6.5	0.8	-18.8	19.6	
3.64453	1.9	357	26.0	19.5	6.5	0.8	-18.7	19.5	
3.64844	1.7	357	25.9	19.4	6.5	0.8	-18.6	19.4	
3.65234	1.5	358	25.8	19.3	6.5	0.8	-18.5	19.3	
3.65625	1.3	358	25.7	19.2	6.5	0.8	-18.4	19.2	
3.66016	1.1	358	25.7	19.2	6.5	0.8	-18.4	19.2	
3.66406	0.9	358	25.6	19.1	6.5	0.8	-18.3	19.1	
3.66797	0.7	358	25.5	19.0	6.5	0.8	-18.2	19.0	
3.67188	0.5	358	25.5	18.9	6.6	0.8	-18.1	18.9	
3.67578	0.4	358	25.4	18.8	6.6	0.8	-18.0	18.8	
3.67969	0.2	358	25.4	18.8	6.6	0.8	-18.0	18.8	
3.68359	0.2	358	25.3	18.7	6.6	0.8	-17.9	18.7	
3.68750	0.1	358	25.3	18.6	6.7	0.8	-17.8	18.6	
3.69141	0.1	358	25.2	18.5	6.7	0.8	-17.7	18.5	
3.69531	0.1	358	25.2	18.4	6.8	0.8	-17.6	18.4	
3.69922	0.1	358	25.2	18.3	6.9	0.8	-17.5	18.3	
3.70312	0.2	358	25.1	18.3	6.8	0.8	-17.5	18.3	
3.70703	0.3	358	25.1	18.2	6.9	0.8	-17.4	18.2	
3.71094	0.4	358	25.0	18.1	6.9	0.8	-17.3	18.1	
3.71484	0.4	358	25.0	18.0	7.0	0.8	-17.2	18.0	
3.71875	0.5	358	24.9	17.9	7.0	0.8	-17.1	17.9	
3.72266	0.5	358	24.8	17.9	6.9	0.8	-17.1	17.9	
3.72656	0.6	358	24.8	17.8	7.0	0.8	-17.0	17.8	
3.73047	0.6	358	24.7	17.7	7.0	0.8	-16.9	17.7	
3.73438	0.6	358	24.7	17.7	7.0	0.8	-16.9	17.7	
3.73828	0.6	358	24.6	17.6	7.0	0.8	-16.8	17.6	
3.74219	0.6	358	24.5	17.5	7.0	0.8	-16.7	17.5	
3.74609	0.6	358	24.5	17.4	7.1	0.8	-16.6	17.4	
3.75000	0.6	358	24.4	17.4	7.0	0.8	-16.6	17.4	
3.75391	0.6	358	24.4	17.3	7.1	0.8	-16.5	17.3	
3.75781	0.6	358	24.3	17.2	7.1	0.8	-16.4	17.2	
3.76172	0.5	358	24.3	17.1	7.2	0.8	-16.3	17.1	
3.76562	0.5	358	24.2	17.1	7.1	0.8	-16.3	17.1	
3.76953	0.4	358	24.1	17.0	7.1	0.8	-16.2	17.0	
3.77344	0.4	359	24.1	16.9	7.2	0.8	-16.1	16.9	
3.77734	0.3	359	24.1	16.9	7.2	0.8	-16.1	16.9	
3.78125	0.3	359	24.0	16.8	7.2	0.8	-16.0	16.8	
3.78516	0.3	359	24.0	16.7	7.3	0.8	-15.9	16.7	
3.78906	0.3	359	23.9	16.6	7.3	0.8	-15.8	16.6	
3.79297	0.2	359	23.9	16.6	7.3	0.8	-15.8	16.6	
3.79688	0.2	359	23.9	16.5	7.4	0.8	-15.7	16.5	
3.80078	0.3	359	23.8	16.4	7.4	0.8	-15.6	16.4	
3.80469	0.3	359	23.8	16.4	7.4	0.8	-15.6	16.4	
3.80859	0.3	359	23.7	16.3	7.4	0.8	-15.5	16.3	
3.81250	0.3	359	23.7	16.3	7.4	0.8	-15.5	16.3	
3.81641	0.3	359	23.6	16.2	7.4	0.8	-15.4	16.2	
3.82031	0.3	359	23.6	16.1	7.5	0.8	-15.3	16.1	
3.82422	0.3	359	23.5	16.1	7.4	0.8	-15.3	16.1	
3.82812	0.3	359	23.5	16.0	7.5	0.8	-15.2	16.0	
3.83203	0.3	359	23.4	15.9	7.5	0.8	-15.1	15.9	
3.83594	0.3	359	23.4	15.9	7.5	0.8	-15.1	15.9	
3.83984	0.3	359	23.4	15.9	7.5	0.8	-15.1	15.9	
3.84375	0.3	359	23.3	15.8	7.5	0.8	-15.0	15.8	
3.84766	0.3	359	23.3	15.8	7.5	0.8	-15.0	15.8	
3.85156	0.2	359	23.2	15.7	7.5	0.8	-14.9	15.7	
3.85547	0.2	359	23.2	15.7	7.5	0.8	-14.9	15.7	
3.85938	0.2	359	23.2	15.6	7.6	0.8	-14.8	15.6	
3.86328	0.2	359	23.1	15.6	7.5	0.8	-14.8	15.6	
3.86719	0.1	359	23.1	15.6	7.5	0.8	-14.8	15.6	
3.87109	0.1	359	23.0	15.6	7.4	0.8	-14.8	15.6	
3.87500	0.1	359	23.0	15.5	7.5	0.8	-14.7	15.5	
3.87891	0.1	359	23.0	15.5	7.5	0.8	-14.7	15.5	
3.88281	0.2	359	22.9	15.4	7.5	0.8	-14.6	15.4	
3.88672	0.3	359	22.9	15.4	7.5	0.8	-14.6	15.4	
3.89062	0.3	359	22.9	15.4	7.5	0.8	-14.6	15.4	
3.89453	0.3	359	22.8	15.3	7.5	0.8	-14.5	15.3	
3.89844	0.3	359	22.8	15.3	7.5	0.8	-14.5	15.3	
3.90234	0.3	359	22.7	15.3	7.4	0.8	-14.5	15.3	
3.90625	0.3	359	22.7	15.2	7.5	0.8	-14.4	15.2	
3.91016	0.3	359	22.6	15.2	7.4	0.8	-14.4	15.2	
3.91406	0.3	359	22.6	15.1	7.5	0.8	-14.3	15.1	
3.91797	0.3	359	22.5	15.1	7.4	0.8	-14.3	15.1	
3.92188	0.3	359	22.5	15.1	7.4	0.8	-14.3	15.1	
3.92578	0.3	359	22.5	15.1	7.4	0.8	-14.3	15.1	
3.92969	0.2	359	22.4	15.0	7.4	0.8	-14.2	15.0	
3.93359	0.1	359	22.4	15.0	7.4	0.8	-14.2	15.0	
3.93750	0.0	359	22.4	15.0	7.4	0.8	-14.2	15.0	
3.94141	0.1	359	22.3	14.9	7.4	0.8	-14.1	14.9	
3.94531	0.0	359	22.3	14.9	7.4	0.8	-14.1	14.9	
3.94922	-0.0	359	22.3	14.9	7.4	0.8	-14.1	14.9	
3.95312	-0.1	359	22.3	14.9	7.4	0.8	-14.1	14.9	
3.95703	-0.0	359	22.2	14.8	7.4	0.8	-14.0	14.8	
3.96094	-0.1	359	22.2	14.8	7.4	0.8	-14.0	14.8	
3.96484	-0.1	359	22.2	14.8	7.4	0.8	-14.0	14.8	
3.96875	-0.1	359	22.2	14.8	7.4	0.8	-14.0	14.8	
3.97266	-0.1	359	22.2	14.8	7.4	0.8	-14.0	14.8	
3.97656	-0.1	359	22.2	14.8	7.4	0.8	-14.0	14.8	
3.98047	-0.1	359	22.2	14.8	7.4	0.8	-14.0	14.8	
3.98438	-0.1	359	22.2	14.8	7.4	0.8	-14.0	14.8	
3.98828	-0.0	359	22.1	14.8	7.3	0.8	-14.0	14.8	
3.99219	-0.0	359	22.1	14.8	7.3	0.8	-14.0	14.8	
3.99609	-0.0	359	22.1	14.7	7.4	0.8	-13.9	14.7	
4.00000	-0.0	359	22.1	14.8	7.3	0.8	-14.0	14.8	
4.00391	-0.0	359	22.1	14.7	7.4	0.8	-13.9	14.7	
4.00781	-0.0	359	22.1	14.7	7.4	0.8	-13.9	14.7	
4.01172	-0.0	359	22.0	14.7	7.3	0.8	-13.9	14.7	
4.01562	-0.1	359	22.0	14.7	7.3	0.8	-13.9	14.7	
4.01953	-0.1	359	22.0	14.7	7.3	0.8	-13.9	14.7	
4.02344	-0.0	359	22.0	14.7	7.3	0.8	-13.9	14.7	
4.02734	-0.0	359	22.0	14.7	7.3	0.8	-13.9	14.7	
4.03125	-0.1	359	22.0	14.7	7.3	0.8	-13.9	14.7	
4.03516	-0.1	359	22.0	14.7	7.3	0.8	-13.9	14.7	
4.03906	-0.2	359	21.9	14.7	7.2	0.8	-13.9	14.7	
4.04297	-0.1	359	21.9	14.7	7.2	0.8	-13.9	14.7	
4.04688	-0.1	359	21.9	14.7	7.2	0.8	-13.9	14.7	
4.05078	-0.1	359	21.9	14.7	7.2	0.8	-13.9	14.7	
4.05469	-0.1	359	21.9	14.7	7.2	0.8	-13.9	14.7	
4.05859	-0.2	359	21.9	14.7	7.2	0.8	-13.9	14.7	
4.06250	-0.2	359	21.9	14.7	7.2	0.8	-13.9	14.7	
4.06641	-0.2	359	21.9	14.7	7.2	0.8	-13.9	14.7	
4.07031	-0.2	359	21.9	14.6	7.3	0.8	-13.8	14.6	
4.07422	-0.2	359	21.9	14.6	7.3	0.8	-13.8	14.6	
4.07812	-0.1	359	21.9	14.6	7.3	0.8	-13.8	14.6	
4.08203	-0.1	359	21.9	14.6	7.3	0.8	-13.8	14.6	
4.08594	-0.2	359	21.9	14.6	7.3	0.8	-13.8	14.6	
4.08984	-0.1	359	21.9	14.6	7.3	0.8	-13.8	14.6	
4.09375	-0.1	359	21.8	14.6	7.2	0.8	-13.8	14.6	
4.09766	-0.1	359	21.8	14.6	7.2	0.8	-13.8	14.6	
4.10156	-0.2	359	21.9	14.6	7.3	0.8	-13.8	14.6	
4.10547	-0.2	359	21.8	14.6	7.2	0.8	-13.8	14.6	
4.10938	-0.2	359	21.8	14.6	7.2	0.8	-13.8	14.6	
4.11328	-0.1	359	21.8	14.5	7.3	0.8	-13.7	14.5	
4.11719	-0.2	359	21.8	14.5	7.3	0.8	-13.7	14.5	
4.12109	-0.2	359	21.9	14.5	7.4	0.8	-13.7	14.5	
4.12500	-0.2	359	21.8	14.5	7.3	0.8	-13.7	14.5	
4.12891	-0.2	359	21.9	14.5	7.4	0.8	-13.7	14.5	
4.13281	-0.2	359	21.9	14.5	7.4	0.8	-13.7	14.5	
4.13672	-0.2	359	21.8	14.5	7.3	0.8	-13.7	14.5	
4.14062	-0.2	359	21.9	14.5	7.4	0.8	-13.7	14.5	
4.14453	-0.2	359	21.9	14.5	7.4	0.8	-13.7	14.5	
4.14844	-0.2	359	21.9	14.5	7.4	0.8	-13.7	14.5	
4.15234	-0.2	359	21.9	14.5	7.4	0.8	-13.7	14.5	
4.15625	-0.2	359	21.9	14.5	7.4	0.8	-13.7	14.5	
4.16016	-0.2	359	21.9	14.5	7.4	0.8	-13.7	14.5	
4.16406	-0.2	359	21.9	14.5	7.4	0.8	-13.7	14.5	
4.16797	-0.2	359	21.9	14.5	7.4	0.8	-13.7	14.5	
4.17188	-0.2	359	21.9	14.5	7.4	0.8	-13.7	14.5	
4.17578	-0.2	359	21.9	14.4	7.5	0.8	-13.6	14.4	
4.17969	-0.2	359	21.9	14.5	7.4	0.8	-13.7	14.5	
4.18359	-0.2	359	21.9	14.5	7.4	0.8	-13.7	14.5	
4.18750	-0.2	359	21.9	14.4	7.5	0.8	-13.6	14.4	
4.19141	-0.2	359	21.9	14.4	7.5	0.8	-13.6	14.4	
4.19531	-0.2	359	21.9	14.4	7.5	0.8	-13.6	14.4	
4.19922	-0.2	359	22.0	14.4	7.6	0.8	-13.6	14.4	
4.20312	-0.2	359	22.0	14.4	7.6	0.8	-13.6	14.4	
4.20703	-0.2	359	22.0	14.4	7.6	0.8	-13.6	14.4	
4.21094	-0.2	359	22.0	14.4	7.6	0.8	-13.6	14.4	
4.21484	-0.2	359	22.0	14.4	7.6	0.8	-13.6	14.4	
4.21875	-0.2	359	22.0	14.4	7.6	0.8	-13.6	14.4	
4.22266	-0.1	359	22.0	14.4	7.6	0.8	-13.6	14.4	
4.22656	-0.1	359	22.0	14.4	7.6	0.8	-13.6	14.4	
4.23047	-0.2	359	22.0	14.4	7.6	0.8	-13.6	14.4	
4.23438	-0.2	359	22.0	14.4	7.6	0.8	-13.6	14.4	
4.23828	-0.2	359	22.0	14.4	7.6	0.8	-13.6	14.4	
4.24219	-0.2	359	22.0	14.4	7.6	0.8	-13.6	14.4	
4.24609	-0.2	359	22.0	14.4	7.6	0.8	-13.6	14.4	
4.25000	-0.2	358	22.0	14.4	7.6	0.8	-13.6	14.4	
4.25391	-0.2	358	22.0	14.4	7.6	0.8	-13.6	14.4	
4.25781	-0.2	358	22.0	14.4	7.6	0.8	-13.6	14.4	
4.26172	-0.2	358	22.0	14.4	7.6	0.8	-13.6	14.4	
4.26562	-0.2	358	22.0	14.4	7.6	0.8	-13.6	14.4	
4.26953	-0.2	358	22.0	14.4	7.6	0.8	-13.6	14.4	
4.27344	-0.2	358	22.1	14.4	7.7	0.8	-13.6	14.4	
4.27734	-0.2	358	22.1	14.4	7.7	0.8	-13.6	14.4	
4.28125	-0.2	358	22.1	14.4	7.7	0.8	-13.6	14.4	
4.28516	-0.2	358	22.1	14.4	7.7	0.8	-13.6	14.4	
4.28906	-0.2	358	22.1	14.4	7.7	0.8	-13.6	14.4	
4.29297	-0.2	358	22.1	14.4	7.7	0.8	-13.6	14.4	
4.29688	-0.2	358	22.1	14.4	7.7	0.8	-13.6	14.4	
4.30078	-0.2	358	22.1	14.4	7.7	0.8	-13.6	14.4	
4.30469	-0.2	358	22.1	14.4	7.7	0.8	-13.6	14.4	
4.30859	-0.2	358	22.1	14.4	7.7	0.8	-13.6	14.4	
4.31250	-0.2	358	22.2	14.5	7.7	0.8	-13.7	14.5	
4.31641	-0.2	358	22.2	14.5	7.7	0.8	-13.7	14.5	
4.32031	-0.3	358	22.2	14.5	7.7	0.8	-13.7	14.5	
4.32422	-0.2	358	22.2	14.5	7.7	0.8	-13.7	14.5	
4.32812	-0.2	358	22.2	14.5	7.7	0.8	-13.7	14.5	
4.33203	-0.2	358	22.2	14.5	7.7	0.8	-13.7	14.5	
4.33594	-0.2	358	22.2	14.5	7.7	0.8	-13.7	14.5	
4.33984	-0.2	358	22.2	14.5	7.7	0.8	-13.7	14.5	
4.34375	-0.3	358	22.3	14.5	7.8	0.8	-13.7	14.5	
4.34766	-0.3	358	22.3	14.5	7.8	0.8	-13.7	14.5	
4.35156	-0.2	358	22.3	14.5	7.8	0.8	-13.7	14.5	
4.35547	-0.2	358	22.3	14.6	7.7	0.8	-13.8	14.6	
4.35938	-0.2	358	22.3	14.6	7.7	0.8	-13.8	14.6	
4.36328	-0.2	358	22.3	14.6	7.7	0.8	-13.8	14.6	
4.36719	-0.2	358	22.3	14.6	7.7	0.8	-13.8	14.6	
4.37109	-0.2	358	22.3	14.6	7.7	0.8	-13.8	14.6	
4.37500	-0.1	358	22.3	14.6	7.7	0.8	-13.8	14.6	
4.37891	-0.1	358	22.4	14.6	7.8	0.8	-13.8	14.6	
4.38281	-0.1	358	22.3	14.6	7.7	0.8	-13.8	14.6	
4.38672	-0.1	358	22.3	14.6	7.7	0.8	-13.8	14.6	
4.39062	-0.1	358	22.3	14.6	7.7	0.8	-13.8	14.6	
4.39453	-0.1	358	22.3	14.6	7.7	0.8	-13.8	14.6	
4.39844	-0.1	358	22.3	14.6	7.7	0.8	-13.8	14.6	
4.40234	-0.0	358	22.3	14.7	7.6	0.8	-13.9	14.7	
4.40625	-0.1	358	22.3	14.7	7.6	0.8	-13.9	14.7	
4.41016	-0.0	358	22.3	14.7	7.6	0.8	-13.9	14.7	
4.41406	-0.0	358	22.2	14.7	7.5	0.8	-13.9	14.7	
4.41797	-0.1	358	22.2	14.7	7.5	0.8	-13.9	14.7	
4.42188	-0.1	358	22.2	14.7	7.5	0.8	-13.9	14.7	
4.42578	-0.1	358	22.2	14.7	7.5	0.8	-13.9	14.7	
4.42969	-0.1	358	22.2	14.7	7.5	0.8	-13.9	14.7	
4.43359	-0.0	358	22.2	14.7	7.5	0.8	-13.9	14.7	
4.43750	-0.1	358	22.1	14.7	7.4	0.8	-13.9	14.7	
4.44141	-0.1	358	22.1	14.7	7.4	0.8	-13.9	14.7	
4.44531	-0.1	358	22.1	14.7	7.4	0.8	-13.9	14.7	
4.44922	-0.1	358	22.1	14.7	7.4	0.8	-13.9	14.7	
4.45312	-0.1	358	22.1	14.7	7.4	0.8	-13.9	14.7	
4.45703	-0.1	358	22.1	14.7	7.4	0.8	-13.9	14.7	
4.46094	-0.2	358	22.1	14.7	7.4	0.8	-13.9	14.7	
4.46484	-0.2	358	22.1	14.7	7.4	0.8	-13.9	14.7	
4.46875	-0.2	358	22.1	14.7	7.4	0.8	-13.9	14.7	
4.47266	-0.2	358	22.1	14.7	7.4	0.8	-13.9	14.7	
4.47656	-0.2	358	22.1	14.7	7.4	0.8	-13.9	14.7	
4.48047	-0.2	358	22.1	14.7	7.4	0.8	-13.9	14.7	
4.48438	-0.2	358	22.1	14.7	7.4	0.8	-13.9	14.7	
4.48828	-0.2	358	22.1	14.7	7.4	0.8	-13.9	14.7	
4.49219	-0.2	358	22.1	14.7	7.4	0.8	-13.9	14.7	
4.49609	-0.2	358	22.1	14.7	7.4	0.8	-13.9	14.7	
4.50000	-0.1	358	22.1	14.7	7.4	0.8	-13.9	14.7	
4.50391	-0.1	358	22.1	14.7	7.4	0.8	-13.9	14.7	
4.50781	-0.1	358	22.1	14.7	7.4	0.8	-13.9	14.7	
4.51172	-0.1	358	22.1	14.7	7.4	0.8	-13.9	14.7	
4.51562	-0.0	358	22.1	14.7	7.4	0.8	-13.9	14.7	
4.51953	-0.0	358	22.1	14.6	7.5	0.8	-13.8	14.6	
4.52344	-0.0	358	22.1	14.6	7.5	0.8	-13.8	14.6	
4.52734	0.0	358	22.0	14.6	7.4	0.8	-13.8	14.6	
4.53125	0.1	358	22.0	14.6	7.4	0.8	-13.8	14.6	
4.53516	0.1	358	22.0	14.6	7.4	0.8	-13.8	14.6	
4.53906	0.1	358	22.0	14.5	7.5	0.8	-13.7	14.5	
4.54297	0.0	358	21.9	14.5	7.4	0.8	-13.7	14.5	
4.54688	-0.0	358	21.9	14.5	7.4	0.8	-13.7	14.5	
4.55078	-0.0	358	21.9	14.5	7.4	0.8	-13.7	14.5	
4.55469	-0.1	358	21.9	14.5	7.4	0.8	-13.7	14.5	
4.55859	-0.1	358	21.9	14.4	7.5	0.8	-13.6	14.4	
4.56250	-0.2	358	21.9	14.4	7.5	0.8	-13.6	14.4	
4.56641	-0.2	358	21.9	14.4	7.5	0.8	-13.6	14.4	
4.57031	-0.3	358	21.9	14.4	7.5	0.8	-13.6	14.4	
4.57422	-0.3	358	21.9	14.4	7.5	0.8	-13.6	14.4	
4.57812	-0.4	358	21.9	14.4	7.5	0.8	-13.6	14.4	
4.58203	-0.4	358	22.0	14.3	7.7	0.8	-13.5	14.3	
4.58594	-0.5	358	22.0	14.3	7.7	0.8	-13.5	14.3	
4.58984	-0.5	358	22.0	14.3	7.7	0.8	-13.5	14.3	
4.59375	-0.5	358	22.1	14.3	7.8	0.8	-13.5	14.3	
4.59766	-0.4	358	22.1	14.3	7.8	0.8	-13.5	14.3	
4.60156	-0.4	358	22.2	14.3	7.9	0.8	-13.5	14.3	
4.60547	-0.4	358	22.2	14.2	8.0	0.8	-13.4	14.2	
4.60938	-0.4	357	22.2	14.2	8.0	0.8	-13.4	14.2	
4.61328	-0.4	357	22.3	14.2	8.1	0.8	-13.4	14.2	
4.61719	-0.3	357	22.3	14.2	8.1	0.8	-13.4	14.2	
4.62109	-0.2	357	22.3	14.2	8.1	0.8	-13.4	14.2	
4.62500	-0.3	357	22.3	14.2	8.1	0.8	-13.4	14.2	
4.62891	-0.2	357	22.3	14.2	8.1	0.8	-13.4	14.2	
4.63281	-0.1	357	22.4	14.2	8.2	0.8	-13.4	14.2	
4.63672	-0.1	357	22.3	14.1	8.2	0.8	-13.3	14.1	
4.64062	-0.1	357	22.3	14.1	8.2	0.8	-13.3	14.1	
4.64453	-0.1	357	22.3	14.1	8.2	0.8	-13.3	14.1	
4.64844	-0.1	357	22.3	14.1	8.2	0.8	-13.3	14.1	
4.65234	-0.1	357	22.3	14.1	8.2	0.8	-13.3	14.1	
4.65625	-0.1	357	22.3	14.1	8.2	0.8	-13.3	14.1	
4.66016	-0.1	357	22.3	14.0	8.3	0.8	-13.2	14.0	
4.66406	-0.2	357	22.3	14.0	8.3	0.8	-13.2	14.0	
4.66797	-0.1	357	22.3	14.0	8.3	0.8	-13.2	14.0	
4.67188	-0.2	357	22.3	14.0	8.3	0.8	-13.2	14.0	
4.67578	-0.2	357	22.3	14.0	8.3	0.8	-13.2	14.0	
4.67969	-0.2	357	22.3	14.0	8.3	0.8	-13.2	14.0	
4.68359	-0.2	357	22.3	13.9	8.4	0.8	-13.1	13.9	
4.68750	-0.2	357	22.3	13.9	8.4	0.8	-13.1	13.9	
4.69141	-0.2	357	22.3	13.9	8.4	0.8	-13.1	13.9	
4.69531	-0.2	357	22.3	13.9	8.4	0.8	-13.1	13.9	
