FluxView - FluxMed acquisition system
Signal file
Serial Number	:
W version:	1.20h-OX-CO2	File version:	1.13
Sampling rate:	256 Hz
Time	Flow	Volume	Paw	Pes	Ptpulm	Pga	Ptdiaf	CO2	
0.00391	2.8	15944	19.4	16.5	2.9	0.1	-16.4	0.0	
0.00781	3.0	15945	19.5	16.5	3.0	0.1	-16.4	0.0	
0.01172	2.9	15945	19.6	16.5	3.1	0.1	-16.4	0.0	
0.01562	2.8	15945	19.6	16.5	3.1	0.1	-16.4	0.0	
0.01953	2.5	15945	19.6	16.5	3.1	0.1	-16.4	0.0	
0.02344	2.4	15945	19.6	16.5	3.1	0.1	-16.4	0.0	
0.02734	2.6	15945	19.5	16.6	2.9	0.1	-16.5	0.0	
0.03125	2.5	15946	19.5	16.8	2.7	0.1	-16.7	0.0	
0.03516	2.4	15946	19.5	16.8	2.7	0.1	-16.7	0.0	
0.03906	2.3	15946	19.5	16.5	3.0	0.1	-16.4	0.0	
0.04297	2.1	15946	19.5	16.6	2.9	0.1	-16.5	0.0	
0.04688	2.1	15946	19.5	16.8	2.7	0.1	-16.7	0.0	
0.05078	1.9	15946	19.6	16.8	2.8	0.1	-16.7	0.0	
0.05469	1.4	15946	19.6	16.6	3.0	0.1	-16.5	0.0	
0.05859	0.9	15946	19.6	16.9	2.7	0.1	-16.8	0.0	
0.06250	0.5	15946	19.6	17.1	2.5	0.1	-17.0	0.0	
0.06641	0.1	15946	19.5	17.1	2.4	0.1	-17.0	0.0	
0.07031	0.0	15946	19.5	17.0	2.5	0.1	-16.9	0.0	
0.07422	0.0	15946	19.5	17.0	2.5	0.1	-16.9	0.0	
0.07812	0.0	15946	19.6	17.0	2.6	0.1	-16.9	0.0	
0.08203	0.0	15946	19.6	17.0	2.6	0.1	-16.9	0.0	
0.08594	0.0	15946	19.6	17.1	2.5	0.1	-17.0	0.0	
0.08984	0.0	15946	19.6	17.3	2.3	0.1	-17.2	0.0	
0.09375	0.0	15946	19.6	17.3	2.3	0.1	-17.2	0.0	
0.09766	0.0	15946	19.6	17.3	2.3	0.1	-17.2	0.0	
0.10156	0.3	15946	19.6	17.3	2.3	0.1	-17.2	0.0	
0.10547	0.3	15947	19.6	17.3	2.3	0.1	-17.2	0.0	
0.10938	0.3	15947	19.6	17.3	2.3	0.1	-17.2	0.0	
0.11328	0.1	15947	19.6	17.3	2.3	0.1	-17.2	0.0	
0.11719	0.0	15947	19.6	17.3	2.3	0.1	-17.2	0.0	
0.12109	0.0	15947	19.6	17.3	2.3	0.1	-17.2	0.0	
0.12500	0.1	15947	19.6	17.1	2.5	0.1	-17.0	0.0	
0.12891	0.6	15947	19.6	17.1	2.5	0.1	-17.0	0.0	
0.13281	1.1	15947	19.6	17.1	2.5	0.1	-17.0	0.0	
0.13672	1.6	15947	19.6	17.1	2.5	0.1	-17.0	0.0	
0.14062	2.0	15947	19.6	17.1	2.5	0.1	-17.0	0.0	
0.14453	1.8	15947	19.6	17.1	2.5	0.1	-17.0	0.0	
0.14844	1.4	15947	19.5	17.1	2.4	0.1	-17.0	0.0	
0.15234	1.0	15947	19.5	17.0	2.5	0.1	-16.9	0.0	
0.15625	0.4	15947	19.5	16.9	2.6	0.1	-16.8	0.0	
0.16016	0.0	15947	19.5	16.9	2.6	0.1	-16.8	0.0	
0.16406	0.0	15947	19.5	16.9	2.6	0.1	-16.8	0.0	
0.16797	0.0	15947	19.4	16.9	2.5	0.1	-16.8	0.0	
0.17188	0.0	15947	19.3	16.9	2.4	0.1	-16.8	0.0	
0.17578	0.5	15947	19.3	16.8	2.5	0.1	-16.7	0.0	
0.17969	1.3	15947	19.3	16.6	2.7	0.1	-16.5	0.0	
0.18359	2.1	15947	19.3	16.6	2.7	0.1	-16.5	0.0	
0.18750	2.8	15948	19.3	16.8	2.5	0.1	-16.7	0.0	
0.19141	3.0	15948	19.3	16.8	2.5	0.1	-16.7	0.0	
0.19531	3.0	15948	19.1	16.5	2.6	0.1	-16.4	0.0	
0.19922	2.8	15948	19.0	16.4	2.6	0.1	-16.3	0.0	
0.20312	2.5	15948	19.0	16.4	2.6	0.1	-16.3	0.0	
0.20703	2.1	15948	19.1	16.4	2.7	0.1	-16.3	0.0	
0.21094	1.8	15949	19.1	16.4	2.7	0.1	-16.3	0.0	
0.21484	1.4	15949	19.0	16.3	2.7	0.1	-16.2	0.0	
0.21875	1.1	15949	18.9	16.3	2.6	0.1	-16.2	0.0	
0.22266	0.9	15949	18.9	16.3	2.6	0.1	-16.2	0.0	
0.22656	0.8	15949	18.9	16.3	2.6	0.1	-16.2	0.0	
0.23047	0.9	15949	18.9	16.1	2.8	0.1	-16.0	0.0	
0.23438	0.8	15949	18.9	16.1	2.8	0.1	-16.0	0.0	
0.23828	0.5	15949	18.9	16.1	2.8	0.1	-16.0	0.0	
0.24219	0.4	15949	18.8	16.1	2.7	0.1	-16.0	0.0	
0.24609	0.5	15949	18.8	16.1	2.7	0.1	-16.0	0.0	
0.25000	0.6	15949	18.6	16.1	2.5	0.1	-16.0	0.0	
0.25391	0.4	15949	18.5	16.1	2.4	0.1	-16.0	0.0	
0.25781	0.3	15949	18.5	16.1	2.4	0.1	-16.0	0.0	
0.26172	0.4	15949	18.6	16.1	2.5	0.1	-16.0	0.0	
0.26562	0.4	15949	18.8	16.1	2.7	0.1	-16.0	0.0	
0.26953	0.4	15949	18.8	16.1	2.7	0.1	-16.0	0.0	
0.27344	0.4	15949	18.6	16.1	2.5	0.1	-16.0	0.0	
0.27734	0.4	15949	18.8	16.1	2.7	0.1	-16.0	0.0	
0.28125	0.3	15949	18.8	16.1	2.7	0.1	-16.0	0.0	
0.28516	0.1	15949	18.6	16.1	2.5	0.1	-16.0	0.0	
0.28906	0.0	15949	18.8	16.1	2.7	0.1	-16.0	0.0	
0.29297	0.0	15949	18.9	16.1	2.8	0.1	-16.0	0.0	
0.29688	0.0	15949	18.9	15.9	3.0	0.1	-15.8	0.0	
0.30078	0.3	15949	18.8	15.9	2.9	0.1	-15.8	0.0	
0.30469	1.1	15949	18.8	16.0	2.8	0.1	-15.9	0.0	
0.30859	2.1	15950	18.8	16.0	2.8	0.1	-15.9	0.0	
0.31250	2.6	15950	18.9	16.0	2.9	0.1	-15.9	0.0	
0.31641	2.3	15950	18.8	16.0	2.8	0.1	-15.9	0.0	
0.32031	1.3	15950	18.8	16.0	2.8	0.1	-15.9	0.0	
0.32422	0.5	15950	18.8	16.0	2.8	0.1	-15.9	0.0	
0.32812	0.0	15950	18.8	16.1	2.7	0.1	-16.0	0.0	
0.33203	-0.1	15950	18.6	16.4	2.2	0.1	-16.3	0.0	
0.33594	0.0	15950	18.8	16.4	2.4	0.1	-16.3	0.0	
0.33984	0.0	15950	18.9	16.4	2.5	0.1	-16.3	0.0	
0.34375	0.1	15950	18.9	16.4	2.5	0.1	-16.3	0.0	
0.34766	0.1	15950	18.8	16.4	2.4	0.1	-16.3	0.0	
0.35156	0.0	15950	18.8	16.6	2.2	0.1	-16.5	0.0	
0.35547	0.0	15950	18.8	16.8	2.0	0.1	-16.7	0.0	
0.35938	-0.1	15950	18.9	16.9	2.0	0.1	-16.8	0.0	
0.36328	0.0	15950	19.0	17.0	2.0	0.1	-16.9	0.0	
0.36719	0.1	15950	19.0	17.1	1.9	0.1	-17.0	0.0	
0.37109	1.0	15950	18.9	17.3	1.6	0.1	-17.2	0.0	
0.37500	2.0	15950	18.9	17.3	1.6	0.1	-17.2	0.0	
0.37891	2.9	15950	18.9	17.1	1.8	0.1	-17.0	0.0	
0.38281	3.4	15951	18.9	17.1	1.8	0.1	-17.0	0.0	
0.38672	3.8	15951	18.9	17.1	1.8	0.1	-17.0	0.0	
0.39062	3.9	15951	18.9	17.3	1.6	0.1	-17.2	0.0	
0.39453	3.8	15951	18.9	17.1	1.8	0.1	-17.0	0.0	
0.39844	3.5	15952	18.8	17.0	1.8	0.1	-16.9	0.0	
0.40234	3.1	15952	18.6	17.0	1.6	0.1	-16.9	0.0	
0.40625	2.8	15952	18.6	17.1	1.5	0.1	-17.0	0.0	
0.41016	2.5	15952	18.6	17.1	1.5	0.1	-17.0	0.0	
0.41406	2.4	15952	18.5	17.0	1.5	0.1	-16.9	0.0	
0.41797	2.4	15952	18.5	16.9	1.6	0.1	-16.8	0.0	
0.42188	2.5	15953	18.6	16.9	1.7	0.1	-16.8	0.0	
0.42578	2.4	15953	18.6	16.9	1.7	0.1	-16.8	0.0	
0.42969	2.1	15953	18.6	16.9	1.7	0.1	-16.8	0.0	
0.43359	1.0	15953	18.6	16.8	1.8	0.1	-16.7	0.0	
0.43750	-0.3	15953	18.5	16.6	1.9	0.1	-16.5	0.0	
0.44141	-1.0	15953	18.6	16.6	2.0	0.1	-16.5	0.0	
0.44531	-0.8	15953	18.8	16.6	2.2	0.1	-16.5	0.0	
0.44922	-0.4	15953	18.9	16.5	2.4	0.1	-16.4	0.0	
0.45312	-0.1	15953	18.9	16.5	2.4	0.1	-16.4	0.0	
0.45703	0.1	15953	18.9	16.5	2.4	0.1	-16.4	0.0	
0.46094	0.6	15953	18.9	16.5	2.4	0.1	-16.4	0.0	
0.46484	0.8	15953	18.9	16.5	2.4	0.1	-16.4	0.0	
0.46875	0.5	15953	19.0	16.5	2.5	0.1	-16.4	0.0	
0.47266	0.1	15953	19.1	16.5	2.6	0.1	-16.4	0.0	
0.47656	0.1	15953	19.3	16.5	2.8	0.1	-16.4	0.0	
0.48047	0.4	15953	19.3	16.4	2.9	0.1	-16.3	0.0	
0.48438	0.8	15953	19.3	16.1	3.2	0.1	-16.0	0.0	
0.48828	1.3	15953	19.3	16.3	3.0	0.1	-16.2	0.0	
0.49219	1.4	15953	19.3	16.4	2.9	0.1	-16.3	0.0	
0.49609	1.1	15953	19.3	16.4	2.9	0.1	-16.3	0.0	
0.50000	0.8	15953	19.3	16.3	3.0	0.1	-16.2	0.0	
0.50391	0.9	15953	19.3	16.3	3.0	0.1	-16.2	0.0	
0.50781	1.1	15953	19.3	16.4	2.9	0.1	-16.3	0.0	
0.51172	1.0	15954	19.3	16.4	2.9	0.1	-16.3	0.0	
0.51562	0.5	15954	19.3	16.4	2.9	0.1	-16.3	0.0	
0.51953	0.1	15954	19.3	16.4	2.9	0.1	-16.3	0.0	
0.52344	0.0	15954	19.3	16.6	2.7	0.1	-16.5	0.0	
0.52734	0.0	15954	19.3	16.8	2.5	0.1	-16.7	0.0	
0.53125	0.4	15954	19.3	16.8	2.5	0.1	-16.7	0.0	
0.53516	0.8	15954	19.3	16.6	2.7	0.1	-16.5	0.0	
0.53906	1.0	15954	19.4	16.8	2.6	0.1	-16.7	0.0	
0.54297	1.1	15954	19.5	16.9	2.6	0.1	-16.8	0.0	
0.54688	1.3	15954	19.5	16.9	2.6	0.1	-16.8	0.0	
0.55078	1.0	15954	19.5	16.9	2.6	0.1	-16.8	0.0	
0.55469	1.0	15954	19.5	16.9	2.6	0.1	-16.8	0.0	
0.55859	1.5	15954	19.4	16.9	2.5	0.1	-16.8	0.0	
0.56250	2.0	15954	19.3	16.8	2.5	0.1	-16.7	0.0	
0.56641	2.3	15954	19.3	16.8	2.5	0.1	-16.7	0.0	
0.57031	2.5	15955	19.3	16.8	2.5	0.1	-16.7	0.0	
0.57422	2.6	15955	19.3	16.9	2.4	0.1	-16.8	0.0	
0.57812	2.4	15955	19.1	16.8	2.3	0.1	-16.7	0.0	
0.58203	2.1	15955	19.0	16.8	2.2	0.1	-16.7	0.0	
0.58594	1.9	15955	19.0	16.8	2.2	0.1	-16.7	0.0	
0.58984	1.6	15955	19.0	16.9	2.1	0.1	-16.8	0.0	
0.59375	1.3	15955	19.0	16.8	2.2	0.1	-16.7	0.0	
0.59766	0.9	15955	18.9	16.5	2.4	0.1	-16.4	0.0	
0.60156	0.9	15955	18.9	16.5	2.4	0.1	-16.4	0.0	
0.60547	1.0	15955	18.9	16.5	2.4	0.1	-16.4	0.0	
0.60938	0.8	15956	18.8	16.4	2.4	0.1	-16.3	0.0	
0.61328	0.5	15956	18.8	16.3	2.5	0.1	-16.2	0.0	
0.61719	0.5	15956	18.8	16.3	2.5	0.1	-16.2	0.0	
0.62109	0.6	15956	18.9	16.1	2.8	0.1	-16.0	0.0	
0.62500	0.8	15956	18.9	16.0	2.9	0.1	-15.9	0.0	
0.62891	0.6	15956	18.9	15.8	3.1	0.1	-15.7	0.0	
0.63281	0.4	15956	18.9	15.6	3.3	0.1	-15.5	0.0	
0.63672	0.3	15956	18.9	15.6	3.3	0.1	-15.5	0.0	
0.64062	0.5	15956	18.8	15.6	3.2	0.1	-15.5	0.0	
0.64453	0.5	15956	18.8	15.6	3.2	0.1	-15.5	0.0	
0.64844	0.5	15956	18.8	15.6	3.2	0.1	-15.5	0.0	
0.65234	0.5	15956	18.8	15.5	3.3	0.1	-15.4	0.0	
0.65625	0.4	15956	18.6	15.5	3.1	0.1	-15.4	0.0	
0.66016	0.3	15956	18.8	15.5	3.3	0.1	-15.4	0.0	
0.66406	0.0	15956	18.8	15.6	3.2	0.1	-15.5	0.0	
0.66797	0.0	15956	18.5	15.5	3.0	0.1	-15.4	0.0	
0.67188	0.0	15956	18.6	15.4	3.2	0.1	-15.3	0.0	
0.67578	0.5	15956	18.6	15.3	3.3	0.1	-15.2	0.0	
0.67969	1.0	15956	18.6	15.3	3.3	0.1	-15.2	0.0	
0.68359	1.3	15956	18.6	15.3	3.3	0.1	-15.2	0.0	
0.68750	1.1	15956	18.5	15.3	3.2	0.1	-15.2	0.0	
0.69141	1.1	15956	18.5	15.4	3.1	0.1	-15.3	0.0	
0.69531	1.3	15956	18.5	15.4	3.1	0.1	-15.3	0.0	
0.69922	1.1	15956	18.6	15.4	3.2	0.1	-15.3	0.0	
0.70312	1.0	15956	18.6	15.4	3.2	0.1	-15.3	0.0	
0.70703	0.6	15957	18.6	15.5	3.1	0.1	-15.4	0.0	
0.71094	0.4	15957	18.6	15.5	3.1	0.1	-15.4	0.0	
0.71484	0.3	15957	18.5	15.5	3.0	0.1	-15.4	0.0	
0.71875	0.1	15957	18.5	15.5	3.0	0.1	-15.4	0.0	
0.72266	0.0	15957	18.5	15.6	2.9	0.1	-15.5	0.0	
0.72656	0.0	15957	18.6	15.6	3.0	0.1	-15.5	0.0	
0.73047	0.0	15957	18.6	15.6	3.0	0.1	-15.5	0.0	
0.73438	0.1	15957	18.6	15.6	3.0	0.1	-15.5	0.0	
0.73828	0.1	15957	18.8	15.8	3.0	0.1	-15.7	0.0	
0.74219	0.1	15957	18.8	15.8	3.0	0.1	-15.7	0.0	
0.74609	0.0	15957	18.6	15.9	2.7	0.1	-15.8	0.0	
0.75000	0.0	15957	18.6	16.0	2.6	0.1	-15.9	0.0	
0.75391	0.0	15957	18.5	15.9	2.6	0.1	-15.8	0.0	
0.75781	0.0	15957	18.5	15.9	2.6	0.1	-15.8	0.0	
0.76172	0.0	15957	18.5	16.0	2.5	0.1	-15.9	0.0	
0.76562	0.0	15957	18.6	16.1	2.5	0.1	-16.0	0.0	
0.76953	0.0	15957	18.8	16.4	2.4	0.1	-16.3	0.0	
0.77344	0.1	15957	18.9	16.4	2.5	0.1	-16.3	0.0	
0.77734	0.6	15957	18.9	16.3	2.6	0.1	-16.2	0.0	
0.78125	1.4	15957	18.9	16.1	2.8	0.1	-16.0	0.0	
0.78516	1.9	15957	18.9	16.3	2.6	0.1	-16.2	0.0	
0.78906	2.1	15957	18.9	16.4	2.5	0.1	-16.3	0.0	
0.79297	2.3	15957	18.9	16.4	2.5	0.1	-16.3	0.0	
0.79688	2.3	15957	18.8	16.4	2.4	0.1	-16.3	0.0	
0.80078	2.0	15957	18.8	16.4	2.4	0.1	-16.3	0.0	
0.80469	1.5	15958	18.8	16.4	2.4	0.1	-16.3	0.0	
0.80859	1.0	15958	18.8	16.4	2.4	0.1	-16.3	0.0	
0.81250	0.8	15958	18.6	16.4	2.2	0.1	-16.3	0.0	
0.81641	0.4	15958	18.8	16.6	2.2	0.1	-16.5	0.0	
0.82031	0.4	15958	18.9	16.6	2.3	0.1	-16.5	0.0	
0.82422	0.3	15958	18.9	16.6	2.3	0.1	-16.5	0.0	
0.82812	0.1	15958	18.9	16.8	2.1	0.1	-16.7	0.0	
0.83203	0.1	15958	18.9	16.9	2.0	0.1	-16.8	0.0	
0.83594	0.3	15958	18.9	16.9	2.0	0.1	-16.8	0.0	
0.83984	0.3	15958	18.9	16.9	2.0	0.1	-16.8	0.0	
0.84375	0.0	15958	18.9	16.9	2.0	0.1	-16.8	0.0	
0.84766	-0.4	15958	18.9	16.9	2.0	0.1	-16.8	0.0	
0.85156	-0.6	15958	18.9	17.0	1.9	0.1	-16.9	0.0	
0.85547	-0.4	15958	18.9	17.1	1.8	0.1	-17.0	0.0	
0.85938	0.0	15958	18.9	17.3	1.6	0.1	-17.2	0.0	
0.86328	0.1	15958	18.9	17.3	1.6	0.1	-17.2	0.0	
0.86719	0.3	15958	18.9	17.3	1.6	0.1	-17.2	0.0	
0.87109	0.9	15958	18.9	17.3	1.6	0.1	-17.2	0.0	
0.87500	1.9	15958	18.9	17.3	1.6	0.1	-17.2	0.0	
0.87891	2.6	15958	18.9	17.3	1.6	0.1	-17.2	0.0	
0.88281	3.0	15958	18.9	17.1	1.8	0.1	-17.0	0.0	
0.88672	3.4	15958	18.8	17.0	1.8	0.1	-16.9	0.0	
0.89062	3.8	15959	18.6	17.0	1.6	0.1	-16.9	0.0	
0.89453	3.8	15959	18.6	17.1	1.5	0.1	-17.0	0.0	
0.89844	3.5	15959	18.6	17.1	1.5	0.1	-17.0	0.0	
0.90234	3.3	15959	18.5	16.9	1.6	0.1	-16.8	0.0	
0.90625	2.6	15960	18.5	16.8	1.7	0.1	-16.7	0.0	
0.91016	2.0	15960	18.5	16.9	1.6	0.1	-16.8	0.0	
0.91406	1.6	15960	18.5	16.9	1.6	0.1	-16.8	0.0	
0.91797	1.4	15960	18.5	16.9	1.6	0.1	-16.8	0.0	
0.92188	1.4	15960	18.4	16.8	1.6	0.1	-16.7	0.0	
0.92578	1.3	15960	18.3	16.6	1.7	0.1	-16.5	0.0	
0.92969	0.9	15960	18.4	16.5	1.9	0.1	-16.4	0.0	
0.93359	0.3	15960	18.4	16.5	1.9	0.1	-16.4	0.0	
0.93750	-0.5	15960	18.5	16.5	2.0	0.1	-16.4	0.0	
0.94141	-1.4	15960	18.6	16.5	2.1	0.1	-16.4	0.0	
0.94531	-1.9	15960	18.5	16.4	2.1	0.1	-16.3	0.0	
0.94922	-1.6	15960	18.6	16.1	2.5	0.1	-16.0	0.0	
0.95312	-1.1	15960	18.8	16.1	2.7	0.1	-16.0	0.0	
0.95703	-1.0	15960	18.9	16.1	2.8	0.1	-16.0	0.0	
0.96094	-1.0	15960	18.9	16.1	2.8	0.1	-16.0	0.0	
0.96484	-0.8	15960	19.0	16.1	2.9	0.1	-16.0	0.0	
0.96875	-0.4	15960	19.1	16.1	3.0	0.1	-16.0	0.0	
0.97266	-0.1	15960	19.3	16.1	3.2	0.1	-16.0	0.0	
0.97656	0.0	15960	19.3	16.1	3.2	0.1	-16.0	0.0	
0.98047	0.0	15960	19.3	16.1	3.2	0.1	-16.0	0.0	
0.98438	0.0	15960	19.3	15.9	3.4	0.1	-15.8	0.0	
0.98828	0.0	15960	19.3	15.8	3.5	0.1	-15.7	0.0	
0.99219	0.0	15960	19.3	15.6	3.7	0.1	-15.5	0.0	
0.99609	0.1	15960	19.3	15.8	3.5	0.1	-15.7	0.0	
1.00000	0.5	15960	19.4	15.9	3.5	0.1	-15.8	0.0	
1.00391	0.6	15960	19.4	15.8	3.6	0.1	-15.7	0.0	
1.00781	0.4	15960	19.4	15.8	3.6	0.1	-15.7	0.0	
1.01172	0.3	15960	19.3	15.9	3.4	0.1	-15.8	0.0	
1.01562	0.3	15960	19.4	15.9	3.5	0.1	-15.8	0.0	
1.01953	0.8	15960	19.5	16.0	3.5	0.1	-15.9	0.0	
1.02344	1.1	15960	19.5	15.9	3.6	0.1	-15.8	0.0	
1.02734	1.5	15960	19.4	15.8	3.6	0.1	-15.7	0.0	
1.03125	2.1	15960	19.3	15.8	3.5	0.1	-15.7	0.0	
1.03516	2.9	15960	19.4	16.0	3.4	0.1	-15.9	0.0	
1.03906	3.3	15960	19.4	16.0	3.4	0.1	-15.9	0.0	
1.04297	3.5	15961	19.4	16.0	3.4	0.1	-15.9	0.0	
1.04688	3.5	15961	19.3	16.0	3.3	0.1	-15.9	0.0	
1.05078	3.5	15961	19.3	16.0	3.3	0.1	-15.9	0.0	
1.05469	3.4	15961	19.1	16.0	3.1	0.1	-15.9	0.0	
1.05859	3.4	15962	19.1	16.1	3.0	0.1	-16.0	0.0	
1.06250	3.5	15962	19.1	16.3	2.8	0.1	-16.2	0.0	
1.06641	3.5	15962	19.1	16.1	3.0	0.1	-16.0	0.0	
1.07031	3.8	15962	19.0	16.1	2.9	0.1	-16.0	0.0	
1.07422	4.1	15963	18.9	16.1	2.8	0.1	-16.0	0.0	
1.07812	4.6	15963	18.8	16.1	2.7	0.1	-16.0	0.0	
1.08203	4.9	15963	18.6	16.1	2.5	0.1	-16.0	0.0	
1.08594	5.3	15963	18.5	16.1	2.4	0.1	-16.0	0.0	
1.08984	5.5	15964	18.4	16.1	2.3	0.1	-16.0	0.0	
1.09375	5.5	15964	18.1	16.1	2.0	0.1	-16.0	0.0	
1.09766	5.4	15965	18.1	15.9	2.2	0.1	-15.8	0.0	
1.10156	5.1	15965	18.0	15.8	2.2	0.1	-15.7	0.0	
1.10547	4.9	15965	17.8	15.6	2.2	0.1	-15.5	0.0	
1.10938	4.6	15966	17.6	15.4	2.2	0.1	-15.3	0.0	
1.11328	4.4	15966	17.5	15.3	2.2	0.1	-15.2	0.0	
1.11719	4.3	15966	17.4	15.3	2.1	0.1	-15.2	0.0	
1.12109	4.3	15966	17.3	15.3	2.0	0.1	-15.2	0.0	
1.12500	4.1	15967	17.3	15.1	2.2	0.1	-15.0	0.0	
1.12891	4.0	15967	17.1	15.0	2.1	0.1	-14.9	0.0	
1.13281	3.6	15967	17.0	14.8	2.2	0.1	-14.7	0.0	
1.13672	3.1	15967	16.9	14.6	2.3	0.1	-14.5	0.0	
1.14062	2.3	15967	16.9	14.5	2.4	0.1	-14.4	0.0	
1.14453	1.3	15968	16.9	14.5	2.4	0.1	-14.4	0.0	
1.14844	0.4	15968	16.9	14.5	2.4	0.1	-14.4	0.0	
1.15234	0.0	15968	16.8	14.5	2.3	0.1	-14.4	0.0	
1.15625	-0.1	15968	16.6	14.4	2.2	0.1	-14.3	0.0	
1.16016	-0.1	15968	16.5	14.1	2.4	0.1	-14.0	0.0	
1.16406	0.0	15968	16.5	14.1	2.4	0.1	-14.0	0.0	
1.16797	0.0	15968	16.5	14.1	2.4	0.1	-14.0	0.0	
1.17188	0.0	15968	16.5	14.1	2.4	0.1	-14.0	0.0	
1.17578	0.1	15968	16.4	14.0	2.4	0.1	-13.9	0.0	
1.17969	0.6	15968	16.3	13.8	2.5	0.1	-13.7	0.0	
1.18359	0.9	15968	16.3	13.8	2.5	0.1	-13.7	0.0	
1.18750	1.1	15968	16.1	13.6	2.5	0.1	-13.5	0.0	
1.19141	1.0	15968	16.1	13.5	2.6	0.1	-13.4	0.0	
1.19531	0.6	15968	16.1	13.5	2.6	0.1	-13.4	0.0	
1.19922	0.8	15968	16.0	13.4	2.6	0.1	-13.3	0.0	
1.20312	1.3	15968	15.9	13.3	2.6	0.1	-13.2	0.0	
1.20703	1.5	15968	15.9	13.3	2.6	0.1	-13.2	0.0	
1.21094	1.4	15968	15.8	13.3	2.5	0.1	-13.2	0.0	
1.21484	0.9	15968	15.8	13.3	2.5	0.1	-13.2	0.0	
1.21875	0.5	15968	16.0	13.4	2.6	0.1	-13.3	0.0	
1.22266	0.4	15968	15.9	13.4	2.5	0.1	-13.3	0.0	
1.22656	0.6	15968	15.8	13.4	2.4	0.1	-13.3	0.0	
1.23047	0.8	15968	15.6	13.3	2.3	0.1	-13.2	0.0	
1.23438	1.0	15968	15.6	13.3	2.3	0.1	-13.2	0.0	
1.23828	1.4	15969	15.6	13.3	2.3	0.1	-13.2	0.0	
1.24219	1.3	15969	15.6	13.4	2.2	0.1	-13.3	0.0	
1.24609	0.9	15969	15.6	13.5	2.1	0.1	-13.4	0.0	
1.25000	0.6	15969	15.6	13.8	1.8	0.1	-13.7	0.0	
1.25391	0.5	15969	15.5	13.9	1.6	0.1	-13.8	0.0	
1.25781	0.4	15969	15.4	13.9	1.5	0.1	-13.8	0.0	
1.26172	0.4	15969	15.3	13.9	1.4	0.1	-13.8	0.0	
1.26562	0.1	15969	15.3	14.0	1.3	0.1	-13.9	0.0	
1.26953	0.1	15969	15.3	14.0	1.3	0.1	-13.9	0.0	
1.27344	0.1	15969	15.3	14.0	1.3	0.1	-13.9	0.0	
1.27734	0.6	15969	15.3	14.0	1.3	0.1	-13.9	0.0	
1.28125	1.5	15969	15.3	14.0	1.3	0.1	-13.9	0.0	
1.28516	2.3	15969	15.1	14.0	1.1	0.1	-13.9	0.0	
1.28906	2.6	15969	15.0	14.0	1.0	0.1	-13.9	0.0	
1.29297	2.8	15969	15.0	14.0	1.0	0.1	-13.9	0.0	
1.29688	2.6	15970	15.1	14.0	1.1	0.1	-13.9	0.0	
1.30078	2.3	15970	15.1	14.0	1.1	0.1	-13.9	0.0	
1.30469	1.9	15970	15.0	14.0	1.0	0.1	-13.9	0.0	
1.30859	2.1	15970	14.9	13.8	1.1	0.1	-13.7	0.0	
1.31250	2.4	15970	14.9	13.9	1.0	0.1	-13.8	0.0	
1.31641	1.9	15970	14.8	14.0	0.8	0.1	-13.9	0.0	
1.32031	1.4	15970	14.6	13.9	0.7	0.1	-13.8	0.0	
1.32422	0.9	15970	14.6	13.8	0.8	0.1	-13.7	0.0	
1.32812	0.4	15970	14.6	13.6	1.0	0.1	-13.5	0.0	
1.33203	0.0	15970	14.5	13.4	1.1	0.1	-13.3	0.0	
1.33594	0.0	15970	14.6	13.3	1.3	0.1	-13.2	0.0	
1.33984	0.0	15970	14.6	13.0	1.6	0.1	-12.9	0.0	
1.34375	0.0	15970	14.5	13.0	1.5	0.1	-12.9	0.0	
1.34766	0.0	15970	14.5	13.0	1.5	0.1	-12.9	0.0	
1.35156	0.0	15970	14.5	13.0	1.5	0.1	-12.9	0.0	
1.35547	0.0	15970	14.5	12.9	1.6	0.1	-12.8	0.0	
1.35938	0.0	15970	14.5	12.8	1.7	0.1	-12.7	0.0	
1.36328	0.1	15970	14.5	12.6	1.9	0.1	-12.5	0.0	
1.36719	0.6	15971	14.5	12.5	2.0	0.1	-12.4	0.0	
1.37109	1.1	15971	14.5	12.5	2.0	0.1	-12.4	0.0	
1.37500	1.4	15971	14.5	12.5	2.0	0.1	-12.4	0.0	
1.37891	1.6	15971	14.5	12.5	2.0	0.1	-12.4	0.0	
1.38281	1.5	15971	14.5	12.5	2.0	0.1	-12.4	0.0	
1.38672	1.3	15971	14.5	12.5	2.0	0.1	-12.4	0.0	
1.39062	1.6	15971	14.4	12.5	1.9	0.1	-12.4	0.0	
1.39453	2.1	15971	14.1	12.5	1.6	0.1	-12.4	0.0	
1.39844	2.4	15971	14.1	12.5	1.6	0.1	-12.4	0.0	
1.40234	2.6	15972	14.1	12.5	1.6	0.1	-12.4	0.0	
1.40625	2.4	15972	14.1	12.5	1.6	0.1	-12.4	0.0	
1.41016	1.9	15972	14.3	12.5	1.8	0.1	-12.4	0.0	
1.41406	1.5	15972	14.1	12.5	1.6	0.1	-12.4	0.0	
1.41797	1.3	15972	14.1	12.5	1.6	0.1	-12.4	0.0	
1.42188	1.4	15972	14.1	12.5	1.6	0.1	-12.4	0.0	
1.42578	1.8	15972	14.0	12.5	1.5	0.1	-12.4	0.0	
1.42969	2.3	15972	13.8	12.4	1.4	0.1	-12.3	0.0	
1.43359	2.8	15973	13.9	12.3	1.6	0.1	-12.2	0.0	
1.43750	2.9	15973	13.9	12.4	1.5	0.1	-12.3	0.0	
1.44141	2.8	15973	13.8	12.4	1.4	0.1	-12.3	0.0	
1.44531	2.1	15973	13.8	12.4	1.4	0.1	-12.3	0.0	
1.44922	1.5	15973	13.8	12.4	1.4	0.1	-12.3	0.0	
1.45312	1.5	15973	13.6	12.3	1.3	0.1	-12.2	0.0	
1.45703	1.8	15973	13.4	12.4	1.0	0.1	-12.3	0.0	
1.46094	2.1	15974	13.3	12.3	1.0	0.1	-12.2	0.0	
1.46484	2.6	15974	13.3	12.1	1.2	0.1	-12.0	0.0	
1.46875	3.1	15974	13.3	12.1	1.2	0.1	-12.0	0.0	
1.47266	3.3	15974	13.1	12.1	1.0	0.1	-12.0	0.0	
1.47656	3.1	15974	13.0	12.0	1.0	0.1	-11.9	0.0	
1.48047	3.0	15974	12.9	11.9	1.0	0.1	-11.8	0.0	
1.48438	2.9	15975	12.9	11.9	1.0	0.1	-11.8	0.0	
1.48828	2.4	15975	12.8	11.6	1.2	0.1	-11.5	0.0	
1.49219	1.8	15975	12.6	11.4	1.2	0.1	-11.3	0.0	
1.49609	1.4	15975	12.5	11.4	1.1	0.1	-11.3	0.0	
1.50000	1.4	15975	12.5	11.3	1.2	0.1	-11.2	0.0	
1.50391	1.3	15975	12.5	11.1	1.4	0.1	-11.0	0.0	
1.50781	1.1	15975	12.5	11.0	1.5	0.1	-10.9	0.0	
1.51172	1.3	15975	12.5	10.9	1.6	0.1	-10.8	0.0	
1.51562	1.3	15975	12.5	10.6	1.9	0.1	-10.5	0.0	
1.51953	1.0	15976	12.5	10.5	2.0	0.1	-10.4	0.0	
1.52344	1.0	15976	12.4	10.5	1.9	0.1	-10.4	0.0	
1.52734	1.4	15976	12.3	10.4	1.9	0.1	-10.3	0.0	
1.53125	1.5	15976	12.3	10.3	2.0	0.1	-10.2	0.0	
1.53516	1.5	15976	12.1	10.1	2.0	0.1	-10.0	0.0	
1.53906	1.4	15976	12.1	10.1	2.0	0.1	-10.0	0.0	
1.54297	1.4	15976	12.1	10.1	2.0	0.1	-10.0	0.0	
1.54688	1.3	15976	12.1	10.1	2.0	0.1	-10.0	0.0	
1.55078	0.9	15976	12.1	10.0	2.1	0.1	-9.9	0.0	
1.55469	0.4	15976	12.1	9.9	2.2	0.1	-9.8	0.0	
1.55859	0.1	15976	12.0	10.0	2.0	0.1	-9.9	0.0	
1.56250	0.0	15976	11.8	9.9	1.9	0.1	-9.8	0.0	
1.56641	0.0	15976	11.9	9.9	2.0	0.1	-9.8	0.0	
1.57031	-0.4	15976	12.0	9.9	2.1	0.1	-9.8	0.0	
1.57422	-1.0	15976	12.0	9.8	2.2	0.1	-9.7	0.0	
1.57812	-1.9	15976	12.0	9.8	2.2	0.1	-9.7	0.0	
1.58203	-2.0	15976	12.0	9.8	2.2	0.1	-9.7	0.0	
1.58594	-1.8	15976	12.1	9.8	2.3	0.1	-9.7	0.0	
1.58984	-1.6	15976	12.4	10.0	2.4	0.1	-9.9	0.0	
1.59375	-1.1	15976	12.4	10.0	2.4	0.1	-9.9	0.0	
1.59766	-0.9	15976	12.4	9.9	2.5	0.1	-9.8	0.0	
1.60156	-1.3	15975	12.4	9.9	2.5	0.1	-9.8	0.0	
1.60547	-2.1	15975	12.4	10.1	2.3	0.1	-10.0	0.0	
1.60938	-2.6	15975	12.6	10.3	2.3	0.1	-10.2	0.0	
1.61328	-2.4	15975	12.8	10.1	2.7	0.1	-10.0	0.0	
1.61719	-2.5	15975	12.9	10.3	2.6	0.1	-10.2	0.0	
1.62109	-3.0	15975	13.0	10.5	2.5	0.1	-10.4	0.0	
1.62500	-3.6	15974	13.1	10.6	2.5	0.1	-10.5	0.0	
1.62891	-4.0	15974	13.4	10.5	2.9	0.1	-10.4	0.0	
1.63281	-4.4	15974	13.6	10.6	3.0	0.1	-10.5	0.0	
1.63672	-4.9	15974	13.8	10.8	3.0	0.1	-10.7	0.0	
1.64062	-5.4	15973	13.9	11.0	2.9	0.1	-10.9	0.0	
1.64453	-5.8	15973	14.0	11.3	2.7	0.1	-11.2	0.0	
1.64844	-5.9	15972	14.1	11.5	2.6	0.1	-11.4	0.0	
1.65234	-5.9	15972	14.5	11.6	2.9	0.1	-11.5	0.0	
1.65625	-5.8	15972	14.8	11.8	3.0	0.1	-11.7	0.0	
1.66016	-5.5	15971	14.9	12.0	2.9	0.1	-11.9	0.0	
1.66406	-5.4	15971	15.3	12.1	3.2	0.1	-12.0	0.0	
1.66797	-5.4	15971	15.5	12.3	3.2	0.1	-12.2	0.0	
1.67188	-5.4	15970	15.5	12.4	3.1	0.1	-12.3	0.0	
1.67578	-5.4	15970	15.8	12.4	3.4	0.1	-12.3	0.0	
1.67969	-5.4	15970	16.0	12.5	3.5	0.1	-12.4	0.0	
1.68359	-5.0	15969	16.3	12.8	3.5	0.1	-12.7	0.0	
1.68750	-4.5	15969	16.4	12.9	3.5	0.1	-12.8	0.0	
1.69141	-4.3	15969	16.5	13.1	3.4	0.1	-13.0	0.0	
1.69531	-4.0	15968	16.8	13.3	3.5	0.1	-13.2	0.0	
1.69922	-3.9	15968	16.9	13.3	3.6	0.1	-13.2	0.0	
1.70312	-3.5	15968	16.9	13.3	3.6	0.1	-13.2	0.0	
1.70703	-2.8	15968	17.0	13.3	3.7	0.1	-13.2	0.0	
1.71094	-1.8	15968	17.1	13.3	3.8	0.1	-13.2	0.0	
1.71484	-0.9	15968	17.3	13.3	4.0	0.1	-13.2	0.0	
1.71875	-0.4	15968	17.3	13.3	4.0	0.1	-13.2	0.0	
1.72266	-0.6	15967	17.4	13.3	4.1	0.1	-13.2	0.0	
1.72656	-1.4	15967	17.5	13.3	4.2	0.1	-13.2	0.0	
1.73047	-1.5	15967	17.6	13.3	4.3	0.1	-13.2	0.0	
1.73438	-1.0	15967	17.6	13.3	4.3	0.1	-13.2	0.0	
1.73828	-0.5	15967	17.8	13.4	4.4	0.1	-13.3	0.0	
1.74219	-0.5	15967	17.9	13.4	4.5	0.1	-13.3	0.0	
1.74609	-0.8	15967	18.0	13.5	4.5	0.1	-13.4	0.0	
1.75000	-0.8	15967	18.0	13.6	4.4	0.1	-13.5	0.0	
1.75391	-0.5	15967	18.1	13.6	4.5	0.1	-13.5	0.0	
1.75781	-0.1	15967	18.3	13.6	4.7	0.1	-13.5	0.0	
1.76172	0.0	15967	18.1	13.6	4.5	0.1	-13.5	0.0	
1.76562	0.0	15967	18.3	13.8	4.5	0.1	-13.7	0.0	
1.76953	0.0	15967	18.4	14.0	4.4	0.1	-13.9	0.0	
1.77344	0.3	15967	18.4	13.9	4.5	0.1	-13.8	0.0	
1.77734	0.3	15967	18.4	13.9	4.5	0.1	-13.8	0.0	
1.78125	0.1	15967	18.4	14.1	4.3	0.1	-14.0	0.0	
1.78516	0.0	15967	18.4	14.3	4.1	0.1	-14.2	0.0	
1.78906	0.0	15967	18.4	14.1	4.3	0.1	-14.0	0.0	
1.79297	0.0	15967	18.4	14.1	4.3	0.1	-14.0	0.0	
1.79688	0.0	15967	18.4	14.1	4.3	0.1	-14.0	0.0	
1.80078	0.3	15967	18.4	14.4	4.0	0.1	-14.3	0.0	
1.80469	0.9	15967	18.6	14.4	4.2	0.1	-14.3	0.0	
1.80859	1.5	15967	18.6	14.4	4.2	0.1	-14.3	0.0	
1.81250	1.5	15967	18.5	14.4	4.1	0.1	-14.3	0.0	
1.81641	1.0	15967	18.5	14.4	4.1	0.1	-14.3	0.0	
1.82031	0.6	15967	18.6	14.4	4.2	0.1	-14.3	0.0	
1.82422	0.6	15967	18.6	14.6	4.0	0.1	-14.5	0.0	
1.82812	0.9	15968	18.5	14.8	3.7	0.1	-14.7	0.0	
1.83203	1.0	15968	18.5	14.9	3.6	0.1	-14.8	0.0	
1.83594	0.8	15968	18.5	14.9	3.6	0.1	-14.8	0.0	
1.83984	0.5	15968	18.5	14.9	3.6	0.1	-14.8	0.0	
1.84375	0.5	15968	18.5	14.9	3.6	0.1	-14.8	0.0	
1.84766	0.9	15968	18.5	15.0	3.5	0.1	-14.9	0.0	
1.85156	1.4	15968	18.5	15.0	3.5	0.1	-14.9	0.0	
1.85547	1.5	15968	18.5	15.0	3.5	0.1	-14.9	0.0	
1.85938	1.0	15968	18.5	14.9	3.6	0.1	-14.8	0.0	
1.86328	0.5	15968	18.5	14.9	3.6	0.1	-14.8	0.0	
1.86719	0.1	15968	18.5	15.0	3.5	0.1	-14.9	0.0	
1.87109	0.0	15968	18.4	15.0	3.4	0.1	-14.9	0.0	
1.87500	0.0	15968	18.3	15.0	3.3	0.1	-14.9	0.0	
1.87891	0.1	15968	18.4	14.8	3.6	0.1	-14.7	0.0	
1.88281	0.4	15968	18.4	14.8	3.6	0.1	-14.7	0.0	
1.88672	0.6	15968	18.4	14.8	3.6	0.1	-14.7	0.0	
1.89062	0.9	15968	18.4	14.9	3.5	0.1	-14.8	0.0	
1.89453	0.9	15968	18.3	14.8	3.5	0.1	-14.7	0.0	
1.89844	0.9	15968	18.4	14.8	3.6	0.1	-14.7	0.0	
1.90234	1.0	15968	18.4	14.6	3.8	0.1	-14.5	0.0	
1.90625	0.9	15968	18.4	14.6	3.8	0.1	-14.5	0.0	
1.91016	0.5	15968	18.4	14.6	3.8	0.1	-14.5	0.0	
1.91406	0.1	15968	18.1	14.5	3.6	0.1	-14.4	0.0	
1.91797	0.0	15968	18.1	14.5	3.6	0.1	-14.4	0.0	
1.92188	0.0	15968	18.1	14.5	3.6	0.1	-14.4	0.0	
1.92578	0.3	15969	18.1	14.5	3.6	0.1	-14.4	0.0	
1.92969	1.0	15969	18.1	14.5	3.6	0.1	-14.4	0.0	
1.93359	1.5	15969	18.1	14.5	3.6	0.1	-14.4	0.0	
1.93750	1.1	15969	18.1	14.5	3.6	0.1	-14.4	0.0	
1.94141	0.6	15969	18.1	14.5	3.6	0.1	-14.4	0.0	
1.94531	0.1	15969	18.1	14.5	3.6	0.1	-14.4	0.0	
1.94922	0.0	15969	18.1	14.5	3.6	0.1	-14.4	0.0	
1.95312	0.0	15969	18.1	14.5	3.6	0.1	-14.4	0.0	
1.95703	0.0	15969	18.1	14.5	3.6	0.1	-14.4	0.0	
1.96094	0.4	15969	18.1	14.5	3.6	0.1	-14.4	0.0	
1.96484	0.6	15969	18.1	14.4	3.7	0.1	-14.3	0.0	
1.96875	0.6	15969	18.1	14.3	3.8	0.1	-14.2	0.0	
1.97266	0.6	15969	18.1	14.4	3.7	0.1	-14.3	0.0	
1.97656	0.4	15969	18.1	14.4	3.7	0.1	-14.3	0.0	
1.98047	0.4	15969	18.1	14.4	3.7	0.1	-14.3	0.0	
1.98438	0.5	15969	18.1	14.4	3.7	0.1	-14.3	0.0	
1.98828	0.8	15969	18.1	14.4	3.7	0.1	-14.3	0.0	
1.99219	0.5	15969	17.9	14.4	3.5	0.1	-14.3	0.0	
1.99609	0.4	15969	17.9	14.6	3.3	0.1	-14.5	0.0	
2.00000	0.3	15969	17.9	14.6	3.3	0.1	-14.5	0.0	
2.00391	0.4	15969	17.9	14.5	3.4	0.1	-14.4	0.0	
2.00781	0.4	15969	17.9	14.5	3.4	0.1	-14.4	0.0	
2.01172	0.4	15969	17.8	14.5	3.3	0.1	-14.4	0.0	
2.01562	0.6	15969	17.6	14.6	3.0	0.1	-14.5	0.0	
2.01953	1.3	15969	17.8	14.8	3.0	0.1	-14.7	0.0	
2.02344	1.8	15969	18.0	14.8	3.2	0.1	-14.7	0.0	
2.02734	1.6	15970	17.9	14.5	3.4	0.1	-14.4	0.0	
2.03125	1.0	15970	17.9	14.6	3.3	0.1	-14.5	0.0	
2.03516	0.6	15970	18.0	14.8	3.2	0.1	-14.7	0.0	
2.03906	0.5	15970	17.9	14.9	3.0	0.1	-14.8	0.0	
2.04297	0.4	15970	17.9	14.9	3.0	0.1	-14.8	0.0	
2.04688	0.4	15970	18.0	14.9	3.1	0.1	-14.8	0.0	
2.05078	0.4	15970	18.0	14.9	3.1	0.1	-14.8	0.0	
2.05469	0.4	15970	18.0	14.9	3.1	0.1	-14.8	0.0	
2.05859	0.6	15970	18.0	14.9	3.1	0.1	-14.8	0.0	
2.06250	0.8	15970	18.0	14.9	3.1	0.1	-14.8	0.0	
2.06641	0.5	15970	18.0	14.9	3.1	0.1	-14.8	0.0	
2.07031	0.3	15970	18.0	14.9	3.1	0.1	-14.8	0.0	
2.07422	0.3	15970	18.0	15.0	3.0	0.1	-14.9	0.0	
2.07812	0.1	15970	18.0	15.0	3.0	0.1	-14.9	0.0	
2.08203	0.1	15970	18.0	15.0	3.0	0.1	-14.9	0.0	
2.08594	0.5	15970	18.1	14.9	3.2	0.1	-14.8	0.0	
2.08984	1.0	15970	18.3	14.9	3.4	0.1	-14.8	0.0	
2.09375	1.5	15970	18.1	15.0	3.1	0.1	-14.9	0.0	
2.09766	1.5	15970	18.1	15.1	3.0	0.1	-15.0	0.0	
2.10156	1.5	15970	18.1	15.3	2.8	0.1	-15.2	0.0	
2.10547	1.8	15970	18.1	15.1	3.0	0.1	-15.0	0.0	
2.10938	2.1	15971	18.1	15.0	3.1	0.1	-14.9	0.0	
2.11328	2.6	15971	18.1	15.0	3.1	0.1	-14.9	0.0	
2.11719	2.4	15971	18.3	15.1	3.2	0.1	-15.0	0.0	
2.12109	1.6	15971	18.1	15.1	3.0	0.1	-15.0	0.0	
2.12500	0.6	15971	18.1	15.1	3.0	0.1	-15.0	0.0	
2.12891	0.0	15971	18.1	15.1	3.0	0.1	-15.0	0.0	
2.13281	-0.3	15971	18.1	15.0	3.1	0.1	-14.9	0.0	
2.13672	-0.3	15971	18.1	15.0	3.1	0.1	-14.9	0.0	
2.14062	-0.1	15971	18.1	15.0	3.1	0.1	-14.9	0.0	
2.14453	0.0	15971	18.1	15.0	3.1	0.1	-14.9	0.0	
2.14844	0.0	15971	18.1	15.0	3.1	0.1	-14.9	0.0	
2.15234	0.0	15971	18.1	15.0	3.1	0.1	-14.9	0.0	
2.15625	0.4	15971	18.1	15.0	3.1	0.1	-14.9	0.0	
2.16016	0.6	15971	18.4	15.0	3.4	0.1	-14.9	0.0	
2.16406	0.9	15971	18.3	15.0	3.3	0.1	-14.9	0.0	
2.16797	1.0	15971	18.3	15.0	3.3	0.1	-14.9	0.0	
2.17188	1.0	15971	18.4	15.1	3.3	0.1	-15.0	0.0	
2.17578	0.9	15971	18.4	15.3	3.1	0.1	-15.2	0.0	
2.17969	0.9	15971	18.4	15.1	3.3	0.1	-15.0	0.0	
2.18359	1.0	15971	18.4	15.0	3.4	0.1	-14.9	0.0	
2.18750	1.0	15972	18.4	14.9	3.5	0.1	-14.8	0.0	
2.19141	1.0	15972	18.4	14.9	3.5	0.1	-14.8	0.0	
2.19531	1.5	15972	18.4	14.9	3.5	0.1	-14.8	0.0	
2.19922	1.6	15972	18.4	14.9	3.5	0.1	-14.8	0.0	
2.20312	1.1	15972	18.4	14.9	3.5	0.1	-14.8	0.0	
2.20703	0.6	15972	18.4	14.9	3.5	0.1	-14.8	0.0	
2.21094	0.1	15972	18.4	15.0	3.4	0.1	-14.9	0.0	
