FluxView - FluxMed acquisition system
Signal file
Serial Number	:
W version:	1.20h-OX-CO2	File version:	1.13
Sampling rate:	256 Hz
Time	Flow	Volume	Paw	Pes	Ptpulm	Pga	Ptdiaf	CO2	
0.00391	1.3	12227	19.2	16.5	2.7	7.0	-9.5	16.5	
0.00781	1.1	12227	19.1	16.5	2.6	7.0	-9.5	16.5	
0.01172	1.0	12227	19.1	16.5	2.6	7.0	-9.5	16.5	
0.01562	0.7	12228	19.1	16.5	2.6	7.0	-9.5	16.5	
0.01953	0.6	12228	19.0	16.5	2.5	7.0	-9.5	16.5	
0.02344	0.4	12228	19.0	16.5	2.5	7.0	-9.5	16.5	
0.02734	0.2	12228	19.0	16.5	2.5	7.0	-9.5	16.5	
0.03125	0.1	12228	19.0	16.5	2.5	7.0	-9.5	16.5	
0.03516	-0.0	12228	19.0	16.5	2.5	7.0	-9.5	16.5	
0.03906	-0.1	12228	19.1	16.5	2.6	7.0	-9.5	16.5	
0.04297	-0.1	12228	19.1	16.5	2.6	7.0	-9.5	16.5	
0.04688	-0.1	12228	19.2	16.5	2.7	7.0	-9.5	16.5	
0.05078	-0.1	12228	19.2	16.5	2.7	7.0	-9.5	16.5	
0.05469	-0.0	12228	19.2	16.5	2.7	7.0	-9.5	16.5	
0.05859	-0.0	12228	19.3	16.5	2.8	7.0	-9.5	16.5	
0.06250	0.1	12228	19.3	16.5	2.8	7.0	-9.5	16.5	
0.06641	0.2	12228	19.3	16.5	2.8	7.0	-9.5	16.5	
0.07031	0.2	12228	19.3	16.5	2.8	7.0	-9.5	16.5	
0.07422	0.2	12228	19.3	16.5	2.8	7.0	-9.5	16.5	
0.07812	0.3	12228	19.3	16.5	2.8	7.0	-9.5	16.5	
0.08203	0.4	12228	19.3	16.5	2.8	7.0	-9.5	16.5	
0.08594	0.5	12228	19.3	16.5	2.8	7.0	-9.5	16.5	
0.08984	0.5	12228	19.3	16.5	2.8	7.0	-9.5	16.5	
0.09375	0.5	12228	19.2	16.5	2.7	7.0	-9.5	16.5	
0.09766	0.6	12228	19.2	16.5	2.7	7.0	-9.5	16.5	
0.10156	0.6	12228	19.2	16.5	2.7	7.0	-9.5	16.5	
0.10547	0.5	12228	19.1	16.6	2.5	7.0	-9.6	16.6	
0.10938	0.4	12228	19.1	16.6	2.5	7.0	-9.6	16.6	
0.11328	0.4	12228	19.1	16.6	2.5	7.0	-9.6	16.6	
0.11719	0.4	12228	19.1	16.6	2.5	7.0	-9.6	16.6	
0.12109	0.3	12228	19.1	16.6	2.5	7.0	-9.6	16.6	
0.12500	0.3	12228	19.0	16.6	2.4	7.0	-9.6	16.6	
0.12891	0.3	12228	19.0	16.6	2.4	7.0	-9.6	16.6	
0.13281	0.2	12228	19.0	16.6	2.4	7.0	-9.6	16.6	
0.13672	0.2	12228	19.0	16.6	2.4	7.0	-9.6	16.6	
0.14062	0.2	12228	19.0	16.6	2.4	7.0	-9.6	16.6	
0.14453	0.2	12228	19.0	16.6	2.4	7.0	-9.6	16.6	
0.14844	0.2	12228	19.0	16.6	2.4	7.0	-9.6	16.6	
0.15234	0.2	12228	19.1	16.6	2.5	7.0	-9.6	16.6	
0.15625	0.2	12228	19.1	16.6	2.5	7.0	-9.6	16.6	
0.16016	0.2	12228	19.1	16.6	2.5	7.0	-9.6	16.6	
0.16406	0.2	12228	19.1	16.6	2.5	7.0	-9.6	16.6	
0.16797	0.3	12228	19.1	16.6	2.5	7.0	-9.6	16.6	
0.17188	0.3	12228	19.1	16.6	2.5	7.0	-9.6	16.6	
0.17578	0.3	12228	19.1	16.6	2.5	7.0	-9.6	16.6	
0.17969	0.3	12228	19.1	16.6	2.5	7.0	-9.6	16.6	
0.18359	0.3	12228	19.1	16.6	2.5	7.0	-9.6	16.6	
0.18750	0.3	12228	19.1	16.6	2.5	7.0	-9.6	16.6	
0.19141	0.3	12228	19.1	16.6	2.5	7.0	-9.6	16.6	
0.19531	0.3	12228	19.1	16.6	2.5	7.0	-9.6	16.6	
0.19922	0.3	12228	19.1	16.6	2.5	7.0	-9.6	16.6	
0.20312	0.4	12228	19.1	16.6	2.5	7.0	-9.6	16.6	
0.20703	0.4	12228	19.0	16.6	2.4	7.0	-9.6	16.6	
0.21094	0.3	12228	19.0	16.6	2.4	7.0	-9.6	16.6	
0.21484	0.3	12228	19.0	16.6	2.4	7.0	-9.6	16.6	
0.21875	0.3	12228	19.0	16.6	2.4	7.0	-9.6	16.6	
0.22266	0.3	12228	19.0	16.6	2.4	7.0	-9.6	16.6	
0.22656	0.3	12228	19.0	16.6	2.4	7.0	-9.6	16.6	
0.23047	0.3	12228	19.0	16.6	2.4	7.0	-9.6	16.6	
0.23438	0.3	12228	19.0	16.6	2.4	7.0	-9.6	16.6	
0.23828	0.3	12229	19.0	16.6	2.4	7.0	-9.6	16.6	
0.24219	0.2	12229	19.0	16.6	2.4	7.0	-9.6	16.6	
0.24609	0.2	12229	19.0	16.6	2.4	7.0	-9.6	16.6	
0.25000	0.2	12229	19.0	16.6	2.4	7.0	-9.6	16.6	
0.25391	0.2	12229	19.0	16.6	2.4	7.0	-9.6	16.6	
0.25781	0.2	12229	19.0	16.6	2.4	7.0	-9.6	16.6	
0.26172	0.2	12229	19.0	16.6	2.4	7.0	-9.6	16.6	
0.26562	0.2	12229	19.1	16.6	2.5	7.0	-9.6	16.6	
0.26953	0.2	12229	19.1	16.6	2.5	7.0	-9.6	16.6	
0.27344	0.2	12229	19.1	16.6	2.5	7.0	-9.6	16.6	
0.27734	0.2	12229	19.1	16.6	2.5	7.0	-9.6	16.6	
0.28125	0.2	12229	19.1	16.6	2.5	7.0	-9.6	16.6	
0.28516	0.2	12229	19.1	16.6	2.5	7.0	-9.6	16.6	
0.28906	0.2	12229	19.1	16.6	2.5	7.0	-9.6	16.6	
0.29297	0.2	12229	19.1	16.6	2.5	7.0	-9.6	16.6	
0.29688	0.2	12229	19.1	16.6	2.5	7.0	-9.6	16.6	
0.30078	0.3	12229	19.1	16.6	2.5	7.0	-9.6	16.6	
0.30469	0.3	12229	19.2	16.6	2.6	7.0	-9.6	16.6	
0.30859	0.2	12229	19.2	16.6	2.6	7.0	-9.6	16.6	
0.31250	0.2	12229	19.2	16.6	2.6	7.0	-9.6	16.6	
0.31641	0.3	12229	19.2	16.6	2.6	7.0	-9.6	16.6	
0.32031	0.2	12229	19.2	16.6	2.6	7.0	-9.6	16.6	
0.32422	0.2	12229	19.2	16.6	2.6	7.0	-9.6	16.6	
0.32812	0.3	12229	19.2	16.6	2.6	7.0	-9.6	16.6	
0.33203	0.3	12229	19.2	16.6	2.6	7.0	-9.6	16.6	
0.33594	0.3	12229	19.2	16.6	2.6	7.0	-9.6	16.6	
0.33984	0.3	12229	19.2	16.6	2.6	7.0	-9.6	16.6	
0.34375	0.2	12229	19.2	16.6	2.6	7.0	-9.6	16.6	
0.34766	0.3	12229	19.2	16.6	2.6	7.0	-9.6	16.6	
0.35156	0.3	12229	19.2	16.6	2.6	7.0	-9.6	16.6	
0.35547	0.2	12229	19.2	16.6	2.6	7.0	-9.6	16.6	
0.35938	0.3	12229	19.2	16.6	2.6	7.0	-9.6	16.6	
0.36328	0.3	12229	19.2	16.6	2.6	7.0	-9.6	16.6	
0.36719	0.2	12229	19.2	16.6	2.6	7.0	-9.6	16.6	
0.37109	0.2	12229	19.2	16.7	2.5	7.0	-9.7	16.7	
0.37500	0.3	12229	19.2	16.7	2.5	7.0	-9.7	16.7	
0.37891	0.3	12229	19.2	16.7	2.5	7.0	-9.7	16.7	
0.38281	0.3	12229	19.2	16.7	2.5	7.0	-9.7	16.7	
0.38672	0.3	12229	19.2	16.7	2.5	7.0	-9.7	16.7	
0.39062	0.3	12229	19.2	16.7	2.5	7.0	-9.7	16.7	
0.39453	0.3	12229	19.2	16.7	2.5	7.0	-9.7	16.7	
0.39844	0.3	12229	19.2	16.7	2.5	7.0	-9.7	16.7	
0.40234	0.3	12229	19.2	16.7	2.5	7.0	-9.7	16.7	
0.40625	0.3	12229	19.2	16.7	2.5	7.0	-9.7	16.7	
0.41016	0.3	12229	19.1	16.7	2.4	7.0	-9.7	16.7	
0.41406	0.3	12229	19.1	16.7	2.4	7.0	-9.7	16.7	
0.41797	0.3	12229	19.1	16.6	2.5	7.0	-9.6	16.6	
0.42188	0.3	12229	19.1	16.6	2.5	7.0	-9.6	16.6	
0.42578	0.3	12229	19.1	16.6	2.5	7.0	-9.6	16.6	
0.42969	0.4	12229	19.1	16.6	2.5	7.0	-9.6	16.6	
0.43359	0.3	12229	19.1	16.6	2.5	7.0	-9.6	16.6	
0.43750	0.3	12229	19.1	16.6	2.5	7.0	-9.6	16.6	
0.44141	0.3	12229	19.0	16.6	2.4	7.0	-9.6	16.6	
0.44531	0.3	12229	19.0	16.6	2.4	7.0	-9.6	16.6	
0.44922	0.3	12229	19.0	16.6	2.4	7.0	-9.6	16.6	
0.45312	0.3	12229	19.0	16.6	2.4	7.0	-9.6	16.6	
0.45703	0.3	12229	19.0	16.6	2.4	7.0	-9.6	16.6	
0.46094	0.3	12229	19.0	16.6	2.4	7.0	-9.6	16.6	
0.46484	0.3	12229	19.0	16.6	2.4	7.0	-9.6	16.6	
0.46875	0.3	12230	19.0	16.5	2.5	7.0	-9.5	16.5	
0.47266	0.3	12230	19.0	16.6	2.4	7.0	-9.6	16.6	
0.47656	0.3	12230	19.0	16.5	2.5	7.0	-9.5	16.5	
0.48047	0.3	12230	19.0	16.5	2.5	7.0	-9.5	16.5	
0.48438	0.3	12230	19.0	16.6	2.4	7.0	-9.6	16.6	
0.48828	0.3	12230	19.0	16.6	2.4	7.0	-9.6	16.6	
0.49219	0.3	12230	19.0	16.5	2.5	7.0	-9.5	16.5	
0.49609	0.3	12230	19.0	16.6	2.4	7.0	-9.6	16.6	
0.50000	0.3	12230	19.0	16.6	2.4	7.0	-9.6	16.6	
0.50391	0.3	12230	19.0	16.6	2.4	7.0	-9.6	16.6	
0.50781	0.2	12230	19.0	16.6	2.4	7.0	-9.6	16.6	
0.51172	0.2	12230	19.0	16.6	2.4	7.0	-9.6	16.6	
0.51562	0.2	12230	19.0	16.6	2.4	7.0	-9.6	16.6	
0.51953	0.3	12230	19.0	16.6	2.4	7.0	-9.6	16.6	
0.52344	0.2	12230	19.0	16.6	2.4	7.0	-9.6	16.6	
0.52734	0.2	12230	19.0	16.6	2.4	7.0	-9.6	16.6	
0.53125	0.2	12230	19.0	16.6	2.4	7.0	-9.6	16.6	
0.53516	0.3	12230	19.0	16.6	2.4	7.0	-9.6	16.6	
0.53906	0.3	12230	19.0	16.6	2.4	7.0	-9.6	16.6	
0.54297	0.3	12230	19.0	16.6	2.4	7.0	-9.6	16.6	
0.54688	0.3	12230	19.0	16.6	2.4	7.0	-9.6	16.6	
0.55078	0.3	12230	19.1	16.6	2.5	7.0	-9.6	16.6	
0.55469	0.3	12230	19.0	16.6	2.4	7.0	-9.6	16.6	
0.55859	0.3	12230	19.0	16.6	2.4	7.0	-9.6	16.6	
0.56250	0.3	12230	19.0	16.6	2.4	7.0	-9.6	16.6	
0.56641	0.4	12230	19.0	16.6	2.4	7.0	-9.6	16.6	
0.57031	0.4	12230	19.0	16.6	2.4	7.0	-9.6	16.6	
0.57422	0.4	12230	19.0	16.6	2.4	7.0	-9.6	16.6	
0.57812	0.4	12230	18.9	16.5	2.4	7.0	-9.5	16.5	
0.58203	0.4	12230	18.9	16.5	2.4	7.0	-9.5	16.5	
0.58594	0.4	12230	18.9	16.5	2.4	7.0	-9.5	16.5	
0.58984	0.4	12230	18.9	16.5	2.4	7.0	-9.5	16.5	
0.59375	0.4	12230	18.9	16.5	2.4	7.0	-9.5	16.5	
0.59766	0.4	12230	18.9	16.5	2.4	7.0	-9.5	16.5	
0.60156	0.2	12230	18.9	16.5	2.4	7.0	-9.5	16.5	
0.60547	0.2	12230	18.9	16.5	2.4	7.0	-9.5	16.5	
0.60938	0.1	12230	18.9	16.5	2.4	7.0	-9.5	16.5	
0.61328	0.0	12230	18.9	16.5	2.4	7.0	-9.5	16.5	
0.61719	-0.1	12230	18.9	16.5	2.4	7.0	-9.5	16.5	
0.62109	-0.1	12230	19.0	16.5	2.5	7.0	-9.5	16.5	
0.62500	-0.2	12230	19.0	16.5	2.5	7.0	-9.5	16.5	
0.62891	-0.3	12230	19.1	16.4	2.7	7.0	-9.4	16.4	
0.63281	-0.3	12230	19.2	16.4	2.8	7.0	-9.4	16.4	
0.63672	-0.3	12230	19.2	16.4	2.8	7.0	-9.4	16.4	
0.64062	-0.3	12230	19.3	16.4	2.9	7.0	-9.4	16.4	
0.64453	-0.3	12230	19.4	16.4	3.0	7.0	-9.4	16.4	
0.64844	-0.2	12230	19.4	16.4	3.0	7.0	-9.4	16.4	
0.65234	-0.1	12230	19.4	16.4	3.0	7.0	-9.4	16.4	
0.65625	-0.0	12230	19.5	16.4	3.1	7.0	-9.4	16.4	
0.66016	0.1	12230	19.5	16.4	3.1	7.0	-9.4	16.4	
0.66406	0.2	12230	19.5	16.4	3.1	7.0	-9.4	16.4	
0.66797	0.2	12230	19.5	16.4	3.1	7.0	-9.4	16.4	
0.67188	0.4	12230	19.5	16.4	3.1	7.0	-9.4	16.4	
0.67578	0.5	12230	19.5	16.4	3.1	7.0	-9.4	16.4	
0.67969	0.5	12230	19.5	16.4	3.1	7.0	-9.4	16.4	
0.68359	0.6	12230	19.5	16.4	3.1	7.0	-9.4	16.4	
0.68750	0.6	12230	19.4	16.4	3.0	7.0	-9.4	16.4	
0.69141	0.6	12230	19.4	16.4	3.0	7.0	-9.4	16.4	
0.69531	0.6	12230	19.3	16.4	2.9	7.0	-9.4	16.4	
0.69922	0.6	12230	19.3	16.4	2.9	7.0	-9.4	16.4	
0.70312	0.6	12230	19.2	16.4	2.8	7.0	-9.4	16.4	
0.70703	0.5	12230	19.2	16.4	2.8	7.0	-9.4	16.4	
0.71094	0.5	12230	19.2	16.4	2.8	7.0	-9.4	16.4	
0.71484	0.5	12231	19.1	16.4	2.7	7.0	-9.4	16.4	
0.71875	0.4	12231	19.1	16.4	2.7	7.0	-9.4	16.4	
0.72266	0.3	12231	19.1	16.4	2.7	7.0	-9.4	16.4	
0.72656	0.3	12231	19.1	16.4	2.7	7.0	-9.4	16.4	
0.73047	0.2	12231	19.1	16.4	2.7	7.0	-9.4	16.4	
0.73438	0.2	12231	19.1	16.4	2.7	7.0	-9.4	16.4	
0.73828	0.2	12231	19.1	16.4	2.7	7.0	-9.4	16.4	
0.74219	0.2	12231	19.1	16.4	2.7	7.0	-9.4	16.4	
0.74609	0.1	12231	19.1	16.4	2.7	7.0	-9.4	16.4	
0.75000	0.1	12231	19.2	16.4	2.8	7.0	-9.4	16.4	
0.75391	0.1	12231	19.2	16.4	2.8	7.0	-9.4	16.4	
0.75781	0.2	12231	19.2	16.4	2.8	7.0	-9.4	16.4	
0.76172	0.2	12231	19.2	16.5	2.7	7.0	-9.5	16.5	
0.76562	0.2	12231	19.3	16.4	2.9	7.0	-9.4	16.4	
0.76953	0.2	12231	19.3	16.5	2.8	7.0	-9.5	16.5	
0.77344	0.3	12231	19.3	16.5	2.8	7.0	-9.5	16.5	
0.77734	0.3	12231	19.3	16.5	2.8	7.0	-9.5	16.5	
0.78125	0.3	12231	19.3	16.5	2.8	7.0	-9.5	16.5	
0.78516	0.4	12231	19.3	16.5	2.8	7.0	-9.5	16.5	
0.78906	0.4	12231	19.2	16.5	2.7	7.0	-9.5	16.5	
0.79297	0.4	12231	19.2	16.5	2.7	7.0	-9.5	16.5	
0.79688	0.4	12231	19.2	16.5	2.7	7.0	-9.5	16.5	
0.80078	0.5	12231	19.2	16.5	2.7	7.0	-9.5	16.5	
0.80469	0.4	12231	19.1	16.5	2.6	7.0	-9.5	16.5	
0.80859	0.4	12231	19.1	16.5	2.6	7.0	-9.5	16.5	
0.81250	0.4	12231	19.1	16.5	2.6	7.0	-9.5	16.5	
0.81641	0.4	12231	19.1	16.5	2.6	7.0	-9.5	16.5	
0.82031	0.4	12231	19.0	16.5	2.5	7.0	-9.5	16.5	
0.82422	0.3	12231	19.0	16.5	2.5	7.0	-9.5	16.5	
0.82812	0.3	12231	19.0	16.5	2.5	7.0	-9.5	16.5	
0.83203	0.3	12231	19.0	16.5	2.5	7.0	-9.5	16.5	
0.83594	0.3	12231	19.0	16.5	2.5	7.0	-9.5	16.5	
0.83984	0.3	12231	19.0	16.5	2.5	7.0	-9.5	16.5	
0.84375	0.3	12231	19.0	16.5	2.5	7.0	-9.5	16.5	
0.84766	0.2	12231	19.0	16.5	2.5	7.0	-9.5	16.5	
0.85156	0.2	12231	19.0	16.5	2.5	7.0	-9.5	16.5	
0.85547	0.2	12231	19.0	16.5	2.5	7.0	-9.5	16.5	
0.85938	0.2	12231	19.0	16.5	2.5	7.0	-9.5	16.5	
0.86328	0.2	12231	19.0	16.5	2.5	7.0	-9.5	16.5	
0.86719	0.2	12231	19.0	16.5	2.5	7.0	-9.5	16.5	
0.87109	0.2	12231	19.1	16.5	2.6	7.0	-9.5	16.5	
0.87500	0.2	12231	19.1	16.5	2.6	7.0	-9.5	16.5	
0.87891	0.2	12231	19.1	16.5	2.6	7.0	-9.5	16.5	
0.88281	0.2	12231	19.1	16.5	2.6	7.0	-9.5	16.5	
0.88672	0.3	12231	19.1	16.5	2.6	7.0	-9.5	16.5	
0.89062	0.3	12231	19.1	16.5	2.6	7.0	-9.5	16.5	
0.89453	0.3	12231	19.1	16.5	2.6	7.0	-9.5	16.5	
0.89844	0.3	12231	19.1	16.5	2.6	7.0	-9.5	16.5	
0.90234	0.3	12231	19.1	16.5	2.6	7.0	-9.5	16.5	
0.90625	0.3	12231	19.0	16.5	2.5	7.0	-9.5	16.5	
0.91016	0.3	12231	19.1	16.5	2.6	7.0	-9.5	16.5	
0.91406	0.3	12231	19.0	16.5	2.5	7.0	-9.5	16.5	
0.91797	0.3	12231	19.0	16.5	2.5	7.0	-9.5	16.5	
0.92188	0.3	12231	19.0	16.5	2.5	7.0	-9.5	16.5	
0.92578	0.3	12232	19.0	16.5	2.5	7.0	-9.5	16.5	
0.92969	0.2	12232	19.0	16.5	2.5	7.0	-9.5	16.5	
0.93359	0.2	12232	19.0	16.5	2.5	7.0	-9.5	16.5	
0.93750	0.3	12232	19.0	16.5	2.5	7.0	-9.5	16.5	
0.94141	0.3	12232	19.0	16.5	2.5	7.0	-9.5	16.5	
0.94531	0.2	12232	19.0	16.5	2.5	7.0	-9.5	16.5	
0.94922	0.2	12232	19.0	16.5	2.5	7.0	-9.5	16.5	
0.95312	0.2	12232	19.0	16.5	2.5	7.0	-9.5	16.5	
0.95703	0.2	12232	19.0	16.5	2.5	7.0	-9.5	16.5	
0.96094	0.2	12232	19.1	16.5	2.6	7.0	-9.5	16.5	
0.96484	0.2	12232	19.1	16.5	2.6	7.0	-9.5	16.5	
0.96875	0.2	12232	19.1	16.5	2.6	7.0	-9.5	16.5	
0.97266	0.2	12232	19.1	16.5	2.6	7.0	-9.5	16.5	
0.97656	0.2	12232	19.1	16.5	2.6	7.0	-9.5	16.5	
0.98047	0.2	12232	19.1	16.5	2.6	7.0	-9.5	16.5	
0.98438	0.3	12232	19.2	16.5	2.7	7.0	-9.5	16.5	
0.98828	0.3	12232	19.2	16.5	2.7	7.0	-9.5	16.5	
0.99219	0.2	12232	19.2	16.5	2.7	7.0	-9.5	16.5	
0.99609	0.3	12232	19.2	16.5	2.7	7.0	-9.5	16.5	
1.00000	0.3	12232	19.2	16.5	2.7	7.0	-9.5	16.5	
1.00391	0.3	12232	19.2	16.5	2.7	7.0	-9.5	16.5	
1.00781	0.3	12232	19.2	16.5	2.7	7.0	-9.5	16.5	
1.01172	0.3	12232	19.2	16.5	2.7	7.0	-9.5	16.5	
1.01562	0.3	12232	19.2	16.5	2.7	7.0	-9.5	16.5	
1.01953	0.2	12232	19.2	16.5	2.7	7.0	-9.5	16.5	
1.02344	0.2	12232	19.2	16.5	2.7	7.0	-9.5	16.5	
1.02734	0.3	12232	19.2	16.5	2.7	7.0	-9.5	16.5	
1.03125	0.3	12232	19.2	16.5	2.7	7.0	-9.5	16.5	
1.03516	0.3	12232	19.2	16.5	2.7	7.0	-9.5	16.5	
1.03906	0.3	12232	19.2	16.5	2.7	7.0	-9.5	16.5	
1.04297	0.3	12232	19.2	16.5	2.7	7.0	-9.5	16.5	
1.04688	0.3	12232	19.2	16.5	2.7	7.0	-9.5	16.5	
1.05078	0.2	12232	19.2	16.5	2.7	7.0	-9.5	16.5	
1.05469	0.3	12232	19.3	16.5	2.8	7.0	-9.5	16.5	
1.05859	0.3	12232	19.2	16.5	2.7	7.0	-9.5	16.5	
1.06250	0.3	12232	19.2	16.6	2.6	7.0	-9.6	16.6	
1.06641	0.3	12232	19.3	16.6	2.7	7.0	-9.6	16.6	
1.07031	0.3	12232	19.3	16.6	2.7	7.0	-9.6	16.6	
1.07422	0.3	12232	19.3	16.6	2.7	7.0	-9.6	16.6	
1.07812	0.3	12232	19.3	16.6	2.7	7.0	-9.6	16.6	
1.08203	0.2	12232	19.3	16.6	2.7	7.0	-9.6	16.6	
1.08594	0.2	12232	19.3	16.6	2.7	7.0	-9.6	16.6	
1.08984	0.3	12232	19.3	16.6	2.7	7.0	-9.6	16.6	
1.09375	0.3	12232	19.3	16.6	2.7	7.0	-9.6	16.6	
1.09766	0.3	12232	19.3	16.6	2.7	7.0	-9.6	16.6	
1.10156	0.3	12232	19.2	16.6	2.6	7.0	-9.6	16.6	
1.10547	0.3	12232	19.3	16.6	2.7	7.0	-9.6	16.6	
1.10938	0.3	12232	19.2	16.6	2.6	7.0	-9.6	16.6	
1.11328	0.3	12232	19.2	16.6	2.6	7.0	-9.6	16.6	
1.11719	0.3	12232	19.2	16.6	2.6	7.0	-9.6	16.6	
1.12109	0.3	12232	19.2	16.6	2.6	7.0	-9.6	16.6	
1.12500	0.3	12232	19.2	16.6	2.6	7.0	-9.6	16.6	
1.12891	0.3	12232	19.2	16.6	2.6	7.0	-9.6	16.6	
1.13281	0.3	12232	19.2	16.6	2.6	7.0	-9.6	16.6	
1.13672	0.3	12232	19.2	16.6	2.6	7.0	-9.6	16.6	
1.14062	0.3	12232	19.2	16.6	2.6	7.0	-9.6	16.6	
1.14453	0.3	12232	19.2	16.5	2.7	7.0	-9.5	16.5	
1.14844	0.3	12232	19.2	16.5	2.7	7.0	-9.5	16.5	
1.15234	0.3	12233	19.2	16.5	2.7	7.0	-9.5	16.5	
1.15625	0.3	12233	19.2	16.5	2.7	7.0	-9.5	16.5	
1.16016	0.3	12233	19.2	16.5	2.7	7.0	-9.5	16.5	
1.16406	0.2	12233	19.2	16.5	2.7	7.0	-9.5	16.5	
1.16797	0.2	12233	19.2	16.5	2.7	7.0	-9.5	16.5	
1.17188	0.2	12233	19.2	16.5	2.7	7.0	-9.5	16.5	
1.17578	0.2	12233	19.2	16.5	2.7	7.0	-9.5	16.5	
1.17969	0.2	12233	19.2	16.5	2.7	7.0	-9.5	16.5	
1.18359	0.2	12233	19.2	16.5	2.7	7.0	-9.5	16.5	
1.18750	0.2	12233	19.2	16.5	2.7	7.0	-9.5	16.5	
1.19141	0.2	12233	19.2	16.5	2.7	7.0	-9.5	16.5	
1.19531	0.2	12233	19.2	16.5	2.7	7.0	-9.5	16.5	
1.19922	0.2	12233	19.2	16.5	2.7	7.0	-9.5	16.5	
1.20312	0.2	12233	19.2	16.5	2.7	7.0	-9.5	16.5	
1.20703	0.2	12233	19.2	16.5	2.7	7.0	-9.5	16.5	
1.21094	0.2	12233	19.2	16.6	2.6	7.0	-9.6	16.6	
1.21484	0.2	12233	19.3	16.6	2.7	7.0	-9.6	16.6	
1.21875	0.2	12233	19.3	16.6	2.7	7.0	-9.6	16.6	
1.22266	0.2	12233	19.3	16.6	2.7	7.0	-9.6	16.6	
1.22656	0.2	12233	19.3	16.6	2.7	7.0	-9.6	16.6	
1.23047	0.2	12233	19.3	16.6	2.7	7.0	-9.6	16.6	
1.23438	0.3	12233	19.3	16.6	2.7	7.0	-9.6	16.6	
1.23828	0.2	12233	19.3	16.6	2.7	7.0	-9.6	16.6	
1.24219	0.2	12233	19.4	16.6	2.8	7.0	-9.6	16.6	
1.24609	0.2	12233	19.4	16.6	2.8	7.0	-9.6	16.6	
1.25000	0.2	12233	19.4	16.6	2.8	7.0	-9.6	16.6	
1.25391	0.2	12233	19.4	16.6	2.8	7.0	-9.6	16.6	
1.25781	0.3	12233	19.4	16.6	2.8	7.0	-9.6	16.6	
1.26172	0.3	12233	19.4	16.6	2.8	7.0	-9.6	16.6	
1.26562	0.3	12233	19.4	16.6	2.8	7.0	-9.6	16.6	
1.26953	0.3	12233	19.4	16.6	2.8	7.0	-9.6	16.6	
1.27344	0.4	12233	19.4	16.6	2.8	7.0	-9.6	16.6	
1.27734	0.4	12233	19.4	16.6	2.8	7.0	-9.6	16.6	
1.28125	0.4	12233	19.3	16.6	2.7	7.0	-9.6	16.6	
1.28516	0.4	12233	19.3	16.6	2.7	7.0	-9.6	16.6	
1.28906	0.4	12233	19.3	16.6	2.7	7.0	-9.6	16.6	
1.29297	0.4	12233	19.3	16.6	2.7	7.0	-9.6	16.6	
1.29688	0.4	12233	19.3	16.6	2.7	7.0	-9.6	16.6	
1.30078	0.3	12233	19.2	16.6	2.6	7.0	-9.6	16.6	
1.30469	0.3	12233	19.3	16.5	2.8	7.0	-9.5	16.5	
1.30859	0.2	12233	19.3	16.5	2.8	7.0	-9.5	16.5	
1.31250	0.1	12233	19.3	16.5	2.8	7.0	-9.5	16.5	
1.31641	0.1	12233	19.3	16.5	2.8	7.0	-9.5	16.5	
1.32031	0.0	12233	19.3	16.5	2.8	7.0	-9.5	16.5	
1.32422	-0.1	12233	19.4	16.5	2.9	7.0	-9.5	16.5	
1.32812	-0.2	12233	19.4	16.5	2.9	7.0	-9.5	16.5	
1.33203	-0.3	12233	19.5	16.5	3.0	7.0	-9.5	16.5	
1.33594	-0.4	12233	19.5	16.5	3.0	7.0	-9.5	16.5	
1.33984	-0.4	12233	19.6	16.5	3.1	7.0	-9.5	16.5	
1.34375	-0.4	12233	19.7	16.5	3.2	7.0	-9.5	16.5	
1.34766	-0.4	12233	19.7	16.5	3.2	7.0	-9.5	16.5	
1.35156	-0.3	12233	19.8	16.5	3.3	7.0	-9.5	16.5	
1.35547	-0.3	12233	19.8	16.5	3.3	7.0	-9.5	16.5	
1.35938	-0.2	12233	19.9	16.5	3.4	7.0	-9.5	16.5	
1.36328	-0.2	12233	19.9	16.5	3.4	7.0	-9.5	16.5	
1.36719	-0.0	12233	20.0	16.5	3.5	7.0	-9.5	16.5	
1.37109	0.1	12233	20.0	16.5	3.5	7.0	-9.5	16.5	
1.37500	0.2	12233	20.0	16.5	3.5	7.0	-9.5	16.5	
1.37891	0.3	12233	20.0	16.5	3.5	7.0	-9.5	16.5	
1.38281	0.4	12233	20.0	16.5	3.5	7.0	-9.5	16.5	
1.38672	0.4	12233	20.0	16.5	3.5	7.0	-9.5	16.5	
1.39062	0.5	12233	20.0	16.5	3.5	7.0	-9.5	16.5	
1.39453	0.5	12233	20.0	16.5	3.5	7.0	-9.5	16.5	
1.39844	0.5	12233	19.9	16.5	3.4	7.0	-9.5	16.5	
1.40234	0.5	12233	19.9	16.5	3.4	7.0	-9.5	16.5	
1.40625	0.5	12233	19.8	16.5	3.3	7.0	-9.5	16.5	
1.41016	0.5	12233	19.8	16.5	3.3	7.0	-9.5	16.5	
1.41406	0.4	12233	19.8	16.5	3.3	7.0	-9.5	16.5	
1.41797	0.4	12233	19.7	16.5	3.2	7.0	-9.5	16.5	
1.42188	0.4	12233	19.7	16.6	3.1	7.0	-9.6	16.6	
1.42578	0.3	12233	19.7	16.6	3.1	7.0	-9.6	16.6	
1.42969	0.3	12233	19.7	16.5	3.2	7.0	-9.5	16.5	
1.43359	0.2	12233	19.7	16.6	3.1	7.0	-9.6	16.6	
1.43750	0.2	12233	19.7	16.6	3.1	7.0	-9.6	16.6	
1.44141	0.2	12233	19.7	16.6	3.1	7.0	-9.6	16.6	
1.44531	0.1	12233	19.7	16.6	3.1	7.0	-9.6	16.6	
1.44922	0.1	12233	19.7	16.6	3.1	7.0	-9.6	16.6	
1.45312	0.1	12233	19.8	16.6	3.2	7.0	-9.6	16.6	
1.45703	0.1	12233	19.8	16.6	3.2	7.0	-9.6	16.6	
1.46094	0.1	12233	19.8	16.6	3.2	7.0	-9.6	16.6	
1.46484	0.1	12233	19.8	16.6	3.2	7.0	-9.6	16.6	
1.46875	0.1	12233	19.9	16.6	3.3	7.0	-9.6	16.6	
1.47266	0.2	12233	19.9	16.6	3.3	7.0	-9.6	16.6	
1.47656	0.2	12234	19.9	16.6	3.3	7.0	-9.6	16.6	
1.48047	0.2	12234	19.9	16.6	3.3	7.0	-9.6	16.6	
1.48438	0.3	12234	19.9	16.6	3.3	7.0	-9.6	16.6	
1.48828	0.3	12234	19.9	16.6	3.3	7.0	-9.6	16.6	
1.49219	0.3	12234	19.9	16.6	3.3	7.0	-9.6	16.6	
1.49609	0.4	12234	19.9	16.6	3.3	7.0	-9.6	16.6	
1.50000	0.4	12234	19.9	16.6	3.3	7.0	-9.6	16.6	
1.50391	0.4	12234	19.8	16.7	3.1	7.0	-9.7	16.7	
1.50781	0.4	12234	19.8	16.7	3.1	7.0	-9.7	16.7	
1.51172	0.4	12234	19.8	16.7	3.1	7.0	-9.7	16.7	
1.51562	0.4	12234	19.8	16.7	3.1	7.0	-9.7	16.7	
1.51953	0.3	12234	19.7	16.7	3.0	7.0	-9.7	16.7	
1.52344	0.3	12234	19.7	16.7	3.0	7.0	-9.7	16.7	
1.52734	0.3	12234	19.7	16.7	3.0	7.0	-9.7	16.7	
1.53125	0.3	12234	19.7	16.7	3.0	7.0	-9.7	16.7	
1.53516	0.3	12234	19.7	16.7	3.0	7.0	-9.7	16.7	
1.53906	0.2	12234	19.7	16.7	3.0	7.0	-9.7	16.7	
1.54297	0.2	12234	19.7	16.7	3.0	7.0	-9.7	16.7	
1.54688	0.2	12234	19.7	16.8	2.9	7.0	-9.8	16.8	
1.55078	0.1	12234	19.7	16.8	2.9	7.0	-9.8	16.8	
1.55469	0.1	12234	19.7	16.8	2.9	7.0	-9.8	16.8	
1.55859	0.1	12234	19.8	16.8	3.0	7.0	-9.8	16.8	
1.56250	0.1	12234	19.8	16.8	3.0	7.0	-9.8	16.8	
1.56641	0.1	12234	19.8	16.8	3.0	7.0	-9.8	16.8	
1.57031	0.2	12234	19.8	16.8	3.0	7.0	-9.8	16.8	
1.57422	0.2	12234	19.8	16.8	3.0	7.0	-9.8	16.8	
1.57812	0.2	12234	19.9	16.8	3.1	7.0	-9.8	16.8	
1.58203	0.2	12234	19.9	16.8	3.1	7.0	-9.8	16.8	
1.58594	0.2	12234	19.9	16.8	3.1	7.0	-9.8	16.8	
1.58984	0.2	12234	19.9	16.8	3.1	7.0	-9.8	16.8	
1.59375	0.3	12234	19.9	16.8	3.1	7.0	-9.8	16.8	
1.59766	0.3	12234	20.0	16.8	3.2	7.1	-9.7	16.8	
1.60156	0.3	12234	19.9	16.8	3.1	7.1	-9.7	16.8	
1.60547	0.3	12234	19.9	16.8	3.1	7.1	-9.7	16.8	
1.60938	0.3	12234	19.9	16.8	3.1	7.1	-9.7	16.8	
1.61328	0.3	12234	19.9	16.8	3.1	7.1	-9.7	16.8	
1.61719	0.3	12234	19.9	16.8	3.1	7.1	-9.7	16.8	
1.62109	0.3	12234	19.9	16.8	3.1	7.1	-9.7	16.8	
1.62500	0.3	12234	19.9	16.8	3.1	7.1	-9.7	16.8	
1.62891	0.2	12234	19.9	16.8	3.1	7.1	-9.7	16.8	
1.63281	0.3	12234	19.9	16.8	3.1	7.1	-9.7	16.8	
1.63672	0.3	12234	19.9	16.8	3.1	7.1	-9.7	16.8	
1.64062	0.2	12234	19.9	16.8	3.1	7.1	-9.7	16.8	
1.64453	0.2	12234	19.9	16.8	3.1	7.1	-9.7	16.8	
1.64844	0.2	12234	19.9	16.8	3.1	7.1	-9.7	16.8	
1.65234	0.2	12234	19.9	16.8	3.1	7.1	-9.7	16.8	
1.65625	0.2	12234	19.9	16.8	3.1	7.1	-9.7	16.8	
1.66016	0.2	12234	20.0	16.8	3.2	7.1	-9.7	16.8	
1.66406	0.2	12234	20.0	16.8	3.2	7.1	-9.7	16.8	
1.66797	0.2	12234	20.0	16.8	3.2	7.1	-9.7	16.8	
1.67188	0.2	12234	20.0	16.8	3.2	7.1	-9.7	16.8	
1.67578	0.2	12234	20.0	16.8	3.2	7.1	-9.7	16.8	
1.67969	0.2	12234	20.1	16.9	3.2	7.1	-9.8	16.9	
1.68359	0.2	12234	20.1	16.8	3.3	7.1	-9.7	16.8	
1.68750	0.2	12234	20.1	16.8	3.3	7.1	-9.7	16.8	
1.69141	0.2	12234	20.1	16.9	3.2	7.1	-9.8	16.9	
1.69531	0.2	12234	20.1	16.9	3.2	7.1	-9.8	16.9	
1.69922	0.2	12234	20.2	16.9	3.3	7.1	-9.8	16.9	
1.70312	0.2	12234	20.2	16.9	3.3	7.1	-9.8	16.9	
1.70703	0.2	12234	20.2	16.9	3.3	7.1	-9.8	16.9	
1.71094	0.2	12234	20.2	16.9	3.3	7.1	-9.8	16.9	
1.71484	0.3	12234	20.2	16.9	3.3	7.1	-9.8	16.9	
1.71875	0.2	12234	20.2	16.9	3.3	7.1	-9.8	16.9	
1.72266	0.2	12235	20.2	16.9	3.3	7.1	-9.8	16.9	
1.72656	0.3	12235	20.2	16.9	3.3	7.1	-9.8	16.9	
1.73047	0.2	12235	20.3	16.9	3.4	7.1	-9.8	16.9	
1.73438	0.3	12235	20.3	16.9	3.4	7.1	-9.8	16.9	
1.73828	0.3	12235	20.3	16.9	3.4	7.1	-9.8	16.9	
1.74219	0.3	12235	20.3	16.9	3.4	7.1	-9.8	16.9	
1.74609	0.2	12235	20.3	16.9	3.4	7.1	-9.8	16.9	
1.75000	0.3	12235	20.3	16.9	3.4	7.1	-9.8	16.9	
1.75391	0.3	12235	20.3	17.0	3.3	7.1	-9.9	17.0	
1.75781	0.3	12235	20.3	17.0	3.3	7.1	-9.9	17.0	
1.76172	0.3	12235	20.3	17.0	3.3	7.1	-9.9	17.0	
1.76562	0.3	12235	20.3	17.0	3.3	7.1	-9.9	17.0	
1.76953	0.3	12235	20.3	17.0	3.3	7.1	-9.9	17.0	
1.77344	0.3	12235	20.3	17.0	3.3	7.1	-9.9	17.0	
1.77734	0.3	12235	20.3	17.0	3.3	7.1	-9.9	17.0	
1.78125	0.3	12235	20.3	17.0	3.3	7.1	-9.9	17.0	
1.78516	0.3	12235	20.3	17.0	3.3	7.1	-9.9	17.0	
1.78906	0.2	12235	20.3	17.0	3.3	7.1	-9.9	17.0	
1.79297	0.2	12235	20.3	17.1	3.2	7.1	-10.0	17.1	
1.79688	0.2	12235	20.3	17.1	3.2	7.1	-10.0	17.1	
1.80078	0.2	12235	20.3	17.1	3.2	7.1	-10.0	17.1	
1.80469	0.3	12235	20.3	17.1	3.2	7.1	-10.0	17.1	
1.80859	0.3	12235	20.3	17.1	3.2	7.1	-10.0	17.1	
1.81250	0.3	12235	20.3	17.1	3.2	7.1	-10.0	17.1	
1.81641	0.2	12235	20.3	17.1	3.2	7.1	-10.0	17.1	
1.82031	0.2	12235	20.3	17.1	3.2	7.1	-10.0	17.1	
1.82422	0.2	12235	20.3	17.1	3.2	7.1	-10.0	17.1	
1.82812	0.3	12235	20.3	17.1	3.2	7.1	-10.0	17.1	
1.83203	0.2	12235	20.3	17.1	3.2	7.1	-10.0	17.1	
1.83594	0.2	12235	20.3	17.1	3.2	7.1	-10.0	17.1	
1.83984	0.3	12235	20.3	17.1	3.2	7.1	-10.0	17.1	
1.84375	0.2	12235	20.4	17.1	3.3	7.1	-10.0	17.1	
1.84766	0.2	12235	20.4	17.1	3.3	7.1	-10.0	17.1	
1.85156	0.3	12235	20.4	17.1	3.3	7.1	-10.0	17.1	
1.85547	0.2	12235	20.4	17.1	3.3	7.1	-10.0	17.1	
1.85938	0.2	12235	20.4	17.1	3.3	7.1	-10.0	17.1	
1.86328	0.3	12235	20.4	17.1	3.3	7.1	-10.0	17.1	
1.86719	0.2	12235	20.4	17.1	3.3	7.1	-10.0	17.1	
1.87109	0.2	12235	20.4	17.1	3.3	7.1	-10.0	17.1	
1.87500	0.2	12235	20.4	17.1	3.3	7.1	-10.0	17.1	
1.87891	0.2	12235	20.4	17.1	3.3	7.1	-10.0	17.1	
1.88281	0.2	12235	20.4	17.1	3.3	7.1	-10.0	17.1	
1.88672	0.2	12235	20.4	17.1	3.3	7.1	-10.0	17.1	
1.89062	0.2	12235	20.5	17.1	3.4	7.1	-10.0	17.1	
1.89453	0.2	12235	20.5	17.1	3.4	7.1	-10.0	17.1	
1.89844	0.2	12235	20.5	17.1	3.4	7.1	-10.0	17.1	
1.90234	0.2	12235	20.5	17.1	3.4	7.1	-10.0	17.1	
1.90625	0.2	12235	20.5	17.1	3.4	7.1	-10.0	17.1	
1.91016	0.1	12235	20.5	17.1	3.4	7.1	-10.0	17.1	
1.91406	0.2	12235	20.5	17.1	3.4	7.1	-10.0	17.1	
1.91797	0.2	12235	20.6	17.1	3.5	7.1	-10.0	17.1	
1.92188	0.2	12235	20.6	17.1	3.5	7.1	-10.0	17.1	
1.92578	0.2	12235	20.6	17.2	3.4	7.1	-10.1	17.2	
1.92969	0.2	12235	20.6	17.2	3.4	7.1	-10.1	17.2	
1.93359	0.2	12235	20.7	17.2	3.5	7.1	-10.1	17.2	
1.93750	0.2	12235	20.7	17.2	3.5	7.1	-10.1	17.2	
1.94141	0.2	12235	20.7	17.2	3.5	7.1	-10.1	17.2	
1.94531	0.2	12235	20.7	17.2	3.5	7.1	-10.1	17.2	
1.94922	0.2	12235	20.7	17.2	3.5	7.1	-10.1	17.2	
1.95312	0.2	12235	20.8	17.2	3.6	7.1	-10.1	17.2	
1.95703	0.2	12235	20.8	17.2	3.6	7.1	-10.1	17.2	
1.96094	0.2	12235	20.8	17.2	3.6	7.1	-10.1	17.2	
1.96484	0.2	12235	20.8	17.3	3.5	7.1	-10.2	17.3	
1.96875	0.2	12235	20.8	17.3	3.5	7.1	-10.2	17.3	
1.97266	0.2	12235	20.8	17.3	3.5	7.1	-10.2	17.3	
1.97656	0.2	12235	20.8	17.3	3.5	7.1	-10.2	17.3	
1.98047	0.3	12236	20.8	17.3	3.5	7.1	-10.2	17.3	
1.98438	0.3	12236	20.8	17.3	3.5	7.1	-10.2	17.3	
1.98828	0.3	12236	20.8	17.3	3.5	7.1	-10.2	17.3	
1.99219	0.3	12236	20.8	17.3	3.5	7.1	-10.2	17.3	
1.99609	0.3	12236	20.8	17.3	3.5	7.1	-10.2	17.3	
2.00000	0.2	12236	20.8	17.3	3.5	7.1	-10.2	17.3	
2.00391	0.2	12236	20.9	17.3	3.6	7.1	-10.2	17.3	
2.00781	0.2	12236	20.9	17.3	3.6	7.1	-10.2	17.3	
2.01172	0.1	12236	20.9	17.3	3.6	7.1	-10.2	17.3	
2.01562	0.0	12236	20.9	17.3	3.6	7.1	-10.2	17.3	
2.01953	-0.1	12236	21.0	17.3	3.7	7.1	-10.2	17.3	
2.02344	-0.2	12236	21.0	17.3	3.7	7.1	-10.2	17.3	
2.02734	-0.4	12236	21.1	17.3	3.8	7.1	-10.2	17.3	
2.03125	-0.5	12236	21.2	17.3	3.9	7.1	-10.2	17.3	
2.03516	-0.6	12236	21.2	17.3	3.9	7.1	-10.2	17.3	
2.03906	-0.8	12235	21.3	17.3	4.0	7.1	-10.2	17.3	
2.04297	-0.9	12235	21.4	17.3	4.1	7.1	-10.2	17.3	
2.04688	-1.0	12235	21.5	17.3	4.2	7.1	-10.2	17.3	
2.05078	-1.0	12235	21.6	17.4	4.2	7.1	-10.3	17.4	
2.05469	-1.0	12235	21.7	17.4	4.3	7.1	-10.3	17.4	
2.05859	-0.9	12235	21.8	17.4	4.4	7.1	-10.3	17.4	
2.06250	-0.8	12235	21.9	17.4	4.5	7.1	-10.3	17.4	
2.06641	-0.7	12235	22.0	17.4	4.6	7.1	-10.3	17.4	
2.07031	-0.6	12235	22.0	17.4	4.6	7.1	-10.3	17.4	
2.07422	-0.4	12235	22.1	17.4	4.7	7.1	-10.3	17.4	
2.07812	-0.2	12235	22.1	17.4	4.7	7.1	-10.3	17.4	
2.08203	-0.1	12235	22.2	17.4	4.8	7.1	-10.3	17.4	
2.08594	0.1	12235	22.2	17.4	4.8	7.1	-10.3	17.4	
2.08984	0.2	12235	22.2	17.5	4.7	7.1	-10.4	17.5	
2.09375	0.3	12235	22.2	17.5	4.7	7.1	-10.4	17.5	
2.09766	0.4	12235	22.2	17.5	4.7	7.1	-10.4	17.5	
2.10156	0.4	12235	22.2	17.5	4.7	7.1	-10.4	17.5	
2.10547	0.4	12235	22.2	17.5	4.7	7.1	-10.4	17.5	
2.10938	0.5	12235	22.1	17.5	4.6	7.1	-10.4	17.5	
2.11328	0.5	12235	22.1	17.5	4.6	7.1	-10.4	17.5	
2.11719	0.5	12235	22.1	17.6	4.5	7.1	-10.5	17.6	
2.12109	0.5	12235	22.0	17.6	4.4	7.1	-10.5	17.6	
2.12500	0.4	12235	22.0	17.6	4.4	7.1	-10.5	17.6	
2.12891	0.3	12235	22.0	17.6	4.4	7.1	-10.5	17.6	
2.13281	0.3	12235	22.0	17.6	4.4	7.1	-10.5	17.6	
2.13672	0.2	12235	22.0	17.6	4.4	7.1	-10.5	17.6	
2.14062	0.2	12235	22.0	17.6	4.4	7.1	-10.5	17.6	
2.14453	0.1	12235	22.0	17.7	4.3	7.1	-10.6	17.7	
2.14844	0.1	12235	22.1	17.7	4.4	7.1	-10.6	17.7	
2.15234	-0.0	12235	22.1	17.7	4.4	7.1	-10.6	17.7	
2.15625	-0.1	12235	22.1	17.7	4.4	7.1	-10.6	17.7	
2.16016	-0.1	12235	22.2	17.7	4.5	7.1	-10.6	17.7	
2.16406	-0.1	12235	22.2	17.7	4.5	7.1	-10.6	17.7	
2.16797	-0.1	12235	22.2	17.8	4.4	7.1	-10.7	17.8	
2.17188	-0.1	12235	22.3	17.8	4.5	7.1	-10.7	17.8	
2.17578	-0.1	12235	22.4	17.8	4.6	7.1	-10.7	17.8	
2.17969	-0.1	12235	22.4	17.8	4.6	7.1	-10.7	17.8	
2.18359	-0.1	12235	22.5	17.8	4.7	7.1	-10.7	17.8	
2.18750	-0.0	12235	22.5	17.9	4.6	7.1	-10.8	17.9	
2.19141	0.0	12235	22.5	17.9	4.6	7.1	-10.8	17.9	
2.19531	0.1	12235	22.6	17.9	4.7	7.1	-10.8	17.9	
2.19922	0.1	12235	22.6	17.9	4.7	7.1	-10.8	17.9	
2.20312	0.1	12235	22.6	17.9	4.7	7.1	-10.8	17.9	
2.20703	0.2	12235	22.6	18.0	4.6	7.1	-10.9	18.0	
2.21094	0.2	12235	22.7	18.0	4.7	7.1	-10.9	18.0	
2.21484	0.2	12235	22.7	18.0	4.7	7.1	-10.9	18.0	
2.21875	0.3	12235	22.7	18.0	4.7	7.1	-10.9	18.0	
2.22266	0.3	12235	22.7	18.0	4.7	7.1	-10.9	18.0	
2.22656	0.3	12235	22.7	18.0	4.7	7.1	-10.9	18.0	
2.23047	0.3	12235	22.7	18.1	4.6	7.1	-11.0	18.1	
2.23438	0.3	12235	22.7	18.1	4.6	7.1	-11.0	18.1	
2.23828	0.2	12235	22.7	18.1	4.6	7.1	-11.0	18.1	
2.24219	0.2	12235	22.8	18.2	4.6	7.1	-11.1	18.2	
2.24609	0.2	12235	22.8	18.2	4.6	7.1	-11.1	18.2	
2.25000	0.1	12235	22.8	18.2	4.6	7.1	-11.1	18.2	
2.25391	0.1	12235	22.8	18.2	4.6	7.1	-11.1	18.2	
2.25781	0.1	12235	22.8	18.2	4.6	7.1	-11.1	18.2	
2.26172	0.1	12235	22.9	18.3	4.6	7.1	-11.2	18.3	
2.26562	0.1	12235	22.9	18.3	4.6	7.1	-11.2	18.3	
2.26953	0.1	12235	22.9	18.3	4.6	7.1	-11.2	18.3	
2.27344	0.1	12236	23.0	18.3	4.7	7.1	-11.2	18.3	
2.27734	0.1	12236	23.0	18.3	4.7	7.1	-11.2	18.3	
2.28125	0.1	12236	23.0	18.3	4.7	7.1	-11.2	18.3	
2.28516	0.0	12236	23.0	18.4	4.6	7.1	-11.3	18.4	
2.28906	0.0	12236	23.1	18.4	4.7	7.1	-11.3	18.4	
2.29297	0.1	12236	23.1	18.4	4.7	7.1	-11.3	18.4	
2.29688	0.1	12236	23.2	18.4	4.8	7.1	-11.3	18.4	
2.30078	0.1	12236	23.2	18.4	4.8	7.1	-11.3	18.4	
2.30469	0.1	12236	23.2	18.4	4.8	7.1	-11.3	18.4	
2.30859	0.1	12236	23.3	18.4	4.9	7.1	-11.3	18.4	
2.31250	0.1	12236	23.3	18.5	4.8	7.1	-11.4	18.5	
2.31641	0.1	12236	23.3	18.5	4.8	7.1	-11.4	18.5	
2.32031	0.1	12236	23.3	18.5	4.8	7.1	-11.4	18.5	
2.32422	0.1	12236	23.4	18.5	4.9	7.1	-11.4	18.5	
2.32812	0.2	12236	23.4	18.5	4.9	7.1	-11.4	18.5	
2.33203	0.1	12236	23.4	18.5	4.9	7.1	-11.4	18.5	
2.33594	0.1	12236	23.5	18.5	5.0	7.1	-11.4	18.5	
2.33984	0.2	12236	23.5	18.5	5.0	7.1	-11.4	18.5	
2.34375	0.1	12236	23.5	18.6	4.9	7.1	-11.5	18.6	
2.34766	0.1	12236	23.5	18.6	4.9	7.1	-11.5	18.6	
2.35156	0.1	12236	23.6	18.6	5.0	7.1	-11.5	18.6	
2.35547	0.1	12236	23.6	18.6	5.0	7.1	-11.5	18.6	
2.35938	0.1	12236	23.6	18.6	5.0	7.1	-11.5	18.6	
2.36328	0.0	12236	23.7	18.6	5.1	7.1	-11.5	18.6	
2.36719	0.0	12236	23.7	18.6	5.1	7.1	-11.5	18.6	
2.37109	-0.0	12236	23.7	18.7	5.0	7.1	-11.6	18.7	
2.37500	-0.1	12236	23.8	18.7	5.1	7.1	-11.6	18.7	
2.37891	-0.1	12236	23.8	18.7	5.1	7.1	-11.6	18.7	
2.38281	-0.1	12236	23.9	18.7	5.2	7.1	-11.6	18.7	
2.38672	-0.2	12236	23.9	18.7	5.2	7.1	-11.6	18.7	
2.39062	-0.2	12236	24.0	18.7	5.3	7.1	-11.6	18.7	
2.39453	-0.2	12236	24.0	18.7	5.3	7.1	-11.6	18.7	
2.39844	-0.2	12236	24.1	18.8	5.3	7.1	-11.7	18.8	
2.40234	-0.2	12236	24.1	18.8	5.3	7.1	-11.7	18.8	
2.40625	-0.2	12236	24.2	18.8	5.4	7.1	-11.7	18.8	
2.41016	-0.2	12236	24.2	18.8	5.4	7.1	-11.7	18.8	
2.41406	-0.2	12236	24.3	18.8	5.5	7.1	-11.7	18.8	
2.41797	-0.2	12236	24.4	18.8	5.6	7.1	-11.7	18.8	
2.42188	-0.2	12235	24.4	18.9	5.5	7.1	-11.8	18.9	
2.42578	-0.2	12235	24.5	18.9	5.6	7.1	-11.8	18.9	
2.42969	-0.2	12235	24.5	18.9	5.6	7.1	-11.8	18.9	
2.43359	-0.2	12235	24.6	18.9	5.7	7.1	-11.8	18.9	
2.43750	-0.2	12235	24.6	18.9	5.7	7.1	-11.8	18.9	
2.44141	-0.1	12235	24.7	19.0	5.7	7.1	-11.9	19.0	
2.44531	-0.1	12235	24.7	19.0	5.7	7.1	-11.9	19.0	
2.44922	-0.1	12235	24.8	19.0	5.8	7.1	-11.9	19.0	
2.45312	-0.1	12235	24.8	19.0	5.8	7.1	-11.9	19.0	
2.45703	-0.1	12235	24.9	19.0	5.9	7.1	-11.9	19.0	
2.46094	-0.1	12235	24.9	19.1	5.8	7.1	-12.0	19.1	
2.46484	-0.1	12235	24.9	19.1	5.8	7.1	-12.0	19.1	
2.46875	-0.1	12235	25.0	19.1	5.9	7.1	-12.0	19.1	
2.47266	-0.0	12235	25.0	19.1	5.9	7.1	-12.0	19.1	
2.47656	-0.0	12235	25.1	19.2	5.9	7.1	-12.1	19.2	
2.48047	-0.1	12235	25.1	19.2	5.9	7.1	-12.1	19.2	
2.48438	-0.1	12235	25.2	19.2	6.0	7.1	-12.1	19.2	
2.48828	-0.1	12235	25.2	19.3	5.9	7.1	-12.2	19.3	
2.49219	-0.1	12235	25.3	19.3	6.0	7.1	-12.2	19.3	
2.49609	-0.2	12235	25.3	19.3	6.0	7.1	-12.2	19.3	
2.50000	-0.2	12235	25.4	19.3	6.1	7.1	-12.2	19.3	
2.50391	-0.2	12235	25.4	19.4	6.0	7.1	-12.3	19.4	
2.50781	-0.2	12235	25.5	19.4	6.1	7.1	-12.3	19.4	
2.51172	-0.2	12235	25.5	19.4	6.1	7.1	-12.3	19.4	
2.51562	-0.1	12235	25.6	19.4	6.2	7.1	-12.3	19.4	
2.51953	-0.1	12235	25.6	19.4	6.2	7.1	-12.3	19.4	
2.52344	-0.0	12235	25.7	19.5	6.2	7.1	-12.4	19.5	
2.52734	-0.0	12235	25.7	19.5	6.2	7.1	-12.4	19.5	
2.53125	-0.0	12235	25.7	19.5	6.2	7.1	-12.4	19.5	
2.53516	0.0	12235	25.8	19.5	6.3	7.1	-12.4	19.5	
2.53906	0.1	12235	25.8	19.5	6.3	7.1	-12.4	19.5	
2.54297	0.1	12235	25.8	19.6	6.2	7.1	-12.5	19.6	
2.54688	0.2	12235	25.9	19.6	6.3	7.1	-12.5	19.6	
2.55078	0.2	12235	25.9	19.6	6.3	7.1	-12.5	19.6	
2.55469	0.2	12235	25.9	19.6	6.3	7.1	-12.5	19.6	
2.55859	0.2	12235	25.9	19.6	6.3	7.1	-12.5	19.6	
2.56250	0.2	12235	25.9	19.6	6.3	7.1	-12.5	19.6	
2.56641	0.2	12235	26.0	19.6	6.4	7.1	-12.5	19.6	
2.57031	0.2	12235	26.0	19.7	6.3	7.1	-12.6	19.7	
2.57422	0.2	12235	26.0	19.7	6.3	7.1	-12.6	19.7	
2.57812	0.1	12235	26.0	19.7	6.3	7.1	-12.6	19.7	
2.58203	0.1	12235	26.1	19.7	6.4	7.1	-12.6	19.7	
2.58594	0.0	12235	26.1	19.7	6.4	7.1	-12.6	19.7	
2.58984	-0.1	12235	26.1	19.8	6.3	7.1	-12.7	19.8	
2.59375	-0.1	12235	26.2	19.8	6.4	7.1	-12.7	19.8	
2.59766	-0.2	12235	26.2	19.8	6.4	7.1	-12.7	19.8	
2.60156	-0.2	12235	26.3	19.8	6.5	7.1	-12.7	19.8	
2.60547	-0.3	12235	26.3	19.9	6.4	7.1	-12.8	19.9	
2.60938	-0.3	12235	26.4	19.9	6.5	7.1	-12.8	19.9	
2.61328	-0.4	12235	26.5	19.9	6.6	7.1	-12.8	19.9	
2.61719	-0.5	12235	26.6	19.9	6.7	7.1	-12.8	19.9	
2.62109	-0.5	12235	26.6	20.0	6.6	7.1	-12.9	20.0	
2.62500	-0.6	12235	26.7	20.0	6.7	7.1	-12.9	20.0	
2.62891	-0.6	12235	26.8	20.0	6.8	7.1	-12.9	20.0	
2.63281	-0.6	12235	26.8	20.1	6.7	7.1	-13.0	20.1	
2.63672	-0.6	12235	26.9	20.1	6.8	7.1	-13.0	20.1	
2.64062	-0.6	12235	27.0	20.1	6.9	7.1	-13.0	20.1	
2.64453	-0.5	12235	27.1	20.2	6.9	7.1	-13.1	20.2	
2.64844	-0.5	12235	27.1	20.2	6.9	7.1	-13.1	20.2	
2.65234	-0.4	12235	27.2	20.2	7.0	7.1	-13.1	20.2	
2.65625	-0.3	12235	27.2	20.2	7.0	7.1	-13.1	20.2	
2.66016	-0.2	12235	27.3	20.3	7.0	7.1	-13.2	20.3	
2.66406	-0.1	12235	27.3	20.3	7.0	7.1	-13.2	20.3	
2.66797	0.0	12235	27.4	20.3	7.1	7.1	-13.2	20.3	
2.67188	0.1	12235	27.4	20.4	7.0	7.1	-13.3	20.4	
2.67578	0.1	12235	27.4	20.4	7.0	7.1	-13.3	20.4	
2.67969	0.2	12235	27.4	20.4	7.0	7.1	-13.3	20.4	
2.68359	0.3	12235	27.4	20.4	7.0	7.1	-13.3	20.4	
2.68750	0.4	12235	27.4	20.5	6.9	7.1	-13.4	20.5	
2.69141	0.4	12235	27.3	20.5	6.8	7.1	-13.4	20.5	
2.69531	0.4	12235	27.3	20.5	6.8	7.1	-13.4	20.5	
2.69922	0.5	12235	27.3	20.5	6.8	7.1	-13.4	20.5	
2.70312	0.4	12235	27.3	20.5	6.8	7.1	-13.4	20.5	
2.70703	0.4	12235	27.2	20.6	6.6	7.1	-13.5	20.6	
2.71094	0.4	12235	27.2	20.6	6.6	7.1	-13.5	20.6	
2.71484	0.3	12235	27.2	20.6	6.6	7.1	-13.5	20.6	
2.71875	0.2	12235	27.2	20.6	6.6	7.1	-13.5	20.6	
2.72266	0.1	12235	27.3	20.6	6.7	7.1	-13.5	20.6	
2.72656	-0.1	12235	27.3	20.7	6.6	7.1	-13.6	20.7	
2.73047	-0.4	12235	27.3	20.7	6.6	7.1	-13.6	20.7	
2.73438	-0.6	12235	27.4	20.7	6.7	7.1	-13.6	20.7	
2.73828	-0.9	12235	27.5	20.7	6.8	7.1	-13.6	20.7	
2.74219	-1.2	12235	27.6	20.7	6.9	7.1	-13.6	20.7	
2.74609	-1.5	12235	27.7	20.8	6.9	7.1	-13.7	20.8	
2.75000	-1.7	12235	27.8	20.8	7.0	7.1	-13.7	20.8	
2.75391	-1.9	12235	28.0	20.8	7.2	7.1	-13.7	20.8	
2.75781	-1.9	12235	28.1	20.8	7.3	7.1	-13.7	20.8	
2.76172	-1.9	12234	28.2	20.9	7.3	7.1	-13.8	20.9	
2.76562	-1.9	12234	28.4	20.9	7.5	7.1	-13.8	20.9	
2.76953	-1.8	12234	28.5	20.9	7.6	7.1	-13.8	20.9	
2.77344	-1.5	12234	28.6	21.0	7.6	7.1	-13.9	21.0	
2.77734	-1.3	12234	28.7	21.0	7.7	7.1	-13.9	21.0	
2.78125	-1.0	12234	28.8	21.0	7.8	7.1	-13.9	21.0	
2.78516	-0.7	12234	28.8	21.1	7.7	7.1	-14.0	21.1	
2.78906	-0.4	12234	28.9	21.1	7.8	7.1	-14.0	21.1	
2.79297	-0.2	12234	28.9	21.1	7.8	7.1	-14.0	21.1	
2.79688	0.1	12234	28.9	21.2	7.7	7.1	-14.1	21.2	
2.80078	0.2	12234	28.9	21.2	7.7	7.1	-14.1	21.2	
2.80469	0.4	12234	28.9	21.2	7.7	7.1	-14.1	21.2	
2.80859	0.5	12234	28.9	21.3	7.6	7.1	-14.2	21.3	
2.81250	0.5	12234	28.9	21.3	7.6	7.1	-14.2	21.3	
2.81641	0.6	12234	28.9	21.3	7.6	7.1	-14.2	21.3	
2.82031	0.6	12234	28.9	21.4	7.5	7.1	-14.3	21.4	
2.82422	0.5	12234	28.8	21.4	7.4	7.1	-14.3	21.4	
2.82812	0.4	12234	28.8	21.4	7.4	7.1	-14.3	21.4	
2.83203	0.3	12234	28.8	21.5	7.3	7.1	-14.4	21.5	
2.83594	0.2	12234	28.8	21.5	7.3	7.1	-14.4	21.5	
2.83984	0.1	12234	28.8	21.5	7.3	7.1	-14.4	21.5	
2.84375	-0.0	12234	28.9	21.6	7.3	7.1	-14.5	21.6	
2.84766	-0.1	12234	28.9	21.6	7.3	7.1	-14.5	21.6	
2.85156	-0.2	12234	28.9	21.6	7.3	7.1	-14.5	21.6	
2.85547	-0.2	12234	29.0	21.7	7.3	7.1	-14.6	21.7	
2.85938	-0.3	12234	29.0	21.7	7.3	7.1	-14.6	21.7	
2.86328	-0.3	12234	29.1	21.7	7.4	7.1	-14.6	21.7	
2.86719	-0.2	12234	29.1	21.8	7.3	7.1	-14.7	21.8	
2.87109	-0.2	12234	29.2	21.8	7.4	7.1	-14.7	21.8	
2.87500	-0.1	12234	29.2	21.8	7.4	7.1	-14.7	21.8	
2.87891	-0.0	12234	29.2	21.9	7.3	7.1	-14.8	21.9	
2.88281	0.0	12234	29.3	21.9	7.4	7.1	-14.8	21.9	
2.88672	0.2	12234	29.3	21.9	7.4	7.1	-14.8	21.9	
2.89062	0.2	12234	29.3	22.0	7.3	7.1	-14.9	22.0	
2.89453	0.3	12234	29.3	22.0	7.3	7.1	-14.9	22.0	
2.89844	0.3	12234	29.3	22.0	7.3	7.1	-14.9	22.0	
2.90234	0.4	12234	29.2	22.1	7.1	7.1	-15.0	22.1	
2.90625	0.4	12234	29.2	22.1	7.1	7.1	-15.0	22.1	
2.91016	0.4	12234	29.2	22.1	7.1	7.1	-15.0	22.1	
2.91406	0.4	12234	29.2	22.2	7.0	7.1	-15.1	22.2	
2.91797	0.4	12234	29.2	22.2	7.0	7.1	-15.1	22.2	
2.92188	0.3	12234	29.1	22.2	6.9	7.1	-15.1	22.2	
2.92578	0.3	12234	29.1	22.3	6.8	7.1	-15.2	22.3	
2.92969	0.3	12234	29.1	22.3	6.8	7.1	-15.2	22.3	
2.93359	0.2	12234	29.1	22.3	6.8	7.1	-15.2	22.3	
2.93750	0.2	12234	29.1	22.4	6.7	7.1	-15.3	22.4	
2.94141	0.2	12234	29.1	22.4	6.7	7.1	-15.3	22.4	
2.94531	0.1	12234	29.1	22.4	6.7	7.1	-15.3	22.4	
2.94922	0.0	12234	29.2	22.5	6.7	7.1	-15.4	22.5	
2.95312	0.0	12234	29.2	22.5	6.7	7.1	-15.4	22.5	
2.95703	0.0	12234	29.2	22.5	6.7	7.1	-15.4	22.5	
2.96094	-0.0	12234	29.3	22.6	6.7	7.1	-15.5	22.6	
2.96484	-0.0	12234	29.3	22.6	6.7	7.1	-15.5	22.6	
2.96875	-0.0	12234	29.4	22.6	6.8	7.1	-15.5	22.6	
2.97266	-0.1	12234	29.4	22.7	6.7	7.1	-15.6	22.7	
2.97656	-0.1	12234	29.4	22.7	6.7	7.1	-15.6	22.7	
2.98047	-0.0	12234	29.5	22.7	6.8	7.1	-15.6	22.7	
2.98438	0.0	12234	29.5	22.7	6.8	7.1	-15.6	22.7	
2.98828	0.1	12234	29.5	22.8	6.7	7.1	-15.7	22.8	
2.99219	0.1	12234	29.6	22.8	6.8	7.1	-15.7	22.8	
2.99609	0.2	12234	29.6	22.8	6.8	7.1	-15.7	22.8	
3.00000	0.2	12234	29.6	22.8	6.8	7.1	-15.7	22.8	
3.00391	0.2	12234	29.6	22.9	6.7	7.1	-15.8	22.9	
3.00781	0.3	12234	29.6	22.9	6.7	7.1	-15.8	22.9	
3.01172	0.3	12234	29.6	22.9	6.7	7.1	-15.8	22.9	
3.01562	0.3	12234	29.6	22.9	6.7	7.1	-15.8	22.9	
3.01953	0.4	12234	29.6	23.0	6.6	7.1	-15.9	23.0	
3.02344	0.3	12234	29.6	23.0	6.6	7.1	-15.9	23.0	
3.02734	0.3	12234	29.6	23.0	6.6	7.1	-15.9	23.0	
3.03125	0.4	12235	29.6	23.0	6.6	7.1	-15.9	23.0	
3.03516	0.4	12235	29.5	23.0	6.5	7.1	-15.9	23.0	
3.03906	0.5	12235	29.5	23.1	6.4	7.1	-16.0	23.1	
3.04297	0.5	12235	29.4	23.1	6.3	7.1	-16.0	23.1	
3.04688	0.5	12235	29.4	23.1	6.3	7.1	-16.0	23.1	
3.05078	0.6	12235	29.4	23.1	6.3	7.1	-16.0	23.1	
3.05469	0.6	12235	29.3	23.1	6.2	7.1	-16.0	23.1	
3.05859	0.6	12235	29.3	23.2	6.1	7.1	-16.1	23.2	
3.06250	0.6	12235	29.2	23.2	6.0	7.1	-16.1	23.2	
3.06641	0.6	12235	29.2	23.2	6.0	7.1	-16.1	23.2	
3.07031	0.5	12235	29.1	23.2	5.9	7.1	-16.1	23.2	
3.07422	0.5	12235	29.1	23.2	5.9	7.1	-16.1	23.2	
3.07812	0.4	12235	29.1	23.2	5.9	7.1	-16.1	23.2	
3.08203	0.4	12235	29.1	23.3	5.8	7.1	-16.2	23.3	
3.08594	0.4	12235	29.0	23.3	5.7	7.1	-16.2	23.3	
3.08984	0.3	12235	29.0	23.3	5.7	7.1	-16.2	23.3	
3.09375	0.3	12235	29.0	23.3	5.7	7.1	-16.2	23.3	
3.09766	0.3	12235	29.0	23.3	5.7	7.1	-16.2	23.3	
3.10156	0.3	12235	29.0	23.3	5.7	7.1	-16.2	23.3	
3.10547	0.3	12235	29.0	23.3	5.7	7.1	-16.2	23.3	
3.10938	0.4	12235	28.9	23.4	5.5	7.1	-16.3	23.4	
3.11328	0.4	12235	28.9	23.4	5.5	7.1	-16.3	23.4	
3.11719	0.5	12235	28.9	23.4	5.5	7.1	-16.3	23.4	
3.12109	0.6	12235	28.9	23.4	5.5	7.1	-16.3	23.4	
3.12500	0.8	12235	28.8	23.4	5.4	7.1	-16.3	23.4	
3.12891	0.9	12235	28.8	23.4	5.4	7.1	-16.3	23.4	
3.13281	0.9	12235	28.7	23.4	5.3	7.1	-16.3	23.4	
3.13672	0.9	12235	28.6	23.4	5.2	7.1	-16.3	23.4	
3.14062	1.0	12235	28.6	23.5	5.1	7.1	-16.4	23.5	
3.14453	1.0	12236	28.5	23.5	5.0	7.1	-16.4	23.5	
3.14844	1.0	12236	28.4	23.5	4.9	7.1	-16.4	23.5	
3.15234	0.9	12236	28.3	23.5	4.8	7.1	-16.4	23.5	
3.15625	0.9	12236	28.3	23.5	4.8	7.1	-16.4	23.5	
3.16016	0.9	12236	28.2	23.5	4.7	7.1	-16.4	23.5	
3.16406	0.9	12236	28.1	23.5	4.6	7.1	-16.4	23.5	
3.16797	0.9	12236	28.1	23.5	4.6	7.1	-16.4	23.5	
3.17188	0.9	12236	28.0	23.5	4.5	7.1	-16.4	23.5	
3.17578	0.9	12236	27.9	23.6	4.3	7.1	-16.5	23.6	
3.17969	1.0	12236	27.8	23.6	4.2	7.1	-16.5	23.6	
3.18359	1.1	12236	27.7	23.6	4.1	7.1	-16.5	23.6	
3.18750	1.3	12236	27.6	23.6	4.0	7.1	-16.5	23.6	
3.19141	1.5	12236	27.5	23.6	3.9	7.1	-16.5	23.6	
3.19531	1.6	12236	27.4	23.6	3.8	7.1	-16.5	23.6	
3.19922	1.7	12237	27.3	23.6	3.7	7.1	-16.5	23.6	
3.20312	1.9	12237	27.2	23.6	3.6	7.1	-16.5	23.6	
3.20703	2.0	12237	27.1	23.6	3.5	7.1	-16.5	23.6	
3.21094	2.2	12237	26.9	23.6	3.3	7.1	-16.5	23.6	
3.21484	2.3	12237	26.8	23.6	3.2	7.1	-16.5	23.6	
3.21875	2.4	12237	26.7	23.6	3.1	7.1	-16.5	23.6	
3.22266	2.5	12237	26.5	23.6	2.9	7.1	-16.5	23.6	
3.22656	2.7	12238	26.4	23.6	2.8	7.1	-16.5	23.6	
3.23047	2.8	12238	26.2	23.6	2.6	7.1	-16.5	23.6	
3.23438	2.9	12238	26.1	23.6	2.5	7.1	-16.5	23.6	
3.23828	3.0	12238	25.9	23.6	2.3	7.1	-16.5	23.6	
3.24219	3.1	12238	25.7	23.5	2.2	7.1	-16.4	23.5	
3.24609	3.2	12239	25.6	23.5	2.1	7.1	-16.4	23.5	
3.25000	3.3	12239	25.4	23.5	1.9	7.1	-16.4	23.5	
3.25391	3.3	12239	25.3	23.5	1.8	7.1	-16.4	23.5	
3.25781	3.3	12239	25.1	23.5	1.6	7.1	-16.4	23.5	
3.26172	3.3	12239	24.9	23.5	1.4	7.1	-16.4	23.5	
3.26562	3.3	12240	24.8	23.4	1.4	7.1	-16.3	23.4	
3.26953	3.2	12240	24.6	23.4	1.2	7.1	-16.3	23.4	
3.27344	3.2	12240	24.5	23.4	1.1	7.1	-16.3	23.4	
3.27734	3.1	12240	24.3	23.4	0.9	7.1	-16.3	23.4	
3.28125	3.1	12240	24.2	23.4	0.8	7.1	-16.3	23.4	
3.28516	3.1	12241	24.0	23.3	0.7	7.1	-16.2	23.3	
3.28906	3.1	12241	23.9	23.3	0.6	7.1	-16.2	23.3	
3.29297	3.1	12241	23.7	23.3	0.4	7.1	-16.2	23.3	
3.29688	3.2	12241	23.5	23.3	0.2	7.1	-16.2	23.3	
3.30078	3.3	12241	23.4	23.2	0.2	7.1	-16.1	23.2	
3.30469	3.5	12242	23.2	23.2	0.0	7.1	-16.1	23.2	
3.30859	3.6	12242	23.0	23.2	-0.2	7.1	-16.1	23.2	
3.31250	3.8	12242	22.8	23.2	-0.4	7.1	-16.1	23.2	
3.31641	3.8	12242	22.7	23.2	-0.5	7.1	-16.1	23.2	
3.32031	3.9	12243	22.5	23.2	-0.7	7.1	-16.1	23.2	
3.32422	3.9	12243	22.3	23.1	-0.8	7.1	-16.0	23.1	
3.32812	3.8	12243	22.2	23.1	-0.9	7.1	-16.0	23.1	
3.33203	3.7	12243	22.0	23.1	-1.1	7.1	-16.0	23.1	
3.33594	3.5	12244	21.8	23.0	-1.2	7.1	-15.9	23.0	
3.33984	3.3	12244	21.7	23.0	-1.3	7.1	-15.9	23.0	
3.34375	3.1	12244	21.6	23.0	-1.4	7.1	-15.9	23.0	
3.34766	2.8	12244	21.4	23.0	-1.6	7.1	-15.9	23.0	
3.35156	2.6	12244	21.3	22.9	-1.6	7.1	-15.8	22.9	
3.35547	2.5	12245	21.2	22.9	-1.7	7.1	-15.8	22.9	
3.35938	2.3	12245	21.1	22.9	-1.8	7.1	-15.8	22.9	
3.36328	2.2	12245	21.0	22.9	-1.9	7.1	-15.8	22.9	
3.36719	2.1	12245	20.9	22.8	-1.9	7.1	-15.7	22.8	
3.37109	2.1	12245	20.7	22.8	-2.1	7.1	-15.7	22.8	
3.37500	2.2	12245	20.6	22.8	-2.2	7.1	-15.7	22.8	
3.37891	2.4	12245	20.5	22.7	-2.2	7.1	-15.6	22.7	
3.38281	2.5	12246	20.4	22.7	-2.3	7.1	-15.6	22.7	
3.38672	2.7	12246	20.2	22.7	-2.5	7.1	-15.6	22.7	
3.39062	2.9	12246	20.1	22.6	-2.5	7.1	-15.5	22.6	
3.39453	3.2	12246	19.9	22.6	-2.7	7.1	-15.5	22.6	
3.39844	3.5	12246	19.7	22.5	-2.8	7.1	-15.4	22.5	
3.40234	3.8	12247	19.6	22.5	-2.9	7.1	-15.4	22.5	
3.40625	4.0	12247	19.4	22.4	-3.0	7.1	-15.3	22.4	
3.41016	4.2	12247	19.2	22.4	-3.2	7.1	-15.3	22.4	
3.41406	4.4	12248	19.0	22.3	-3.3	7.1	-15.2	22.3	
3.41797	4.5	12248	18.8	22.3	-3.5	7.1	-15.2	22.3	
3.42188	4.5	12248	18.6	22.2	-3.6	7.1	-15.1	22.2	
3.42578	4.5	12248	18.4	22.2	-3.8	7.1	-15.1	22.2	
3.42969	4.5	12249	18.2	22.1	-3.9	7.1	-15.0	22.1	
3.43359	4.3	12249	18.1	22.1	-4.0	7.1	-15.0	22.1	
3.43750	4.2	12249	17.9	22.0	-4.1	7.1	-14.9	22.0	
3.44141	4.0	12249	17.7	22.0	-4.3	7.1	-14.9	22.0	
3.44531	3.7	12250	17.6	21.9	-4.3	7.1	-14.8	21.9	
3.44922	3.4	12250	17.4	21.9	-4.5	7.1	-14.8	21.9	
3.45312	3.2	12250	17.3	21.8	-4.5	7.1	-14.7	21.8	
3.45703	2.9	12250	17.2	21.8	-4.6	7.1	-14.7	21.8	
3.46094	2.6	12251	17.0	21.7	-4.7	7.1	-14.6	21.7	
3.46484	2.3	12251	17.0	21.7	-4.7	7.1	-14.6	21.7	
3.46875	2.1	12251	16.8	21.6	-4.8	7.1	-14.5	21.6	
3.47266	1.9	12251	16.8	21.6	-4.8	7.1	-14.5	21.6	
3.47656	1.8	12251	16.7	21.5	-4.8	7.1	-14.4	21.5	
3.48047	1.7	12251	16.6	21.5	-4.9	7.1	-14.4	21.5	
3.48438	1.6	12251	16.5	21.4	-4.9	7.1	-14.3	21.4	
3.48828	1.6	12251	16.4	21.4	-5.0	7.1	-14.3	21.4	
3.49219	1.6	12251	16.3	21.3	-5.0	7.1	-14.2	21.3	
3.49609	1.7	12252	16.3	21.3	-5.0	7.1	-14.2	21.3	
3.50000	1.8	12252	16.2	21.2	-5.0	7.1	-14.1	21.2	
3.50391	1.9	12252	16.1	21.1	-5.0	7.1	-14.0	21.1	
3.50781	1.9	12252	16.0	21.1	-5.1	7.1	-14.0	21.1	
3.51172	2.1	12252	15.9	21.0	-5.1	7.1	-13.9	21.0	
3.51562	2.1	12252	15.8	21.0	-5.2	7.1	-13.9	21.0	
3.51953	2.2	12252	15.7	20.9	-5.2	7.1	-13.8	20.9	
3.52344	2.3	12253	15.6	20.8	-5.2	7.1	-13.7	20.8	
3.52734	2.3	12253	15.5	20.8	-5.3	7.1	-13.7	20.8	
3.53125	2.3	12253	15.4	20.7	-5.3	7.1	-13.6	20.7	
3.53516	2.3	12253	15.3	20.7	-5.4	7.1	-13.6	20.7	
3.53906	2.3	12253	15.2	20.6	-5.4	7.1	-13.5	20.6	
3.54297	2.2	12253	15.0	20.6	-5.6	7.1	-13.5	20.6	
3.54688	2.2	12253	15.0	20.5	-5.5	7.1	-13.4	20.5	
3.55078	2.1	12254	14.9	20.4	-5.5	7.1	-13.3	20.4	
3.55469	2.0	12254	14.8	20.4	-5.6	7.1	-13.3	20.4	
3.55859	1.8	12254	14.7	20.3	-5.6	7.1	-13.2	20.3	
3.56250	1.7	12254	14.6	20.3	-5.7	7.1	-13.2	20.3	
3.56641	1.6	12254	14.5	20.2	-5.7	7.1	-13.1	20.2	
3.57031	1.5	12254	14.5	20.1	-5.6	7.1	-13.0	20.1	
3.57422	1.3	12254	14.4	20.1	-5.7	7.1	-13.0	20.1	
3.57812	1.2	12254	14.4	20.0	-5.6	7.1	-12.9	20.0	
3.58203	1.1	12254	14.3	20.0	-5.7	7.1	-12.9	20.0	
3.58594	1.0	12254	14.3	19.9	-5.6	7.1	-12.8	19.9	
3.58984	0.9	12254	14.2	19.8	-5.6	7.1	-12.7	19.8	
3.59375	0.8	12255	14.2	19.8	-5.6	7.1	-12.7	19.8	
3.59766	0.8	12255	14.1	19.7	-5.6	7.1	-12.6	19.7	
3.60156	0.8	12255	14.1	19.6	-5.5	7.1	-12.5	19.6	
3.60547	0.8	12255	14.0	19.6	-5.6	7.1	-12.5	19.6	
3.60938	0.8	12255	14.0	19.5	-5.5	7.1	-12.4	19.5	
3.61328	0.8	12255	14.0	19.4	-5.4	7.1	-12.3	19.4	
3.61719	0.9	12255	13.9	19.4	-5.5	7.1	-12.3	19.4	
3.62109	0.9	12255	13.8	19.3	-5.5	7.1	-12.2	19.3	
3.62500	1.0	12255	13.8	19.2	-5.4	7.1	-12.1	19.2	
3.62891	1.0	12255	13.7	19.2	-5.5	7.1	-12.1	19.2	
3.63281	1.1	12255	13.7	19.1	-5.4	7.1	-12.0	19.1	
3.63672	1.2	12255	13.6	19.1	-5.5	7.1	-12.0	19.1	
3.64062	1.2	12255	13.5	19.0	-5.5	7.1	-11.9	19.0	
3.64453	1.2	12255	13.5	18.9	-5.4	7.1	-11.8	18.9	
3.64844	1.1	12255	13.4	18.8	-5.4	7.1	-11.7	18.8	
3.65234	1.1	12255	13.4	18.8	-5.4	7.1	-11.7	18.8	
3.65625	1.1	12256	13.3	18.7	-5.4	7.1	-11.6	18.7	
3.66016	1.1	12256	13.3	18.6	-5.3	7.1	-11.5	18.6	
3.66406	1.0	12256	13.2	18.6	-5.4	7.1	-11.5	18.6	
3.66797	1.0	12256	13.1	18.5	-5.4	7.1	-11.4	18.5	
3.67188	1.0	12256	13.1	18.4	-5.3	7.1	-11.3	18.4	
3.67578	0.9	12256	13.0	18.4	-5.4	7.1	-11.3	18.4	
3.67969	0.8	12256	13.0	18.3	-5.3	7.1	-11.2	18.3	
3.68359	0.8	12256	13.0	18.2	-5.2	7.1	-11.1	18.2	
3.68750	0.7	12256	12.9	18.2	-5.3	7.1	-11.1	18.2	
3.69141	0.7	12256	12.9	18.1	-5.2	7.1	-11.0	18.1	
3.69531	0.7	12256	12.8	18.0	-5.2	7.1	-10.9	18.0	
3.69922	0.6	12256	12.8	18.0	-5.2	7.1	-10.9	18.0	
3.70312	0.6	12256	12.7	17.9	-5.2	7.1	-10.8	17.9	
3.70703	0.6	12256	12.7	17.8	-5.1	7.1	-10.7	17.8	
3.71094	0.7	12256	12.7	17.8	-5.1	7.1	-10.7	17.8	
3.71484	0.6	12256	12.6	17.7	-5.1	7.1	-10.6	17.7	
3.71875	0.7	12256	12.6	17.7	-5.1	7.1	-10.6	17.7	
3.72266	0.7	12256	12.5	17.6	-5.1	7.1	-10.5	17.6	
3.72656	0.7	12256	12.5	17.5	-5.0	7.1	-10.4	17.5	
3.73047	0.8	12256	12.5	17.5	-5.0	7.1	-10.4	17.5	
3.73438	0.8	12257	12.4	17.4	-5.0	7.1	-10.3	17.4	
3.73828	0.8	12257	12.4	17.3	-4.9	7.1	-10.2	17.3	
3.74219	0.8	12257	12.3	17.3	-5.0	7.1	-10.2	17.3	
3.74609	0.8	12257	12.3	17.2	-4.9	7.1	-10.1	17.2	
3.75000	0.8	12257	12.2	17.2	-5.0	7.1	-10.1	17.2	
3.75391	0.9	12257	12.2	17.1	-4.9	7.1	-10.0	17.1	
3.75781	0.9	12257	12.1	17.0	-4.9	7.1	-9.9	17.0	
3.76172	0.8	12257	12.1	17.0	-4.9	7.1	-9.9	17.0	
3.76562	0.8	12257	12.0	16.9	-4.9	7.1	-9.8	16.9	
3.76953	0.8	12257	12.0	16.8	-4.8	7.1	-9.7	16.8	
3.77344	0.8	12257	12.0	16.8	-4.8	7.1	-9.7	16.8	
3.77734	0.7	12257	11.9	16.7	-4.8	7.1	-9.6	16.7	
3.78125	0.7	12257	11.9	16.7	-4.8	7.1	-9.6	16.7	
3.78516	0.7	12257	11.8	16.6	-4.8	7.1	-9.5	16.6	
3.78906	0.6	12257	11.8	16.5	-4.7	7.1	-9.4	16.5	
3.79297	0.6	12257	11.8	16.5	-4.7	7.1	-9.4	16.5	
3.79688	0.6	12257	11.7	16.4	-4.7	7.1	-9.3	16.4	
3.80078	0.6	12257	11.7	16.3	-4.6	7.1	-9.2	16.3	
3.80469	0.5	12257	11.7	16.3	-4.6	7.1	-9.2	16.3	
3.80859	0.5	12257	11.6	16.2	-4.6	7.1	-9.1	16.2	
3.81250	0.5	12257	11.6	16.2	-4.6	7.1	-9.1	16.2	
3.81641	0.5	12257	11.6	16.1	-4.5	7.1	-9.0	16.1	
3.82031	0.5	12258	11.6	16.0	-4.4	7.1	-8.9	16.0	
3.82422	0.5	12258	11.5	16.0	-4.5	7.1	-8.9	16.0	
3.82812	0.5	12258	11.5	15.9	-4.4	7.1	-8.8	15.9	
3.83203	0.5	12258	11.5	15.8	-4.3	7.1	-8.7	15.8	
3.83594	0.5	12258	11.4	15.8	-4.4	7.1	-8.7	15.8	
3.83984	0.5	12258	11.4	15.7	-4.3	7.1	-8.6	15.7	
3.84375	0.5	12258	11.4	15.7	-4.3	7.1	-8.6	15.7	
3.84766	0.5	12258	11.4	15.6	-4.2	7.1	-8.5	15.6	
3.85156	0.6	12258	11.3	15.5	-4.2	7.1	-8.4	15.5	
3.85547	0.6	12258	11.3	15.5	-4.2	7.1	-8.4	15.5	
3.85938	0.6	12258	11.3	15.4	-4.1	7.1	-8.3	15.4	
3.86328	0.6	12258	11.2	15.3	-4.1	7.1	-8.2	15.3	
3.86719	0.6	12258	11.2	15.3	-4.1	7.1	-8.2	15.3	
3.87109	0.6	12258	11.1	15.2	-4.1	7.1	-8.1	15.2	
3.87500	0.6	12258	11.1	15.2	-4.1	7.1	-8.1	15.2	
3.87891	0.6	12258	11.1	15.1	-4.0	7.1	-8.0	15.1	
3.88281	0.6	12258	11.1	15.0	-3.9	7.1	-7.9	15.0	
3.88672	0.6	12258	11.0	15.0	-4.0	7.1	-7.9	15.0	
3.89062	0.6	12258	11.0	14.9	-3.9	7.1	-7.8	14.9	
3.89453	0.6	12258	11.0	14.8	-3.8	7.1	-7.7	14.8	
3.89844	0.6	12258	10.9	14.8	-3.9	7.1	-7.7	14.8	
3.90234	0.6	12258	10.9	14.7	-3.8	7.1	-7.6	14.7	
3.90625	0.5	12258	10.8	14.7	-3.9	7.1	-7.6	14.7	
3.91016	0.5	12258	10.8	14.6	-3.8	7.1	-7.5	14.6	
3.91406	0.5	12258	10.8	14.5	-3.7	7.1	-7.4	14.5	
3.91797	0.5	12258	10.8	14.5	-3.7	7.1	-7.4	14.5	
3.92188	0.4	12258	10.8	14.4	-3.6	7.1	-7.3	14.4	
3.92578	0.5	12258	10.7	14.3	-3.6	7.1	-7.2	14.3	
3.92969	0.4	12259	10.7	14.2	-3.5	7.1	-7.1	14.2	
3.93359	0.4	12259	10.7	14.2	-3.5	7.1	-7.1	14.2	
3.93750	0.3	12259	10.7	14.1	-3.4	7.1	-7.0	14.1	
3.94141	0.3	12259	10.7	14.0	-3.3	7.1	-6.9	14.0	
3.94531	0.3	12259	10.7	14.0	-3.3	7.1	-6.9	14.0	
3.94922	0.3	12259	10.7	13.9	-3.2	7.1	-6.8	13.9	
3.95312	0.3	12259	10.7	13.8	-3.1	7.1	-6.7	13.8	
3.95703	0.2	12259	10.7	13.7	-3.0	7.1	-6.6	13.7	
3.96094	0.2	12259	10.7	13.7	-3.0	7.1	-6.6	13.7	
3.96484	0.2	12259	10.7	13.6	-2.9	7.1	-6.5	13.6	
3.96875	0.2	12259	10.7	13.5	-2.8	7.1	-6.4	13.5	
3.97266	0.2	12259	10.7	13.5	-2.8	7.1	-6.4	13.5	
3.97656	0.2	12259	10.8	13.4	-2.6	7.1	-6.3	13.4	
3.98047	0.1	12259	10.8	13.4	-2.6	7.1	-6.3	13.4	
3.98438	0.1	12259	10.8	13.3	-2.5	7.1	-6.2	13.3	
3.98828	0.1	12259	10.8	13.3	-2.5	7.1	-6.2	13.3	
3.99219	0.1	12259	10.9	13.2	-2.3	7.1	-6.1	13.2	
3.99609	0.0	12259	11.0	13.2	-2.2	7.1	-6.1	13.2	
4.00000	0.0	12259	11.0	13.1	-2.1	7.1	-6.0	13.1	
4.00391	0.0	12259	11.1	13.1	-2.0	7.1	-6.0	13.1	
4.00781	-0.1	12259	11.1	13.0	-1.9	7.1	-5.9	13.0	
4.01172	-0.1	12259	11.2	13.0	-1.8	7.1	-5.9	13.0	
4.01562	-0.1	12259	11.2	12.9	-1.7	7.1	-5.8	12.9	
4.01953	-0.2	12259	11.3	12.9	-1.6	7.1	-5.8	12.9	
4.02344	-0.2	12259	11.4	12.9	-1.5	7.1	-5.8	12.9	
4.02734	-0.3	12259	11.5	12.9	-1.4	7.1	-5.8	12.9	
4.03125	-0.3	12259	11.6	12.8	-1.2	7.1	-5.7	12.8	
4.03516	-0.3	12259	11.6	12.8	-1.2	7.1	-5.7	12.8	
4.03906	-0.4	12259	11.7	12.8	-1.1	7.1	-5.7	12.8	
4.04297	-0.5	12259	11.8	12.8	-1.0	7.1	-5.7	12.8	
4.04688	-0.6	12259	11.9	12.7	-0.8	7.1	-5.6	12.7	
4.05078	-0.6	12259	12.0	12.7	-0.7	7.1	-5.6	12.7	
4.05469	-0.7	12258	12.1	12.7	-0.6	7.1	-5.6	12.7	
4.05859	-0.7	12258	12.2	12.7	-0.5	7.1	-5.6	12.7	
4.06250	-0.9	12258	12.3	12.7	-0.4	7.1	-5.6	12.7	
4.06641	-0.9	12258	12.4	12.7	-0.3	7.1	-5.6	12.7	
4.07031	-1.0	12258	12.5	12.7	-0.2	7.1	-5.6	12.7	
4.07422	-1.1	12258	12.6	12.7	-0.1	7.1	-5.6	12.7	
4.07812	-1.1	12258	12.7	12.6	0.1	7.1	-5.5	12.6	
4.08203	-1.2	12258	12.9	12.6	0.3	7.1	-5.5	12.6	
4.08594	-1.2	12258	13.0	12.6	0.4	7.1	-5.5	12.6	
4.08984	-1.2	12258	13.1	12.6	0.5	7.1	-5.5	12.6	
4.09375	-1.2	12258	13.2	12.6	0.6	7.1	-5.5	12.6	
4.09766	-1.1	12258	13.3	12.6	0.7	7.1	-5.5	12.6	
4.10156	-1.0	12258	13.4	12.5	0.9	7.1	-5.4	12.5	
4.10547	-1.0	12258	13.5	12.5	1.0	7.1	-5.4	12.5	
4.10938	-0.9	12258	13.6	12.5	1.1	7.1	-5.4	12.5	
4.11328	-0.8	12257	13.7	12.5	1.2	7.1	-5.4	12.5	
4.11719	-0.7	12257	13.8	12.5	1.3	7.1	-5.4	12.5	
4.12109	-0.6	12257	13.9	12.5	1.4	7.1	-5.4	12.5	
4.12500	-0.6	12257	14.0	12.5	1.5	7.1	-5.4	12.5	
4.12891	-0.6	12257	14.1	12.4	1.7	7.1	-5.3	12.4	
4.13281	-0.6	12257	14.2	12.4	1.8	7.1	-5.3	12.4	
4.13672	-0.7	12257	14.2	12.4	1.8	7.1	-5.3	12.4	
4.14062	-0.7	12257	14.4	12.4	2.0	7.1	-5.3	12.4	
4.14453	-0.8	12257	14.5	12.4	2.1	7.1	-5.3	12.4	
4.14844	-1.0	12257	14.6	12.4	2.2	7.1	-5.3	12.4	
4.15234	-1.1	12257	14.7	12.4	2.3	7.1	-5.3	12.4	
4.15625	-1.2	12257	14.8	12.4	2.4	7.1	-5.3	12.4	
4.16016	-1.4	12257	14.9	12.4	2.5	7.1	-5.3	12.4	
4.16406	-1.5	12257	15.0	12.4	2.6	7.1	-5.3	12.4	
4.16797	-1.6	12257	15.2	12.4	2.8	7.1	-5.3	12.4	
4.17188	-1.7	12257	15.3	12.4	2.9	7.1	-5.3	12.4	
4.17578	-1.8	12256	15.4	12.5	2.9	7.1	-5.4	12.5	
4.17969	-1.8	12256	15.6	12.5	3.1	7.1	-5.4	12.5	
4.18359	-1.7	12256	15.7	12.5	3.2	7.1	-5.4	12.5	
4.18750	-1.6	12256	15.8	12.5	3.3	7.1	-5.4	12.5	
4.19141	-1.5	12256	15.9	12.5	3.4	7.1	-5.4	12.5	
4.19531	-1.3	12256	16.0	12.5	3.5	7.1	-5.4	12.5	
4.19922	-1.1	12256	16.1	12.6	3.5	7.1	-5.5	12.6	
4.20312	-1.0	12256	16.2	12.6	3.6	7.1	-5.5	12.6	
4.20703	-0.8	12256	16.3	12.6	3.7	7.1	-5.5	12.6	
4.21094	-0.6	12256	16.4	12.7	3.7	7.1	-5.6	12.7	
4.21484	-0.4	12256	16.5	12.7	3.8	7.1	-5.6	12.7	
4.21875	-0.3	12256	16.5	12.7	3.8	7.1	-5.6	12.7	
4.22266	-0.1	12256	16.6	12.7	3.9	7.1	-5.6	12.7	
4.22656	-0.0	12256	16.6	12.8	3.8	7.1	-5.7	12.8	
4.23047	0.1	12256	16.7	12.8	3.9	7.1	-5.7	12.8	
4.23438	0.1	12256	16.7	12.8	3.9	7.1	-5.7	12.8	
4.23828	0.2	12256	16.7	12.8	3.9	7.1	-5.7	12.8	
4.24219	0.2	12256	16.8	12.9	3.9	7.1	-5.8	12.9	
4.24609	0.2	12256	16.8	12.9	3.9	7.1	-5.8	12.9	
4.25000	0.2	12256	16.8	12.9	3.9	7.1	-5.8	12.9	
4.25391	0.2	12256	16.8	12.9	3.9	7.1	-5.8	12.9	
4.25781	0.2	12256	16.9	13.0	3.9	7.1	-5.9	13.0	
4.26172	0.1	12256	16.9	13.0	3.9	7.1	-5.9	13.0	
4.26562	0.1	12256	16.9	13.0	3.9	7.1	-5.9	13.0	
4.26953	0.1	12256	17.0	13.1	3.9	7.1	-6.0	13.1	
4.27344	0.1	12256	17.0	13.1	3.9	7.1	-6.0	13.1	
4.27734	0.0	12256	17.0	13.1	3.9	7.1	-6.0	13.1	
4.28125	0.0	12256	17.1	13.1	4.0	7.1	-6.0	13.1	
4.28516	0.0	12256	17.1	13.2	3.9	7.1	-6.1	13.2	
4.28906	0.0	12256	17.1	13.2	3.9	7.1	-6.1	13.2	
4.29297	0.0	12256	17.1	13.2	3.9	7.1	-6.1	13.2	
4.29688	0.1	12256	17.2	13.3	3.9	7.1	-6.2	13.3	
4.30078	0.1	12256	17.2	13.3	3.9	7.1	-6.2	13.3	
4.30469	0.1	12256	17.2	13.3	3.9	7.1	-6.2	13.3	
4.30859	0.1	12256	17.2	13.3	3.9	7.1	-6.2	13.3	
4.31250	0.2	12256	17.2	13.4	3.8	7.1	-6.3	13.4	
4.31641	0.2	12256	17.3	13.4	3.9	7.1	-6.3	13.4	
4.32031	0.3	12256	17.3	13.4	3.9	7.1	-6.3	13.4	
4.32422	0.3	12256	17.3	13.5	3.8	7.1	-6.4	13.5	
4.32812	0.3	12256	17.3	13.5	3.8	7.1	-6.4	13.5	
4.33203	0.3	12256	17.2	13.6	3.6	7.1	-6.5	13.6	
4.33594	0.3	12256	17.2	13.6	3.6	7.1	-6.5	13.6	
4.33984	0.4	12256	17.2	13.6	3.6	7.1	-6.5	13.6	
4.34375	0.4	12256	17.2	13.6	3.6	7.1	-6.5	13.6	
4.34766	0.3	12256	17.2	13.7	3.5	7.1	-6.6	13.7	
4.35156	0.3	12256	17.2	13.7	3.5	7.1	-6.6	13.7	
4.35547	0.3	12256	17.2	13.7	3.5	7.1	-6.6	13.7	
4.35938	0.3	12256	17.2	13.8	3.4	7.1	-6.7	13.8	
4.36328	0.2	12256	17.2	13.8	3.4	7.1	-6.7	13.8	
4.36719	0.3	12256	17.2	13.8	3.4	7.1	-6.7	13.8	
4.37109	0.3	12256	17.2	13.8	3.4	7.1	-6.7	13.8	
4.37500	0.2	12256	17.2	13.9	3.3	7.1	-6.8	13.9	
4.37891	0.2	12256	17.2	13.9	3.3	7.1	-6.8	13.9	
4.38281	0.2	12256	17.2	13.9	3.3	7.1	-6.8	13.9	
4.38672	0.2	12256	17.2	13.9	3.3	7.1	-6.8	13.9	
4.39062	0.2	12256	17.2	13.9	3.3	7.1	-6.8	13.9	
4.39453	0.2	12256	17.2	13.9	3.3	7.1	-6.8	13.9	
4.39844	0.2	12256	17.2	14.0	3.2	7.1	-6.9	14.0	
4.40234	0.2	12256	17.2	14.0	3.2	7.1	-6.9	14.0	
4.40625	0.2	12256	17.2	14.0	3.2	7.1	-6.9	14.0	
4.41016	0.2	12256	17.2	14.0	3.2	7.1	-6.9	14.0	
4.41406	0.2	12256	17.2	14.0	3.2	7.1	-6.9	14.0	
4.41797	0.2	12256	17.2	14.0	3.2	7.1	-6.9	14.0	
4.42188	0.3	12256	17.2	14.0	3.2	7.1	-6.9	14.0	
4.42578	0.2	12256	17.2	14.0	3.2	7.1	-6.9	14.0	
4.42969	0.3	12256	17.2	14.0	3.2	7.1	-6.9	14.0	
4.43359	0.3	12256	17.2	14.1	3.1	7.1	-7.0	14.1	
4.43750	0.2	12256	17.3	14.1	3.2	7.1	-7.0	14.1	
4.44141	0.2	12256	17.2	14.0	3.2	7.1	-6.9	14.0	
4.44531	0.3	12256	17.2	14.1	3.1	7.1	-7.0	14.1	
4.44922	0.3	12256	17.2	14.1	3.1	7.1	-7.0	14.1	
4.45312	0.2	12256	17.2	14.1	3.1	7.1	-7.0	14.1	
4.45703	0.2	12256	17.2	14.1	3.1	7.1	-7.0	14.1	
4.46094	0.2	12256	17.2	14.1	3.1	7.1	-7.0	14.1	
4.46484	0.2	12256	17.2	14.1	3.1	7.1	-7.0	14.1	
4.46875	0.2	12256	17.2	14.1	3.1	7.1	-7.0	14.1	
4.47266	0.2	12256	17.2	14.1	3.1	7.1	-7.0	14.1	
4.47656	0.2	12256	17.2	14.1	3.1	7.1	-7.0	14.1	
4.48047	0.2	12256	17.3	14.1	3.2	7.1	-7.0	14.1	
4.48438	0.2	12256	17.3	14.1	3.2	7.1	-7.0	14.1	
4.48828	0.1	12256	17.3	14.1	3.2	7.1	-7.0	14.1	
4.49219	0.2	12256	17.3	14.1	3.2	7.1	-7.0	14.1	
4.49609	0.2	12256	17.3	14.1	3.2	7.1	-7.0	14.1	
4.50000	0.2	12256	17.3	14.2	3.1	7.1	-7.1	14.2	
4.50391	0.1	12257	17.3	14.2	3.1	7.1	-7.1	14.2	
4.50781	0.1	12257	17.4	14.2	3.2	7.1	-7.1	14.2	
4.51172	0.2	12257	17.4	14.2	3.2	7.1	-7.1	14.2	
4.51562	0.2	12257	17.4	14.2	3.2	7.1	-7.1	14.2	
4.51953	0.2	12257	17.4	14.2	3.2	7.1	-7.1	14.2	
4.52344	0.2	12257	17.4	14.2	3.2	7.1	-7.1	14.2	
4.52734	0.2	12257	17.5	14.2	3.3	7.1	-7.1	14.2	
4.53125	0.2	12257	17.5	14.2	3.3	7.1	-7.1	14.2	
4.53516	0.2	12257	17.5	14.2	3.3	7.1	-7.1	14.2	
4.53906	0.2	12257	17.5	14.2	3.3	7.1	-7.1	14.2	
4.54297	0.2	12257	17.6	14.2	3.4	7.1	-7.1	14.2	
4.54688	0.2	12257	17.6	14.2	3.4	7.1	-7.1	14.2	
4.55078	0.2	12257	17.6	14.3	3.3	7.1	-7.2	14.3	
4.55469	0.2	12257	17.6	14.3	3.3	7.1	-7.2	14.3	
4.55859	0.2	12257	17.6	14.3	3.3	7.1	-7.2	14.3	
4.56250	0.2	12257	17.6	14.3	3.3	7.1	-7.2	14.3	
4.56641	0.2	12257	17.6	14.3	3.3	7.1	-7.2	14.3	
4.57031	0.2	12257	17.6	14.4	3.2	7.1	-7.3	14.4	
4.57422	0.2	12257	17.7	14.4	3.3	7.1	-7.3	14.4	
4.57812	0.1	12257	17.7	14.4	3.3	7.1	-7.3	14.4	
4.58203	0.1	12257	17.7	14.4	3.3	7.1	-7.3	14.4	
4.58594	0.1	12257	17.7	14.4	3.3	7.1	-7.3	14.4	
4.58984	0.1	12257	17.8	14.4	3.4	7.1	-7.3	14.4	
4.59375	0.1	12257	17.8	14.5	3.3	7.1	-7.4	14.5	
4.59766	0.2	12257	17.8	14.5	3.3	7.1	-7.4	14.5	
4.60156	0.1	12257	17.8	14.5	3.3	7.1	-7.4	14.5	
4.60547	0.1	12257	17.9	14.5	3.4	7.1	-7.4	14.5	
4.60938	0.1	12257	17.9	14.6	3.3	7.1	-7.5	14.6	
4.61328	0.1	12257	17.9	14.6	3.3	7.1	-7.5	14.6	
4.61719	0.1	12257	18.0	14.6	3.4	7.1	-7.5	14.6	
4.62109	0.1	12257	18.0	14.6	3.4	7.1	-7.5	14.6	
4.62500	0.1	12257	18.0	14.6	3.4	7.1	-7.5	14.6	
4.62891	0.1	12257	18.1	14.7	3.4	7.1	-7.6	14.7	
4.63281	0.1	12257	18.1	14.7	3.4	7.1	-7.6	14.7	
4.63672	0.1	12257	18.1	14.7	3.4	7.1	-7.6	14.7	
4.64062	0.1	12257	18.1	14.7	3.4	7.1	-7.6	14.7	
4.64453	0.1	12257	18.2	14.7	3.5	7.1	-7.6	14.7	
4.64844	0.1	12257	18.2	14.7	3.5	7.1	-7.6	14.7	
4.65234	0.1	12257	18.2	14.7	3.5	7.1	-7.6	14.7	
4.65625	0.1	12257	18.2	14.7	3.5	7.1	-7.6	14.7	
4.66016	0.1	12257	18.3	14.7	3.6	7.1	-7.6	14.7	
4.66406	0.1	12257	18.3	14.7	3.6	7.1	-7.6	14.7	
4.66797	0.2	12257	18.3	14.7	3.6	7.1	-7.6	14.7	
4.67188	0.2	12257	18.3	14.7	3.6	7.1	-7.6	14.7	
4.67578	0.2	12257	18.3	14.7	3.6	7.1	-7.6	14.7	
4.67969	0.2	12257	18.4	14.7	3.7	7.1	-7.6	14.7	
4.68359	0.2	12257	18.4	14.7	3.7	7.1	-7.6	14.7	
4.68750	0.2	12257	18.4	14.7	3.7	7.1	-7.6	14.7	
4.69141	0.2	12257	18.4	14.7	3.7	7.1	-7.6	14.7	
4.69531	0.2	12257	18.4	14.7	3.7	7.1	-7.6	14.7	
4.69922	0.2	12257	18.4	14.7	3.7	7.1	-7.6	14.7	
4.70312	0.2	12257	18.4	14.7	3.7	7.1	-7.6	14.7	
4.70703	0.2	12257	18.4	14.7	3.7	7.1	-7.6	14.7	
4.71094	0.2	12257	18.5	14.7	3.8	7.1	-7.6	14.7	
4.71484	0.2	12257	18.5	14.7	3.8	7.1	-7.6	14.7	
4.71875	0.2	12257	18.5	14.7	3.8	7.1	-7.6	14.7	
4.72266	0.2	12257	18.5	14.8	3.7	7.1	-7.7	14.8	
4.72656	0.2	12257	18.5	14.8	3.7	7.1	-7.7	14.8	
4.73047	0.2	12257	18.5	14.8	3.7	7.1	-7.7	14.8	
4.73438	0.2	12257	18.5	14.8	3.7	7.1	-7.7	14.8	
4.73828	0.2	12257	18.6	14.8	3.8	7.1	-7.7	14.8	
4.74219	0.2	12257	18.6	14.8	3.8	7.1	-7.7	14.8	
4.74609	0.2	12257	18.6	14.9	3.7	7.1	-7.8	14.9	
4.75000	0.2	12257	18.6	14.9	3.7	7.1	-7.8	14.9	
4.75391	0.2	12257	18.6	14.9	3.7	7.1	-7.8	14.9	
4.75781	0.2	12257	18.6	14.9	3.7	7.1	-7.8	14.9	
4.76172	0.2	12257	18.6	14.9	3.7	7.1	-7.8	14.9	
4.76562	0.2	12257	18.7	15.0	3.7	7.1	-7.9	15.0	
4.76953	0.2	12257	18.7	15.0	3.7	7.1	-7.9	15.0	
4.77344	0.2	12257	18.7	15.0	3.7	7.1	-7.9	15.0	
4.77734	0.2	12257	18.7	15.0	3.7	7.1	-7.9	15.0	
4.78125	0.2	12257	18.7	15.0	3.7	7.1	-7.9	15.0	
4.78516	0.2	12257	18.7	15.1	3.6	7.1	-8.0	15.1	
4.78906	0.2	12257	18.8	15.1	3.7	7.1	-8.0	15.1	
4.79297	0.2	12257	18.8	15.1	3.7	7.1	-8.0	15.1	
4.79688	0.2	12257	18.8	15.1	3.7	7.1	-8.0	15.1	
4.80078	0.2	12257	18.8	15.1	3.7	7.1	-8.0	15.1	
4.80469	0.2	12257	18.8	15.1	3.7	7.1	-8.0	15.1	
4.80859	0.3	12257	18.8	15.1	3.7	7.1	-8.0	15.1	
4.81250	0.2	12257	18.8	15.1	3.7	7.1	-8.0	15.1	
4.81641	0.3	12257	18.8	15.1	3.7	7.1	-8.0	15.1	
4.82031	0.3	12257	18.8	15.1	3.7	7.1	-8.0	15.1	
4.82422	0.3	12257	18.8	15.1	3.7	7.1	-8.0	15.1	
4.82812	0.3	12257	18.8	15.1	3.7	7.1	-8.0	15.1	
4.83203	0.3	12257	18.8	15.2	3.6	7.1	-8.1	15.2	
4.83594	0.2	12257	18.8	15.2	3.6	7.1	-8.1	15.2	
4.83984	0.2	12258	18.8	15.1	3.7	7.1	-8.0	15.1	
4.84375	0.2	12258	18.8	15.2	3.6	7.1	-8.1	15.2	
4.84766	0.1	12258	18.8	15.2	3.6	7.1	-8.1	15.2	
4.85156	0.1	12258	18.8	15.2	3.6	7.1	-8.1	15.2	
4.85547	-0.0	12258	18.9	15.2	3.7	7.1	-8.1	15.2	
4.85938	-0.1	12258	18.9	15.2	3.7	7.1	-8.1	15.2	
4.86328	-0.2	12258	18.9	15.2	3.7	7.1	-8.1	15.2	
4.86719	-0.3	12257	19.0	15.2	3.8	7.1	-8.1	15.2	
4.87109	-0.4	12257	19.1	15.2	3.9	7.1	-8.1	15.2	
4.87500	-0.4	12257	19.1	15.2	3.9	7.1	-8.1	15.2	
4.87891	-0.5	12257	19.2	15.2	4.0	7.1	-8.1	15.2	
4.88281	-0.5	12257	19.3	15.2	4.1	7.1	-8.1	15.2	
4.88672	-0.5	12257	19.3	15.2	4.1	7.1	-8.1	15.2	
4.89062	-0.5	12257	19.4	15.2	4.2	7.1	-8.1	15.2	
4.89453	-0.4	12257	19.5	15.2	4.3	7.1	-8.1	15.2	
4.89844	-0.3	12257	19.5	15.3	4.2	7.1	-8.2	15.3	
4.90234	-0.2	12257	19.6	15.3	4.3	7.1	-8.2	15.3	
4.90625	-0.1	12257	19.6	15.3	4.3	7.1	-8.2	15.3	
4.91016	-0.0	12257	19.7	15.3	4.4	7.1	-8.2	15.3	
4.91406	0.1	12257	19.7	15.3	4.4	7.1	-8.2	15.3	
4.91797	0.2	12257	19.7	15.3	4.4	7.1	-8.2	15.3	
4.92188	0.2	12257	19.7	15.3	4.4	7.1	-8.2	15.3	
4.92578	0.3	12257	19.7	15.3	4.4	7.1	-8.2	15.3	
4.92969	0.4	12257	19.7	15.4	4.3	7.1	-8.3	15.4	
4.93359	0.4	12257	19.7	15.4	4.3	7.1	-8.3	15.4	
4.93750	0.4	12257	19.7	15.4	4.3	7.1	-8.3	15.4	
4.94141	0.5	12257	19.6	15.4	4.2	7.1	-8.3	15.4	
4.94531	0.4	12257	19.6	15.4	4.2	7.1	-8.3	15.4	
4.94922	0.4	12257	19.6	15.4	4.2	7.1	-8.3	15.4	
4.95312	0.4	12257	19.6	15.4	4.2	7.1	-8.3	15.4	
4.95703	0.4	12258	19.5	15.5	4.0	7.1	-8.4	15.5	
4.96094	0.3	12258	19.5	15.5	4.0	7.1	-8.4	15.5	
4.96484	0.3	12258	19.5	15.5	4.0	7.1	-8.4	15.5	
4.96875	0.2	12258	19.5	15.5	4.0	7.1	-8.4	15.5	
4.97266	0.2	12258	19.5	15.5	4.0	7.1	-8.4	15.5	
4.97656	0.2	12258	19.5	15.5	4.0	7.1	-8.4	15.5	
4.98047	0.2	12258	19.5	15.5	4.0	7.1	-8.4	15.5	
4.98438	0.2	12258	19.5	15.5	4.0	7.1	-8.4	15.5	
4.98828	0.2	12258	19.5	15.6	3.9	7.1	-8.5	15.6	
4.99219	0.1	12258	19.5	15.6	3.9	7.1	-8.5	15.6	
4.99609	0.1	12258	19.5	15.6	3.9	7.1	-8.5	15.6	
5.00000	0.1	12258	19.6	15.6	4.0	7.1	-8.5	15.6	
5.00391	0.1	12258	19.6	15.6	4.0	7.1	-8.5	15.6	
5.00781	0.2	12258	19.6	15.6	4.0	7.1	-8.5	15.6	
5.01172	0.2	12258	19.6	15.6	4.0	7.1	-8.5	15.6	
5.01562	0.2	12258	19.6	15.7	3.9	7.1	-8.6	15.7	
5.01953	0.2	12258	19.6	15.7	3.9	7.1	-8.6	15.7	
5.02344	0.2	12258	19.7	15.7	4.0	7.1	-8.6	15.7	
5.02734	0.2	12258	19.7	15.7	4.0	7.1	-8.6	15.7	
5.03125	0.3	12258	19.6	15.8	3.8	7.1	-8.7	15.8	
5.03516	0.3	12258	19.7	15.8	3.9	7.1	-8.7	15.8	
5.03906	0.3	12258	19.6	15.8	3.8	7.1	-8.7	15.8	
5.04297	0.3	12258	19.6	15.8	3.8	7.1	-8.7	15.8	
5.04688	0.3	12258	19.6	15.8	3.8	7.1	-8.7	15.8	
5.05078	0.3	12258	19.6	15.8	3.8	7.1	-8.7	15.8	
5.05469	0.3	12258	19.6	15.9	3.7	7.1	-8.8	15.9	
5.05859	0.3	12258	19.6	15.9	3.7	7.1	-8.8	15.9	
5.06250	0.3	12258	19.5	15.9	3.6	7.1	-8.8	15.9	
5.06641	0.3	12258	19.5	15.9	3.6	7.1	-8.8	15.9	
5.07031	0.4	12258	19.5	15.9	3.6	7.1	-8.8	15.9	
5.07422	0.3	12258	19.5	15.9	3.6	7.1	-8.8	15.9	
5.07812	0.3	12258	19.5	16.0	3.5	7.1	-8.9	16.0	
5.08203	0.3	12258	19.5	16.0	3.5	7.1	-8.9	16.0	
5.08594	0.3	12258	19.4	16.0	3.4	7.1	-8.9	16.0	
5.08984	0.3	12258	19.4	16.0	3.4	7.1	-8.9	16.0	
5.09375	0.3	12258	19.4	16.0	3.4	7.1	-8.9	16.0	
5.09766	0.2	12258	19.4	16.0	3.4	7.1	-8.9	16.0	
5.10156	0.2	12258	19.4	16.0	3.4	7.1	-8.9	16.0	
5.10547	0.2	12258	19.4	16.1	3.3	7.1	-9.0	16.1	
5.10938	0.2	12258	19.4	16.1	3.3	7.1	-9.0	16.1	
5.11328	0.2	12258	19.4	16.1	3.3	7.1	-9.0	16.1	
5.11719	0.2	12258	19.4	16.1	3.3	7.1	-9.0	16.1	
5.12109	0.2	12258	19.5	16.1	3.4	7.1	-9.0	16.1	
5.12500	0.3	12258	19.5	16.1	3.4	7.1	-9.0	16.1	
5.12891	0.3	12258	19.4	16.1	3.3	7.1	-9.0	16.1	
5.13281	0.2	12258	19.4	16.1	3.3	7.1	-9.0	16.1	
5.13672	0.2	12258	19.4	16.1	3.3	7.1	-9.0	16.1	
5.14062	0.3	12258	19.4	16.1	3.3	7.1	-9.0	16.1	
5.14453	0.3	12258	19.4	16.1	3.3	7.1	-9.0	16.1	
5.14844	0.3	12258	19.4	16.1	3.3	7.1	-9.0	16.1	
5.15234	0.3	12258	19.4	16.1	3.3	7.1	-9.0	16.1	
5.15625	0.3	12258	19.4	16.1	3.3	7.1	-9.0	16.1	
5.16016	0.3	12258	19.4	16.1	3.3	7.1	-9.0	16.1	
5.16406	0.3	12258	19.4	16.1	3.3	7.1	-9.0	16.1	
5.16797	0.3	12258	19.4	16.1	3.3	7.1	-9.0	16.1	
5.17188	0.3	12258	19.4	16.1	3.3	7.1	-9.0	16.1	
5.17578	0.2	12258	19.4	16.1	3.3	7.1	-9.0	16.1	
5.17969	0.2	12258	19.3	16.1	3.2	7.1	-9.0	16.1	
5.18359	0.2	12258	19.3	16.1	3.2	7.1	-9.0	16.1	
5.18750	0.3	12258	19.4	16.2	3.2	7.1	-9.1	16.2	
5.19141	0.2	12258	19.3	16.1	3.2	7.1	-9.0	16.1	
5.19531	0.2	12258	19.4	16.1	3.3	7.1	-9.0	16.1	
5.19922	0.2	12259	19.4	16.1	3.3	7.1	-9.0	16.1	
5.20312	0.2	12259	19.4	16.1	3.3	7.1	-9.0	16.1	
5.20703	0.2	12259	19.4	16.2	3.2	7.1	-9.1	16.2	
5.21094	0.1	12259	19.4	16.2	3.2	7.1	-9.1	16.2	
5.21484	0.1	12259	19.4	16.2	3.2	7.1	-9.1	16.2	
5.21875	0.2	12259	19.4	16.2	3.2	7.1	-9.1	16.2	
5.22266	0.2	12259	19.5	16.2	3.3	7.1	-9.1	16.2	
5.22656	0.2	12259	19.5	16.2	3.3	7.1	-9.1	16.2	
5.23047	0.1	12259	19.5	16.2	3.3	7.1	-9.1	16.2	
5.23438	0.1	12259	19.5	16.2	3.3	7.1	-9.1	16.2	
5.23828	0.2	12259	19.6	16.2	3.4	7.1	-9.1	16.2	
5.24219	0.2	12259	19.6	16.2	3.4	7.1	-9.1	16.2	
5.24609	0.2	12259	19.6	16.2	3.4	7.1	-9.1	16.2	
5.25000	0.2	12259	19.6	16.2	3.4	7.1	-9.1	16.2	
5.25391	0.2	12259	19.7	16.2	3.5	7.1	-9.1	16.2	
5.25781	0.1	12259	19.7	16.2	3.5	7.1	-9.1	16.2	
5.26172	0.2	12259	19.7	16.2	3.5	7.1	-9.1	16.2	
5.26562	0.2	12259	19.7	16.2	3.5	7.1	-9.1	16.2	
5.26953	0.2	12259	19.7	16.2	3.5	7.1	-9.1	16.2	
5.27344	0.2	12259	19.8	16.2	3.6	7.1	-9.1	16.2	
5.27734	0.2	12259	19.8	16.2	3.6	7.1	-9.1	16.2	
5.28125	0.2	12259	19.8	16.3	3.5	7.1	-9.2	16.3	
5.28516	0.2	12259	19.8	16.3	3.5	7.1	-9.2	16.3	
5.28906	0.2	12259	19.9	16.3	3.6	7.1	-9.2	16.3	
5.29297	0.3	12259	19.9	16.3	3.6	7.1	-9.2	16.3	
5.29688	0.4	12259	20.0	16.3	3.7	7.1	-9.2	16.3	
5.30078	0.6	12259	20.1	16.4	3.7	7.1	-9.3	16.4	
5.30469	1.0	12259	20.3	16.4	3.9	7.1	-9.3	16.4	
