FluxView - FluxMed acquisition system
Signal file
Serial Number	:
W version:	1.20h-OX-CO2	File version:	1.13
Sampling rate:	256 Hz
Time	Flow	Volume	Paw	Pes	Ptpulm	Pga	Ptdiaf	CO2	
0.00391	-0.4	-55947	16.4	16.5	-0.1	0.0	-16.5	0.0	
0.00781	-0.6	-55947	16.4	16.5	-0.1	0.0	-16.5	0.0	
0.01172	-0.4	-55947	16.4	16.5	-0.1	0.0	-16.5	0.0	
0.01562	-0.3	-55948	16.3	16.4	-0.1	0.0	-16.4	0.0	
0.01953	-0.2	-55948	16.2	16.4	-0.2	0.0	-16.4	0.0	
0.02344	-0.1	-55948	16.3	16.4	-0.1	0.0	-16.4	0.0	
0.02734	-0.3	-55948	16.4	16.4	0.0	0.0	-16.4	0.0	
0.03125	-0.4	-55948	16.3	16.4	-0.1	0.0	-16.4	0.0	
0.03516	-0.4	-55948	16.2	16.4	-0.2	0.0	-16.4	0.0	
0.03906	-0.5	-55948	16.2	16.4	-0.2	0.0	-16.4	0.0	
0.04297	-0.6	-55948	16.2	16.4	-0.2	0.0	-16.4	0.0	
0.04688	-0.5	-55948	16.2	16.4	-0.2	0.0	-16.4	0.0	
0.05078	-0.5	-55948	16.2	16.4	-0.2	0.0	-16.4	0.0	
0.05469	-0.6	-55948	16.1	16.4	-0.3	0.0	-16.4	0.0	
0.05859	-0.6	-55948	16.1	16.3	-0.2	0.0	-16.3	0.0	
0.06250	-0.6	-55948	16.2	16.3	-0.1	0.0	-16.3	0.0	
0.06641	-0.7	-55948	16.2	16.3	-0.1	0.0	-16.3	0.0	
0.07031	-0.5	-55948	16.2	16.3	-0.1	0.0	-16.3	0.0	
0.07422	-0.4	-55948	16.2	16.2	0.0	0.0	-16.2	0.0	
0.07812	-0.5	-55948	16.1	16.3	-0.2	0.0	-16.3	0.0	
0.08203	-0.4	-55948	16.2	16.3	-0.1	0.0	-16.3	0.0	
0.08594	-0.4	-55948	16.2	16.3	-0.1	0.0	-16.3	0.0	
0.08984	-0.5	-55948	16.2	16.2	0.0	0.0	-16.2	0.0	
0.09375	-0.6	-55948	16.2	16.3	-0.1	0.0	-16.3	0.0	
0.09766	-0.6	-55948	16.2	16.2	0.0	0.0	-16.2	0.0	
0.10156	-0.5	-55948	16.1	16.2	-0.1	0.0	-16.2	0.0	
0.10547	-0.6	-55948	16.2	16.2	0.0	0.0	-16.2	0.0	
0.10938	-0.6	-55948	16.3	16.2	0.1	0.0	-16.2	0.0	
0.11328	-0.6	-55948	16.3	16.2	0.1	0.0	-16.2	0.0	
0.11719	-0.6	-55948	16.2	16.2	0.0	0.0	-16.2	0.0	
0.12109	-0.5	-55948	16.3	16.2	0.1	0.0	-16.2	0.0	
0.12500	-0.4	-55948	16.3	16.2	0.1	0.0	-16.2	0.0	
0.12891	-0.5	-55948	16.2	16.2	0.0	0.0	-16.2	0.0	
0.13281	-0.5	-55948	16.3	16.2	0.1	0.0	-16.2	0.0	
0.13672	-0.5	-55948	16.3	16.2	0.1	0.0	-16.2	0.0	
0.14062	-0.6	-55949	16.3	16.2	0.1	0.0	-16.2	0.0	
0.14453	-0.6	-55949	16.3	16.2	0.1	0.0	-16.2	0.0	
0.14844	-0.5	-55949	16.3	16.2	0.1	0.0	-16.2	0.0	
0.15234	-0.6	-55949	16.3	16.2	0.1	0.0	-16.2	0.0	
0.15625	-0.5	-55949	16.3	16.2	0.1	0.0	-16.2	0.0	
0.16016	-0.5	-55949	16.3	16.2	0.1	0.0	-16.2	0.0	
0.16406	-0.5	-55949	16.3	16.2	0.1	0.0	-16.2	0.0	
0.16797	-0.5	-55949	16.4	16.2	0.2	0.0	-16.2	0.0	
0.17188	-0.5	-55949	16.3	16.3	0.0	0.0	-16.3	0.0	
0.17578	-0.5	-55949	16.3	16.3	0.0	0.0	-16.3	0.0	
0.17969	-0.6	-55949	16.3	16.2	0.1	0.0	-16.2	0.0	
0.18359	-0.6	-55949	16.4	16.3	0.1	0.0	-16.3	0.0	
0.18750	-0.4	-55949	16.3	16.3	0.0	0.0	-16.3	0.0	
0.19141	-0.5	-55949	16.3	16.2	0.1	0.0	-16.2	0.0	
0.19531	-0.6	-55949	16.4	16.3	0.1	0.0	-16.3	0.0	
0.19922	-0.6	-55949	16.4	16.3	0.1	0.0	-16.3	0.0	
0.20312	-0.6	-55949	16.3	16.3	0.0	0.0	-16.3	0.0	
0.20703	-0.5	-55949	16.4	16.3	0.1	0.0	-16.3	0.0	
0.21094	-0.5	-55949	16.4	16.4	0.0	0.0	-16.4	0.0	
0.21484	-0.6	-55949	16.5	16.3	0.2	0.0	-16.3	0.0	
0.21875	-0.6	-55949	16.5	16.4	0.1	0.0	-16.4	0.0	
0.22266	-0.5	-55949	16.4	16.4	0.0	0.0	-16.4	0.0	
0.22656	-0.5	-55949	16.4	16.4	0.0	0.0	-16.4	0.0	
0.23047	-0.4	-55949	16.4	16.4	0.0	0.0	-16.4	0.0	
0.23438	-0.5	-55949	16.5	16.4	0.1	0.0	-16.4	0.0	
0.23828	-0.6	-55949	16.5	16.4	0.1	0.0	-16.4	0.0	
0.24219	-0.6	-55949	16.5	16.5	0.0	0.0	-16.5	0.0	
0.24609	-0.6	-55949	16.5	16.5	0.0	0.0	-16.5	0.0	
0.25000	-0.5	-55950	16.5	16.5	0.0	0.0	-16.5	0.0	
0.25391	-0.5	-55950	16.5	16.5	0.0	0.0	-16.5	0.0	
0.25781	-0.6	-55950	16.5	16.5	0.0	0.0	-16.5	0.0	
0.26172	-0.4	-55950	16.5	16.6	-0.1	0.0	-16.6	0.0	
0.26562	-0.5	-55950	16.6	16.6	0.0	0.0	-16.6	0.0	
0.26953	-0.6	-55950	16.6	16.5	0.1	0.0	-16.5	0.0	
0.27344	-0.5	-55950	16.5	16.6	-0.1	0.0	-16.6	0.0	
0.27734	-0.6	-55950	16.6	16.6	0.0	0.0	-16.6	0.0	
0.28125	-0.6	-55950	16.5	16.6	-0.1	0.0	-16.6	0.0	
0.28516	-0.5	-55950	16.6	16.6	0.0	0.0	-16.6	0.0	
0.28906	-0.5	-55950	16.6	16.7	-0.1	0.0	-16.7	0.0	
0.29297	-0.6	-55950	16.6	16.6	0.0	0.0	-16.6	0.0	
0.29688	-0.5	-55950	16.6	16.6	0.0	0.0	-16.6	0.0	
0.30078	-0.4	-55950	16.7	16.7	0.0	0.0	-16.7	0.0	
0.30469	-0.5	-55950	16.6	16.7	-0.1	0.0	-16.7	0.0	
0.30859	-0.5	-55950	16.7	16.7	0.0	0.0	-16.7	0.0	
0.31250	-0.4	-55950	16.7	16.8	-0.1	0.0	-16.8	0.0	
0.31641	-0.5	-55950	16.6	16.7	-0.1	0.0	-16.7	0.0	
0.32031	-0.5	-55950	16.6	16.8	-0.2	0.0	-16.8	0.0	
0.32422	-0.4	-55950	16.7	16.8	-0.1	0.0	-16.8	0.0	
0.32812	-0.5	-55950	16.6	16.8	-0.2	0.0	-16.8	0.0	
0.33203	-0.5	-55950	16.7	16.8	-0.1	0.0	-16.8	0.0	
0.33594	-0.4	-55950	16.7	16.8	-0.1	0.0	-16.8	0.0	
0.33984	-0.4	-55950	16.7	16.8	-0.1	0.0	-16.8	0.0	
0.34375	-0.5	-55950	16.6	16.9	-0.3	0.0	-16.9	0.0	
0.34766	-0.4	-55950	16.7	16.9	-0.2	0.0	-16.9	0.0	
0.35156	-0.4	-55950	16.7	16.9	-0.2	0.0	-16.9	0.0	
0.35547	-0.5	-55950	16.7	16.9	-0.2	0.0	-16.9	0.0	
0.35938	-0.5	-55950	16.7	17.0	-0.3	0.0	-17.0	0.0	
0.36328	-0.3	-55950	16.7	16.9	-0.2	0.0	-16.9	0.0	
0.36719	-0.5	-55950	16.6	16.9	-0.3	0.0	-16.9	0.0	
0.37109	-0.5	-55950	16.7	16.9	-0.2	0.0	-16.9	0.0	
0.37500	-0.3	-55951	16.7	17.0	-0.3	0.0	-17.0	0.0	
0.37891	-0.4	-55951	16.7	17.0	-0.3	0.0	-17.0	0.0	
0.38281	-0.5	-55951	16.7	16.9	-0.2	0.0	-16.9	0.0	
0.38672	-0.4	-55951	16.7	17.0	-0.3	0.0	-17.0	0.0	
0.39062	-0.5	-55951	16.6	17.0	-0.4	0.0	-17.0	0.0	
0.39453	-0.5	-55951	16.7	17.0	-0.3	0.0	-17.0	0.0	
0.39844	-0.4	-55951	16.7	17.0	-0.3	0.0	-17.0	0.0	
0.40234	-0.4	-55951	16.7	17.0	-0.3	0.0	-17.0	0.0	
0.40625	-0.3	-55951	16.7	17.0	-0.3	0.0	-17.0	0.0	
0.41016	-0.2	-55951	16.7	17.0	-0.3	0.0	-17.0	0.0	
0.41406	-0.4	-55951	16.7	17.1	-0.4	0.0	-17.1	0.0	
0.41797	-0.5	-55951	16.7	17.2	-0.5	0.0	-17.2	0.0	
0.42188	-0.4	-55951	16.7	17.2	-0.5	0.0	-17.2	0.0	
0.42578	-0.4	-55951	16.6	17.2	-0.6	0.0	-17.2	0.0	
0.42969	-0.4	-55951	16.6	17.2	-0.6	0.0	-17.2	0.0	
0.43359	-0.3	-55951	16.7	17.3	-0.6	0.0	-17.3	0.0	
0.43750	-0.4	-55951	16.7	17.3	-0.6	0.0	-17.3	0.0	
0.44141	-0.4	-55951	16.6	17.3	-0.7	0.0	-17.3	0.0	
0.44531	-0.5	-55951	16.7	17.3	-0.6	0.0	-17.3	0.0	
0.44922	-0.4	-55951	16.7	17.3	-0.6	0.0	-17.3	0.0	
0.45312	-0.5	-55951	16.7	17.4	-0.7	0.0	-17.4	0.0	
0.45703	-0.5	-55951	16.7	17.4	-0.7	0.0	-17.4	0.0	
0.46094	-0.3	-55951	16.7	17.4	-0.7	0.0	-17.4	0.0	
0.46484	-0.3	-55951	16.7	17.4	-0.7	0.0	-17.4	0.0	
0.46875	-0.6	-55951	16.7	17.4	-0.7	0.0	-17.4	0.0	
0.47266	-0.5	-55951	16.7	17.3	-0.6	0.0	-17.3	0.0	
0.47656	-0.4	-55951	16.7	17.3	-0.6	0.0	-17.3	0.0	
0.48047	-0.4	-55951	16.7	17.3	-0.6	0.0	-17.3	0.0	
0.48438	-0.4	-55951	16.7	17.3	-0.6	0.0	-17.3	0.0	
0.48828	-0.4	-55951	16.7	17.3	-0.6	0.0	-17.3	0.0	
0.49219	-0.6	-55951	16.7	17.3	-0.6	0.0	-17.3	0.0	
0.49609	-0.6	-55951	16.8	17.3	-0.5	0.0	-17.3	0.0	
0.50000	-0.5	-55951	16.8	17.3	-0.5	0.0	-17.3	0.0	
0.50391	-0.6	-55951	16.7	17.3	-0.6	0.0	-17.3	0.0	
0.50781	-0.5	-55951	16.8	17.3	-0.5	0.0	-17.3	0.0	
0.51172	-0.3	-55951	16.8	17.3	-0.5	0.0	-17.3	0.0	
0.51562	-0.5	-55952	16.8	17.3	-0.5	0.0	-17.3	0.0	
0.51953	-0.6	-55952	16.8	17.2	-0.4	0.0	-17.2	0.0	
0.52344	-0.4	-55952	16.9	17.3	-0.4	0.0	-17.3	0.0	
0.52734	-0.4	-55952	16.9	17.3	-0.4	0.0	-17.3	0.0	
0.53125	-0.5	-55952	16.9	17.2	-0.3	0.0	-17.2	0.0	
0.53516	-0.5	-55952	16.9	17.2	-0.3	0.0	-17.2	0.0	
0.53906	-0.5	-55952	16.9	17.3	-0.4	0.0	-17.3	0.0	
0.54297	-0.5	-55952	16.9	17.3	-0.4	0.0	-17.3	0.0	
0.54688	-0.5	-55952	16.9	17.3	-0.4	0.0	-17.3	0.0	
0.55078	-0.4	-55952	16.9	17.2	-0.3	0.0	-17.2	0.0	
0.55469	-0.4	-55952	16.9	17.2	-0.3	0.0	-17.2	0.0	
0.55859	-0.4	-55952	16.9	17.2	-0.3	0.0	-17.2	0.0	
0.56250	-0.3	-55952	16.9	17.2	-0.3	0.0	-17.2	0.0	
0.56641	-0.3	-55952	16.9	17.1	-0.2	0.0	-17.1	0.0	
0.57031	-0.3	-55952	16.9	17.1	-0.2	0.0	-17.1	0.0	
0.57422	-0.3	-55952	16.9	17.1	-0.2	0.0	-17.1	0.0	
0.57812	-0.3	-55952	16.9	17.1	-0.2	0.0	-17.1	0.0	
0.58203	-0.2	-55952	16.8	17.0	-0.2	0.0	-17.0	0.0	
0.58594	-0.2	-55952	16.8	17.0	-0.2	0.0	-17.0	0.0	
0.58984	-0.2	-55952	16.8	17.0	-0.2	0.0	-17.0	0.0	
0.59375	-0.1	-55952	16.8	16.9	-0.1	0.0	-16.9	0.0	
0.59766	-0.2	-55952	16.8	16.9	-0.1	0.0	-16.9	0.0	
0.60156	-0.3	-55952	16.8	16.9	-0.1	0.0	-16.9	0.0	
0.60547	-0.3	-55952	16.8	16.9	-0.1	0.0	-16.9	0.0	
0.60938	-0.4	-55952	16.8	16.8	0.0	0.0	-16.8	0.0	
0.61328	-0.4	-55952	16.8	16.8	0.0	0.0	-16.8	0.0	
0.61719	-0.5	-55952	16.8	16.7	0.1	0.0	-16.7	0.0	
0.62109	-0.5	-55952	16.8	16.7	0.1	0.0	-16.7	0.0	
0.62500	-0.4	-55952	16.8	16.7	0.1	0.0	-16.7	0.0	
0.62891	-0.7	-55952	16.8	16.7	0.1	0.0	-16.7	0.0	
0.63281	-0.8	-55952	16.9	16.7	0.2	0.0	-16.7	0.0	
0.63672	-0.8	-55952	17.0	16.7	0.3	0.0	-16.7	0.0	
0.64062	-1.1	-55952	17.0	16.7	0.3	0.0	-16.7	0.0	
0.64453	-1.3	-55952	17.0	16.7	0.3	0.0	-16.7	0.0	
0.64844	-1.3	-55953	17.1	16.7	0.4	0.0	-16.7	0.0	
0.65234	-1.6	-55953	17.1	16.7	0.4	0.0	-16.7	0.0	
0.65625	-1.7	-55953	17.1	16.6	0.5	0.0	-16.6	0.0	
0.66016	-1.5	-55953	17.2	16.6	0.6	0.0	-16.6	0.0	
0.66406	-1.5	-55953	17.2	16.7	0.5	0.0	-16.7	0.0	
0.66797	-1.5	-55953	17.3	16.7	0.6	0.0	-16.7	0.0	
0.67188	-1.2	-55953	17.4	16.7	0.7	0.0	-16.7	0.0	
0.67578	-1.1	-55953	17.4	16.7	0.7	0.0	-16.7	0.0	
0.67969	-0.9	-55953	17.4	16.7	0.7	0.0	-16.7	0.0	
0.68359	-0.7	-55953	17.5	16.7	0.8	0.0	-16.7	0.0	
0.68750	-0.6	-55953	17.4	16.7	0.7	0.0	-16.7	0.0	
0.69141	-0.4	-55953	17.5	16.7	0.8	0.0	-16.7	0.0	
0.69531	-0.2	-55953	17.5	16.7	0.8	0.0	-16.7	0.0	
0.69922	-0.2	-55953	17.4	16.7	0.7	0.0	-16.7	0.0	
0.70312	-0.2	-55953	17.5	16.7	0.8	0.0	-16.7	0.0	
0.70703	-0.2	-55953	17.5	16.7	0.8	0.0	-16.7	0.0	
0.71094	-0.2	-55953	17.5	16.7	0.8	0.0	-16.7	0.0	
0.71484	-0.1	-55953	17.4	16.7	0.7	0.0	-16.7	0.0	
0.71875	-0.2	-55953	17.4	16.7	0.7	0.0	-16.7	0.0	
0.72266	-0.1	-55953	17.4	16.7	0.7	0.0	-16.7	0.0	
0.72656	-0.0	-55953	17.4	16.7	0.7	0.0	-16.7	0.0	
0.73047	-0.2	-55954	17.4	16.8	0.6	0.0	-16.8	0.0	
0.73438	-0.2	-55954	17.3	16.8	0.5	0.0	-16.8	0.0	
0.73828	-0.3	-55954	17.3	16.8	0.5	0.0	-16.8	0.0	
0.74219	-0.6	-55954	17.3	16.8	0.5	0.0	-16.8	0.0	
0.74609	-0.2	-55954	17.3	16.7	0.6	0.0	-16.7	0.0	
0.75000	-0.3	-55954	17.3	16.8	0.5	0.0	-16.8	0.0	
0.75391	-0.5	-55954	17.3	16.8	0.5	0.0	-16.8	0.0	
0.75781	-0.3	-55954	17.2	16.8	0.4	0.0	-16.8	0.0	
0.76172	-0.4	-55954	17.3	16.8	0.5	0.0	-16.8	0.0	
0.76562	-0.5	-55954	17.3	16.8	0.5	0.0	-16.8	0.0	
0.76953	-0.4	-55954	17.3	16.8	0.5	0.0	-16.8	0.0	
0.77344	-0.4	-55954	17.3	16.9	0.4	0.0	-16.9	0.0	
0.77734	-0.5	-55954	17.3	16.9	0.4	0.0	-16.9	0.0	
0.78125	-0.5	-55954	17.3	16.9	0.4	0.0	-16.9	0.0	
0.78516	-0.4	-55954	17.3	16.9	0.4	0.0	-16.9	0.0	
0.78906	-0.4	-55954	17.3	16.9	0.4	0.0	-16.9	0.0	
0.79297	-0.5	-55954	17.3	16.9	0.4	0.0	-16.9	0.0	
0.79688	-0.4	-55954	17.3	16.9	0.4	0.0	-16.9	0.0	
0.80078	-0.3	-55954	17.2	17.0	0.2	0.0	-17.0	0.0	
0.80469	-0.3	-55954	17.2	16.9	0.3	0.0	-16.9	0.0	
0.80859	-0.3	-55954	17.3	16.9	0.4	0.0	-16.9	0.0	
0.81250	-0.3	-55954	17.3	17.0	0.3	0.0	-17.0	0.0	
0.81641	-0.3	-55954	17.2	17.0	0.2	0.0	-17.0	0.0	
0.82031	-0.3	-55954	17.2	17.0	0.2	0.0	-17.0	0.0	
0.82422	-0.3	-55954	17.2	17.0	0.2	0.0	-17.0	0.0	
0.82812	-0.4	-55954	17.2	17.0	0.2	0.0	-17.0	0.0	
0.83203	-0.3	-55954	17.2	17.0	0.2	0.0	-17.0	0.0	
0.83594	-0.2	-55954	17.2	17.0	0.2	0.0	-17.0	0.0	
0.83984	-0.4	-55954	17.2	17.0	0.2	0.0	-17.0	0.0	
0.84375	-0.5	-55954	17.2	17.0	0.2	0.0	-17.0	0.0	
0.84766	-0.4	-55954	17.2	17.0	0.2	0.0	-17.0	0.0	
0.85156	-0.4	-55954	17.2	17.0	0.2	0.0	-17.0	0.0	
0.85547	-0.4	-55954	17.1	17.0	0.1	0.0	-17.0	0.0	
0.85938	-0.4	-55954	17.2	17.0	0.2	0.0	-17.0	0.0	
0.86328	-0.4	-55954	17.2	17.0	0.2	0.0	-17.0	0.0	
0.86719	-0.4	-55954	17.2	17.0	0.2	0.0	-17.0	0.0	
0.87109	-0.5	-55954	17.2	17.0	0.2	0.0	-17.0	0.0	
0.87500	-0.5	-55954	17.2	17.0	0.2	0.0	-17.0	0.0	
0.87891	-0.5	-55954	17.2	17.0	0.2	0.0	-17.0	0.0	
0.88281	-0.5	-55954	17.2	17.0	0.2	0.0	-17.0	0.0	
0.88672	-0.4	-55955	17.2	16.9	0.3	0.0	-16.9	0.0	
0.89062	-0.5	-55955	17.2	16.9	0.3	0.0	-16.9	0.0	
0.89453	-0.5	-55955	17.2	16.9	0.3	0.0	-16.9	0.0	
0.89844	-0.3	-55955	17.3	16.9	0.4	0.0	-16.9	0.0	
0.90234	-0.4	-55955	17.3	16.9	0.4	0.0	-16.9	0.0	
0.90625	-0.4	-55955	17.3	16.9	0.4	0.0	-16.9	0.0	
0.91016	-0.4	-55955	17.2	16.9	0.3	0.0	-16.9	0.0	
0.91406	-0.3	-55955	17.2	16.9	0.3	0.0	-16.9	0.0	
0.91797	-0.3	-55955	17.3	16.8	0.5	0.0	-16.8	0.0	
0.92188	-0.3	-55955	17.2	16.8	0.4	0.0	-16.8	0.0	
0.92578	-0.3	-55955	17.2	16.8	0.4	0.0	-16.8	0.0	
0.92969	-0.3	-55955	17.2	16.8	0.4	0.0	-16.8	0.0	
0.93359	-0.2	-55955	17.2	16.8	0.4	0.0	-16.8	0.0	
0.93750	-0.2	-55955	17.1	16.7	0.4	0.0	-16.7	0.0	
0.94141	-0.3	-55955	17.1	16.8	0.3	0.0	-16.8	0.0	
0.94531	-0.3	-55955	17.1	16.7	0.4	0.0	-16.7	0.0	
0.94922	-0.2	-55955	17.1	16.7	0.4	0.0	-16.7	0.0	
0.95312	-0.2	-55955	17.1	16.7	0.4	0.0	-16.7	0.0	
0.95703	-0.3	-55955	17.1	16.7	0.4	0.0	-16.7	0.0	
0.96094	-0.4	-55955	17.1	16.7	0.4	0.0	-16.7	0.0	
0.96484	-0.5	-55955	17.1	16.7	0.4	0.0	-16.7	0.0	
0.96875	-0.5	-55955	17.1	16.7	0.4	0.0	-16.7	0.0	
0.97266	-0.4	-55955	17.1	16.7	0.4	0.0	-16.7	0.0	
0.97656	-0.4	-55955	17.1	16.7	0.4	0.0	-16.7	0.0	
0.98047	-0.4	-55955	17.1	16.7	0.4	0.0	-16.7	0.0	
0.98438	-0.4	-55955	17.1	16.6	0.5	0.0	-16.6	0.0	
0.98828	-0.4	-55955	17.1	16.6	0.5	0.0	-16.6	0.0	
0.99219	-0.5	-55955	17.1	16.6	0.5	0.0	-16.6	0.0	
0.99609	-0.4	-55955	17.1	16.6	0.5	0.0	-16.6	0.0	
1.00000	-0.5	-55955	17.1	16.6	0.5	0.0	-16.6	0.0	
1.00391	-0.6	-55955	17.2	16.6	0.6	0.0	-16.6	0.0	
1.00781	-0.6	-55955	17.2	16.6	0.6	0.0	-16.6	0.0	
1.01172	-0.5	-55955	17.2	16.6	0.6	0.0	-16.6	0.0	
1.01562	-0.6	-55955	17.2	16.6	0.6	0.0	-16.6	0.0	
1.01953	-0.6	-55955	17.2	16.6	0.6	0.0	-16.6	0.0	
1.02344	-0.5	-55955	17.2	16.6	0.6	0.0	-16.6	0.0	
1.02734	-0.5	-55955	17.2	16.6	0.6	0.0	-16.6	0.0	
1.03125	-0.6	-55955	17.3	16.6	0.7	0.0	-16.6	0.0	
1.03516	-0.7	-55956	17.4	16.6	0.8	0.0	-16.6	0.0	
1.03906	-0.7	-55956	17.3	16.6	0.7	0.0	-16.6	0.0	
1.04297	-0.6	-55956	17.3	16.6	0.7	0.0	-16.6	0.0	
1.04688	-0.6	-55956	17.4	16.6	0.8	0.0	-16.6	0.0	
1.05078	-0.6	-55956	17.4	16.6	0.8	0.0	-16.6	0.0	
1.05469	-0.6	-55956	17.4	16.6	0.8	0.0	-16.6	0.0	
1.05859	-0.6	-55956	17.5	16.7	0.8	0.0	-16.7	0.0	
1.06250	-0.6	-55956	17.5	16.7	0.8	0.0	-16.7	0.0	
1.06641	-0.7	-55956	17.5	16.7	0.8	0.0	-16.7	0.0	
1.07031	-0.7	-55956	17.6	16.7	0.9	0.0	-16.7	0.0	
1.07422	-0.8	-55956	17.6	16.7	0.9	0.0	-16.7	0.0	
1.07812	-0.9	-55956	17.6	16.8	0.8	0.0	-16.8	0.0	
1.08203	-0.9	-55956	17.6	16.7	0.9	0.0	-16.7	0.0	
1.08594	-0.9	-55956	17.7	16.8	0.9	0.0	-16.8	0.0	
1.08984	-1.0	-55956	17.7	16.8	0.9	0.0	-16.8	0.0	
1.09375	-0.9	-55956	17.7	16.8	0.9	0.0	-16.8	0.0	
1.09766	-0.8	-55956	17.8	16.8	1.0	0.0	-16.8	0.0	
1.10156	-1.0	-55956	17.9	16.8	1.1	0.0	-16.8	0.0	
1.10547	-0.9	-55956	17.9	16.9	1.0	0.0	-16.9	0.0	
1.10938	-0.9	-55956	17.9	17.0	0.9	0.0	-17.0	0.0	
1.11328	-1.1	-55957	18.0	17.0	1.0	0.0	-17.0	0.0	
1.11719	-1.2	-55957	18.0	17.0	1.0	0.0	-17.0	0.0	
1.12109	-1.1	-55957	18.0	17.0	1.0	0.0	-17.0	0.0	
1.12500	-1.1	-55957	18.1	17.0	1.1	0.0	-17.0	0.0	
1.12891	-1.1	-55957	18.1	17.1	1.0	0.0	-17.1	0.0	
1.13281	-1.1	-55957	18.2	17.1	1.1	0.0	-17.1	0.0	
1.13672	-1.1	-55957	18.3	17.1	1.2	0.0	-17.1	0.0	
1.14062	-1.1	-55957	18.3	17.1	1.2	0.0	-17.1	0.0	
1.14453	-1.2	-55957	18.4	17.2	1.2	0.0	-17.2	0.0	
1.14844	-1.1	-55957	18.4	17.2	1.2	0.0	-17.2	0.0	
1.15234	-1.1	-55957	18.4	17.2	1.2	0.0	-17.2	0.0	
1.15625	-1.1	-55957	18.5	17.3	1.2	0.0	-17.3	0.0	
1.16016	-1.0	-55957	18.5	17.4	1.1	0.0	-17.4	0.0	
1.16406	-1.0	-55958	18.6	17.4	1.2	0.0	-17.4	0.0	
1.16797	-1.1	-55958	18.6	17.4	1.2	0.0	-17.4	0.0	
1.17188	-1.0	-55958	18.6	17.5	1.1	0.0	-17.5	0.0	
1.17578	-1.0	-55958	18.7	17.5	1.2	0.0	-17.5	0.0	
1.17969	-1.0	-55958	18.7	17.5	1.2	0.0	-17.5	0.0	
1.18359	-0.9	-55958	18.8	17.6	1.2	0.0	-17.6	0.0	
1.18750	-0.8	-55958	18.8	17.7	1.1	0.0	-17.7	0.0	
1.19141	-1.1	-55958	18.8	17.7	1.1	0.0	-17.7	0.0	
1.19531	-1.0	-55958	18.9	17.8	1.1	0.0	-17.8	0.0	
1.19922	-0.9	-55958	19.0	17.9	1.1	0.0	-17.9	0.0	
1.20312	-0.9	-55958	19.0	17.9	1.1	0.0	-17.9	0.0	
1.20703	-0.8	-55958	19.0	18.0	1.0	0.0	-18.0	0.0	
1.21094	-0.9	-55958	19.1	18.1	1.0	0.0	-18.1	0.0	
1.21484	-1.0	-55958	19.2	18.1	1.1	0.0	-18.1	0.0	
1.21875	-1.1	-55958	19.1	18.1	1.0	0.0	-18.1	0.0	
1.22266	-1.1	-55958	19.2	18.1	1.1	0.0	-18.1	0.0	
1.22656	-1.0	-55959	19.3	18.2	1.1	0.0	-18.2	0.0	
1.23047	-1.2	-55959	19.3	18.2	1.1	0.0	-18.2	0.0	
1.23438	-1.1	-55959	19.3	18.2	1.1	0.0	-18.2	0.0	
1.23828	-1.2	-55959	19.4	18.3	1.1	0.0	-18.3	0.0	
1.24219	-1.4	-55959	19.5	18.3	1.2	0.0	-18.3	0.0	
1.24609	-1.2	-55959	19.5	18.3	1.2	0.0	-18.3	0.0	
1.25000	-1.2	-55959	19.5	18.3	1.2	0.0	-18.3	0.0	
1.25391	-1.4	-55959	19.6	18.3	1.3	0.0	-18.3	0.0	
1.25781	-1.3	-55959	19.7	18.3	1.4	0.0	-18.3	0.0	
1.26172	-1.2	-55959	19.7	18.4	1.3	0.0	-18.4	0.0	
1.26562	-1.5	-55959	19.8	18.4	1.4	0.0	-18.4	0.0	
1.26953	-1.4	-55959	19.8	18.5	1.3	0.0	-18.5	0.0	
1.27344	-1.2	-55960	19.9	18.6	1.3	0.0	-18.6	0.0	
1.27734	-1.3	-55960	19.9	18.6	1.3	0.0	-18.6	0.0	
1.28125	-1.3	-55960	19.9	18.6	1.3	0.0	-18.6	0.0	
1.28516	-1.1	-55960	20.0	18.7	1.3	0.0	-18.7	0.0	
1.28906	-1.2	-55960	20.1	18.7	1.4	0.0	-18.7	0.0	
1.29297	-1.3	-55960	20.1	18.8	1.3	0.0	-18.8	0.0	
1.29688	-1.1	-55960	20.1	18.8	1.3	0.0	-18.8	0.0	
1.30078	-1.1	-55960	20.2	18.9	1.3	0.0	-18.9	0.0	
1.30469	-1.3	-55960	20.2	18.9	1.3	0.0	-18.9	0.0	
1.30859	-1.3	-55960	20.3	18.9	1.4	0.0	-18.9	0.0	
1.31250	-1.4	-55960	20.4	19.0	1.4	0.0	-19.0	0.0	
1.31641	-1.6	-55960	20.4	19.0	1.4	0.0	-19.0	0.0	
1.32031	-1.6	-55961	20.5	19.0	1.5	0.0	-19.0	0.0	
1.32422	-1.4	-55961	20.5	19.0	1.5	0.0	-19.0	0.0	
1.32812	-1.6	-55961	20.6	19.1	1.5	0.0	-19.1	0.0	
1.33203	-1.7	-55961	20.7	19.1	1.6	0.0	-19.1	0.0	
1.33594	-1.3	-55961	20.7	19.2	1.5	0.0	-19.2	0.0	
1.33984	-1.3	-55961	20.7	19.2	1.5	0.0	-19.2	0.0	
1.34375	-1.3	-55961	20.8	19.2	1.6	0.0	-19.2	0.0	
1.34766	-1.0	-55961	20.8	19.1	1.7	0.0	-19.1	0.0	
1.35156	-0.9	-55961	20.9	19.2	1.7	0.0	-19.2	0.0	
1.35547	-0.8	-55961	20.8	19.2	1.6	0.0	-19.2	0.0	
1.35938	-0.5	-55961	20.9	19.2	1.7	0.0	-19.2	0.0	
1.36328	-0.5	-55961	20.9	19.2	1.7	0.0	-19.2	0.0	
1.36719	-0.7	-55961	20.9	19.2	1.7	0.0	-19.2	0.0	
1.37109	-0.6	-55961	20.9	19.2	1.7	0.0	-19.2	0.0	
1.37500	-0.6	-55961	21.0	19.2	1.8	0.0	-19.2	0.0	
1.37891	-0.6	-55961	21.0	19.2	1.8	0.0	-19.2	0.0	
1.38281	-0.6	-55962	21.1	19.3	1.8	0.0	-19.3	0.0	
1.38672	-0.8	-55962	21.1	19.3	1.8	0.0	-19.3	0.0	
1.39062	-1.0	-55962	21.1	19.2	1.9	0.0	-19.2	0.0	
1.39453	-1.2	-55962	21.2	19.3	1.9	0.0	-19.3	0.0	
1.39844	-1.4	-55962	21.2	19.3	1.9	0.0	-19.3	0.0	
1.40234	-1.6	-55962	21.3	19.3	2.0	0.0	-19.3	0.0	
1.40625	-1.6	-55962	21.4	19.4	2.0	0.0	-19.4	0.0	
1.41016	-1.9	-55962	21.5	19.4	2.1	0.0	-19.4	0.0	
1.41406	-2.4	-55962	21.6	19.4	2.2	0.0	-19.4	0.0	
1.41797	-2.7	-55962	21.7	19.5	2.2	0.0	-19.5	0.0	
1.42188	-2.9	-55963	21.7	19.5	2.2	0.0	-19.5	0.0	
1.42578	-3.1	-55963	21.8	19.5	2.3	0.0	-19.5	0.0	
1.42969	-3.2	-55963	21.9	19.6	2.3	0.0	-19.6	0.0	
1.43359	-3.1	-55963	22.0	19.6	2.4	0.0	-19.6	0.0	
1.43750	-2.9	-55963	22.1	19.7	2.4	0.0	-19.7	0.0	
1.44141	-2.6	-55964	22.2	19.7	2.5	0.0	-19.7	0.0	
1.44531	-2.4	-55964	22.2	19.8	2.4	0.0	-19.8	0.0	
1.44922	-2.2	-55964	22.3	19.8	2.5	0.0	-19.8	0.0	
1.45312	-2.0	-55964	22.4	19.9	2.5	0.0	-19.9	0.0	
1.45703	-1.8	-55964	22.4	19.9	2.5	0.0	-19.9	0.0	
1.46094	-1.5	-55964	22.5	20.0	2.5	0.0	-20.0	0.0	
1.46484	-1.4	-55964	22.5	20.0	2.5	0.0	-20.0	0.0	
1.46875	-1.1	-55964	22.5	20.0	2.5	0.0	-20.0	0.0	
1.47266	-0.9	-55965	22.6	20.1	2.5	0.0	-20.1	0.0	
1.47656	-1.0	-55965	22.6	20.2	2.4	0.0	-20.2	0.0	
1.48047	-0.9	-55965	22.7	20.2	2.5	0.0	-20.2	0.0	
1.48438	-0.7	-55965	22.7	20.3	2.4	0.0	-20.3	0.0	
1.48828	-0.8	-55965	22.7	20.3	2.4	0.0	-20.3	0.0	
1.49219	-1.0	-55965	22.7	20.4	2.3	0.0	-20.4	0.0	
1.49609	-0.9	-55965	22.8	20.5	2.3	0.0	-20.5	0.0	
1.50000	-0.9	-55965	22.8	20.5	2.3	0.0	-20.5	0.0	
1.50391	-1.0	-55965	22.9	20.5	2.4	0.0	-20.5	0.0	
1.50781	-1.0	-55965	23.0	20.6	2.4	0.0	-20.6	0.0	
1.51172	-1.1	-55965	23.0	20.7	2.3	0.0	-20.7	0.0	
1.51562	-1.4	-55965	23.0	20.7	2.3	0.0	-20.7	0.0	
1.51953	-1.7	-55965	23.0	20.8	2.2	0.0	-20.8	0.0	
1.52344	-1.7	-55965	23.1	20.9	2.2	0.0	-20.9	0.0	
1.52734	-1.9	-55966	23.2	21.0	2.2	0.0	-21.0	0.0	
1.53125	-2.4	-55966	23.3	21.0	2.3	0.0	-21.0	0.0	
1.53516	-2.5	-55966	23.4	21.1	2.3	0.0	-21.1	0.0	
1.53906	-2.9	-55966	23.6	21.2	2.4	0.0	-21.2	0.0	
1.54297	-3.3	-55966	23.6	21.3	2.3	0.0	-21.3	0.0	
1.54688	-3.4	-55966	23.6	21.4	2.2	0.0	-21.4	0.0	
1.55078	-3.5	-55967	23.8	21.4	2.4	0.0	-21.4	0.0	
1.55469	-3.4	-55967	23.9	21.5	2.4	0.0	-21.5	0.0	
1.55859	-3.0	-55967	24.0	21.6	2.4	0.0	-21.6	0.0	
1.56250	-2.7	-55967	24.0	21.6	2.4	0.0	-21.6	0.0	
1.56641	-2.4	-55967	24.0	21.7	2.3	0.0	-21.7	0.0	
1.57031	-2.0	-55968	24.1	21.8	2.3	0.0	-21.8	0.0	
1.57422	-1.8	-55968	24.2	21.9	2.3	0.0	-21.9	0.0	
1.57812	-1.6	-55968	24.3	22.0	2.3	0.0	-22.0	0.0	
1.58203	-1.4	-55968	24.3	22.0	2.3	0.0	-22.0	0.0	
1.58594	-1.4	-55968	24.3	22.1	2.2	0.0	-22.1	0.0	
1.58984	-1.2	-55968	24.4	22.1	2.3	0.0	-22.1	0.0	
1.59375	-1.0	-55968	24.4	22.2	2.2	0.0	-22.2	0.0	
1.59766	-1.1	-55968	24.5	22.2	2.3	0.0	-22.2	0.0	
1.60156	-1.1	-55968	24.5	22.3	2.2	0.0	-22.3	0.0	
1.60547	-1.2	-55968	24.6	22.3	2.3	0.0	-22.3	0.0	
1.60938	-1.2	-55968	24.6	22.3	2.3	0.0	-22.3	0.0	
1.61328	-1.2	-55969	24.7	22.3	2.4	0.0	-22.3	0.0	
1.61719	-1.3	-55969	24.7	22.4	2.3	0.0	-22.4	0.0	
1.62109	-1.3	-55969	24.7	22.4	2.3	0.0	-22.4	0.0	
1.62500	-1.3	-55969	24.8	22.4	2.4	0.0	-22.4	0.0	
1.62891	-1.3	-55969	24.8	22.4	2.4	0.0	-22.4	0.0	
1.63281	-1.4	-55969	24.9	22.4	2.5	0.0	-22.4	0.0	
1.63672	-1.4	-55969	24.9	22.5	2.4	0.0	-22.5	0.0	
1.64062	-1.3	-55969	24.9	22.4	2.5	0.0	-22.4	0.0	
1.64453	-1.2	-55969	25.0	22.4	2.6	0.0	-22.4	0.0	
1.64844	-1.3	-55969	25.0	22.5	2.5	0.0	-22.5	0.0	
1.65234	-1.2	-55969	25.1	22.4	2.7	0.0	-22.4	0.0	
1.65625	-1.0	-55969	25.1	22.5	2.6	0.0	-22.5	0.0	
1.66016	-1.0	-55969	25.1	22.6	2.5	0.0	-22.6	0.0	
1.66406	-1.0	-55970	25.2	22.5	2.7	0.0	-22.5	0.0	
1.66797	-1.1	-55970	25.2	22.5	2.7	0.0	-22.5	0.0	
1.67188	-1.1	-55970	25.2	22.6	2.6	0.0	-22.6	0.0	
1.67578	-1.0	-55970	25.3	22.6	2.7	0.0	-22.6	0.0	
1.67969	-1.1	-55970	25.3	22.6	2.7	0.0	-22.6	0.0	
1.68359	-1.2	-55970	25.4	22.6	2.8	0.0	-22.6	0.0	
1.68750	-1.2	-55970	25.4	22.6	2.8	0.0	-22.6	0.0	
1.69141	-1.4	-55970	25.5	22.7	2.8	0.0	-22.7	0.0	
1.69531	-1.6	-55970	25.6	22.7	2.9	0.0	-22.7	0.0	
1.69922	-1.5	-55970	25.6	22.6	3.0	0.0	-22.6	0.0	
1.70312	-1.6	-55970	25.6	22.7	2.9	0.0	-22.7	0.0	
1.70703	-1.8	-55971	25.7	22.7	3.0	0.0	-22.7	0.0	
1.71094	-1.8	-55971	25.8	22.7	3.1	0.0	-22.7	0.0	
1.71484	-1.9	-55971	25.8	22.8	3.0	0.0	-22.8	0.0	
1.71875	-1.9	-55971	25.9	22.8	3.1	0.0	-22.8	0.0	
1.72266	-1.6	-55971	25.9	22.8	3.1	0.0	-22.8	0.0	
1.72656	-1.6	-55971	26.0	22.9	3.1	0.0	-22.9	0.0	
1.73047	-1.6	-55971	26.0	22.9	3.1	0.0	-22.9	0.0	
1.73438	-1.5	-55971	26.1	22.9	3.2	0.0	-22.9	0.0	
1.73828	-1.4	-55971	26.1	22.9	3.2	0.0	-22.9	0.0	
1.74219	-1.3	-55971	26.1	22.9	3.2	0.0	-22.9	0.0	
1.74609	-1.2	-55972	26.2	23.0	3.2	0.0	-23.0	0.0	
1.75000	-1.1	-55972	26.2	23.0	3.2	0.0	-23.0	0.0	
1.75391	-0.9	-55972	26.2	23.1	3.1	0.0	-23.1	0.0	
1.75781	-0.8	-55972	26.3	23.1	3.2	0.0	-23.1	0.0	
1.76172	-0.6	-55972	26.3	23.1	3.2	0.0	-23.1	0.0	
1.76562	-0.7	-55972	26.3	23.1	3.2	0.0	-23.1	0.0	
1.76953	-0.7	-55972	26.3	23.1	3.2	0.0	-23.1	0.0	
1.77344	-0.7	-55972	26.4	23.2	3.2	0.0	-23.2	0.0	
1.77734	-0.8	-55972	26.4	23.3	3.1	0.0	-23.3	0.0	
1.78125	-0.6	-55972	26.4	23.3	3.1	0.0	-23.3	0.0	
1.78516	-0.7	-55972	26.4	23.3	3.1	0.0	-23.3	0.0	
1.78906	-1.1	-55972	26.4	23.4	3.0	0.0	-23.4	0.0	
1.79297	-1.1	-55972	26.5	23.4	3.1	0.0	-23.4	0.0	
1.79688	-1.0	-55972	26.5	23.4	3.1	0.0	-23.4	0.0	
1.80078	-1.0	-55972	26.6	23.5	3.1	0.0	-23.5	0.0	
1.80469	-1.1	-55972	26.6	23.5	3.1	0.0	-23.5	0.0	
1.80859	-1.0	-55972	26.6	23.5	3.1	0.0	-23.5	0.0	
1.81250	-0.8	-55973	26.6	23.6	3.0	0.0	-23.6	0.0	
1.81641	-0.9	-55973	26.6	23.6	3.0	0.0	-23.6	0.0	
1.82031	-0.9	-55973	26.6	23.7	2.9	0.0	-23.7	0.0	
1.82422	-0.6	-55973	26.6	23.7	2.9	0.0	-23.7	0.0	
1.82812	-0.5	-55973	26.6	23.7	2.9	0.0	-23.7	0.0	
1.83203	-0.4	-55973	26.6	23.8	2.8	0.0	-23.8	0.0	
1.83594	-0.1	-55973	26.7	23.8	2.9	0.0	-23.8	0.0	
1.83984	-0.1	-55973	26.6	23.8	2.8	0.0	-23.8	0.0	
1.84375	-0.3	-55973	26.6	23.9	2.7	0.0	-23.9	0.0	
1.84766	-0.3	-55973	26.6	23.9	2.7	0.0	-23.9	0.0	
1.85156	-0.2	-55973	26.6	24.0	2.6	0.0	-24.0	0.0	
1.85547	-0.3	-55973	26.5	24.0	2.5	0.0	-24.0	0.0	
1.85938	-0.2	-55973	26.5	24.0	2.5	0.0	-24.0	0.0	
1.86328	-0.2	-55973	26.6	24.0	2.6	0.0	-24.0	0.0	
1.86719	-0.4	-55973	26.5	24.1	2.4	0.0	-24.1	0.0	
1.87109	-0.3	-55973	26.4	24.1	2.3	0.0	-24.1	0.0	
1.87500	-0.3	-55973	26.5	24.1	2.4	0.0	-24.1	0.0	
1.87891	-0.5	-55973	26.5	24.2	2.3	0.0	-24.2	0.0	
1.88281	-0.5	-55973	26.5	24.3	2.2	0.0	-24.3	0.0	
1.88672	-0.3	-55973	26.5	24.3	2.2	0.0	-24.3	0.0	
1.89062	-0.6	-55973	26.5	24.3	2.2	0.0	-24.3	0.0	
1.89453	-0.7	-55973	26.5	24.3	2.2	0.0	-24.3	0.0	
1.89844	-0.7	-55973	26.5	24.4	2.1	0.0	-24.4	0.0	
1.90234	-1.0	-55973	26.6	24.4	2.2	0.0	-24.4	0.0	
1.90625	-1.1	-55973	26.6	24.4	2.2	0.0	-24.4	0.0	
1.91016	-1.0	-55973	26.7	24.5	2.2	0.0	-24.5	0.0	
1.91406	-1.2	-55973	26.7	24.5	2.2	0.0	-24.5	0.0	
1.91797	-1.4	-55973	26.7	24.5	2.2	0.0	-24.5	0.0	
1.92188	-1.5	-55974	26.8	24.6	2.2	0.0	-24.6	0.0	
1.92578	-1.6	-55974	26.8	24.6	2.2	0.0	-24.6	0.0	
1.92969	-1.8	-55974	26.9	24.7	2.2	0.0	-24.7	0.0	
1.93359	-1.9	-55974	27.0	24.8	2.2	0.0	-24.8	0.0	
1.93750	-1.9	-55974	27.0	24.8	2.2	0.0	-24.8	0.0	
1.94141	-2.0	-55974	27.0	24.8	2.2	0.0	-24.8	0.0	
1.94531	-2.0	-55974	27.1	24.9	2.2	0.0	-24.9	0.0	
1.94922	-1.9	-55974	27.2	24.8	2.4	0.0	-24.8	0.0	
1.95312	-1.9	-55975	27.2	24.9	2.3	0.0	-24.9	0.0	
1.95703	-1.9	-55975	27.3	25.0	2.3	0.0	-25.0	0.0	
1.96094	-1.7	-55975	27.4	25.1	2.3	0.0	-25.1	0.0	
1.96484	-1.6	-55975	27.4	25.1	2.3	0.0	-25.1	0.0	
1.96875	-1.6	-55975	27.4	25.1	2.3	0.0	-25.1	0.0	
1.97266	-1.5	-55975	27.5	25.2	2.3	0.0	-25.2	0.0	
1.97656	-1.5	-55975	27.6	25.2	2.4	0.0	-25.2	0.0	
1.98047	-1.5	-55975	27.7	25.3	2.4	0.0	-25.3	0.0	
1.98438	-1.4	-55975	27.7	25.4	2.3	0.0	-25.4	0.0	
1.98828	-1.3	-55975	27.7	25.4	2.3	0.0	-25.4	0.0	
1.99219	-1.3	-55976	27.7	25.4	2.3	0.0	-25.4	0.0	
1.99609	-1.2	-55976	27.8	25.5	2.3	0.0	-25.5	0.0	
2.00000	-1.2	-55976	27.8	25.5	2.3	0.0	-25.5	0.0	
2.00391	-1.2	-55976	27.9	25.6	2.3	0.0	-25.6	0.0	
2.00781	-1.0	-55976	28.0	25.6	2.4	0.0	-25.6	0.0	
2.01172	-0.8	-55976	27.9	25.7	2.2	0.0	-25.7	0.0	
2.01562	-0.9	-55976	28.0	25.7	2.3	0.0	-25.7	0.0	
2.01953	-1.0	-55976	28.0	25.8	2.2	0.0	-25.8	0.0	
2.02344	-0.9	-55976	28.0	25.9	2.1	0.0	-25.9	0.0	
2.02734	-0.9	-55976	28.1	25.9	2.2	0.0	-25.9	0.0	
2.03125	-0.9	-55976	28.1	25.9	2.2	0.0	-25.9	0.0	
2.03516	-0.7	-55976	28.2	26.0	2.2	0.0	-26.0	0.0	
2.03906	-0.9	-55976	28.2	26.1	2.1	0.0	-26.1	0.0	
2.04297	-0.9	-55976	28.2	26.1	2.1	0.0	-26.1	0.0	
2.04688	-0.5	-55976	28.2	26.2	2.0	0.0	-26.2	0.0	
2.05078	-0.4	-55976	28.2	26.2	2.0	0.0	-26.2	0.0	
2.05469	-0.5	-55976	28.2	26.3	1.9	0.0	-26.3	0.0	
2.05859	-0.3	-55976	28.2	26.4	1.8	0.0	-26.4	0.0	
2.06250	-0.2	-55976	28.2	26.4	1.8	0.0	-26.4	0.0	
2.06641	-0.2	-55976	28.1	26.5	1.6	0.0	-26.5	0.0	
2.07031	-0.2	-55977	28.1	26.6	1.5	0.0	-26.6	0.0	
2.07422	-0.3	-55977	28.2	26.6	1.6	0.0	-26.6	0.0	
2.07812	-0.3	-55977	28.1	26.7	1.4	0.0	-26.7	0.0	
2.08203	-0.2	-55977	28.1	26.8	1.3	0.0	-26.8	0.0	
2.08594	-0.1	-55977	28.1	26.8	1.3	0.0	-26.8	0.0	
2.08984	-0.2	-55977	28.0	26.9	1.1	0.0	-26.9	0.0	
2.09375	-0.3	-55977	28.0	27.0	1.0	0.0	-27.0	0.0	
2.09766	-0.3	-55977	28.0	26.9	1.1	0.0	-26.9	0.0	
2.10156	-0.4	-55977	28.0	27.0	1.0	0.0	-27.0	0.0	
2.10547	-0.4	-55977	28.0	27.0	1.0	0.0	-27.0	0.0	
2.10938	-0.3	-55977	28.0	27.0	1.0	0.0	-27.0	0.0	
2.11328	-0.4	-55977	28.0	27.0	1.0	0.0	-27.0	0.0	
2.11719	-0.5	-55977	27.9	27.0	0.9	0.0	-27.0	0.0	
2.12109	-0.4	-55977	27.9	27.1	0.8	0.0	-27.1	0.0	
2.12500	-0.3	-55977	27.9	27.0	0.9	0.0	-27.0	0.0	
2.12891	-0.5	-55977	27.9	27.0	0.9	0.0	-27.0	0.0	
2.13281	-0.4	-55977	27.9	27.1	0.8	0.0	-27.1	0.0	
2.13672	-0.2	-55977	27.9	27.1	0.8	0.0	-27.1	0.0	
2.14062	-0.4	-55977	27.9	27.1	0.8	0.0	-27.1	0.0	
2.14453	-0.4	-55977	27.9	27.2	0.7	0.0	-27.2	0.0	
2.14844	-0.2	-55977	27.9	27.2	0.7	0.0	-27.2	0.0	
2.15234	-0.4	-55977	27.9	27.3	0.6	0.0	-27.3	0.0	
2.15625	-0.4	-55977	27.9	27.3	0.6	0.0	-27.3	0.0	
2.16016	-0.3	-55977	27.9	27.4	0.5	0.0	-27.4	0.0	
2.16406	-0.5	-55977	27.9	27.4	0.5	0.0	-27.4	0.0	
2.16797	-0.6	-55977	27.9	27.5	0.4	0.0	-27.5	0.0	
2.17188	-0.4	-55977	27.9	27.5	0.4	0.0	-27.5	0.0	
2.17578	-0.4	-55977	27.9	27.5	0.4	0.0	-27.5	0.0	
2.17969	-0.6	-55977	27.9	27.5	0.4	0.0	-27.5	0.0	
2.18359	-0.6	-55977	27.9	27.6	0.3	0.0	-27.6	0.0	
2.18750	-0.6	-55977	28.0	27.6	0.4	0.0	-27.6	0.0	
2.19141	-0.8	-55977	28.0	27.6	0.4	0.0	-27.6	0.0	
2.19531	-1.1	-55977	28.0	27.6	0.4	0.0	-27.6	0.0	
2.19922	-1.1	-55977	28.0	27.6	0.4	0.0	-27.6	0.0	
2.20312	-1.1	-55978	28.1	27.6	0.5	0.0	-27.6	0.0	
2.20703	-1.1	-55978	28.0	27.7	0.3	0.0	-27.7	0.0	
2.21094	-0.7	-55978	28.1	27.7	0.4	0.0	-27.7	0.0	
2.21484	-0.7	-55978	28.1	27.6	0.5	0.0	-27.6	0.0	
2.21875	-0.7	-55978	28.1	27.7	0.4	0.0	-27.7	0.0	
2.22266	-0.4	-55978	28.1	27.7	0.4	0.0	-27.7	0.0	
2.22656	-0.3	-55978	28.1	27.7	0.4	0.0	-27.7	0.0	
2.23047	-0.3	-55978	28.1	27.6	0.5	0.0	-27.6	0.0	
2.23438	-0.1	-55978	28.1	27.6	0.5	0.0	-27.6	0.0	
2.23828	-0.1	-55978	28.1	27.6	0.5	0.0	-27.6	0.0	
2.24219	-0.2	-55978	28.1	27.6	0.5	0.0	-27.6	0.0	
2.24609	-0.1	-55978	28.1	27.6	0.5	0.0	-27.6	0.0	
2.25000	-0.1	-55978	28.1	27.5	0.6	0.0	-27.5	0.0	
2.25391	-0.3	-55978	28.1	27.5	0.6	0.0	-27.5	0.0	
2.25781	-0.3	-55978	28.0	27.6	0.4	0.0	-27.6	0.0	
2.26172	-0.4	-55978	28.0	27.5	0.5	0.0	-27.5	0.0	
2.26562	-0.4	-55978	28.1	27.5	0.6	0.0	-27.5	0.0	
2.26953	-0.6	-55978	28.0	27.5	0.5	0.0	-27.5	0.0	
2.27344	-0.5	-55978	28.0	27.5	0.5	0.0	-27.5	0.0	
2.27734	-0.6	-55978	28.1	27.5	0.6	0.0	-27.5	0.0	
2.28125	-0.8	-55978	28.1	27.5	0.6	0.0	-27.5	0.0	
2.28516	-0.8	-55978	28.1	27.5	0.6	0.0	-27.5	0.0	
2.28906	-0.9	-55978	28.2	27.5	0.7	0.0	-27.5	0.0	
2.29297	-1.3	-55978	28.2	27.6	0.6	0.0	-27.6	0.0	
2.29688	-1.5	-55978	28.2	27.6	0.6	0.0	-27.6	0.0	
2.30078	-1.8	-55978	28.3	27.6	0.7	0.0	-27.6	0.0	
2.30469	-1.9	-55979	28.4	27.6	0.8	0.0	-27.6	0.0	
2.30859	-1.8	-55979	28.5	27.6	0.9	0.0	-27.6	0.0	
2.31250	-2.0	-55979	28.5	27.6	0.9	0.0	-27.6	0.0	
2.31641	-2.1	-55979	28.6	27.7	0.9	0.0	-27.7	0.0	
2.32031	-1.9	-55979	28.6	27.7	0.9	0.0	-27.7	0.0	
2.32422	-1.5	-55979	28.6	27.7	0.9	0.0	-27.7	0.0	
2.32812	-1.2	-55979	28.7	27.7	1.0	0.0	-27.7	0.0	
2.33203	-0.9	-55979	28.7	27.7	1.0	0.0	-27.7	0.0	
2.33594	-0.4	-55979	28.7	27.8	0.9	0.0	-27.8	0.0	
2.33984	-0.3	-55979	28.7	27.8	0.9	0.0	-27.8	0.0	
2.34375	-0.4	-55979	28.7	27.8	0.9	0.0	-27.8	0.0	
2.34766	-0.2	-55979	28.7	27.9	0.8	0.0	-27.9	0.0	
2.35156	0.0	-55979	28.7	27.9	0.8	0.0	-27.9	0.0	
2.35547	-0.0	-55979	28.6	27.9	0.7	0.0	-27.9	0.0	
2.35938	0.0	-55979	28.6	27.9	0.7	0.0	-27.9	0.0	
2.36328	0.2	-55979	28.5	27.9	0.6	0.0	-27.9	0.0	
2.36719	0.5	-55979	28.5	27.9	0.6	0.0	-27.9	0.0	
2.37109	0.8	-55979	28.4	27.9	0.5	0.0	-27.9	0.0	
2.37500	0.9	-55979	28.4	28.0	0.4	0.0	-28.0	0.0	
2.37891	0.7	-55979	28.3	28.0	0.3	0.0	-28.0	0.0	
2.38281	0.4	-55979	28.3	28.0	0.3	0.0	-28.0	0.0	
2.38672	0.2	-55979	28.3	28.0	0.3	0.0	-28.0	0.0	
2.39062	-0.2	-55979	28.3	28.0	0.3	0.0	-28.0	0.0	
2.39453	-0.5	-55979	28.3	28.1	0.2	0.0	-28.1	0.0	
2.39844	-0.4	-55979	28.3	28.1	0.2	0.0	-28.1	0.0	
2.40234	-0.6	-55979	28.3	28.1	0.2	0.0	-28.1	0.0	
2.40625	-0.7	-55979	28.3	28.1	0.2	0.0	-28.1	0.0	
2.41016	-0.7	-55979	28.4	28.2	0.2	0.0	-28.2	0.0	
2.41406	-1.0	-55979	28.3	28.2	0.1	0.0	-28.2	0.0	
2.41797	-1.4	-55980	28.3	28.2	0.1	0.0	-28.2	0.0	
2.42188	-1.6	-55980	28.4	28.3	0.1	0.0	-28.3	0.0	
2.42578	-1.6	-55980	28.4	28.3	0.1	0.0	-28.3	0.0	
2.42969	-1.7	-55980	28.4	28.3	0.1	0.0	-28.3	0.0	
2.43359	-1.5	-55980	28.5	28.3	0.2	0.0	-28.3	0.0	
2.43750	-1.0	-55980	28.5	28.3	0.2	0.0	-28.3	0.0	
2.44141	-0.7	-55980	28.5	28.3	0.2	0.0	-28.3	0.0	
2.44531	-0.6	-55980	28.6	28.4	0.2	0.0	-28.4	0.0	
2.44922	-0.3	-55980	28.5	28.4	0.1	0.0	-28.4	0.0	
2.45312	-0.2	-55980	28.5	28.4	0.1	0.0	-28.4	0.0	
2.45703	-0.2	-55980	28.5	28.4	0.1	0.0	-28.4	0.0	
2.46094	0.0	-55980	28.5	28.3	0.2	0.0	-28.3	0.0	
2.46484	0.0	-55980	28.5	28.3	0.2	0.0	-28.3	0.0	
2.46875	-0.0	-55980	28.4	28.2	0.2	0.0	-28.2	0.0	
2.47266	0.2	-55980	28.4	28.2	0.2	0.0	-28.2	0.0	
2.47656	0.3	-55980	28.4	28.2	0.2	0.0	-28.2	0.0	
2.48047	0.4	-55980	28.3	28.1	0.2	0.0	-28.1	0.0	
2.48438	0.5	-55980	28.2	28.1	0.1	0.0	-28.1	0.0	
2.48828	0.6	-55980	28.2	28.0	0.2	0.0	-28.0	0.0	
2.49219	0.5	-55980	28.1	28.0	0.1	0.0	-28.0	0.0	
2.49609	0.3	-55980	28.1	27.9	0.2	0.0	-27.9	0.0	
2.50000	0.3	-55980	28.1	27.8	0.3	0.0	-27.8	0.0	
2.50391	0.3	-55980	28.0	27.8	0.2	0.0	-27.8	0.0	
2.50781	0.1	-55980	28.0	27.7	0.3	0.0	-27.7	0.0	
2.51172	0.1	-55980	28.0	27.6	0.4	0.0	-27.6	0.0	
2.51562	0.0	-55980	27.9	27.6	0.3	0.0	-27.6	0.0	
2.51953	-0.2	-55980	27.9	27.5	0.4	0.0	-27.5	0.0	
2.52344	-0.2	-55980	27.8	27.5	0.3	0.0	-27.5	0.0	
2.52734	-0.2	-55980	27.7	27.4	0.3	0.0	-27.4	0.0	
2.53125	-0.4	-55980	27.8	27.3	0.5	0.0	-27.3	0.0	
2.53516	-0.2	-55980	27.8	27.2	0.6	0.0	-27.2	0.0	
2.53906	-0.1	-55980	27.7	27.2	0.5	0.0	-27.2	0.0	
2.54297	-0.4	-55980	27.7	27.2	0.5	0.0	-27.2	0.0	
2.54688	-0.3	-55980	27.7	27.0	0.7	0.0	-27.0	0.0	
2.55078	-0.2	-55980	27.6	27.0	0.6	0.0	-27.0	0.0	
2.55469	-0.3	-55980	27.6	27.0	0.6	0.0	-27.0	0.0	
2.55859	-0.1	-55980	27.6	26.9	0.7	0.0	-26.9	0.0	
2.56250	0.0	-55980	27.5	26.9	0.6	0.0	-26.9	0.0	
2.56641	-0.1	-55980	27.4	26.8	0.6	0.0	-26.8	0.0	
2.57031	0.0	-55980	27.4	26.7	0.7	0.0	-26.7	0.0	
2.57422	0.3	-55980	27.4	26.7	0.7	0.0	-26.7	0.0	
2.57812	0.6	-55980	27.3	26.6	0.7	0.0	-26.6	0.0	
2.58203	1.0	-55980	27.2	26.5	0.7	0.0	-26.5	0.0	
2.58594	1.5	-55980	27.1	26.5	0.6	0.0	-26.5	0.0	
2.58984	1.9	-55980	27.0	26.4	0.6	0.0	-26.4	0.0	
2.59375	2.4	-55980	26.9	26.4	0.5	0.0	-26.4	0.0	
2.59766	3.0	-55979	26.8	26.3	0.5	0.0	-26.3	0.0	
2.60156	3.3	-55979	26.7	26.2	0.5	0.0	-26.2	0.0	
2.60547	3.6	-55979	26.6	26.2	0.4	0.0	-26.2	0.0	
2.60938	4.1	-55979	26.4	26.1	0.3	0.0	-26.1	0.0	
2.61328	4.4	-55978	26.3	26.0	0.3	0.0	-26.0	0.0	
2.61719	4.8	-55978	26.2	25.9	0.3	0.0	-25.9	0.0	
2.62109	5.1	-55978	26.1	25.9	0.2	0.0	-25.9	0.0	
2.62500	5.1	-55977	26.0	25.8	0.2	0.0	-25.8	0.0	
2.62891	4.4	-55977	25.9	25.7	0.2	0.0	-25.7	0.0	
2.63281	3.8	-55977	25.8	25.7	0.1	0.0	-25.7	0.0	
2.63672	3.5	-55977	25.8	25.6	0.2	0.0	-25.6	0.0	
2.64062	3.0	-55976	25.6	25.5	0.1	0.0	-25.5	0.0	
2.64453	2.6	-55976	25.6	25.5	0.1	0.0	-25.5	0.0	
2.64844	2.4	-55976	25.6	25.4	0.2	0.0	-25.4	0.0	
2.65234	2.0	-55976	25.5	25.3	0.2	0.0	-25.3	0.0	
2.65625	2.0	-55976	25.4	25.2	0.2	0.0	-25.2	0.0	
2.66016	2.0	-55976	25.3	25.2	0.1	0.0	-25.2	0.0	
2.66406	1.9	-55976	25.2	25.1	0.1	0.0	-25.1	0.0	
2.66797	1.9	-55976	25.1	25.1	0.0	0.0	-25.1	0.0	
2.67188	2.0	-55975	25.0	25.0	0.0	0.0	-25.0	0.0	
2.67578	2.1	-55975	25.0	25.0	0.0	0.0	-25.0	0.0	
2.67969	2.3	-55975	24.8	24.9	-0.1	0.0	-24.9	0.0	
2.68359	2.6	-55975	24.8	24.8	0.0	0.0	-24.8	0.0	
2.68750	2.8	-55975	24.7	24.7	0.0	0.0	-24.7	0.0	
2.69141	2.9	-55975	24.5	24.7	-0.2	0.0	-24.7	0.0	
2.69531	3.0	-55974	24.5	24.7	-0.2	0.0	-24.7	0.0	
2.69922	3.2	-55974	24.4	24.6	-0.2	0.0	-24.6	0.0	
2.70312	3.3	-55974	24.2	24.5	-0.3	0.0	-24.5	0.0	
2.70703	3.5	-55974	24.2	24.5	-0.3	0.0	-24.5	0.0	
2.71094	3.4	-55973	24.1	24.4	-0.3	0.0	-24.4	0.0	
2.71484	3.4	-55973	23.9	24.4	-0.5	0.0	-24.4	0.0	
2.71875	3.7	-55973	23.8	24.3	-0.5	0.0	-24.3	0.0	
2.72266	4.0	-55973	23.7	24.2	-0.5	0.0	-24.2	0.0	
2.72656	4.2	-55972	23.6	24.1	-0.5	0.0	-24.1	0.0	
2.73047	4.5	-55972	23.5	24.1	-0.6	0.0	-24.1	0.0	
2.73438	4.9	-55972	23.3	24.0	-0.7	0.0	-24.0	0.0	
2.73828	5.0	-55972	23.2	23.9	-0.7	0.0	-23.9	0.0	
2.74219	5.5	-55971	23.0	23.8	-0.8	0.0	-23.8	0.0	
2.74609	6.0	-55971	22.9	23.8	-0.9	0.0	-23.8	0.0	
2.75000	6.2	-55970	22.8	23.7	-0.9	0.0	-23.7	0.0	
2.75391	6.2	-55970	22.6	23.6	-1.0	0.0	-23.6	0.0	
2.75781	6.3	-55970	22.5	23.5	-1.0	0.0	-23.5	0.0	
2.76172	6.5	-55969	22.3	23.5	-1.2	0.0	-23.5	0.0	
2.76562	6.4	-55969	22.2	23.4	-1.2	0.0	-23.4	0.0	
2.76953	6.1	-55968	22.1	23.3	-1.2	0.0	-23.3	0.0	
2.77344	5.8	-55968	22.0	23.3	-1.3	0.0	-23.3	0.0	
2.77734	5.6	-55968	21.9	23.2	-1.3	0.0	-23.2	0.0	
2.78125	5.4	-55967	21.8	23.1	-1.3	0.0	-23.1	0.0	
2.78516	5.3	-55967	21.6	23.0	-1.4	0.0	-23.0	0.0	
2.78906	4.6	-55967	21.6	22.9	-1.3	0.0	-22.9	0.0	
2.79297	3.9	-55966	21.4	22.8	-1.4	0.0	-22.8	0.0	
2.79688	4.0	-55966	21.3	22.8	-1.5	0.0	-22.8	0.0	
2.80078	3.9	-55966	21.2	22.7	-1.5	0.0	-22.7	0.0	
2.80469	4.0	-55966	21.1	22.6	-1.5	0.0	-22.6	0.0	
2.80859	4.3	-55965	20.9	22.6	-1.7	0.0	-22.6	0.0	
2.81250	4.2	-55965	20.8	22.5	-1.7	0.0	-22.5	0.0	
2.81641	4.3	-55965	20.7	22.4	-1.7	0.0	-22.4	0.0	
2.82031	4.6	-55964	20.6	22.3	-1.7	0.0	-22.3	0.0	
2.82422	5.1	-55964	20.4	22.2	-1.8	0.0	-22.2	0.0	
2.82812	5.3	-55964	20.3	22.2	-1.9	0.0	-22.2	0.0	
2.83203	5.4	-55963	20.2	22.1	-1.9	0.0	-22.1	0.0	
2.83594	5.8	-55963	20.0	22.0	-2.0	0.0	-22.0	0.0	
2.83984	6.0	-55963	19.8	21.9	-2.1	0.0	-21.9	0.0	
2.84375	5.9	-55962	19.7	21.8	-2.1	0.0	-21.8	0.0	
2.84766	5.9	-55962	19.6	21.7	-2.1	0.0	-21.7	0.0	
2.85156	5.8	-55962	19.5	21.6	-2.1	0.0	-21.6	0.0	
2.85547	5.9	-55961	19.3	21.5	-2.2	0.0	-21.5	0.0	
2.85938	6.1	-55961	19.2	21.5	-2.3	0.0	-21.5	0.0	
2.86328	5.7	-55960	19.1	21.4	-2.3	0.0	-21.4	0.0	
2.86719	5.0	-55960	19.0	21.3	-2.3	0.0	-21.3	0.0	
2.87109	4.4	-55960	18.9	21.2	-2.3	0.0	-21.2	0.0	
2.87500	3.8	-55959	18.8	21.1	-2.3	0.0	-21.1	0.0	
2.87891	3.4	-55959	18.7	21.0	-2.3	0.0	-21.0	0.0	
2.88281	3.4	-55959	18.6	20.9	-2.3	0.0	-20.9	0.0	
2.88672	3.3	-55959	18.5	20.9	-2.4	0.0	-20.9	0.0	
2.89062	2.9	-55959	18.4	20.8	-2.4	0.0	-20.8	0.0	
2.89453	2.9	-55958	18.3	20.7	-2.4	0.0	-20.7	0.0	
2.89844	2.8	-55958	18.3	20.6	-2.3	0.0	-20.6	0.0	
2.90234	2.5	-55958	18.1	20.5	-2.4	0.0	-20.5	0.0	
2.90625	2.5	-55958	18.0	20.4	-2.4	0.0	-20.4	0.0	
2.91016	2.7	-55958	17.9	20.3	-2.4	0.0	-20.3	0.0	
2.91406	2.7	-55958	17.8	20.3	-2.5	0.0	-20.3	0.0	
2.91797	2.9	-55957	17.7	20.2	-2.5	0.0	-20.2	0.0	
2.92188	3.2	-55957	17.6	20.1	-2.5	0.0	-20.1	0.0	
2.92578	3.5	-55957	17.5	20.0	-2.5	0.0	-20.0	0.0	
2.92969	3.3	-55957	17.4	20.0	-2.6	0.0	-20.0	0.0	
2.93359	3.4	-55957	17.3	19.9	-2.6	0.0	-19.9	0.0	
2.93750	3.5	-55956	17.2	19.8	-2.6	0.0	-19.8	0.0	
2.94141	3.2	-55956	17.1	19.7	-2.6	0.0	-19.7	0.0	
2.94531	3.0	-55956	17.1	19.6	-2.5	0.0	-19.6	0.0	
2.94922	3.0	-55956	17.0	19.5	-2.5	0.0	-19.5	0.0	
2.95312	2.6	-55956	16.9	19.5	-2.6	0.0	-19.5	0.0	
2.95703	2.5	-55955	16.8	19.3	-2.5	0.0	-19.3	0.0	
2.96094	2.3	-55955	16.8	19.3	-2.5	0.0	-19.3	0.0	
2.96484	1.8	-55955	16.7	19.2	-2.5	0.0	-19.2	0.0	
2.96875	1.3	-55955	16.6	19.1	-2.5	0.0	-19.1	0.0	
2.97266	1.0	-55955	16.6	19.0	-2.4	0.0	-19.0	0.0	
2.97656	0.5	-55955	16.5	19.0	-2.5	0.0	-19.0	0.0	
2.98047	0.2	-55955	16.5	18.9	-2.4	0.0	-18.9	0.0	
2.98438	0.3	-55955	16.5	18.8	-2.3	0.0	-18.8	0.0	
2.98828	0.2	-55955	16.4	18.8	-2.4	0.0	-18.8	0.0	
2.99219	-0.0	-55955	16.3	18.7	-2.4	0.0	-18.7	0.0	
2.99609	-0.2	-55955	16.4	18.6	-2.2	0.0	-18.6	0.0	
3.00000	-0.2	-55955	16.4	18.6	-2.2	0.0	-18.6	0.0	
3.00391	-0.2	-55955	16.4	18.5	-2.1	0.0	-18.5	0.0	
3.00781	-0.3	-55955	16.4	18.4	-2.0	0.0	-18.4	0.0	
3.01172	-0.2	-55955	16.3	18.4	-2.1	0.0	-18.4	0.0	
3.01562	-0.4	-55955	16.3	18.3	-2.0	0.0	-18.3	0.0	
3.01953	-0.6	-55955	16.3	18.2	-1.9	0.0	-18.2	0.0	
3.02344	-0.4	-55955	16.3	18.2	-1.9	0.0	-18.2	0.0	
3.02734	-0.5	-55955	16.3	18.3	-2.0	0.0	-18.3	0.0	
3.03125	-0.6	-55955	16.3	18.2	-1.9	0.0	-18.2	0.0	
3.03516	-0.3	-55955	16.2	18.1	-1.9	0.0	-18.1	0.0	
3.03906	-0.4	-55955	16.3	18.1	-1.8	0.0	-18.1	0.0	
3.04297	-0.6	-55955	16.3	18.0	-1.7	0.0	-18.0	0.0	
3.04688	-0.3	-55955	16.3	18.0	-1.7	0.0	-18.0	0.0	
3.05078	-0.4	-55955	16.3	18.0	-1.7	0.0	-18.0	0.0	
3.05469	-0.5	-55955	16.3	17.9	-1.6	0.0	-17.9	0.0	
3.05859	-0.4	-55955	16.3	17.9	-1.6	0.0	-17.9	0.0	
3.06250	-0.6	-55955	16.4	17.9	-1.5	0.0	-17.9	0.0	
3.06641	-0.5	-55955	16.3	17.9	-1.6	0.0	-17.9	0.0	
3.07031	-0.3	-55955	16.3	17.8	-1.5	0.0	-17.8	0.0	
3.07422	-0.5	-55955	16.4	17.8	-1.4	0.0	-17.8	0.0	
3.07812	-0.5	-55955	16.4	17.8	-1.4	0.0	-17.8	0.0	
3.08203	-0.4	-55955	16.4	17.7	-1.3	0.0	-17.7	0.0	
3.08594	-0.5	-55956	16.4	17.7	-1.3	0.0	-17.7	0.0	
3.08984	-0.5	-55956	16.4	17.7	-1.3	0.0	-17.7	0.0	
3.09375	-0.5	-55956	16.4	17.7	-1.3	0.0	-17.7	0.0	
3.09766	-0.4	-55956	16.4	17.7	-1.3	0.0	-17.7	0.0	
3.10156	-0.2	-55956	16.4	17.7	-1.3	0.0	-17.7	0.0	
3.10547	-0.3	-55956	16.4	17.6	-1.2	0.0	-17.6	0.0	
3.10938	-0.4	-55956	16.4	17.6	-1.2	0.0	-17.6	0.0	
3.11328	-0.3	-55956	16.4	17.7	-1.3	0.0	-17.7	0.0	
3.11719	-0.5	-55956	16.5	17.6	-1.1	0.0	-17.6	0.0	
3.12109	-0.5	-55956	16.5	17.6	-1.1	0.0	-17.6	0.0	
3.12500	-0.3	-55956	16.4	17.6	-1.2	0.0	-17.6	0.0	
3.12891	-0.5	-55956	16.4	17.6	-1.2	0.0	-17.6	0.0	
3.13281	-0.5	-55956	16.4	17.6	-1.2	0.0	-17.6	0.0	
3.13672	-0.3	-55956	16.5	17.6	-1.1	0.0	-17.6	0.0	
3.14062	-0.4	-55956	16.4	17.6	-1.2	0.0	-17.6	0.0	
3.14453	-0.5	-55956	16.4	17.5	-1.1	0.0	-17.5	0.0	
3.14844	-0.5	-55956	16.5	17.5	-1.0	0.0	-17.5	0.0	
3.15234	-0.5	-55956	16.4	17.5	-1.1	0.0	-17.5	0.0	
3.15625	-0.4	-55956	16.4	17.4	-1.0	0.0	-17.4	0.0	
3.16016	-0.3	-55956	16.4	17.4	-1.0	0.0	-17.4	0.0	
3.16406	-0.4	-55956	16.4	17.3	-0.9	0.0	-17.3	0.0	
3.16797	-0.5	-55956	16.4	17.3	-0.9	0.0	-17.3	0.0	
3.17188	-0.6	-55956	16.4	17.3	-0.9	0.0	-17.3	0.0	
3.17578	-0.6	-55956	16.5	17.2	-0.7	0.0	-17.2	0.0	
3.17969	-0.5	-55956	16.3	17.1	-0.8	0.0	-17.1	0.0	
3.18359	-0.7	-55956	16.6	17.1	-0.5	0.0	-17.1	0.0	
3.18750	-0.4	-55956	16.4	17.1	-0.7	0.0	-17.1	0.0	
3.19141	-0.4	-55956	16.3	17.1	-0.8	0.0	-17.1	0.0	
3.19531	-1.2	-55956	17.1	17.0	0.1	0.0	-17.0	0.0	
3.19922	0.1	-55956	15.3	17.0	-1.7	0.0	-17.0	0.0	
3.20312	-0.6	-55956	18.1	17.0	1.1	0.0	-17.0	0.0	
3.20703	9.5	-55956	26.1	16.9	9.2	0.0	-16.9	0.0	
3.21094	37.3	-55953	26.1	16.9	9.2	0.0	-16.9	0.0	
3.21484	49.4	-55950	21.8	16.9	4.9	0.0	-16.9	0.0	
3.21875	42.0	-55947	21.2	16.9	4.3	0.0	-16.9	0.0	
3.22266	39.1	-55945	21.5	16.8	4.7	0.0	-16.8	0.0	
