FluxView - FluxMed acquisition system
Signal file
Serial Number	:
W version:	1.20h-OX-CO2	File version:	1.13
Sampling rate:	256 Hz
Time	Flow	Volume	Paw	Pes	Ptpulm	Pga	Ptdiaf	CO2	
0.00391	0.1	-239	16.8	15.9	0.9	15.9	0.0	15.9	
0.00781	-0.2	-239	16.7	15.8	0.9	15.8	0.0	15.8	
0.01172	-0.6	-239	16.6	15.8	0.8	15.8	0.0	15.8	
0.01562	-0.6	-239	16.7	15.9	0.8	15.9	0.0	15.9	
0.01953	-0.8	-240	16.8	15.8	1.0	15.8	0.0	15.8	
0.02344	-0.8	-240	16.8	15.9	0.9	15.9	0.0	15.9	
0.02734	-0.7	-240	17.0	15.9	1.1	15.9	0.0	15.9	
0.03125	-0.6	-240	17.1	15.9	1.2	15.9	0.0	15.9	
0.03516	-0.4	-240	17.1	15.9	1.2	15.9	0.0	15.9	
0.03906	-0.2	-240	17.1	15.9	1.2	15.9	0.0	15.9	
0.04297	-0.1	-240	17.1	15.9	1.2	15.9	0.0	15.9	
0.04688	-0.1	-240	17.0	15.9	1.1	15.9	0.0	15.9	
0.05078	-0.2	-240	17.0	16.0	1.0	16.0	0.0	16.0	
0.05469	-0.3	-240	17.1	16.0	1.1	16.0	0.0	16.0	
0.05859	-0.3	-240	17.1	15.9	1.2	15.9	0.0	15.9	
0.06250	-0.4	-240	17.2	15.9	1.3	15.9	0.0	15.9	
0.06641	-0.2	-240	17.3	16.0	1.3	16.0	0.0	16.0	
0.07031	-0.1	-240	17.2	16.0	1.2	16.0	0.0	16.0	
0.07422	-0.2	-240	17.2	16.0	1.2	16.0	0.0	16.0	
0.07812	-0.1	-240	17.2	16.0	1.2	16.0	0.0	16.0	
0.08203	-0.1	-240	17.1	16.0	1.1	16.0	0.0	16.0	
0.08594	-0.2	-240	17.1	16.1	1.0	16.1	0.0	16.1	
0.08984	-0.0	-240	17.1	16.1	1.0	16.1	0.0	16.1	
0.09375	-0.1	-240	17.1	16.0	1.1	16.0	0.0	16.0	
0.09766	-0.2	-240	17.1	16.1	1.0	16.1	0.0	16.1	
0.10156	-0.1	-240	17.1	16.0	1.1	16.0	0.0	16.0	
0.10547	-0.0	-240	17.1	16.0	1.1	16.0	0.0	16.0	
0.10938	-0.1	-240	17.1	16.0	1.1	16.0	0.0	16.0	
0.11328	-0.0	-240	17.0	16.0	1.0	16.0	0.0	16.0	
0.11719	0.1	-240	17.0	16.0	1.0	16.0	0.0	16.0	
0.12109	0.0	-240	17.0	16.0	1.0	16.0	0.0	16.0	
0.12500	0.0	-240	16.9	16.0	0.9	16.0	0.0	16.0	
0.12891	0.1	-240	16.9	16.0	0.9	16.0	0.0	16.0	
0.13281	0.1	-240	16.9	16.0	0.9	16.0	0.0	16.0	
0.13672	0.1	-240	16.8	16.0	0.8	16.0	0.0	16.0	
0.14062	0.1	-240	16.8	15.9	0.9	15.9	0.0	15.9	
0.14453	0.1	-240	16.7	15.9	0.8	15.9	0.0	15.9	
0.14844	0.1	-240	16.7	15.9	0.8	15.9	0.0	15.9	
0.15234	0.2	-240	16.7	15.9	0.8	15.9	0.0	15.9	
0.15625	0.1	-240	16.6	15.8	0.8	15.8	0.0	15.8	
0.16016	0.0	-240	16.6	15.9	0.7	15.9	0.0	15.9	
0.16406	0.1	-240	16.5	15.8	0.7	15.8	0.0	15.8	
0.16797	0.2	-240	16.5	15.8	0.7	15.8	0.0	15.8	
0.17188	0.0	-240	16.5	15.9	0.6	15.9	0.0	15.9	
0.17578	-0.0	-240	16.5	15.8	0.7	15.8	0.0	15.8	
0.17969	-0.0	-240	16.5	15.8	0.7	15.8	0.0	15.8	
0.18359	0.0	-240	16.4	15.8	0.6	15.8	0.0	15.8	
0.18750	0.0	-240	16.4	15.8	0.6	15.8	0.0	15.8	
0.19141	0.0	-240	16.4	15.8	0.6	15.8	0.0	15.8	
0.19531	0.0	-240	16.3	15.7	0.6	15.7	0.0	15.7	
0.19922	-0.0	-240	16.3	15.7	0.6	15.7	0.0	15.7	
0.20312	-0.1	-240	16.3	15.7	0.6	15.7	0.0	15.7	
0.20703	-0.0	-240	16.3	15.7	0.6	15.7	0.0	15.7	
0.21094	-0.1	-240	16.2	15.7	0.5	15.7	0.0	15.7	
0.21484	-0.2	-240	16.2	15.7	0.5	15.7	0.0	15.7	
0.21875	-0.1	-240	16.3	15.7	0.6	15.7	0.0	15.7	
0.22266	-0.2	-240	16.2	15.6	0.6	15.6	0.0	15.6	
0.22656	-0.3	-240	16.3	15.6	0.7	15.6	0.0	15.6	
0.23047	-0.2	-240	16.3	15.6	0.7	15.6	0.0	15.6	
0.23438	-0.3	-240	16.3	15.6	0.7	15.6	0.0	15.6	
0.23828	-0.4	-240	16.3	15.6	0.7	15.6	0.0	15.6	
0.24219	-0.2	-240	16.3	15.6	0.7	15.6	0.0	15.6	
0.24609	-0.2	-240	16.3	15.5	0.8	15.5	0.0	15.5	
0.25000	-0.3	-240	16.4	15.5	0.9	15.5	0.0	15.5	
0.25391	-0.2	-240	16.4	15.5	0.9	15.5	0.0	15.5	
0.25781	-0.3	-240	16.4	15.5	0.9	15.5	0.0	15.5	
0.26172	-0.4	-240	16.4	15.5	0.9	15.5	0.0	15.5	
0.26562	-0.3	-240	16.5	15.5	1.0	15.5	0.0	15.5	
0.26953	-0.3	-240	16.5	15.5	1.0	15.5	0.0	15.5	
0.27344	-0.5	-240	16.5	15.5	1.0	15.5	0.0	15.5	
0.27734	-0.5	-240	16.6	15.4	1.2	15.4	0.0	15.4	
0.28125	-0.3	-240	16.7	15.4	1.3	15.4	0.0	15.4	
0.28516	-0.4	-240	16.6	15.4	1.2	15.4	0.0	15.4	
0.28906	-0.3	-240	16.7	15.4	1.3	15.4	0.0	15.4	
0.29297	-0.3	-240	16.7	15.4	1.3	15.4	0.0	15.4	
0.29688	-0.4	-240	16.7	15.4	1.3	15.4	0.0	15.4	
0.30078	-0.2	-240	16.8	15.4	1.4	15.4	0.0	15.4	
0.30469	-0.2	-240	16.8	15.3	1.5	15.3	0.0	15.3	
0.30859	-0.4	-240	16.8	15.3	1.5	15.3	0.0	15.3	
0.31250	-0.3	-240	16.8	15.3	1.5	15.3	0.0	15.3	
0.31641	-0.2	-240	16.9	15.4	1.5	15.4	0.0	15.4	
0.32031	-0.2	-240	16.9	15.4	1.5	15.4	0.0	15.4	
0.32422	-0.3	-240	16.9	15.4	1.5	15.4	0.0	15.4	
0.32812	-0.2	-240	16.9	15.4	1.5	15.4	0.0	15.4	
0.33203	-0.4	-240	16.9	15.4	1.5	15.4	0.0	15.4	
0.33594	-0.4	-240	16.9	15.4	1.5	15.4	0.0	15.4	
0.33984	-0.2	-240	16.9	15.4	1.5	15.4	0.0	15.4	
0.34375	-0.2	-240	16.9	15.4	1.5	15.4	0.0	15.4	
0.34766	-0.3	-240	16.9	15.4	1.5	15.4	0.0	15.4	
0.35156	-0.2	-241	16.9	15.4	1.5	15.4	0.0	15.4	
0.35547	-0.2	-241	16.9	15.4	1.5	15.4	0.0	15.4	
0.35938	-0.3	-241	16.9	15.4	1.5	15.4	0.0	15.4	
0.36328	-0.3	-241	16.9	15.4	1.5	15.4	0.0	15.4	
0.36719	-0.2	-241	16.9	15.4	1.5	15.4	0.0	15.4	
0.37109	-0.3	-241	16.9	15.4	1.5	15.4	0.0	15.4	
0.37500	-0.3	-241	16.9	15.4	1.5	15.4	0.0	15.4	
0.37891	-0.1	-241	17.0	15.4	1.6	15.4	0.0	15.4	
0.38281	-0.2	-241	17.0	15.4	1.6	15.4	0.0	15.4	
0.38672	-0.3	-241	17.0	15.4	1.6	15.4	0.0	15.4	
0.39062	-0.1	-241	17.0	15.4	1.6	15.4	0.0	15.4	
0.39453	-0.1	-241	17.0	15.4	1.6	15.4	0.0	15.4	
0.39844	-0.3	-241	17.0	15.4	1.6	15.4	0.0	15.4	
0.40234	-0.3	-241	17.0	15.4	1.6	15.4	0.0	15.4	
0.40625	-0.3	-241	17.0	15.4	1.6	15.4	0.0	15.4	
0.41016	-0.3	-241	17.0	15.5	1.5	15.5	0.0	15.5	
0.41406	-0.2	-241	17.0	15.4	1.6	15.4	0.0	15.4	
0.41797	-0.1	-241	17.1	15.4	1.7	15.4	0.0	15.4	
0.42188	-0.2	-241	17.0	15.5	1.5	15.5	0.0	15.5	
0.42578	-0.2	-241	17.0	15.5	1.5	15.5	0.0	15.5	
0.42969	-0.2	-241	17.1	15.5	1.6	15.5	0.0	15.5	
0.43359	-0.2	-241	17.1	15.5	1.6	15.5	0.0	15.5	
0.43750	-0.1	-241	17.1	15.5	1.6	15.5	0.0	15.5	
0.44141	-0.1	-241	17.1	15.5	1.6	15.5	0.0	15.5	
0.44531	-0.3	-241	17.1	15.5	1.6	15.5	0.0	15.5	
0.44922	-0.3	-241	17.1	15.5	1.6	15.5	0.0	15.5	
0.45312	-0.2	-241	17.2	15.5	1.7	15.5	0.0	15.5	
0.45703	-0.3	-241	17.1	15.5	1.6	15.5	0.0	15.5	
0.46094	-0.3	-241	17.1	15.5	1.6	15.5	0.0	15.5	
0.46484	-0.3	-241	17.2	15.5	1.7	15.5	0.0	15.5	
0.46875	-0.3	-241	17.2	15.5	1.7	15.5	0.0	15.5	
0.47266	-0.3	-241	17.2	15.6	1.6	15.6	0.0	15.6	
0.47656	-0.2	-241	17.3	15.6	1.7	15.6	0.0	15.6	
0.48047	-0.3	-241	17.3	15.6	1.7	15.6	0.0	15.6	
0.48438	-0.3	-241	17.2	15.6	1.6	15.6	0.0	15.6	
0.48828	-0.3	-241	17.3	15.6	1.7	15.6	0.0	15.6	
0.49219	-0.2	-241	17.3	15.6	1.7	15.6	0.0	15.6	
0.49609	-0.4	-241	17.3	15.6	1.7	15.6	0.0	15.6	
0.50000	-0.3	-241	17.4	15.7	1.7	15.7	0.0	15.7	
0.50391	-0.2	-241	17.4	15.7	1.7	15.7	0.0	15.7	
0.50781	-0.3	-241	17.4	15.7	1.7	15.7	0.0	15.7	
0.51172	-0.4	-241	17.4	15.7	1.7	15.7	0.0	15.7	
0.51562	-0.2	-241	17.4	15.7	1.7	15.7	0.0	15.7	
0.51953	-0.2	-241	17.5	15.8	1.7	15.8	0.0	15.8	
0.52344	-0.2	-241	17.5	15.8	1.7	15.8	0.0	15.8	
0.52734	-0.3	-241	17.5	15.8	1.7	15.8	0.0	15.8	
0.53125	-0.4	-241	17.5	15.8	1.7	15.8	0.0	15.8	
0.53516	-0.5	-241	17.5	15.8	1.7	15.8	0.0	15.8	
0.53906	-0.5	-241	17.5	15.8	1.7	15.8	0.0	15.8	
0.54297	-0.4	-241	17.6	15.9	1.7	15.9	0.0	15.9	
0.54688	-0.4	-241	17.6	15.9	1.7	15.9	0.0	15.9	
0.55078	-0.3	-241	17.6	15.9	1.7	15.9	0.0	15.9	
0.55469	-0.2	-241	17.7	15.9	1.8	15.9	0.0	15.9	
0.55859	-0.4	-241	17.7	15.9	1.8	15.9	0.0	15.9	
0.56250	-0.3	-241	17.7	15.9	1.8	15.9	0.0	15.9	
0.56641	-0.2	-241	17.7	15.9	1.8	15.9	0.0	15.9	
0.57031	-0.3	-241	17.7	15.9	1.8	15.9	0.0	15.9	
0.57422	-0.1	-241	17.8	15.9	1.9	15.9	0.0	15.9	
0.57812	-0.1	-241	17.8	15.9	1.9	15.9	0.0	15.9	
0.58203	-0.3	-242	17.8	16.0	1.8	16.0	0.0	16.0	
0.58594	-0.3	-242	17.8	16.0	1.8	16.0	0.0	16.0	
0.58984	-0.3	-242	17.8	16.0	1.8	16.0	0.0	16.0	
0.59375	-0.2	-242	17.8	16.0	1.8	16.0	0.0	16.0	
0.59766	-0.3	-242	17.8	16.0	1.8	16.0	0.0	16.0	
0.60156	-0.5	-242	17.8	16.0	1.8	16.0	0.0	16.0	
0.60547	-0.5	-242	17.9	16.0	1.9	16.0	0.0	16.0	
0.60938	-0.4	-242	18.0	16.1	1.9	16.1	0.0	16.1	
0.61328	-0.6	-242	18.0	16.0	2.0	16.0	0.0	16.0	
0.61719	-0.7	-242	18.0	16.1	1.9	16.1	0.0	16.1	
0.62109	-0.8	-242	18.1	16.1	2.0	16.1	0.0	16.1	
0.62500	-0.8	-242	18.2	16.1	2.1	16.1	0.0	16.1	
0.62891	-0.7	-242	18.2	16.2	2.0	16.2	0.0	16.2	
0.63281	-0.7	-242	18.3	16.2	2.1	16.2	0.0	16.2	
0.63672	-0.7	-242	18.3	16.2	2.1	16.2	0.0	16.2	
0.64062	-0.6	-242	18.4	16.3	2.1	16.3	0.0	16.3	
0.64453	-0.4	-242	18.4	16.3	2.1	16.3	0.0	16.3	
0.64844	-0.4	-242	18.4	16.3	2.1	16.3	0.0	16.3	
0.65234	-0.2	-242	18.4	16.3	2.1	16.3	0.0	16.3	
0.65625	-0.1	-242	18.4	16.4	2.0	16.4	0.0	16.4	
0.66016	-0.3	-242	18.4	16.4	2.0	16.4	0.0	16.4	
0.66406	-0.2	-242	18.4	16.4	2.0	16.4	0.0	16.4	
0.66797	-0.0	-242	18.4	16.4	2.0	16.4	0.0	16.4	
0.67188	-0.1	-242	18.3	16.4	1.9	16.4	0.0	16.4	
0.67578	-0.1	-242	18.3	16.5	1.8	16.5	0.0	16.5	
0.67969	0.0	-242	18.3	16.5	1.8	16.5	0.0	16.5	
0.68359	0.0	-242	18.3	16.5	1.8	16.5	0.0	16.5	
0.68750	-0.1	-242	18.3	16.5	1.8	16.5	0.0	16.5	
0.69141	0.0	-242	18.2	16.6	1.6	16.6	0.0	16.6	
0.69531	0.1	-242	18.2	16.5	1.7	16.5	0.0	16.5	
0.69922	-0.1	-242	18.2	16.5	1.7	16.5	0.0	16.5	
0.70312	-0.2	-242	18.2	16.6	1.6	16.6	0.0	16.6	
0.70703	-0.3	-242	18.3	16.6	1.7	16.6	0.0	16.6	
0.71094	-0.6	-242	18.3	16.6	1.7	16.6	0.0	16.6	
0.71484	-0.6	-242	18.3	16.6	1.7	16.6	0.0	16.6	
0.71875	-0.6	-242	18.4	16.7	1.7	16.7	0.0	16.7	
0.72266	-0.7	-242	18.5	16.6	1.9	16.6	0.0	16.6	
0.72656	-1.0	-242	18.5	16.6	1.9	16.6	0.0	16.6	
0.73047	-1.3	-243	18.6	16.7	1.9	16.7	0.0	16.7	
0.73438	-1.5	-243	18.7	16.7	2.0	16.7	0.0	16.7	
0.73828	-1.5	-243	18.8	16.8	2.0	16.8	0.0	16.8	
0.74219	-1.4	-243	18.9	16.8	2.1	16.8	0.0	16.8	
0.74609	-1.1	-243	18.9	16.8	2.1	16.8	0.0	16.8	
0.75000	-0.9	-243	18.9	16.8	2.1	16.8	0.0	16.8	
0.75391	-0.6	-243	19.0	16.9	2.1	16.9	0.0	16.9	
0.75781	-0.5	-243	19.0	17.0	2.0	17.0	0.0	17.0	
0.76172	-0.5	-243	19.0	17.0	2.0	17.0	0.0	17.0	
0.76562	-0.2	-243	19.1	17.0	2.1	17.0	0.0	17.0	
0.76953	-0.1	-243	19.1	17.1	2.0	17.1	0.0	17.1	
0.77344	-0.1	-243	19.1	17.1	2.0	17.1	0.0	17.1	
0.77734	-0.0	-243	19.1	17.1	2.0	17.1	0.0	17.1	
0.78125	-0.1	-243	19.1	17.1	2.0	17.1	0.0	17.1	
0.78516	-0.2	-243	19.1	17.2	1.9	17.2	0.0	17.2	
0.78906	-0.1	-243	19.1	17.2	1.9	17.2	0.0	17.2	
0.79297	-0.1	-243	19.1	17.2	1.9	17.2	0.0	17.2	
0.79688	-0.1	-243	19.1	17.2	1.9	17.2	0.0	17.2	
0.80078	0.0	-243	19.0	17.2	1.8	17.2	0.0	17.2	
0.80469	-0.1	-243	19.0	17.3	1.7	17.3	0.0	17.3	
0.80859	-0.3	-243	19.0	17.3	1.7	17.3	0.0	17.3	
0.81250	-0.2	-243	19.0	17.3	1.7	17.3	0.0	17.3	
0.81641	-0.1	-243	19.0	17.3	1.7	17.3	0.0	17.3	
0.82031	-0.3	-243	19.0	17.3	1.7	17.3	0.0	17.3	
0.82422	-0.3	-243	19.1	17.4	1.7	17.4	0.0	17.4	
0.82812	-0.2	-243	19.1	17.4	1.7	17.4	0.0	17.4	
0.83203	-0.3	-243	19.1	17.5	1.6	17.5	0.0	17.5	
0.83594	-0.5	-243	19.2	17.4	1.8	17.4	0.0	17.4	
0.83984	-0.5	-243	19.2	17.5	1.7	17.5	0.0	17.5	
0.84375	-0.5	-243	19.2	17.5	1.7	17.5	0.0	17.5	
0.84766	-0.6	-243	19.3	17.5	1.8	17.5	0.0	17.5	
0.85156	-0.6	-243	19.3	17.5	1.8	17.5	0.0	17.5	
0.85547	-0.6	-243	19.4	17.6	1.8	17.6	0.0	17.6	
0.85938	-0.7	-243	19.4	17.6	1.8	17.6	0.0	17.6	
0.86328	-0.6	-244	19.5	17.6	1.9	17.6	0.0	17.6	
0.86719	-0.4	-244	19.5	17.7	1.8	17.7	0.0	17.7	
0.87109	-0.3	-244	19.5	17.7	1.8	17.7	0.0	17.7	
0.87500	-0.2	-244	19.5	17.7	1.8	17.7	0.0	17.7	
0.87891	-0.1	-244	19.5	17.7	1.8	17.7	0.0	17.7	
0.88281	-0.2	-244	19.5	17.8	1.7	17.8	0.0	17.8	
0.88672	-0.2	-244	19.5	17.8	1.7	17.8	0.0	17.8	
0.89062	-0.0	-244	19.5	17.7	1.8	17.7	0.0	17.7	
0.89453	-0.1	-244	19.5	17.8	1.7	17.8	0.0	17.8	
0.89844	-0.2	-244	19.5	17.8	1.7	17.8	0.0	17.8	
0.90234	-0.0	-244	19.5	17.8	1.7	17.8	0.0	17.8	
0.90625	-0.1	-244	19.4	17.8	1.6	17.8	0.0	17.8	
0.91016	-0.3	-244	19.4	17.8	1.6	17.8	0.0	17.8	
0.91406	-0.1	-244	19.4	17.9	1.5	17.9	0.0	17.9	
0.91797	-0.2	-244	19.4	17.9	1.5	17.9	0.0	17.9	
0.92188	-0.3	-244	19.5	17.8	1.7	17.8	0.0	17.8	
0.92578	-0.3	-244	19.4	17.8	1.6	17.8	0.0	17.8	
0.92969	-0.4	-244	19.5	17.8	1.7	17.8	0.0	17.8	
0.93359	-0.3	-244	19.5	17.8	1.7	17.8	0.0	17.8	
0.93750	-0.1	-244	19.4	17.8	1.6	17.8	0.0	17.8	
0.94141	-0.2	-244	19.4	17.8	1.6	17.8	0.0	17.8	
0.94531	-0.1	-244	19.4	17.9	1.5	17.9	0.0	17.9	
0.94922	-0.1	-244	19.4	17.8	1.6	17.8	0.0	17.8	
0.95312	-0.0	-244	19.4	17.8	1.6	17.8	0.0	17.8	
0.95703	0.0	-244	19.4	17.7	1.7	17.7	0.0	17.7	
0.96094	-0.2	-244	19.4	17.7	1.7	17.7	0.0	17.7	
0.96484	-0.1	-244	19.4	17.8	1.6	17.8	0.0	17.8	
0.96875	0.1	-244	19.3	17.7	1.6	17.7	0.0	17.7	
0.97266	0.1	-244	19.3	17.7	1.6	17.7	0.0	17.7	
0.97656	0.1	-244	19.2	17.7	1.5	17.7	0.0	17.7	
0.98047	0.2	-244	19.2	17.7	1.5	17.7	0.0	17.7	
0.98438	0.1	-244	19.2	17.6	1.6	17.6	0.0	17.6	
0.98828	0.0	-244	19.1	17.7	1.4	17.7	0.0	17.7	
0.99219	0.0	-244	19.1	17.7	1.4	17.7	0.0	17.7	
0.99609	-0.0	-244	19.1	17.6	1.5	17.6	0.0	17.6	
1.00000	-0.2	-244	19.1	17.6	1.5	17.6	0.0	17.6	
1.00391	-0.2	-244	19.1	17.7	1.4	17.7	0.0	17.7	
1.00781	-0.2	-244	19.0	17.6	1.4	17.6	0.0	17.6	
1.01172	-0.2	-244	19.0	17.7	1.3	17.7	0.0	17.7	
1.01562	-0.2	-244	19.1	17.7	1.4	17.7	0.0	17.7	
1.01953	-0.2	-244	19.0	17.6	1.4	17.6	0.0	17.6	
1.02344	-0.3	-244	19.1	17.6	1.5	17.6	0.0	17.6	
1.02734	-0.3	-244	19.1	17.6	1.5	17.6	0.0	17.6	
1.03125	-0.2	-244	19.1	17.6	1.5	17.6	0.0	17.6	
1.03516	-0.2	-244	19.1	17.6	1.5	17.6	0.0	17.6	
1.03906	-0.2	-244	19.1	17.7	1.4	17.7	0.0	17.7	
1.04297	-0.2	-244	19.1	17.6	1.5	17.6	0.0	17.6	
1.04688	-0.2	-244	19.1	17.7	1.4	17.7	0.0	17.7	
1.05078	-0.2	-244	19.1	17.6	1.5	17.6	0.0	17.6	
1.05469	-0.2	-244	19.2	17.6	1.6	17.6	0.0	17.6	
1.05859	-0.2	-244	19.2	17.6	1.6	17.6	0.0	17.6	
1.06250	-0.3	-244	19.1	17.6	1.5	17.6	0.0	17.6	
1.06641	-0.3	-244	19.2	17.6	1.6	17.6	0.0	17.6	
1.07031	-0.3	-244	19.3	17.6	1.7	17.6	0.0	17.6	
1.07422	-0.3	-244	19.2	17.6	1.6	17.6	0.0	17.6	
1.07812	-0.2	-244	19.2	17.6	1.6	17.6	0.0	17.6	
1.08203	-0.2	-244	19.3	17.7	1.6	17.7	0.0	17.7	
1.08594	-0.3	-244	19.2	17.6	1.6	17.6	0.0	17.6	
1.08984	-0.2	-244	19.3	17.6	1.7	17.6	0.0	17.6	
1.09375	-0.1	-244	19.3	17.7	1.6	17.7	0.0	17.7	
1.09766	-0.1	-244	19.3	17.6	1.7	17.6	0.0	17.6	
1.10156	0.0	-244	19.3	17.6	1.7	17.6	0.0	17.6	
1.10547	0.1	-244	19.3	17.7	1.6	17.7	0.0	17.7	
1.10938	-0.2	-244	19.2	17.7	1.5	17.7	0.0	17.7	
1.11328	-0.2	-244	19.3	17.7	1.6	17.7	0.0	17.7	
1.11719	-0.1	-244	19.3	17.7	1.6	17.7	0.0	17.7	
1.12109	-0.2	-244	19.3	17.6	1.7	17.6	0.0	17.6	
1.12500	-0.2	-244	19.3	17.6	1.7	17.6	0.0	17.6	
1.12891	-0.2	-244	19.3	17.7	1.6	17.7	0.0	17.7	
1.13281	-0.3	-244	19.3	17.7	1.6	17.7	0.0	17.7	
1.13672	-0.2	-244	19.3	17.6	1.7	17.6	0.0	17.6	
1.14062	-0.3	-244	19.4	17.7	1.7	17.7	0.0	17.7	
1.14453	-0.5	-244	19.4	17.7	1.7	17.7	0.0	17.7	
1.14844	-0.6	-244	19.4	17.7	1.7	17.7	0.0	17.7	
1.15234	-0.7	-244	19.5	17.7	1.8	17.7	0.0	17.7	
1.15625	-0.8	-244	19.6	17.7	1.9	17.7	0.0	17.7	
1.16016	-1.0	-244	19.7	17.7	2.0	17.7	0.0	17.7	
1.16406	-1.2	-245	19.8	17.8	2.0	17.8	0.0	17.8	
1.16797	-1.2	-245	19.9	17.8	2.1	17.8	0.0	17.8	
1.17188	-1.1	-245	19.9	17.8	2.1	17.8	0.0	17.8	
1.17578	-0.9	-245	19.9	17.9	2.0	17.9	0.0	17.9	
1.17969	-0.7	-245	20.0	17.9	2.1	17.9	0.0	17.9	
1.18359	-0.6	-245	20.0	17.8	2.2	17.8	0.0	17.8	
1.18750	-0.4	-245	20.0	17.9	2.1	17.9	0.0	17.9	
1.19141	-0.2	-245	20.0	17.9	2.1	17.9	0.0	17.9	
1.19531	-0.2	-245	20.1	17.9	2.2	17.9	0.0	17.9	
1.19922	-0.1	-245	20.1	17.9	2.2	17.9	0.0	17.9	
1.20312	0.1	-245	20.1	17.9	2.2	17.9	0.0	17.9	
1.20703	0.0	-245	20.0	17.9	2.1	17.9	0.0	17.9	
1.21094	-0.2	-245	20.0	17.9	2.1	17.9	0.0	17.9	
1.21484	-0.1	-245	20.0	18.0	2.0	18.0	0.0	18.0	
1.21875	-0.0	-245	20.0	18.0	2.0	18.0	0.0	18.0	
1.22266	-0.1	-245	20.0	18.0	2.0	18.0	0.0	18.0	
1.22656	-0.2	-245	20.0	18.0	2.0	18.0	0.0	18.0	
1.23047	-0.2	-245	20.0	18.0	2.0	18.0	0.0	18.0	
1.23438	-0.3	-245	20.0	18.0	2.0	18.0	0.0	18.0	
1.23828	-0.4	-245	20.0	18.1	1.9	18.1	0.0	18.1	
1.24219	-0.3	-245	20.1	18.1	2.0	18.1	0.0	18.1	
1.24609	-0.2	-245	20.1	18.1	2.0	18.1	0.0	18.1	
1.25000	-0.3	-245	20.1	18.1	2.0	18.1	0.0	18.1	
1.25391	-0.3	-245	20.2	18.1	2.1	18.1	0.0	18.1	
1.25781	-0.4	-245	20.2	18.1	2.1	18.1	0.0	18.1	
1.26172	-0.4	-245	20.2	18.0	2.2	18.0	0.0	18.0	
1.26562	-0.2	-245	20.3	18.1	2.2	18.1	0.0	18.1	
1.26953	-0.2	-245	20.2	18.2	2.0	18.2	0.0	18.2	
1.27344	-0.2	-245	20.2	18.2	2.0	18.2	0.0	18.2	
1.27734	-0.1	-245	20.2	18.2	2.0	18.2	0.0	18.2	
1.28125	-0.2	-245	20.2	18.2	2.0	18.2	0.0	18.2	
1.28516	-0.3	-245	20.2	18.2	2.0	18.2	0.0	18.2	
1.28906	-0.4	-245	20.2	18.3	1.9	18.3	0.0	18.3	
1.29297	-0.2	-245	20.2	18.2	2.0	18.2	0.0	18.2	
1.29688	-0.2	-245	20.3	18.2	2.1	18.2	0.0	18.2	
1.30078	-0.2	-245	20.3	18.3	2.0	18.3	0.0	18.3	
1.30469	-0.1	-245	20.3	18.3	2.0	18.3	0.0	18.3	
1.30859	-0.3	-245	20.3	18.3	2.0	18.3	0.0	18.3	
1.31250	-0.5	-245	20.4	18.4	2.0	18.4	0.0	18.4	
1.31641	-0.3	-245	20.3	18.4	1.9	18.4	0.0	18.4	
1.32031	-0.2	-245	20.3	18.4	1.9	18.4	0.0	18.4	
1.32422	-0.3	-245	20.4	18.5	1.9	18.5	0.0	18.5	
1.32812	-0.3	-245	20.4	18.5	1.9	18.5	0.0	18.5	
1.33203	-0.3	-245	20.4	18.4	2.0	18.4	0.0	18.4	
1.33594	-0.2	-245	20.3	18.4	1.9	18.4	0.0	18.4	
1.33984	-0.2	-245	20.4	18.4	2.0	18.4	0.0	18.4	
1.34375	-0.2	-245	20.4	18.5	1.9	18.5	0.0	18.5	
1.34766	-0.2	-245	20.4	18.4	2.0	18.4	0.0	18.4	
1.35156	-0.2	-245	20.4	18.4	2.0	18.4	0.0	18.4	
1.35547	-0.3	-246	20.4	18.5	1.9	18.5	0.0	18.5	
1.35938	-0.3	-246	20.4	18.5	1.9	18.5	0.0	18.5	
1.36328	-0.3	-246	20.5	18.5	2.0	18.5	0.0	18.5	
1.36719	-0.3	-246	20.5	18.5	2.0	18.5	0.0	18.5	
1.37109	-0.4	-246	20.5	18.5	2.0	18.5	0.0	18.5	
1.37500	-0.4	-246	20.5	18.5	2.0	18.5	0.0	18.5	
1.37891	-0.3	-246	20.6	18.6	2.0	18.6	0.0	18.6	
1.38281	-0.2	-246	20.5	18.6	1.9	18.6	0.0	18.6	
1.38672	-0.4	-246	20.5	18.6	1.9	18.6	0.0	18.6	
1.39062	-0.3	-246	20.6	18.6	2.0	18.6	0.0	18.6	
1.39453	-0.1	-246	20.5	18.7	1.8	18.7	0.0	18.7	
1.39844	-0.1	-246	20.5	18.7	1.8	18.7	0.0	18.7	
1.40234	-0.0	-246	20.5	18.7	1.8	18.7	0.0	18.7	
1.40625	-0.0	-246	20.5	18.7	1.8	18.7	0.0	18.7	
1.41016	-0.1	-246	20.5	18.8	1.7	18.8	0.0	18.8	
1.41406	-0.0	-246	20.4	18.8	1.6	18.8	0.0	18.8	
1.41797	-0.0	-246	20.4	18.8	1.6	18.8	0.0	18.8	
1.42188	-0.1	-246	20.4	18.8	1.6	18.8	0.0	18.8	
1.42578	-0.2	-246	20.4	18.9	1.5	18.9	0.0	18.9	
1.42969	-0.2	-246	20.4	18.9	1.5	18.9	0.0	18.9	
1.43359	-0.3	-246	20.4	18.9	1.5	18.9	0.0	18.9	
1.43750	-0.2	-246	20.4	18.9	1.5	18.9	0.0	18.9	
1.44141	-0.2	-246	20.4	18.9	1.5	18.9	0.0	18.9	
1.44531	-0.3	-246	20.4	18.9	1.5	18.9	0.0	18.9	
1.44922	-0.2	-246	20.4	19.0	1.4	19.0	0.0	19.0	
1.45312	-0.2	-246	20.4	19.1	1.3	19.1	0.0	19.1	
1.45703	-0.4	-246	20.4	19.1	1.3	19.1	0.0	19.1	
1.46094	-0.3	-246	20.4	19.0	1.4	19.0	0.0	19.0	
1.46484	-0.3	-246	20.5	19.0	1.5	19.0	0.0	19.0	
1.46875	-0.3	-246	20.5	19.1	1.4	19.1	0.0	19.1	
1.47266	-0.2	-246	20.5	19.0	1.5	19.0	0.0	19.0	
1.47656	-0.2	-246	20.5	19.1	1.4	19.1	0.0	19.1	
1.48047	-0.3	-246	20.5	19.1	1.4	19.1	0.0	19.1	
1.48438	-0.5	-246	20.6	19.1	1.5	19.1	0.0	19.1	
1.48828	-0.5	-246	20.6	19.1	1.5	19.1	0.0	19.1	
1.49219	-0.6	-246	20.6	19.1	1.5	19.1	0.0	19.1	
1.49609	-0.7	-246	20.7	19.1	1.6	19.1	0.0	19.1	
1.50000	-0.8	-246	20.7	19.1	1.6	19.1	0.0	19.1	
1.50391	-0.8	-246	20.8	19.2	1.6	19.2	0.0	19.2	
1.50781	-0.8	-246	20.9	19.2	1.7	19.2	0.0	19.2	
1.51172	-0.8	-246	20.9	19.2	1.7	19.2	0.0	19.2	
1.51562	-0.8	-246	20.9	19.2	1.7	19.2	0.0	19.2	
1.51953	-0.8	-246	21.0	19.3	1.7	19.3	0.0	19.3	
1.52344	-0.8	-246	21.0	19.4	1.6	19.4	0.0	19.4	
1.52734	-0.7	-247	21.1	19.4	1.7	19.4	0.0	19.4	
1.53125	-0.7	-247	21.2	19.4	1.8	19.4	0.0	19.4	
1.53516	-0.8	-247	21.2	19.4	1.8	19.4	0.0	19.4	
1.53906	-0.5	-247	21.3	19.5	1.8	19.5	0.0	19.5	
1.54297	-0.5	-247	21.3	19.5	1.8	19.5	0.0	19.5	
1.54688	-0.3	-247	21.3	19.6	1.7	19.6	0.0	19.6	
1.55078	-0.1	-247	21.3	19.6	1.7	19.6	0.0	19.6	
1.55469	-0.1	-247	21.3	19.5	1.8	19.5	0.0	19.5	
1.55859	-0.1	-247	21.3	19.6	1.7	19.6	0.0	19.6	
1.56250	0.0	-247	21.3	19.6	1.7	19.6	0.0	19.6	
1.56641	-0.1	-247	21.3	19.6	1.7	19.6	0.0	19.6	
1.57031	-0.1	-247	21.3	19.7	1.6	19.7	0.0	19.7	
1.57422	-0.1	-247	21.2	19.7	1.5	19.7	0.0	19.7	
1.57812	-0.1	-247	21.2	19.7	1.5	19.7	0.0	19.7	
1.58203	-0.0	-247	21.2	19.7	1.5	19.7	0.0	19.7	
1.58594	-0.1	-247	21.2	19.8	1.4	19.8	0.0	19.8	
1.58984	-0.2	-247	21.2	19.7	1.5	19.7	0.0	19.7	
1.59375	-0.3	-247	21.2	19.8	1.4	19.8	0.0	19.8	
1.59766	-0.3	-247	21.2	19.8	1.4	19.8	0.0	19.8	
1.60156	-0.2	-247	21.2	19.8	1.4	19.8	0.0	19.8	
1.60547	-0.4	-247	21.2	19.8	1.4	19.8	0.0	19.8	
1.60938	-0.6	-247	21.2	19.9	1.3	19.9	0.0	19.9	
1.61328	-0.5	-247	21.3	19.9	1.4	19.9	0.0	19.9	
1.61719	-0.3	-247	21.4	19.9	1.5	19.9	0.0	19.9	
1.62109	-0.4	-247	21.4	19.9	1.5	19.9	0.0	19.9	
1.62500	-0.6	-247	21.4	19.9	1.5	19.9	0.0	19.9	
1.62891	-0.5	-247	21.4	19.9	1.5	19.9	0.0	19.9	
1.63281	-0.5	-247	21.4	20.0	1.4	20.0	0.0	20.0	
1.63672	-0.5	-247	21.5	20.0	1.5	20.0	0.0	20.0	
1.64062	-0.3	-247	21.5	20.0	1.5	20.0	0.0	20.0	
1.64453	-0.2	-247	21.5	20.0	1.5	20.0	0.0	20.0	
1.64844	-0.2	-247	21.5	20.1	1.4	20.1	0.0	20.1	
1.65234	-0.2	-247	21.5	20.1	1.4	20.1	0.0	20.1	
1.65625	-0.1	-247	21.5	20.1	1.4	20.1	0.0	20.1	
1.66016	-0.1	-247	21.5	20.1	1.4	20.1	0.0	20.1	
1.66406	-0.1	-247	21.5	20.1	1.4	20.1	0.0	20.1	
1.66797	-0.1	-247	21.5	20.1	1.4	20.1	0.0	20.1	
1.67188	-0.1	-247	21.5	20.1	1.4	20.1	0.0	20.1	
1.67578	-0.1	-247	21.5	20.2	1.3	20.2	0.0	20.2	
1.67969	-0.1	-247	21.5	20.1	1.4	20.1	0.0	20.1	
1.68359	-0.3	-247	21.5	20.2	1.3	20.2	0.0	20.2	
1.68750	-0.4	-247	21.5	20.2	1.3	20.2	0.0	20.2	
1.69141	-0.3	-247	21.5	20.2	1.3	20.2	0.0	20.2	
1.69531	-0.3	-247	21.5	20.1	1.4	20.1	0.0	20.1	
1.69922	-0.4	-247	21.5	20.1	1.4	20.1	0.0	20.1	
1.70312	-0.2	-247	21.6	20.1	1.5	20.1	0.0	20.1	
1.70703	-0.2	-247	21.6	20.1	1.5	20.1	0.0	20.1	
1.71094	-0.3	-247	21.5	20.1	1.4	20.1	0.0	20.1	
1.71484	-0.1	-247	21.6	20.1	1.5	20.1	0.0	20.1	
1.71875	-0.1	-247	21.5	20.1	1.4	20.1	0.0	20.1	
1.72266	-0.1	-247	21.5	20.0	1.5	20.0	0.0	20.0	
1.72656	0.1	-247	21.5	20.0	1.5	20.0	0.0	20.0	
1.73047	0.1	-247	21.5	20.0	1.5	20.0	0.0	20.0	
1.73438	0.1	-247	21.4	20.0	1.4	20.0	0.0	20.0	
1.73828	0.3	-247	21.4	19.9	1.5	19.9	0.0	19.9	
1.74219	0.4	-247	21.3	20.0	1.3	20.0	0.0	20.0	
1.74609	0.5	-247	21.2	19.9	1.3	19.9	0.0	19.9	
1.75000	0.6	-247	21.1	19.9	1.2	19.9	0.0	19.9	
1.75391	0.5	-247	21.2	19.9	1.3	19.9	0.0	19.9	
1.75781	0.3	-247	21.1	19.9	1.2	19.9	0.0	19.9	
1.76172	0.2	-247	21.0	19.8	1.2	19.8	0.0	19.8	
1.76562	0.2	-247	21.0	19.9	1.1	19.9	0.0	19.9	
1.76953	0.1	-247	21.0	19.8	1.2	19.8	0.0	19.8	
1.77344	-0.1	-247	21.0	19.8	1.2	19.8	0.0	19.8	
1.77734	-0.1	-247	21.0	19.8	1.2	19.8	0.0	19.8	
1.78125	-0.2	-247	21.0	19.8	1.2	19.8	0.0	19.8	
1.78516	-0.2	-247	20.9	19.8	1.1	19.8	0.0	19.8	
1.78906	-0.2	-247	21.0	19.8	1.2	19.8	0.0	19.8	
1.79297	-0.3	-247	21.0	19.7	1.3	19.7	0.0	19.7	
1.79688	-0.4	-247	21.0	19.7	1.3	19.7	0.0	19.7	
1.80078	-0.3	-247	21.1	19.8	1.3	19.8	0.0	19.8	
1.80469	-0.2	-247	21.2	19.7	1.5	19.7	0.0	19.7	
1.80859	-0.4	-247	21.1	19.7	1.4	19.7	0.0	19.7	
1.81250	-0.3	-247	21.0	19.7	1.3	19.7	0.0	19.7	
1.81641	-0.2	-247	21.1	19.7	1.4	19.7	0.0	19.7	
1.82031	-0.3	-247	21.1	19.8	1.3	19.8	0.0	19.8	
1.82422	-0.2	-247	21.1	19.8	1.3	19.8	0.0	19.8	
1.82812	-0.1	-247	21.2	19.8	1.4	19.8	0.0	19.8	
1.83203	-0.2	-247	21.2	19.8	1.4	19.8	0.0	19.8	
1.83594	-0.4	-247	21.2	19.7	1.5	19.7	0.0	19.7	
1.83984	-0.4	-247	21.2	19.7	1.5	19.7	0.0	19.7	
1.84375	-0.2	-247	21.3	19.7	1.6	19.7	0.0	19.7	
1.84766	-0.2	-247	21.2	19.7	1.5	19.7	0.0	19.7	
1.85156	-0.2	-248	21.3	19.8	1.5	19.8	0.0	19.8	
1.85547	-0.2	-248	21.4	19.8	1.6	19.8	0.0	19.8	
1.85938	-0.3	-248	21.3	19.8	1.5	19.8	0.0	19.8	
1.86328	-0.4	-248	21.3	19.8	1.5	19.8	0.0	19.8	
1.86719	-0.4	-248	21.4	19.8	1.6	19.8	0.0	19.8	
1.87109	-0.3	-248	21.4	19.8	1.6	19.8	0.0	19.8	
1.87500	-0.1	-248	21.4	19.8	1.6	19.8	0.0	19.8	
1.87891	-0.1	-248	21.5	19.8	1.7	19.8	0.0	19.8	
1.88281	-0.3	-248	21.5	19.8	1.7	19.8	0.0	19.8	
1.88672	-0.2	-248	21.5	19.8	1.7	19.8	0.0	19.8	
1.89062	-0.1	-248	21.5	19.8	1.7	19.8	0.0	19.8	
1.89453	-0.1	-248	21.5	19.8	1.7	19.8	0.0	19.8	
1.89844	-0.0	-248	21.5	19.8	1.7	19.8	0.0	19.8	
1.90234	0.1	-248	21.5	19.9	1.6	19.9	0.0	19.9	
1.90625	0.0	-248	21.5	19.9	1.6	19.9	0.0	19.9	
1.91016	-0.1	-248	21.5	19.8	1.7	19.8	0.0	19.8	
1.91406	-0.1	-248	21.5	19.9	1.6	19.9	0.0	19.9	
1.91797	-0.1	-248	21.5	19.8	1.7	19.8	0.0	19.8	
1.92188	-0.2	-248	21.5	19.9	1.6	19.9	0.0	19.9	
1.92578	-0.3	-248	21.6	19.9	1.7	19.9	0.0	19.9	
1.92969	-0.2	-248	21.6	19.9	1.7	19.9	0.0	19.9	
1.93359	-0.2	-248	21.5	19.9	1.6	19.9	0.0	19.9	
1.93750	-0.3	-248	21.6	19.9	1.7	19.9	0.0	19.9	
1.94141	-0.2	-248	21.6	19.9	1.7	19.9	0.0	19.9	
1.94531	-0.3	-248	21.6	19.9	1.7	19.9	0.0	19.9	
1.94922	-0.4	-248	21.6	20.0	1.6	20.0	0.0	20.0	
1.95312	-0.4	-248	21.7	20.0	1.7	20.0	0.0	20.0	
1.95703	-0.3	-248	21.7	20.0	1.7	20.0	0.0	20.0	
1.96094	-0.4	-248	21.7	20.0	1.7	20.0	0.0	20.0	
1.96484	-0.3	-248	21.7	20.0	1.7	20.0	0.0	20.0	
1.96875	-0.2	-248	21.8	20.0	1.8	20.0	0.0	20.0	
1.97266	-0.2	-248	21.8	20.1	1.7	20.1	0.0	20.1	
1.97656	-0.1	-248	21.8	20.1	1.7	20.1	0.0	20.1	
1.98047	-0.0	-248	21.8	20.0	1.8	20.0	0.0	20.0	
1.98438	-0.2	-248	21.8	20.0	1.8	20.0	0.0	20.0	
1.98828	-0.2	-248	21.8	20.0	1.8	20.0	0.0	20.0	
1.99219	-0.2	-248	21.8	20.1	1.7	20.1	0.0	20.1	
1.99609	-0.2	-248	21.8	20.0	1.8	20.0	0.0	20.0	
2.00000	-0.2	-248	21.8	20.0	1.8	20.0	0.0	20.0	
2.00391	-0.2	-248	21.9	20.0	1.9	20.0	0.0	20.0	
2.00781	-0.3	-248	21.9	20.1	1.8	20.1	0.0	20.1	
2.01172	-0.4	-248	21.9	20.1	1.8	20.1	0.0	20.1	
2.01562	-0.4	-248	21.9	20.1	1.8	20.1	0.0	20.1	
2.01953	-0.4	-248	22.0	20.1	1.9	20.1	0.0	20.1	
2.02344	-0.4	-248	22.0	20.1	1.9	20.1	0.0	20.1	
2.02734	-0.4	-248	22.0	20.1	1.9	20.1	0.0	20.1	
2.03125	-0.4	-248	22.0	20.2	1.8	20.2	0.0	20.2	
2.03516	-0.3	-248	22.0	20.2	1.8	20.2	0.0	20.2	
2.03906	-0.2	-248	22.1	20.2	1.9	20.2	0.0	20.2	
2.04297	-0.0	-248	22.0	20.2	1.8	20.2	0.0	20.2	
2.04688	-0.0	-248	22.0	20.2	1.8	20.2	0.0	20.2	
2.05078	-0.1	-248	22.1	20.2	1.9	20.2	0.0	20.2	
2.05469	-0.1	-248	22.1	20.2	1.9	20.2	0.0	20.2	
2.05859	-0.1	-248	22.0	20.3	1.7	20.3	0.0	20.3	
2.06250	-0.2	-248	22.0	20.2	1.8	20.2	0.0	20.2	
2.06641	-0.2	-248	22.1	20.2	1.9	20.2	0.0	20.2	
2.07031	-0.3	-248	22.1	20.3	1.8	20.3	0.0	20.3	
2.07422	-0.3	-248	22.1	20.3	1.8	20.3	0.0	20.3	
2.07812	-0.3	-248	22.2	20.3	1.9	20.3	0.0	20.3	
2.08203	-0.4	-248	22.3	20.3	2.0	20.3	0.0	20.3	
2.08594	-0.6	-248	22.2	20.3	1.9	20.3	0.0	20.3	
2.08984	-0.7	-248	22.3	20.3	2.0	20.3	0.0	20.3	
2.09375	-0.7	-248	22.4	20.4	2.0	20.4	0.0	20.4	
2.09766	-0.7	-249	22.5	20.3	2.2	20.3	0.0	20.3	
2.10156	-0.7	-249	22.5	20.3	2.2	20.3	0.0	20.3	
2.10547	-0.7	-249	22.5	20.4	2.1	20.4	0.0	20.4	
2.10938	-0.6	-249	22.5	20.4	2.1	20.4	0.0	20.4	
2.11328	-0.5	-249	22.6	20.4	2.2	20.4	0.0	20.4	
2.11719	-0.3	-249	22.6	20.5	2.1	20.5	0.0	20.5	
2.12109	-0.2	-249	22.6	20.5	2.1	20.5	0.0	20.5	
2.12500	0.0	-249	22.6	20.5	2.1	20.5	0.0	20.5	
2.12891	0.1	-249	22.6	20.6	2.0	20.6	0.0	20.6	
2.13281	0.2	-249	22.5	20.6	1.9	20.6	0.0	20.6	
2.13672	0.1	-249	22.5	20.6	1.9	20.6	0.0	20.6	
2.14062	0.1	-249	22.5	20.7	1.8	20.7	0.0	20.7	
2.14453	0.2	-249	22.5	20.7	1.8	20.7	0.0	20.7	
2.14844	0.1	-249	22.4	20.8	1.6	20.8	0.0	20.8	
2.15234	0.1	-249	22.4	20.8	1.6	20.8	0.0	20.8	
2.15625	0.1	-249	22.4	20.7	1.7	20.7	0.0	20.7	
2.16016	-0.3	-249	22.4	20.8	1.6	20.8	0.0	20.8	
2.16406	-0.5	-249	22.4	20.9	1.5	20.9	0.0	20.9	
2.16797	-0.4	-249	22.5	20.9	1.6	20.9	0.0	20.9	
2.17188	-0.4	-249	22.5	20.9	1.6	20.9	0.0	20.9	
2.17578	-0.3	-249	22.5	20.9	1.6	20.9	0.0	20.9	
2.17969	-0.0	-249	22.5	21.0	1.5	21.0	0.0	21.0	
2.18359	-0.2	-249	22.6	21.1	1.5	21.1	0.0	21.1	
2.18750	-0.2	-249	22.5	21.1	1.4	21.1	0.0	21.1	
2.19141	-0.0	-249	22.5	21.1	1.4	21.1	0.0	21.1	
2.19531	0.1	-249	22.6	21.1	1.5	21.1	0.0	21.1	
2.19922	0.2	-249	22.5	21.1	1.4	21.1	0.0	21.1	
2.20312	0.1	-249	22.5	21.1	1.4	21.1	0.0	21.1	
2.20703	0.1	-249	22.4	21.1	1.3	21.1	0.0	21.1	
2.21094	0.3	-249	22.3	21.1	1.2	21.1	0.0	21.1	
2.21484	0.3	-249	22.3	21.2	1.1	21.2	0.0	21.2	
2.21875	0.3	-249	22.3	21.2	1.1	21.2	0.0	21.2	
2.22266	0.3	-249	22.3	21.2	1.1	21.2	0.0	21.2	
2.22656	0.1	-249	22.4	21.2	1.2	21.2	0.0	21.2	
2.23047	-0.2	-249	22.3	21.2	1.1	21.2	0.0	21.2	
2.23438	-0.5	-249	22.4	21.3	1.1	21.3	0.0	21.3	
2.23828	-0.6	-249	22.4	21.3	1.1	21.3	0.0	21.3	
2.24219	-0.5	-249	22.5	21.3	1.2	21.3	0.0	21.3	
2.24609	-0.6	-249	22.5	21.3	1.2	21.3	0.0	21.3	
2.25000	-0.9	-249	22.6	21.4	1.2	21.4	0.0	21.4	
2.25391	-1.0	-249	22.6	21.4	1.2	21.4	0.0	21.4	
2.25781	-1.2	-249	22.7	21.5	1.2	21.5	0.0	21.5	
2.26172	-1.0	-249	22.7	21.5	1.2	21.5	0.0	21.5	
2.26562	-0.7	-249	22.8	21.5	1.3	21.5	0.0	21.5	
2.26953	-0.5	-249	22.9	21.6	1.3	21.6	0.0	21.6	
2.27344	-0.1	-249	22.8	21.6	1.2	21.6	0.0	21.6	
2.27734	0.1	-249	22.9	21.6	1.3	21.6	0.0	21.6	
2.28125	0.1	-249	22.8	21.6	1.2	21.6	0.0	21.6	
2.28516	0.1	-249	22.7	21.7	1.0	21.7	0.0	21.7	
2.28906	0.0	-249	22.8	21.7	1.1	21.7	0.0	21.7	
2.29297	-0.0	-249	22.8	21.7	1.1	21.7	0.0	21.7	
2.29688	-0.1	-249	22.8	21.7	1.1	21.7	0.0	21.7	
2.30078	-0.1	-249	22.8	21.7	1.1	21.7	0.0	21.7	
2.30469	0.0	-249	22.8	21.8	1.0	21.8	0.0	21.8	
2.30859	-0.1	-249	22.8	21.8	1.0	21.8	0.0	21.8	
2.31250	-0.2	-249	22.8	21.8	1.0	21.8	0.0	21.8	
2.31641	-0.3	-249	22.8	21.8	1.0	21.8	0.0	21.8	
2.32031	-0.4	-249	22.8	21.8	1.0	21.8	0.0	21.8	
2.32422	-0.3	-249	22.8	21.9	0.9	21.9	0.0	21.9	
2.32812	-0.3	-249	22.9	21.9	1.0	21.9	0.0	21.9	
2.33203	-0.4	-249	22.9	21.9	1.0	21.9	0.0	21.9	
2.33594	-0.6	-249	22.9	21.9	1.0	21.9	0.0	21.9	
2.33984	-0.6	-249	23.0	21.9	1.1	21.9	0.0	21.9	
2.34375	-0.6	-249	23.0	22.0	1.0	22.0	0.0	22.0	
2.34766	-0.7	-249	23.1	22.1	1.0	22.1	0.0	22.1	
2.35156	-0.5	-250	23.2	22.1	1.1	22.1	0.0	22.1	
2.35547	-0.3	-250	23.1	22.1	1.0	22.1	0.0	22.1	
2.35938	-0.3	-250	23.2	22.1	1.1	22.1	0.0	22.1	
2.36328	-0.1	-250	23.2	22.1	1.1	22.1	0.0	22.1	
2.36719	0.1	-250	23.2	22.1	1.1	22.1	0.0	22.1	
2.37109	-0.1	-250	23.2	22.1	1.1	22.1	0.0	22.1	
2.37500	-0.1	-250	23.2	22.2	1.0	22.2	0.0	22.2	
2.37891	-0.0	-250	23.1	22.2	0.9	22.2	0.0	22.2	
2.38281	-0.0	-250	23.2	22.2	1.0	22.2	0.0	22.2	
2.38672	-0.1	-250	23.2	22.2	1.0	22.2	0.0	22.2	
2.39062	-0.2	-250	23.2	22.3	0.9	22.3	0.0	22.3	
2.39453	-0.3	-250	23.2	22.3	0.9	22.3	0.0	22.3	
2.39844	-0.3	-250	23.2	22.3	0.9	22.3	0.0	22.3	
2.40234	-0.3	-250	23.3	22.3	1.0	22.3	0.0	22.3	
2.40625	-0.4	-250	23.3	22.3	1.0	22.3	0.0	22.3	
2.41016	-0.6	-250	23.3	22.3	1.0	22.3	0.0	22.3	
2.41406	-0.5	-250	23.4	22.2	1.2	22.2	0.0	22.2	
2.41797	-0.5	-250	23.4	22.2	1.2	22.2	0.0	22.2	
2.42188	-0.5	-250	23.5	22.2	1.3	22.2	0.0	22.2	
2.42578	-0.2	-250	23.5	22.2	1.3	22.2	0.0	22.2	
2.42969	0.0	-250	23.5	22.2	1.3	22.2	0.0	22.2	
2.43359	0.1	-250	23.4	22.2	1.2	22.2	0.0	22.2	
2.43750	0.1	-250	23.3	22.2	1.1	22.2	0.0	22.2	
2.44141	0.2	-250	23.3	22.2	1.1	22.2	0.0	22.2	
2.44531	0.2	-250	23.3	22.2	1.1	22.2	0.0	22.2	
2.44922	0.3	-250	23.2	22.1	1.1	22.1	0.0	22.1	
2.45312	0.6	-250	23.2	22.1	1.1	22.1	0.0	22.1	
2.45703	1.0	-250	23.0	22.1	0.9	22.1	0.0	22.1	
2.46094	1.1	-250	23.0	22.0	1.0	22.0	0.0	22.0	
2.46484	1.1	-250	22.9	22.1	0.8	22.1	0.0	22.1	
2.46875	1.1	-249	22.8	22.0	0.8	22.0	0.0	22.0	
2.47266	0.8	-249	22.8	22.0	0.8	22.0	0.0	22.0	
2.47656	0.5	-249	22.7	22.0	0.7	22.0	0.0	22.0	
2.48047	0.4	-249	22.7	22.0	0.7	22.0	0.0	22.0	
2.48438	0.1	-249	22.6	21.9	0.7	21.9	0.0	21.9	
2.48828	0.0	-249	22.6	21.9	0.7	21.9	0.0	21.9	
2.49219	-0.0	-249	22.6	21.9	0.7	21.9	0.0	21.9	
2.49609	-0.3	-249	22.6	21.9	0.7	21.9	0.0	21.9	
2.50000	-0.4	-249	22.6	21.9	0.7	21.9	0.0	21.9	
2.50391	-0.3	-249	22.6	21.9	0.7	21.9	0.0	21.9	
2.50781	-0.1	-249	22.6	21.9	0.7	21.9	0.0	21.9	
2.51172	-0.2	-249	22.6	21.8	0.8	21.8	0.0	21.8	
2.51562	-0.3	-249	22.6	21.8	0.8	21.8	0.0	21.8	
2.51953	-0.1	-249	22.7	21.8	0.9	21.8	0.0	21.8	
2.52344	-0.2	-249	22.6	21.9	0.7	21.9	0.0	21.9	
2.52734	-0.2	-249	22.6	21.8	0.8	21.8	0.0	21.8	
2.53125	-0.0	-249	22.7	21.9	0.8	21.9	0.0	21.9	
2.53516	-0.1	-249	22.7	21.9	0.8	21.9	0.0	21.9	
2.53906	-0.2	-249	22.7	21.9	0.8	21.9	0.0	21.9	
2.54297	-0.1	-249	22.7	21.9	0.8	21.9	0.0	21.9	
2.54688	-0.2	-250	22.7	21.9	0.8	21.9	0.0	21.9	
2.55078	-0.2	-250	22.7	21.9	0.8	21.9	0.0	21.9	
2.55469	-0.1	-250	22.7	21.9	0.8	21.9	0.0	21.9	
2.55859	-0.2	-250	22.6	21.9	0.7	21.9	0.0	21.9	
2.56250	-0.3	-250	22.7	21.9	0.8	21.9	0.0	21.9	
2.56641	-0.3	-250	22.8	21.9	0.9	21.9	0.0	21.9	
2.57031	-0.3	-250	22.7	21.9	0.8	21.9	0.0	21.9	
2.57422	-0.3	-250	22.7	21.9	0.8	21.9	0.0	21.9	
2.57812	-0.4	-250	22.8	21.9	0.9	21.9	0.0	21.9	
2.58203	-0.5	-250	22.8	22.0	0.8	22.0	0.0	22.0	
2.58594	-0.4	-250	22.9	21.9	1.0	21.9	0.0	21.9	
2.58984	-0.3	-250	22.9	21.9	1.0	21.9	0.0	21.9	
2.59375	-0.2	-250	22.9	21.9	1.0	21.9	0.0	21.9	
2.59766	-0.1	-250	22.9	21.9	1.0	21.9	0.0	21.9	
2.60156	-0.0	-250	22.9	22.0	0.9	22.0	0.0	22.0	
2.60547	0.1	-250	22.9	22.0	0.9	22.0	0.0	22.0	
2.60938	-0.0	-250	22.8	22.0	0.8	22.0	0.0	22.0	
2.61328	0.0	-250	22.8	22.0	0.8	22.0	0.0	22.0	
2.61719	0.2	-250	22.8	22.0	0.8	22.0	0.0	22.0	
2.62109	0.0	-250	22.8	22.0	0.8	22.0	0.0	22.0	
2.62500	0.1	-250	22.8	22.0	0.8	22.0	0.0	22.0	
2.62891	0.1	-250	22.8	22.0	0.8	22.0	0.0	22.0	
2.63281	-0.0	-250	22.7	22.0	0.7	22.0	0.0	22.0	
2.63672	-0.2	-250	22.7	22.1	0.6	22.1	0.0	22.1	
2.64062	-0.2	-250	22.7	22.1	0.6	22.1	0.0	22.1	
2.64453	-0.2	-250	22.7	22.0	0.7	22.0	0.0	22.0	
2.64844	-0.2	-250	22.7	22.1	0.6	22.1	0.0	22.1	
2.65234	-0.1	-250	22.7	22.1	0.6	22.1	0.0	22.1	
2.65625	-0.1	-250	22.7	22.1	0.6	22.1	0.0	22.1	
2.66016	-0.2	-250	22.7	22.1	0.6	22.1	0.0	22.1	
2.66406	-0.1	-250	22.6	22.1	0.5	22.1	0.0	22.1	
2.66797	-0.0	-250	22.6	22.1	0.5	22.1	0.0	22.1	
2.67188	-0.0	-250	22.6	22.2	0.4	22.2	0.0	22.2	
2.67578	0.0	-250	22.6	22.1	0.5	22.1	0.0	22.1	
2.67969	0.0	-250	22.6	22.2	0.4	22.2	0.0	22.2	
2.68359	0.1	-250	22.5	22.2	0.3	22.2	0.0	22.2	
2.68750	0.1	-250	22.5	22.2	0.3	22.2	0.0	22.2	
2.69141	0.2	-250	22.5	22.2	0.3	22.2	0.0	22.2	
2.69531	0.2	-250	22.5	22.2	0.3	22.2	0.0	22.2	
2.69922	-0.0	-250	22.4	22.2	0.2	22.2	0.0	22.2	
2.70312	0.1	-250	22.4	22.2	0.2	22.2	0.0	22.2	
2.70703	0.1	-250	22.4	22.2	0.2	22.2	0.0	22.2	
2.71094	-0.2	-250	22.3	22.2	0.1	22.2	0.0	22.2	
2.71484	-0.1	-250	22.4	22.2	0.2	22.2	0.0	22.2	
2.71875	-0.0	-250	22.3	22.2	0.1	22.2	0.0	22.2	
2.72266	-0.1	-250	22.2	22.2	0.0	22.2	0.0	22.2	
2.72656	0.2	-250	22.2	22.2	0.0	22.2	0.0	22.2	
2.73047	0.3	-250	22.2	22.2	0.0	22.2	0.0	22.2	
2.73438	0.2	-250	22.2	22.2	0.0	22.2	0.0	22.2	
2.73828	0.5	-250	22.0	22.1	-0.1	22.1	0.0	22.1	
2.74219	0.9	-250	21.9	22.2	-0.3	22.2	0.0	22.2	
2.74609	1.2	-250	21.8	22.2	-0.4	22.2	0.0	22.2	
2.75000	1.7	-249	21.6	22.1	-0.5	22.1	0.0	22.1	
2.75391	2.0	-249	21.5	22.1	-0.6	22.1	0.0	22.1	
2.75781	2.1	-249	21.5	22.1	-0.6	22.1	0.0	22.1	
2.76172	2.1	-249	21.3	22.1	-0.8	22.1	0.0	22.1	
2.76562	2.1	-249	21.2	22.1	-0.9	22.1	0.0	22.1	
2.76953	1.9	-249	21.1	22.0	-0.9	22.0	0.0	22.0	
2.77344	1.6	-249	21.0	22.0	-1.0	22.0	0.0	22.0	
2.77734	1.6	-249	20.9	22.0	-1.1	22.0	0.0	22.0	
2.78125	1.5	-248	20.8	22.0	-1.2	22.0	0.0	22.0	
2.78516	1.2	-248	20.7	22.0	-1.3	22.0	0.0	22.0	
2.78906	1.3	-248	20.6	22.0	-1.4	22.0	0.0	22.0	
2.79297	1.5	-248	20.5	21.9	-1.4	21.9	0.0	21.9	
2.79688	1.5	-248	20.4	21.9	-1.5	21.9	0.0	21.9	
2.80078	1.7	-248	20.3	21.8	-1.5	21.8	0.0	21.8	
2.80469	2.0	-248	20.1	21.8	-1.7	21.8	0.0	21.8	
2.80859	2.1	-248	20.0	21.8	-1.8	21.8	0.0	21.8	
2.81250	2.3	-248	19.9	21.7	-1.8	21.7	0.0	21.7	
2.81641	2.3	-247	19.8	21.7	-1.9	21.7	0.0	21.7	
2.82031	2.1	-247	19.7	21.7	-2.0	21.7	0.0	21.7	
2.82422	2.0	-247	19.5	21.7	-2.2	21.7	0.0	21.7	
2.82812	1.9	-247	19.5	21.6	-2.1	21.6	0.0	21.6	
2.83203	1.7	-247	19.4	21.6	-2.2	21.6	0.0	21.6	
2.83594	1.4	-247	19.3	21.5	-2.2	21.5	0.0	21.5	
2.83984	1.2	-247	19.2	21.5	-2.3	21.5	0.0	21.5	
2.84375	1.0	-247	19.2	21.5	-2.3	21.5	0.0	21.5	
2.84766	0.6	-247	19.1	21.4	-2.3	21.4	0.0	21.4	
2.85156	0.5	-247	19.0	21.5	-2.5	21.5	0.0	21.5	
2.85547	0.6	-247	19.0	21.4	-2.4	21.4	0.0	21.4	
2.85938	0.6	-247	18.9	21.4	-2.5	21.4	0.0	21.4	
2.86328	0.6	-247	18.8	21.4	-2.6	21.4	0.0	21.4	
2.86719	0.7	-246	18.8	21.4	-2.6	21.4	0.0	21.4	
2.87109	0.8	-246	18.7	21.4	-2.7	21.4	0.0	21.4	
2.87500	0.9	-246	18.7	21.4	-2.7	21.4	0.0	21.4	
2.87891	1.0	-246	18.6	21.3	-2.7	21.3	0.0	21.3	
2.88281	0.9	-246	18.5	21.3	-2.8	21.3	0.0	21.3	
2.88672	0.8	-246	18.4	21.3	-2.9	21.3	0.0	21.3	
2.89062	0.7	-246	18.4	21.2	-2.8	21.2	0.0	21.2	
2.89453	0.7	-246	18.4	21.2	-2.8	21.2	0.0	21.2	
2.89844	0.6	-246	18.3	21.2	-2.9	21.2	0.0	21.2	
2.90234	0.5	-246	18.2	21.1	-2.9	21.1	0.0	21.1	
2.90625	0.4	-246	18.1	21.1	-3.0	21.1	0.0	21.1	
2.91016	0.3	-246	18.1	21.1	-3.0	21.1	0.0	21.1	
2.91406	0.4	-246	18.1	21.1	-3.0	21.1	0.0	21.1	
2.91797	0.4	-246	18.1	21.1	-3.0	21.1	0.0	21.1	
2.92188	0.4	-246	18.0	21.0	-3.0	21.0	0.0	21.0	
2.92578	0.3	-246	18.0	21.0	-3.0	21.0	0.0	21.0	
2.92969	0.2	-246	18.0	21.0	-3.0	21.0	0.0	21.0	
2.93359	0.2	-246	17.9	20.9	-3.0	20.9	0.0	20.9	
2.93750	0.2	-246	17.8	20.9	-3.1	20.9	0.0	20.9	
2.94141	0.3	-246	17.9	20.9	-3.0	20.9	0.0	20.9	
2.94531	0.3	-246	17.8	20.8	-3.0	20.8	0.0	20.8	
2.94922	0.3	-246	17.8	20.7	-2.9	20.7	0.0	20.7	
2.95312	0.2	-246	17.8	20.7	-2.9	20.7	0.0	20.7	
2.95703	0.1	-246	17.7	20.7	-3.0	20.7	0.0	20.7	
2.96094	-0.1	-246	17.7	20.7	-3.0	20.7	0.0	20.7	
2.96484	-0.2	-246	17.7	20.7	-3.0	20.7	0.0	20.7	
2.96875	-0.3	-246	17.7	20.6	-2.9	20.6	0.0	20.6	
2.97266	-0.4	-246	17.7	20.7	-3.0	20.7	0.0	20.7	
2.97656	-0.3	-246	17.8	20.7	-2.9	20.7	0.0	20.7	
2.98047	-0.1	-246	17.8	20.6	-2.8	20.6	0.0	20.6	
2.98438	-0.2	-246	17.8	20.6	-2.8	20.6	0.0	20.6	
2.98828	-0.4	-246	17.8	20.6	-2.8	20.6	0.0	20.6	
2.99219	-0.3	-246	17.9	20.6	-2.7	20.6	0.0	20.6	
2.99609	-0.2	-246	17.9	20.6	-2.7	20.6	0.0	20.6	
3.00000	-0.3	-246	17.9	20.5	-2.6	20.5	0.0	20.5	
3.00391	-0.2	-246	17.9	20.5	-2.6	20.5	0.0	20.5	
3.00781	-0.2	-246	17.9	20.6	-2.7	20.6	0.0	20.6	
3.01172	-0.0	-246	17.9	20.5	-2.6	20.5	0.0	20.5	
3.01562	0.1	-246	17.9	20.5	-2.6	20.5	0.0	20.5	
3.01953	0.1	-246	17.8	20.5	-2.7	20.5	0.0	20.5	
3.02344	0.2	-246	17.7	20.5	-2.8	20.5	0.0	20.5	
3.02734	0.4	-246	17.8	20.5	-2.7	20.5	0.0	20.5	
3.03125	0.5	-246	17.7	20.4	-2.7	20.4	0.0	20.4	
3.03516	0.8	-246	17.6	20.4	-2.8	20.4	0.0	20.4	
3.03906	1.0	-246	17.5	20.5	-3.0	20.5	0.0	20.5	
3.04297	1.2	-246	17.4	20.4	-3.0	20.4	0.0	20.4	
3.04688	1.4	-246	17.3	20.4	-3.1	20.4	0.0	20.4	
3.05078	1.4	-246	17.3	20.4	-3.1	20.4	0.0	20.4	
3.05469	1.4	-245	17.2	20.3	-3.1	20.3	0.0	20.3	
3.05859	1.5	-245	17.0	20.3	-3.3	20.3	0.0	20.3	
3.06250	1.3	-245	17.0	20.3	-3.3	20.3	0.0	20.3	
3.06641	1.1	-245	17.0	20.2	-3.2	20.2	0.0	20.2	
3.07031	0.8	-245	16.9	20.2	-3.3	20.2	0.0	20.2	
3.07422	0.5	-245	16.8	20.2	-3.4	20.2	0.0	20.2	
3.07812	0.4	-245	16.8	20.2	-3.4	20.2	0.0	20.2	
3.08203	0.1	-245	16.8	20.2	-3.4	20.2	0.0	20.2	
3.08594	-0.2	-245	16.8	20.2	-3.4	20.2	0.0	20.2	
3.08984	-0.1	-245	16.8	20.1	-3.3	20.1	0.0	20.1	
3.09375	-0.2	-245	16.8	20.1	-3.3	20.1	0.0	20.1	
3.09766	-0.3	-245	16.8	20.1	-3.3	20.1	0.0	20.1	
3.10156	-0.2	-245	16.8	20.1	-3.3	20.1	0.0	20.1	
3.10547	-0.1	-245	16.9	20.1	-3.2	20.1	0.0	20.1	
3.10938	-0.3	-245	16.9	20.1	-3.2	20.1	0.0	20.1	
3.11328	-0.3	-245	16.8	20.0	-3.2	20.0	0.0	20.0	
3.11719	-0.2	-245	16.9	20.0	-3.1	20.0	0.0	20.0	
3.12109	-0.2	-245	16.9	20.1	-3.2	20.1	0.0	20.1	
3.12500	-0.2	-245	16.8	20.1	-3.3	20.1	0.0	20.1	
3.12891	0.0	-245	16.8	20.1	-3.3	20.1	0.0	20.1	
3.13281	0.0	-245	16.9	20.0	-3.1	20.0	0.0	20.0	
3.13672	-0.1	-245	16.8	20.0	-3.2	20.0	0.0	20.0	
3.14062	-0.1	-245	16.9	20.0	-3.1	20.0	0.0	20.0	
3.14453	0.1	-245	16.8	20.0	-3.2	20.0	0.0	20.0	
3.14844	0.2	-245	16.7	20.0	-3.3	20.0	0.0	20.0	
3.15234	0.3	-245	16.7	20.0	-3.3	20.0	0.0	20.0	
3.15625	0.4	-245	16.6	19.9	-3.3	19.9	0.0	19.9	
3.16016	0.5	-245	16.6	19.9	-3.3	19.9	0.0	19.9	
3.16406	0.5	-245	16.5	19.9	-3.4	19.9	0.0	19.9	
3.16797	0.6	-245	16.5	19.9	-3.4	19.9	0.0	19.9	
3.17188	0.6	-245	16.4	19.9	-3.5	19.9	0.0	19.9	
3.17578	0.6	-245	16.3	19.8	-3.5	19.8	0.0	19.8	
3.17969	0.7	-245	16.2	19.8	-3.6	19.8	0.0	19.8	
3.18359	0.6	-245	16.2	19.8	-3.6	19.8	0.0	19.8	
3.18750	0.6	-245	16.2	19.8	-3.6	19.8	0.0	19.8	
3.19141	0.5	-245	16.2	19.8	-3.6	19.8	0.0	19.8	
3.19531	0.3	-245	16.1	19.8	-3.7	19.8	0.0	19.8	
3.19922	0.2	-245	16.1	19.8	-3.7	19.8	0.0	19.8	
3.20312	0.1	-245	16.1	19.7	-3.6	19.7	0.0	19.7	
3.20703	-0.1	-245	16.0	19.7	-3.7	19.7	0.0	19.7	
3.21094	-0.2	-245	16.0	19.7	-3.7	19.7	0.0	19.7	
3.21484	-0.2	-245	16.0	19.7	-3.7	19.7	0.0	19.7	
3.21875	-0.1	-245	16.0	19.7	-3.7	19.7	0.0	19.7	
3.22266	-0.1	-245	16.0	19.7	-3.7	19.7	0.0	19.7	
3.22656	-0.1	-245	16.1	19.7	-3.6	19.7	0.0	19.7	
