FluxView - FluxMed acquisition system
Signal file
Serial Number	:
W version:	1.20h-OX-CO2	File version:	1.13
Sampling rate:	256 Hz
Time	Flow	Volume	Paw	Pes	Ptpulm	Pga	Ptdiaf	CO2	
0.00391	-0.0	186	14.3	15.3	-1.0	15.3	0.0	15.3	
0.00781	0.1	186	14.3	15.3	-1.0	15.3	0.0	15.3	
0.01172	0.1	186	14.3	15.3	-1.0	15.3	0.0	15.3	
0.01562	0.2	186	14.3	15.3	-1.0	15.3	0.0	15.3	
0.01953	0.2	186	14.3	15.3	-1.0	15.3	0.0	15.3	
0.02344	0.2	186	14.4	15.3	-0.9	15.3	0.0	15.3	
0.02734	0.1	186	14.4	15.3	-0.9	15.3	0.0	15.3	
0.03125	0.1	186	14.4	15.3	-0.9	15.3	0.0	15.3	
0.03516	0.0	186	14.4	15.3	-0.9	15.3	0.0	15.3	
0.03906	-0.0	186	14.4	15.3	-0.9	15.3	0.0	15.3	
0.04297	-0.1	186	14.4	15.3	-0.9	15.3	0.0	15.3	
0.04688	-0.1	186	14.4	15.3	-0.9	15.3	0.0	15.3	
0.05078	-0.2	186	14.4	15.3	-0.9	15.3	0.0	15.3	
0.05469	-0.2	186	14.4	15.4	-1.0	15.4	0.0	15.4	
0.05859	-0.2	186	14.4	15.4	-1.0	15.4	0.0	15.4	
0.06250	-0.2	186	14.4	15.4	-1.0	15.4	0.0	15.4	
0.06641	-0.2	186	14.5	15.4	-0.9	15.4	0.0	15.4	
0.07031	-0.2	186	14.5	15.4	-0.9	15.4	0.0	15.4	
0.07422	-0.2	186	14.5	15.4	-0.9	15.4	0.0	15.4	
0.07812	-0.2	186	14.5	15.4	-0.9	15.4	0.0	15.4	
0.08203	-0.2	186	14.5	15.4	-0.9	15.4	0.0	15.4	
0.08594	-0.2	186	14.6	15.4	-0.8	15.4	0.0	15.4	
0.08984	-0.2	186	14.6	15.4	-0.8	15.4	0.0	15.4	
0.09375	-0.1	186	14.6	15.4	-0.8	15.4	0.0	15.4	
0.09766	-0.2	186	14.6	15.4	-0.8	15.4	0.0	15.4	
0.10156	-0.2	186	14.6	15.4	-0.8	15.4	0.0	15.4	
0.10547	-0.2	186	14.7	15.4	-0.7	15.4	0.0	15.4	
0.10938	-0.2	186	14.7	15.4	-0.7	15.4	0.0	15.4	
0.11328	-0.2	186	14.7	15.4	-0.7	15.4	0.0	15.4	
0.11719	-0.2	186	14.8	15.4	-0.6	15.4	0.0	15.4	
0.12109	-0.2	186	14.8	15.4	-0.6	15.4	0.0	15.4	
0.12500	-0.2	186	14.8	15.4	-0.6	15.4	0.0	15.4	
0.12891	-0.2	186	14.8	15.4	-0.6	15.4	0.0	15.4	
0.13281	-0.1	186	14.8	15.4	-0.6	15.4	0.0	15.4	
0.13672	-0.1	186	14.8	15.4	-0.6	15.4	0.0	15.4	
0.14062	-0.1	186	14.9	15.4	-0.5	15.4	0.0	15.4	
0.14453	-0.1	186	14.9	15.5	-0.6	15.5	0.0	15.5	
0.14844	-0.1	186	14.9	15.5	-0.6	15.5	0.0	15.5	
0.15234	-0.1	186	14.9	15.5	-0.6	15.5	0.0	15.5	
0.15625	-0.1	186	14.9	15.5	-0.6	15.5	0.0	15.5	
0.16016	-0.1	186	14.9	15.5	-0.6	15.5	0.0	15.5	
0.16406	-0.0	186	14.9	15.5	-0.6	15.5	0.0	15.5	
0.16797	-0.0	186	14.9	15.5	-0.6	15.5	0.0	15.5	
0.17188	-0.1	186	14.9	15.5	-0.6	15.5	0.0	15.5	
0.17578	-0.0	186	14.9	15.5	-0.6	15.5	0.0	15.5	
0.17969	-0.0	186	14.9	15.5	-0.6	15.5	0.0	15.5	
0.18359	-0.1	186	14.9	15.5	-0.6	15.5	0.0	15.5	
0.18750	-0.0	186	14.9	15.5	-0.6	15.5	0.0	15.5	
0.19141	-0.1	186	14.9	15.5	-0.6	15.5	0.0	15.5	
0.19531	-0.1	186	14.8	15.5	-0.7	15.5	0.0	15.5	
0.19922	-0.0	186	14.8	15.5	-0.7	15.5	0.0	15.5	
0.20312	-0.1	186	14.8	15.5	-0.7	15.5	0.0	15.5	
0.20703	-0.1	186	14.8	15.5	-0.7	15.5	0.0	15.5	
0.21094	-0.0	186	14.8	15.5	-0.7	15.5	0.0	15.5	
0.21484	-0.1	186	14.8	15.5	-0.7	15.5	0.0	15.5	
0.21875	-0.1	186	14.8	15.5	-0.7	15.5	0.0	15.5	
0.22266	-0.1	186	14.8	15.5	-0.7	15.5	0.0	15.5	
0.22656	-0.0	186	14.8	15.5	-0.7	15.5	0.0	15.5	
0.23047	-0.0	186	14.8	15.6	-0.8	15.6	0.0	15.6	
0.23438	-0.1	186	14.8	15.5	-0.7	15.5	0.0	15.5	
0.23828	-0.1	186	14.8	15.5	-0.7	15.5	0.0	15.5	
0.24219	-0.0	186	14.8	15.6	-0.8	15.6	0.0	15.6	
0.24609	-0.0	186	14.8	15.6	-0.8	15.6	0.0	15.6	
0.25000	-0.0	186	14.8	15.6	-0.8	15.6	0.0	15.6	
0.25391	-0.0	186	14.8	15.6	-0.8	15.6	0.0	15.6	
0.25781	-0.0	186	14.8	15.6	-0.8	15.6	0.0	15.6	
0.26172	-0.0	186	14.8	15.6	-0.8	15.6	0.0	15.6	
0.26562	-0.1	186	14.8	15.6	-0.8	15.6	0.0	15.6	
0.26953	-0.1	186	14.8	15.6	-0.8	15.6	0.0	15.6	
0.27344	-0.1	186	14.8	15.6	-0.8	15.6	0.0	15.6	
0.27734	-0.1	186	14.8	15.6	-0.8	15.6	0.0	15.6	
0.28125	-0.1	186	14.8	15.6	-0.8	15.6	0.0	15.6	
0.28516	-0.1	186	14.8	15.6	-0.8	15.6	0.0	15.6	
0.28906	-0.1	186	14.8	15.6	-0.8	15.6	0.0	15.6	
0.29297	-0.1	186	14.8	15.6	-0.8	15.6	0.0	15.6	
0.29688	-0.2	186	14.8	15.6	-0.8	15.6	0.0	15.6	
0.30078	-0.1	186	14.9	15.6	-0.7	15.6	0.0	15.6	
0.30469	-0.1	186	14.9	15.6	-0.7	15.6	0.0	15.6	
0.30859	-0.1	186	14.9	15.6	-0.7	15.6	0.0	15.6	
0.31250	-0.1	186	14.9	15.6	-0.7	15.6	0.0	15.6	
0.31641	-0.1	186	14.9	15.7	-0.8	15.7	0.0	15.7	
0.32031	-0.1	186	14.9	15.6	-0.7	15.6	0.0	15.6	
0.32422	-0.1	186	14.9	15.6	-0.7	15.6	0.0	15.6	
0.32812	-0.1	186	15.0	15.6	-0.6	15.6	0.0	15.6	
0.33203	-0.1	186	14.9	15.7	-0.8	15.7	0.0	15.7	
0.33594	-0.1	186	15.0	15.7	-0.7	15.7	0.0	15.7	
0.33984	-0.1	186	15.0	15.7	-0.7	15.7	0.0	15.7	
0.34375	-0.1	186	15.0	15.7	-0.7	15.7	0.0	15.7	
0.34766	-0.1	186	15.0	15.7	-0.7	15.7	0.0	15.7	
0.35156	-0.1	186	15.0	15.7	-0.7	15.7	0.0	15.7	
0.35547	-0.1	186	15.0	15.7	-0.7	15.7	0.0	15.7	
0.35938	-0.1	186	15.0	15.7	-0.7	15.7	0.0	15.7	
0.36328	-0.1	186	15.0	15.7	-0.7	15.7	0.0	15.7	
0.36719	-0.1	186	15.0	15.7	-0.7	15.7	0.0	15.7	
0.37109	-0.1	186	15.0	15.7	-0.7	15.7	0.0	15.7	
0.37500	-0.1	186	15.1	15.7	-0.6	15.7	0.0	15.7	
0.37891	-0.1	186	15.1	15.7	-0.6	15.7	0.0	15.7	
0.38281	-0.1	186	15.1	15.7	-0.6	15.7	0.0	15.7	
0.38672	-0.1	186	15.1	15.7	-0.6	15.7	0.0	15.7	
0.39062	-0.2	186	15.1	15.7	-0.6	15.7	0.0	15.7	
0.39453	-0.2	186	15.1	15.7	-0.6	15.7	0.0	15.7	
0.39844	-0.2	186	15.2	15.7	-0.5	15.7	0.0	15.7	
0.40234	-0.2	186	15.2	15.7	-0.5	15.7	0.0	15.7	
0.40625	-0.2	186	15.2	15.7	-0.5	15.7	0.0	15.7	
0.41016	-0.2	186	15.2	15.7	-0.5	15.7	0.0	15.7	
0.41406	-0.2	186	15.2	15.7	-0.5	15.7	0.0	15.7	
0.41797	-0.2	186	15.2	15.7	-0.5	15.7	0.0	15.7	
0.42188	-0.1	186	15.3	15.7	-0.4	15.7	0.0	15.7	
0.42578	-0.1	186	15.3	15.6	-0.3	15.6	0.0	15.6	
0.42969	-0.1	186	15.3	15.6	-0.3	15.6	0.0	15.6	
0.43359	-0.1	186	15.3	15.6	-0.3	15.6	0.0	15.6	
0.43750	-0.1	186	15.3	15.6	-0.3	15.6	0.0	15.6	
0.44141	-0.1	186	15.3	15.6	-0.3	15.6	0.0	15.6	
0.44531	-0.1	186	15.3	15.6	-0.3	15.6	0.0	15.6	
0.44922	-0.1	186	15.3	15.6	-0.3	15.6	0.0	15.6	
0.45312	-0.1	186	15.3	15.6	-0.3	15.6	0.0	15.6	
0.45703	-0.1	186	15.3	15.6	-0.3	15.6	0.0	15.6	
0.46094	-0.1	186	15.3	15.5	-0.2	15.5	0.0	15.5	
0.46484	-0.1	185	15.3	15.5	-0.2	15.5	0.0	15.5	
0.46875	-0.1	185	15.3	15.5	-0.2	15.5	0.0	15.5	
0.47266	-0.1	185	15.3	15.5	-0.2	15.5	0.0	15.5	
0.47656	-0.2	185	15.3	15.5	-0.2	15.5	0.0	15.5	
0.48047	-0.1	185	15.3	15.5	-0.2	15.5	0.0	15.5	
0.48438	-0.2	185	15.3	15.5	-0.2	15.5	0.0	15.5	
0.48828	-0.2	185	15.3	15.5	-0.2	15.5	0.0	15.5	
0.49219	-0.2	185	15.4	15.5	-0.1	15.5	0.0	15.5	
0.49609	-0.2	185	15.4	15.5	-0.1	15.5	0.0	15.5	
0.50000	-0.2	185	15.4	15.5	-0.1	15.5	0.0	15.5	
0.50391	-0.2	185	15.4	15.6	-0.2	15.6	0.0	15.6	
0.50781	-0.2	185	15.5	15.5	0.0	15.5	0.0	15.5	
0.51172	-0.2	185	15.5	15.6	-0.1	15.6	0.0	15.6	
0.51562	-0.3	185	15.5	15.6	-0.1	15.6	0.0	15.6	
0.51953	-0.2	185	15.6	15.6	0.0	15.6	0.0	15.6	
0.52344	-0.2	185	15.6	15.6	0.0	15.6	0.0	15.6	
0.52734	-0.2	185	15.6	15.6	0.0	15.6	0.0	15.6	
0.53125	-0.2	185	15.6	15.6	0.0	15.6	0.0	15.6	
0.53516	-0.2	185	15.7	15.6	0.1	15.6	0.0	15.6	
0.53906	-0.2	185	15.7	15.6	0.1	15.6	0.0	15.6	
0.54297	-0.1	185	15.7	15.6	0.1	15.6	0.0	15.6	
0.54688	-0.2	185	15.7	15.7	0.0	15.7	0.0	15.7	
0.55078	-0.1	185	15.7	15.7	0.0	15.7	0.0	15.7	
0.55469	-0.1	185	15.7	15.7	0.0	15.7	0.0	15.7	
0.55859	-0.1	185	15.8	15.7	0.1	15.7	0.0	15.7	
0.56250	-0.1	185	15.8	15.7	0.1	15.7	0.0	15.7	
0.56641	-0.1	185	15.8	15.7	0.1	15.7	0.0	15.7	
0.57031	-0.1	185	15.8	15.7	0.1	15.7	0.0	15.7	
0.57422	-0.1	185	15.8	15.7	0.1	15.7	0.0	15.7	
0.57812	-0.1	185	15.8	15.7	0.1	15.7	0.0	15.7	
0.58203	-0.1	185	15.8	15.7	0.1	15.7	0.0	15.7	
0.58594	-0.1	185	15.8	15.7	0.1	15.7	0.0	15.7	
0.58984	-0.1	185	15.8	15.7	0.1	15.7	0.0	15.7	
0.59375	-0.1	185	15.9	15.7	0.2	15.7	0.0	15.7	
0.59766	-0.1	185	15.9	15.7	0.2	15.7	0.0	15.7	
0.60156	-0.1	185	15.9	15.7	0.2	15.7	0.0	15.7	
0.60547	-0.1	185	15.9	15.7	0.2	15.7	0.0	15.7	
0.60938	-0.1	185	15.9	15.7	0.2	15.7	0.0	15.7	
0.61328	-0.2	185	15.9	15.7	0.2	15.7	0.0	15.7	
0.61719	-0.1	185	15.9	15.8	0.1	15.8	0.0	15.8	
0.62109	-0.1	185	15.9	15.8	0.1	15.8	0.0	15.8	
0.62500	-0.1	185	15.9	15.7	0.2	15.7	0.0	15.7	
0.62891	-0.1	185	16.0	15.8	0.2	15.8	0.0	15.8	
0.63281	-0.2	185	16.0	15.8	0.2	15.8	0.0	15.8	
0.63672	-0.2	185	16.0	15.8	0.2	15.8	0.0	15.8	
0.64062	-0.1	185	16.0	15.8	0.2	15.8	0.0	15.8	
0.64453	-0.1	185	16.0	15.8	0.2	15.8	0.0	15.8	
0.64844	-0.2	185	16.1	15.8	0.3	15.8	0.0	15.8	
0.65234	-0.2	185	16.1	15.8	0.3	15.8	0.0	15.8	
0.65625	-0.2	185	16.1	15.8	0.3	15.8	0.0	15.8	
0.66016	-0.2	185	16.1	15.8	0.3	15.8	0.0	15.8	
0.66406	-0.1	185	16.1	15.8	0.3	15.8	0.0	15.8	
0.66797	-0.1	185	16.1	15.8	0.3	15.8	0.0	15.8	
0.67188	-0.1	185	16.1	15.8	0.3	15.8	0.0	15.8	
0.67578	-0.1	185	16.1	15.8	0.3	15.8	0.0	15.8	
0.67969	-0.1	185	16.1	15.8	0.3	15.8	0.0	15.8	
0.68359	-0.1	185	16.2	15.9	0.3	15.9	0.0	15.9	
0.68750	-0.1	185	16.2	15.8	0.4	15.8	0.0	15.8	
0.69141	-0.0	185	16.1	15.9	0.2	15.9	0.0	15.9	
0.69531	-0.1	185	16.1	15.9	0.2	15.9	0.0	15.9	
0.69922	-0.0	185	16.1	15.9	0.2	15.9	0.0	15.9	
0.70312	-0.0	185	16.1	15.9	0.2	15.9	0.0	15.9	
0.70703	-0.0	185	16.1	15.9	0.2	15.9	0.0	15.9	
0.71094	0.0	185	16.1	15.9	0.2	15.9	0.0	15.9	
0.71484	-0.0	185	16.1	15.9	0.2	15.9	0.0	15.9	
0.71875	-0.0	185	16.1	15.9	0.2	15.9	0.0	15.9	
0.72266	-0.0	185	16.1	15.8	0.3	15.8	0.0	15.8	
0.72656	-0.1	185	16.1	15.9	0.2	15.9	0.0	15.9	
0.73047	-0.1	185	16.1	15.9	0.2	15.9	0.0	15.9	
0.73438	-0.0	185	16.0	15.9	0.1	15.9	0.0	15.9	
0.73828	-0.0	185	16.0	15.9	0.1	15.9	0.0	15.9	
0.74219	-0.1	185	16.0	15.9	0.1	15.9	0.0	15.9	
0.74609	-0.0	185	16.0	15.9	0.1	15.9	0.0	15.9	
0.75000	-0.1	185	16.0	15.9	0.1	15.9	0.0	15.9	
0.75391	-0.1	185	16.0	15.9	0.1	15.9	0.0	15.9	
0.75781	-0.0	185	16.0	15.9	0.1	15.9	0.0	15.9	
0.76172	-0.0	185	16.0	15.9	0.1	15.9	0.0	15.9	
0.76562	-0.0	185	16.0	15.9	0.1	15.9	0.0	15.9	
0.76953	-0.0	185	15.9	15.9	0.0	15.9	0.0	15.9	
0.77344	-0.0	185	16.0	15.9	0.1	15.9	0.0	15.9	
0.77734	-0.0	185	15.9	15.9	0.0	15.9	0.0	15.9	
0.78125	-0.0	185	15.9	15.9	0.0	15.9	0.0	15.9	
0.78516	-0.1	185	15.9	15.9	0.0	15.9	0.0	15.9	
0.78906	-0.0	185	15.9	15.9	0.0	15.9	0.0	15.9	
0.79297	-0.1	185	15.9	15.9	0.0	15.9	0.0	15.9	
0.79688	-0.1	185	15.9	15.9	0.0	15.9	0.0	15.9	
0.80078	-0.1	185	15.9	15.9	0.0	15.9	0.0	15.9	
0.80469	-0.1	185	15.9	15.9	0.0	15.9	0.0	15.9	
0.80859	-0.1	185	15.9	15.9	0.0	15.9	0.0	15.9	
0.81250	-0.1	185	15.9	15.9	0.0	15.9	0.0	15.9	
0.81641	-0.1	185	15.9	15.9	0.0	15.9	0.0	15.9	
0.82031	-0.1	185	15.9	16.0	-0.1	16.0	0.0	16.0	
0.82422	-0.1	185	15.9	16.0	-0.1	16.0	0.0	16.0	
0.82812	-0.1	185	16.0	16.0	0.0	16.0	0.0	16.0	
0.83203	-0.1	185	16.0	16.0	0.0	16.0	0.0	16.0	
0.83594	-0.1	185	16.0	16.0	0.0	16.0	0.0	16.0	
0.83984	-0.1	185	16.0	16.0	0.0	16.0	0.0	16.0	
0.84375	-0.1	185	16.0	16.0	0.0	16.0	0.0	16.0	
0.84766	-0.1	185	16.0	16.0	0.0	16.0	0.0	16.0	
0.85156	-0.1	185	16.0	16.0	0.0	16.0	0.0	16.0	
0.85547	-0.1	185	16.0	16.0	0.0	16.0	0.0	16.0	
0.85938	-0.1	185	16.0	16.0	0.0	16.0	0.0	16.0	
0.86328	-0.1	185	16.0	16.0	0.0	16.0	0.0	16.0	
0.86719	-0.1	185	16.0	16.0	0.0	16.0	0.0	16.0	
0.87109	-0.1	185	16.1	16.0	0.1	16.0	0.0	16.0	
0.87500	-0.1	185	16.0	16.0	0.0	16.0	0.0	16.0	
0.87891	-0.1	185	16.0	16.0	0.0	16.0	0.0	16.0	
0.88281	-0.1	185	16.1	16.0	0.1	16.0	0.0	16.0	
0.88672	-0.1	185	16.1	16.0	0.1	16.0	0.0	16.0	
0.89062	-0.1	185	16.1	16.0	0.1	16.0	0.0	16.0	
0.89453	-0.1	185	16.1	16.0	0.1	16.0	0.0	16.0	
0.89844	-0.1	185	16.1	16.0	0.1	16.0	0.0	16.0	
0.90234	-0.1	185	16.1	16.0	0.1	16.0	0.0	16.0	
0.90625	-0.1	185	16.1	16.0	0.1	16.0	0.0	16.0	
0.91016	-0.2	185	16.1	16.0	0.1	16.0	0.0	16.0	
0.91406	-0.2	185	16.1	16.0	0.1	16.0	0.0	16.0	
0.91797	-0.2	185	16.1	16.0	0.1	16.0	0.0	16.0	
0.92188	-0.2	185	16.1	16.0	0.1	16.0	0.0	16.0	
0.92578	-0.2	185	16.2	16.0	0.2	16.0	0.0	16.0	
0.92969	-0.2	185	16.2	16.0	0.2	16.0	0.0	16.0	
0.93359	-0.2	185	16.2	16.0	0.2	16.0	0.0	16.0	
0.93750	-0.2	185	16.2	16.0	0.2	16.0	0.0	16.0	
0.94141	-0.2	185	16.2	16.0	0.2	16.0	0.0	16.0	
0.94531	-0.1	185	16.3	16.0	0.3	16.0	0.0	16.0	
0.94922	-0.1	185	16.3	16.0	0.3	16.0	0.0	16.0	
0.95312	-0.2	185	16.3	16.0	0.3	16.0	0.0	16.0	
0.95703	-0.1	185	16.3	16.0	0.3	16.0	0.0	16.0	
0.96094	-0.1	185	16.3	16.0	0.3	16.0	0.0	16.0	
0.96484	-0.1	185	16.3	16.0	0.3	16.0	0.0	16.0	
0.96875	-0.1	185	16.3	16.0	0.3	16.0	0.0	16.0	
0.97266	-0.1	185	16.3	16.0	0.3	16.0	0.0	16.0	
0.97656	-0.1	185	16.3	16.0	0.3	16.0	0.0	16.0	
0.98047	-0.1	185	16.3	15.9	0.4	15.9	0.0	15.9	
0.98438	-0.1	185	16.3	15.9	0.4	15.9	0.0	15.9	
0.98828	-0.1	185	16.3	15.9	0.4	15.9	0.0	15.9	
0.99219	-0.1	185	16.3	15.9	0.4	15.9	0.0	15.9	
0.99609	-0.1	185	16.3	15.9	0.4	15.9	0.0	15.9	
1.00000	-0.1	184	16.3	15.9	0.4	15.9	0.0	15.9	
1.00391	-0.1	184	16.4	15.9	0.5	15.9	0.0	15.9	
1.00781	-0.2	184	16.4	15.9	0.5	15.9	0.0	15.9	
1.01172	-0.2	184	16.4	16.0	0.4	16.0	0.0	16.0	
1.01562	-0.3	184	16.4	16.0	0.4	16.0	0.0	16.0	
1.01953	-0.3	184	16.5	16.0	0.5	16.0	0.0	16.0	
1.02344	-0.3	184	16.5	16.0	0.5	16.0	0.0	16.0	
1.02734	-0.3	184	16.5	16.0	0.5	16.0	0.0	16.0	
1.03125	-0.3	184	16.6	16.0	0.6	16.0	0.0	16.0	
1.03516	-0.3	184	16.6	16.0	0.6	16.0	0.0	16.0	
1.03906	-0.3	184	16.6	16.0	0.6	16.0	0.0	16.0	
1.04297	-0.3	184	16.7	16.0	0.7	16.0	0.0	16.0	
1.04688	-0.3	184	16.7	16.0	0.7	16.0	0.0	16.0	
1.05078	-0.3	184	16.7	16.1	0.6	16.1	0.0	16.1	
1.05469	-0.2	184	16.7	16.1	0.6	16.1	0.0	16.1	
1.05859	-0.3	184	16.8	16.1	0.7	16.1	0.0	16.1	
1.06250	-0.2	184	16.8	16.1	0.7	16.1	0.0	16.1	
1.06641	-0.2	184	16.8	16.1	0.7	16.1	0.0	16.1	
1.07031	-0.2	184	16.8	16.2	0.6	16.2	0.0	16.2	
1.07422	-0.2	184	16.8	16.2	0.6	16.2	0.0	16.2	
1.07812	-0.1	184	16.9	16.2	0.7	16.2	0.0	16.2	
1.08203	-0.1	184	16.9	16.2	0.7	16.2	0.0	16.2	
1.08594	-0.1	184	16.9	16.2	0.7	16.2	0.0	16.2	
1.08984	-0.1	184	16.9	16.2	0.7	16.2	0.0	16.2	
1.09375	-0.2	184	16.9	16.3	0.6	16.3	0.0	16.3	
1.09766	-0.2	184	17.0	16.3	0.7	16.3	0.0	16.3	
1.10156	-0.1	184	17.0	16.3	0.7	16.3	0.0	16.3	
1.10547	-0.2	184	17.0	16.3	0.7	16.3	0.0	16.3	
1.10938	-0.2	184	17.0	16.3	0.7	16.3	0.0	16.3	
1.11328	-0.1	184	17.0	16.3	0.7	16.3	0.0	16.3	
1.11719	-0.2	184	17.0	16.3	0.7	16.3	0.0	16.3	
1.12109	-0.2	184	17.0	16.3	0.7	16.3	0.0	16.3	
1.12500	-0.2	184	17.1	16.3	0.8	16.3	0.0	16.3	
1.12891	-0.2	184	17.1	16.4	0.7	16.4	0.0	16.4	
1.13281	-0.2	184	17.1	16.4	0.7	16.4	0.0	16.4	
1.13672	-0.2	184	17.1	16.4	0.7	16.4	0.0	16.4	
1.14062	-0.2	184	17.1	16.4	0.7	16.4	0.0	16.4	
1.14453	-0.1	184	17.1	16.4	0.7	16.4	0.0	16.4	
1.14844	-0.2	184	17.2	16.4	0.8	16.4	0.0	16.4	
1.15234	-0.2	184	17.2	16.4	0.8	16.4	0.0	16.4	
1.15625	-0.2	184	17.2	16.5	0.7	16.5	0.0	16.5	
1.16016	-0.2	184	17.3	16.5	0.8	16.5	0.0	16.5	
1.16406	-0.2	184	17.3	16.5	0.8	16.5	0.0	16.5	
1.16797	-0.2	184	17.3	16.5	0.8	16.5	0.0	16.5	
1.17188	-0.2	184	17.3	16.5	0.8	16.5	0.0	16.5	
1.17578	-0.2	184	17.4	16.6	0.8	16.6	0.0	16.6	
1.17969	-0.3	184	17.4	16.6	0.8	16.6	0.0	16.6	
1.18359	-0.3	184	17.4	16.6	0.8	16.6	0.0	16.6	
1.18750	-0.2	184	17.4	16.6	0.8	16.6	0.0	16.6	
1.19141	-0.3	184	17.5	16.6	0.9	16.6	0.0	16.6	
1.19531	-0.3	184	17.5	16.7	0.8	16.7	0.0	16.7	
1.19922	-0.2	184	17.5	16.7	0.8	16.7	0.0	16.7	
1.20312	-0.2	184	17.5	16.7	0.8	16.7	0.0	16.7	
1.20703	-0.2	184	17.6	16.8	0.8	16.8	0.0	16.8	
1.21094	-0.2	184	17.6	16.8	0.8	16.8	0.0	16.8	
1.21484	-0.2	184	17.6	16.8	0.8	16.8	0.0	16.8	
1.21875	-0.1	184	17.6	16.8	0.8	16.8	0.0	16.8	
1.22266	-0.1	184	17.6	16.8	0.8	16.8	0.0	16.8	
1.22656	-0.1	184	17.6	16.9	0.7	16.9	0.0	16.9	
1.23047	-0.1	184	17.6	16.9	0.7	16.9	0.0	16.9	
1.23438	-0.1	184	17.6	16.9	0.7	16.9	0.0	16.9	
1.23828	-0.1	184	17.6	16.9	0.7	16.9	0.0	16.9	
1.24219	-0.1	184	17.6	16.9	0.7	16.9	0.0	16.9	
1.24609	-0.1	184	17.6	17.0	0.6	17.0	0.0	17.0	
1.25000	-0.1	184	17.6	17.0	0.6	17.0	0.0	17.0	
1.25391	-0.1	184	17.6	17.0	0.6	17.0	0.0	17.0	
1.25781	-0.1	184	17.7	17.0	0.7	17.0	0.0	17.0	
1.26172	-0.2	184	17.7	17.1	0.6	17.1	0.0	17.1	
1.26562	-0.2	184	17.7	17.1	0.6	17.1	0.0	17.1	
1.26953	-0.2	184	17.7	17.1	0.6	17.1	0.0	17.1	
1.27344	-0.1	184	17.7	17.2	0.5	17.2	0.0	17.2	
1.27734	-0.2	184	17.7	17.2	0.5	17.2	0.0	17.2	
1.28125	-0.2	184	17.7	17.2	0.5	17.2	0.0	17.2	
1.28516	-0.1	184	17.7	17.3	0.4	17.3	0.0	17.3	
1.28906	-0.1	184	17.8	17.3	0.5	17.3	0.0	17.3	
1.29297	-0.1	184	17.8	17.3	0.5	17.3	0.0	17.3	
1.29688	-0.1	184	17.8	17.4	0.4	17.4	0.0	17.4	
1.30078	-0.1	184	17.8	17.4	0.4	17.4	0.0	17.4	
1.30469	-0.2	184	17.8	17.4	0.4	17.4	0.0	17.4	
1.30859	-0.2	184	17.9	17.5	0.4	17.5	0.0	17.5	
1.31250	-0.2	184	17.9	17.5	0.4	17.5	0.0	17.5	
1.31641	-0.2	184	17.9	17.6	0.3	17.6	0.0	17.6	
1.32031	-0.3	183	17.9	17.6	0.3	17.6	0.0	17.6	
1.32422	-0.3	183	18.0	17.6	0.4	17.6	0.0	17.6	
1.32812	-0.4	183	18.0	17.7	0.3	17.7	0.0	17.7	
1.33203	-0.4	183	18.1	17.7	0.4	17.7	0.0	17.7	
1.33594	-0.5	183	18.1	17.7	0.4	17.7	0.0	17.7	
1.33984	-0.6	183	18.2	17.8	0.4	17.8	0.0	17.8	
1.34375	-0.5	183	18.2	17.9	0.3	17.9	0.0	17.9	
1.34766	-0.6	183	18.3	17.9	0.4	17.9	0.0	17.9	
1.35156	-0.7	183	18.3	17.9	0.4	17.9	0.0	17.9	
1.35547	-0.6	183	18.4	18.0	0.4	18.0	0.0	18.0	
1.35938	-0.7	183	18.4	18.0	0.4	18.0	0.0	18.0	
1.36328	-0.7	183	18.5	18.1	0.4	18.1	0.0	18.1	
1.36719	-0.8	183	18.6	18.1	0.5	18.1	0.0	18.1	
1.37109	-0.7	183	18.6	18.2	0.4	18.2	0.0	18.2	
1.37500	-0.7	183	18.7	18.2	0.5	18.2	0.0	18.2	
1.37891	-0.7	183	18.7	18.3	0.4	18.3	0.0	18.3	
1.38281	-0.7	183	18.8	18.3	0.5	18.3	0.0	18.3	
1.38672	-0.7	183	18.8	18.4	0.4	18.4	0.0	18.4	
1.39062	-0.7	183	18.9	18.4	0.5	18.4	0.0	18.4	
1.39453	-0.6	183	19.0	18.5	0.5	18.5	0.0	18.5	
1.39844	-0.6	183	19.0	18.5	0.5	18.5	0.0	18.5	
1.40234	-0.6	183	19.0	18.6	0.4	18.6	0.0	18.6	
1.40625	-0.5	183	19.1	18.6	0.5	18.6	0.0	18.6	
1.41016	-0.5	183	19.1	18.6	0.5	18.6	0.0	18.6	
1.41406	-0.5	183	19.2	18.7	0.5	18.7	0.0	18.7	
1.41797	-0.5	183	19.2	18.8	0.4	18.8	0.0	18.8	
1.42188	-0.5	182	19.3	18.8	0.5	18.8	0.0	18.8	
1.42578	-0.5	182	19.3	18.9	0.4	18.9	0.0	18.9	
1.42969	-0.5	182	19.4	18.9	0.5	18.9	0.0	18.9	
1.43359	-0.5	182	19.4	19.0	0.4	19.0	0.0	19.0	
1.43750	-0.5	182	19.5	19.0	0.5	19.0	0.0	19.0	
1.44141	-0.5	182	19.5	19.1	0.4	19.1	0.0	19.1	
1.44531	-0.5	182	19.5	19.1	0.4	19.1	0.0	19.1	
1.44922	-0.5	182	19.6	19.2	0.4	19.2	0.0	19.2	
1.45312	-0.5	182	19.6	19.3	0.3	19.3	0.0	19.3	
1.45703	-0.6	182	19.7	19.3	0.4	19.3	0.0	19.3	
1.46094	-0.6	182	19.7	19.3	0.4	19.3	0.0	19.3	
1.46484	-0.6	182	19.8	19.4	0.4	19.4	0.0	19.4	
1.46875	-0.6	182	19.9	19.5	0.4	19.5	0.0	19.5	
1.47266	-0.6	182	19.9	19.5	0.4	19.5	0.0	19.5	
1.47656	-0.6	182	19.9	19.6	0.3	19.6	0.0	19.6	
1.48047	-0.6	182	20.0	19.6	0.4	19.6	0.0	19.6	
1.48438	-0.6	182	20.0	19.7	0.3	19.7	0.0	19.7	
1.48828	-0.6	182	20.1	19.7	0.4	19.7	0.0	19.7	
1.49219	-0.6	182	20.2	19.8	0.4	19.8	0.0	19.8	
1.49609	-0.6	182	20.2	19.9	0.3	19.9	0.0	19.9	
1.50000	-0.6	182	20.2	19.9	0.3	19.9	0.0	19.9	
1.50391	-0.6	182	20.3	19.9	0.4	19.9	0.0	19.9	
1.50781	-0.6	182	20.3	20.0	0.3	20.0	0.0	20.0	
1.51172	-0.5	182	20.4	20.0	0.4	20.0	0.0	20.0	
1.51562	-0.5	182	20.4	20.1	0.3	20.1	0.0	20.1	
1.51953	-0.5	182	20.5	20.1	0.4	20.1	0.0	20.1	
1.52344	-0.4	182	20.5	20.2	0.3	20.2	0.0	20.2	
1.52734	-0.4	182	20.5	20.2	0.3	20.2	0.0	20.2	
1.53125	-0.4	182	20.6	20.3	0.3	20.3	0.0	20.3	
1.53516	-0.4	181	20.6	20.3	0.3	20.3	0.0	20.3	
1.53906	-0.4	181	20.7	20.4	0.3	20.4	0.0	20.4	
1.54297	-0.4	181	20.7	20.4	0.3	20.4	0.0	20.4	
1.54688	-0.5	181	20.7	20.5	0.2	20.5	0.0	20.5	
1.55078	-0.5	181	20.8	20.5	0.3	20.5	0.0	20.5	
1.55469	-0.6	181	20.8	20.6	0.2	20.6	0.0	20.6	
1.55859	-0.6	181	20.9	20.6	0.3	20.6	0.0	20.6	
1.56250	-0.7	181	20.9	20.7	0.2	20.7	0.0	20.7	
1.56641	-0.8	181	21.0	20.8	0.2	20.8	0.0	20.8	
1.57031	-0.8	181	21.1	20.8	0.3	20.8	0.0	20.8	
1.57422	-0.8	181	21.1	20.9	0.2	20.9	0.0	20.9	
1.57812	-0.9	181	21.2	21.0	0.2	21.0	0.0	21.0	
1.58203	-0.9	181	21.2	21.0	0.2	21.0	0.0	21.0	
1.58594	-0.9	181	21.3	21.1	0.2	21.1	0.0	21.1	
1.58984	-0.9	181	21.4	21.2	0.2	21.2	0.0	21.2	
1.59375	-0.9	181	21.4	21.2	0.2	21.2	0.0	21.2	
1.59766	-0.9	181	21.5	21.3	0.2	21.3	0.0	21.3	
1.60156	-0.8	181	21.5	21.4	0.1	21.4	0.0	21.4	
1.60547	-0.8	181	21.6	21.4	0.2	21.4	0.0	21.4	
1.60938	-0.7	181	21.6	21.5	0.1	21.5	0.0	21.5	
1.61328	-0.6	181	21.7	21.6	0.1	21.6	0.0	21.6	
1.61719	-0.6	181	21.7	21.7	0.0	21.7	0.0	21.7	
1.62109	-0.6	180	21.8	21.7	0.1	21.7	0.0	21.7	
1.62500	-0.5	180	21.8	21.8	0.0	21.8	0.0	21.8	
1.62891	-0.5	180	21.8	21.8	0.0	21.8	0.0	21.8	
1.63281	-0.5	180	21.9	21.9	0.0	21.9	0.0	21.9	
1.63672	-0.4	180	21.9	22.0	-0.1	22.0	0.0	22.0	
1.64062	-0.4	180	21.9	22.0	-0.1	22.0	0.0	22.0	
1.64453	-0.3	180	21.9	22.1	-0.2	22.1	0.0	22.1	
1.64844	-0.3	180	22.0	22.1	-0.1	22.1	0.0	22.1	
1.65234	-0.3	180	22.0	22.2	-0.2	22.2	0.0	22.2	
1.65625	-0.4	180	22.0	22.2	-0.2	22.2	0.0	22.2	
1.66016	-0.4	180	22.0	22.3	-0.3	22.3	0.0	22.3	
1.66406	-0.3	180	22.0	22.3	-0.3	22.3	0.0	22.3	
1.66797	-0.4	180	22.0	22.4	-0.4	22.4	0.0	22.4	
1.67188	-0.4	180	22.1	22.4	-0.3	22.4	0.0	22.4	
1.67578	-0.3	180	22.1	22.5	-0.4	22.5	0.0	22.5	
1.67969	-0.4	180	22.1	22.5	-0.4	22.5	0.0	22.5	
1.68359	-0.4	180	22.1	22.6	-0.5	22.6	0.0	22.6	
1.68750	-0.4	180	22.1	22.6	-0.5	22.6	0.0	22.6	
1.69141	-0.4	180	22.1	22.7	-0.6	22.7	0.0	22.7	
1.69531	-0.4	180	22.2	22.7	-0.5	22.7	0.0	22.7	
1.69922	-0.4	180	22.2	22.7	-0.5	22.7	0.0	22.7	
1.70312	-0.4	180	22.2	22.8	-0.6	22.8	0.0	22.8	
1.70703	-0.4	180	22.2	22.8	-0.6	22.8	0.0	22.8	
1.71094	-0.4	180	22.2	22.9	-0.7	22.9	0.0	22.9	
1.71484	-0.5	180	22.3	22.9	-0.6	22.9	0.0	22.9	
1.71875	-0.5	180	22.3	23.0	-0.7	23.0	0.0	23.0	
1.72266	-0.5	180	22.3	23.0	-0.7	23.0	0.0	23.0	
1.72656	-0.5	180	22.4	23.1	-0.7	23.1	0.0	23.1	
1.73047	-0.5	180	22.4	23.1	-0.7	23.1	0.0	23.1	
1.73438	-0.5	180	22.4	23.1	-0.7	23.1	0.0	23.1	
1.73828	-0.5	180	22.4	23.2	-0.8	23.2	0.0	23.2	
1.74219	-0.4	180	22.5	23.2	-0.7	23.2	0.0	23.2	
1.74609	-0.5	180	22.5	23.3	-0.8	23.3	0.0	23.3	
1.75000	-0.5	180	22.5	23.3	-0.8	23.3	0.0	23.3	
1.75391	-0.4	180	22.5	23.4	-0.9	23.4	0.0	23.4	
1.75781	-0.4	180	22.6	23.4	-0.8	23.4	0.0	23.4	
1.76172	-0.4	179	22.6	23.5	-0.9	23.5	0.0	23.5	
1.76562	-0.3	179	22.6	23.5	-0.9	23.5	0.0	23.5	
1.76953	-0.3	179	22.6	23.5	-0.9	23.5	0.0	23.5	
1.77344	-0.3	179	22.7	23.6	-0.9	23.6	0.0	23.6	
1.77734	-0.2	179	22.7	23.7	-1.0	23.7	0.0	23.7	
1.78125	-0.2	179	22.7	23.7	-1.0	23.7	0.0	23.7	
1.78516	-0.2	179	22.7	23.7	-1.0	23.7	0.0	23.7	
1.78906	-0.2	179	22.7	23.8	-1.1	23.8	0.0	23.8	
1.79297	-0.2	179	22.8	23.8	-1.0	23.8	0.0	23.8	
1.79688	-0.2	179	22.8	23.9	-1.1	23.9	0.0	23.9	
1.80078	-0.1	179	22.8	23.9	-1.1	23.9	0.0	23.9	
1.80469	-0.1	179	22.8	23.9	-1.1	23.9	0.0	23.9	
1.80859	-0.2	179	22.8	24.0	-1.2	24.0	0.0	24.0	
1.81250	-0.1	179	22.8	24.0	-1.2	24.0	0.0	24.0	
1.81641	-0.2	179	22.8	24.0	-1.2	24.0	0.0	24.0	
1.82031	-0.3	179	22.8	24.1	-1.3	24.1	0.0	24.1	
1.82422	-0.2	179	22.9	24.1	-1.2	24.1	0.0	24.1	
1.82812	-0.2	179	22.9	24.1	-1.2	24.1	0.0	24.1	
1.83203	-0.3	179	22.9	24.2	-1.3	24.2	0.0	24.2	
1.83594	-0.3	179	22.9	24.2	-1.3	24.2	0.0	24.2	
1.83984	-0.3	179	22.9	24.3	-1.4	24.3	0.0	24.3	
1.84375	-0.4	179	22.9	24.3	-1.4	24.3	0.0	24.3	
1.84766	-0.4	179	23.0	24.3	-1.3	24.3	0.0	24.3	
1.85156	-0.4	179	23.0	24.4	-1.4	24.4	0.0	24.4	
1.85547	-0.4	179	23.0	24.4	-1.4	24.4	0.0	24.4	
1.85938	-0.4	179	23.0	24.5	-1.5	24.5	0.0	24.5	
1.86328	-0.4	179	23.1	24.5	-1.4	24.5	0.0	24.5	
1.86719	-0.4	179	23.1	24.6	-1.5	24.6	0.0	24.6	
1.87109	-0.4	179	23.1	24.6	-1.5	24.6	0.0	24.6	
1.87500	-0.4	179	23.2	24.7	-1.5	24.7	0.0	24.7	
1.87891	-0.3	179	23.2	24.8	-1.6	24.8	0.0	24.8	
1.88281	-0.3	179	23.2	24.8	-1.6	24.8	0.0	24.8	
1.88672	-0.4	179	23.3	24.9	-1.6	24.9	0.0	24.9	
1.89062	-0.4	179	23.3	24.9	-1.6	24.9	0.0	24.9	
1.89453	-0.3	179	23.3	25.0	-1.7	25.0	0.0	25.0	
1.89844	-0.4	179	23.3	25.1	-1.8	25.1	0.0	25.1	
1.90234	-0.4	179	23.4	25.1	-1.7	25.1	0.0	25.1	
1.90625	-0.4	179	23.4	25.2	-1.8	25.2	0.0	25.2	
1.91016	-0.4	179	23.4	25.2	-1.8	25.2	0.0	25.2	
1.91406	-0.4	179	23.5	25.3	-1.8	25.3	0.0	25.3	
1.91797	-0.4	179	23.5	25.3	-1.8	25.3	0.0	25.3	
1.92188	-0.4	179	23.5	25.4	-1.9	25.4	0.0	25.4	
1.92578	-0.4	179	23.6	25.5	-1.9	25.5	0.0	25.5	
1.92969	-0.5	179	23.6	25.5	-1.9	25.5	0.0	25.5	
1.93359	-0.5	179	23.6	25.6	-2.0	25.6	0.0	25.6	
1.93750	-0.4	179	23.7	25.6	-1.9	25.6	0.0	25.6	
1.94141	-0.4	179	23.7	25.7	-2.0	25.7	0.0	25.7	
1.94531	-0.4	179	23.8	25.7	-1.9	25.7	0.0	25.7	
1.94922	-0.5	178	23.8	25.8	-2.0	25.8	0.0	25.8	
1.95312	-0.4	178	23.8	25.8	-2.0	25.8	0.0	25.8	
1.95703	-0.4	178	23.9	25.9	-2.0	25.9	0.0	25.9	
1.96094	-0.4	178	23.9	25.9	-2.0	25.9	0.0	25.9	
1.96484	-0.4	178	23.9	26.0	-2.1	26.0	0.0	26.0	
1.96875	-0.4	178	23.9	26.0	-2.1	26.0	0.0	26.0	
1.97266	-0.4	178	24.0	26.1	-2.1	26.1	0.0	26.1	
1.97656	-0.4	178	24.0	26.1	-2.1	26.1	0.0	26.1	
1.98047	-0.5	178	24.0	26.1	-2.1	26.1	0.0	26.1	
1.98438	-0.5	178	24.1	26.2	-2.1	26.2	0.0	26.2	
1.98828	-0.4	178	24.1	26.2	-2.1	26.2	0.0	26.2	
1.99219	-0.5	178	24.1	26.3	-2.2	26.3	0.0	26.3	
1.99609	-0.5	178	24.2	26.3	-2.1	26.3	0.0	26.3	
2.00000	-0.6	178	24.2	26.3	-2.1	26.3	0.0	26.3	
2.00391	-0.6	178	24.2	26.4	-2.2	26.4	0.0	26.4	
2.00781	-0.6	178	24.3	26.4	-2.1	26.4	0.0	26.4	
2.01172	-0.7	178	24.3	26.5	-2.2	26.5	0.0	26.5	
2.01562	-0.7	178	24.4	26.5	-2.1	26.5	0.0	26.5	
2.01953	-0.7	178	24.5	26.6	-2.1	26.6	0.0	26.6	
2.02344	-0.7	178	24.5	26.6	-2.1	26.6	0.0	26.6	
2.02734	-0.7	178	24.6	26.7	-2.1	26.7	0.0	26.7	
2.03125	-0.7	178	24.6	26.7	-2.1	26.7	0.0	26.7	
2.03516	-0.6	178	24.7	26.7	-2.0	26.7	0.0	26.7	
2.03906	-0.6	178	24.7	26.8	-2.1	26.8	0.0	26.8	
2.04297	-0.5	178	24.8	26.8	-2.0	26.8	0.0	26.8	
2.04688	-0.5	178	24.8	26.9	-2.1	26.9	0.0	26.9	
2.05078	-0.4	178	24.8	26.9	-2.1	26.9	0.0	26.9	
2.05469	-0.3	178	24.9	27.0	-2.1	27.0	0.0	27.0	
2.05859	-0.3	178	24.9	27.0	-2.1	27.0	0.0	27.0	
2.06250	-0.2	178	24.9	27.0	-2.1	27.0	0.0	27.0	
2.06641	-0.1	178	24.9	27.1	-2.2	27.1	0.0	27.1	
2.07031	-0.1	178	24.9	27.1	-2.2	27.1	0.0	27.1	
2.07422	-0.1	178	24.9	27.2	-2.3	27.2	0.0	27.2	
2.07812	-0.1	177	24.9	27.2	-2.3	27.2	0.0	27.2	
2.08203	-0.1	177	24.9	27.2	-2.3	27.2	0.0	27.2	
2.08594	-0.1	177	24.9	27.2	-2.3	27.2	0.0	27.2	
2.08984	-0.1	177	25.0	27.3	-2.3	27.3	0.0	27.3	
2.09375	-0.2	177	25.0	27.3	-2.3	27.3	0.0	27.3	
2.09766	-0.2	177	25.0	27.3	-2.3	27.3	0.0	27.3	
2.10156	-0.2	177	25.0	27.3	-2.3	27.3	0.0	27.3	
2.10547	-0.2	177	25.1	27.4	-2.3	27.4	0.0	27.4	
2.10938	-0.2	177	25.1	27.4	-2.3	27.4	0.0	27.4	
2.11328	-0.3	177	25.1	27.4	-2.3	27.4	0.0	27.4	
2.11719	-0.3	177	25.2	27.4	-2.2	27.4	0.0	27.4	
2.12109	-0.2	177	25.2	27.4	-2.2	27.4	0.0	27.4	
2.12500	-0.2	177	25.2	27.5	-2.3	27.5	0.0	27.5	
2.12891	-0.3	177	25.3	27.5	-2.2	27.5	0.0	27.5	
2.13281	-0.3	177	25.3	27.5	-2.2	27.5	0.0	27.5	
2.13672	-0.3	177	25.4	27.5	-2.1	27.5	0.0	27.5	
2.14062	-0.3	177	25.4	27.6	-2.2	27.6	0.0	27.6	
2.14453	-0.3	177	25.5	27.6	-2.1	27.6	0.0	27.6	
2.14844	-0.3	177	25.5	27.7	-2.2	27.7	0.0	27.7	
2.15234	-0.3	177	25.6	27.7	-2.1	27.7	0.0	27.7	
2.15625	-0.4	177	25.6	27.7	-2.1	27.7	0.0	27.7	
2.16016	-0.4	177	25.7	27.7	-2.0	27.7	0.0	27.7	
2.16406	-0.4	177	25.7	27.8	-2.1	27.8	0.0	27.8	
2.16797	-0.5	177	25.8	27.8	-2.0	27.8	0.0	27.8	
2.17188	-0.6	177	25.8	27.9	-2.1	27.9	0.0	27.9	
2.17578	-0.6	177	25.8	27.9	-2.1	27.9	0.0	27.9	
2.17969	-0.6	177	25.9	27.9	-2.0	27.9	0.0	27.9	
2.18359	-0.7	177	26.0	28.0	-2.0	28.0	0.0	28.0	
2.18750	-0.7	177	26.0	28.0	-2.0	28.0	0.0	28.0	
2.19141	-0.7	177	26.1	28.1	-2.0	28.1	0.0	28.1	
2.19531	-0.6	177	26.1	28.1	-2.0	28.1	0.0	28.1	
2.19922	-0.6	177	26.2	28.1	-1.9	28.1	0.0	28.1	
2.20312	-0.6	177	26.2	28.1	-1.9	28.1	0.0	28.1	
2.20703	-0.5	177	26.3	28.2	-1.9	28.2	0.0	28.2	
2.21094	-0.5	177	26.3	28.2	-1.9	28.2	0.0	28.2	
2.21484	-0.4	177	26.3	28.2	-1.9	28.2	0.0	28.2	
2.21875	-0.3	177	26.3	28.2	-1.9	28.2	0.0	28.2	
2.22266	-0.3	177	26.3	28.3	-2.0	28.3	0.0	28.3	
2.22656	-0.3	177	26.4	28.3	-1.9	28.3	0.0	28.3	
2.23047	-0.1	177	26.4	28.3	-1.9	28.3	0.0	28.3	
2.23438	-0.1	177	26.4	28.3	-1.9	28.3	0.0	28.3	
2.23828	-0.0	177	26.4	28.3	-1.9	28.3	0.0	28.3	
2.24219	-0.0	177	26.4	28.3	-1.9	28.3	0.0	28.3	
2.24609	-0.0	177	26.3	28.3	-2.0	28.3	0.0	28.3	
2.25000	0.0	177	26.3	28.4	-2.1	28.4	0.0	28.4	
2.25391	0.0	177	26.3	28.4	-2.1	28.4	0.0	28.4	
2.25781	-0.0	177	26.3	28.4	-2.1	28.4	0.0	28.4	
2.26172	-0.0	177	26.3	28.4	-2.1	28.4	0.0	28.4	
2.26562	-0.1	177	26.3	28.4	-2.1	28.4	0.0	28.4	
2.26953	-0.1	177	26.3	28.4	-2.1	28.4	0.0	28.4	
2.27344	-0.1	177	26.3	28.4	-2.1	28.4	0.0	28.4	
2.27734	-0.1	177	26.3	28.4	-2.1	28.4	0.0	28.4	
2.28125	-0.1	177	26.3	28.4	-2.1	28.4	0.0	28.4	
2.28516	-0.1	177	26.3	28.4	-2.1	28.4	0.0	28.4	
2.28906	-0.1	177	26.3	28.4	-2.1	28.4	0.0	28.4	
2.29297	-0.2	177	26.3	28.4	-2.1	28.4	0.0	28.4	
2.29688	-0.2	176	26.3	28.4	-2.1	28.4	0.0	28.4	
2.30078	-0.2	176	26.3	28.4	-2.1	28.4	0.0	28.4	
2.30469	-0.2	176	26.4	28.4	-2.0	28.4	0.0	28.4	
2.30859	-0.2	176	26.4	28.4	-2.0	28.4	0.0	28.4	
2.31250	-0.2	176	26.4	28.4	-2.0	28.4	0.0	28.4	
2.31641	-0.2	176	26.4	28.4	-2.0	28.4	0.0	28.4	
2.32031	-0.2	176	26.4	28.4	-2.0	28.4	0.0	28.4	
2.32422	-0.2	176	26.4	28.4	-2.0	28.4	0.0	28.4	
2.32812	-0.2	176	26.5	28.4	-1.9	28.4	0.0	28.4	
2.33203	-0.2	176	26.5	28.4	-1.9	28.4	0.0	28.4	
2.33594	-0.2	176	26.5	28.4	-1.9	28.4	0.0	28.4	
2.33984	-0.2	176	26.5	28.4	-1.9	28.4	0.0	28.4	
2.34375	-0.2	176	26.5	28.4	-1.9	28.4	0.0	28.4	
2.34766	-0.2	176	26.5	28.4	-1.9	28.4	0.0	28.4	
2.35156	-0.2	176	26.6	28.4	-1.8	28.4	0.0	28.4	
2.35547	-0.2	176	26.6	28.4	-1.8	28.4	0.0	28.4	
2.35938	-0.2	176	26.6	28.4	-1.8	28.4	0.0	28.4	
2.36328	-0.1	176	26.6	28.4	-1.8	28.4	0.0	28.4	
2.36719	-0.1	176	26.6	28.4	-1.8	28.4	0.0	28.4	
2.37109	-0.1	176	26.6	28.4	-1.8	28.4	0.0	28.4	
2.37500	-0.0	176	26.6	28.4	-1.8	28.4	0.0	28.4	
2.37891	-0.0	176	26.6	28.4	-1.8	28.4	0.0	28.4	
2.38281	-0.0	176	26.6	28.4	-1.8	28.4	0.0	28.4	
2.38672	0.0	176	26.5	28.4	-1.9	28.4	0.0	28.4	
2.39062	0.0	176	26.5	28.4	-1.9	28.4	0.0	28.4	
2.39453	0.1	176	26.5	28.4	-1.9	28.4	0.0	28.4	
2.39844	0.1	176	26.5	28.4	-1.9	28.4	0.0	28.4	
2.40234	0.1	176	26.4	28.4	-2.0	28.4	0.0	28.4	
2.40625	0.1	176	26.4	28.4	-2.0	28.4	0.0	28.4	
2.41016	0.1	176	26.4	28.4	-2.0	28.4	0.0	28.4	
2.41406	0.1	176	26.4	28.4	-2.0	28.4	0.0	28.4	
2.41797	-0.0	176	26.3	28.4	-2.1	28.4	0.0	28.4	
2.42188	-0.0	176	26.3	28.4	-2.1	28.4	0.0	28.4	
2.42578	-0.0	176	26.3	28.4	-2.1	28.4	0.0	28.4	
2.42969	-0.0	176	26.3	28.4	-2.1	28.4	0.0	28.4	
2.43359	-0.1	176	26.3	28.5	-2.2	28.5	0.0	28.5	
2.43750	-0.1	176	26.3	28.5	-2.2	28.5	0.0	28.5	
2.44141	-0.1	176	26.3	28.5	-2.2	28.5	0.0	28.5	
2.44531	-0.2	176	26.3	28.5	-2.2	28.5	0.0	28.5	
2.44922	-0.2	176	26.3	28.5	-2.2	28.5	0.0	28.5	
2.45312	-0.2	176	26.3	28.6	-2.3	28.6	0.0	28.6	
2.45703	-0.2	176	26.3	28.6	-2.3	28.6	0.0	28.6	
2.46094	-0.2	176	26.3	28.6	-2.3	28.6	0.0	28.6	
2.46484	-0.2	176	26.4	28.7	-2.3	28.7	0.0	28.7	
2.46875	-0.3	176	26.4	28.7	-2.3	28.7	0.0	28.7	
2.47266	-0.2	176	26.4	28.7	-2.3	28.7	0.0	28.7	
2.47656	-0.2	176	26.4	28.8	-2.4	28.8	0.0	28.8	
2.48047	-0.2	176	26.5	28.8	-2.3	28.8	0.0	28.8	
2.48438	-0.2	176	26.5	28.8	-2.3	28.8	0.0	28.8	
2.48828	-0.1	176	26.5	28.8	-2.3	28.8	0.0	28.8	
2.49219	-0.1	176	26.5	28.8	-2.3	28.8	0.0	28.8	
2.49609	-0.1	176	26.5	28.9	-2.4	28.9	0.0	28.9	
2.50000	-0.0	176	26.5	28.9	-2.4	28.9	0.0	28.9	
2.50391	-0.0	176	26.5	28.9	-2.4	28.9	0.0	28.9	
2.50781	-0.1	176	26.5	28.9	-2.4	28.9	0.0	28.9	
2.51172	-0.1	176	26.5	29.0	-2.5	29.0	0.0	29.0	
2.51562	-0.1	176	26.5	29.0	-2.5	29.0	0.0	29.0	
2.51953	-0.1	176	26.5	29.0	-2.5	29.0	0.0	29.0	
2.52344	-0.1	176	26.5	29.0	-2.5	29.0	0.0	29.0	
2.52734	-0.1	176	26.5	29.0	-2.5	29.0	0.0	29.0	
2.53125	-0.2	176	26.5	29.0	-2.5	29.0	0.0	29.0	
2.53516	-0.2	176	26.5	29.0	-2.5	29.0	0.0	29.0	
2.53906	-0.3	176	26.5	29.1	-2.6	29.1	0.0	29.1	
2.54297	-0.3	176	26.6	29.1	-2.5	29.1	0.0	29.1	
2.54688	-0.4	176	26.6	29.1	-2.5	29.1	0.0	29.1	
2.55078	-0.4	176	26.6	29.1	-2.5	29.1	0.0	29.1	
2.55469	-0.4	176	26.7	29.1	-2.4	29.1	0.0	29.1	
2.55859	-0.4	176	26.7	29.1	-2.4	29.1	0.0	29.1	
2.56250	-0.4	176	26.7	29.2	-2.5	29.2	0.0	29.2	
2.56641	-0.4	176	26.8	29.2	-2.4	29.2	0.0	29.2	
2.57031	-0.3	176	26.8	29.2	-2.4	29.2	0.0	29.2	
2.57422	-0.3	176	26.8	29.2	-2.4	29.2	0.0	29.2	
2.57812	-0.2	176	26.8	29.2	-2.4	29.2	0.0	29.2	
2.58203	-0.2	176	26.8	29.2	-2.4	29.2	0.0	29.2	
2.58594	-0.2	176	26.9	29.2	-2.3	29.2	0.0	29.2	
2.58984	-0.1	176	26.9	29.2	-2.3	29.2	0.0	29.2	
2.59375	-0.1	176	26.9	29.3	-2.4	29.3	0.0	29.3	
2.59766	-0.0	176	26.9	29.3	-2.4	29.3	0.0	29.3	
2.60156	-0.0	176	26.9	29.3	-2.4	29.3	0.0	29.3	
2.60547	-0.0	176	26.8	29.2	-2.4	29.2	0.0	29.2	
2.60938	-0.0	176	26.8	29.2	-2.4	29.2	0.0	29.2	
2.61328	-0.1	176	26.8	29.2	-2.4	29.2	0.0	29.2	
2.61719	-0.1	176	26.8	29.2	-2.4	29.2	0.0	29.2	
2.62109	-0.1	176	26.8	29.2	-2.4	29.2	0.0	29.2	
2.62500	-0.1	176	26.8	29.2	-2.4	29.2	0.0	29.2	
2.62891	-0.0	176	26.8	29.2	-2.4	29.2	0.0	29.2	
2.63281	-0.1	176	26.8	29.2	-2.4	29.2	0.0	29.2	
2.63672	-0.1	176	26.8	29.2	-2.4	29.2	0.0	29.2	
2.64062	-0.1	176	26.8	29.2	-2.4	29.2	0.0	29.2	
2.64453	-0.1	176	26.8	29.2	-2.4	29.2	0.0	29.2	
2.64844	-0.0	176	26.8	29.2	-2.4	29.2	0.0	29.2	
2.65234	-0.1	176	26.8	29.2	-2.4	29.2	0.0	29.2	
2.65625	-0.2	176	26.8	29.1	-2.3	29.1	0.0	29.1	
2.66016	-0.2	176	26.8	29.1	-2.3	29.1	0.0	29.1	
2.66406	-0.2	176	26.8	29.1	-2.3	29.1	0.0	29.1	
2.66797	-0.2	176	26.9	29.1	-2.2	29.1	0.0	29.1	
2.67188	-0.2	176	26.9	29.1	-2.2	29.1	0.0	29.1	
2.67578	-0.3	176	26.9	29.1	-2.2	29.1	0.0	29.1	
2.67969	-0.3	176	26.9	29.1	-2.2	29.1	0.0	29.1	
2.68359	-0.3	176	26.9	29.1	-2.2	29.1	0.0	29.1	
2.68750	-0.3	176	27.0	29.1	-2.1	29.1	0.0	29.1	
2.69141	-0.2	176	27.0	29.1	-2.1	29.1	0.0	29.1	
2.69531	-0.2	176	27.0	29.1	-2.1	29.1	0.0	29.1	
2.69922	-0.3	176	27.0	29.1	-2.1	29.1	0.0	29.1	
2.70312	-0.2	176	27.1	29.1	-2.0	29.1	0.0	29.1	
2.70703	-0.2	175	27.1	29.1	-2.0	29.1	0.0	29.1	
2.71094	-0.2	175	27.1	29.1	-2.0	29.1	0.0	29.1	
2.71484	-0.2	175	27.1	29.1	-2.0	29.1	0.0	29.1	
2.71875	-0.2	175	27.1	29.1	-2.0	29.1	0.0	29.1	
2.72266	-0.2	175	27.1	29.1	-2.0	29.1	0.0	29.1	
2.72656	-0.2	175	27.2	29.1	-1.9	29.1	0.0	29.1	
2.73047	-0.2	175	27.2	29.1	-1.9	29.1	0.0	29.1	
2.73438	-0.2	175	27.2	29.1	-1.9	29.1	0.0	29.1	
2.73828	-0.2	175	27.2	29.1	-1.9	29.1	0.0	29.1	
2.74219	-0.3	175	27.3	29.1	-1.8	29.1	0.0	29.1	
2.74609	-0.3	175	27.3	29.1	-1.8	29.1	0.0	29.1	
2.75000	-0.3	175	27.3	29.1	-1.8	29.1	0.0	29.1	
2.75391	-0.3	175	27.3	29.1	-1.8	29.1	0.0	29.1	
2.75781	-0.3	175	27.4	29.1	-1.7	29.1	0.0	29.1	
2.76172	-0.3	175	27.4	29.1	-1.7	29.1	0.0	29.1	
2.76562	-0.3	175	27.4	29.1	-1.7	29.1	0.0	29.1	
2.76953	-0.3	175	27.5	29.1	-1.6	29.1	0.0	29.1	
2.77344	-0.3	175	27.5	29.1	-1.6	29.1	0.0	29.1	
2.77734	-0.2	175	27.5	29.1	-1.6	29.1	0.0	29.1	
2.78125	-0.2	175	27.5	29.1	-1.6	29.1	0.0	29.1	
2.78516	-0.2	175	27.5	29.1	-1.6	29.1	0.0	29.1	
2.78906	-0.2	175	27.6	29.0	-1.4	29.0	0.0	29.0	
2.79297	-0.1	175	27.6	29.0	-1.4	29.0	0.0	29.0	
2.79688	-0.1	175	27.6	29.0	-1.4	29.0	0.0	29.0	
2.80078	-0.2	175	27.6	29.0	-1.4	29.0	0.0	29.0	
2.80469	-0.1	175	27.6	29.0	-1.4	29.0	0.0	29.0	
2.80859	-0.1	175	27.6	29.0	-1.4	29.0	0.0	29.0	
2.81250	-0.1	175	27.6	29.0	-1.4	29.0	0.0	29.0	
2.81641	-0.1	175	27.6	29.0	-1.4	29.0	0.0	29.0	
2.82031	-0.1	175	27.6	29.0	-1.4	29.0	0.0	29.0	
2.82422	-0.2	175	27.7	29.0	-1.3	29.0	0.0	29.0	
2.82812	-0.2	175	27.7	29.0	-1.3	29.0	0.0	29.0	
2.83203	-0.2	175	27.7	28.9	-1.2	28.9	0.0	28.9	
2.83594	-0.2	175	27.7	28.9	-1.2	28.9	0.0	28.9	
2.83984	-0.2	175	27.7	28.9	-1.2	28.9	0.0	28.9	
2.84375	-0.3	175	27.8	28.9	-1.1	28.9	0.0	28.9	
2.84766	-0.3	175	27.8	28.9	-1.1	28.9	0.0	28.9	
2.85156	-0.3	175	27.8	28.9	-1.1	28.9	0.0	28.9	
2.85547	-0.3	175	27.8	28.9	-1.1	28.9	0.0	28.9	
2.85938	-0.3	175	27.9	28.9	-1.0	28.9	0.0	28.9	
2.86328	-0.2	175	27.9	28.9	-1.0	28.9	0.0	28.9	
2.86719	-0.2	175	27.9	28.9	-1.0	28.9	0.0	28.9	
2.87109	-0.2	175	27.9	28.9	-1.0	28.9	0.0	28.9	
2.87500	-0.1	175	27.9	28.9	-1.0	28.9	0.0	28.9	
2.87891	-0.1	175	28.0	28.9	-0.9	28.9	0.0	28.9	
2.88281	-0.1	175	28.0	29.0	-1.0	29.0	0.0	29.0	
2.88672	-0.1	175	28.0	28.9	-0.9	28.9	0.0	28.9	
2.89062	-0.0	175	28.0	28.9	-0.9	28.9	0.0	28.9	
2.89453	-0.0	175	28.0	29.0	-1.0	29.0	0.0	29.0	
2.89844	-0.0	175	27.9	28.9	-1.0	28.9	0.0	28.9	
2.90234	-0.0	175	27.9	28.9	-1.0	28.9	0.0	28.9	
2.90625	-0.0	175	27.9	28.9	-1.0	28.9	0.0	28.9	
2.91016	-0.0	175	27.9	28.9	-1.0	28.9	0.0	28.9	
2.91406	-0.0	175	27.9	28.9	-1.0	28.9	0.0	28.9	
2.91797	-0.0	175	27.9	28.9	-1.0	28.9	0.0	28.9	
2.92188	-0.0	175	27.9	28.9	-1.0	28.9	0.0	28.9	
2.92578	-0.1	175	27.9	28.9	-1.0	28.9	0.0	28.9	
2.92969	-0.1	175	27.9	28.9	-1.0	28.9	0.0	28.9	
2.93359	-0.1	175	27.9	28.9	-1.0	28.9	0.0	28.9	
2.93750	-0.1	175	27.9	28.9	-1.0	28.9	0.0	28.9	
2.94141	-0.1	175	27.9	28.9	-1.0	28.9	0.0	28.9	
2.94531	-0.1	175	27.9	28.9	-1.0	28.9	0.0	28.9	
2.94922	-0.1	175	27.9	28.9	-1.0	28.9	0.0	28.9	
2.95312	-0.2	175	27.9	28.9	-1.0	28.9	0.0	28.9	
2.95703	-0.2	175	27.9	28.9	-1.0	28.9	0.0	28.9	
2.96094	-0.3	175	28.0	29.0	-1.0	29.0	0.0	29.0	
2.96484	-0.3	175	28.0	29.0	-1.0	29.0	0.0	29.0	
2.96875	-0.3	175	28.0	29.0	-1.0	29.0	0.0	29.0	
2.97266	-0.5	175	28.1	29.0	-0.9	29.0	0.0	29.0	
2.97656	-0.6	175	28.1	29.1	-1.0	29.1	0.0	29.1	
2.98047	-0.7	175	28.2	29.1	-0.9	29.1	0.0	29.1	
2.98438	-0.8	175	28.2	29.1	-0.9	29.1	0.0	29.1	
2.98828	-0.9	175	28.3	29.2	-0.9	29.2	0.0	29.2	
2.99219	-1.0	174	28.4	29.2	-0.8	29.2	0.0	29.2	
2.99609	-1.1	174	28.4	29.3	-0.9	29.3	0.0	29.3	
3.00000	-1.2	174	28.5	29.3	-0.8	29.3	0.0	29.3	
3.00391	-1.2	174	28.6	29.3	-0.7	29.3	0.0	29.3	
3.00781	-1.2	174	28.6	29.4	-0.8	29.4	0.0	29.4	
3.01172	-1.2	174	28.7	29.4	-0.7	29.4	0.0	29.4	
3.01562	-1.1	174	28.8	29.4	-0.6	29.4	0.0	29.4	
3.01953	-1.0	174	28.9	29.5	-0.6	29.5	0.0	29.5	
3.02344	-1.0	174	28.9	29.5	-0.6	29.5	0.0	29.5	
3.02734	-0.9	174	29.0	29.6	-0.6	29.6	0.0	29.6	
3.03125	-0.9	174	29.0	29.6	-0.6	29.6	0.0	29.6	
3.03516	-0.8	174	29.1	29.7	-0.6	29.7	0.0	29.7	
3.03906	-0.8	174	29.2	29.7	-0.5	29.7	0.0	29.7	
3.04297	-0.7	174	29.2	29.7	-0.5	29.7	0.0	29.7	
3.04688	-0.7	174	29.3	29.8	-0.5	29.8	0.0	29.8	
3.05078	-0.6	174	29.3	29.8	-0.5	29.8	0.0	29.8	
3.05469	-0.7	173	29.4	29.8	-0.4	29.8	0.0	29.8	
3.05859	-0.7	173	29.5	29.9	-0.4	29.9	0.0	29.9	
3.06250	-0.8	173	29.5	29.9	-0.4	29.9	0.0	29.9	
3.06641	-0.8	173	29.6	29.9	-0.3	29.9	0.0	29.9	
3.07031	-0.9	173	29.6	30.0	-0.4	30.0	0.0	30.0	
3.07422	-1.0	173	29.7	30.0	-0.3	30.0	0.0	30.0	
3.07812	-1.1	173	29.8	30.1	-0.3	30.1	0.0	30.1	
3.08203	-1.2	173	29.8	30.1	-0.3	30.1	0.0	30.1	
3.08594	-1.4	173	29.9	30.1	-0.2	30.1	0.0	30.1	
3.08984	-1.6	173	30.0	30.2	-0.2	30.2	0.0	30.2	
3.09375	-1.7	173	30.1	30.2	-0.1	30.2	0.0	30.2	
3.09766	-1.9	173	30.2	30.2	0.0	30.2	0.0	30.2	
3.10156	-2.0	172	30.3	30.3	0.0	30.3	0.0	30.3	
3.10547	-2.2	172	30.4	30.3	0.1	30.3	0.0	30.3	
3.10938	-2.3	172	30.5	30.4	0.1	30.4	0.0	30.4	
3.11328	-2.5	172	30.6	30.4	0.2	30.4	0.0	30.4	
3.11719	-2.7	172	30.7	30.5	0.2	30.5	0.0	30.5	
3.12109	-2.8	172	30.9	30.5	0.4	30.5	0.0	30.5	
3.12500	-2.9	171	31.0	30.6	0.4	30.6	0.0	30.6	
3.12891	-3.0	171	31.1	30.6	0.5	30.6	0.0	30.6	
3.13281	-3.0	171	31.2	30.7	0.5	30.7	0.0	30.7	
3.13672	-3.0	171	31.3	30.7	0.6	30.7	0.0	30.7	
3.14062	-2.9	171	31.4	30.8	0.6	30.8	0.0	30.8	
3.14453	-2.8	171	31.5	30.8	0.7	30.8	0.0	30.8	
3.14844	-2.7	170	31.6	30.8	0.8	30.8	0.0	30.8	
3.15234	-2.5	170	31.7	30.9	0.8	30.9	0.0	30.9	
3.15625	-2.4	170	31.9	30.9	1.0	30.9	0.0	30.9	
3.16016	-2.3	170	32.0	31.0	1.0	31.0	0.0	31.0	
3.16406	-2.1	170	32.0	31.0	1.0	31.0	0.0	31.0	
3.16797	-2.0	170	32.1	31.0	1.1	31.0	0.0	31.0	
3.17188	-1.9	169	32.2	31.1	1.1	31.1	0.0	31.1	
3.17578	-1.8	169	32.3	31.1	1.2	31.1	0.0	31.1	
3.17969	-1.8	169	32.4	31.1	1.3	31.1	0.0	31.1	
3.18359	-1.8	169	32.5	31.2	1.3	31.2	0.0	31.2	
3.18750	-1.7	169	32.6	31.2	1.4	31.2	0.0	31.2	
3.19141	-1.7	169	32.7	31.2	1.5	31.2	0.0	31.2	
3.19531	-1.6	169	32.7	31.3	1.4	31.3	0.0	31.3	
3.19922	-1.6	169	32.8	31.3	1.5	31.3	0.0	31.3	
3.20312	-1.5	169	32.9	31.3	1.6	31.3	0.0	31.3	
3.20703	-1.4	169	33.0	31.3	1.7	31.3	0.0	31.3	
3.21094	-1.3	168	33.0	31.3	1.7	31.3	0.0	31.3	
3.21484	-1.2	168	33.1	31.4	1.7	31.4	0.0	31.4	
3.21875	-1.2	168	33.2	31.4	1.8	31.4	0.0	31.4	
3.22266	-1.1	168	33.2	31.4	1.8	31.4	0.0	31.4	
3.22656	-1.1	168	33.3	31.4	1.9	31.4	0.0	31.4	
3.23047	-1.1	168	33.4	31.4	2.0	31.4	0.0	31.4	
3.23438	-1.2	168	33.4	31.5	1.9	31.5	0.0	31.5	
3.23828	-1.2	168	33.5	31.5	2.0	31.5	0.0	31.5	
3.24219	-1.2	168	33.6	31.5	2.1	31.5	0.0	31.5	
3.24609	-1.3	168	33.6	31.5	2.1	31.5	0.0	31.5	
3.25000	-1.3	168	33.7	31.5	2.2	31.5	0.0	31.5	
3.25391	-1.4	168	33.8	31.5	2.3	31.5	0.0	31.5	
3.25781	-1.4	167	33.9	31.5	2.4	31.5	0.0	31.5	
3.26172	-1.5	167	33.9	31.6	2.3	31.6	0.0	31.6	
3.26562	-1.5	167	34.0	31.6	2.4	31.6	0.0	31.6	
3.26953	-1.4	167	34.1	31.6	2.5	31.6	0.0	31.6	
3.27344	-1.4	167	34.2	31.6	2.6	31.6	0.0	31.6	
3.27734	-1.4	167	34.2	31.7	2.5	31.7	0.0	31.7	
3.28125	-1.3	167	34.3	31.7	2.6	31.7	0.0	31.7	
3.28516	-1.3	167	34.4	31.7	2.7	31.7	0.0	31.7	
3.28906	-1.2	167	34.4	31.7	2.7	31.7	0.0	31.7	
3.29297	-1.2	167	34.5	31.7	2.8	31.7	0.0	31.7	
3.29688	-1.1	167	34.6	31.7	2.9	31.7	0.0	31.7	
3.30078	-1.1	167	34.6	31.8	2.8	31.8	0.0	31.8	
3.30469	-1.0	166	34.7	31.8	2.9	31.8	0.0	31.8	
3.30859	-1.0	166	34.7	31.8	2.9	31.8	0.0	31.8	
3.31250	-1.0	166	34.8	31.8	3.0	31.8	0.0	31.8	
3.31641	-1.0	166	34.9	31.8	3.1	31.8	0.0	31.8	
3.32031	-1.0	166	34.9	31.8	3.1	31.8	0.0	31.8	
3.32422	-1.0	166	35.0	31.8	3.2	31.8	0.0	31.8	
3.32812	-1.0	166	35.1	31.9	3.2	31.9	0.0	31.9	
3.33203	-0.9	166	35.1	31.9	3.2	31.9	0.0	31.9	
3.33594	-0.9	166	35.2	31.9	3.3	31.9	0.0	31.9	
3.33984	-0.9	166	35.2	31.9	3.3	31.9	0.0	31.9	
3.34375	-0.8	166	35.3	31.9	3.4	31.9	0.0	31.9	
3.34766	-0.7	166	35.3	31.9	3.4	31.9	0.0	31.9	
3.35156	-0.6	166	35.3	31.9	3.4	31.9	0.0	31.9	
3.35547	-0.6	166	35.4	31.9	3.5	31.9	0.0	31.9	
3.35938	-0.5	166	35.4	31.9	3.5	31.9	0.0	31.9	
3.36328	-0.4	166	35.4	31.9	3.5	31.9	0.0	31.9	
3.36719	-0.3	166	35.4	31.9	3.5	31.9	0.0	31.9	
3.37109	-0.2	166	35.4	31.9	3.5	31.9	0.0	31.9	
3.37500	-0.1	166	35.4	32.0	3.4	32.0	0.0	32.0	
3.37891	-0.0	166	35.4	32.0	3.4	32.0	0.0	32.0	
3.38281	0.0	166	35.4	32.0	3.4	32.0	0.0	32.0	
3.38672	0.1	166	35.4	31.9	3.5	31.9	0.0	31.9	
3.39062	0.2	166	35.4	31.9	3.5	31.9	0.0	31.9	
3.39453	0.2	166	35.3	31.9	3.4	31.9	0.0	31.9	
3.39844	0.3	166	35.3	31.9	3.4	31.9	0.0	31.9	
3.40234	0.3	166	35.3	31.9	3.4	31.9	0.0	31.9	
3.40625	0.4	166	35.2	31.9	3.3	31.9	0.0	31.9	
3.41016	0.4	166	35.1	31.9	3.2	31.9	0.0	31.9	
3.41406	0.4	166	35.1	31.9	3.2	31.9	0.0	31.9	
3.41797	0.5	166	35.1	31.9	3.2	31.9	0.0	31.9	
3.42188	0.5	166	35.0	31.9	3.1	31.9	0.0	31.9	
3.42578	0.5	166	34.9	31.9	3.0	31.9	0.0	31.9	
3.42969	0.5	166	34.9	31.9	3.0	31.9	0.0	31.9	
3.43359	0.5	166	34.8	31.9	2.9	31.9	0.0	31.9	
3.43750	0.5	166	34.8	31.9	2.9	31.9	0.0	31.9	
3.44141	0.5	166	34.7	31.9	2.8	31.9	0.0	31.9	
3.44531	0.5	166	34.7	31.9	2.8	31.9	0.0	31.9	
3.44922	0.5	166	34.6	31.9	2.7	31.9	0.0	31.9	
3.45312	0.5	166	34.6	31.9	2.7	31.9	0.0	31.9	
3.45703	0.5	166	34.5	31.9	2.6	31.9	0.0	31.9	
3.46094	0.7	166	34.5	31.9	2.6	31.9	0.0	31.9	
3.46484	0.8	166	34.4	31.8	2.6	31.8	0.0	31.8	
3.46875	1.0	166	34.3	31.8	2.5	31.8	0.0	31.8	
3.47266	1.3	166	34.2	31.8	2.4	31.8	0.0	31.8	
3.47656	1.5	166	34.1	31.8	2.3	31.8	0.0	31.8	
3.48047	1.8	167	33.9	31.8	2.1	31.8	0.0	31.8	
3.48438	2.2	167	33.8	31.7	2.1	31.7	0.0	31.7	
3.48828	2.5	167	33.7	31.7	2.0	31.7	0.0	31.7	
3.49219	2.7	167	33.5	31.7	1.8	31.7	0.0	31.7	
3.49609	2.9	167	33.4	31.7	1.7	31.7	0.0	31.7	
3.50000	3.0	167	33.2	31.6	1.6	31.6	0.0	31.6	
3.50391	3.2	168	33.0	31.6	1.4	31.6	0.0	31.6	
3.50781	3.2	168	32.9	31.6	1.3	31.6	0.0	31.6	
3.51172	3.1	168	32.7	31.5	1.2	31.5	0.0	31.5	
3.51562	3.1	168	32.5	31.5	1.0	31.5	0.0	31.5	
3.51953	3.0	168	32.4	31.5	0.9	31.5	0.0	31.5	
3.52344	2.9	169	32.2	31.4	0.8	31.4	0.0	31.4	
3.52734	2.8	169	32.1	31.4	0.7	31.4	0.0	31.4	
3.53125	2.8	169	32.0	31.4	0.6	31.4	0.0	31.4	
3.53516	2.8	169	31.8	31.3	0.5	31.3	0.0	31.3	
3.53906	2.8	169	31.6	31.3	0.3	31.3	0.0	31.3	
3.54297	3.0	170	31.5	31.3	0.2	31.3	0.0	31.3	
3.54688	3.2	170	31.3	31.2	0.1	31.2	0.0	31.2	
3.55078	3.5	170	31.1	31.2	-0.1	31.2	0.0	31.2	
3.55469	3.8	170	30.9	31.2	-0.3	31.2	0.0	31.2	
3.55859	4.3	171	30.7	31.1	-0.4	31.1	0.0	31.1	
3.56250	4.7	171	30.5	31.1	-0.6	31.1	0.0	31.1	
3.56641	5.2	171	30.2	31.0	-0.8	31.0	0.0	31.0	
3.57031	5.6	172	30.0	31.0	-1.0	31.0	0.0	31.0	
3.57422	6.0	172	29.8	30.9	-1.1	30.9	0.0	30.9	
3.57812	6.3	172	29.5	30.8	-1.3	30.8	0.0	30.8	
3.58203	6.6	173	29.2	30.8	-1.6	30.8	0.0	30.8	
3.58594	6.9	173	28.9	30.7	-1.8	30.7	0.0	30.7	
3.58984	7.1	174	28.7	30.6	-1.9	30.6	0.0	30.6	
3.59375	7.3	174	28.4	30.5	-2.1	30.5	0.0	30.5	
3.59766	7.4	175	28.1	30.4	-2.3	30.4	0.0	30.4	
3.60156	7.6	175	27.8	30.3	-2.5	30.3	0.0	30.3	
3.60547	7.7	176	27.5	30.3	-2.8	30.3	0.0	30.3	
3.60938	7.8	176	27.2	30.1	-2.9	30.1	0.0	30.1	
3.61328	7.9	177	27.0	30.0	-3.0	30.0	0.0	30.0	
3.61719	8.0	177	26.7	29.9	-3.2	29.9	0.0	29.9	
3.62109	8.2	178	26.4	29.8	-3.4	29.8	0.0	29.8	
3.62500	8.3	178	26.1	29.7	-3.6	29.7	0.0	29.7	
3.62891	8.3	179	25.8	29.5	-3.7	29.5	0.0	29.5	
3.63281	8.4	179	25.5	29.4	-3.9	29.4	0.0	29.4	
3.63672	8.5	180	25.2	29.3	-4.1	29.3	0.0	29.3	
3.64062	8.5	180	24.8	29.1	-4.3	29.1	0.0	29.1	
3.64453	8.4	181	24.6	29.0	-4.4	29.0	0.0	29.0	
3.64844	8.3	182	24.3	28.8	-4.5	28.8	0.0	28.8	
3.65234	8.1	182	24.0	28.7	-4.7	28.7	0.0	28.7	
3.65625	7.8	183	23.8	28.5	-4.7	28.5	0.0	28.5	
3.66016	7.4	183	23.5	28.4	-4.9	28.4	0.0	28.4	
3.66406	7.0	184	23.3	28.2	-4.9	28.2	0.0	28.2	
3.66797	6.5	184	23.1	28.1	-5.0	28.1	0.0	28.1	
3.67188	6.0	184	22.9	27.9	-5.0	27.9	0.0	27.9	
3.67578	5.5	185	22.8	27.8	-5.0	27.8	0.0	27.8	
3.67969	4.9	185	22.6	27.6	-5.0	27.6	0.0	27.6	
3.68359	4.4	185	22.5	27.5	-5.0	27.5	0.0	27.5	
3.68750	3.8	186	22.4	27.3	-4.9	27.3	0.0	27.3	
3.69141	3.3	186	22.3	27.2	-4.9	27.2	0.0	27.2	
3.69531	2.9	186	22.1	27.0	-4.9	27.0	0.0	27.0	
3.69922	2.4	186	22.0	26.9	-4.9	26.9	0.0	26.9	
3.70312	2.1	186	21.9	26.8	-4.9	26.8	0.0	26.8	
3.70703	1.8	186	21.9	26.6	-4.7	26.6	0.0	26.6	
3.71094	1.6	186	21.8	26.5	-4.7	26.5	0.0	26.5	
3.71484	1.5	187	21.7	26.4	-4.7	26.4	0.0	26.4	
3.71875	1.4	187	21.7	26.2	-4.5	26.2	0.0	26.2	
3.72266	1.4	187	21.6	26.1	-4.5	26.1	0.0	26.1	
3.72656	1.4	187	21.5	26.0	-4.5	26.0	0.0	26.0	
3.73047	1.5	187	21.5	25.9	-4.4	25.9	0.0	25.9	
3.73438	1.6	187	21.4	25.7	-4.3	25.7	0.0	25.7	
3.73828	1.7	187	21.4	25.6	-4.2	25.6	0.0	25.6	
3.74219	1.9	187	21.3	25.5	-4.2	25.5	0.0	25.5	
3.74609	2.0	187	21.2	25.4	-4.2	25.4	0.0	25.4	
3.75000	2.2	188	21.1	25.3	-4.2	25.3	0.0	25.3	
3.75391	2.3	188	21.1	25.2	-4.1	25.2	0.0	25.2	
3.75781	2.4	188	21.0	25.0	-4.0	25.0	0.0	25.0	
3.76172	2.5	188	20.9	24.9	-4.0	24.9	0.0	24.9	
3.76562	2.6	188	20.8	24.8	-4.0	24.8	0.0	24.8	
3.76953	2.7	188	20.7	24.7	-4.0	24.7	0.0	24.7	
3.77344	2.7	189	20.6	24.6	-4.0	24.6	0.0	24.6	
3.77734	2.7	189	20.5	24.5	-4.0	24.5	0.0	24.5	
3.78125	2.7	189	20.4	24.4	-4.0	24.4	0.0	24.4	
3.78516	2.7	189	20.2	24.3	-4.1	24.3	0.0	24.3	
3.78906	2.6	189	20.1	24.2	-4.1	24.2	0.0	24.2	
3.79297	2.5	189	20.1	24.1	-4.0	24.1	0.0	24.1	
3.79688	2.3	190	19.9	24.0	-4.1	24.0	0.0	24.0	
3.80078	2.2	190	19.8	23.9	-4.1	23.9	0.0	23.9	
3.80469	2.1	190	19.8	23.8	-4.0	23.8	0.0	23.8	
3.80859	1.9	190	19.6	23.6	-4.0	23.6	0.0	23.6	
3.81250	1.8	190	19.6	23.5	-3.9	23.5	0.0	23.5	
3.81641	1.6	190	19.5	23.4	-3.9	23.4	0.0	23.4	
3.82031	1.4	190	19.4	23.3	-3.9	23.3	0.0	23.3	
3.82422	1.4	190	19.3	23.2	-3.9	23.2	0.0	23.2	
3.82812	1.3	190	19.2	23.1	-3.9	23.1	0.0	23.1	
3.83203	1.2	191	19.0	23.0	-4.0	23.0	0.0	23.0	
3.83594	1.2	191	18.9	22.9	-4.0	22.9	0.0	22.9	
3.83984	1.1	191	18.7	22.7	-4.0	22.7	0.0	22.7	
3.84375	1.1	191	18.5	22.6	-4.1	22.6	0.0	22.6	
3.84766	1.1	191	18.3	22.5	-4.2	22.5	0.0	22.5	
3.85156	1.2	191	18.1	22.4	-4.3	22.4	0.0	22.4	
3.85547	1.2	191	17.9	22.3	-4.4	22.3	0.0	22.3	
3.85938	1.2	191	17.7	22.2	-4.5	22.2	0.0	22.2	
3.86328	1.3	191	17.6	22.0	-4.4	22.0	0.0	22.0	
3.86719	1.3	191	17.5	21.9	-4.4	21.9	0.0	21.9	
3.87109	1.3	191	17.3	21.8	-4.5	21.8	0.0	21.8	
3.87500	1.3	191	17.2	21.7	-4.5	21.7	0.0	21.7	
3.87891	1.3	191	17.2	21.6	-4.4	21.6	0.0	21.6	
3.88281	1.3	192	17.1	21.5	-4.4	21.5	0.0	21.5	
3.88672	1.3	192	17.0	21.3	-4.3	21.3	0.0	21.3	
3.89062	1.3	192	17.0	21.2	-4.2	21.2	0.0	21.2	
3.89453	1.2	192	16.9	21.1	-4.2	21.1	0.0	21.1	
3.89844	1.1	192	16.8	21.0	-4.2	21.0	0.0	21.0	
3.90234	1.1	192	16.8	20.9	-4.1	20.9	0.0	20.9	
3.90625	1.1	192	16.8	20.8	-4.0	20.8	0.0	20.8	
3.91016	1.0	192	16.7	20.7	-4.0	20.7	0.0	20.7	
3.91406	0.9	192	16.7	20.6	-3.9	20.6	0.0	20.6	
3.91797	0.9	192	16.7	20.5	-3.8	20.5	0.0	20.5	
3.92188	0.8	192	16.6	20.4	-3.8	20.4	0.0	20.4	
3.92578	0.7	192	16.6	20.4	-3.8	20.4	0.0	20.4	
3.92969	0.6	192	16.5	20.3	-3.8	20.3	0.0	20.3	
3.93359	0.5	192	16.5	20.2	-3.7	20.2	0.0	20.2	
3.93750	0.4	192	16.5	20.1	-3.6	20.1	0.0	20.1	
3.94141	0.4	192	16.4	20.0	-3.6	20.0	0.0	20.0	
3.94531	0.3	192	16.4	19.9	-3.5	19.9	0.0	19.9	
3.94922	0.3	192	16.4	19.8	-3.4	19.8	0.0	19.8	
3.95312	0.2	192	16.4	19.8	-3.4	19.8	0.0	19.8	
3.95703	0.2	192	16.3	19.7	-3.4	19.7	0.0	19.7	
3.96094	0.1	193	16.3	19.6	-3.3	19.6	0.0	19.6	
3.96484	0.1	193	16.3	19.5	-3.2	19.5	0.0	19.5	
3.96875	0.1	193	16.3	19.5	-3.2	19.5	0.0	19.5	
3.97266	0.0	193	16.3	19.4	-3.1	19.4	0.0	19.4	
3.97656	-0.0	193	16.3	19.3	-3.0	19.3	0.0	19.3	
3.98047	0.0	193	16.3	19.3	-3.0	19.3	0.0	19.3	
3.98438	-0.0	193	16.3	19.2	-2.9	19.2	0.0	19.2	
3.98828	-0.0	193	16.3	19.1	-2.8	19.1	0.0	19.1	
3.99219	-0.0	193	16.3	19.1	-2.8	19.1	0.0	19.1	
3.99609	-0.0	193	16.3	19.0	-2.7	19.0	0.0	19.0	
4.00000	-0.0	193	16.3	18.9	-2.6	18.9	0.0	18.9	
4.00391	-0.0	193	16.3	18.9	-2.6	18.9	0.0	18.9	
4.00781	-0.0	193	16.3	18.8	-2.5	18.8	0.0	18.8	
4.01172	-0.0	193	16.3	18.7	-2.4	18.7	0.0	18.7	
4.01562	-0.0	193	16.3	18.7	-2.4	18.7	0.0	18.7	
4.01953	0.0	193	16.3	18.6	-2.3	18.6	0.0	18.6	
4.02344	0.0	193	16.3	18.6	-2.3	18.6	0.0	18.6	
4.02734	-0.0	193	16.3	18.5	-2.2	18.5	0.0	18.5	
4.03125	0.0	193	16.3	18.5	-2.2	18.5	0.0	18.5	
4.03516	0.1	193	16.3	18.4	-2.1	18.4	0.0	18.4	
4.03906	0.0	193	16.2	18.4	-2.2	18.4	0.0	18.4	
4.04297	0.0	193	16.2	18.3	-2.1	18.3	0.0	18.3	
4.04688	0.0	193	16.2	18.3	-2.1	18.3	0.0	18.3	
4.05078	0.0	193	16.2	18.2	-2.0	18.2	0.0	18.2	
4.05469	0.0	193	16.2	18.2	-2.0	18.2	0.0	18.2	
4.05859	0.0	193	16.2	18.1	-1.9	18.1	0.0	18.1	
4.06250	0.0	193	16.2	18.1	-1.9	18.1	0.0	18.1	
4.06641	0.0	193	16.2	18.1	-1.9	18.1	0.0	18.1	
4.07031	0.1	193	16.2	18.0	-1.8	18.0	0.0	18.0	
4.07422	0.1	193	16.2	18.0	-1.8	18.0	0.0	18.0	
4.07812	0.1	193	16.1	18.0	-1.9	18.0	0.0	18.0	
4.08203	0.1	193	16.1	18.0	-1.9	18.0	0.0	18.0	
4.08594	0.1	193	16.1	17.9	-1.8	17.9	0.0	17.9	
4.08984	0.1	193	16.1	17.9	-1.8	17.9	0.0	17.9	
4.09375	0.1	193	16.0	17.9	-1.9	17.9	0.0	17.9	
4.09766	0.2	193	16.0	17.8	-1.8	17.8	0.0	17.8	
4.10156	0.2	193	16.0	17.8	-1.8	17.8	0.0	17.8	
4.10547	0.2	193	15.9	17.8	-1.9	17.8	0.0	17.8	
4.10938	0.3	193	15.9	17.7	-1.8	17.7	0.0	17.7	
4.11328	0.3	193	15.9	17.7	-1.8	17.7	0.0	17.7	
4.11719	0.3	193	15.8	17.7	-1.9	17.7	0.0	17.7	
4.12109	0.3	193	15.8	17.7	-1.9	17.7	0.0	17.7	
4.12500	0.3	193	15.8	17.6	-1.8	17.6	0.0	17.6	
4.12891	0.3	193	15.7	17.6	-1.9	17.6	0.0	17.6	
4.13281	0.3	193	15.7	17.5	-1.8	17.5	0.0	17.5	
4.13672	0.2	193	15.7	17.5	-1.8	17.5	0.0	17.5	
4.14062	0.2	193	15.7	17.5	-1.8	17.5	0.0	17.5	
4.14453	0.2	193	15.7	17.5	-1.8	17.5	0.0	17.5	
4.14844	0.3	193	15.7	17.5	-1.8	17.5	0.0	17.5	
4.15234	0.3	193	15.7	17.5	-1.8	17.5	0.0	17.5	
4.15625	0.4	193	15.8	17.4	-1.6	17.4	0.0	17.4	
4.16016	0.7	193	15.9	17.4	-1.5	17.4	0.0	17.4	
4.16406	1.1	193	16.0	17.4	-1.4	17.4	0.0	17.4	
