FluxView - FluxMed acquisition system
Signal file
Serial Number	:
W version:	1.20h-OX-CO2	File version:	1.13
Sampling rate:	256 Hz
Time	Flow	Volume	Paw	Pes	Ptpulm	Pga	Ptdiaf	CO2	
0.00391	1.0	7231	19.1	13.6	5.5	4.3	-9.3	13.6	
0.00781	1.1	7231	19.1	13.7	5.4	4.3	-9.4	13.7	
0.01172	1.0	7231	19.0	13.7	5.3	4.3	-9.4	13.7	
0.01562	0.9	7231	19.0	13.7	5.3	4.3	-9.4	13.7	
0.01953	0.8	7231	19.0	13.6	5.4	4.3	-9.3	13.6	
0.02344	0.6	7231	18.9	13.6	5.3	4.3	-9.3	13.6	
0.02734	0.5	7231	18.9	13.7	5.2	4.3	-9.4	13.7	
0.03125	0.4	7231	18.9	13.7	5.2	4.3	-9.4	13.7	
0.03516	0.4	7231	18.9	13.7	5.2	4.3	-9.4	13.7	
0.03906	0.3	7231	18.9	13.7	5.2	4.3	-9.4	13.7	
0.04297	0.2	7231	18.9	13.7	5.2	4.3	-9.4	13.7	
0.04688	0.2	7231	18.9	13.7	5.2	4.3	-9.4	13.7	
0.05078	0.1	7231	18.9	13.6	5.3	4.3	-9.3	13.6	
0.05469	0.1	7231	18.9	13.6	5.3	4.3	-9.3	13.6	
0.05859	0.1	7231	18.9	13.6	5.3	4.3	-9.3	13.6	
0.06250	0.1	7231	19.0	13.6	5.4	4.3	-9.3	13.6	
0.06641	0.2	7231	19.0	13.6	5.4	4.3	-9.3	13.6	
0.07031	0.2	7232	19.0	13.6	5.4	4.3	-9.3	13.6	
0.07422	0.2	7232	19.0	13.6	5.4	4.3	-9.3	13.6	
0.07812	0.2	7232	19.0	13.6	5.4	4.3	-9.3	13.6	
0.08203	0.2	7232	19.1	13.6	5.5	4.3	-9.3	13.6	
0.08594	0.2	7232	19.1	13.6	5.5	4.3	-9.3	13.6	
0.08984	0.2	7232	19.1	13.6	5.5	4.3	-9.3	13.6	
0.09375	0.1	7232	19.1	13.6	5.5	4.3	-9.3	13.6	
0.09766	0.1	7232	19.2	13.6	5.6	4.3	-9.3	13.6	
0.10156	0.0	7232	19.2	13.6	5.6	4.3	-9.3	13.6	
0.10547	-0.1	7232	19.2	13.6	5.6	4.3	-9.3	13.6	
0.10938	-0.1	7232	19.3	13.6	5.7	4.3	-9.3	13.6	
0.11328	-0.1	7232	19.4	13.6	5.8	4.3	-9.3	13.6	
0.11719	-0.1	7232	19.4	13.6	5.8	4.3	-9.3	13.6	
0.12109	-0.2	7232	19.5	13.6	5.9	4.3	-9.3	13.6	
0.12500	-0.2	7232	19.5	13.6	5.9	4.3	-9.3	13.6	
0.12891	-0.2	7232	19.6	13.6	6.0	4.3	-9.3	13.6	
0.13281	-0.1	7232	19.6	13.6	6.0	4.3	-9.3	13.6	
0.13672	-0.1	7232	19.7	13.6	6.1	4.3	-9.3	13.6	
0.14062	-0.1	7232	19.7	13.6	6.1	4.3	-9.3	13.6	
0.14453	0.1	7232	19.7	13.6	6.1	4.3	-9.3	13.6	
0.14844	0.2	7232	19.8	13.6	6.2	4.3	-9.3	13.6	
0.15234	0.2	7232	19.8	13.6	6.2	4.3	-9.3	13.6	
0.15625	0.3	7232	19.8	13.6	6.2	4.3	-9.3	13.6	
0.16016	0.3	7232	19.8	13.6	6.2	4.3	-9.3	13.6	
0.16406	0.3	7232	19.8	13.6	6.2	4.3	-9.3	13.6	
0.16797	0.4	7232	19.8	13.6	6.2	4.3	-9.3	13.6	
0.17188	0.4	7232	19.7	13.6	6.1	4.3	-9.3	13.6	
0.17578	0.5	7232	19.7	13.6	6.1	4.3	-9.3	13.6	
0.17969	0.5	7232	19.7	13.6	6.1	4.3	-9.3	13.6	
0.18359	0.5	7232	19.7	13.6	6.1	4.3	-9.3	13.6	
0.18750	0.5	7232	19.6	13.6	6.0	4.3	-9.3	13.6	
0.19141	0.4	7232	19.6	13.6	6.0	4.3	-9.3	13.6	
0.19531	0.4	7232	19.6	13.6	6.0	4.3	-9.3	13.6	
0.19922	0.3	7232	19.6	13.6	6.0	4.3	-9.3	13.6	
0.20312	0.3	7232	19.5	13.6	5.9	4.3	-9.3	13.6	
0.20703	0.3	7232	19.5	13.6	5.9	4.3	-9.3	13.6	
0.21094	0.3	7232	19.5	13.6	5.9	4.3	-9.3	13.6	
0.21484	0.2	7232	19.5	13.6	5.9	4.3	-9.3	13.6	
0.21875	0.2	7232	19.5	13.6	5.9	4.3	-9.3	13.6	
0.22266	0.2	7232	19.5	13.6	5.9	4.3	-9.3	13.6	
0.22656	0.2	7232	19.5	13.6	5.9	4.3	-9.3	13.6	
0.23047	0.1	7232	19.6	13.6	6.0	4.3	-9.3	13.6	
0.23438	0.1	7232	19.6	13.6	6.0	4.3	-9.3	13.6	
0.23828	0.1	7232	19.6	13.6	6.0	4.3	-9.3	13.6	
0.24219	0.2	7232	19.6	13.6	6.0	4.3	-9.3	13.6	
0.24609	0.2	7232	19.6	13.6	6.0	4.3	-9.3	13.6	
0.25000	0.2	7232	19.7	13.7	6.0	4.3	-9.4	13.7	
0.25391	0.2	7232	19.7	13.7	6.0	4.3	-9.4	13.7	
0.25781	0.3	7232	19.7	13.7	6.0	4.3	-9.4	13.7	
0.26172	0.3	7232	19.6	13.7	5.9	4.3	-9.4	13.7	
0.26562	0.3	7232	19.6	13.7	5.9	4.3	-9.4	13.7	
0.26953	0.4	7232	19.6	13.7	5.9	4.3	-9.4	13.7	
0.27344	0.4	7232	19.6	13.7	5.9	4.3	-9.4	13.7	
0.27734	0.4	7232	19.6	13.7	5.9	4.3	-9.4	13.7	
0.28125	0.4	7232	19.6	13.7	5.9	4.3	-9.4	13.7	
0.28516	0.4	7232	19.5	13.7	5.8	4.3	-9.4	13.7	
0.28906	0.5	7232	19.5	13.7	5.8	4.3	-9.4	13.7	
0.29297	0.5	7232	19.5	13.7	5.8	4.3	-9.4	13.7	
0.29688	0.4	7232	19.4	13.7	5.7	4.3	-9.4	13.7	
0.30078	0.4	7232	19.4	13.7	5.7	4.3	-9.4	13.7	
0.30469	0.4	7232	19.4	13.7	5.7	4.3	-9.4	13.7	
0.30859	0.3	7232	19.3	13.7	5.6	4.3	-9.4	13.7	
0.31250	0.3	7232	19.3	13.7	5.6	4.3	-9.4	13.7	
0.31641	0.3	7232	19.3	13.7	5.6	4.3	-9.4	13.7	
0.32031	0.3	7232	19.3	13.7	5.6	4.3	-9.4	13.7	
0.32422	0.3	7232	19.3	13.7	5.6	4.3	-9.4	13.7	
0.32812	0.2	7232	19.3	13.7	5.6	4.3	-9.4	13.7	
0.33203	0.2	7232	19.3	13.7	5.6	4.3	-9.4	13.7	
0.33594	0.3	7233	19.3	13.7	5.6	4.3	-9.4	13.7	
0.33984	0.2	7233	19.3	13.7	5.6	4.3	-9.4	13.7	
0.34375	0.2	7233	19.3	13.7	5.6	4.3	-9.4	13.7	
0.34766	0.2	7233	19.3	13.7	5.6	4.3	-9.4	13.7	
0.35156	0.2	7233	19.3	13.7	5.6	4.3	-9.4	13.7	
0.35547	0.2	7233	19.3	13.7	5.6	4.3	-9.4	13.7	
0.35938	0.2	7233	19.3	13.7	5.6	4.3	-9.4	13.7	
0.36328	0.2	7233	19.4	13.7	5.7	4.3	-9.4	13.7	
0.36719	0.3	7233	19.4	13.7	5.7	4.3	-9.4	13.7	
0.37109	0.3	7233	19.4	13.7	5.7	4.3	-9.4	13.7	
0.37500	0.3	7233	19.3	13.7	5.6	4.3	-9.4	13.7	
0.37891	0.3	7233	19.3	13.7	5.6	4.3	-9.4	13.7	
0.38281	0.3	7233	19.4	13.7	5.7	4.3	-9.4	13.7	
0.38672	0.3	7233	19.3	13.7	5.6	4.3	-9.4	13.7	
0.39062	0.3	7233	19.3	13.7	5.6	4.3	-9.4	13.7	
0.39453	0.4	7233	19.3	13.7	5.6	4.3	-9.4	13.7	
0.39844	0.3	7233	19.3	13.7	5.6	4.3	-9.4	13.7	
0.40234	0.3	7233	19.3	13.7	5.6	4.3	-9.4	13.7	
0.40625	0.3	7233	19.3	13.8	5.5	4.3	-9.5	13.8	
0.41016	0.3	7233	19.3	13.7	5.6	4.3	-9.4	13.7	
0.41406	0.3	7233	19.3	13.7	5.6	4.3	-9.4	13.7	
0.41797	0.3	7233	19.3	13.7	5.6	4.3	-9.4	13.7	
0.42188	0.3	7233	19.3	13.7	5.6	4.3	-9.4	13.7	
0.42578	0.2	7233	19.3	13.7	5.6	4.3	-9.4	13.7	
0.42969	0.2	7233	19.3	13.7	5.6	4.3	-9.4	13.7	
0.43359	0.2	7233	19.3	13.7	5.6	4.3	-9.4	13.7	
0.43750	0.2	7233	19.3	13.7	5.6	4.3	-9.4	13.7	
0.44141	0.2	7233	19.3	13.7	5.6	4.3	-9.4	13.7	
0.44531	0.2	7233	19.3	13.7	5.6	4.3	-9.4	13.7	
0.44922	0.2	7233	19.3	13.7	5.6	4.3	-9.4	13.7	
0.45312	0.2	7233	19.3	13.7	5.6	4.3	-9.4	13.7	
0.45703	0.2	7233	19.4	13.8	5.6	4.3	-9.5	13.8	
0.46094	0.2	7233	19.3	13.8	5.5	4.3	-9.5	13.8	
0.46484	0.2	7233	19.4	13.8	5.6	4.3	-9.5	13.8	
0.46875	0.2	7233	19.4	13.8	5.6	4.3	-9.5	13.8	
0.47266	0.2	7233	19.4	13.8	5.6	4.3	-9.5	13.8	
0.47656	0.2	7233	19.4	13.8	5.6	4.3	-9.5	13.8	
0.48047	0.3	7233	19.4	13.8	5.6	4.3	-9.5	13.8	
0.48438	0.2	7233	19.4	13.8	5.6	4.3	-9.5	13.8	
0.48828	0.2	7233	19.4	13.8	5.6	4.3	-9.5	13.8	
0.49219	0.3	7233	19.4	13.8	5.6	4.3	-9.5	13.8	
0.49609	0.2	7233	19.4	13.8	5.6	4.3	-9.5	13.8	
0.50000	0.2	7233	19.4	13.8	5.6	4.3	-9.5	13.8	
0.50391	0.2	7233	19.5	13.8	5.7	4.3	-9.5	13.8	
0.50781	0.3	7233	19.4	13.8	5.6	4.3	-9.5	13.8	
0.51172	0.3	7233	19.5	13.8	5.7	4.3	-9.5	13.8	
0.51562	0.2	7233	19.5	13.8	5.7	4.3	-9.5	13.8	
0.51953	0.2	7233	19.5	13.8	5.7	4.3	-9.5	13.8	
0.52344	0.3	7233	19.5	13.8	5.7	4.3	-9.5	13.8	
0.52734	0.2	7233	19.5	13.8	5.7	4.3	-9.5	13.8	
0.53125	0.2	7233	19.5	13.8	5.7	4.3	-9.5	13.8	
0.53516	0.2	7233	19.5	13.8	5.7	4.3	-9.5	13.8	
0.53906	0.2	7233	19.5	13.8	5.7	4.3	-9.5	13.8	
0.54297	0.2	7233	19.5	13.8	5.7	4.3	-9.5	13.8	
0.54688	0.2	7233	19.5	13.8	5.7	4.3	-9.5	13.8	
0.55078	0.2	7233	19.5	13.8	5.7	4.3	-9.5	13.8	
0.55469	0.2	7233	19.5	13.8	5.7	4.3	-9.5	13.8	
0.55859	0.2	7233	19.6	13.8	5.8	4.3	-9.5	13.8	
0.56250	0.2	7233	19.6	13.8	5.8	4.3	-9.5	13.8	
0.56641	0.3	7233	19.6	13.8	5.8	4.3	-9.5	13.8	
0.57031	0.2	7233	19.6	13.8	5.8	4.3	-9.5	13.8	
0.57422	0.2	7233	19.6	13.8	5.8	4.3	-9.5	13.8	
0.57812	0.3	7233	19.6	13.8	5.8	4.3	-9.5	13.8	
0.58203	0.2	7233	19.6	13.8	5.8	4.3	-9.5	13.8	
0.58594	0.2	7233	19.6	13.8	5.8	4.3	-9.5	13.8	
0.58984	0.3	7234	19.6	13.8	5.8	4.3	-9.5	13.8	
0.59375	0.3	7234	19.6	13.8	5.8	4.3	-9.5	13.8	
0.59766	0.3	7234	19.6	13.8	5.8	4.3	-9.5	13.8	
0.60156	0.3	7234	19.6	13.8	5.8	4.3	-9.5	13.8	
0.60547	0.3	7234	19.6	13.8	5.8	4.3	-9.5	13.8	
0.60938	0.3	7234	19.6	13.8	5.8	4.3	-9.5	13.8	
0.61328	0.3	7234	19.6	13.8	5.8	4.3	-9.5	13.8	
0.61719	0.3	7234	19.6	13.8	5.8	4.3	-9.5	13.8	
0.62109	0.3	7234	19.5	13.8	5.7	4.3	-9.5	13.8	
0.62500	0.3	7234	19.5	13.8	5.7	4.3	-9.5	13.8	
0.62891	0.3	7234	19.5	13.8	5.7	4.3	-9.5	13.8	
0.63281	0.3	7234	19.5	13.8	5.7	4.3	-9.5	13.8	
0.63672	0.3	7234	19.5	13.8	5.7	4.3	-9.5	13.8	
0.64062	0.3	7234	19.5	13.8	5.7	4.3	-9.5	13.8	
0.64453	0.2	7234	19.5	13.8	5.7	4.3	-9.5	13.8	
0.64844	0.2	7234	19.5	13.8	5.7	4.3	-9.5	13.8	
0.65234	0.3	7234	19.5	13.8	5.7	4.3	-9.5	13.8	
0.65625	0.2	7234	19.5	13.8	5.7	4.3	-9.5	13.8	
0.66016	0.2	7234	19.5	13.8	5.7	4.3	-9.5	13.8	
0.66406	0.2	7234	19.5	13.8	5.7	4.3	-9.5	13.8	
0.66797	0.2	7234	19.5	13.8	5.7	4.3	-9.5	13.8	
0.67188	0.2	7234	19.6	13.8	5.8	4.3	-9.5	13.8	
0.67578	0.2	7234	19.6	13.8	5.8	4.3	-9.5	13.8	
0.67969	0.2	7234	19.6	13.8	5.8	4.3	-9.5	13.8	
0.68359	0.2	7234	19.6	13.9	5.7	4.3	-9.6	13.9	
0.68750	0.2	7234	19.6	13.9	5.7	4.3	-9.6	13.9	
0.69141	0.2	7234	19.6	13.9	5.7	4.3	-9.6	13.9	
0.69531	0.2	7234	19.7	13.9	5.8	4.3	-9.6	13.9	
0.69922	0.2	7234	19.7	13.9	5.8	4.3	-9.6	13.9	
0.70312	0.2	7234	19.7	13.9	5.8	4.3	-9.6	13.9	
0.70703	0.2	7234	19.7	13.9	5.8	4.3	-9.6	13.9	
0.71094	0.2	7234	19.7	13.9	5.8	4.3	-9.6	13.9	
0.71484	0.2	7234	19.7	13.9	5.8	4.3	-9.6	13.9	
0.71875	0.2	7234	19.8	13.9	5.9	4.3	-9.6	13.9	
0.72266	0.2	7234	19.8	13.9	5.9	4.3	-9.6	13.9	
0.72656	0.2	7234	19.8	13.9	5.9	4.3	-9.6	13.9	
0.73047	0.2	7234	19.8	13.9	5.9	4.3	-9.6	13.9	
0.73438	0.2	7234	19.8	13.9	5.9	4.3	-9.6	13.9	
0.73828	0.2	7234	19.8	13.9	5.9	4.3	-9.6	13.9	
0.74219	0.2	7234	19.8	13.9	5.9	4.3	-9.6	13.9	
0.74609	0.3	7234	19.8	13.9	5.9	4.3	-9.6	13.9	
0.75000	0.3	7234	19.9	13.9	6.0	4.3	-9.6	13.9	
0.75391	0.3	7234	19.9	13.9	6.0	4.3	-9.6	13.9	
0.75781	0.3	7234	19.8	13.9	5.9	4.3	-9.6	13.9	
0.76172	0.3	7234	19.8	13.9	5.9	4.3	-9.6	13.9	
0.76562	0.3	7234	19.8	13.9	5.9	4.3	-9.6	13.9	
0.76953	0.3	7234	19.8	13.9	5.9	4.3	-9.6	13.9	
0.77344	0.3	7234	19.8	13.9	5.9	4.3	-9.6	13.9	
0.77734	0.3	7234	19.8	13.9	5.9	4.3	-9.6	13.9	
0.78125	0.3	7234	19.8	13.9	5.9	4.3	-9.6	13.9	
0.78516	0.3	7234	19.8	13.9	5.9	4.3	-9.6	13.9	
0.78906	0.2	7234	19.8	13.9	5.9	4.3	-9.6	13.9	
0.79297	0.1	7234	19.8	13.9	5.9	4.3	-9.6	13.9	
0.79688	0.1	7234	19.8	13.9	5.9	4.3	-9.6	13.9	
0.80078	0.0	7234	19.9	13.9	6.0	4.3	-9.6	13.9	
0.80469	-0.0	7234	19.9	13.9	6.0	4.3	-9.6	13.9	
0.80859	-0.2	7234	19.9	13.9	6.0	4.3	-9.6	13.9	
0.81250	-0.3	7234	20.0	13.9	6.1	4.3	-9.6	13.9	
0.81641	-0.3	7234	20.0	13.9	6.1	4.3	-9.6	13.9	
0.82031	-0.4	7234	20.1	13.9	6.2	4.3	-9.6	13.9	
0.82422	-0.4	7234	20.2	13.9	6.3	4.3	-9.6	13.9	
0.82812	-0.4	7234	20.3	13.9	6.4	4.3	-9.6	13.9	
0.83203	-0.4	7234	20.3	13.9	6.4	4.3	-9.6	13.9	
0.83594	-0.4	7234	20.4	13.9	6.5	4.3	-9.6	13.9	
0.83984	-0.4	7234	20.5	13.9	6.6	4.3	-9.6	13.9	
0.84375	-0.3	7234	20.5	13.9	6.6	4.3	-9.6	13.9	
0.84766	-0.2	7234	20.6	13.9	6.7	4.3	-9.6	13.9	
0.85156	-0.1	7234	20.6	13.9	6.7	4.3	-9.6	13.9	
0.85547	0.0	7234	20.6	13.9	6.7	4.3	-9.6	13.9	
0.85938	0.2	7234	20.7	14.0	6.7	4.3	-9.7	14.0	
0.86328	0.2	7234	20.7	14.0	6.7	4.3	-9.7	14.0	
0.86719	0.3	7234	20.7	14.0	6.7	4.3	-9.7	14.0	
0.87109	0.4	7234	20.7	14.0	6.7	4.3	-9.7	14.0	
0.87500	0.4	7234	20.6	14.0	6.6	4.3	-9.7	14.0	
0.87891	0.4	7234	20.6	14.0	6.6	4.3	-9.7	14.0	
0.88281	0.5	7234	20.6	14.0	6.6	4.3	-9.7	14.0	
0.88672	0.5	7234	20.6	14.0	6.6	4.3	-9.7	14.0	
0.89062	0.5	7234	20.5	14.0	6.5	4.3	-9.7	14.0	
0.89453	0.4	7234	20.5	14.0	6.5	4.3	-9.7	14.0	
0.89844	0.4	7234	20.5	14.0	6.5	4.3	-9.7	14.0	
0.90234	0.4	7234	20.5	14.0	6.5	4.3	-9.7	14.0	
0.90625	0.3	7234	20.5	14.0	6.5	4.3	-9.7	14.0	
0.91016	0.3	7234	20.4	14.0	6.4	4.3	-9.7	14.0	
0.91406	0.2	7234	20.4	14.0	6.4	4.3	-9.7	14.0	
0.91797	0.2	7234	20.5	14.0	6.5	4.3	-9.7	14.0	
0.92188	0.1	7234	20.5	14.0	6.5	4.3	-9.7	14.0	
0.92578	0.1	7234	20.5	14.0	6.5	4.3	-9.7	14.0	
0.92969	0.1	7234	20.5	14.0	6.5	4.3	-9.7	14.0	
0.93359	0.1	7234	20.5	14.0	6.5	4.3	-9.7	14.0	
0.93750	0.0	7234	20.6	14.1	6.5	4.3	-9.8	14.1	
0.94141	0.0	7234	20.6	14.1	6.5	4.3	-9.8	14.1	
0.94531	0.0	7234	20.6	14.1	6.5	4.3	-9.8	14.1	
0.94922	0.0	7234	20.7	14.1	6.6	4.3	-9.8	14.1	
0.95312	0.1	7234	20.7	14.1	6.6	4.3	-9.8	14.1	
0.95703	0.1	7235	20.8	14.1	6.7	4.3	-9.8	14.1	
0.96094	0.1	7235	20.8	14.1	6.7	4.3	-9.8	14.1	
0.96484	0.2	7235	20.8	14.1	6.7	4.3	-9.8	14.1	
0.96875	0.2	7235	20.8	14.1	6.7	4.3	-9.8	14.1	
0.97266	0.2	7235	20.8	14.1	6.7	4.3	-9.8	14.1	
0.97656	0.3	7235	20.8	14.1	6.7	4.3	-9.8	14.1	
0.98047	0.3	7235	20.8	14.1	6.7	4.3	-9.8	14.1	
0.98438	0.3	7235	20.8	14.1	6.7	4.3	-9.8	14.1	
0.98828	0.4	7235	20.8	14.2	6.6	4.3	-9.9	14.2	
0.99219	0.4	7235	20.8	14.2	6.6	4.3	-9.9	14.2	
0.99609	0.4	7235	20.8	14.2	6.6	4.3	-9.9	14.2	
1.00000	0.4	7235	20.8	14.2	6.6	4.3	-9.9	14.2	
1.00391	0.4	7235	20.8	14.2	6.6	4.3	-9.9	14.2	
1.00781	0.3	7235	20.7	14.2	6.5	4.3	-9.9	14.2	
1.01172	0.3	7235	20.7	14.2	6.5	4.3	-9.9	14.2	
1.01562	0.3	7235	20.7	14.2	6.5	4.3	-9.9	14.2	
1.01953	0.3	7235	20.7	14.2	6.5	4.3	-9.9	14.2	
1.02344	0.2	7235	20.7	14.2	6.5	4.3	-9.9	14.2	
1.02734	0.2	7235	20.7	14.2	6.5	4.3	-9.9	14.2	
1.03125	0.2	7235	20.7	14.2	6.5	4.3	-9.9	14.2	
1.03516	0.1	7235	20.8	14.2	6.6	4.3	-9.9	14.2	
1.03906	0.0	7235	20.8	14.3	6.5	4.3	-10.0	14.3	
1.04297	-0.0	7235	20.8	14.3	6.5	4.3	-10.0	14.3	
1.04688	-0.1	7235	20.9	14.3	6.6	4.3	-10.0	14.3	
1.05078	-0.1	7235	20.9	14.3	6.6	4.3	-10.0	14.3	
1.05469	-0.1	7235	21.0	14.3	6.7	4.3	-10.0	14.3	
1.05859	-0.1	7235	21.0	14.3	6.7	4.3	-10.0	14.3	
1.06250	-0.2	7235	21.1	14.3	6.8	4.3	-10.0	14.3	
1.06641	-0.2	7235	21.1	14.3	6.8	4.3	-10.0	14.3	
1.07031	-0.1	7235	21.2	14.3	6.9	4.3	-10.0	14.3	
1.07422	-0.1	7235	21.2	14.3	6.9	4.3	-10.0	14.3	
1.07812	-0.1	7235	21.3	14.4	6.9	4.3	-10.1	14.4	
1.08203	0.0	7235	21.3	14.4	6.9	4.3	-10.1	14.4	
1.08594	0.0	7235	21.4	14.4	7.0	4.3	-10.1	14.4	
1.08984	0.0	7235	21.4	14.4	7.0	4.3	-10.1	14.4	
1.09375	0.1	7235	21.4	14.4	7.0	4.3	-10.1	14.4	
1.09766	0.1	7235	21.5	14.4	7.1	4.3	-10.1	14.4	
1.10156	0.1	7235	21.5	14.4	7.1	4.3	-10.1	14.4	
1.10547	0.1	7235	21.5	14.4	7.1	4.3	-10.1	14.4	
1.10938	0.1	7235	21.6	14.4	7.2	4.3	-10.1	14.4	
1.11328	0.1	7235	21.6	14.4	7.2	4.3	-10.1	14.4	
1.11719	0.1	7235	21.6	14.4	7.2	4.3	-10.1	14.4	
1.12109	0.1	7235	21.7	14.5	7.2	4.3	-10.2	14.5	
1.12500	0.0	7235	21.7	14.5	7.2	4.3	-10.2	14.5	
1.12891	-0.0	7235	21.7	14.5	7.2	4.3	-10.2	14.5	
1.13281	-0.1	7235	21.8	14.5	7.3	4.3	-10.2	14.5	
1.13672	-0.1	7235	21.8	14.5	7.3	4.3	-10.2	14.5	
1.14062	-0.2	7235	21.9	14.5	7.4	4.3	-10.2	14.5	
1.14453	-0.2	7235	21.9	14.5	7.4	4.3	-10.2	14.5	
1.14844	-0.2	7235	22.0	14.6	7.4	4.3	-10.3	14.6	
1.15234	-0.3	7235	22.1	14.6	7.5	4.3	-10.3	14.6	
1.15625	-0.3	7235	22.1	14.6	7.5	4.3	-10.3	14.6	
1.16016	-0.2	7235	22.2	14.6	7.6	4.3	-10.3	14.6	
1.16406	-0.3	7235	22.2	14.6	7.6	4.3	-10.3	14.6	
1.16797	-0.3	7235	22.3	14.6	7.7	4.3	-10.3	14.6	
1.17188	-0.2	7235	22.4	14.6	7.8	4.3	-10.3	14.6	
1.17578	-0.2	7235	22.4	14.7	7.7	4.3	-10.4	14.7	
1.17969	-0.2	7235	22.5	14.7	7.8	4.3	-10.4	14.7	
1.18359	-0.2	7235	22.5	14.7	7.8	4.3	-10.4	14.7	
1.18750	-0.1	7235	22.6	14.7	7.9	4.3	-10.4	14.7	
1.19141	-0.1	7235	22.6	14.7	7.9	4.3	-10.4	14.7	
1.19531	-0.1	7235	22.7	14.7	8.0	4.3	-10.4	14.7	
1.19922	-0.1	7235	22.7	14.7	8.0	4.3	-10.4	14.7	
1.20312	-0.1	7235	22.8	14.8	8.0	4.3	-10.5	14.8	
1.20703	-0.1	7235	22.8	14.8	8.0	4.3	-10.5	14.8	
1.21094	-0.1	7235	22.9	14.8	8.1	4.3	-10.5	14.8	
1.21484	-0.1	7235	22.9	14.8	8.1	4.3	-10.5	14.8	
1.21875	-0.1	7235	23.0	14.8	8.2	4.3	-10.5	14.8	
1.22266	-0.2	7235	23.0	14.8	8.2	4.3	-10.5	14.8	
1.22656	-0.2	7235	23.1	14.8	8.3	4.3	-10.5	14.8	
1.23047	-0.2	7235	23.1	14.9	8.2	4.3	-10.6	14.9	
1.23438	-0.3	7235	23.2	14.9	8.3	4.3	-10.6	14.9	
1.23828	-0.4	7235	23.3	14.9	8.4	4.3	-10.6	14.9	
1.24219	-0.4	7234	23.4	14.9	8.5	4.3	-10.6	14.9	
1.24609	-0.5	7234	23.4	15.0	8.4	4.3	-10.7	15.0	
1.25000	-0.6	7234	23.5	15.0	8.5	4.3	-10.7	15.0	
1.25391	-0.7	7234	23.6	15.0	8.6	4.3	-10.7	15.0	
1.25781	-0.8	7234	23.7	15.0	8.7	4.3	-10.7	15.0	
1.26172	-0.9	7234	23.8	15.0	8.8	4.3	-10.7	15.0	
1.26562	-1.0	7234	23.9	15.1	8.8	4.3	-10.8	15.1	
1.26953	-1.2	7234	24.0	15.1	8.9	4.3	-10.8	15.1	
1.27344	-1.2	7234	24.1	15.1	9.0	4.3	-10.8	15.1	
1.27734	-1.3	7234	24.2	15.1	9.1	4.3	-10.8	15.1	
1.28125	-1.4	7234	24.4	15.1	9.3	4.3	-10.8	15.1	
1.28516	-1.5	7234	24.5	15.2	9.3	4.3	-10.9	15.2	
1.28906	-1.5	7234	24.6	15.2	9.4	4.3	-10.9	15.2	
1.29297	-1.6	7234	24.7	15.2	9.5	4.3	-10.9	15.2	
1.29688	-1.6	7233	24.9	15.2	9.7	4.3	-10.9	15.2	
1.30078	-1.6	7233	25.0	15.2	9.8	4.3	-10.9	15.2	
1.30469	-1.6	7233	25.1	15.3	9.8	4.3	-11.0	15.3	
1.30859	-1.6	7233	25.2	15.3	9.9	4.3	-11.0	15.3	
1.31250	-1.6	7233	25.4	15.3	10.1	4.3	-11.0	15.3	
1.31641	-1.6	7233	25.5	15.4	10.1	4.3	-11.1	15.4	
1.32031	-1.5	7233	25.6	15.4	10.2	4.3	-11.1	15.4	
1.32422	-1.5	7233	25.7	15.4	10.3	4.3	-11.1	15.4	
1.32812	-1.4	7233	25.8	15.4	10.4	4.3	-11.1	15.4	
1.33203	-1.3	7233	25.9	15.4	10.5	4.3	-11.1	15.4	
1.33594	-1.2	7232	26.1	15.5	10.6	4.3	-11.2	15.5	
1.33984	-1.2	7232	26.2	15.5	10.7	4.3	-11.2	15.5	
1.34375	-1.1	7232	26.3	15.5	10.8	4.3	-11.2	15.5	
1.34766	-1.1	7232	26.4	15.6	10.8	4.3	-11.3	15.6	
1.35156	-1.1	7232	26.5	15.6	10.9	4.3	-11.3	15.6	
1.35547	-1.0	7232	26.6	15.6	11.0	4.3	-11.3	15.6	
1.35938	-1.0	7232	26.7	15.6	11.1	4.3	-11.3	15.6	
1.36328	-1.1	7232	26.8	15.7	11.1	4.3	-11.4	15.7	
1.36719	-1.1	7232	26.9	15.7	11.2	4.3	-11.4	15.7	
1.37109	-1.2	7232	27.0	15.7	11.3	4.3	-11.4	15.7	
1.37500	-1.3	7232	27.1	15.8	11.3	4.3	-11.5	15.8	
1.37891	-1.4	7232	27.2	15.8	11.4	4.3	-11.5	15.8	
1.38281	-1.5	7232	27.3	15.8	11.5	4.3	-11.5	15.8	
1.38672	-1.6	7231	27.4	15.9	11.5	4.3	-11.6	15.9	
1.39062	-1.7	7231	27.6	15.9	11.7	4.3	-11.6	15.9	
1.39453	-1.8	7231	27.7	15.9	11.8	4.3	-11.6	15.9	
1.39844	-1.8	7231	27.8	16.0	11.8	4.3	-11.7	16.0	
1.40234	-1.8	7231	28.0	16.0	12.0	4.3	-11.7	16.0	
1.40625	-1.8	7231	28.1	16.1	12.0	4.3	-11.8	16.1	
1.41016	-1.8	7231	28.2	16.1	12.1	4.3	-11.8	16.1	
1.41406	-1.8	7231	28.3	16.1	12.2	4.3	-11.8	16.1	
1.41797	-1.7	7231	28.5	16.2	12.3	4.3	-11.9	16.2	
1.42188	-1.7	7230	28.6	16.2	12.4	4.3	-11.9	16.2	
1.42578	-1.7	7230	28.7	16.3	12.4	4.3	-12.0	16.3	
1.42969	-1.7	7230	28.8	16.3	12.5	4.3	-12.0	16.3	
1.43359	-1.8	7230	29.0	16.3	12.7	4.3	-12.0	16.3	
1.43750	-1.8	7230	29.1	16.4	12.7	4.3	-12.1	16.4	
1.44141	-1.8	7230	29.2	16.4	12.8	4.3	-12.1	16.4	
1.44531	-1.8	7230	29.4	16.5	12.9	4.3	-12.2	16.5	
1.44922	-1.8	7230	29.5	16.5	13.0	4.3	-12.2	16.5	
1.45312	-1.8	7229	29.6	16.5	13.1	4.3	-12.2	16.5	
1.45703	-1.8	7229	29.7	16.6	13.1	4.3	-12.3	16.6	
1.46094	-1.7	7229	29.9	16.6	13.3	4.3	-12.3	16.6	
1.46484	-1.7	7229	30.0	16.7	13.3	4.3	-12.4	16.7	
1.46875	-1.6	7229	30.1	16.7	13.4	4.3	-12.4	16.7	
1.47266	-1.5	7229	30.2	16.7	13.5	4.3	-12.4	16.7	
1.47656	-1.5	7229	30.3	16.8	13.5	4.3	-12.5	16.8	
1.48047	-1.5	7229	30.4	16.8	13.6	4.3	-12.5	16.8	
1.48438	-1.5	7229	30.6	16.8	13.8	4.3	-12.5	16.8	
1.48828	-1.5	7229	30.7	16.9	13.8	4.3	-12.6	16.9	
1.49219	-1.7	7228	30.8	16.9	13.9	4.3	-12.6	16.9	
1.49609	-1.8	7228	31.0	17.0	14.0	4.3	-12.7	17.0	
1.50000	-2.0	7228	31.1	17.0	14.1	4.3	-12.7	17.0	
1.50391	-2.3	7228	31.2	17.1	14.1	4.3	-12.8	17.1	
1.50781	-2.6	7228	31.4	17.1	14.3	4.3	-12.8	17.1	
1.51172	-2.9	7228	31.6	17.2	14.4	4.3	-12.9	17.2	
1.51562	-3.2	7227	31.8	17.2	14.6	4.3	-12.9	17.2	
1.51953	-3.4	7227	31.9	17.3	14.6	4.3	-13.0	17.3	
1.52344	-3.6	7227	32.1	17.3	14.8	4.3	-13.0	17.3	
1.52734	-3.8	7227	32.3	17.4	14.9	4.3	-13.1	17.4	
1.53125	-3.8	7227	32.5	17.4	15.1	4.3	-13.1	17.4	
1.53516	-3.7	7226	32.7	17.4	15.3	4.3	-13.1	17.4	
1.53906	-3.7	7226	32.9	17.5	15.4	4.3	-13.2	17.5	
1.54297	-3.5	7226	33.0	17.6	15.4	4.3	-13.3	17.6	
1.54688	-3.3	7226	33.2	17.6	15.6	4.3	-13.3	17.6	
1.55078	-3.0	7225	33.4	17.6	15.8	4.3	-13.3	17.6	
1.55469	-2.7	7225	33.5	17.7	15.8	4.3	-13.4	17.7	
1.55859	-2.4	7225	33.7	17.8	15.9	4.3	-13.5	17.8	
1.56250	-2.1	7225	33.8	17.8	16.0	4.3	-13.5	17.8	
1.56641	-1.8	7225	33.9	17.9	16.0	4.3	-13.6	17.9	
1.57031	-1.6	7225	34.0	17.9	16.1	4.3	-13.6	17.9	
1.57422	-1.3	7225	34.1	18.0	16.1	4.3	-13.7	18.0	
1.57812	-1.2	7225	34.2	18.0	16.2	4.3	-13.7	18.0	
1.58203	-1.1	7224	34.3	18.1	16.2	4.3	-13.8	18.1	
1.58594	-1.0	7224	34.4	18.1	16.3	4.3	-13.8	18.1	
1.58984	-1.0	7224	34.5	18.2	16.3	4.3	-13.9	18.2	
1.59375	-1.0	7224	34.6	18.3	16.3	4.3	-14.0	18.3	
1.59766	-1.0	7224	34.6	18.3	16.3	4.3	-14.0	18.3	
1.60156	-1.1	7224	34.7	18.4	16.3	4.3	-14.1	18.4	
1.60547	-1.2	7224	34.9	18.4	16.5	4.3	-14.1	18.4	
1.60938	-1.3	7224	35.0	18.5	16.5	4.3	-14.2	18.5	
1.61328	-1.4	7224	35.1	18.5	16.6	4.3	-14.2	18.5	
1.61719	-1.5	7224	35.2	18.6	16.6	4.3	-14.3	18.6	
1.62109	-1.6	7224	35.3	18.7	16.6	4.3	-14.4	18.7	
1.62500	-1.7	7224	35.4	18.7	16.7	4.3	-14.4	18.7	
1.62891	-1.7	7223	35.5	18.8	16.7	4.3	-14.5	18.8	
1.63281	-1.8	7223	35.6	18.8	16.8	4.3	-14.5	18.8	
1.63672	-1.9	7223	35.8	18.9	16.9	4.3	-14.6	18.9	
1.64062	-1.9	7223	35.9	18.9	17.0	4.3	-14.6	18.9	
1.64453	-2.0	7223	36.0	19.0	17.0	4.3	-14.7	19.0	
1.64844	-2.0	7223	36.1	19.1	17.0	4.3	-14.8	19.1	
1.65234	-1.9	7223	36.2	19.1	17.1	4.3	-14.8	19.1	
1.65625	-1.8	7223	36.3	19.2	17.1	4.3	-14.9	19.2	
1.66016	-1.7	7223	36.5	19.2	17.3	4.3	-14.9	19.2	
1.66406	-1.5	7222	36.6	19.3	17.3	4.3	-15.0	19.3	
1.66797	-1.3	7222	36.6	19.4	17.2	4.3	-15.1	19.4	
1.67188	-1.1	7222	36.7	19.4	17.3	4.3	-15.1	19.4	
1.67578	-0.8	7222	36.8	19.5	17.3	4.3	-15.2	19.5	
1.67969	-0.5	7222	36.8	19.5	17.3	4.3	-15.2	19.5	
1.68359	-0.2	7222	36.8	19.6	17.2	4.3	-15.3	19.6	
1.68750	0.1	7222	36.8	19.7	17.1	4.3	-15.4	19.7	
1.69141	0.3	7222	36.8	19.7	17.1	4.3	-15.4	19.7	
1.69531	0.6	7222	36.8	19.8	17.0	4.3	-15.5	19.8	
1.69922	0.8	7222	36.7	19.8	16.9	4.3	-15.5	19.8	
1.70312	1.0	7222	36.6	19.9	16.7	4.3	-15.6	19.9	
1.70703	1.0	7222	36.6	19.9	16.7	4.3	-15.6	19.9	
1.71094	1.1	7222	36.5	20.0	16.5	4.3	-15.7	20.0	
1.71484	1.2	7223	36.4	20.1	16.3	4.3	-15.8	20.1	
1.71875	1.1	7223	36.3	20.1	16.2	4.3	-15.8	20.1	
1.72266	1.2	7223	36.2	20.2	16.0	4.3	-15.9	20.2	
1.72656	1.1	7223	36.1	20.2	15.9	4.3	-15.9	20.2	
1.73047	1.2	7223	36.0	20.3	15.7	4.3	-16.0	20.3	
1.73438	1.3	7223	35.9	20.3	15.6	4.3	-16.0	20.3	
1.73828	1.3	7223	35.7	20.4	15.3	4.3	-16.1	20.4	
1.74219	1.5	7223	35.6	20.4	15.2	4.3	-16.1	20.4	
1.74609	1.7	7223	35.5	20.5	15.0	4.3	-16.2	20.5	
1.75000	2.0	7223	35.3	20.5	14.8	4.3	-16.2	20.5	
1.75391	2.4	7224	35.1	20.5	14.6	4.3	-16.2	20.5	
1.75781	2.7	7224	34.9	20.6	14.3	4.3	-16.3	20.6	
1.76172	3.1	7224	34.7	20.6	14.1	4.3	-16.3	20.6	
1.76562	3.5	7224	34.5	20.7	13.8	4.3	-16.4	20.7	
1.76953	3.9	7224	34.3	20.7	13.6	4.3	-16.4	20.7	
1.77344	4.2	7225	34.1	20.7	13.4	4.3	-16.4	20.7	
1.77734	4.3	7225	33.9	20.8	13.1	4.3	-16.5	20.8	
1.78125	4.4	7225	33.7	20.8	12.9	4.3	-16.5	20.8	
1.78516	4.4	7226	33.5	20.8	12.7	4.3	-16.5	20.8	
1.78906	4.3	7226	33.3	20.9	12.4	4.3	-16.6	20.9	
1.79297	4.1	7226	33.1	20.9	12.2	4.3	-16.6	20.9	
1.79688	3.9	7226	32.9	20.9	12.0	4.3	-16.6	20.9	
1.80078	3.6	7227	32.7	20.9	11.8	4.3	-16.6	20.9	
1.80469	3.4	7227	32.5	21.0	11.5	4.3	-16.7	21.0	
1.80859	3.2	7227	32.4	21.0	11.4	4.3	-16.7	21.0	
1.81250	3.0	7227	32.2	21.0	11.2	4.3	-16.7	21.0	
1.81641	2.8	7227	32.0	21.0	11.0	4.3	-16.7	21.0	
1.82031	2.8	7228	31.9	21.1	10.8	4.3	-16.8	21.1	
1.82422	2.9	7228	31.7	21.1	10.6	4.3	-16.8	21.1	
1.82812	2.9	7228	31.6	21.1	10.5	4.3	-16.8	21.1	
1.83203	2.9	7228	31.4	21.1	10.3	4.3	-16.8	21.1	
1.83594	2.9	7228	31.3	21.2	10.1	4.3	-16.9	21.2	
1.83984	3.0	7228	31.1	21.2	9.9	4.3	-16.9	21.2	
1.84375	3.0	7229	31.0	21.2	9.8	4.3	-16.9	21.2	
1.84766	2.8	7229	30.8	21.2	9.6	4.3	-16.9	21.2	
1.85156	2.7	7229	30.7	21.3	9.4	4.3	-17.0	21.3	
1.85547	2.6	7229	30.6	21.3	9.3	4.3	-17.0	21.3	
1.85938	2.5	7229	30.4	21.3	9.1	4.3	-17.0	21.3	
1.86328	2.3	7230	30.3	21.3	9.0	4.3	-17.0	21.3	
1.86719	2.2	7230	30.2	21.3	8.9	4.3	-17.0	21.3	
1.87109	2.2	7230	30.1	21.3	8.8	4.3	-17.0	21.3	
1.87500	2.0	7230	30.0	21.3	8.7	4.3	-17.0	21.3	
1.87891	2.0	7230	29.8	21.4	8.4	4.3	-17.1	21.4	
1.88281	2.1	7230	29.7	21.4	8.3	4.3	-17.1	21.4	
1.88672	2.2	7230	29.6	21.4	8.2	4.3	-17.1	21.4	
1.89062	2.4	7231	29.5	21.4	8.1	4.3	-17.1	21.4	
1.89453	2.6	7231	29.3	21.4	7.9	4.3	-17.1	21.4	
1.89844	2.8	7231	29.2	21.4	7.8	4.3	-17.1	21.4	
1.90234	3.1	7231	29.0	21.4	7.6	4.3	-17.1	21.4	
1.90625	3.3	7231	28.9	21.4	7.5	4.3	-17.1	21.4	
1.91016	3.5	7231	28.7	21.4	7.3	4.3	-17.1	21.4	
1.91406	3.7	7232	28.5	21.4	7.1	4.3	-17.1	21.4	
1.91797	3.8	7232	28.3	21.4	6.9	4.3	-17.1	21.4	
1.92188	3.9	7232	28.2	21.4	6.8	4.3	-17.1	21.4	
1.92578	3.9	7232	28.0	21.4	6.6	4.3	-17.1	21.4	
1.92969	3.9	7233	27.8	21.4	6.4	4.3	-17.1	21.4	
1.93359	3.8	7233	27.7	21.4	6.3	4.3	-17.1	21.4	
1.93750	3.6	7233	27.5	21.4	6.1	4.3	-17.1	21.4	
1.94141	3.5	7233	27.3	21.4	5.9	4.3	-17.1	21.4	
1.94531	3.4	7234	27.2	21.4	5.8	4.3	-17.1	21.4	
1.94922	3.3	7234	27.0	21.4	5.6	4.3	-17.1	21.4	
1.95312	3.1	7234	26.9	21.4	5.5	4.3	-17.1	21.4	
1.95703	3.0	7234	26.7	21.4	5.3	4.3	-17.1	21.4	
1.96094	3.0	7234	26.6	21.4	5.2	4.3	-17.1	21.4	
1.96484	3.0	7235	26.4	21.4	5.0	4.3	-17.1	21.4	
1.96875	3.0	7235	26.3	21.4	4.9	4.3	-17.1	21.4	
1.97266	3.0	7235	26.1	21.4	4.7	4.3	-17.1	21.4	
1.97656	3.1	7235	26.0	21.4	4.6	4.3	-17.1	21.4	
1.98047	3.2	7235	25.8	21.4	4.4	4.3	-17.1	21.4	
1.98438	3.2	7236	25.7	21.4	4.3	4.3	-17.1	21.4	
1.98828	3.2	7236	25.6	21.3	4.3	4.3	-17.0	21.3	
1.99219	3.2	7236	25.4	21.3	4.1	4.3	-17.0	21.3	
1.99609	3.2	7236	25.3	21.3	4.0	4.3	-17.0	21.3	
2.00000	3.1	7237	25.1	21.3	3.8	4.3	-17.0	21.3	
2.00391	3.0	7237	25.0	21.3	3.7	4.3	-17.0	21.3	
2.00781	2.9	7237	24.9	21.3	3.6	4.3	-17.0	21.3	
2.01172	2.8	7237	24.7	21.3	3.4	4.3	-17.0	21.3	
2.01562	2.6	7237	24.6	21.2	3.4	4.3	-16.9	21.2	
2.01953	2.4	7237	24.5	21.2	3.3	4.3	-16.9	21.2	
2.02344	2.3	7238	24.4	21.2	3.2	4.3	-16.9	21.2	
2.02734	2.1	7238	24.3	21.2	3.1	4.3	-16.9	21.2	
2.03125	1.8	7238	24.2	21.2	3.0	4.3	-16.9	21.2	
2.03516	1.7	7238	24.2	21.1	3.1	4.3	-16.8	21.1	
2.03906	1.5	7238	24.1	21.1	3.0	4.3	-16.8	21.1	
2.04297	1.2	7238	24.0	21.1	2.9	4.3	-16.8	21.1	
2.04688	1.1	7238	24.0	21.1	2.9	4.3	-16.8	21.1	
2.05078	0.9	7238	24.0	21.1	2.9	4.3	-16.8	21.1	
2.05469	0.7	7238	23.9	21.0	2.9	4.3	-16.7	21.0	
2.05859	0.6	7238	23.9	21.0	2.9	4.3	-16.7	21.0	
2.06250	0.4	7238	23.9	21.0	2.9	4.3	-16.7	21.0	
2.06641	0.3	7238	23.9	21.0	2.9	4.3	-16.7	21.0	
2.07031	0.2	7238	23.9	21.0	2.9	4.3	-16.7	21.0	
2.07422	0.2	7238	23.9	21.0	2.9	4.3	-16.7	21.0	
2.07812	0.1	7238	23.9	20.9	3.0	4.3	-16.6	20.9	
2.08203	0.1	7238	23.9	20.9	3.0	4.3	-16.6	20.9	
2.08594	0.1	7238	23.9	20.9	3.0	4.3	-16.6	20.9	
2.08984	0.1	7238	24.0	20.9	3.1	4.3	-16.6	20.9	
2.09375	0.1	7238	24.0	20.9	3.1	4.3	-16.6	20.9	
2.09766	0.1	7238	24.0	20.9	3.1	4.3	-16.6	20.9	
2.10156	0.2	7238	24.0	20.9	3.1	4.3	-16.6	20.9	
2.10547	0.2	7238	24.0	20.9	3.1	4.3	-16.6	20.9	
2.10938	0.2	7238	24.1	20.8	3.3	4.3	-16.5	20.8	
2.11328	0.3	7238	24.1	20.8	3.3	4.3	-16.5	20.8	
2.11719	0.3	7239	24.1	20.8	3.3	4.3	-16.5	20.8	
2.12109	0.3	7239	24.1	20.8	3.3	4.3	-16.5	20.8	
2.12500	0.3	7239	24.1	20.8	3.3	4.3	-16.5	20.8	
2.12891	0.4	7239	24.1	20.8	3.3	4.3	-16.5	20.8	
2.13281	0.3	7239	24.1	20.8	3.3	4.3	-16.5	20.8	
2.13672	0.4	7239	24.1	20.8	3.3	4.3	-16.5	20.8	
2.14062	0.4	7239	24.1	20.8	3.3	4.3	-16.5	20.8	
2.14453	0.4	7239	24.1	20.7	3.4	4.3	-16.4	20.7	
2.14844	0.4	7239	24.0	20.7	3.3	4.3	-16.4	20.7	
2.15234	0.4	7239	24.0	20.7	3.3	4.3	-16.4	20.7	
2.15625	0.4	7239	24.0	20.7	3.3	4.3	-16.4	20.7	
2.16016	0.5	7239	24.0	20.7	3.3	4.3	-16.4	20.7	
2.16406	0.5	7239	23.9	20.7	3.2	4.3	-16.4	20.7	
2.16797	0.6	7239	23.9	20.7	3.2	4.3	-16.4	20.7	
2.17188	0.6	7239	23.9	20.6	3.3	4.3	-16.3	20.6	
2.17578	0.7	7239	23.8	20.6	3.2	4.3	-16.3	20.6	
2.17969	0.8	7239	23.7	20.6	3.1	4.3	-16.3	20.6	
2.18359	1.0	7239	23.7	20.6	3.1	4.3	-16.3	20.6	
2.18750	1.1	7239	23.6	20.6	3.0	4.3	-16.3	20.6	
2.19141	1.3	7239	23.5	20.5	3.0	4.3	-16.2	20.5	
2.19531	1.4	7239	23.4	20.5	2.9	4.3	-16.2	20.5	
2.19922	1.5	7239	23.4	20.5	2.9	4.3	-16.2	20.5	
2.20312	1.6	7239	23.3	20.5	2.8	4.3	-16.2	20.5	
2.20703	1.7	7240	23.2	20.5	2.7	4.3	-16.2	20.5	
2.21094	1.7	7240	23.1	20.4	2.7	4.3	-16.1	20.4	
2.21484	1.7	7240	23.0	20.4	2.6	4.3	-16.1	20.4	
2.21875	1.7	7240	22.9	20.4	2.5	4.3	-16.1	20.4	
2.22266	1.6	7240	22.8	20.4	2.4	4.3	-16.1	20.4	
2.22656	1.5	7240	22.7	20.3	2.4	4.3	-16.0	20.3	
2.23047	1.4	7240	22.6	20.3	2.3	4.3	-16.0	20.3	
2.23438	1.2	7240	22.6	20.3	2.3	4.3	-16.0	20.3	
2.23828	1.1	7240	22.5	20.3	2.2	4.3	-16.0	20.3	
2.24219	0.9	7240	22.5	20.2	2.3	4.3	-15.9	20.2	
2.24609	0.7	7240	22.5	20.2	2.3	4.3	-15.9	20.2	
2.25000	0.6	7241	22.4	20.2	2.2	4.3	-15.9	20.2	
2.25391	0.4	7241	22.4	20.2	2.2	4.3	-15.9	20.2	
2.25781	0.3	7241	22.4	20.2	2.2	4.3	-15.9	20.2	
2.26172	0.2	7241	22.4	20.1	2.3	4.3	-15.8	20.1	
2.26562	0.1	7241	22.4	20.1	2.3	4.3	-15.8	20.1	
2.26953	0.0	7241	22.5	20.1	2.4	4.3	-15.8	20.1	
2.27344	-0.0	7241	22.5	20.1	2.4	4.3	-15.8	20.1	
2.27734	-0.1	7241	22.6	20.0	2.6	4.3	-15.7	20.0	
2.28125	-0.1	7241	22.6	20.0	2.6	4.3	-15.7	20.0	
2.28516	-0.1	7241	22.6	20.0	2.6	4.3	-15.7	20.0	
2.28906	-0.1	7241	22.7	20.0	2.7	4.3	-15.7	20.0	
2.29297	-0.2	7241	22.8	20.0	2.8	4.3	-15.7	20.0	
2.29688	-0.1	7241	22.8	20.0	2.8	4.3	-15.7	20.0	
2.30078	-0.1	7241	22.9	19.9	3.0	4.3	-15.6	19.9	
2.30469	-0.1	7241	23.0	19.9	3.1	4.3	-15.6	19.9	
2.30859	-0.1	7241	23.0	19.9	3.1	4.3	-15.6	19.9	
2.31250	-0.1	7241	23.1	19.9	3.2	4.3	-15.6	19.9	
2.31641	-0.0	7241	23.1	19.9	3.2	4.3	-15.6	19.9	
2.32031	-0.0	7241	23.2	19.8	3.4	4.3	-15.5	19.8	
2.32422	-0.0	7241	23.3	19.8	3.5	4.3	-15.5	19.8	
2.32812	-0.0	7241	23.3	19.8	3.5	4.3	-15.5	19.8	
2.33203	0.0	7241	23.4	19.8	3.6	4.3	-15.5	19.8	
2.33594	-0.0	7241	23.4	19.8	3.6	4.3	-15.5	19.8	
2.33984	-0.1	7241	23.5	19.8	3.7	4.3	-15.5	19.8	
2.34375	-0.1	7241	23.5	19.8	3.7	4.3	-15.5	19.8	
2.34766	-0.1	7241	23.6	19.7	3.9	4.3	-15.4	19.7	
2.35156	-0.1	7240	23.6	19.7	3.9	4.3	-15.4	19.7	
2.35547	-0.1	7240	23.7	19.7	4.0	4.3	-15.4	19.7	
2.35938	-0.2	7240	23.8	19.7	4.1	4.3	-15.4	19.7	
2.36328	-0.2	7240	23.8	19.7	4.1	4.3	-15.4	19.7	
2.36719	-0.2	7240	23.9	19.7	4.2	4.3	-15.4	19.7	
2.37109	-0.1	7240	23.9	19.7	4.2	4.3	-15.4	19.7	
2.37500	-0.1	7240	24.0	19.7	4.3	4.3	-15.4	19.7	
2.37891	-0.1	7240	24.0	19.7	4.3	4.3	-15.4	19.7	
2.38281	-0.0	7240	24.0	19.6	4.4	4.3	-15.3	19.6	
2.38672	0.1	7240	24.1	19.6	4.5	4.3	-15.3	19.6	
2.39062	0.2	7240	24.1	19.6	4.5	4.3	-15.3	19.6	
2.39453	0.2	7240	24.1	19.6	4.5	4.3	-15.3	19.6	
2.39844	0.3	7240	24.1	19.6	4.5	4.3	-15.3	19.6	
2.40234	0.5	7241	24.1	19.6	4.5	4.3	-15.3	19.6	
2.40625	0.6	7241	24.0	19.6	4.4	4.3	-15.3	19.6	
2.41016	0.8	7241	24.0	19.5	4.5	4.3	-15.2	19.5	
2.41406	1.0	7241	23.9	19.5	4.4	4.3	-15.2	19.5	
2.41797	1.2	7241	23.9	19.5	4.4	4.3	-15.2	19.5	
2.42188	1.3	7241	23.8	19.5	4.3	4.3	-15.2	19.5	
2.42578	1.5	7241	23.7	19.5	4.2	4.3	-15.2	19.5	
2.42969	1.6	7241	23.6	19.5	4.1	4.3	-15.2	19.5	
2.43359	1.7	7241	23.4	19.5	3.9	4.3	-15.2	19.5	
2.43750	1.8	7241	23.4	19.5	3.9	4.3	-15.2	19.5	
2.44141	1.8	7241	23.2	19.5	3.7	4.3	-15.2	19.5	
2.44531	1.9	7242	23.1	19.5	3.6	4.3	-15.2	19.5	
2.44922	1.9	7242	23.0	19.4	3.6	4.3	-15.1	19.4	
2.45312	1.8	7242	22.9	19.4	3.5	4.3	-15.1	19.4	
2.45703	1.7	7242	22.8	19.4	3.4	4.3	-15.1	19.4	
2.46094	1.6	7242	22.7	19.4	3.3	4.3	-15.1	19.4	
2.46484	1.5	7242	22.6	19.4	3.2	4.3	-15.1	19.4	
2.46875	1.3	7242	22.6	19.4	3.2	4.3	-15.1	19.4	
2.47266	1.2	7242	22.5	19.4	3.1	4.3	-15.1	19.4	
2.47656	1.0	7242	22.4	19.4	3.0	4.3	-15.1	19.4	
2.48047	0.9	7242	22.4	19.3	3.1	4.3	-15.0	19.3	
2.48438	0.7	7242	22.3	19.3	3.0	4.3	-15.0	19.3	
2.48828	0.6	7242	22.3	19.3	3.0	4.3	-15.0	19.3	
2.49219	0.4	7242	22.3	19.3	3.0	4.3	-15.0	19.3	
2.49609	0.3	7242	22.3	19.3	3.0	4.3	-15.0	19.3	
2.50000	0.2	7242	22.3	19.3	3.0	4.3	-15.0	19.3	
2.50391	0.2	7243	22.2	19.3	2.9	4.3	-15.0	19.3	
2.50781	0.1	7243	22.2	19.3	2.9	4.3	-15.0	19.3	
2.51172	0.0	7243	22.3	19.2	3.1	4.3	-14.9	19.2	
2.51562	0.1	7243	22.3	19.2	3.1	4.3	-14.9	19.2	
2.51953	0.1	7243	22.3	19.2	3.1	4.3	-14.9	19.2	
2.52344	0.1	7243	22.3	19.2	3.1	4.3	-14.9	19.2	
2.52734	0.1	7243	22.3	19.2	3.1	4.3	-14.9	19.2	
2.53125	0.1	7243	22.4	19.2	3.2	4.3	-14.9	19.2	
2.53516	0.1	7243	22.4	19.1	3.3	4.3	-14.8	19.1	
2.53906	0.1	7243	22.4	19.1	3.3	4.3	-14.8	19.1	
2.54297	0.1	7243	22.5	19.1	3.4	4.3	-14.8	19.1	
2.54688	0.1	7243	22.5	19.1	3.4	4.3	-14.8	19.1	
2.55078	0.1	7243	22.5	19.1	3.4	4.3	-14.8	19.1	
2.55469	0.1	7243	22.6	19.1	3.5	4.3	-14.8	19.1	
2.55859	0.1	7243	22.6	19.1	3.5	4.3	-14.8	19.1	
2.56250	0.1	7243	22.7	19.1	3.6	4.3	-14.8	19.1	
2.56641	0.1	7243	22.7	19.1	3.6	4.3	-14.8	19.1	
2.57031	0.1	7243	22.7	19.1	3.6	4.3	-14.8	19.1	
2.57422	0.1	7243	22.8	19.0	3.8	4.3	-14.7	19.0	
2.57812	0.0	7243	22.8	19.0	3.8	4.3	-14.7	19.0	
2.58203	0.0	7243	22.9	19.0	3.9	4.3	-14.7	19.0	
2.58594	-0.0	7243	22.9	19.0	3.9	4.3	-14.7	19.0	
2.58984	-0.0	7243	23.0	19.0	4.0	4.3	-14.7	19.0	
2.59375	0.0	7243	23.0	19.0	4.0	4.3	-14.7	19.0	
2.59766	0.1	7243	23.0	19.0	4.0	4.3	-14.7	19.0	
2.60156	0.1	7243	23.1	19.0	4.1	4.3	-14.7	19.0	
2.60547	0.1	7243	23.1	19.0	4.1	4.3	-14.7	19.0	
2.60938	0.1	7243	23.2	19.0	4.2	4.3	-14.7	19.0	
2.61328	0.2	7243	23.2	19.0	4.2	4.3	-14.7	19.0	
2.61719	0.2	7243	23.2	19.0	4.2	4.3	-14.7	19.0	
2.62109	0.2	7243	23.2	18.9	4.3	4.3	-14.6	18.9	
2.62500	0.3	7243	23.2	18.9	4.3	4.3	-14.6	18.9	
2.62891	0.3	7243	23.2	18.9	4.3	4.3	-14.6	18.9	
2.63281	0.4	7243	23.2	18.9	4.3	4.3	-14.6	18.9	
2.63672	0.5	7243	23.2	18.9	4.3	4.3	-14.6	18.9	
2.64062	0.5	7243	23.1	18.9	4.2	4.3	-14.6	18.9	
2.64453	0.6	7243	23.1	18.9	4.2	4.3	-14.6	18.9	
2.64844	0.7	7243	23.0	18.9	4.1	4.3	-14.6	18.9	
2.65234	0.7	7243	23.0	18.9	4.1	4.3	-14.6	18.9	
2.65625	0.8	7243	22.9	18.9	4.0	4.3	-14.6	18.9	
2.66016	0.9	7243	22.9	18.9	4.0	4.3	-14.6	18.9	
2.66406	0.9	7243	22.8	18.9	3.9	4.3	-14.6	18.9	
2.66797	1.0	7243	22.7	18.9	3.8	4.3	-14.6	18.9	
2.67188	1.0	7243	22.7	18.9	3.8	4.3	-14.6	18.9	
2.67578	1.0	7243	22.6	18.9	3.7	4.3	-14.6	18.9	
2.67969	1.0	7243	22.5	18.8	3.7	4.3	-14.5	18.8	
2.68359	0.9	7243	22.5	18.8	3.7	4.3	-14.5	18.8	
2.68750	0.9	7243	22.4	18.8	3.6	4.3	-14.5	18.8	
2.69141	0.8	7244	22.3	18.8	3.5	4.3	-14.5	18.8	
2.69531	0.7	7244	22.3	18.8	3.5	4.3	-14.5	18.8	
2.69922	0.7	7244	22.2	18.8	3.4	4.3	-14.5	18.8	
2.70312	0.6	7244	22.2	18.8	3.4	4.3	-14.5	18.8	
2.70703	0.6	7244	22.2	18.7	3.5	4.3	-14.4	18.7	
2.71094	0.5	7244	22.1	18.7	3.4	4.3	-14.4	18.7	
2.71484	0.4	7244	22.1	18.7	3.4	4.3	-14.4	18.7	
2.71875	0.3	7244	22.1	18.7	3.4	4.3	-14.4	18.7	
2.72266	0.3	7244	22.1	18.7	3.4	4.3	-14.4	18.7	
2.72656	0.2	7244	22.1	18.7	3.4	4.3	-14.4	18.7	
2.73047	0.2	7244	22.1	18.7	3.4	4.3	-14.4	18.7	
2.73438	0.2	7244	22.1	18.6	3.5	4.3	-14.3	18.6	
2.73828	0.1	7244	22.1	18.6	3.5	4.3	-14.3	18.6	
2.74219	0.1	7244	22.1	18.6	3.5	4.3	-14.3	18.6	
2.74609	0.0	7244	22.2	18.6	3.6	4.3	-14.3	18.6	
2.75000	-0.0	7244	22.2	18.6	3.6	4.3	-14.3	18.6	
2.75391	-0.0	7244	22.2	18.6	3.6	4.3	-14.3	18.6	
2.75781	-0.1	7244	22.3	18.6	3.7	4.3	-14.3	18.6	
2.76172	-0.1	7244	22.3	18.5	3.8	4.3	-14.2	18.5	
2.76562	-0.1	7244	22.4	18.5	3.9	4.3	-14.2	18.5	
2.76953	-0.1	7244	22.5	18.5	4.0	4.3	-14.2	18.5	
2.77344	-0.2	7244	22.5	18.5	4.0	4.3	-14.2	18.5	
2.77734	-0.2	7244	22.6	18.5	4.1	4.3	-14.2	18.5	
2.78125	-0.2	7244	22.7	18.5	4.2	4.3	-14.2	18.5	
2.78516	-0.2	7244	22.7	18.5	4.2	4.3	-14.2	18.5	
2.78906	-0.3	7244	22.8	18.5	4.3	4.3	-14.2	18.5	
2.79297	-0.2	7244	22.9	18.5	4.4	4.3	-14.2	18.5	
2.79688	-0.3	7244	22.9	18.5	4.4	4.3	-14.2	18.5	
2.80078	-0.3	7244	23.0	18.5	4.5	4.3	-14.2	18.5	
2.80469	-0.3	7244	23.1	18.5	4.6	4.3	-14.2	18.5	
2.80859	-0.2	7244	23.1	18.5	4.6	4.3	-14.2	18.5	
2.81250	-0.2	7244	23.2	18.5	4.7	4.3	-14.2	18.5	
2.81641	-0.2	7244	23.2	18.5	4.7	4.3	-14.2	18.5	
2.82031	-0.2	7244	23.3	18.5	4.8	4.3	-14.2	18.5	
2.82422	-0.1	7244	23.3	18.5	4.8	4.3	-14.2	18.5	
2.82812	-0.1	7244	23.4	18.5	4.9	4.3	-14.2	18.5	
2.83203	-0.0	7244	23.4	18.5	4.9	4.3	-14.2	18.5	
2.83594	0.1	7244	23.5	18.5	5.0	4.3	-14.2	18.5	
2.83984	0.1	7244	23.5	18.5	5.0	4.3	-14.2	18.5	
2.84375	0.1	7244	23.5	18.5	5.0	4.3	-14.2	18.5	
2.84766	0.2	7244	23.5	18.5	5.0	4.3	-14.2	18.5	
2.85156	0.3	7244	23.5	18.5	5.0	4.3	-14.2	18.5	
2.85547	0.4	7244	23.5	18.5	5.0	4.3	-14.2	18.5	
2.85938	0.5	7244	23.5	18.5	5.0	4.3	-14.2	18.5	
2.86328	0.5	7244	23.5	18.5	5.0	4.3	-14.2	18.5	
2.86719	0.6	7244	23.4	18.5	4.9	4.3	-14.2	18.5	
2.87109	0.7	7244	23.4	18.5	4.9	4.3	-14.2	18.5	
2.87500	0.8	7244	23.3	18.5	4.8	4.3	-14.2	18.5	
2.87891	0.9	7244	23.2	18.5	4.7	4.3	-14.2	18.5	
2.88281	1.1	7244	23.2	18.4	4.8	4.3	-14.1	18.4	
2.88672	1.2	7244	23.1	18.4	4.7	4.3	-14.1	18.4	
2.89062	1.3	7244	23.0	18.4	4.6	4.3	-14.1	18.4	
2.89453	1.4	7244	22.9	18.4	4.5	4.3	-14.1	18.4	
2.89844	1.5	7244	22.8	18.4	4.4	4.3	-14.1	18.4	
2.90234	1.5	7244	22.7	18.4	4.3	4.3	-14.1	18.4	
2.90625	1.5	7245	22.6	18.4	4.2	4.3	-14.1	18.4	
2.91016	1.5	7245	22.5	18.4	4.1	4.3	-14.1	18.4	
2.91406	1.5	7245	22.4	18.4	4.0	4.3	-14.1	18.4	
2.91797	1.4	7245	22.3	18.4	3.9	4.3	-14.1	18.4	
2.92188	1.2	7245	22.3	18.3	4.0	4.3	-14.0	18.3	
2.92578	1.1	7245	22.2	18.3	3.9	4.3	-14.0	18.3	
2.92969	0.9	7245	22.2	18.3	3.9	4.3	-14.0	18.3	
2.93359	0.7	7245	22.1	18.3	3.8	4.3	-14.0	18.3	
2.93750	0.6	7245	22.1	18.3	3.8	4.3	-14.0	18.3	
2.94141	0.4	7245	22.1	18.3	3.8	4.3	-14.0	18.3	
2.94531	0.3	7245	22.1	18.3	3.8	4.3	-14.0	18.3	
2.94922	0.1	7245	22.1	18.2	3.9	4.3	-13.9	18.2	
2.95312	-0.0	7245	22.2	18.2	4.0	4.3	-13.9	18.2	
2.95703	-0.1	7245	22.2	18.2	4.0	4.3	-13.9	18.2	
2.96094	-0.2	7245	22.2	18.2	4.0	4.3	-13.9	18.2	
2.96484	-0.2	7245	22.3	18.2	4.1	4.3	-13.9	18.2	
2.96875	-0.3	7245	22.3	18.2	4.1	4.3	-13.9	18.2	
2.97266	-0.3	7245	22.4	18.2	4.2	4.3	-13.9	18.2	
2.97656	-0.2	7245	22.5	18.2	4.3	4.3	-13.9	18.2	
2.98047	-0.2	7245	22.5	18.1	4.4	4.3	-13.8	18.1	
2.98438	-0.2	7245	22.6	18.1	4.5	4.3	-13.8	18.1	
2.98828	-0.1	7245	22.6	18.1	4.5	4.3	-13.8	18.1	
2.99219	-0.0	7245	22.7	18.1	4.6	4.3	-13.8	18.1	
2.99609	0.0	7245	22.7	18.1	4.6	4.3	-13.8	18.1	
3.00000	0.1	7245	22.8	18.1	4.7	4.3	-13.8	18.1	
3.00391	0.2	7245	22.8	18.1	4.7	4.3	-13.8	18.1	
3.00781	0.2	7245	22.8	18.1	4.7	4.3	-13.8	18.1	
3.01172	0.2	7245	22.8	18.1	4.7	4.3	-13.8	18.1	
3.01562	0.3	7245	22.8	18.1	4.7	4.3	-13.8	18.1	
3.01953	0.3	7245	22.9	18.1	4.8	4.3	-13.8	18.1	
3.02344	0.3	7245	22.9	18.1	4.8	4.3	-13.8	18.1	
3.02734	0.3	7245	22.9	18.1	4.8	4.3	-13.8	18.1	
3.03125	0.3	7245	22.9	18.1	4.8	4.3	-13.8	18.1	
3.03516	0.3	7245	22.9	18.1	4.8	4.3	-13.8	18.1	
3.03906	0.3	7245	22.9	18.1	4.8	4.3	-13.8	18.1	
3.04297	0.3	7245	22.9	18.1	4.8	4.3	-13.8	18.1	
3.04688	0.2	7245	22.9	18.1	4.8	4.3	-13.8	18.1	
3.05078	0.2	7245	22.9	18.1	4.8	4.3	-13.8	18.1	
3.05469	0.2	7245	22.9	18.0	4.9	4.3	-13.7	18.0	
3.05859	0.2	7245	22.9	18.0	4.9	4.3	-13.7	18.0	
3.06250	0.2	7245	22.9	18.0	4.9	4.3	-13.7	18.0	
3.06641	0.2	7245	23.0	18.0	5.0	4.3	-13.7	18.0	
3.07031	0.2	7245	23.0	18.0	5.0	4.3	-13.7	18.0	
3.07422	0.2	7245	23.0	18.0	5.0	4.3	-13.7	18.0	
3.07812	0.3	7245	23.0	18.0	5.0	4.3	-13.7	18.0	
3.08203	0.3	7245	23.0	18.0	5.0	4.3	-13.7	18.0	
3.08594	0.3	7245	22.9	18.0	4.9	4.3	-13.7	18.0	
3.08984	0.4	7245	22.9	18.0	4.9	4.3	-13.7	18.0	
3.09375	0.5	7246	22.9	18.0	4.9	4.3	-13.7	18.0	
3.09766	0.6	7246	22.9	18.0	4.9	4.3	-13.7	18.0	
3.10156	0.7	7246	22.8	18.0	4.8	4.3	-13.7	18.0	
3.10547	0.8	7246	22.8	18.0	4.8	4.3	-13.7	18.0	
3.10938	0.9	7246	22.7	18.0	4.7	4.3	-13.7	18.0	
3.11328	1.0	7246	22.6	18.0	4.6	4.3	-13.7	18.0	
3.11719	1.1	7246	22.6	18.0	4.6	4.3	-13.7	18.0	
3.12109	1.2	7246	22.5	18.0	4.5	4.3	-13.7	18.0	
3.12500	1.3	7246	22.4	18.0	4.4	4.3	-13.7	18.0	
3.12891	1.3	7246	22.3	18.0	4.3	4.3	-13.7	18.0	
3.13281	1.3	7246	22.3	18.0	4.3	4.3	-13.7	18.0	
3.13672	1.2	7246	22.2	17.9	4.3	4.3	-13.6	17.9	
3.14062	1.2	7246	22.1	17.9	4.2	4.3	-13.6	17.9	
3.14453	1.1	7246	22.0	17.9	4.1	4.3	-13.6	17.9	
3.14844	1.0	7246	22.0	17.9	4.1	4.3	-13.6	17.9	
3.15234	0.9	7247	21.9	17.9	4.0	4.3	-13.6	17.9	
3.15625	0.8	7247	21.8	17.9	3.9	4.3	-13.6	17.9	
3.16016	0.7	7247	21.8	17.9	3.9	4.3	-13.6	17.9	
3.16406	0.6	7247	21.7	17.9	3.8	4.3	-13.6	17.9	
3.16797	0.5	7247	21.7	17.9	3.8	4.3	-13.6	17.9	
3.17188	0.4	7247	21.7	17.9	3.8	4.3	-13.6	17.9	
3.17578	0.3	7247	21.7	17.9	3.8	4.3	-13.6	17.9	
3.17969	0.2	7247	21.7	17.9	3.8	4.3	-13.6	17.9	
3.18359	0.2	7247	21.7	17.9	3.8	4.3	-13.6	17.9	
3.18750	0.2	7247	21.7	17.9	3.8	4.3	-13.6	17.9	
3.19141	0.2	7247	21.7	17.9	3.8	4.3	-13.6	17.9	
3.19531	0.1	7247	21.7	17.9	3.8	4.3	-13.6	17.9	
3.19922	0.1	7247	21.7	17.9	3.8	4.3	-13.6	17.9	
3.20312	0.1	7247	21.7	17.8	3.9	4.3	-13.5	17.8	
3.20703	0.1	7247	21.7	17.8	3.9	4.3	-13.5	17.8	
3.21094	0.2	7247	21.7	17.8	3.9	4.3	-13.5	17.8	
3.21484	0.2	7247	21.7	17.8	3.9	4.3	-13.5	17.8	
3.21875	0.2	7247	21.8	17.8	4.0	4.3	-13.5	17.8	
3.22266	0.2	7247	21.8	17.8	4.0	4.3	-13.5	17.8	
3.22656	0.2	7247	21.8	17.8	4.0	4.3	-13.5	17.8	
3.23047	0.2	7247	21.8	17.8	4.0	4.3	-13.5	17.8	
3.23438	0.2	7247	21.8	17.8	4.0	4.3	-13.5	17.8	
3.23828	0.2	7247	21.8	17.8	4.0	4.3	-13.5	17.8	
3.24219	0.2	7247	21.9	17.8	4.1	4.3	-13.5	17.8	
3.24609	0.2	7247	21.9	17.8	4.1	4.3	-13.5	17.8	
3.25000	0.2	7247	21.9	17.8	4.1	4.3	-13.5	17.8	
3.25391	0.2	7247	22.0	17.8	4.2	4.3	-13.5	17.8	
3.25781	0.2	7247	22.0	17.8	4.2	4.3	-13.5	17.8	
3.26172	0.1	7247	22.0	17.8	4.2	4.3	-13.5	17.8	
3.26562	0.2	7247	22.1	17.7	4.4	4.3	-13.4	17.7	
3.26953	0.2	7247	22.1	17.8	4.3	4.3	-13.5	17.8	
3.27344	0.1	7247	22.1	17.7	4.4	4.3	-13.4	17.7	
3.27734	0.2	7247	22.1	17.7	4.4	4.3	-13.4	17.7	
3.28125	0.3	7247	22.1	17.8	4.3	4.3	-13.5	17.8	
3.28516	0.2	7247	22.2	17.8	4.4	4.3	-13.5	17.8	
3.28906	0.2	7247	22.2	17.7	4.5	4.3	-13.4	17.7	
3.29297	0.2	7247	22.2	17.7	4.5	4.3	-13.4	17.7	
3.29688	0.2	7247	22.2	17.7	4.5	4.3	-13.4	17.7	
3.30078	0.3	7247	22.2	17.7	4.5	4.3	-13.4	17.7	
3.30469	0.3	7247	22.2	17.7	4.5	4.3	-13.4	17.7	
3.30859	0.3	7247	22.2	17.7	4.5	4.3	-13.4	17.7	
3.31250	0.3	7247	22.2	17.7	4.5	4.3	-13.4	17.7	
3.31641	0.3	7247	22.2	17.7	4.5	4.3	-13.4	17.7	
3.32031	0.3	7247	22.2	17.7	4.5	4.3	-13.4	17.7	
3.32422	0.3	7247	22.2	17.7	4.5	4.3	-13.4	17.7	
3.32812	0.4	7247	22.1	17.7	4.4	4.3	-13.4	17.7	
3.33203	0.4	7247	22.1	17.7	4.4	4.3	-13.4	17.7	
3.33594	0.4	7247	22.1	17.7	4.4	4.3	-13.4	17.7	
3.33984	0.4	7247	22.1	17.7	4.4	4.3	-13.4	17.7	
3.34375	0.4	7247	22.1	17.7	4.4	4.3	-13.4	17.7	
3.34766	0.4	7247	22.0	17.7	4.3	4.3	-13.4	17.7	
3.35156	0.4	7247	22.0	17.7	4.3	4.3	-13.4	17.7	
3.35547	0.4	7247	22.0	17.7	4.3	4.3	-13.4	17.7	
3.35938	0.4	7247	22.0	17.7	4.3	4.3	-13.4	17.7	
3.36328	0.4	7248	21.9	17.7	4.2	4.3	-13.4	17.7	
3.36719	0.4	7248	21.9	17.7	4.2	4.3	-13.4	17.7	
3.37109	0.4	7248	21.9	17.7	4.2	4.3	-13.4	17.7	
3.37500	0.4	7248	21.8	17.7	4.1	4.3	-13.4	17.7	
3.37891	0.4	7248	21.8	17.7	4.1	4.3	-13.4	17.7	
3.38281	0.4	7248	21.8	17.6	4.2	4.3	-13.3	17.6	
3.38672	0.4	7248	21.8	17.6	4.2	4.3	-13.3	17.6	
3.39062	0.4	7248	21.8	17.7	4.1	4.3	-13.4	17.7	
3.39453	0.3	7248	21.7	17.6	4.1	4.3	-13.3	17.6	
3.39844	0.3	7248	21.7	17.6	4.1	4.3	-13.3	17.6	
3.40234	0.4	7248	21.7	17.6	4.1	4.3	-13.3	17.6	
3.40625	0.3	7248	21.7	17.6	4.1	4.3	-13.3	17.6	
3.41016	0.3	7248	21.7	17.6	4.1	4.3	-13.3	17.6	
3.41406	0.3	7248	21.7	17.6	4.1	4.3	-13.3	17.6	
3.41797	0.2	7248	21.7	17.6	4.1	4.3	-13.3	17.6	
3.42188	0.2	7248	21.7	17.6	4.1	4.3	-13.3	17.6	
3.42578	0.2	7248	21.7	17.6	4.1	4.3	-13.3	17.6	
3.42969	0.2	7248	21.7	17.6	4.1	4.3	-13.3	17.6	
3.43359	0.3	7248	21.7	17.6	4.1	4.3	-13.3	17.6	
3.43750	0.2	7248	21.7	17.6	4.1	4.3	-13.3	17.6	
3.44141	0.2	7248	21.7	17.6	4.1	4.3	-13.3	17.6	
3.44531	0.2	7248	21.7	17.6	4.1	4.3	-13.3	17.6	
3.44922	0.2	7248	21.7	17.5	4.2	4.3	-13.2	17.5	
3.45312	0.2	7248	21.7	17.5	4.2	4.3	-13.2	17.5	
3.45703	0.2	7248	21.7	17.5	4.2	4.3	-13.2	17.5	
3.46094	0.2	7248	21.7	17.5	4.2	4.3	-13.2	17.5	
3.46484	0.2	7248	21.8	17.5	4.3	4.3	-13.2	17.5	
3.46875	0.2	7248	21.8	17.5	4.3	4.3	-13.2	17.5	
3.47266	0.1	7248	21.8	17.5	4.3	4.3	-13.2	17.5	
3.47656	0.1	7248	21.8	17.5	4.3	4.3	-13.2	17.5	
3.48047	0.2	7248	21.8	17.5	4.3	4.3	-13.2	17.5	
3.48438	0.2	7248	21.9	17.5	4.4	4.3	-13.2	17.5	
3.48828	0.2	7248	21.9	17.5	4.4	4.3	-13.2	17.5	
3.49219	0.2	7248	21.9	17.5	4.4	4.3	-13.2	17.5	
3.49609	0.2	7248	21.9	17.5	4.4	4.3	-13.2	17.5	
3.50000	0.2	7248	22.0	17.5	4.5	4.3	-13.2	17.5	
3.50391	0.2	7248	22.0	17.5	4.5	4.3	-13.2	17.5	
3.50781	0.2	7248	22.0	17.5	4.5	4.3	-13.2	17.5	
3.51172	0.2	7248	22.0	17.5	4.5	4.3	-13.2	17.5	
3.51562	0.2	7248	22.0	17.5	4.5	4.3	-13.2	17.5	
3.51953	0.2	7248	22.1	17.5	4.6	4.3	-13.2	17.5	
3.52344	0.2	7248	22.1	17.5	4.6	4.3	-13.2	17.5	
3.52734	0.2	7248	22.1	17.5	4.6	4.3	-13.2	17.5	
3.53125	0.2	7248	22.1	17.5	4.6	4.3	-13.2	17.5	
3.53516	0.2	7248	22.1	17.5	4.6	4.3	-13.2	17.5	
3.53906	0.3	7248	22.1	17.5	4.6	4.3	-13.2	17.5	
3.54297	0.3	7248	22.1	17.5	4.6	4.3	-13.2	17.5	
3.54688	0.2	7248	22.1	17.5	4.6	4.3	-13.2	17.5	
3.55078	0.3	7248	22.1	17.5	4.6	4.3	-13.2	17.5	
3.55469	0.3	7248	22.1	17.5	4.6	4.3	-13.2	17.5	
3.55859	0.3	7248	22.1	17.5	4.6	4.3	-13.2	17.5	
3.56250	0.3	7248	22.1	17.5	4.6	4.3	-13.2	17.5	
3.56641	0.3	7248	22.1	17.5	4.6	4.3	-13.2	17.5	
3.57031	0.3	7248	22.1	17.5	4.6	4.3	-13.2	17.5	
3.57422	0.3	7248	22.1	17.5	4.6	4.3	-13.2	17.5	
3.57812	0.3	7248	22.0	17.5	4.5	4.3	-13.2	17.5	
3.58203	0.3	7248	22.0	17.5	4.5	4.3	-13.2	17.5	
3.58594	0.4	7248	22.0	17.5	4.5	4.3	-13.2	17.5	
3.58984	0.4	7248	22.0	17.4	4.6	4.3	-13.1	17.4	
3.59375	0.5	7249	21.9	17.4	4.5	4.3	-13.1	17.4	
3.59766	0.5	7249	21.9	17.4	4.5	4.3	-13.1	17.4	
3.60156	0.5	7249	21.9	17.4	4.5	4.3	-13.1	17.4	
3.60547	0.6	7249	21.8	17.4	4.4	4.3	-13.1	17.4	
3.60938	0.6	7249	21.8	17.4	4.4	4.3	-13.1	17.4	
3.61328	0.5	7249	21.7	17.4	4.3	4.3	-13.1	17.4	
3.61719	0.5	7249	21.7	17.4	4.3	4.3	-13.1	17.4	
3.62109	0.5	7249	21.7	17.4	4.3	4.3	-13.1	17.4	
3.62500	0.4	7249	21.7	17.4	4.3	4.3	-13.1	17.4	
3.62891	0.4	7249	21.6	17.4	4.2	4.3	-13.1	17.4	
3.63281	0.3	7249	21.6	17.3	4.3	4.3	-13.0	17.3	
3.63672	0.2	7249	21.6	17.3	4.3	4.3	-13.0	17.3	
3.64062	0.1	7249	21.6	17.3	4.3	4.3	-13.0	17.3	
3.64453	0.1	7249	21.6	17.3	4.3	4.3	-13.0	17.3	
3.64844	0.0	7249	21.7	17.3	4.4	4.3	-13.0	17.3	
3.65234	-0.1	7249	21.7	17.3	4.4	4.3	-13.0	17.3	
3.65625	-0.2	7249	21.8	17.3	4.5	4.3	-13.0	17.3	
3.66016	-0.2	7249	21.8	17.3	4.5	4.3	-13.0	17.3	
3.66406	-0.3	7249	21.9	17.3	4.6	4.3	-13.0	17.3	
3.66797	-0.4	7249	22.0	17.3	4.7	4.3	-13.0	17.3	
3.67188	-0.3	7249	22.0	17.3	4.7	4.3	-13.0	17.3	
3.67578	-0.3	7249	22.1	17.3	4.8	4.3	-13.0	17.3	
3.67969	-0.3	7249	22.2	17.3	4.9	4.3	-13.0	17.3	
3.68359	-0.3	7249	22.2	17.3	4.9	4.3	-13.0	17.3	
3.68750	-0.2	7249	22.3	17.3	5.0	4.3	-13.0	17.3	
3.69141	-0.1	7249	22.3	17.3	5.0	4.3	-13.0	17.3	
3.69531	-0.0	7249	22.4	17.3	5.1	4.3	-13.0	17.3	
3.69922	0.1	7249	22.4	17.3	5.1	4.3	-13.0	17.3	
3.70312	0.1	7249	22.4	17.2	5.2	4.3	-12.9	17.2	
3.70703	0.2	7249	22.4	17.3	5.1	4.3	-13.0	17.3	
3.71094	0.3	7249	22.4	17.3	5.1	4.3	-13.0	17.3	
3.71484	0.3	7249	22.4	17.2	5.2	4.3	-12.9	17.2	
3.71875	0.3	7249	22.4	17.2	5.2	4.3	-12.9	17.2	
3.72266	0.4	7249	22.4	17.2	5.2	4.3	-12.9	17.2	
3.72656	0.4	7249	22.4	17.2	5.2	4.3	-12.9	17.2	
3.73047	0.4	7249	22.3	17.2	5.1	4.3	-12.9	17.2	
3.73438	0.4	7249	22.3	17.2	5.1	4.3	-12.9	17.2	
3.73828	0.4	7249	22.3	17.2	5.1	4.3	-12.9	17.2	
3.74219	0.4	7249	22.3	17.2	5.1	4.3	-12.9	17.2	
3.74609	0.4	7249	22.3	17.2	5.1	4.3	-12.9	17.2	
3.75000	0.3	7249	22.2	17.2	5.0	4.3	-12.9	17.2	
3.75391	0.3	7249	22.2	17.2	5.0	4.3	-12.9	17.2	
3.75781	0.3	7249	22.2	17.2	5.0	4.3	-12.9	17.2	
3.76172	0.2	7249	22.2	17.2	5.0	4.3	-12.9	17.2	
3.76562	0.2	7249	22.2	17.2	5.0	4.3	-12.9	17.2	
3.76953	0.2	7249	22.2	17.2	5.0	4.3	-12.9	17.2	
3.77344	0.1	7249	22.3	17.2	5.1	4.3	-12.9	17.2	
3.77734	0.1	7249	22.3	17.2	5.1	4.3	-12.9	17.2	
3.78125	0.2	7249	22.3	17.2	5.1	4.3	-12.9	17.2	
3.78516	0.2	7249	22.3	17.2	5.1	4.3	-12.9	17.2	
3.78906	0.2	7249	22.3	17.2	5.1	4.3	-12.9	17.2	
3.79297	0.2	7249	22.3	17.2	5.1	4.3	-12.9	17.2	
3.79688	0.2	7249	22.4	17.2	5.2	4.3	-12.9	17.2	
3.80078	0.3	7249	22.4	17.2	5.2	4.3	-12.9	17.2	
3.80469	0.3	7249	22.4	17.2	5.2	4.3	-12.9	17.2	
3.80859	0.3	7249	22.4	17.2	5.2	4.3	-12.9	17.2	
3.81250	0.3	7249	22.3	17.2	5.1	4.3	-12.9	17.2	
3.81641	0.4	7249	22.3	17.2	5.1	4.3	-12.9	17.2	
3.82031	0.5	7249	22.3	17.2	5.1	4.3	-12.9	17.2	
3.82422	0.5	7249	22.3	17.2	5.1	4.3	-12.9	17.2	
3.82812	0.5	7249	22.2	17.2	5.0	4.3	-12.9	17.2	
3.83203	0.5	7249	22.2	17.2	5.0	4.3	-12.9	17.2	
3.83594	0.5	7249	22.2	17.2	5.0	4.3	-12.9	17.2	
3.83984	0.5	7249	22.1	17.2	4.9	4.3	-12.9	17.2	
3.84375	0.5	7249	22.1	17.2	4.9	4.3	-12.9	17.2	
3.84766	0.5	7249	22.0	17.2	4.8	4.3	-12.9	17.2	
3.85156	0.5	7250	22.0	17.2	4.8	4.3	-12.9	17.2	
3.85547	0.4	7250	22.0	17.2	4.8	4.3	-12.9	17.2	
3.85938	0.4	7250	21.9	17.2	4.7	4.3	-12.9	17.2	
3.86328	0.4	7250	21.9	17.2	4.7	4.3	-12.9	17.2	
3.86719	0.3	7250	21.9	17.2	4.7	4.3	-12.9	17.2	
3.87109	0.3	7250	21.9	17.2	4.7	4.3	-12.9	17.2	
3.87500	0.2	7250	21.9	17.2	4.7	4.3	-12.9	17.2	
3.87891	0.2	7250	21.9	17.2	4.7	4.3	-12.9	17.2	
3.88281	0.2	7250	21.9	17.2	4.7	4.3	-12.9	17.2	
3.88672	0.2	7250	21.9	17.2	4.7	4.3	-12.9	17.2	
3.89062	0.2	7250	21.9	17.2	4.7	4.3	-12.9	17.2	
3.89453	0.2	7250	21.9	17.2	4.7	4.3	-12.9	17.2	
3.89844	0.2	7250	21.9	17.1	4.8	4.3	-12.8	17.1	
3.90234	0.2	7250	21.9	17.2	4.7	4.3	-12.9	17.2	
3.90625	0.3	7250	21.9	17.1	4.8	4.3	-12.8	17.1	
3.91016	0.2	7250	21.9	17.1	4.8	4.3	-12.8	17.1	
3.91406	0.2	7250	21.9	17.2	4.7	4.3	-12.9	17.2	
3.91797	0.3	7250	21.9	17.2	4.7	4.3	-12.9	17.2	
3.92188	0.3	7250	21.9	17.2	4.7	4.3	-12.9	17.2	
3.92578	0.3	7250	21.9	17.2	4.7	4.3	-12.9	17.2	
3.92969	0.3	7250	21.9	17.2	4.7	4.3	-12.9	17.2	
3.93359	0.3	7250	21.9	17.2	4.7	4.3	-12.9	17.2	
3.93750	0.3	7250	21.9	17.1	4.8	4.3	-12.8	17.1	
3.94141	0.3	7250	21.9	17.1	4.8	4.3	-12.8	17.1	
3.94531	0.3	7250	21.9	17.1	4.8	4.3	-12.8	17.1	
3.94922	0.3	7250	21.9	17.1	4.8	4.3	-12.8	17.1	
3.95312	0.3	7250	21.9	17.1	4.8	4.3	-12.8	17.1	
3.95703	0.3	7250	21.9	17.1	4.8	4.3	-12.8	17.1	
3.96094	0.3	7250	21.9	17.1	4.8	4.3	-12.8	17.1	
3.96484	0.3	7250	21.9	17.1	4.8	4.3	-12.8	17.1	
3.96875	0.2	7250	21.9	17.1	4.8	4.3	-12.8	17.1	
3.97266	0.2	7250	21.9	17.1	4.8	4.3	-12.8	17.1	
3.97656	0.3	7250	21.9	17.1	4.8	4.3	-12.8	17.1	
3.98047	0.3	7250	21.9	17.1	4.8	4.3	-12.8	17.1	
3.98438	0.3	7250	21.9	17.1	4.8	4.3	-12.8	17.1	
3.98828	0.3	7250	21.9	17.1	4.8	4.3	-12.8	17.1	
3.99219	0.2	7250	21.9	17.1	4.8	4.3	-12.8	17.1	
3.99609	0.3	7250	21.9	17.1	4.8	4.3	-12.8	17.1	
4.00000	0.3	7250	21.9	17.1	4.8	4.3	-12.8	17.1	
4.00391	0.2	7250	21.9	17.1	4.8	4.3	-12.8	17.1	
4.00781	0.2	7250	21.9	17.1	4.8	4.3	-12.8	17.1	
4.01172	0.3	7250	21.9	17.1	4.8	4.3	-12.8	17.1	
4.01562	0.3	7250	21.9	17.1	4.8	4.3	-12.8	17.1	
4.01953	0.2	7250	21.9	17.1	4.8	4.3	-12.8	17.1	
4.02344	0.3	7250	21.9	17.1	4.8	4.3	-12.8	17.1	
4.02734	0.3	7250	21.9	17.1	4.8	4.3	-12.8	17.1	
4.03125	0.2	7250	21.9	17.1	4.8	4.3	-12.8	17.1	
4.03516	0.2	7250	22.0	17.1	4.9	4.3	-12.8	17.1	
4.03906	0.2	7250	22.0	17.1	4.9	4.3	-12.8	17.1	
4.04297	0.2	7250	22.0	17.1	4.9	4.3	-12.8	17.1	
4.04688	0.3	7250	22.0	17.1	4.9	4.3	-12.8	17.1	
4.05078	0.3	7250	22.0	17.1	4.9	4.3	-12.8	17.1	
4.05469	0.2	7250	22.0	17.1	4.9	4.3	-12.8	17.1	
4.05859	0.2	7250	22.0	17.1	4.9	4.3	-12.8	17.1	
4.06250	0.2	7250	22.0	17.1	4.9	4.3	-12.8	17.1	
4.06641	0.2	7250	22.0	17.1	4.9	4.3	-12.8	17.1	
4.07031	0.2	7250	22.0	17.1	4.9	4.3	-12.8	17.1	
4.07422	0.2	7250	22.0	17.1	4.9	4.3	-12.8	17.1	
4.07812	0.2	7251	22.0	17.1	4.9	4.3	-12.8	17.1	
4.08203	0.2	7251	22.0	17.1	4.9	4.3	-12.8	17.1	
4.08594	0.3	7251	22.0	17.1	4.9	4.3	-12.8	17.1	
4.08984	0.2	7251	22.0	17.1	4.9	4.3	-12.8	17.1	
4.09375	0.2	7251	22.1	17.1	5.0	4.3	-12.8	17.1	
4.09766	0.2	7251	22.1	17.1	5.0	4.3	-12.8	17.1	
4.10156	0.2	7251	22.1	17.1	5.0	4.3	-12.8	17.1	
4.10547	0.2	7251	22.1	17.1	5.0	4.3	-12.8	17.1	
4.10938	0.2	7251	22.1	17.1	5.0	4.3	-12.8	17.1	
4.11328	0.2	7251	22.1	17.1	5.0	4.3	-12.8	17.1	
4.11719	0.2	7251	22.1	17.1	5.0	4.3	-12.8	17.1	
4.12109	0.2	7251	22.1	17.1	5.0	4.3	-12.8	17.1	
4.12500	0.2	7251	22.1	17.1	5.0	4.3	-12.8	17.1	
4.12891	0.2	7251	22.1	17.1	5.0	4.3	-12.8	17.1	
4.13281	0.2	7251	22.1	17.1	5.0	4.3	-12.8	17.1	
4.13672	0.2	7251	22.1	17.1	5.0	4.3	-12.8	17.1	
4.14062	0.3	7251	22.2	17.1	5.1	4.3	-12.8	17.1	
4.14453	0.3	7251	22.2	17.1	5.1	4.3	-12.8	17.1	
4.14844	0.3	7251	22.1	17.1	5.0	4.3	-12.8	17.1	
4.15234	0.3	7251	22.1	17.1	5.0	4.3	-12.8	17.1	
4.15625	0.3	7251	22.1	17.1	5.0	4.3	-12.8	17.1	
4.16016	0.3	7251	22.1	17.1	5.0	4.3	-12.8	17.1	
4.16406	0.3	7251	22.1	17.1	5.0	4.3	-12.8	17.1	
4.16797	0.3	7251	22.1	17.1	5.0	4.3	-12.8	17.1	
4.17188	0.3	7251	22.1	17.1	5.0	4.3	-12.8	17.1	
4.17578	0.3	7251	22.1	17.1	5.0	4.3	-12.8	17.1	
4.17969	0.3	7251	22.1	17.1	5.0	4.3	-12.8	17.1	
4.18359	0.3	7251	22.1	17.0	5.1	4.3	-12.7	17.0	
4.18750	0.3	7251	22.1	17.0	5.1	4.3	-12.7	17.0	
4.19141	0.3	7251	22.1	17.0	5.1	4.3	-12.7	17.0	
4.19531	0.3	7251	22.1	17.1	5.0	4.3	-12.8	17.1	
4.19922	0.3	7251	22.1	17.0	5.1	4.3	-12.7	17.0	
4.20312	0.3	7251	22.1	17.0	5.1	4.3	-12.7	17.0	
