FluxView - FluxMed acquisition system
Signal file
Serial Number	:
W version:	1.20h-OX-CO2	File version:	1.13
Sampling rate:	256 Hz
Time	Flow	Volume	Paw	Pes	Ptpulm	Pga	Ptdiaf	CO2	
0.00391	0.1	34515	10.1	-1.8	11.9	0.1	1.9	0.0	
0.00781	0.0	34515	10.1	-1.8	11.9	0.1	1.9	0.0	
0.01172	0.1	34515	10.1	-1.8	11.9	0.1	1.9	0.0	
0.01562	0.1	34515	10.1	-1.8	11.9	0.1	1.9	0.0	
0.01953	0.1	34515	10.1	-1.6	11.7	0.1	1.7	0.0	
0.02344	0.0	34515	10.1	-1.4	11.5	0.1	1.5	0.0	
0.02734	0.0	34515	10.1	-1.4	11.5	0.1	1.5	0.0	
0.03125	0.0	34515	10.1	-1.4	11.5	0.1	1.5	0.0	
0.03516	0.1	34515	10.1	-1.4	11.5	0.1	1.5	0.0	
0.03906	0.3	34515	10.1	-1.4	11.5	0.1	1.5	0.0	
0.04297	0.5	34515	10.1	-1.4	11.5	0.1	1.5	0.0	
0.04688	0.4	34515	10.1	-1.5	11.6	0.1	1.6	0.0	
0.05078	0.3	34515	10.1	-1.4	11.5	0.1	1.5	0.0	
0.05469	0.1	34515	10.1	-1.4	11.5	0.1	1.5	0.0	
0.05859	0.0	34515	10.1	-1.4	11.5	0.1	1.5	0.0	
0.06250	0.0	34515	10.1	-1.4	11.5	0.1	1.5	0.0	
0.06641	0.1	34515	10.1	-1.4	11.5	0.1	1.5	0.0	
0.07031	0.3	34515	10.1	-1.4	11.5	0.1	1.5	0.0	
0.07422	0.4	34515	10.1	-1.4	11.5	0.0	1.4	0.0	
0.07812	0.4	34515	10.1	-1.4	11.5	0.0	1.4	0.0	
0.08203	0.3	34515	10.1	-1.1	11.2	0.0	1.1	0.0	
0.08594	0.1	34515	10.1	-1.0	11.1	0.1	1.1	0.0	
0.08984	0.0	34515	10.1	-0.9	11.0	0.1	1.0	0.0	
0.09375	0.0	34515	10.1	-0.9	11.0	0.1	1.0	0.0	
0.09766	0.0	34515	10.1	-0.9	11.0	0.0	0.9	0.0	
0.10156	0.0	34515	10.1	-0.9	11.0	0.0	0.9	0.0	
0.10547	-0.4	34515	10.1	-0.9	11.0	0.0	0.9	0.0	
0.10938	-1.1	34515	10.1	-0.8	10.9	0.0	0.8	0.0	
0.11328	-1.5	34515	10.1	-0.8	10.9	0.0	0.8	0.0	
0.11719	-1.1	34515	10.1	-0.8	10.9	0.0	0.8	0.0	
0.12109	-0.5	34515	10.1	-0.9	11.0	0.0	0.9	0.0	
0.12500	-0.1	34515	10.1	-0.8	10.9	0.1	0.9	0.0	
0.12891	0.0	34515	10.1	-0.8	10.9	0.1	0.9	0.0	
0.13281	0.0	34515	10.1	-0.8	10.9	0.1	0.9	0.0	
0.13672	0.0	34515	10.1	-0.6	10.7	0.1	0.7	0.0	
0.14062	0.0	34515	10.1	-0.5	10.6	0.1	0.6	0.0	
0.14453	0.0	34515	10.1	-0.5	10.6	0.1	0.6	0.0	
0.14844	0.1	34515	10.1	-0.5	10.6	0.1	0.6	0.0	
0.15234	0.4	34515	10.1	-0.5	10.6	0.1	0.6	0.0	
0.15625	0.5	34515	10.1	-0.5	10.6	0.1	0.6	0.0	
0.16016	0.4	34515	10.1	-0.5	10.6	0.1	0.6	0.0	
0.16406	0.1	34515	10.1	-0.5	10.6	0.1	0.6	0.0	
0.16797	0.0	34515	10.1	-0.5	10.6	0.1	0.6	0.0	
0.17188	-0.4	34515	10.1	-0.5	10.6	0.0	0.5	0.0	
0.17578	-0.5	34515	10.1	-0.5	10.6	0.0	0.5	0.0	
0.17969	-0.3	34515	10.1	-0.5	10.6	0.0	0.5	0.0	
0.18359	0.0	34515	10.1	-0.5	10.6	0.1	0.6	0.0	
0.18750	0.3	34515	10.1	-0.5	10.6	0.1	0.6	0.0	
0.19141	0.5	34515	10.1	-0.5	10.6	0.1	0.6	0.0	
0.19531	0.5	34515	10.1	-0.5	10.6	0.1	0.6	0.0	
0.19922	0.4	34515	10.1	-0.5	10.6	0.1	0.6	0.0	
0.20312	0.5	34515	10.1	-0.4	10.5	0.1	0.5	0.0	
0.20703	0.4	34515	10.1	-0.4	10.5	0.1	0.5	0.0	
0.21094	0.3	34515	10.1	-0.4	10.5	0.1	0.5	0.0	
0.21484	0.0	34515	10.1	-0.4	10.5	0.1	0.5	0.0	
0.21875	0.0	34515	10.1	-0.3	10.4	0.1	0.4	0.0	
0.22266	0.0	34515	10.1	-0.3	10.4	0.1	0.4	0.0	
0.22656	0.0	34515	10.1	-0.3	10.4	0.1	0.4	0.0	
0.23047	-0.3	34515	10.1	-0.3	10.4	0.1	0.4	0.0	
0.23438	-0.9	34515	10.1	-0.4	10.5	0.1	0.5	0.0	
0.23828	-1.0	34515	10.1	-0.5	10.6	0.1	0.6	0.0	
0.24219	-0.6	34515	10.1	-0.5	10.6	0.1	0.6	0.0	
0.24609	-0.3	34515	10.1	-0.4	10.5	0.1	0.5	0.0	
0.25000	0.0	34515	10.1	-0.3	10.4	0.1	0.4	0.0	
0.25391	0.4	34515	10.1	-0.3	10.4	0.0	0.3	0.0	
0.25781	0.4	34515	10.1	-0.3	10.4	0.0	0.3	0.0	
0.26172	0.3	34515	10.1	-0.3	10.4	0.0	0.3	0.0	
0.26562	0.1	34515	10.1	-0.3	10.4	0.1	0.4	0.0	
0.26953	0.0	34515	10.1	-0.4	10.5	0.1	0.5	0.0	
0.27344	0.0	34515	10.1	-0.5	10.6	0.1	0.6	0.0	
0.27734	0.3	34515	10.1	-0.4	10.5	0.1	0.5	0.0	
0.28125	0.3	34515	10.1	-0.4	10.5	0.1	0.5	0.0	
0.28516	0.1	34515	10.1	-0.4	10.5	0.1	0.5	0.0	
0.28906	0.0	34515	10.1	-0.5	10.6	0.1	0.6	0.0	
0.29297	0.0	34515	10.1	-0.4	10.5	0.1	0.5	0.0	
0.29688	0.0	34515	10.1	-0.3	10.4	0.1	0.4	0.0	
0.30078	0.0	34515	10.1	-0.1	10.2	0.1	0.2	0.0	
0.30469	0.0	34515	10.1	-0.1	10.2	0.1	0.2	0.0	
0.30859	0.0	34515	10.1	-0.1	10.2	0.1	0.2	0.0	
0.31250	0.0	34515	10.1	-0.1	10.2	0.1	0.2	0.0	
0.31641	0.0	34515	10.1	-0.1	10.2	0.1	0.2	0.0	
0.32031	-0.4	34515	10.1	-0.1	10.2	0.1	0.2	0.0	
0.32422	-0.5	34515	10.1	-0.1	10.2	0.1	0.2	0.0	
0.32812	-0.4	34515	10.3	-0.1	10.4	0.1	0.2	0.0	
0.33203	-0.3	34515	10.3	-0.1	10.4	0.1	0.2	0.0	
0.33594	-0.3	34515	10.1	-0.1	10.2	0.1	0.2	0.0	
0.33984	-0.3	34515	10.1	-0.1	10.2	0.1	0.2	0.0	
0.34375	-0.3	34515	10.1	-0.1	10.2	0.1	0.2	0.0	
0.34766	-0.3	34515	10.1	-0.1	10.2	0.1	0.2	0.0	
0.35156	-0.1	34515	10.3	-0.1	10.4	0.1	0.2	0.0	
0.35547	-0.1	34515	10.3	-0.1	10.4	0.1	0.2	0.0	
0.35938	-0.6	34515	10.1	-0.1	10.2	0.1	0.2	0.0	
0.36328	-0.8	34515	10.1	-0.1	10.2	0.0	0.1	0.0	
0.36719	-0.5	34515	10.1	-0.1	10.2	0.0	0.1	0.0	
0.37109	-0.1	34515	10.3	-0.1	10.4	0.0	0.1	0.0	
0.37500	0.0	34515	10.3	-0.1	10.4	0.0	0.1	0.0	
0.37891	0.0	34515	10.1	0.0	10.1	0.0	0.0	0.0	
0.38281	0.0	34515	10.3	0.0	10.3	0.0	0.0	0.0	
0.38672	0.0	34515	10.4	0.0	10.4	0.0	0.0	0.0	
0.39062	0.0	34515	10.4	-0.1	10.5	0.1	0.2	0.0	
0.39453	-0.1	34515	10.1	-0.1	10.2	0.1	0.2	0.0	
0.39844	-0.4	34515	10.1	-0.1	10.2	0.0	0.1	0.0	
0.40234	-0.5	34515	10.3	-0.1	10.4	0.0	0.1	0.0	
0.40625	-0.3	34515	10.3	0.0	10.3	0.0	0.0	0.0	
0.41016	-0.1	34515	10.1	0.0	10.1	0.0	0.0	0.0	
0.41406	0.0	34515	10.3	0.0	10.3	0.0	0.0	0.0	
0.41797	0.0	34515	10.3	0.0	10.3	-0.1	-0.1	0.0	
0.42188	0.0	34515	10.1	0.0	10.1	0.0	0.0	0.0	
0.42578	0.0	34515	10.1	0.1	10.0	0.0	-0.1	0.0	
0.42969	0.0	34515	10.1	0.1	10.0	0.1	0.0	0.0	
0.43359	0.0	34515	10.1	0.0	10.1	0.1	0.1	0.0	
0.43750	-0.4	34515	10.1	0.0	10.1	0.1	0.1	0.0	
0.44141	-0.4	34515	10.1	0.0	10.1	0.1	0.1	0.0	
0.44531	-0.3	34515	10.1	0.0	10.1	0.1	0.1	0.0	
0.44922	0.0	34515	10.1	0.0	10.1	0.1	0.1	0.0	
0.45312	0.1	34515	10.3	0.0	10.3	0.1	0.1	0.0	
0.45703	0.1	34515	10.4	0.0	10.4	0.1	0.1	0.0	
0.46094	0.1	34515	10.4	-0.1	10.5	0.1	0.2	0.0	
0.46484	0.0	34515	10.3	-0.1	10.4	0.1	0.2	0.0	
0.46875	0.0	34515	10.4	-0.1	10.5	0.1	0.2	0.0	
0.47266	0.0	34515	10.5	-0.1	10.6	0.0	0.1	0.0	
0.47656	-0.1	34515	10.4	-0.1	10.5	0.0	0.1	0.0	
0.48047	-0.9	34515	10.1	0.0	10.1	0.0	0.0	0.0	
0.48438	-1.6	34515	10.1	0.0	10.1	0.1	0.1	0.0	
0.48828	-1.5	34514	10.1	0.1	10.0	0.1	0.0	0.0	
0.49219	-0.9	34514	10.1	0.1	10.0	0.1	0.0	0.0	
0.49609	-0.3	34514	10.1	0.1	10.0	0.1	0.0	0.0	
0.50000	0.0	34514	10.3	0.1	10.2	0.1	0.0	0.0	
0.50391	0.0	34514	10.3	0.1	10.2	0.1	0.0	0.0	
0.50781	-0.3	34514	10.1	0.1	10.0	0.1	0.0	0.0	
0.51172	-0.4	34514	10.3	0.1	10.2	0.1	0.0	0.0	
0.51562	-0.3	34514	10.4	0.1	10.3	0.1	0.0	0.0	
0.51953	-0.1	34514	10.4	0.1	10.3	0.1	0.0	0.0	
0.52344	-0.3	34514	10.3	0.1	10.2	0.1	0.0	0.0	
0.52734	-0.8	34514	10.3	0.1	10.2	0.1	0.0	0.0	
0.53125	-1.0	34514	10.1	0.1	10.0	0.1	0.0	0.0	
0.53516	-0.6	34514	10.1	0.1	10.0	0.1	0.0	0.0	
0.53906	-0.3	34514	10.1	0.1	10.0	0.1	0.0	0.0	
0.54297	0.0	34514	10.1	0.1	10.0	0.1	0.0	0.0	
0.54688	-0.3	34514	10.1	0.3	9.8	0.1	-0.2	0.0	
0.55078	-0.9	34514	10.1	0.3	9.8	0.0	-0.3	0.0	
0.55469	-1.1	34514	10.3	0.3	10.0	0.0	-0.3	0.0	
0.55859	-1.1	34514	10.3	0.3	10.0	-0.1	-0.4	0.0	
0.56250	-1.4	34514	10.1	0.4	9.7	0.0	-0.4	0.0	
0.56641	-1.1	34514	10.1	0.5	9.6	0.0	-0.5	0.0	
0.57031	-0.8	34514	10.1	0.5	9.6	0.0	-0.5	0.0	
0.57422	-0.4	34514	10.1	0.5	9.6	0.0	-0.5	0.0	
0.57812	-0.1	34514	10.1	0.5	9.6	0.0	-0.5	0.0	
0.58203	-0.1	34514	10.1	0.5	9.6	0.0	-0.5	0.0	
0.58594	-0.1	34514	10.1	0.5	9.6	0.0	-0.5	0.0	
0.58984	-0.3	34514	10.1	0.5	9.6	0.1	-0.4	0.0	
0.59375	-0.3	34514	10.1	0.5	9.6	0.1	-0.4	0.0	
0.59766	-0.3	34514	10.1	0.5	9.6	0.1	-0.4	0.0	
0.60156	-0.3	34514	10.1	0.5	9.6	0.1	-0.4	0.0	
0.60547	-0.5	34514	10.1	0.5	9.6	0.1	-0.4	0.0	
0.60938	-1.0	34513	10.1	0.4	9.7	0.1	-0.3	0.0	
0.61328	-1.1	34513	10.1	0.3	9.8	0.1	-0.2	0.0	
0.61719	-0.8	34513	10.1	0.1	10.0	0.1	0.0	0.0	
0.62109	-0.3	34513	10.1	0.1	10.0	0.1	0.0	0.0	
0.62500	0.0	34513	10.0	0.1	9.9	0.1	0.0	0.0	
0.62891	0.1	34513	9.8	0.0	9.8	0.1	0.1	0.0	
0.63281	0.1	34513	9.8	0.0	9.8	0.1	0.1	0.0	
0.63672	0.1	34513	9.8	-0.1	9.9	0.1	0.2	0.0	
0.64062	0.1	34513	9.8	-0.1	9.9	0.1	0.2	0.0	
0.64453	0.1	34513	9.8	-0.1	9.9	0.1	0.2	0.0	
0.64844	0.4	34513	9.8	-0.1	9.9	0.1	0.2	0.0	
0.65234	0.5	34513	9.8	-0.3	10.1	0.1	0.4	0.0	
0.65625	0.4	34513	9.8	-0.4	10.2	0.1	0.5	0.0	
0.66016	0.1	34513	9.8	-0.5	10.3	0.1	0.6	0.0	
0.66406	0.0	34513	9.8	-0.5	10.3	0.1	0.6	0.0	
0.66797	0.1	34513	10.0	-0.5	10.5	0.0	0.5	0.0	
0.67188	0.1	34513	10.0	-0.5	10.5	0.0	0.5	0.0	
0.67578	0.0	34513	10.0	-0.5	10.5	0.0	0.5	0.0	
0.67969	0.0	34513	10.0	-0.6	10.6	0.0	0.6	0.0	
0.68359	0.3	34513	10.0	-0.8	10.8	0.0	0.8	0.0	
0.68750	0.4	34513	10.0	-0.9	10.9	0.1	1.0	0.0	
0.69141	0.4	34514	10.0	-0.9	10.9	0.1	1.0	0.0	
0.69531	0.5	34514	10.0	-0.9	10.9	0.0	0.9	0.0	
0.69922	0.9	34514	10.0	-0.9	10.9	0.0	0.9	0.0	
0.70312	1.1	34514	10.0	-0.9	10.9	0.0	0.9	0.0	
0.70703	0.8	34514	10.3	-0.9	11.2	0.0	0.9	0.0	
0.71094	0.4	34514	10.3	-0.9	11.2	0.0	0.9	0.0	
0.71484	0.0	34514	10.1	-0.9	11.0	0.1	1.0	0.0	
0.71875	0.0	34514	10.1	-0.9	11.0	0.1	1.0	0.0	
0.72266	0.0	34514	10.1	-0.9	11.0	0.1	1.0	0.0	
0.72656	0.0	34514	10.1	-0.9	11.0	0.1	1.0	0.0	
0.73047	-0.3	34514	10.1	-0.9	11.0	0.1	1.0	0.0	
0.73438	-1.3	34514	10.1	-0.9	11.0	0.1	1.0	0.0	
0.73828	-1.8	34514	10.1	-0.9	11.0	0.0	0.9	0.0	
0.74219	-1.3	34513	10.1	-0.9	11.0	0.0	0.9	0.0	
0.74609	-0.8	34513	10.1	-0.9	11.0	0.0	0.9	0.0	
0.75000	-1.0	34513	10.1	-0.9	11.0	0.0	0.9	0.0	
0.75391	-1.4	34513	10.1	-0.9	11.0	0.0	0.9	0.0	
0.75781	-1.1	34513	10.1	-0.9	11.0	0.1	1.0	0.0	
0.76172	-0.8	34513	10.1	-0.9	11.0	0.1	1.0	0.0	
0.76562	-0.5	34513	10.1	-1.0	11.1	0.1	1.1	0.0	
0.76953	-0.3	34513	10.1	-1.0	11.1	0.1	1.1	0.0	
0.77344	-0.1	34513	10.3	-1.1	11.4	0.1	1.2	0.0	
0.77734	0.0	34513	10.3	-1.1	11.4	0.1	1.2	0.0	
0.78125	-0.3	34513	10.1	-1.1	11.2	0.1	1.2	0.0	
0.78516	-0.3	34513	10.3	-1.3	11.6	0.1	1.4	0.0	
0.78906	-0.4	34513	10.3	-1.1	11.4	0.1	1.2	0.0	
0.79297	-0.4	34513	10.1	-1.1	11.2	0.0	1.1	0.0	
0.79688	-0.5	34513	10.1	-1.3	11.4	0.0	1.3	0.0	
0.80078	-0.4	34513	10.1	-1.3	11.4	0.0	1.3	0.0	
0.80469	-0.1	34513	10.1	-1.3	11.4	0.1	1.4	0.0	
0.80859	0.0	34513	10.1	-1.3	11.4	0.1	1.4	0.0	
0.81250	0.0	34513	10.1	-1.3	11.4	0.1	1.4	0.0	
0.81641	0.0	34513	10.1	-1.3	11.4	0.1	1.4	0.0	
0.82031	0.0	34513	10.1	-1.3	11.4	0.1	1.4	0.0	
0.82422	0.0	34513	10.1	-1.3	11.4	0.1	1.4	0.0	
0.82812	0.0	34513	10.1	-1.3	11.4	0.1	1.4	0.0	
0.83203	0.0	34513	10.1	-1.3	11.4	0.0	1.3	0.0	
0.83594	0.0	34513	10.1	-1.3	11.4	0.0	1.3	0.0	
0.83984	0.0	34513	10.1	-1.3	11.4	0.0	1.3	0.0	
0.84375	0.0	34513	10.1	-1.3	11.4	0.0	1.3	0.0	
0.84766	0.0	34513	10.1	-1.3	11.4	0.0	1.3	0.0	
0.85156	0.0	34513	10.1	-1.3	11.4	0.1	1.4	0.0	
0.85547	-0.3	34513	10.1	-1.4	11.5	0.1	1.5	0.0	
0.85938	-1.1	34513	10.1	-1.4	11.5	0.1	1.5	0.0	
0.86328	-1.4	34513	10.1	-1.4	11.5	0.0	1.4	0.0	
0.86719	-1.0	34513	10.1	-1.4	11.5	0.0	1.4	0.0	
0.87109	-0.5	34513	10.3	-1.4	11.7	0.0	1.4	0.0	
0.87500	0.0	34513	10.3	-1.4	11.7	0.1	1.5	0.0	
0.87891	0.0	34513	10.1	-1.4	11.5	0.1	1.5	0.0	
0.88281	0.0	34513	10.1	-1.4	11.5	0.1	1.5	0.0	
0.88672	0.0	34513	10.1	-1.4	11.5	0.1	1.5	0.0	
0.89062	0.0	34513	10.1	-1.4	11.5	0.0	1.4	0.0	
0.89453	0.0	34513	10.1	-1.4	11.5	0.0	1.4	0.0	
0.89844	0.0	34513	10.1	-1.4	11.5	-0.1	1.3	0.0	
0.90234	0.0	34513	10.1	-1.4	11.5	0.0	1.4	0.0	
0.90625	0.0	34513	10.1	-1.6	11.7	0.0	1.6	0.0	
0.91016	-0.3	34513	10.1	-1.5	11.6	0.0	1.5	0.0	
0.91406	-0.9	34513	10.1	-1.5	11.6	0.0	1.5	0.0	
0.91797	-1.1	34512	10.1	-1.6	11.7	0.0	1.6	0.0	
0.92188	-0.8	34512	10.1	-1.6	11.7	0.1	1.7	0.0	
0.92578	-0.3	34512	10.1	-1.6	11.7	0.1	1.7	0.0	
0.92969	0.0	34512	10.1	-1.4	11.5	0.1	1.5	0.0	
0.93359	0.0	34512	10.1	-1.4	11.5	0.1	1.5	0.0	
0.93750	-0.3	34512	10.1	-1.4	11.5	0.1	1.5	0.0	
0.94141	-0.4	34512	10.1	-1.4	11.5	0.1	1.5	0.0	
0.94531	-0.4	34512	10.1	-1.4	11.5	0.1	1.5	0.0	
0.94922	-0.4	34512	10.1	-1.4	11.5	0.1	1.5	0.0	
0.95312	-0.1	34512	10.1	-1.4	11.5	0.1	1.5	0.0	
0.95703	0.0	34512	10.1	-1.4	11.5	0.1	1.5	0.0	
0.96094	0.0	34512	10.1	-1.4	11.5	0.1	1.5	0.0	
0.96484	0.0	34512	10.1	-1.4	11.5	0.1	1.5	0.0	
0.96875	0.0	34512	10.3	-1.5	11.8	0.1	1.6	0.0	
0.97266	0.0	34512	10.4	-1.4	11.8	0.1	1.5	0.0	
0.97656	0.0	34512	10.4	-1.4	11.8	0.1	1.5	0.0	
0.98047	-0.3	34512	10.1	-1.4	11.5	0.1	1.5	0.0	
0.98438	-0.9	34512	10.1	-1.4	11.5	0.1	1.5	0.0	
0.98828	-1.0	34512	10.1	-1.4	11.5	0.0	1.4	0.0	
0.99219	-0.6	34512	10.1	-1.4	11.5	0.0	1.4	0.0	
0.99609	-0.3	34512	10.1	-1.4	11.5	0.0	1.4	0.0	
1.00000	0.0	34512	10.1	-1.4	11.5	0.1	1.5	0.0	
1.00391	0.0	34512	10.1	-1.1	11.2	0.1	1.2	0.0	
1.00781	0.0	34512	10.1	-1.0	11.1	0.1	1.1	0.0	
1.01172	0.0	34512	10.1	-0.9	11.0	0.1	1.0	0.0	
1.01562	0.0	34512	10.1	-0.9	11.0	0.1	1.0	0.0	
1.01953	0.0	34512	10.1	-0.9	11.0	0.1	1.0	0.0	
1.02344	0.0	34512	10.1	-0.9	11.0	0.1	1.0	0.0	
1.02734	0.0	34512	10.1	-0.9	11.0	0.1	1.0	0.0	
1.03125	0.0	34512	10.1	-0.9	11.0	0.0	0.9	0.0	
1.03516	0.0	34512	10.1	-0.9	11.0	0.0	0.9	0.0	
1.03906	0.0	34512	10.1	-0.9	11.0	0.0	0.9	0.0	
1.04297	-0.1	34512	10.1	-0.9	11.0	0.1	1.0	0.0	
1.04688	-0.4	34512	10.1	-0.9	11.0	0.1	1.0	0.0	
1.05078	-0.4	34512	10.1	-0.8	10.9	0.0	0.8	0.0	
1.05469	-0.4	34512	10.1	-0.6	10.7	0.0	0.6	0.0	
1.05859	-0.1	34512	10.1	-0.6	10.7	0.0	0.6	0.0	
1.06250	-0.3	34512	10.1	-0.6	10.7	0.0	0.6	0.0	
1.06641	-0.5	34512	10.1	-0.6	10.7	0.0	0.6	0.0	
1.07031	-0.6	34512	10.1	-0.5	10.6	0.0	0.5	0.0	
1.07422	-0.5	34512	10.1	-0.5	10.6	0.1	0.6	0.0	
1.07812	-0.3	34512	10.1	-0.5	10.6	0.0	0.5	0.0	
1.08203	0.0	34512	10.1	-0.5	10.6	0.0	0.5	0.0	
1.08594	0.0	34512	10.1	-0.5	10.6	0.0	0.5	0.0	
1.08984	0.0	34512	10.1	-0.5	10.6	0.1	0.6	0.0	
1.09375	0.0	34512	10.1	-0.5	10.6	0.1	0.6	0.0	
1.09766	0.0	34512	10.1	-0.5	10.6	0.1	0.6	0.0	
1.10156	0.0	34512	10.1	-0.4	10.5	0.1	0.5	0.0	
1.10547	-0.1	34512	10.1	-0.4	10.5	0.1	0.5	0.0	
1.10938	-0.8	34512	10.0	-0.4	10.4	0.1	0.5	0.0	
1.11328	-0.9	34512	9.9	-0.4	10.3	0.1	0.5	0.0	
1.11719	-0.5	34512	10.0	-0.4	10.4	0.1	0.5	0.0	
1.12109	-0.1	34512	10.0	-0.4	10.4	0.1	0.5	0.0	
1.12500	0.0	34512	10.0	-0.5	10.5	0.1	0.6	0.0	
1.12891	0.0	34512	10.0	-0.5	10.5	0.1	0.6	0.0	
1.13281	0.0	34512	10.0	-0.4	10.4	0.1	0.5	0.0	
1.13672	0.0	34512	10.0	-0.4	10.4	0.1	0.5	0.0	
1.14062	0.0	34512	10.0	-0.4	10.4	0.1	0.5	0.0	
1.14453	0.0	34512	10.0	-0.4	10.4	0.1	0.5	0.0	
1.14844	0.0	34512	10.3	-0.4	10.7	0.1	0.5	0.0	
1.15234	0.0	34512	10.3	-0.4	10.7	0.1	0.5	0.0	
1.15625	0.0	34512	10.1	-0.3	10.4	0.1	0.4	0.0	
1.16016	0.0	34512	10.1	-0.1	10.2	0.1	0.2	0.0	
1.16406	0.0	34512	10.1	-0.1	10.2	0.1	0.2	0.0	
1.16797	0.0	34512	10.1	-0.1	10.2	0.0	0.1	0.0	
1.17188	0.0	34512	10.1	-0.1	10.2	0.0	0.1	0.0	
1.17578	0.0	34512	10.1	-0.3	10.4	0.0	0.3	0.0	
1.17969	0.0	34512	10.1	-0.4	10.5	0.1	0.5	0.0	
1.18359	0.1	34512	10.1	-0.4	10.5	0.1	0.5	0.0	
1.18750	0.3	34512	10.1	-0.3	10.4	0.1	0.4	0.0	
1.19141	0.4	34512	10.1	-0.1	10.2	0.1	0.2	0.0	
1.19531	0.4	34512	10.1	-0.1	10.2	0.1	0.2	0.0	
1.19922	0.1	34512	10.1	-0.1	10.2	0.1	0.2	0.0	
1.20312	-0.1	34512	10.1	-0.1	10.2	0.1	0.2	0.0	
1.20703	-1.1	34512	10.1	-0.1	10.2	0.1	0.2	0.0	
1.21094	-2.1	34512	10.1	-0.1	10.2	0.1	0.2	0.0	
1.21484	-2.8	34511	10.1	-0.1	10.2	0.1	0.2	0.0	
1.21875	-3.1	34511	10.1	-0.1	10.2	0.1	0.2	0.0	
1.22266	-3.1	34511	10.1	-0.1	10.2	0.1	0.2	0.0	
1.22656	-2.8	34511	10.1	-0.1	10.2	0.1	0.2	0.0	
1.23047	-2.3	34511	10.1	-0.1	10.2	0.1	0.2	0.0	
1.23438	-1.9	34511	10.1	-0.1	10.2	0.1	0.2	0.0	
1.23828	-1.1	34510	10.1	-0.1	10.2	0.1	0.2	0.0	
1.24219	0.0	34510	10.1	-0.1	10.2	0.1	0.2	0.0	
1.24609	0.9	34511	10.1	-0.1	10.2	0.1	0.2	0.0	
1.25000	0.8	34511	10.1	-0.1	10.2	0.1	0.2	0.0	
1.25391	0.3	34511	10.1	-0.1	10.2	0.0	0.1	0.0	
1.25781	-0.4	34511	10.1	-0.1	10.2	0.0	0.1	0.0	
1.26172	-0.8	34511	10.1	-0.1	10.2	0.0	0.1	0.0	
1.26562	-0.6	34510	10.1	-0.1	10.2	0.0	0.1	0.0	
1.26953	-0.3	34510	10.1	-0.1	10.2	0.0	0.1	0.0	
1.27344	0.0	34510	10.1	-0.1	10.2	0.0	0.1	0.0	
1.27734	0.0	34510	10.1	0.0	10.1	0.0	0.0	0.0	
1.28125	0.0	34510	10.1	0.0	10.1	0.1	0.1	0.0	
1.28516	0.0	34510	10.1	0.0	10.1	0.1	0.1	0.0	
1.28906	0.0	34510	10.1	0.0	10.1	0.1	0.1	0.0	
1.29297	0.0	34510	10.1	0.0	10.1	0.1	0.1	0.0	
1.29688	0.0	34510	10.1	-0.1	10.2	0.1	0.2	0.0	
1.30078	0.0	34510	10.1	-0.1	10.2	0.1	0.2	0.0	
1.30469	0.0	34510	10.1	-0.1	10.2	0.1	0.2	0.0	
1.30859	0.1	34510	10.1	0.0	10.1	0.1	0.1	0.0	
1.31250	0.1	34510	10.1	0.0	10.1	0.1	0.1	0.0	
1.31641	0.0	34510	10.1	0.0	10.1	0.1	0.1	0.0	
1.32031	0.0	34510	10.1	0.0	10.1	0.1	0.1	0.0	
1.32422	0.0	34510	10.1	-0.1	10.2	0.1	0.2	0.0	
1.32812	0.0	34510	10.1	-0.1	10.2	0.1	0.2	0.0	
1.33203	0.4	34510	10.1	0.0	10.1	0.1	0.1	0.0	
1.33594	0.8	34511	10.1	0.0	10.1	0.1	0.1	0.0	
1.33984	1.0	34511	10.1	0.0	10.1	0.1	0.1	0.0	
1.34375	1.1	34511	10.1	0.0	10.1	0.1	0.1	0.0	
1.34766	1.3	34511	10.1	0.0	10.1	0.1	0.1	0.0	
1.35156	1.0	34511	10.1	0.1	10.0	0.1	0.0	0.0	
1.35547	0.4	34511	10.1	0.1	10.0	0.0	-0.1	0.0	
1.35938	-0.6	34511	10.1	0.1	10.0	0.0	-0.1	0.0	
1.36328	-1.0	34511	10.1	0.1	10.0	0.0	-0.1	0.0	
1.36719	-0.6	34511	10.1	0.0	10.1	0.1	0.1	0.0	
1.37109	0.1	34511	10.1	0.0	10.1	0.1	0.1	0.0	
1.37500	0.8	34511	10.1	-0.1	10.2	0.1	0.2	0.0	
1.37891	0.9	34511	10.1	-0.1	10.2	0.0	0.1	0.0	
1.38281	0.6	34511	10.1	0.0	10.1	0.0	0.0	0.0	
1.38672	0.6	34511	10.1	0.0	10.1	0.0	0.0	0.0	
1.39062	0.5	34511	10.1	0.0	10.1	0.1	0.1	0.0	
1.39453	0.1	34511	10.1	0.0	10.1	0.1	0.1	0.0	
1.39844	0.0	34511	10.1	0.0	10.1	0.1	0.1	0.0	
1.40234	0.0	34511	10.1	0.1	10.0	0.1	0.0	0.0	
1.40625	0.0	34511	10.1	0.1	10.0	0.1	0.0	0.0	
1.41016	-0.1	34511	10.1	0.1	10.0	0.1	0.0	0.0	
1.41406	-0.5	34511	10.1	0.1	10.0	0.1	0.0	0.0	
1.41797	-1.1	34511	10.1	0.1	10.0	0.1	0.0	0.0	
1.42188	-1.1	34511	10.3	0.1	10.2	0.1	0.0	0.0	
1.42578	-0.8	34511	10.3	0.1	10.2	0.0	-0.1	0.0	
1.42969	-0.3	34511	10.1	0.1	10.0	0.0	-0.1	0.0	
1.43359	0.0	34511	10.1	0.1	10.0	0.0	-0.1	0.0	
1.43750	0.0	34511	10.1	0.1	10.0	0.1	0.0	0.0	
1.44141	0.0	34511	10.1	0.3	9.8	0.1	-0.2	0.0	
1.44531	-0.3	34511	10.1	0.3	9.8	0.1	-0.2	0.0	
1.44922	-0.8	34511	10.1	0.3	9.8	0.1	-0.2	0.0	
1.45312	-1.0	34511	10.1	0.3	9.8	0.1	-0.2	0.0	
1.45703	-0.6	34511	10.1	0.4	9.7	0.1	-0.3	0.0	
1.46094	-0.3	34511	10.3	0.5	9.8	0.1	-0.4	0.0	
1.46484	0.0	34511	10.4	0.5	9.9	0.1	-0.4	0.0	
1.46875	0.0	34511	10.5	0.5	10.0	0.1	-0.4	0.0	
1.47266	0.0	34511	10.4	0.5	9.9	0.1	-0.4	0.0	
1.47656	0.0	34511	10.1	0.5	9.6	0.1	-0.4	0.0	
1.48047	-0.3	34510	10.1	0.5	9.6	0.1	-0.4	0.0	
1.48438	-1.3	34510	10.3	0.5	9.8	0.1	-0.4	0.0	
1.48828	-1.9	34510	10.3	0.5	9.8	0.1	-0.4	0.0	
1.49219	-1.9	34510	10.1	0.5	9.6	0.1	-0.4	0.0	
1.49609	-1.9	34510	10.1	0.5	9.6	0.1	-0.4	0.0	
1.50000	-1.6	34510	10.1	0.5	9.6	0.1	-0.4	0.0	
1.50391	-1.0	34510	10.1	0.5	9.6	0.1	-0.4	0.0	
1.50781	-0.8	34510	10.1	0.5	9.6	0.1	-0.4	0.0	
1.51172	-1.4	34510	10.1	0.5	9.6	0.1	-0.4	0.0	
1.51562	-2.1	34510	10.1	0.5	9.6	0.1	-0.4	0.0	
1.51953	-2.4	34509	10.1	0.5	9.6	0.1	-0.4	0.0	
1.52344	-2.3	34509	10.1	0.5	9.6	0.1	-0.4	0.0	
1.52734	-2.3	34509	10.1	0.5	9.6	0.1	-0.4	0.0	
1.53125	-2.1	34509	10.1	0.5	9.6	0.1	-0.4	0.0	
1.53516	-1.6	34509	10.1	0.5	9.6	0.1	-0.4	0.0	
1.53906	-0.9	34509	10.1	0.5	9.6	0.1	-0.4	0.0	
1.54297	-0.4	34509	10.1	0.5	9.6	0.1	-0.4	0.0	
1.54688	0.0	34509	10.1	0.5	9.6	0.0	-0.5	0.0	
1.55078	0.1	34509	10.1	0.5	9.6	0.0	-0.5	0.0	
1.55469	0.4	34509	10.1	0.5	9.6	0.0	-0.5	0.0	
1.55859	0.4	34509	10.1	0.4	9.7	0.1	-0.3	0.0	
1.56250	0.5	34509	10.1	0.3	9.8	0.1	-0.2	0.0	
1.56641	0.6	34509	10.0	0.1	9.9	0.0	-0.1	0.0	
1.57031	0.6	34509	9.8	0.1	9.7	0.0	-0.1	0.0	
1.57422	0.3	34509	9.8	0.0	9.8	0.0	0.0	0.0	
1.57812	0.0	34509	9.8	0.0	9.8	0.1	0.1	0.0	
1.58203	0.0	34509	9.8	0.0	9.8	0.1	0.1	0.0	
1.58594	0.0	34509	9.8	0.0	9.8	0.1	0.1	0.0	
1.58984	0.0	34509	9.8	0.0	9.8	0.1	0.1	0.0	
1.59375	0.0	34509	10.0	-0.1	10.1	0.1	0.2	0.0	
1.59766	0.0	34509	9.9	-0.1	10.0	0.1	0.2	0.0	
1.60156	0.0	34509	9.8	-0.3	10.1	0.1	0.4	0.0	
1.60547	-0.1	34509	9.8	-0.3	10.1	0.1	0.4	0.0	
1.60938	-1.0	34509	9.8	-0.3	10.1	0.1	0.4	0.0	
1.61328	-1.9	34509	9.8	-0.4	10.2	0.0	0.4	0.0	
1.61719	-1.6	34509	10.0	-0.5	10.5	0.0	0.5	0.0	
1.62109	-1.0	34509	10.0	-0.5	10.5	0.0	0.5	0.0	
1.62500	-0.3	34509	10.0	-0.5	10.5	0.1	0.6	0.0	
1.62891	-0.1	34509	10.0	-0.5	10.5	0.1	0.6	0.0	
1.63281	-0.5	34509	10.0	-0.5	10.5	0.1	0.6	0.0	
1.63672	-0.9	34509	10.0	-0.5	10.5	0.1	0.6	0.0	
1.64062	-0.9	34508	10.0	-0.6	10.6	0.0	0.6	0.0	
1.64453	-1.0	34508	10.0	-0.8	10.8	0.0	0.8	0.0	
1.64844	-0.8	34508	10.0	-0.9	10.9	0.0	0.9	0.0	
1.65234	-0.4	34508	10.0	-0.9	10.9	0.1	1.0	0.0	
1.65625	0.0	34508	10.0	-0.9	10.9	0.1	1.0	0.0	
1.66016	0.3	34508	10.0	-0.9	10.9	0.1	1.0	0.0	
1.66406	0.4	34508	10.0	-0.9	10.9	0.1	1.0	0.0	
1.66797	0.1	34508	10.0	-0.9	10.9	0.1	1.0	0.0	
1.67188	-0.1	34508	10.1	-0.9	11.0	0.1	1.0	0.0	
1.67578	-0.6	34508	10.1	-0.9	11.0	0.1	1.0	0.0	
1.67969	-1.0	34508	10.1	-0.9	11.0	0.1	1.0	0.0	
1.68359	-0.9	34508	10.1	-0.9	11.0	0.1	1.0	0.0	
1.68750	-0.5	34508	10.1	-0.9	11.0	0.1	1.0	0.0	
1.69141	-0.1	34508	10.1	-0.9	11.0	0.1	1.0	0.0	
1.69531	0.0	34508	10.1	-0.9	11.0	0.1	1.0	0.0	
1.69922	0.0	34508	10.1	-0.9	11.0	0.0	0.9	0.0	
1.70312	-0.1	34508	10.1	-0.9	11.0	0.0	0.9	0.0	
1.70703	0.0	34508	10.1	-0.9	11.0	0.0	0.9	0.0	
1.71094	0.0	34508	10.1	-0.9	11.0	0.1	1.0	0.0	
1.71484	0.0	34508	10.1	-0.9	11.0	0.0	0.9	0.0	
1.71875	0.0	34508	10.1	-0.9	11.0	0.0	0.9	0.0	
1.72266	0.0	34508	10.1	-0.9	11.0	0.0	0.9	0.0	
1.72656	0.0	34508	10.1	-1.0	11.1	0.1	1.1	0.0	
1.73047	-0.4	34508	10.1	-1.0	11.1	0.1	1.1	0.0	
1.73438	-1.4	34508	10.1	-1.0	11.1	0.0	1.0	0.0	
1.73828	-2.1	34508	10.1	-0.9	11.0	0.0	0.9	0.0	
1.74219	-1.6	34508	10.1	-1.0	11.1	0.0	1.0	0.0	
1.74609	-0.8	34508	10.1	-1.0	11.1	0.1	1.1	0.0	
1.75000	-0.1	34508	10.1	-1.1	11.2	0.1	1.2	0.0	
1.75391	0.1	34508	10.1	-1.3	11.4	0.1	1.4	0.0	
1.75781	0.3	34508	10.0	-1.3	11.3	0.1	1.4	0.0	
1.76172	0.3	34508	9.9	-1.3	11.2	0.1	1.4	0.0	
1.76562	0.5	34508	10.0	-1.3	11.3	0.0	1.3	0.0	
1.76953	0.9	34508	10.0	-1.3	11.3	0.0	1.3	0.0	
1.77344	1.0	34508	10.0	-1.3	11.3	0.0	1.3	0.0	
1.77734	0.8	34508	9.9	-1.3	11.2	0.1	1.4	0.0	
1.78125	0.6	34508	10.0	-1.3	11.3	0.1	1.4	0.0	
1.78516	0.4	34508	10.0	-1.3	11.3	0.1	1.4	0.0	
1.78906	0.1	34508	10.0	-1.3	11.3	0.1	1.4	0.0	
1.79297	0.0	34508	10.0	-1.3	11.3	0.1	1.4	0.0	
1.79688	0.0	34508	10.0	-1.3	11.3	0.1	1.4	0.0	
1.80078	-0.1	34508	10.0	-1.3	11.3	0.1	1.4	0.0	
1.80469	-0.1	34508	10.0	-1.4	11.4	0.1	1.5	0.0	
1.80859	0.0	34508	10.0	-1.5	11.5	0.1	1.6	0.0	
1.81250	0.0	34508	10.0	-1.4	11.4	0.1	1.5	0.0	
1.81641	0.4	34508	10.0	-1.4	11.4	0.1	1.5	0.0	
1.82031	0.5	34508	10.0	-1.4	11.4	0.1	1.5	0.0	
1.82422	0.3	34508	10.0	-1.4	11.4	0.1	1.5	0.0	
1.82812	0.1	34508	10.0	-1.4	11.4	0.1	1.5	0.0	
1.83203	0.0	34508	10.1	-1.5	11.6	0.1	1.6	0.0	
1.83594	0.0	34508	10.1	-1.4	11.5	0.1	1.5	0.0	
1.83984	0.0	34508	10.1	-1.4	11.5	0.1	1.5	0.0	
1.84375	0.0	34508	10.1	-1.4	11.5	0.1	1.5	0.0	
1.84766	0.0	34508	10.1	-1.4	11.5	0.1	1.5	0.0	
1.85156	0.0	34508	10.1	-1.6	11.7	0.1	1.7	0.0	
1.85547	-0.3	34508	10.1	-1.6	11.7	0.1	1.7	0.0	
1.85938	-0.6	34508	10.1	-1.5	11.6	0.0	1.5	0.0	
1.86328	-0.6	34508	10.1	-1.4	11.5	0.0	1.4	0.0	
1.86719	-0.4	34508	10.1	-1.4	11.5	0.0	1.4	0.0	
1.87109	-0.1	34508	10.1	-1.4	11.5	0.1	1.5	0.0	
1.87500	0.0	34508	10.1	-1.4	11.5	0.1	1.5	0.0	
1.87891	0.3	34508	10.1	-1.4	11.5	0.1	1.5	0.0	
1.88281	0.8	34508	10.1	-1.4	11.5	0.1	1.5	0.0	
1.88672	0.8	34508	10.1	-1.4	11.5	0.1	1.5	0.0	
1.89062	0.5	34508	10.1	-1.4	11.5	0.0	1.4	0.0	
1.89453	0.4	34508	10.1	-1.4	11.5	0.0	1.4	0.0	
1.89844	0.1	34508	10.1	-1.4	11.5	0.0	1.4	0.0	
1.90234	0.0	34508	10.1	-1.4	11.5	0.1	1.5	0.0	
1.90625	-0.3	34508	10.1	-1.4	11.5	0.1	1.5	0.0	
1.91016	-0.1	34508	10.1	-1.4	11.5	0.1	1.5	0.0	
1.91406	0.0	34508	10.1	-1.4	11.5	0.1	1.5	0.0	
1.91797	0.1	34508	10.1	-1.1	11.2	0.1	1.2	0.0	
1.92188	0.4	34508	10.1	-1.0	11.1	0.1	1.1	0.0	
1.92578	0.8	34508	10.1	-0.9	11.0	0.1	1.0	0.0	
1.92969	0.8	34508	10.1	-0.9	11.0	0.1	1.0	0.0	
1.93359	0.5	34508	10.1	-1.0	11.1	0.0	1.0	0.0	
1.93750	0.1	34508	10.1	-1.0	11.1	0.0	1.0	0.0	
1.94141	0.0	34508	10.1	-1.0	11.1	0.0	1.0	0.0	
1.94531	0.0	34508	10.1	-0.9	11.0	0.1	1.0	0.0	
1.94922	0.0	34508	10.1	-0.9	11.0	0.1	1.0	0.0	
1.95312	0.0	34508	10.1	-0.9	11.0	0.1	1.0	0.0	
1.95703	0.0	34508	10.1	-0.9	11.0	0.1	1.0	0.0	
1.96094	0.0	34508	10.1	-0.9	11.0	0.0	0.9	0.0	
1.96484	0.0	34508	10.1	-0.9	11.0	0.0	0.9	0.0	
1.96875	0.0	34508	10.1	-0.9	11.0	0.0	0.9	0.0	
1.97266	0.0	34508	10.1	-0.9	11.0	0.1	1.0	0.0	
1.97656	0.0	34508	10.1	-0.9	11.0	0.1	1.0	0.0	
1.98047	-0.3	34508	10.1	-0.9	11.0	0.1	1.0	0.0	
1.98438	-1.3	34508	10.1	-0.9	11.0	0.1	1.0	0.0	
1.98828	-2.1	34508	10.1	-0.8	10.9	0.1	0.9	0.0	
1.99219	-1.8	34508	10.1	-0.6	10.7	0.1	0.7	0.0	
1.99609	-0.8	34508	10.1	-0.5	10.6	0.1	0.6	0.0	
2.00000	0.1	34508	10.1	-0.5	10.6	0.1	0.6	0.0	
2.00391	0.3	34508	10.1	-0.5	10.6	0.1	0.6	0.0	
2.00781	0.0	34508	10.1	-0.5	10.6	0.1	0.6	0.0	
2.01172	-0.1	34508	10.1	-0.5	10.6	0.1	0.6	0.0	
2.01562	0.0	34508	10.1	-0.5	10.6	0.1	0.6	0.0	
2.01953	0.3	34508	10.1	-0.5	10.6	0.0	0.5	0.0	
2.02344	0.3	34508	10.1	-0.4	10.5	0.0	0.4	0.0	
2.02734	0.0	34508	10.1	-0.4	10.5	0.0	0.4	0.0	
2.03125	-0.1	34508	10.1	-0.4	10.5	0.1	0.5	0.0	
2.03516	0.1	34508	10.1	-0.5	10.6	0.1	0.6	0.0	
2.03906	0.4	34508	10.1	-0.5	10.6	0.1	0.6	0.0	
2.04297	0.3	34508	10.1	-0.4	10.5	0.1	0.5	0.0	
2.04688	0.3	34508	10.1	-0.3	10.4	0.1	0.4	0.0	
2.05078	0.1	34508	10.1	-0.1	10.2	0.1	0.2	0.0	
2.05469	0.0	34508	10.1	-0.1	10.2	0.1	0.2	0.0	
2.05859	0.0	34508	10.1	-0.1	10.2	0.1	0.2	0.0	
2.06250	0.0	34508	10.1	-0.1	10.2	0.1	0.2	0.0	
2.06641	0.0	34508	10.1	-0.1	10.2	0.1	0.2	0.0	
2.07031	0.0	34508	10.1	-0.1	10.2	0.0	0.1	0.0	
2.07422	0.0	34508	10.1	-0.1	10.2	0.0	0.1	0.0	
2.07812	0.3	34508	10.1	-0.1	10.2	0.0	0.1	0.0	
2.08203	0.6	34508	10.1	-0.1	10.2	0.1	0.2	0.0	
2.08594	1.3	34508	10.1	-0.1	10.2	0.1	0.2	0.0	
2.08984	1.6	34508	10.1	-0.1	10.2	0.1	0.2	0.0	
2.09375	1.8	34508	10.1	-0.1	10.2	0.1	0.2	0.0	
2.09766	1.8	34509	10.1	-0.1	10.2	0.1	0.2	0.0	
2.10156	1.8	34509	10.1	-0.1	10.2	0.1	0.2	0.0	
2.10547	1.1	34509	10.1	-0.1	10.2	0.1	0.2	0.0	
2.10938	0.0	34509	10.1	-0.1	10.2	0.1	0.2	0.0	
2.11328	-0.5	34509	10.1	-0.1	10.2	0.1	0.2	0.0	
2.11719	-0.5	34509	10.1	-0.1	10.2	0.1	0.2	0.0	
2.12109	-0.3	34509	10.1	-0.1	10.2	0.1	0.2	0.0	
2.12500	-0.1	34509	10.0	-0.1	10.1	0.1	0.2	0.0	
2.12891	0.0	34509	9.9	-0.1	10.0	0.1	0.2	0.0	
2.13281	0.1	34509	9.9	-0.1	10.0	0.1	0.2	0.0	
2.13672	0.4	34509	9.8	-0.1	9.9	0.1	0.2	0.0	
2.14062	0.4	34509	9.8	-0.1	9.9	0.1	0.2	0.0	
2.14453	0.3	34509	9.8	-0.1	9.9	0.1	0.2	0.0	
2.14844	0.1	34509	9.8	-0.1	9.9	0.1	0.2	0.0	
2.15234	0.0	34509	9.8	-0.1	9.9	0.1	0.2	0.0	
2.15625	0.0	34509	9.8	-0.1	9.9	0.1	0.2	0.0	
2.16016	0.1	34509	9.8	-0.1	9.9	0.1	0.2	0.0	
2.16406	0.3	34509	9.8	-0.1	9.9	0.1	0.2	0.0	
2.16797	0.5	34509	9.8	-0.1	9.9	0.1	0.2	0.0	
2.17188	0.5	34509	9.8	-0.1	9.9	0.1	0.2	0.0	
2.17578	0.3	34509	9.8	-0.1	9.9	0.1	0.2	0.0	
2.17969	0.1	34509	9.9	-0.1	10.0	0.1	0.2	0.0	
2.18359	0.0	34509	9.8	-0.1	9.9	0.1	0.2	0.0	
2.18750	0.0	34509	9.8	0.0	9.8	0.1	0.1	0.0	
2.19141	0.3	34509	9.8	0.0	9.8	0.1	0.1	0.0	
2.19531	0.4	34509	10.0	0.0	10.0	0.1	0.1	0.0	
2.19922	0.4	34509	10.0	-0.1	10.1	0.1	0.2	0.0	
2.20312	0.5	34509	9.9	-0.1	10.0	0.1	0.2	0.0	
2.20703	0.4	34509	9.8	0.0	9.8	0.1	0.1	0.0	
2.21094	0.3	34509	9.9	0.0	9.9	0.1	0.1	0.0	
2.21484	0.0	34509	9.9	0.0	9.9	0.1	0.1	0.0	
2.21875	0.0	34509	9.8	-0.1	9.9	0.1	0.2	0.0	
2.22266	0.0	34509	9.8	0.0	9.8	0.1	0.1	0.0	
2.22656	0.1	34509	9.8	0.0	9.8	0.1	0.1	0.0	
2.23047	0.0	34509	9.8	0.0	9.8	0.1	0.1	0.0	
2.23438	-0.4	34509	9.8	0.0	9.8	0.1	0.1	0.0	
2.23828	-0.8	34509	9.8	0.1	9.7	0.1	0.0	0.0	
2.24219	-0.4	34509	9.8	0.1	9.7	0.1	0.0	0.0	
2.24609	0.0	34509	9.8	0.1	9.7	0.1	0.0	0.0	
2.25000	0.5	34509	9.8	0.1	9.7	0.1	0.0	0.0	
2.25391	0.6	34509	9.8	0.0	9.8	0.1	0.1	0.0	
2.25781	0.6	34509	9.8	0.0	9.8	0.1	0.1	0.0	
2.26172	0.9	34509	9.8	0.0	9.8	0.1	0.1	0.0	
2.26562	1.0	34509	9.8	0.0	9.8	0.1	0.1	0.0	
2.26953	0.9	34509	9.8	-0.1	9.9	0.1	0.2	0.0	
2.27344	0.5	34509	9.8	-0.1	9.9	0.1	0.2	0.0	
2.27734	0.5	34509	9.8	-0.1	9.9	0.1	0.2	0.0	
2.28125	0.8	34509	9.8	0.0	9.8	0.1	0.1	0.0	
2.28516	1.1	34509	9.8	0.0	9.8	0.1	0.1	0.0	
2.28906	1.1	34509	9.8	0.0	9.8	0.1	0.1	0.0	
2.29297	1.4	34510	9.8	0.0	9.8	0.1	0.1	0.0	
2.29688	2.0	34510	9.5	0.0	9.5	0.1	0.1	0.0	
2.30078	2.3	34510	9.5	-0.1	9.6	0.1	0.2	0.0	
2.30469	1.8	34510	9.6	-0.1	9.7	0.1	0.2	0.0	
2.30859	1.5	34510	9.5	-0.1	9.6	0.1	0.2	0.0	
2.31250	1.9	34510	9.4	-0.1	9.5	0.1	0.2	0.0	
2.31641	2.8	34510	9.3	-0.1	9.4	0.1	0.2	0.0	
2.32031	3.5	34511	9.4	-0.1	9.5	0.1	0.2	0.0	
2.32422	3.9	34511	9.5	-0.1	9.6	0.1	0.2	0.0	
2.32812	4.0	34511	9.4	-0.1	9.5	0.1	0.2	0.0	
2.33203	3.9	34511	9.3	-0.1	9.4	0.1	0.2	0.0	
2.33594	3.8	34512	9.3	-0.1	9.4	0.1	0.2	0.0	
2.33984	3.5	34512	9.3	-0.1	9.4	0.1	0.2	0.0	
2.34375	3.5	34512	9.1	-0.1	9.2	0.1	0.2	0.0	
2.34766	3.5	34512	9.1	-0.1	9.2	0.1	0.2	0.0	
2.35156	3.5	34512	9.1	-0.1	9.2	0.1	0.2	0.0	
2.35547	3.3	34513	9.0	-0.3	9.3	0.1	0.4	0.0	
2.35938	2.9	34513	8.9	-0.3	9.2	0.1	0.4	0.0	
2.36328	3.0	34513	8.9	-0.3	9.2	0.1	0.4	0.0	
2.36719	3.6	34513	8.9	-0.3	9.2	0.1	0.4	0.0	
2.37109	4.1	34514	8.9	-0.4	9.3	0.1	0.5	0.0	
2.37500	4.4	34514	8.9	-0.4	9.3	0.1	0.5	0.0	
2.37891	4.5	34514	8.9	-0.4	9.3	0.1	0.5	0.0	
2.38281	4.5	34514	8.9	-0.4	9.3	0.1	0.5	0.0	
2.38672	4.4	34515	8.9	-0.5	9.4	0.0	0.5	0.0	
2.39062	4.3	34515	8.8	-0.4	9.2	0.0	0.4	0.0	
2.39453	4.3	34515	8.6	-0.3	8.9	0.0	0.3	0.0	
2.39844	3.9	34516	8.5	-0.3	8.8	0.1	0.4	0.0	
2.40234	3.5	34516	8.5	-0.4	8.9	0.1	0.5	0.0	
2.40625	3.3	34516	8.5	-0.5	9.0	0.1	0.6	0.0	
2.41016	3.4	34516	8.5	-0.5	9.0	0.1	0.6	0.0	
2.41406	3.6	34516	8.5	-0.5	9.0	0.1	0.6	0.0	
2.41797	3.8	34517	8.5	-0.5	9.0	0.1	0.6	0.0	
2.42188	4.0	34517	8.5	-0.5	9.0	0.1	0.6	0.0	
2.42578	4.0	34517	8.5	-0.5	9.0	0.1	0.6	0.0	
2.42969	4.1	34517	8.5	-0.5	9.0	0.1	0.6	0.0	
2.43359	4.0	34518	8.5	-0.5	9.0	0.1	0.6	0.0	
2.43750	4.0	34518	8.4	-0.5	8.9	0.1	0.6	0.0	
2.44141	4.1	34518	8.3	-0.5	8.8	0.1	0.6	0.0	
2.44531	4.3	34519	8.1	-0.5	8.6	0.1	0.6	0.0	
2.44922	4.5	34519	8.1	-0.5	8.6	0.1	0.6	0.0	
2.45312	4.6	34519	8.1	-0.5	8.6	0.1	0.6	0.0	
2.45703	4.8	34519	8.1	-0.5	8.6	0.1	0.6	0.0	
2.46094	4.9	34520	8.1	-0.6	8.7	0.1	0.7	0.0	
2.46484	4.9	34520	8.1	-0.8	8.9	0.1	0.9	0.0	
2.46875	5.0	34520	8.0	-0.9	8.9	0.1	1.0	0.0	
2.47266	5.0	34521	7.8	-0.9	8.7	0.1	1.0	0.0	
2.47656	5.0	34521	7.9	-0.9	8.8	0.1	1.0	0.0	
2.48047	4.9	34521	7.9	-0.9	8.8	0.1	1.0	0.0	
2.48438	4.6	34522	7.8	-0.9	8.7	0.1	1.0	0.0	
2.48828	4.6	34522	7.8	-0.9	8.7	0.1	1.0	0.0	
2.49219	4.9	34522	7.8	-0.9	8.7	0.1	1.0	0.0	
2.49609	5.3	34523	7.8	-0.9	8.7	0.1	1.0	0.0	
2.50000	5.5	34523	7.6	-1.0	8.6	0.1	1.1	0.0	
2.50391	4.9	34523	7.3	-1.1	8.4	0.1	1.2	0.0	
2.50781	2.6	34524	7.0	-1.3	8.3	0.1	1.4	0.0	
2.51172	0.9	34524	6.9	-1.3	8.2	0.1	1.4	0.0	
2.51562	1.1	34524	6.8	-1.4	8.2	0.1	1.5	0.0	
2.51953	2.4	34524	6.8	-1.5	8.3	0.1	1.6	0.0	
2.52344	3.1	34524	6.6	-1.5	8.1	0.1	1.6	0.0	
2.52734	2.8	34524	6.5	-1.6	8.1	0.1	1.7	0.0	
2.53125	1.5	34524	6.4	-1.8	8.2	0.1	1.9	0.0	
2.53516	0.6	34524	6.4	-2.0	8.4	0.1	2.1	0.0	
2.53906	0.1	34524	6.3	-2.1	8.4	0.1	2.2	0.0	
2.54297	-0.3	34524	6.1	-2.3	8.4	0.1	2.4	0.0	
2.54688	-1.3	34524	6.1	-2.3	8.4	0.1	2.4	0.0	
2.55078	-2.1	34524	6.1	-2.4	8.5	0.1	2.5	0.0	
2.55469	-2.4	34524	6.1	-2.5	8.6	0.1	2.6	0.0	
2.55859	-1.9	34524	6.1	-2.6	8.7	0.1	2.7	0.0	
2.56250	-1.0	34524	6.0	-2.8	8.8	0.1	2.9	0.0	
2.56641	-0.5	34524	5.9	-2.9	8.8	0.0	2.9	0.0	
2.57031	-0.3	34524	5.9	-2.9	8.8	0.0	2.9	0.0	
2.57422	-0.1	34524	5.9	-3.0	8.9	0.0	3.0	0.0	
2.57812	-0.1	34524	5.9	-3.1	9.0	0.1	3.2	0.0	
2.58203	0.0	34524	5.8	-3.3	9.1	0.1	3.4	0.0	
2.58594	0.0	34524	5.8	-3.4	9.2	0.1	3.5	0.0	
2.58984	0.0	34524	5.8	-3.6	9.4	0.1	3.7	0.0	
2.59375	0.0	34524	5.8	-3.6	9.4	0.1	3.7	0.0	
2.59766	0.0	34524	5.8	-3.6	9.4	0.1	3.7	0.0	
2.60156	0.0	34524	5.8	-3.6	9.4	0.1	3.7	0.0	
2.60547	-0.4	34524	5.8	-3.6	9.4	0.1	3.7	0.0	
2.60938	-1.1	34524	5.8	-3.8	9.6	0.1	3.9	0.0	
2.61328	-1.4	34523	5.8	-4.0	9.8	0.1	4.1	0.0	
2.61719	-0.9	34523	5.8	-4.0	9.8	0.1	4.1	0.0	
2.62109	-0.4	34523	5.8	-4.0	9.8	0.0	4.0	0.0	
2.62500	0.0	34523	5.6	-4.0	9.6	0.0	4.0	0.0	
2.62891	0.0	34523	5.5	-4.0	9.5	0.0	4.0	0.0	
2.63281	0.4	34523	5.5	-4.0	9.5	0.1	4.1	0.0	
2.63672	1.0	34523	5.4	-4.3	9.7	0.1	4.4	0.0	
2.64062	1.3	34524	5.4	-4.4	9.8	0.1	4.5	0.0	
2.64453	0.9	34524	5.4	-4.5	9.9	0.1	4.6	0.0	
2.64844	0.4	34524	5.4	-4.5	9.9	0.1	4.6	0.0	
2.65234	0.0	34524	5.4	-4.5	9.9	0.1	4.6	0.0	
2.65625	-0.3	34524	5.1	-4.6	9.7	0.1	4.7	0.0	
2.66016	-0.4	34524	5.0	-4.8	9.8	0.1	4.9	0.0	
2.66406	-0.3	34524	4.9	-4.9	9.8	0.1	5.0	0.0	
2.66797	0.0	34524	4.9	-4.9	9.8	0.1	5.0	0.0	
2.67188	0.0	34524	4.9	-5.0	9.9	0.1	5.1	0.0	
2.67578	0.1	34524	4.8	-5.0	9.8	0.1	5.1	0.0	
2.67969	0.1	34524	4.6	-5.1	9.7	0.1	5.2	0.0	
2.68359	0.1	34524	4.5	-5.3	9.8	0.1	5.4	0.0	
2.68750	0.0	34524	4.5	-5.3	9.8	0.1	5.4	0.0	
2.69141	0.0	34524	4.5	-5.3	9.8	0.1	5.4	0.0	
2.69531	0.0	34524	4.5	-5.3	9.8	0.1	5.4	0.0	
2.69922	0.0	34524	4.5	-5.4	9.9	0.1	5.5	0.0	
2.70312	0.0	34524	4.4	-5.6	10.0	0.1	5.7	0.0	
2.70703	0.0	34524	4.3	-5.6	9.9	0.1	5.7	0.0	
2.71094	0.0	34524	4.1	-5.6	9.7	0.1	5.7	0.0	
2.71484	0.0	34524	4.1	-5.8	9.9	0.1	5.9	0.0	
2.71875	0.0	34524	4.1	-6.0	10.1	0.1	6.1	0.0	
2.72266	0.0	34524	4.1	-5.9	10.0	0.1	6.0	0.0	
2.72656	0.0	34524	4.1	-5.9	10.0	0.1	6.0	0.0	
2.73047	-0.3	34524	4.1	-6.0	10.1	0.1	6.1	0.0	
2.73438	-0.9	34524	4.1	-6.0	10.1	0.1	6.1	0.0	
2.73828	-1.1	34523	4.1	-6.0	10.1	0.1	6.1	0.0	
2.74219	-1.1	34523	4.1	-6.0	10.1	0.1	6.1	0.0	
2.74609	-0.8	34523	4.0	-6.0	10.0	0.1	6.1	0.0	
2.75000	-0.4	34523	3.8	-6.3	10.1	0.1	6.4	0.0	
2.75391	0.0	34523	3.9	-6.4	10.3	0.1	6.5	0.0	
2.75781	0.0	34523	4.0	-6.5	10.5	0.1	6.6	0.0	
2.76172	0.0	34523	4.0	-6.5	10.5	0.1	6.6	0.0	
2.76562	-0.1	34523	4.0	-6.5	10.5	0.1	6.6	0.0	
2.76953	-0.3	34523	4.0	-6.5	10.5	0.1	6.6	0.0	
2.77344	-0.1	34523	3.9	-6.5	10.4	0.1	6.6	0.0	
2.77734	0.4	34523	3.9	-6.5	10.4	0.1	6.6	0.0	
2.78125	1.1	34523	3.8	-6.5	10.3	0.1	6.6	0.0	
2.78516	1.3	34523	3.8	-6.5	10.3	0.1	6.6	0.0	
2.78906	0.9	34524	3.8	-6.6	10.4	0.1	6.7	0.0	
2.79297	0.4	34524	3.8	-6.8	10.6	0.1	6.9	0.0	
2.79688	0.1	34524	3.8	-6.9	10.7	0.1	7.0	0.0	
2.80078	0.0	34524	3.6	-6.9	10.5	0.0	6.9	0.0	
2.80469	0.0	34524	3.5	-6.9	10.4	0.0	6.9	0.0	
2.80859	0.1	34524	3.5	-6.9	10.4	0.0	6.9	0.0	
2.81250	0.3	34524	3.4	-6.9	10.3	0.1	7.0	0.0	
2.81641	0.1	34524	3.5	-6.9	10.4	0.1	7.0	0.0	
2.82031	0.0	34524	3.5	-6.9	10.4	0.1	7.0	0.0	
2.82422	0.0	34524	3.4	-6.9	10.3	0.1	7.0	0.0	
2.82812	0.0	34524	3.4	-6.9	10.3	0.1	7.0	0.0	
2.83203	0.0	34524	3.4	-6.9	10.3	0.1	7.0	0.0	
2.83594	0.0	34524	3.4	-6.9	10.3	0.1	7.0	0.0	
2.83984	0.0	34524	3.4	-6.9	10.3	0.1	7.0	0.0	
2.84375	0.0	34524	3.4	-6.9	10.3	0.1	7.0	0.0	
2.84766	0.0	34524	3.4	-6.9	10.3	0.1	7.0	0.0	
2.85156	0.0	34524	3.4	-6.9	10.3	0.1	7.0	0.0	
2.85547	-0.3	34524	3.4	-6.9	10.3	0.1	7.0	0.0	
2.85938	-0.8	34524	3.4	-6.9	10.3	0.1	7.0	0.0	
2.86328	-1.0	34523	3.4	-6.9	10.3	0.1	7.0	0.0	
2.86719	-0.6	34523	3.4	-6.9	10.3	0.1	7.0	0.0	
2.87109	-0.3	34523	3.4	-6.9	10.3	0.1	7.0	0.0	
2.87500	0.0	34523	3.4	-6.9	10.3	0.1	7.0	0.0	
2.87891	0.0	34523	3.4	-6.9	10.3	0.1	7.0	0.0	
2.88281	0.1	34523	3.4	-6.9	10.3	0.1	7.0	0.0	
2.88672	0.3	34523	3.4	-6.9	10.3	0.1	7.0	0.0	
2.89062	0.3	34523	3.4	-6.9	10.3	0.1	7.0	0.0	
2.89453	0.1	34523	3.4	-6.9	10.3	0.1	7.0	0.0	
2.89844	0.1	34523	3.4	-6.9	10.3	0.1	7.0	0.0	
2.90234	0.0	34523	3.4	-6.9	10.3	0.1	7.0	0.0	
2.90625	0.0	34523	3.4	-6.9	10.3	0.1	7.0	0.0	
2.91016	0.0	34523	3.4	-6.9	10.3	0.1	7.0	0.0	
2.91406	0.0	34523	3.4	-6.9	10.3	0.1	7.0	0.0	
2.91797	0.0	34523	3.1	-6.9	10.0	0.1	7.0	0.0	
2.92188	0.0	34523	3.0	-6.8	9.8	0.1	6.9	0.0	
2.92578	0.0	34523	2.9	-6.6	9.5	0.1	6.7	0.0	
2.92969	0.1	34523	2.9	-6.5	9.4	0.1	6.6	0.0	
2.93359	0.4	34523	2.9	-6.6	9.5	0.1	6.7	0.0	
2.93750	0.4	34524	2.9	-6.6	9.5	0.1	6.7	0.0	
2.94141	0.3	34524	2.9	-6.6	9.5	0.1	6.7	0.0	
2.94531	0.0	34524	2.9	-6.5	9.4	0.1	6.6	0.0	
2.94922	0.1	34524	2.9	-6.5	9.4	0.0	6.5	0.0	
2.95312	0.3	34524	2.9	-6.5	9.4	0.0	6.5	0.0	
2.95703	0.4	34524	2.9	-6.5	9.4	0.0	6.5	0.0	
2.96094	0.3	34524	2.9	-6.5	9.4	0.1	6.6	0.0	
2.96484	0.1	34524	2.9	-6.5	9.4	0.1	6.6	0.0	
2.96875	0.0	34524	2.9	-6.5	9.4	0.1	6.6	0.0	
2.97266	0.0	34524	2.9	-6.5	9.4	0.1	6.6	0.0	
2.97656	-0.1	34524	2.9	-6.5	9.4	0.1	6.6	0.0	
2.98047	-0.8	34524	2.9	-6.5	9.4	0.1	6.6	0.0	
2.98438	-1.5	34523	3.0	-6.5	9.5	0.1	6.6	0.0	
2.98828	-1.5	34523	3.0	-6.5	9.5	0.1	6.6	0.0	
2.99219	-0.9	34523	3.0	-6.5	9.5	0.1	6.6	0.0	
2.99609	-0.5	34523	2.9	-6.5	9.4	0.1	6.6	0.0	
3.00000	-0.4	34523	3.0	-6.5	9.5	0.1	6.6	0.0	
3.00391	-0.4	34523	3.3	-6.5	9.8	0.1	6.6	0.0	
3.00781	-0.3	34523	3.3	-6.5	9.8	0.1	6.6	0.0	
3.01172	0.0	34523	3.3	-6.4	9.7	0.1	6.5	0.0	
3.01562	0.0	34523	3.3	-6.4	9.7	0.1	6.5	0.0	
3.01953	0.0	34523	3.3	-6.3	9.6	0.1	6.4	0.0	
3.02344	0.0	34523	3.3	-6.1	9.4	0.1	6.2	0.0	
3.02734	0.0	34523	3.3	-6.1	9.4	0.1	6.2	0.0	
3.03125	0.0	34523	3.3	-6.1	9.4	0.1	6.2	0.0	
3.03516	0.1	34523	3.3	-6.1	9.4	0.1	6.2	0.0	
3.03906	0.1	34523	3.3	-6.1	9.4	0.0	6.1	0.0	
3.04297	0.1	34523	3.3	-6.1	9.4	0.0	6.1	0.0	
3.04688	0.1	34523	3.4	-6.1	9.5	0.0	6.1	0.0	
3.05078	0.1	34523	3.6	-6.1	9.7	0.1	6.2	0.0	
3.05469	0.0	34523	3.6	-6.1	9.7	0.1	6.2	0.0	
3.05859	0.0	34523	3.6	-6.0	9.6	0.1	6.1	0.0	
3.06250	0.0	34523	3.8	-5.9	9.7	0.1	6.0	0.0	
3.06641	0.0	34523	3.9	-5.9	9.8	0.1	6.0	0.0	
3.07031	0.0	34523	3.9	-5.8	9.7	0.1	5.9	0.0	
3.07422	0.0	34523	3.9	-5.8	9.7	0.0	5.8	0.0	
3.07812	0.0	34523	3.9	-5.8	9.7	0.0	5.8	0.0	
3.08203	0.0	34523	4.0	-5.8	9.8	0.0	5.8	0.0	
3.08594	0.0	34523	4.0	-5.8	9.8	0.1	5.9	0.0	
3.08984	0.0	34523	4.0	-5.8	9.8	0.1	5.9	0.0	
3.09375	0.0	34523	4.1	-5.8	9.9	0.1	5.9	0.0	
3.09766	0.0	34523	4.4	-5.8	10.2	0.0	5.8	0.0	
3.10156	0.0	34523	4.5	-5.6	10.1	0.0	5.6	0.0	
3.10547	-0.3	34523	4.6	-5.4	10.0	0.0	5.4	0.0	
3.10938	-0.9	34523	4.8	-5.5	10.3	0.1	5.6	0.0	
3.11328	-1.1	34523	4.9	-5.5	10.4	0.1	5.6	0.0	
3.11719	-0.6	34523	4.9	-5.4	10.3	0.1	5.5	0.0	
3.12109	-0.5	34523	5.0	-5.4	10.4	0.1	5.5	0.0	
3.12500	-0.9	34523	5.0	-5.4	10.4	0.1	5.5	0.0	
3.12891	-1.1	34523	5.0	-5.4	10.4	0.1	5.5	0.0	
3.13281	-1.0	34523	5.0	-5.1	10.1	0.1	5.2	0.0	
3.13672	-0.5	34523	5.3	-5.0	10.3	0.1	5.1	0.0	
3.14062	-0.3	34523	5.3	-4.9	10.2	0.1	5.0	0.0	
3.14453	0.0	34523	5.4	-4.9	10.3	0.0	4.9	0.0	
3.14844	0.0	34523	5.6	-4.9	10.5	0.0	4.9	0.0	
3.15234	0.0	34523	5.6	-4.9	10.5	0.0	4.9	0.0	
3.15625	0.0	34523	5.6	-4.8	10.4	0.1	4.9	0.0	
3.16016	0.0	34523	5.6	-4.6	10.2	0.1	4.7	0.0	
3.16406	0.0	34523	5.8	-4.5	10.3	0.1	4.6	0.0	
3.16797	-0.3	34523	6.0	-4.5	10.5	0.1	4.6	0.0	
3.17188	-0.3	34523	6.0	-4.5	10.5	0.1	4.6	0.0	
3.17578	-0.1	34523	6.1	-4.5	10.6	0.1	4.6	0.0	
3.17969	0.0	34523	6.4	-4.4	10.8	0.1	4.5	0.0	
3.18359	0.0	34523	6.5	-4.3	10.8	0.1	4.4	0.0	
3.18750	0.0	34523	6.5	-4.1	10.6	0.1	4.2	0.0	
3.19141	0.3	34523	6.5	-4.1	10.6	0.1	4.2	0.0	
3.19531	0.4	34523	6.5	-4.1	10.6	0.1	4.2	0.0	
3.19922	0.3	34523	6.5	-4.0	10.5	0.1	4.1	0.0	
3.20312	0.0	34523	6.5	-3.8	10.3	0.1	3.9	0.0	
3.20703	0.0	34523	6.5	-3.8	10.3	0.1	3.9	0.0	
3.21094	0.0	34523	6.6	-3.8	10.4	0.1	3.9	0.0	
3.21484	0.0	34523	6.8	-3.8	10.6	0.1	3.9	0.0	
3.21875	0.0	34523	6.9	-3.6	10.5	0.1	3.7	0.0	
3.22266	0.0	34523	6.9	-3.4	10.3	0.1	3.5	0.0	
3.22656	0.0	34523	7.0	-3.4	10.4	0.1	3.5	0.0	
3.23047	-0.3	34523	7.1	-3.4	10.5	0.1	3.5	0.0	
3.23438	-0.8	34523	7.1	-3.4	10.5	0.1	3.5	0.0	
3.23828	-0.9	34523	7.1	-3.4	10.5	0.1	3.5	0.0	
3.24219	-0.5	34523	7.3	-3.4	10.7	0.1	3.5	0.0	
3.24609	-0.1	34523	7.3	-3.1	10.4	0.1	3.2	0.0	
3.25000	0.0	34523	7.3	-3.0	10.3	0.0	3.0	0.0	
3.25391	0.1	34523	7.3	-3.0	10.3	0.0	3.0	0.0	
3.25781	0.1	34523	7.4	-3.1	10.5	0.0	3.1	0.0	
3.26172	0.1	34523	7.6	-3.0	10.6	0.1	3.1	0.0	
3.26562	0.3	34523	7.5	-2.9	10.4	0.1	3.0	0.0	
3.26953	0.1	34523	7.4	-2.9	10.3	0.1	3.0	0.0	
3.27344	0.0	34523	7.5	-2.9	10.4	0.1	3.0	0.0	
3.27734	0.0	34523	7.5	-2.9	10.4	0.1	3.0	0.0	
3.28125	0.0	34523	7.4	-2.8	10.2	0.1	2.9	0.0	
3.28516	0.0	34523	7.5	-2.8	10.3	0.1	2.9	0.0	
3.28906	0.0	34523	7.6	-2.8	10.4	0.1	2.9	0.0	
3.29297	0.0	34523	7.6	-2.8	10.4	0.0	2.8	0.0	
3.29688	0.0	34523	7.6	-2.6	10.2	0.0	2.6	0.0	
3.30078	0.1	34523	7.6	-2.5	10.1	0.0	2.5	0.0	
3.30469	0.1	34523	7.6	-2.5	10.1	0.1	2.6	0.0	
3.30859	0.3	34523	7.6	-2.5	10.1	0.1	2.6	0.0	
3.31250	0.4	34523	7.6	-2.4	10.0	0.1	2.5	0.0	
3.31641	0.3	34523	7.8	-2.4	10.2	0.1	2.5	0.0	
3.32031	-0.1	34523	8.0	-2.4	10.4	0.0	2.4	0.0	
3.32422	-0.3	34523	7.9	-2.4	10.3	0.0	2.4	0.0	
3.32812	-0.3	34523	7.8	-2.3	10.1	-0.1	2.2	0.0	
3.33203	-0.1	34523	7.9	-2.1	10.0	0.0	2.1	0.0	
3.33594	0.0	34523	8.0	-2.1	10.1	0.0	2.1	0.0	
3.33984	0.0	34523	8.0	-2.1	10.1	0.1	2.2	0.0	
3.34375	0.0	34523	8.0	-2.1	10.1	0.1	2.2	0.0	
3.34766	0.0	34523	8.0	-2.1	10.1	0.1	2.2	0.0	
3.35156	0.0	34523	8.0	-2.1	10.1	0.1	2.2	0.0	
3.35547	-0.3	34523	8.0	-2.0	10.0	0.1	2.1	0.0	
3.35938	-0.9	34523	8.0	-1.9	9.9	0.1	2.0	0.0	
3.36328	-1.0	34523	8.0	-1.8	9.8	0.1	1.9	0.0	
3.36719	-0.5	34522	8.0	-1.8	9.8	0.1	1.9	0.0	
3.37109	-0.1	34522	8.0	-1.8	9.8	0.1	1.9	0.0	
3.37500	0.0	34522	8.0	-1.8	9.8	0.1	1.9	0.0	
3.37891	0.0	34522	8.0	-1.8	9.8	0.1	1.9	0.0	
3.38281	0.0	34522	8.0	-1.6	9.6	0.1	1.7	0.0	
3.38672	-0.4	34522	8.3	-1.5	9.8	0.1	1.6	0.0	
3.39062	-0.5	34522	8.3	-1.5	9.8	0.1	1.6	0.0	
3.39453	-0.3	34522	8.1	-1.4	9.5	0.1	1.5	0.0	
3.39844	0.0	34522	8.3	-1.4	9.7	0.1	1.5	0.0	
3.40234	0.0	34522	8.3	-1.4	9.7	0.1	1.5	0.0	
3.40625	-0.3	34522	8.3	-1.4	9.7	0.1	1.5	0.0	
3.41016	-0.3	34522	8.3	-1.4	9.7	0.1	1.5	0.0	
3.41406	-0.1	34522	8.1	-1.1	9.2	0.1	1.2	0.0	
3.41797	0.0	34522	8.1	-1.1	9.2	0.1	1.2	0.0	
3.42188	0.3	34522	8.3	-1.1	9.4	0.0	1.1	0.0	
3.42578	0.3	34522	8.4	-1.0	9.4	0.0	1.0	0.0	
3.42969	0.3	34522	8.5	-0.9	9.4	0.0	0.9	0.0	
3.43359	0.3	34522	8.5	-0.9	9.4	0.1	1.0	0.0	
3.43750	0.1	34522	8.5	-0.9	9.4	0.1	1.0	0.0	
3.44141	0.0	34522	8.4	-0.9	9.3	0.1	1.0	0.0	
3.44531	0.0	34522	8.4	-0.9	9.3	0.1	1.0	0.0	
3.44922	0.0	34522	8.3	-1.0	9.3	0.1	1.1	0.0	
3.45312	0.0	34522	8.1	-1.1	9.2	0.1	1.2	0.0	
3.45703	0.4	34522	8.1	-1.3	9.4	0.1	1.4	0.0	
3.46094	0.8	34523	8.1	-1.3	9.4	0.1	1.4	0.0	
3.46484	1.0	34523	8.1	-1.3	9.4	0.1	1.4	0.0	
3.46875	1.1	34523	8.1	-1.3	9.4	0.0	1.3	0.0	
3.47266	1.3	34523	8.1	-1.3	9.4	0.0	1.3	0.0	
3.47656	1.0	34523	8.1	-1.4	9.5	0.0	1.4	0.0	
3.48047	0.3	34523	8.1	-1.6	9.7	0.1	1.7	0.0	
3.48438	-0.8	34523	8.1	-1.6	9.7	0.1	1.7	0.0	
3.48828	-1.3	34523	8.0	-1.6	9.6	0.1	1.7	0.0	
3.49219	-0.9	34523	7.9	-1.6	9.5	0.1	1.7	0.0	
3.49609	-0.4	34523	8.0	-1.8	9.8	0.1	1.9	0.0	
3.50000	-0.4	34523	8.0	-2.0	10.0	0.1	2.1	0.0	
3.50391	-0.8	34523	8.0	-2.0	10.0	0.0	2.0	0.0	
3.50781	-1.1	34522	8.0	-1.9	9.9	0.0	1.9	0.0	
3.51172	-1.6	34522	8.0	-2.0	10.0	0.0	2.0	0.0	
3.51562	-2.0	34522	8.0	-2.1	10.1	0.1	2.2	0.0	
3.51953	-1.6	34522	8.3	-2.1	10.4	0.1	2.2	0.0	
3.52344	-0.9	34522	8.4	-2.1	10.5	0.1	2.2	0.0	
3.52734	-0.3	34522	8.4	-2.3	10.7	0.1	2.4	0.0	
3.53125	0.0	34522	8.3	-2.4	10.7	0.1	2.5	0.0	
3.53516	0.0	34522	8.4	-2.5	10.9	0.1	2.6	0.0	
3.53906	0.0	34522	8.5	-2.5	11.0	0.1	2.6	0.0	
3.54297	0.0	34522	8.5	-2.4	10.9	0.1	2.5	0.0	
3.54688	0.0	34522	8.5	-2.3	10.8	0.1	2.4	0.0	
3.55078	0.0	34522	8.5	-2.3	10.8	0.1	2.4	0.0	
3.55469	0.3	34522	8.6	-2.3	10.9	0.1	2.4	0.0	
3.55859	0.4	34522	8.6	-2.3	10.9	0.1	2.4	0.0	
3.56250	0.6	34522	8.6	-2.3	10.9	0.1	2.4	0.0	
3.56641	0.9	34522	8.8	-2.3	11.1	0.1	2.4	0.0	
3.57031	1.0	34522	8.9	-2.3	11.2	0.1	2.4	0.0	
3.57422	1.4	34522	8.8	-2.1	10.9	0.1	2.2	0.0	
3.57812	1.4	34522	8.8	-2.1	10.9	0.1	2.2	0.0	
3.58203	0.9	34522	8.8	-2.1	10.9	0.1	2.2	0.0	
3.58594	0.4	34523	8.9	-2.1	11.0	0.1	2.2	0.0	
3.58984	0.0	34523	8.9	-2.1	11.0	0.1	2.2	0.0	
3.59375	0.0	34523	8.8	-2.1	10.9	0.1	2.2	0.0	
3.59766	0.0	34523	8.6	-2.1	10.7	0.1	2.2	0.0	
3.60156	0.0	34523	8.5	-2.1	10.6	0.1	2.2	0.0	
3.60547	-0.3	34523	8.6	-2.1	10.7	0.1	2.2	0.0	
3.60938	-0.8	34522	8.6	-2.1	10.7	0.1	2.2	0.0	
3.61328	-0.8	34522	8.6	-2.1	10.7	0.1	2.2	0.0	
3.61719	-0.4	34522	8.6	-2.1	10.7	0.1	2.2	0.0	
3.62109	-0.1	34522	8.6	-2.1	10.7	0.1	2.2	0.0	
3.62500	-0.1	34522	8.6	-2.1	10.7	0.1	2.2	0.0	
3.62891	-0.1	34522	8.5	-2.3	10.8	0.1	2.4	0.0	
3.63281	0.1	34522	8.5	-2.3	10.8	0.1	2.4	0.0	
3.63672	0.3	34522	8.5	-2.3	10.8	0.1	2.4	0.0	
3.64062	0.0	34522	8.5	-2.3	10.8	0.1	2.4	0.0	
3.64453	-0.6	34522	8.5	-2.3	10.8	0.1	2.4	0.0	
3.64844	-1.0	34522	8.5	-2.3	10.8	0.1	2.4	0.0	
3.65234	-1.1	34522	8.6	-2.3	10.9	0.1	2.4	0.0	
3.65625	-1.1	34522	8.8	-2.4	11.2	0.1	2.5	0.0	
3.66016	-0.6	34522	8.9	-2.4	11.3	0.0	2.4	0.0	
3.66406	-0.1	34522	8.8	-2.4	11.2	0.0	2.4	0.0	
3.66797	0.0	34522	8.8	-2.4	11.2	0.0	2.4	0.0	
3.67188	0.0	34522	8.8	-2.5	11.3	0.1	2.6	0.0	
3.67578	0.0	34522	8.6	-2.4	11.0	0.1	2.5	0.0	
3.67969	-0.3	34522	8.6	-2.4	11.0	0.1	2.5	0.0	
3.68359	-0.9	34522	8.6	-2.4	11.0	0.1	2.5	0.0	
3.68750	-1.0	34522	8.6	-2.5	11.1	0.1	2.6	0.0	
3.69141	-0.9	34522	8.8	-2.5	11.3	0.1	2.6	0.0	
3.69531	-1.0	34522	8.9	-2.5	11.4	0.0	2.5	0.0	
3.69922	-0.9	34522	8.9	-2.5	11.4	0.0	2.5	0.0	
3.70312	-0.4	34522	8.9	-2.5	11.4	0.0	2.5	0.0	
3.70703	0.0	34522	8.9	-2.5	11.4	0.1	2.6	0.0	
3.71094	0.0	34522	8.9	-2.5	11.4	0.0	2.5	0.0	
3.71484	0.0	34522	8.8	-2.5	11.3	0.0	2.5	0.0	
3.71875	0.0	34522	8.8	-2.5	11.3	0.0	2.5	0.0	
3.72266	0.0	34522	8.8	-2.5	11.3	0.0	2.5	0.0	
3.72656	0.0	34522	8.8	-2.5	11.3	0.1	2.6	0.0	
3.73047	0.0	34522	8.8	-2.5	11.3	0.1	2.6	0.0	
3.73438	-0.3	34522	8.8	-2.5	11.3	0.1	2.6	0.0	
3.73828	-0.5	34522	8.6	-2.5	11.1	0.1	2.6	0.0	
3.74219	-0.4	34522	8.5	-2.5	11.0	0.1	2.6	0.0	
3.74609	-0.3	34522	8.5	-2.5	11.0	0.1	2.6	0.0	
3.75000	0.0	34522	8.5	-2.5	11.0	0.0	2.5	0.0	
3.75391	0.3	34522	8.5	-2.5	11.0	0.0	2.5	0.0	
3.75781	0.4	34522	8.5	-2.5	11.0	0.0	2.5	0.0	
3.76172	0.3	34522	8.5	-2.5	11.0	0.0	2.5	0.0	
3.76562	0.0	34522	8.5	-2.5	11.0	0.0	2.5	0.0	
3.76953	0.0	34522	8.5	-2.5	11.0	0.1	2.6	0.0	
3.77344	0.0	34522	8.5	-2.5	11.0	0.1	2.6	0.0	
3.77734	0.0	34522	8.5	-2.5	11.0	0.1	2.6	0.0	
3.78125	0.0	34522	8.6	-2.5	11.1	0.1	2.6	0.0	
3.78516	0.0	34522	8.8	-2.5	11.3	0.1	2.6	0.0	
3.78906	0.1	34522	8.9	-2.5	11.4	0.1	2.6	0.0	
3.79297	0.5	34522	8.9	-2.5	11.4	0.1	2.6	0.0	
3.79688	0.6	34522	8.8	-2.5	11.3	0.1	2.6	0.0	
3.80078	0.4	34522	8.8	-2.5	11.3	0.1	2.6	0.0	
3.80469	0.1	34522	8.8	-2.5	11.3	0.1	2.6	0.0	
3.80859	0.3	34522	8.9	-2.4	11.3	0.1	2.5	0.0	
3.81250	0.6	34522	8.8	-2.3	11.1	0.1	2.4	0.0	
3.81641	1.1	34522	8.8	-2.1	10.9	0.1	2.2	0.0	
3.82031	1.0	34522	8.8	-2.1	10.9	0.1	2.2	0.0	
3.82422	0.9	34522	8.9	-2.1	11.0	0.1	2.2	0.0	
3.82812	1.1	34522	8.9	-2.1	11.0	0.1	2.2	0.0	
3.83203	1.5	34522	8.9	-2.1	11.0	0.1	2.2	0.0	
3.83594	1.6	34522	8.9	-2.1	11.0	0.1	2.2	0.0	
3.83984	1.6	34522	8.9	-2.1	11.0	0.1	2.2	0.0	
3.84375	1.6	34523	8.9	-2.1	11.0	0.1	2.2	0.0	
3.84766	1.5	34523	8.9	-2.1	11.0	0.1	2.2	0.0	
3.85156	1.4	34523	8.8	-2.1	10.9	0.1	2.2	0.0	
3.85547	0.6	34523	8.6	-2.1	10.7	0.1	2.2	0.0	
3.85938	-0.4	34523	8.6	-2.1	10.7	0.1	2.2	0.0	
3.86328	-0.9	34523	8.8	-2.1	10.9	0.1	2.2	0.0	
3.86719	-0.6	34523	8.9	-2.1	11.0	0.1	2.2	0.0	
3.87109	-0.4	34523	8.8	-2.0	10.8	0.1	2.1	0.0	
3.87500	-0.1	34523	8.8	-2.0	10.8	0.1	2.1	0.0	
3.87891	-0.3	34523	8.8	-1.9	10.7	0.1	2.0	0.0	
3.88281	-0.3	34523	8.9	-1.8	10.7	0.0	1.8	0.0	
3.88672	-0.1	34523	8.9	-1.8	10.7	0.0	1.8	0.0	
3.89062	0.0	34523	8.9	-1.8	10.7	0.0	1.8	0.0	
3.89453	0.3	34523	8.9	-1.8	10.7	0.1	1.9	0.0	
3.89844	0.3	34523	8.9	-1.8	10.7	0.1	1.9	0.0	
3.90234	0.4	34523	8.9	-1.8	10.7	0.1	1.9	0.0	
3.90625	0.5	34523	8.9	-1.8	10.7	0.1	1.9	0.0	
3.91016	0.5	34523	8.9	-1.8	10.7	0.1	1.9	0.0	
3.91406	0.3	34523	8.9	-1.8	10.7	0.1	1.9	0.0	
3.91797	0.1	34523	8.8	-1.8	10.6	0.1	1.9	0.0	
3.92188	0.1	34523	8.8	-1.8	10.6	0.1	1.9	0.0	
3.92578	0.4	34523	8.8	-1.8	10.6	0.1	1.9	0.0	
3.92969	0.5	34523	8.9	-1.8	10.7	0.1	1.9	0.0	
3.93359	0.4	34523	8.8	-1.8	10.6	0.1	1.9	0.0	
3.93750	0.5	34523	8.6	-1.6	10.2	0.1	1.7	0.0	
3.94141	0.6	34523	8.6	-1.4	10.0	0.1	1.5	0.0	
3.94531	0.5	34523	8.8	-1.4	10.2	0.1	1.5	0.0	
3.94922	0.3	34523	8.9	-1.4	10.3	0.1	1.5	0.0	
3.95312	0.0	34523	8.9	-1.4	10.3	0.1	1.5	0.0	
3.95703	0.0	34523	8.9	-1.4	10.3	0.1	1.5	0.0	
3.96094	0.0	34523	8.9	-1.5	10.4	0.1	1.6	0.0	
3.96484	0.0	34523	8.9	-1.4	10.3	0.1	1.5	0.0	
3.96875	0.0	34523	8.9	-1.4	10.3	0.1	1.5	0.0	
3.97266	0.0	34523	8.9	-1.4	10.3	0.1	1.5	0.0	
3.97656	0.0	34523	8.9	-1.4	10.3	0.1	1.5	0.0	
3.98047	-0.3	34523	8.9	-1.4	10.3	0.1	1.5	0.0	
3.98438	-0.9	34523	8.9	-1.4	10.3	0.1	1.5	0.0	
3.98828	-1.0	34523	8.9	-1.4	10.3	0.1	1.5	0.0	
3.99219	-0.6	34523	8.9	-1.4	10.3	0.1	1.5	0.0	
3.99609	-0.3	34523	8.9	-1.4	10.3	0.1	1.5	0.0	
4.00000	0.0	34523	8.9	-1.4	10.3	0.1	1.5	0.0	
4.00391	-0.1	34523	8.8	-1.5	10.3	0.1	1.6	0.0	
4.00781	-0.1	34523	8.6	-1.4	10.0	0.1	1.5	0.0	
4.01172	0.0	34523	8.6	-1.4	10.0	0.1	1.5	0.0	
4.01562	0.1	34523	8.8	-1.4	10.2	0.1	1.5	0.0	
4.01953	0.1	34523	8.9	-1.4	10.3	0.1	1.5	0.0	
4.02344	0.3	34523	8.9	-1.4	10.3	0.1	1.5	0.0	
4.02734	0.6	34523	8.9	-1.4	10.3	0.1	1.5	0.0	
4.03125	0.9	34523	8.9	-1.4	10.3	0.1	1.5	0.0	
4.03516	0.8	34523	8.9	-1.4	10.3	0.1	1.5	0.0	
4.03906	0.5	34523	8.9	-1.4	10.3	0.1	1.5	0.0	
4.04297	0.3	34523	8.9	-1.4	10.3	0.1	1.5	0.0	
4.04688	0.0	34523	8.9	-1.4	10.3	0.1	1.5	0.0	
4.05078	0.0	34523	8.9	-1.4	10.3	0.1	1.5	0.0	
4.05469	0.0	34523	8.9	-1.4	10.3	0.1	1.5	0.0	
4.05859	0.1	34523	8.9	-1.1	10.0	0.1	1.2	0.0	
4.06250	0.1	34523	8.9	-1.0	9.9	0.1	1.1	0.0	
4.06641	0.4	34523	8.9	-1.0	9.9	0.1	1.1	0.0	
4.07031	0.5	34523	8.9	-1.3	10.2	0.1	1.4	0.0	
4.07422	0.5	34523	8.9	-1.3	10.2	0.1	1.4	0.0	
4.07812	0.3	34523	8.9	-1.1	10.0	0.1	1.2	0.0	
4.08203	0.0	34523	8.9	-1.1	10.0	0.1	1.2	0.0	
4.08594	0.0	34523	8.9	-1.3	10.2	0.1	1.4	0.0	
4.08984	0.0	34523	9.0	-1.3	10.3	0.1	1.4	0.0	
4.09375	0.0	34523	9.0	-1.1	10.1	0.1	1.2	0.0	
4.09766	0.0	34523	9.0	-1.0	10.0	0.1	1.1	0.0	
4.10156	0.0	34523	8.9	-0.9	9.8	0.1	1.0	0.0	
4.10547	-0.3	34523	8.9	-0.9	9.8	0.1	1.0	0.0	
4.10938	-0.9	34523	8.9	-0.9	9.8	0.1	1.0	0.0	
4.11328	-1.0	34523	9.0	-0.9	9.9	0.1	1.0	0.0	
4.11719	-0.6	34523	9.0	-0.9	9.9	0.1	1.0	0.0	
4.12109	-0.3	34523	9.0	-0.9	9.9	0.1	1.0	0.0	
4.12500	-0.1	34523	8.9	-0.9	9.8	0.1	1.0	0.0	
4.12891	0.0	34523	8.9	-0.9	9.8	0.1	1.0	0.0	
4.13281	0.0	34523	9.0	-0.9	9.9	0.1	1.0	0.0	
4.13672	0.1	34523	9.1	-0.9	10.0	0.1	1.0	0.0	
4.14062	0.3	34523	9.3	-0.9	10.2	0.1	1.0	0.0	
4.14453	0.6	34523	9.1	-0.9	10.0	0.1	1.0	0.0	
4.14844	0.9	34523	9.1	-0.9	10.0	0.1	1.0	0.0	
4.15234	0.8	34523	9.1	-0.9	10.0	0.1	1.0	0.0	
4.15625	0.4	34523	9.3	-0.9	10.2	0.1	1.0	0.0	
4.16016	0.0	34523	9.3	-0.9	10.2	0.1	1.0	0.0	
4.16406	-0.4	34523	9.3	-0.9	10.2	0.1	1.0	0.0	
4.16797	-0.4	34523	9.3	-0.9	10.2	0.1	1.0	0.0	
4.17188	0.0	34523	9.3	-0.9	10.2	0.1	1.0	0.0	
4.17578	0.5	34523	9.1	-0.9	10.0	0.1	1.0	0.0	
4.17969	1.0	34523	9.0	-0.8	9.8	0.1	0.9	0.0	
4.18359	1.1	34523	9.0	-0.8	9.8	0.1	0.9	0.0	
4.18750	0.9	34523	9.1	-0.8	9.9	0.1	0.9	0.0	
4.19141	0.6	34523	9.1	-0.6	9.7	0.1	0.7	0.0	
4.19531	0.6	34523	9.0	-0.5	9.5	0.1	0.6	0.0	
4.19922	1.0	34523	9.0	-0.5	9.5	0.1	0.6	0.0	
4.20312	1.3	34523	9.0	-0.5	9.5	0.1	0.6	0.0	
4.20703	1.1	34524	9.0	-0.5	9.5	0.1	0.6	0.0	
4.21094	1.0	34524	8.9	-0.5	9.4	0.1	0.6	0.0	
4.21484	1.0	34524	9.0	-0.5	9.5	0.1	0.6	0.0	
4.21875	0.9	34524	9.1	-0.6	9.7	0.0	0.6	0.0	
4.22266	0.9	34524	9.3	-0.6	9.9	0.0	0.6	0.0	
4.22656	0.9	34524	9.3	-0.6	9.9	0.0	0.6	0.0	
4.23047	0.3	34524	9.3	-0.5	9.8	0.1	0.6	0.0	
4.23438	-0.5	34524	9.3	-0.5	9.8	0.1	0.6	0.0	
4.23828	-0.9	34524	9.3	-0.5	9.8	0.1	0.6	0.0	
4.24219	-0.8	34524	9.3	-0.5	9.8	0.1	0.6	0.0	
4.24609	-0.4	34524	9.3	-0.5	9.8	0.1	0.6	0.0	
4.25000	-0.1	34524	9.3	-0.5	9.8	0.1	0.6	0.0	
4.25391	0.0	34524	9.3	-0.5	9.8	0.1	0.6	0.0	
4.25781	0.1	34524	9.3	-0.5	9.8	0.1	0.6	0.0	
4.26172	0.3	34524	9.3	-0.5	9.8	0.1	0.6	0.0	
4.26562	0.4	34524	9.3	-0.5	9.8	0.1	0.6	0.0	
4.26953	0.4	34524	9.3	-0.5	9.8	0.1	0.6	0.0	
4.27344	0.5	34524	9.3	-0.5	9.8	0.1	0.6	0.0	
4.27734	0.6	34524	9.3	-0.5	9.8	0.1	0.6	0.0	
4.28125	0.6	34524	9.3	-0.5	9.8	0.1	0.6	0.0	
4.28516	0.4	34524	9.3	-0.5	9.8	0.1	0.6	0.0	
4.28906	0.1	34524	9.3	-0.5	9.8	0.1	0.6	0.0	
4.29297	0.3	34524	9.3	-0.5	9.8	0.1	0.6	0.0	
4.29688	0.8	34524	9.3	-0.5	9.8	0.1	0.6	0.0	
4.30078	1.0	34524	9.3	-0.5	9.8	0.1	0.6	0.0	
4.30469	0.8	34524	9.3	-0.5	9.8	0.0	0.5	0.0	
4.30859	0.4	34524	9.3	-0.5	9.8	0.0	0.5	0.0	
4.31250	0.0	34524	9.3	-0.5	9.8	0.0	0.5	0.0	
4.31641	0.0	34524	9.3	-0.5	9.8	0.1	0.6	0.0	
4.32031	0.0	34524	9.3	-0.5	9.8	0.1	0.6	0.0	
4.32422	0.0	34524	9.3	-0.5	9.8	0.1	0.6	0.0	
4.32812	0.0	34524	9.3	-0.5	9.8	0.1	0.6	0.0	
4.33203	0.0	34524	9.4	-0.5	9.9	0.1	0.6	0.0	
4.33594	0.0	34524	9.5	-0.5	10.0	0.1	0.6	0.0	
4.33984	0.0	34524	9.5	-0.4	9.9	0.1	0.5	0.0	
4.34375	0.0	34524	9.4	-0.4	9.8	0.1	0.5	0.0	
4.34766	0.0	34524	9.4	-0.4	9.8	0.1	0.5	0.0	
4.35156	0.0	34524	9.5	-0.5	10.0	0.1	0.6	0.0	
4.35547	-0.3	34524	9.5	-0.4	9.9	0.1	0.5	0.0	
4.35938	-0.9	34524	9.6	-0.3	9.9	0.1	0.4	0.0	
4.36328	-1.3	34524	9.5	-0.1	9.6	0.1	0.2	0.0	
4.36719	-1.0	34524	9.4	-0.1	9.5	0.1	0.2	0.0	
4.37109	-0.3	34524	9.4	-0.1	9.5	0.1	0.2	0.0	
4.37500	0.6	34524	9.6	-0.1	9.7	0.1	0.2	0.0	
4.37891	1.4	34524	9.6	-0.1	9.7	0.1	0.2	0.0	
4.38281	1.6	34524	9.6	-0.1	9.7	0.1	0.2	0.0	
4.38672	1.9	34524	9.6	-0.1	9.7	0.1	0.2	0.0	
4.39062	2.3	34524	9.6	-0.1	9.7	0.1	0.2	0.0	
4.39453	2.1	34525	9.6	-0.1	9.7	0.1	0.2	0.0	
4.39844	1.9	34525	9.6	-0.1	9.7	0.1	0.2	0.0	
4.40234	1.8	34525	9.5	-0.1	9.6	0.1	0.2	0.0	
4.40625	1.3	34525	9.5	-0.1	9.6	0.1	0.2	0.0	
4.41016	0.6	34525	9.6	-0.1	9.7	0.1	0.2	0.0	
4.41406	0.3	34525	9.6	-0.1	9.7	0.1	0.2	0.0	
4.41797	0.1	34525	9.6	0.0	9.6	0.1	0.1	0.0	
4.42188	0.0	34525	9.6	0.0	9.6	0.1	0.1	0.0	
4.42578	0.0	34525	9.6	0.0	9.6	0.1	0.1	0.0	
4.42969	0.0	34525	9.6	0.0	9.6	0.1	0.1	0.0	
4.43359	0.0	34525	9.6	0.0	9.6	0.1	0.1	0.0	
4.43750	0.0	34525	9.6	0.1	9.5	0.1	0.0	0.0	
4.44141	0.1	34525	9.6	0.1	9.5	0.1	0.0	0.0	
4.44531	0.1	34525	9.6	0.1	9.5	0.1	0.0	0.0	
4.44922	0.1	34525	9.6	0.1	9.5	0.1	0.0	0.0	
4.45312	0.3	34525	9.6	0.1	9.5	0.1	0.0	0.0	
4.45703	0.3	34525	9.6	0.1	9.5	0.1	0.0	0.0	
4.46094	0.3	34525	9.8	0.1	9.7	0.1	0.0	0.0	
4.46484	0.3	34525	9.8	0.1	9.7	0.1	0.0	0.0	
4.46875	0.4	34525	9.5	0.0	9.5	0.1	0.1	0.0	
4.47266	0.4	34525	9.5	0.0	9.5	0.1	0.1	0.0	
4.47656	0.3	34525	9.5	0.0	9.5	0.1	0.1	0.0	
4.48047	0.0	34525	9.4	0.0	9.4	0.1	0.1	0.0	
4.48438	-0.8	34525	9.3	-0.1	9.4	0.1	0.2	0.0	
4.48828	-0.8	34525	9.3	-0.1	9.4	0.1	0.2	0.0	
4.49219	-0.3	34525	9.3	-0.3	9.6	0.1	0.4	0.0	
4.49609	0.1	34525	9.3	-0.4	9.7	0.1	0.5	0.0	
4.50000	0.4	34525	9.3	-0.5	9.8	0.1	0.6	0.0	
4.50391	0.6	34525	9.3	-0.5	9.8	0.1	0.6	0.0	
4.50781	0.6	34525	9.1	-0.5	9.6	0.1	0.6	0.0	
4.51172	0.4	34525	9.1	-0.6	9.7	0.1	0.7	0.0	
4.51562	0.1	34525	9.1	-0.6	9.7	0.1	0.7	0.0	
4.51953	0.0	34525	9.1	-0.6	9.7	0.1	0.7	0.0	
4.52344	-0.3	34525	9.1	-0.8	9.9	0.1	0.9	0.0	
4.52734	-0.9	34525	9.1	-0.9	10.0	0.1	1.0	0.0	
4.53125	-1.1	34525	9.3	-0.9	10.2	0.1	1.0	0.0	
4.53516	-1.0	34525	9.3	-1.0	10.3	0.1	1.1	0.0	
4.53906	-0.6	34525	9.3	-1.0	10.3	0.1	1.1	0.0	
4.54297	-0.4	34525	9.3	-1.0	10.3	0.1	1.1	0.0	
4.54688	0.0	34525	9.3	-1.0	10.3	0.1	1.1	0.0	
4.55078	0.1	34525	9.3	-1.1	10.4	0.1	1.2	0.0	
4.55469	0.3	34525	9.4	-1.1	10.5	0.1	1.2	0.0	
4.55859	0.1	34525	9.5	-1.3	10.8	0.1	1.4	0.0	
4.56250	0.0	34525	9.6	-1.3	10.9	0.1	1.4	0.0	
4.56641	0.0	34525	9.6	-1.3	10.9	0.1	1.4	0.0	
4.57031	0.0	34525	9.6	-1.3	10.9	0.1	1.4	0.0	
4.57422	0.0	34525	9.6	-1.3	10.9	0.1	1.4	0.0	
4.57812	0.1	34525	9.6	-1.3	10.9	0.1	1.4	0.0	
4.58203	0.5	34525	9.6	-1.3	10.9	0.1	1.4	0.0	
4.58594	1.1	34525	9.6	-1.3	10.9	0.1	1.4	0.0	
4.58984	1.4	34525	9.6	-1.3	10.9	0.1	1.4	0.0	
4.59375	1.5	34525	9.8	-1.3	11.1	0.1	1.4	0.0	
4.59766	1.6	34525	10.0	-1.3	11.3	0.1	1.4	0.0	
4.60156	1.6	34525	9.9	-1.3	11.2	0.1	1.4	0.0	
4.60547	1.5	34525	9.8	-1.3	11.1	0.1	1.4	0.0	
4.60938	0.8	34526	9.8	-1.3	11.1	0.1	1.4	0.0	
4.61328	0.0	34526	9.8	-1.3	11.1	0.1	1.4	0.0	
4.61719	-0.4	34526	9.8	-1.4	11.2	0.1	1.5	0.0	
4.62109	-0.4	34525	9.8	-1.4	11.2	0.1	1.5	0.0	
4.62500	-0.1	34525	9.8	-1.4	11.2	0.1	1.5	0.0	
4.62891	0.0	34525	9.8	-1.4	11.2	0.1	1.5	0.0	
4.63281	0.0	34525	9.8	-1.4	11.2	0.1	1.5	0.0	
4.63672	-0.1	34525	9.8	-1.4	11.2	0.1	1.5	0.0	
4.64062	0.0	34525	9.8	-1.4	11.2	0.1	1.5	0.0	
4.64453	0.0	34525	9.8	-1.4	11.2	0.1	1.5	0.0	
4.64844	0.0	34525	9.8	-1.4	11.2	0.1	1.5	0.0	
4.65234	0.0	34525	9.8	-1.4	11.2	0.1	1.5	0.0	
4.65625	0.0	34525	9.8	-1.6	11.4	0.1	1.7	0.0	
4.66016	0.0	34525	9.8	-1.6	11.4	0.0	1.6	0.0	
4.66406	0.0	34525	9.8	-1.6	11.4	0.0	1.6	0.0	
4.66797	0.0	34525	9.8	-1.6	11.4	0.0	1.6	0.0	
4.67188	0.0	34525	9.8	-1.6	11.4	0.1	1.7	0.0	
4.67578	0.0	34525	9.8	-1.6	11.4	0.1	1.7	0.0	
4.67969	0.0	34525	9.8	-1.6	11.4	0.1	1.7	0.0	
4.68359	0.0	34525	9.8	-1.6	11.4	0.1	1.7	0.0	
4.68750	0.0	34525	9.8	-1.6	11.4	0.1	1.7	0.0	
4.69141	0.3	34525	9.8	-1.6	11.4	0.1	1.7	0.0	
4.69531	0.8	34526	9.8	-1.6	11.4	0.1	1.7	0.0	
4.69922	1.0	34526	9.8	-1.6	11.4	0.1	1.7	0.0	
4.70312	0.6	34526	9.8	-1.6	11.4	0.1	1.7	0.0	
4.70703	0.3	34526	9.8	-1.6	11.4	0.1	1.7	0.0	
4.71094	0.0	34526	9.9	-1.6	11.5	0.1	1.7	0.0	
4.71484	0.0	34526	9.8	-1.8	11.6	0.1	1.9	0.0	
4.71875	0.0	34526	9.8	-1.8	11.6	0.1	1.9	0.0	
4.72266	0.0	34526	9.8	-1.8	11.6	0.1	1.9	0.0	
4.72656	0.0	34526	9.8	-1.8	11.6	0.1	1.9	0.0	
4.73047	-0.3	34526	9.8	-1.8	11.6	0.1	1.9	0.0	
4.73438	-0.9	34526	9.8	-1.8	11.6	0.1	1.9	0.0	
4.73828	-1.0	34526	9.8	-1.8	11.6	0.1	1.9	0.0	
4.74219	-0.5	34525	9.8	-1.8	11.6	0.1	1.9	0.0	
4.74609	0.0	34525	9.8	-1.8	11.6	0.1	1.9	0.0	
4.75000	0.0	34525	9.8	-1.8	11.6	0.1	1.9	0.0	
4.75391	0.0	34525	9.8	-1.8	11.6	0.1	1.9	0.0	
4.75781	0.0	34525	9.8	-1.8	11.6	0.1	1.9	0.0	
4.76172	0.0	34525	9.8	-1.8	11.6	0.1	1.9	0.0	
4.76562	-0.3	34525	9.8	-1.8	11.6	0.1	1.9	0.0	
4.76953	-0.4	34525	9.8	-1.8	11.6	0.1	1.9	0.0	
4.77344	-0.1	34525	9.8	-1.8	11.6	0.1	1.9	0.0	
4.77734	0.0	34525	9.8	-1.8	11.6	0.1	1.9	0.0	
4.78125	0.1	34525	9.8	-1.9	11.7	0.1	2.0	0.0	
4.78516	0.3	34525	9.8	-2.0	11.8	0.1	2.1	0.0	
4.78906	0.3	34525	9.8	-2.0	11.8	0.1	2.1	0.0	
4.79297	0.1	34525	9.8	-1.8	11.6	0.1	1.9	0.0	
4.79688	0.3	34526	9.8	-1.8	11.6	0.1	1.9	0.0	
4.80078	0.5	34526	9.8	-1.8	11.6	0.1	1.9	0.0	
4.80469	0.5	34526	9.8	-1.8	11.6	0.1	1.9	0.0	
4.80859	0.0	34526	9.8	-1.8	11.6	0.0	1.8	0.0	
4.81250	-0.3	34526	9.8	-1.8	11.6	0.0	1.8	0.0	
4.81641	-0.1	34526	9.8	-1.8	11.6	0.0	1.8	0.0	
4.82031	0.0	34526	9.8	-1.8	11.6	0.0	1.8	0.0	
4.82422	0.0	34526	9.8	-1.6	11.4	0.0	1.6	0.0	
4.82812	0.0	34526	9.8	-1.5	11.3	0.0	1.5	0.0	
4.83203	0.0	34526	9.8	-1.6	11.4	0.1	1.7	0.0	
4.83594	0.0	34526	9.8	-1.6	11.4	0.1	1.7	0.0	
4.83984	0.0	34526	9.8	-1.6	11.4	0.1	1.7	0.0	
4.84375	0.0	34526	9.8	-1.5	11.3	0.1	1.6	0.0	
4.84766	0.0	34526	9.8	-1.5	11.3	0.1	1.6	0.0	
4.85156	0.1	34526	9.8	-1.4	11.2	0.1	1.5	0.0	
4.85547	0.0	34526	9.8	-1.4	11.2	0.0	1.4	0.0	
4.85938	-0.4	34526	9.8	-1.4	11.2	0.0	1.4	0.0	
4.86328	-0.8	34525	9.8	-1.4	11.2	0.0	1.4	0.0	
4.86719	-0.5	34525	9.9	-1.4	11.3	0.1	1.5	0.0	
4.87109	0.0	34525	9.8	-1.4	11.2	0.1	1.5	0.0	
4.87500	0.5	34525	9.9	-1.4	11.3	0.1	1.5	0.0	
4.87891	0.8	34526	10.0	-1.4	11.4	0.1	1.5	0.0	
4.88281	0.6	34526	10.0	-1.1	11.1	0.1	1.2	0.0	
4.88672	0.3	34526	9.9	-1.0	10.9	0.1	1.1	0.0	
4.89062	0.0	34526	9.8	-0.9	10.7	0.1	1.0	0.0	
4.89453	0.0	34526	9.8	-1.0	10.8	0.1	1.1	0.0	
4.89844	0.0	34526	9.8	-1.3	11.1	0.1	1.4	0.0	
4.90234	0.0	34526	9.8	-1.1	10.9	0.1	1.2	0.0	
4.90625	0.0	34526	9.8	-1.0	10.8	0.1	1.1	0.0	
4.91016	0.0	34526	9.8	-0.9	10.7	0.1	1.0	0.0	
4.91406	0.0	34526	9.8	-0.9	10.7	0.1	1.0	0.0	
4.91797	0.0	34526	9.8	-0.9	10.7	0.1	1.0	0.0	
4.92188	0.0	34526	9.8	-0.9	10.7	0.1	1.0	0.0	
4.92578	0.0	34526	9.8	-0.9	10.7	0.1	1.0	0.0	
4.92969	0.0	34526	9.9	-0.9	10.8	0.1	1.0	0.0	
4.93359	0.0	34526	9.8	-0.9	10.7	0.1	1.0	0.0	
4.93750	0.0	34526	9.9	-0.9	10.8	0.1	1.0	0.0	
4.94141	0.1	34526	9.9	-0.8	10.7	0.1	0.9	0.0	
4.94531	0.0	34526	9.8	-0.6	10.4	0.1	0.7	0.0	
4.94922	-0.4	34526	9.8	-0.6	10.4	0.1	0.7	0.0	
4.95312	-0.5	34526	9.8	-0.6	10.4	0.1	0.7	0.0	
4.95703	-0.3	34526	9.9	-0.6	10.5	0.1	0.7	0.0	
4.96094	0.0	34526	9.8	-0.6	10.4	0.1	0.7	0.0	
4.96484	0.0	34526	9.8	-0.6	10.4	0.1	0.7	0.0	
4.96875	0.0	34526	9.8	-0.5	10.3	0.1	0.6	0.0	
4.97266	0.0	34526	10.0	-0.5	10.5	0.1	0.6	0.0	
4.97656	0.0	34526	9.9	-0.5	10.4	0.1	0.6	0.0	
4.98047	-0.3	34525	9.8	-0.5	10.3	0.1	0.6	0.0	
4.98438	-0.9	34525	9.9	-0.5	10.4	0.1	0.6	0.0	
4.98828	-1.1	34525	9.9	-0.5	10.4	0.1	0.6	0.0	
4.99219	-0.6	34525	9.8	-0.5	10.3	0.1	0.6	0.0	
4.99609	-0.3	34525	9.8	-0.5	10.3	0.1	0.6	0.0	
5.00000	0.0	34525	9.8	-0.5	10.3	0.1	0.6	0.0	
5.00391	0.0	34525	9.8	-0.5	10.3	0.1	0.6	0.0	
5.00781	0.0	34525	9.8	-0.5	10.3	0.1	0.6	0.0	
5.01172	0.0	34525	9.8	-0.5	10.3	0.1	0.6	0.0	
5.01562	0.0	34525	9.8	-0.5	10.3	0.1	0.6	0.0	
5.01953	0.0	34525	9.8	-0.5	10.3	0.1	0.6	0.0	
5.02344	0.1	34525	9.8	-0.4	10.2	0.1	0.5	0.0	
5.02734	0.5	34525	9.8	-0.3	10.1	0.1	0.4	0.0	
5.03125	0.8	34525	9.8	-0.3	10.1	0.1	0.4	0.0	
5.03516	0.8	34525	9.8	-0.4	10.2	0.1	0.5	0.0	
5.03906	0.5	34525	9.8	-0.5	10.3	0.1	0.6	0.0	
5.04297	0.3	34525	9.8	-0.5	10.3	0.1	0.6	0.0	
5.04688	0.0	34525	9.8	-0.5	10.3	0.1	0.6	0.0	
5.05078	-0.6	34525	9.8	-0.4	10.2	0.1	0.5	0.0	
5.05469	-1.3	34525	9.8	-0.4	10.2	0.1	0.5	0.0	
5.05859	-1.1	34525	9.8	-0.4	10.2	0.1	0.5	0.0	
5.06250	-0.6	34525	9.8	-0.5	10.3	0.1	0.6	0.0	
5.06641	-0.3	34525	9.8	-0.4	10.2	0.1	0.5	0.0	
5.07031	0.0	34525	9.8	-0.4	10.2	0.1	0.5	0.0	
5.07422	0.0	34525	9.8	-0.4	10.2	0.1	0.5	0.0	
5.07812	0.1	34525	9.8	-0.5	10.3	0.1	0.6	0.0	
5.08203	0.4	34525	9.8	-0.5	10.3	0.1	0.6	0.0	
5.08594	0.6	34525	9.8	-0.5	10.3	0.1	0.6	0.0	
5.08984	0.9	34525	9.8	-0.4	10.2	0.1	0.5	0.0	
5.09375	1.0	34525	9.8	-0.4	10.2	0.1	0.5	0.0	
5.09766	1.0	34526	9.8	-0.4	10.2	0.1	0.5	0.0	
5.10156	0.9	34526	9.8	-0.5	10.3	0.1	0.6	0.0	
5.10547	0.3	34526	9.8	-0.4	10.2	0.1	0.5	0.0	
5.10938	-0.5	34526	9.8	-0.3	10.1	0.0	0.3	0.0	
5.11328	-0.9	34525	9.8	-0.1	9.9	0.0	0.1	0.0	
5.11719	-0.6	34525	9.8	-0.1	9.9	0.0	0.1	0.0	
5.12109	-0.3	34525	9.8	-0.3	10.1	0.1	0.4	0.0	
5.12500	0.0	34525	9.8	-0.3	10.1	0.1	0.4	0.0	
5.12891	0.1	34525	9.9	-0.3	10.2	0.0	0.3	0.0	
5.13281	0.4	34525	9.8	-0.1	9.9	0.0	0.1	0.0	
5.13672	0.5	34525	9.8	-0.1	9.9	0.0	0.1	0.0	
5.14062	0.3	34526	9.8	-0.1	9.9	0.0	0.1	0.0	
5.14453	0.1	34526	9.9	-0.1	10.0	0.1	0.2	0.0	
5.14844	0.0	34526	9.8	-0.1	9.9	0.1	0.2	0.0	
5.15234	0.0	34526	9.8	-0.1	9.9	0.1	0.2	0.0	
5.15625	0.0	34526	9.8	-0.1	9.9	0.1	0.2	0.0	
5.16016	0.0	34526	9.8	-0.1	9.9	0.1	0.2	0.0	
5.16406	0.0	34526	9.8	-0.1	9.9	0.1	0.2	0.0	
5.16797	0.0	34526	9.8	-0.1	9.9	0.1	0.2	0.0	
5.17188	0.0	34526	9.8	-0.1	9.9	0.1	0.2	0.0	
5.17578	0.0	34526	9.8	-0.1	9.9	0.1	0.2	0.0	
5.17969	0.0	34526	9.9	-0.1	10.0	0.1	0.2	0.0	
5.18359	0.0	34526	9.9	-0.1	10.0	0.1	0.2	0.0	
5.18750	0.0	34526	10.0	-0.1	10.1	0.1	0.2	0.0	
5.19141	0.0	34526	10.0	-0.1	10.1	0.1	0.2	0.0	
5.19531	0.1	34526	10.0	0.0	10.0	0.1	0.1	0.0	
5.19922	0.5	34526	9.9	0.0	9.9	0.1	0.1	0.0	
5.20312	1.0	34526	10.0	0.0	10.0	0.1	0.1	0.0	
5.20703	1.4	34526	10.0	-0.1	10.1	0.1	0.2	0.0	
5.21094	1.8	34526	10.0	0.0	10.0	0.1	0.1	0.0	
5.21484	2.0	34526	10.0	0.0	10.0	0.1	0.1	0.0	
5.21875	2.0	34526	10.0	0.0	10.0	0.1	0.1	0.0	
5.22266	2.0	34526	10.0	0.0	10.0	0.1	0.1	0.0	
5.22656	2.0	34526	10.0	-0.1	10.1	0.1	0.2	0.0	
5.23047	1.6	34526	10.0	-0.1	10.1	0.0	0.1	0.0	
5.23438	1.1	34527	10.0	0.0	10.0	0.0	0.0	0.0	
5.23828	0.4	34527	9.8	0.0	9.8	0.0	0.0	0.0	
5.24219	0.0	34527	9.8	0.0	9.8	0.1	0.1	0.0	
5.24609	0.0	34527	9.9	0.0	9.9	0.1	0.1	0.0	
5.25000	0.0	34527	10.0	0.0	10.0	0.1	0.1	0.0	
5.25391	0.0	34527	10.0	0.0	10.0	0.1	0.1	0.0	
5.25781	0.0	34527	9.9	-0.1	10.0	0.1	0.2	0.0	
5.26172	0.0	34527	9.9	-0.1	10.0	0.1	0.2	0.0	
5.26562	0.0	34527	10.0	-0.1	10.1	0.1	0.2	0.0	
5.26953	0.1	34527	9.9	0.0	9.9	0.1	0.1	0.0	
5.27344	0.1	34527	9.9	0.0	9.9	0.1	0.1	0.0	
5.27734	0.0	34527	10.0	0.0	10.0	0.0	0.0	0.0	
5.28125	0.0	34527	10.0	0.0	10.0	0.0	0.0	0.0	
5.28516	0.0	34527	10.0	0.0	10.0	0.0	0.0	0.0	
5.28906	-0.1	34527	9.8	0.0	9.8	0.1	0.1	0.0	
5.29297	-0.6	34527	9.8	0.0	9.8	0.1	0.1	0.0	
5.29688	-0.8	34526	9.8	0.0	9.8	0.1	0.1	0.0	
5.30078	-0.5	34526	9.8	0.0	9.8	0.1	0.1	0.0	
5.30469	0.0	34526	9.8	-0.1	9.9	0.0	0.1	0.0	
