FluxView - FluxMed acquisition system
Signal file
Serial Number	:
W version:	1.20h-OX-CO2	File version:	1.13
Sampling rate:	256 Hz
Time	Flow	Volume	Paw	Pes	Ptpulm	Pga	Ptdiaf	CO2	
0.00391	0.1	-658	17.0	17.2	-0.2	17.2	0.0	17.2	
0.00781	0.0	-658	17.0	17.2	-0.2	17.2	0.0	17.2	
0.01172	-0.0	-658	17.0	17.2	-0.2	17.2	0.0	17.2	
0.01562	-0.1	-658	16.9	17.2	-0.3	17.2	0.0	17.2	
0.01953	-0.2	-658	16.9	17.2	-0.3	17.2	0.0	17.2	
0.02344	-0.3	-658	16.9	17.3	-0.4	17.3	0.0	17.3	
0.02734	-0.4	-659	16.9	17.3	-0.4	17.3	0.0	17.3	
0.03125	-0.5	-659	16.9	17.3	-0.4	17.3	0.0	17.3	
0.03516	-0.5	-659	16.9	17.3	-0.4	17.3	0.0	17.3	
0.03906	-0.6	-659	16.9	17.3	-0.4	17.3	0.0	17.3	
0.04297	-0.6	-659	16.9	17.3	-0.4	17.3	0.0	17.3	
0.04688	-0.7	-659	16.9	17.3	-0.4	17.3	0.0	17.3	
0.05078	-0.7	-659	16.9	17.3	-0.4	17.3	0.0	17.3	
0.05469	-0.7	-659	16.9	17.3	-0.4	17.3	0.0	17.3	
0.05859	-0.7	-659	16.9	17.3	-0.4	17.3	0.0	17.3	
0.06250	-0.6	-659	16.9	17.3	-0.4	17.3	0.0	17.3	
0.06641	-0.6	-659	17.0	17.4	-0.4	17.4	0.0	17.4	
0.07031	-0.6	-659	17.0	17.4	-0.4	17.4	0.0	17.4	
0.07422	-0.6	-659	17.0	17.4	-0.4	17.4	0.0	17.4	
0.07812	-0.6	-659	17.0	17.4	-0.4	17.4	0.0	17.4	
0.08203	-0.5	-659	17.0	17.4	-0.4	17.4	0.0	17.4	
0.08594	-0.5	-659	17.0	17.4	-0.4	17.4	0.0	17.4	
0.08984	-0.5	-659	17.0	17.4	-0.4	17.4	0.0	17.4	
0.09375	-0.5	-659	17.0	17.3	-0.3	17.3	0.0	17.3	
0.09766	-0.5	-659	17.0	17.4	-0.4	17.4	0.0	17.4	
0.10156	-0.5	-659	17.0	17.3	-0.3	17.3	0.0	17.3	
0.10547	-0.4	-659	17.0	17.3	-0.3	17.3	0.0	17.3	
0.10938	-0.5	-659	17.0	17.3	-0.3	17.3	0.0	17.3	
0.11328	-0.4	-659	17.0	17.3	-0.3	17.3	0.0	17.3	
0.11719	-0.5	-659	17.0	17.3	-0.3	17.3	0.0	17.3	
0.12109	-0.5	-659	17.0	17.3	-0.3	17.3	0.0	17.3	
0.12500	-0.5	-659	17.0	17.3	-0.3	17.3	0.0	17.3	
0.12891	-0.5	-659	17.0	17.3	-0.3	17.3	0.0	17.3	
0.13281	-0.5	-659	17.0	17.3	-0.3	17.3	0.0	17.3	
0.13672	-0.4	-660	17.0	17.3	-0.3	17.3	0.0	17.3	
0.14062	-0.5	-660	17.0	17.3	-0.3	17.3	0.0	17.3	
0.14453	-0.5	-660	16.9	17.3	-0.4	17.3	0.0	17.3	
0.14844	-0.5	-660	16.9	17.3	-0.4	17.3	0.0	17.3	
0.15234	-0.5	-660	16.9	17.3	-0.4	17.3	0.0	17.3	
0.15625	-0.5	-660	16.9	17.3	-0.4	17.3	0.0	17.3	
0.16016	-0.5	-660	16.9	17.3	-0.4	17.3	0.0	17.3	
0.16406	-0.5	-660	16.9	17.3	-0.4	17.3	0.0	17.3	
0.16797	-0.5	-660	16.9	17.3	-0.4	17.3	0.0	17.3	
0.17188	-0.5	-660	16.9	17.3	-0.4	17.3	0.0	17.3	
0.17578	-0.5	-660	16.9	17.3	-0.4	17.3	0.0	17.3	
0.17969	-0.5	-660	16.9	17.3	-0.4	17.3	0.0	17.3	
0.18359	-0.5	-660	16.9	17.3	-0.4	17.3	0.0	17.3	
0.18750	-0.6	-660	16.9	17.3	-0.4	17.3	0.0	17.3	
0.19141	-0.5	-660	16.9	17.3	-0.4	17.3	0.0	17.3	
0.19531	-0.5	-660	16.9	17.3	-0.4	17.3	0.0	17.3	
0.19922	-0.6	-660	16.9	17.3	-0.4	17.3	0.0	17.3	
0.20312	-0.5	-660	16.9	17.3	-0.4	17.3	0.0	17.3	
0.20703	-0.5	-660	16.9	17.3	-0.4	17.3	0.0	17.3	
0.21094	-0.5	-660	16.9	17.3	-0.4	17.3	0.0	17.3	
0.21484	-0.5	-660	16.9	17.3	-0.4	17.3	0.0	17.3	
0.21875	-0.5	-660	16.9	17.3	-0.4	17.3	0.0	17.3	
0.22266	-0.5	-660	16.9	17.3	-0.4	17.3	0.0	17.3	
0.22656	-0.5	-660	16.9	17.4	-0.5	17.4	0.0	17.4	
0.23047	-0.5	-660	16.9	17.4	-0.5	17.4	0.0	17.4	
0.23438	-0.5	-660	16.9	17.4	-0.5	17.4	0.0	17.4	
0.23828	-0.4	-660	16.9	17.4	-0.5	17.4	0.0	17.4	
0.24219	-0.4	-660	16.9	17.4	-0.5	17.4	0.0	17.4	
0.24609	-0.3	-660	16.8	17.4	-0.6	17.4	0.0	17.4	
0.25000	-0.3	-660	16.8	17.4	-0.6	17.4	0.0	17.4	
0.25391	-0.3	-660	16.8	17.4	-0.6	17.4	0.0	17.4	
0.25781	-0.2	-660	16.8	17.4	-0.6	17.4	0.0	17.4	
0.26172	-0.2	-660	16.7	17.4	-0.7	17.4	0.0	17.4	
0.26562	-0.2	-660	16.7	17.4	-0.7	17.4	0.0	17.4	
0.26953	-0.2	-661	16.7	17.4	-0.7	17.4	0.0	17.4	
0.27344	-0.3	-661	16.6	17.4	-0.8	17.4	0.0	17.4	
0.27734	-0.2	-661	16.6	17.4	-0.8	17.4	0.0	17.4	
0.28125	-0.3	-661	16.6	17.3	-0.7	17.3	0.0	17.3	
0.28516	-0.4	-661	16.6	17.3	-0.7	17.3	0.0	17.3	
0.28906	-0.4	-661	16.5	17.3	-0.8	17.3	0.0	17.3	
0.29297	-0.5	-661	16.5	17.2	-0.7	17.2	0.0	17.2	
0.29688	-0.6	-661	16.6	17.2	-0.6	17.2	0.0	17.2	
0.30078	-0.6	-661	16.6	17.2	-0.6	17.2	0.0	17.2	
0.30469	-0.7	-661	16.6	17.2	-0.6	17.2	0.0	17.2	
0.30859	-0.7	-661	16.6	17.1	-0.5	17.1	0.0	17.1	
0.31250	-0.8	-661	16.6	17.1	-0.5	17.1	0.0	17.1	
0.31641	-0.8	-661	16.7	17.1	-0.4	17.1	0.0	17.1	
0.32031	-0.8	-661	16.7	17.1	-0.4	17.1	0.0	17.1	
0.32422	-0.9	-661	16.8	17.1	-0.3	17.1	0.0	17.1	
0.32812	-0.9	-661	16.8	17.0	-0.2	17.0	0.0	17.0	
0.33203	-0.9	-661	16.8	17.0	-0.2	17.0	0.0	17.0	
0.33594	-0.8	-661	16.9	17.0	-0.1	17.0	0.0	17.0	
0.33984	-0.8	-661	16.9	17.0	-0.1	17.0	0.0	17.0	
0.34375	-0.7	-661	17.0	17.0	0.0	17.0	0.0	17.0	
0.34766	-0.7	-661	17.0	17.0	0.0	17.0	0.0	17.0	
0.35156	-0.6	-661	17.0	17.0	0.0	17.0	0.0	17.0	
0.35547	-0.6	-661	17.0	17.0	0.0	17.0	0.0	17.0	
0.35938	-0.5	-661	17.0	17.0	0.0	17.0	0.0	17.0	
0.36328	-0.5	-661	17.0	17.0	0.0	17.0	0.0	17.0	
0.36719	-0.5	-662	17.0	17.0	0.0	17.0	0.0	17.0	
0.37109	-0.4	-662	17.0	17.0	0.0	17.0	0.0	17.0	
0.37500	-0.4	-662	17.0	17.0	0.0	17.0	0.0	17.0	
0.37891	-0.4	-662	17.0	17.0	0.0	17.0	0.0	17.0	
0.38281	-0.4	-662	17.0	17.0	0.0	17.0	0.0	17.0	
0.38672	-0.3	-662	16.9	17.0	-0.1	17.0	0.0	17.0	
0.39062	-0.3	-662	16.9	17.0	-0.1	17.0	0.0	17.0	
0.39453	-0.3	-662	16.9	17.0	-0.1	17.0	0.0	17.0	
0.39844	-0.4	-662	16.9	17.0	-0.1	17.0	0.0	17.0	
0.40234	-0.4	-662	16.8	17.0	-0.2	17.0	0.0	17.0	
0.40625	-0.4	-662	16.8	17.0	-0.2	17.0	0.0	17.0	
0.41016	-0.4	-662	16.8	17.0	-0.2	17.0	0.0	17.0	
0.41406	-0.3	-662	16.8	17.0	-0.2	17.0	0.0	17.0	
0.41797	-0.4	-662	16.8	17.0	-0.2	17.0	0.0	17.0	
0.42188	-0.4	-662	16.7	17.0	-0.3	17.0	0.0	17.0	
0.42578	-0.4	-662	16.7	17.0	-0.3	17.0	0.0	17.0	
0.42969	-0.4	-662	16.7	17.0	-0.3	17.0	0.0	17.0	
0.43359	-0.4	-662	16.6	17.0	-0.4	17.0	0.0	17.0	
0.43750	-0.4	-662	16.6	17.0	-0.4	17.0	0.0	17.0	
0.44141	-0.4	-662	16.6	17.0	-0.4	17.0	0.0	17.0	
0.44531	-0.4	-662	16.6	17.0	-0.4	17.0	0.0	17.0	
0.44922	-0.4	-662	16.6	17.0	-0.4	17.0	0.0	17.0	
0.45312	-0.3	-662	16.5	17.0	-0.5	17.0	0.0	17.0	
0.45703	-0.3	-662	16.5	17.0	-0.5	17.0	0.0	17.0	
0.46094	-0.3	-662	16.5	17.0	-0.5	17.0	0.0	17.0	
0.46484	-0.4	-662	16.5	17.0	-0.5	17.0	0.0	17.0	
0.46875	-0.3	-662	16.4	17.0	-0.6	17.0	0.0	17.0	
0.47266	-0.3	-662	16.4	16.9	-0.5	16.9	0.0	16.9	
0.47656	-0.4	-662	16.4	16.9	-0.5	16.9	0.0	16.9	
0.48047	-0.4	-662	16.4	16.9	-0.5	16.9	0.0	16.9	
0.48438	-0.4	-662	16.3	16.9	-0.6	16.9	0.0	16.9	
0.48828	-0.4	-662	16.3	16.9	-0.6	16.9	0.0	16.9	
0.49219	-0.4	-662	16.3	16.9	-0.6	16.9	0.0	16.9	
0.49609	-0.4	-662	16.3	16.9	-0.6	16.9	0.0	16.9	
0.50000	-0.5	-662	16.3	16.9	-0.6	16.9	0.0	16.9	
0.50391	-0.5	-662	16.3	16.8	-0.5	16.8	0.0	16.8	
0.50781	-0.5	-662	16.3	16.8	-0.5	16.8	0.0	16.8	
0.51172	-0.5	-662	16.3	16.8	-0.5	16.8	0.0	16.8	
0.51562	-0.5	-662	16.3	16.8	-0.5	16.8	0.0	16.8	
0.51953	-0.5	-663	16.3	16.8	-0.5	16.8	0.0	16.8	
0.52344	-0.5	-663	16.2	16.8	-0.6	16.8	0.0	16.8	
0.52734	-0.5	-663	16.2	16.8	-0.6	16.8	0.0	16.8	
0.53125	-0.5	-663	16.2	16.8	-0.6	16.8	0.0	16.8	
0.53516	-0.4	-663	16.2	16.8	-0.6	16.8	0.0	16.8	
0.53906	-0.5	-663	16.2	16.8	-0.6	16.8	0.0	16.8	
0.54297	-0.5	-663	16.2	16.8	-0.6	16.8	0.0	16.8	
0.54688	-0.5	-663	16.2	16.8	-0.6	16.8	0.0	16.8	
0.55078	-0.4	-663	16.2	16.8	-0.6	16.8	0.0	16.8	
0.55469	-0.4	-663	16.2	16.8	-0.6	16.8	0.0	16.8	
0.55859	-0.5	-663	16.2	16.8	-0.6	16.8	0.0	16.8	
0.56250	-0.4	-663	16.2	16.8	-0.6	16.8	0.0	16.8	
0.56641	-0.4	-663	16.1	16.8	-0.7	16.8	0.0	16.8	
0.57031	-0.5	-663	16.1	16.8	-0.7	16.8	0.0	16.8	
0.57422	-0.5	-663	16.1	16.8	-0.7	16.8	0.0	16.8	
0.57812	-0.4	-663	16.1	16.8	-0.7	16.8	0.0	16.8	
0.58203	-0.4	-663	16.1	16.8	-0.7	16.8	0.0	16.8	
0.58594	-0.5	-663	16.1	16.8	-0.7	16.8	0.0	16.8	
0.58984	-0.5	-663	16.1	16.8	-0.7	16.8	0.0	16.8	
0.59375	-0.5	-663	16.1	16.8	-0.7	16.8	0.0	16.8	
0.59766	-0.5	-663	16.1	16.8	-0.7	16.8	0.0	16.8	
0.60156	-0.5	-663	16.0	16.8	-0.8	16.8	0.0	16.8	
0.60547	-0.5	-663	16.0	16.8	-0.8	16.8	0.0	16.8	
0.60938	-0.5	-663	16.0	16.8	-0.8	16.8	0.0	16.8	
0.61328	-0.4	-663	16.0	16.8	-0.8	16.8	0.0	16.8	
0.61719	-0.5	-663	16.0	16.8	-0.8	16.8	0.0	16.8	
0.62109	-0.5	-663	16.0	16.8	-0.8	16.8	0.0	16.8	
0.62500	-0.5	-663	16.0	16.8	-0.8	16.8	0.0	16.8	
0.62891	-0.5	-663	16.0	16.8	-0.8	16.8	0.0	16.8	
0.63281	-0.5	-663	16.0	16.8	-0.8	16.8	0.0	16.8	
0.63672	-0.5	-663	16.0	16.8	-0.8	16.8	0.0	16.8	
0.64062	-0.5	-663	16.0	16.8	-0.8	16.8	0.0	16.8	
0.64453	-0.5	-663	16.0	16.8	-0.8	16.8	0.0	16.8	
0.64844	-0.5	-664	16.0	16.7	-0.7	16.7	0.0	16.7	
0.65234	-0.5	-664	16.0	16.7	-0.7	16.7	0.0	16.7	
0.65625	-0.5	-664	16.0	16.7	-0.7	16.7	0.0	16.7	
0.66016	-0.5	-664	16.0	16.7	-0.7	16.7	0.0	16.7	
0.66406	-0.5	-664	16.0	16.7	-0.7	16.7	0.0	16.7	
0.66797	-0.5	-664	16.0	16.7	-0.7	16.7	0.0	16.7	
0.67188	-0.5	-664	16.0	16.7	-0.7	16.7	0.0	16.7	
0.67578	-0.5	-664	16.0	16.7	-0.7	16.7	0.0	16.7	
0.67969	-0.5	-664	16.0	16.6	-0.6	16.6	0.0	16.6	
0.68359	-0.5	-664	15.9	16.6	-0.7	16.6	0.0	16.6	
0.68750	-0.5	-664	15.9	16.6	-0.7	16.6	0.0	16.6	
0.69141	-0.5	-664	15.9	16.6	-0.7	16.6	0.0	16.6	
0.69531	-0.5	-664	15.9	16.6	-0.7	16.6	0.0	16.6	
0.69922	-0.4	-664	15.9	16.6	-0.7	16.6	0.0	16.6	
0.70312	-0.4	-664	15.9	16.6	-0.7	16.6	0.0	16.6	
0.70703	-0.5	-664	15.9	16.6	-0.7	16.6	0.0	16.6	
0.71094	-0.5	-664	15.9	16.5	-0.6	16.5	0.0	16.5	
0.71484	-0.5	-664	15.9	16.5	-0.6	16.5	0.0	16.5	
0.71875	-0.5	-664	15.9	16.5	-0.6	16.5	0.0	16.5	
0.72266	-0.5	-664	15.9	16.5	-0.6	16.5	0.0	16.5	
0.72656	-0.5	-664	15.9	16.5	-0.6	16.5	0.0	16.5	
0.73047	-0.5	-664	15.9	16.5	-0.6	16.5	0.0	16.5	
0.73438	-0.5	-664	15.8	16.5	-0.7	16.5	0.0	16.5	
0.73828	-0.5	-664	15.9	16.5	-0.6	16.5	0.0	16.5	
0.74219	-0.5	-664	15.9	16.5	-0.6	16.5	0.0	16.5	
0.74609	-0.5	-664	15.8	16.5	-0.7	16.5	0.0	16.5	
0.75000	-0.5	-664	15.8	16.5	-0.7	16.5	0.0	16.5	
0.75391	-0.5	-664	15.8	16.5	-0.7	16.5	0.0	16.5	
0.75781	-0.4	-664	15.8	16.5	-0.7	16.5	0.0	16.5	
0.76172	-0.4	-664	15.8	16.5	-0.7	16.5	0.0	16.5	
0.76562	-0.4	-664	15.8	16.5	-0.7	16.5	0.0	16.5	
0.76953	-0.4	-664	15.8	16.5	-0.7	16.5	0.0	16.5	
0.77344	-0.4	-665	15.7	16.5	-0.8	16.5	0.0	16.5	
0.77734	-0.3	-665	15.7	16.5	-0.8	16.5	0.0	16.5	
0.78125	-0.2	-665	15.7	16.5	-0.8	16.5	0.0	16.5	
0.78516	-0.2	-665	15.6	16.5	-0.9	16.5	0.0	16.5	
0.78906	-0.1	-665	15.6	16.5	-0.9	16.5	0.0	16.5	
0.79297	-0.0	-665	15.6	16.5	-0.9	16.5	0.0	16.5	
0.79688	0.1	-665	15.5	16.5	-1.0	16.5	0.0	16.5	
0.80078	0.2	-665	15.4	16.5	-1.1	16.5	0.0	16.5	
0.80469	0.3	-665	15.3	16.5	-1.2	16.5	0.0	16.5	
0.80859	0.4	-665	15.3	16.5	-1.2	16.5	0.0	16.5	
0.81250	0.5	-664	15.2	16.5	-1.3	16.5	0.0	16.5	
0.81641	0.5	-664	15.1	16.5	-1.4	16.5	0.0	16.5	
0.82031	0.6	-664	15.0	16.5	-1.5	16.5	0.0	16.5	
0.82422	0.7	-664	14.9	16.4	-1.5	16.4	0.0	16.4	
0.82812	0.7	-664	14.8	16.4	-1.6	16.4	0.0	16.4	
0.83203	0.7	-664	14.8	16.4	-1.6	16.4	0.0	16.4	
0.83594	0.6	-664	14.7	16.3	-1.6	16.3	0.0	16.3	
0.83984	0.6	-664	14.6	16.3	-1.7	16.3	0.0	16.3	
0.84375	0.5	-664	14.5	16.2	-1.7	16.2	0.0	16.2	
0.84766	0.3	-664	14.5	16.2	-1.7	16.2	0.0	16.2	
0.85156	0.2	-664	14.4	16.1	-1.7	16.1	0.0	16.1	
0.85547	0.1	-664	14.4	16.1	-1.7	16.1	0.0	16.1	
0.85938	-0.0	-664	14.4	16.0	-1.6	16.0	0.0	16.0	
0.86328	-0.1	-664	14.3	16.0	-1.7	16.0	0.0	16.0	
0.86719	-0.2	-664	14.3	15.9	-1.6	15.9	0.0	15.9	
0.87109	-0.3	-664	14.3	15.9	-1.6	15.9	0.0	15.9	
0.87500	-0.4	-664	14.2	15.9	-1.7	15.9	0.0	15.9	
0.87891	-0.4	-664	14.2	15.8	-1.6	15.8	0.0	15.8	
0.88281	-0.4	-664	14.2	15.8	-1.6	15.8	0.0	15.8	
0.88672	-0.4	-664	14.1	15.7	-1.6	15.7	0.0	15.7	
0.89062	-0.4	-664	14.1	15.7	-1.6	15.7	0.0	15.7	
0.89453	-0.3	-664	14.1	15.7	-1.6	15.7	0.0	15.7	
0.89844	-0.3	-664	14.1	15.6	-1.5	15.6	0.0	15.6	
0.90234	-0.3	-664	14.0	15.6	-1.6	15.6	0.0	15.6	
0.90625	-0.2	-664	14.0	15.6	-1.6	15.6	0.0	15.6	
0.91016	-0.1	-664	13.9	15.5	-1.6	15.5	0.0	15.5	
0.91406	0.0	-664	13.9	15.5	-1.6	15.5	0.0	15.5	
0.91797	0.0	-664	13.8	15.5	-1.7	15.5	0.0	15.5	
0.92188	0.1	-664	13.8	15.4	-1.6	15.4	0.0	15.4	
0.92578	0.2	-664	13.7	15.4	-1.7	15.4	0.0	15.4	
0.92969	0.2	-664	13.6	15.4	-1.8	15.4	0.0	15.4	
0.93359	0.3	-664	13.6	15.4	-1.8	15.4	0.0	15.4	
0.93750	0.3	-664	13.5	15.3	-1.8	15.3	0.0	15.3	
0.94141	0.4	-664	13.5	15.3	-1.8	15.3	0.0	15.3	
0.94531	0.4	-664	13.4	15.3	-1.9	15.3	0.0	15.3	
0.94922	0.4	-664	13.3	15.2	-1.9	15.2	0.0	15.2	
0.95312	0.4	-664	13.3	15.2	-1.9	15.2	0.0	15.2	
0.95703	0.4	-664	13.2	15.2	-2.0	15.2	0.0	15.2	
0.96094	0.4	-664	13.1	15.1	-2.0	15.1	0.0	15.1	
0.96484	0.4	-664	13.1	15.1	-2.0	15.1	0.0	15.1	
0.96875	0.4	-664	13.0	15.1	-2.1	15.1	0.0	15.1	
0.97266	0.3	-664	12.9	15.1	-2.2	15.1	0.0	15.1	
0.97656	0.3	-664	12.9	15.1	-2.2	15.1	0.0	15.1	
0.98047	0.3	-664	12.8	15.0	-2.2	15.0	0.0	15.0	
0.98438	0.3	-664	12.7	15.0	-2.3	15.0	0.0	15.0	
0.98828	0.3	-664	12.7	15.0	-2.3	15.0	0.0	15.0	
0.99219	0.3	-664	12.6	14.9	-2.3	14.9	0.0	14.9	
0.99609	0.3	-664	12.6	14.9	-2.3	14.9	0.0	14.9	
1.00000	0.3	-664	12.5	14.9	-2.4	14.9	0.0	14.9	
1.00391	0.3	-664	12.4	14.8	-2.4	14.8	0.0	14.8	
1.00781	0.3	-664	12.4	14.8	-2.4	14.8	0.0	14.8	
1.01172	0.3	-664	12.3	14.8	-2.5	14.8	0.0	14.8	
1.01562	0.3	-664	12.3	14.7	-2.4	14.7	0.0	14.7	
1.01953	0.3	-664	12.2	14.7	-2.5	14.7	0.0	14.7	
1.02344	0.3	-664	12.2	14.6	-2.4	14.6	0.0	14.6	
1.02734	0.3	-664	12.1	14.6	-2.5	14.6	0.0	14.6	
1.03125	0.3	-664	12.0	14.6	-2.6	14.6	0.0	14.6	
1.03516	0.2	-664	12.0	14.5	-2.5	14.5	0.0	14.5	
1.03906	0.1	-664	11.9	14.5	-2.6	14.5	0.0	14.5	
1.04297	0.1	-664	11.9	14.5	-2.6	14.5	0.0	14.5	
1.04688	0.0	-664	11.8	14.4	-2.6	14.4	0.0	14.4	
1.05078	-0.0	-664	11.8	14.4	-2.6	14.4	0.0	14.4	
1.05469	-0.1	-664	11.8	14.4	-2.6	14.4	0.0	14.4	
1.05859	-0.2	-664	11.8	14.3	-2.5	14.3	0.0	14.3	
1.06250	-0.3	-664	11.7	14.3	-2.6	14.3	0.0	14.3	
1.06641	-0.3	-664	11.7	14.3	-2.6	14.3	0.0	14.3	
1.07031	-0.4	-664	11.7	14.3	-2.6	14.3	0.0	14.3	
1.07422	-0.4	-664	11.7	14.2	-2.5	14.2	0.0	14.2	
1.07812	-0.4	-664	11.7	14.2	-2.5	14.2	0.0	14.2	
1.08203	-0.5	-664	11.7	14.2	-2.5	14.2	0.0	14.2	
1.08594	-0.5	-664	11.7	14.2	-2.5	14.2	0.0	14.2	
1.08984	-0.5	-664	11.7	14.2	-2.5	14.2	0.0	14.2	
1.09375	-0.5	-664	11.6	14.1	-2.5	14.1	0.0	14.1	
1.09766	-0.5	-664	11.6	14.1	-2.5	14.1	0.0	14.1	
1.10156	-0.5	-664	11.6	14.1	-2.5	14.1	0.0	14.1	
1.10547	-0.4	-664	11.6	14.1	-2.5	14.1	0.0	14.1	
1.10938	-0.5	-664	11.6	14.1	-2.5	14.1	0.0	14.1	
1.11328	-0.4	-664	11.6	14.1	-2.5	14.1	0.0	14.1	
1.11719	-0.5	-664	11.6	14.1	-2.5	14.1	0.0	14.1	
1.12109	-0.5	-664	11.6	14.1	-2.5	14.1	0.0	14.1	
1.12500	-0.4	-664	11.6	14.1	-2.5	14.1	0.0	14.1	
1.12891	-0.5	-664	11.5	14.1	-2.6	14.1	0.0	14.1	
1.13281	-0.5	-664	11.5	14.1	-2.6	14.1	0.0	14.1	
1.13672	-0.5	-664	11.5	14.1	-2.6	14.1	0.0	14.1	
1.14062	-0.5	-664	11.5	14.1	-2.6	14.1	0.0	14.1	
1.14453	-0.5	-664	11.6	14.1	-2.5	14.1	0.0	14.1	
1.14844	-0.5	-664	11.6	14.1	-2.5	14.1	0.0	14.1	
1.15234	-0.6	-664	11.6	14.1	-2.5	14.1	0.0	14.1	
1.15625	-0.6	-665	11.6	14.1	-2.5	14.1	0.0	14.1	
1.16016	-0.6	-665	11.6	14.1	-2.5	14.1	0.0	14.1	
1.16406	-0.6	-665	11.7	14.1	-2.4	14.1	0.0	14.1	
1.16797	-0.6	-665	11.7	14.1	-2.4	14.1	0.0	14.1	
1.17188	-0.6	-665	11.7	14.1	-2.4	14.1	0.0	14.1	
1.17578	-0.7	-665	11.7	14.1	-2.4	14.1	0.0	14.1	
1.17969	-0.6	-665	11.8	14.1	-2.3	14.1	0.0	14.1	
1.18359	-0.6	-665	11.8	14.1	-2.3	14.1	0.0	14.1	
1.18750	-0.6	-665	11.8	14.0	-2.2	14.0	0.0	14.0	
1.19141	-0.6	-665	11.8	14.0	-2.2	14.0	0.0	14.0	
1.19531	-0.6	-665	11.8	14.0	-2.2	14.0	0.0	14.0	
1.19922	-0.6	-665	11.9	14.0	-2.1	14.0	0.0	14.0	
1.20312	-0.6	-665	11.9	14.0	-2.1	14.0	0.0	14.0	
1.20703	-0.6	-665	11.9	14.0	-2.1	14.0	0.0	14.0	
1.21094	-0.6	-665	11.9	14.0	-2.1	14.0	0.0	14.0	
1.21484	-0.6	-665	12.0	13.9	-1.9	13.9	0.0	13.9	
1.21875	-0.6	-665	12.0	13.9	-1.9	13.9	0.0	13.9	
1.22266	-0.6	-665	12.0	13.9	-1.9	13.9	0.0	13.9	
1.22656	-0.6	-665	12.0	13.9	-1.9	13.9	0.0	13.9	
1.23047	-0.7	-665	12.1	13.9	-1.8	13.9	0.0	13.9	
1.23438	-0.7	-665	12.1	13.9	-1.8	13.9	0.0	13.9	
1.23828	-0.8	-665	12.1	13.9	-1.8	13.9	0.0	13.9	
1.24219	-0.9	-665	12.2	13.9	-1.7	13.9	0.0	13.9	
1.24609	-1.0	-666	12.2	13.9	-1.7	13.9	0.0	13.9	
1.25000	-1.2	-666	12.3	13.9	-1.6	13.9	0.0	13.9	
1.25391	-1.4	-666	12.4	13.9	-1.5	13.9	0.0	13.9	
1.25781	-1.6	-666	12.5	14.0	-1.5	14.0	0.0	14.0	
1.26172	-1.8	-666	12.6	14.0	-1.4	14.0	0.0	14.0	
1.26562	-2.1	-666	12.7	14.0	-1.3	14.0	0.0	14.0	
1.26953	-2.3	-666	12.8	14.0	-1.2	14.0	0.0	14.0	
1.27344	-2.6	-666	13.0	14.0	-1.0	14.0	0.0	14.0	
1.27734	-2.9	-667	13.1	14.1	-1.0	14.1	0.0	14.1	
1.28125	-3.2	-667	13.3	14.1	-0.8	14.1	0.0	14.1	
1.28516	-3.4	-667	13.4	14.1	-0.7	14.1	0.0	14.1	
1.28906	-3.6	-667	13.6	14.2	-0.6	14.2	0.0	14.2	
1.29297	-3.8	-667	13.8	14.2	-0.4	14.2	0.0	14.2	
1.29688	-4.0	-668	13.9	14.3	-0.4	14.3	0.0	14.3	
1.30078	-4.1	-668	14.1	14.4	-0.3	14.4	0.0	14.4	
1.30469	-4.2	-668	14.3	14.4	-0.1	14.4	0.0	14.4	
1.30859	-4.3	-669	14.5	14.5	0.0	14.5	0.0	14.5	
1.31250	-4.4	-669	14.7	14.6	0.1	14.6	0.0	14.6	
1.31641	-4.5	-669	14.9	14.6	0.3	14.6	0.0	14.6	
1.32031	-4.6	-669	15.1	14.7	0.4	14.7	0.0	14.7	
1.32422	-4.7	-670	15.3	14.8	0.5	14.8	0.0	14.8	
1.32812	-4.7	-670	15.4	14.9	0.5	14.9	0.0	14.9	
1.33203	-4.8	-670	15.6	15.0	0.6	15.0	0.0	15.0	
1.33594	-4.8	-671	15.8	15.1	0.7	15.1	0.0	15.1	
1.33984	-4.8	-671	16.0	15.2	0.8	15.2	0.0	15.2	
1.34375	-4.8	-671	16.2	15.3	0.9	15.3	0.0	15.3	
1.34766	-4.8	-672	16.4	15.4	1.0	15.4	0.0	15.4	
1.35156	-4.7	-672	16.6	15.5	1.1	15.5	0.0	15.5	
1.35547	-4.7	-672	16.8	15.6	1.2	15.6	0.0	15.6	
1.35938	-4.6	-672	17.0	15.6	1.4	15.6	0.0	15.6	
1.36328	-4.5	-673	17.2	15.7	1.5	15.7	0.0	15.7	
1.36719	-4.5	-673	17.3	15.8	1.5	15.8	0.0	15.8	
1.37109	-4.4	-673	17.5	15.9	1.6	15.9	0.0	15.9	
1.37500	-4.3	-674	17.7	16.0	1.7	16.0	0.0	16.0	
1.37891	-4.2	-674	17.8	16.1	1.7	16.1	0.0	16.1	
1.38281	-4.2	-674	18.0	16.1	1.9	16.1	0.0	16.1	
1.38672	-4.2	-674	18.2	16.2	2.0	16.2	0.0	16.2	
1.39062	-4.3	-675	18.4	16.3	2.1	16.3	0.0	16.3	
1.39453	-4.3	-675	18.5	16.4	2.1	16.4	0.0	16.4	
1.39844	-4.4	-675	18.7	16.4	2.3	16.4	0.0	16.4	
1.40234	-4.6	-676	18.9	16.5	2.4	16.5	0.0	16.5	
1.40625	-4.7	-676	19.1	16.6	2.5	16.6	0.0	16.6	
1.41016	-4.9	-676	19.3	16.6	2.7	16.6	0.0	16.6	
1.41406	-5.0	-677	19.5	16.7	2.8	16.7	0.0	16.7	
1.41797	-5.1	-677	19.7	16.8	2.9	16.8	0.0	16.8	
1.42188	-5.1	-677	19.9	16.9	3.0	16.9	0.0	16.9	
1.42578	-5.2	-678	20.1	16.9	3.2	16.9	0.0	16.9	
1.42969	-5.1	-678	20.3	17.0	3.3	17.0	0.0	17.0	
1.43359	-5.0	-678	20.4	17.1	3.3	17.1	0.0	17.1	
1.43750	-4.9	-679	20.6	17.2	3.4	17.2	0.0	17.2	
1.44141	-4.7	-679	20.7	17.3	3.4	17.3	0.0	17.3	
1.44531	-4.4	-679	20.9	17.4	3.5	17.4	0.0	17.4	
1.44922	-4.0	-679	21.0	17.5	3.5	17.5	0.0	17.5	
1.45312	-3.7	-680	21.1	17.6	3.5	17.6	0.0	17.6	
1.45703	-3.2	-680	21.2	17.7	3.5	17.7	0.0	17.7	
1.46094	-2.7	-680	21.3	17.8	3.5	17.8	0.0	17.8	
1.46484	-2.3	-680	21.4	17.9	3.5	17.9	0.0	17.9	
1.46875	-1.8	-680	21.4	18.0	3.4	18.0	0.0	18.0	
1.47266	-1.4	-680	21.5	18.1	3.4	18.1	0.0	18.1	
1.47656	-1.1	-680	21.5	18.2	3.3	18.2	0.0	18.2	
1.48047	-0.8	-681	21.5	18.2	3.3	18.2	0.0	18.2	
1.48438	-0.5	-681	21.5	18.3	3.2	18.3	0.0	18.3	
1.48828	-0.4	-681	21.5	18.4	3.1	18.4	0.0	18.4	
1.49219	-0.3	-681	21.5	18.5	3.0	18.5	0.0	18.5	
1.49609	-0.2	-681	21.5	18.6	2.9	18.6	0.0	18.6	
1.50000	-0.2	-681	21.5	18.6	2.9	18.6	0.0	18.6	
1.50391	-0.2	-681	21.5	18.7	2.8	18.7	0.0	18.7	
1.50781	-0.3	-681	21.5	18.8	2.7	18.8	0.0	18.8	
1.51172	-0.4	-681	21.4	18.8	2.6	18.8	0.0	18.8	
1.51562	-0.4	-681	21.4	18.9	2.5	18.9	0.0	18.9	
1.51953	-0.4	-681	21.4	19.0	2.4	19.0	0.0	19.0	
1.52344	-0.5	-681	21.4	19.0	2.4	19.0	0.0	19.0	
1.52734	-0.5	-681	21.4	19.1	2.3	19.1	0.0	19.1	
1.53125	-0.5	-681	21.4	19.2	2.2	19.2	0.0	19.2	
1.53516	-0.4	-681	21.4	19.2	2.2	19.2	0.0	19.2	
1.53906	-0.4	-681	21.3	19.3	2.0	19.3	0.0	19.3	
1.54297	-0.3	-681	21.3	19.3	2.0	19.3	0.0	19.3	
1.54688	-0.2	-681	21.2	19.4	1.8	19.4	0.0	19.4	
1.55078	-0.0	-681	21.1	19.4	1.7	19.4	0.0	19.4	
1.55469	0.1	-681	21.0	19.4	1.6	19.4	0.0	19.4	
1.55859	0.3	-681	21.0	19.5	1.5	19.5	0.0	19.5	
1.56250	0.5	-681	20.9	19.5	1.4	19.5	0.0	19.5	
1.56641	0.6	-681	20.8	19.5	1.3	19.5	0.0	19.5	
1.57031	0.7	-681	20.7	19.6	1.1	19.6	0.0	19.6	
1.57422	0.8	-681	20.6	19.6	1.0	19.6	0.0	19.6	
1.57812	0.9	-681	20.5	19.6	0.9	19.6	0.0	19.6	
1.58203	0.9	-681	20.3	19.6	0.7	19.6	0.0	19.6	
1.58594	0.9	-681	20.2	19.6	0.6	19.6	0.0	19.6	
1.58984	0.9	-680	20.1	19.6	0.5	19.6	0.0	19.6	
1.59375	0.9	-680	20.0	19.6	0.4	19.6	0.0	19.6	
1.59766	0.9	-680	19.9	19.6	0.3	19.6	0.0	19.6	
1.60156	0.9	-680	19.8	19.6	0.2	19.6	0.0	19.6	
1.60547	0.9	-680	19.7	19.6	0.1	19.6	0.0	19.6	
1.60938	1.0	-680	19.6	19.6	0.0	19.6	0.0	19.6	
1.61328	1.1	-680	19.5	19.6	-0.1	19.6	0.0	19.6	
1.61719	1.1	-680	19.3	19.6	-0.3	19.6	0.0	19.6	
1.62109	1.2	-680	19.2	19.6	-0.4	19.6	0.0	19.6	
1.62500	1.3	-680	19.1	19.6	-0.5	19.6	0.0	19.6	
1.62891	1.4	-680	19.0	19.5	-0.5	19.5	0.0	19.5	
1.63281	1.5	-680	18.9	19.5	-0.6	19.5	0.0	19.5	
1.63672	1.6	-680	18.7	19.5	-0.8	19.5	0.0	19.5	
1.64062	1.7	-679	18.6	19.5	-0.9	19.5	0.0	19.5	
1.64453	1.7	-679	18.5	19.5	-1.0	19.5	0.0	19.5	
1.64844	1.7	-679	18.4	19.4	-1.0	19.4	0.0	19.4	
1.65234	1.7	-679	18.2	19.4	-1.2	19.4	0.0	19.4	
1.65625	1.7	-679	18.1	19.4	-1.3	19.4	0.0	19.4	
1.66016	1.7	-679	18.0	19.3	-1.3	19.3	0.0	19.3	
1.66406	1.7	-679	17.9	19.3	-1.4	19.3	0.0	19.3	
1.66797	1.6	-679	17.7	19.3	-1.6	19.3	0.0	19.3	
1.67188	1.6	-679	17.6	19.2	-1.6	19.2	0.0	19.2	
1.67578	1.5	-678	17.5	19.2	-1.7	19.2	0.0	19.2	
1.67969	1.5	-678	17.4	19.2	-1.8	19.2	0.0	19.2	
1.68359	1.4	-678	17.3	19.1	-1.8	19.1	0.0	19.1	
1.68750	1.4	-678	17.2	19.1	-1.9	19.1	0.0	19.1	
1.69141	1.3	-678	17.1	19.0	-1.9	19.0	0.0	19.0	
1.69531	1.2	-678	17.0	19.0	-2.0	19.0	0.0	19.0	
1.69922	1.1	-678	16.9	18.9	-2.0	18.9	0.0	18.9	
1.70312	1.0	-678	16.8	18.9	-2.1	18.9	0.0	18.9	
1.70703	0.9	-678	16.7	18.8	-2.1	18.8	0.0	18.8	
1.71094	0.7	-678	16.6	18.8	-2.2	18.8	0.0	18.8	
1.71484	0.6	-678	16.6	18.8	-2.2	18.8	0.0	18.8	
1.71875	0.4	-678	16.5	18.7	-2.2	18.7	0.0	18.7	
1.72266	0.3	-678	16.5	18.7	-2.2	18.7	0.0	18.7	
1.72656	0.2	-678	16.4	18.6	-2.2	18.6	0.0	18.6	
1.73047	0.0	-678	16.4	18.6	-2.2	18.6	0.0	18.6	
1.73438	-0.1	-678	16.3	18.5	-2.2	18.5	0.0	18.5	
1.73828	-0.2	-678	16.3	18.5	-2.2	18.5	0.0	18.5	
1.74219	-0.3	-678	16.3	18.4	-2.1	18.4	0.0	18.4	
1.74609	-0.4	-678	16.3	18.4	-2.1	18.4	0.0	18.4	
1.75000	-0.5	-678	16.3	18.3	-2.0	18.3	0.0	18.3	
1.75391	-0.5	-678	16.3	18.3	-2.0	18.3	0.0	18.3	
1.75781	-0.6	-678	16.3	18.2	-1.9	18.2	0.0	18.2	
1.76172	-0.6	-678	16.3	18.2	-1.9	18.2	0.0	18.2	
1.76562	-0.6	-678	16.3	18.1	-1.8	18.1	0.0	18.1	
1.76953	-0.6	-678	16.3	18.1	-1.8	18.1	0.0	18.1	
1.77344	-0.6	-678	16.3	18.0	-1.7	18.0	0.0	18.0	
1.77734	-0.6	-678	16.3	18.0	-1.7	18.0	0.0	18.0	
1.78125	-0.6	-678	16.3	17.9	-1.6	17.9	0.0	17.9	
1.78516	-0.6	-678	16.3	17.9	-1.6	17.9	0.0	17.9	
1.78906	-0.6	-678	16.3	17.9	-1.6	17.9	0.0	17.9	
1.79297	-0.6	-678	16.3	17.8	-1.5	17.8	0.0	17.8	
1.79688	-0.5	-678	16.3	17.8	-1.5	17.8	0.0	17.8	
1.80078	-0.5	-678	16.3	17.7	-1.4	17.7	0.0	17.7	
1.80469	-0.5	-678	16.3	17.7	-1.4	17.7	0.0	17.7	
1.80859	-0.5	-678	16.3	17.7	-1.4	17.7	0.0	17.7	
1.81250	-0.4	-678	16.3	17.6	-1.3	17.6	0.0	17.6	
1.81641	-0.4	-678	16.3	17.6	-1.3	17.6	0.0	17.6	
1.82031	-0.4	-678	16.3	17.6	-1.3	17.6	0.0	17.6	
1.82422	-0.4	-678	16.3	17.6	-1.3	17.6	0.0	17.6	
1.82812	-0.4	-678	16.3	17.5	-1.2	17.5	0.0	17.5	
1.83203	-0.4	-679	16.2	17.5	-1.3	17.5	0.0	17.5	
1.83594	-0.4	-679	16.2	17.5	-1.3	17.5	0.0	17.5	
1.83984	-0.4	-679	16.2	17.4	-1.2	17.4	0.0	17.4	
1.84375	-0.4	-679	16.2	17.4	-1.2	17.4	0.0	17.4	
1.84766	-0.4	-679	16.2	17.4	-1.2	17.4	0.0	17.4	
1.85156	-0.4	-679	16.2	17.4	-1.2	17.4	0.0	17.4	
1.85547	-0.4	-679	16.2	17.3	-1.1	17.3	0.0	17.3	
1.85938	-0.5	-679	16.1	17.3	-1.2	17.3	0.0	17.3	
1.86328	-0.5	-679	16.1	17.3	-1.2	17.3	0.0	17.3	
1.86719	-0.5	-679	16.1	17.3	-1.2	17.3	0.0	17.3	
1.87109	-0.5	-679	16.1	17.3	-1.2	17.3	0.0	17.3	
1.87500	-0.5	-679	16.1	17.3	-1.2	17.3	0.0	17.3	
1.87891	-0.5	-679	16.1	17.3	-1.2	17.3	0.0	17.3	
1.88281	-0.5	-679	16.1	17.3	-1.2	17.3	0.0	17.3	
1.88672	-0.5	-679	16.1	17.2	-1.1	17.2	0.0	17.2	
1.89062	-0.4	-679	16.1	17.2	-1.1	17.2	0.0	17.2	
1.89453	-0.4	-679	16.0	17.2	-1.2	17.2	0.0	17.2	
1.89844	-0.4	-679	16.0	17.2	-1.2	17.2	0.0	17.2	
1.90234	-0.4	-679	16.0	17.2	-1.2	17.2	0.0	17.2	
1.90625	-0.3	-679	16.0	17.2	-1.2	17.2	0.0	17.2	
1.91016	-0.4	-679	15.9	17.2	-1.3	17.2	0.0	17.2	
1.91406	-0.3	-679	15.9	17.1	-1.2	17.1	0.0	17.1	
1.91797	-0.3	-679	15.9	17.1	-1.2	17.1	0.0	17.1	
1.92188	-0.3	-679	15.9	17.1	-1.2	17.1	0.0	17.1	
1.92578	-0.3	-679	15.8	17.1	-1.3	17.1	0.0	17.1	
1.92969	-0.3	-679	15.8	17.0	-1.2	17.0	0.0	17.0	
1.93359	-0.3	-679	15.8	17.0	-1.2	17.0	0.0	17.0	
1.93750	-0.4	-679	15.8	17.0	-1.2	17.0	0.0	17.0	
1.94141	-0.4	-679	15.7	16.9	-1.2	16.9	0.0	16.9	
1.94531	-0.4	-679	15.7	16.9	-1.2	16.9	0.0	16.9	
1.94922	-0.4	-679	15.7	16.9	-1.2	16.9	0.0	16.9	
1.95312	-0.5	-679	15.8	16.8	-1.0	16.8	0.0	16.8	
1.95703	-0.6	-679	15.8	16.8	-1.0	16.8	0.0	16.8	
1.96094	-0.6	-679	15.8	16.8	-1.0	16.8	0.0	16.8	
1.96484	-0.7	-679	15.8	16.7	-0.9	16.7	0.0	16.7	
1.96875	-0.7	-680	15.8	16.7	-0.9	16.7	0.0	16.7	
1.97266	-0.7	-680	15.9	16.7	-0.8	16.7	0.0	16.7	
1.97656	-0.8	-680	15.9	16.6	-0.7	16.6	0.0	16.6	
1.98047	-0.8	-680	15.9	16.6	-0.7	16.6	0.0	16.6	
1.98438	-0.8	-680	16.0	16.6	-0.6	16.6	0.0	16.6	
1.98828	-0.8	-680	16.1	16.5	-0.4	16.5	0.0	16.5	
1.99219	-0.8	-680	16.1	16.5	-0.4	16.5	0.0	16.5	
1.99609	-0.8	-680	16.1	16.5	-0.4	16.5	0.0	16.5	
2.00000	-0.8	-680	16.2	16.5	-0.3	16.5	0.0	16.5	
2.00391	-0.7	-680	16.2	16.5	-0.3	16.5	0.0	16.5	
2.00781	-0.7	-680	16.2	16.4	-0.2	16.4	0.0	16.4	
2.01172	-0.7	-680	16.3	16.4	-0.1	16.4	0.0	16.4	
2.01562	-0.6	-680	16.3	16.4	-0.1	16.4	0.0	16.4	
2.01953	-0.6	-680	16.3	16.4	-0.1	16.4	0.0	16.4	
2.02344	-0.5	-680	16.3	16.4	-0.1	16.4	0.0	16.4	
2.02734	-0.5	-680	16.3	16.4	-0.1	16.4	0.0	16.4	
2.03125	-0.5	-680	16.3	16.4	-0.1	16.4	0.0	16.4	
2.03516	-0.5	-680	16.3	16.4	-0.1	16.4	0.0	16.4	
2.03906	-0.5	-680	16.3	16.4	-0.1	16.4	0.0	16.4	
2.04297	-0.5	-680	16.3	16.4	-0.1	16.4	0.0	16.4	
2.04688	-0.4	-680	16.3	16.4	-0.1	16.4	0.0	16.4	
2.05078	-0.4	-680	16.3	16.4	-0.1	16.4	0.0	16.4	
2.05469	-0.5	-680	16.3	16.4	-0.1	16.4	0.0	16.4	
2.05859	-0.5	-680	16.3	16.4	-0.1	16.4	0.0	16.4	
2.06250	-0.5	-680	16.3	16.4	-0.1	16.4	0.0	16.4	
2.06641	-0.5	-681	16.3	16.4	-0.1	16.4	0.0	16.4	
2.07031	-0.5	-681	16.3	16.4	-0.1	16.4	0.0	16.4	
2.07422	-0.5	-681	16.3	16.4	-0.1	16.4	0.0	16.4	
2.07812	-0.4	-681	16.3	16.4	-0.1	16.4	0.0	16.4	
2.08203	-0.5	-681	16.3	16.4	-0.1	16.4	0.0	16.4	
2.08594	-0.6	-681	16.3	16.4	-0.1	16.4	0.0	16.4	
2.08984	-0.5	-681	16.3	16.4	-0.1	16.4	0.0	16.4	
2.09375	-0.5	-681	16.3	16.4	-0.1	16.4	0.0	16.4	
2.09766	-0.5	-681	16.3	16.4	-0.1	16.4	0.0	16.4	
2.10156	-0.5	-681	16.3	16.4	-0.1	16.4	0.0	16.4	
2.10547	-0.5	-681	16.3	16.4	-0.1	16.4	0.0	16.4	
2.10938	-0.5	-681	16.2	16.4	-0.2	16.4	0.0	16.4	
2.11328	-0.5	-681	16.2	16.4	-0.2	16.4	0.0	16.4	
2.11719	-0.4	-681	16.2	16.4	-0.2	16.4	0.0	16.4	
2.12109	-0.4	-681	16.2	16.4	-0.2	16.4	0.0	16.4	
2.12500	-0.4	-681	16.2	16.4	-0.2	16.4	0.0	16.4	
2.12891	-0.4	-681	16.2	16.3	-0.1	16.3	0.0	16.3	
2.13281	-0.4	-681	16.1	16.3	-0.2	16.3	0.0	16.3	
2.13672	-0.4	-681	16.1	16.3	-0.2	16.3	0.0	16.3	
2.14062	-0.4	-681	16.1	16.3	-0.2	16.3	0.0	16.3	
2.14453	-0.4	-681	16.1	16.3	-0.2	16.3	0.0	16.3	
2.14844	-0.4	-681	16.1	16.3	-0.2	16.3	0.0	16.3	
2.15234	-0.4	-681	16.0	16.3	-0.3	16.3	0.0	16.3	
2.15625	-0.4	-681	16.0	16.3	-0.3	16.3	0.0	16.3	
2.16016	-0.5	-681	16.0	16.3	-0.3	16.3	0.0	16.3	
2.16406	-0.5	-681	16.0	16.3	-0.3	16.3	0.0	16.3	
2.16797	-0.5	-681	16.0	16.2	-0.2	16.2	0.0	16.2	
2.17188	-0.5	-681	16.0	16.2	-0.2	16.2	0.0	16.2	
2.17578	-0.5	-681	16.0	16.2	-0.2	16.2	0.0	16.2	
2.17969	-0.5	-681	16.0	16.2	-0.2	16.2	0.0	16.2	
2.18359	-0.5	-681	16.0	16.2	-0.2	16.2	0.0	16.2	
2.18750	-0.5	-681	16.0	16.2	-0.2	16.2	0.0	16.2	
2.19141	-0.5	-681	16.1	16.2	-0.1	16.2	0.0	16.2	
2.19531	-0.5	-682	16.1	16.2	-0.1	16.2	0.0	16.2	
2.19922	-0.5	-682	16.1	16.2	-0.1	16.2	0.0	16.2	
2.20312	-0.5	-682	16.1	16.2	-0.1	16.2	0.0	16.2	
2.20703	-0.5	-682	16.1	16.2	-0.1	16.2	0.0	16.2	
2.21094	-0.5	-682	16.1	16.2	-0.1	16.2	0.0	16.2	
2.21484	-0.5	-682	16.1	16.2	-0.1	16.2	0.0	16.2	
2.21875	-0.5	-682	16.1	16.2	-0.1	16.2	0.0	16.2	
2.22266	-0.5	-682	16.1	16.3	-0.2	16.3	0.0	16.3	
2.22656	-0.5	-682	16.1	16.3	-0.2	16.3	0.0	16.3	
2.23047	-0.5	-682	16.1	16.3	-0.2	16.3	0.0	16.3	
2.23438	-0.5	-682	16.1	16.3	-0.2	16.3	0.0	16.3	
2.23828	-0.5	-682	16.1	16.3	-0.2	16.3	0.0	16.3	
2.24219	-0.5	-682	16.1	16.3	-0.2	16.3	0.0	16.3	
2.24609	-0.5	-682	16.1	16.3	-0.2	16.3	0.0	16.3	
2.25000	-0.5	-682	16.1	16.3	-0.2	16.3	0.0	16.3	
2.25391	-0.5	-682	16.1	16.3	-0.2	16.3	0.0	16.3	
2.25781	-0.5	-682	16.1	16.3	-0.2	16.3	0.0	16.3	
2.26172	-0.5	-682	16.1	16.3	-0.2	16.3	0.0	16.3	
2.26562	-0.5	-682	16.1	16.3	-0.2	16.3	0.0	16.3	
2.26953	-0.5	-682	16.1	16.3	-0.2	16.3	0.0	16.3	
2.27344	-0.5	-682	16.1	16.3	-0.2	16.3	0.0	16.3	
2.27734	-0.5	-682	16.1	16.3	-0.2	16.3	0.0	16.3	
2.28125	-0.5	-682	16.1	16.4	-0.3	16.4	0.0	16.4	
2.28516	-0.5	-682	16.1	16.4	-0.3	16.4	0.0	16.4	
2.28906	-0.5	-682	16.1	16.4	-0.3	16.4	0.0	16.4	
2.29297	-0.5	-682	16.1	16.4	-0.3	16.4	0.0	16.4	
2.29688	-0.5	-682	16.1	16.4	-0.3	16.4	0.0	16.4	
2.30078	-0.5	-682	16.1	16.4	-0.3	16.4	0.0	16.4	
2.30469	-0.6	-682	16.1	16.4	-0.3	16.4	0.0	16.4	
2.30859	-0.5	-682	16.1	16.3	-0.2	16.3	0.0	16.3	
2.31250	-0.5	-682	16.2	16.3	-0.1	16.3	0.0	16.3	
2.31641	-0.5	-683	16.2	16.3	-0.1	16.3	0.0	16.3	
2.32031	-0.5	-683	16.2	16.3	-0.1	16.3	0.0	16.3	
2.32422	-0.6	-683	16.2	16.3	-0.1	16.3	0.0	16.3	
2.32812	-0.5	-683	16.2	16.3	-0.1	16.3	0.0	16.3	
2.33203	-0.5	-683	16.2	16.3	-0.1	16.3	0.0	16.3	
2.33594	-0.6	-683	16.2	16.3	-0.1	16.3	0.0	16.3	
2.33984	-0.5	-683	16.2	16.3	-0.1	16.3	0.0	16.3	
2.34375	-0.5	-683	16.2	16.3	-0.1	16.3	0.0	16.3	
2.34766	-0.5	-683	16.2	16.3	-0.1	16.3	0.0	16.3	
2.35156	-0.5	-683	16.2	16.3	-0.1	16.3	0.0	16.3	
2.35547	-0.5	-683	16.2	16.3	-0.1	16.3	0.0	16.3	
2.35938	-0.5	-683	16.2	16.3	-0.1	16.3	0.0	16.3	
2.36328	-0.5	-683	16.2	16.3	-0.1	16.3	0.0	16.3	
2.36719	-0.5	-683	16.2	16.3	-0.1	16.3	0.0	16.3	
2.37109	-0.5	-683	16.2	16.3	-0.1	16.3	0.0	16.3	
2.37500	-0.5	-683	16.2	16.3	-0.1	16.3	0.0	16.3	
2.37891	-0.5	-683	16.2	16.3	-0.1	16.3	0.0	16.3	
2.38281	-0.5	-683	16.2	16.3	-0.1	16.3	0.0	16.3	
2.38672	-0.5	-683	16.2	16.3	-0.1	16.3	0.0	16.3	
2.39062	-0.5	-683	16.2	16.3	-0.1	16.3	0.0	16.3	
2.39453	-0.6	-683	16.2	16.3	-0.1	16.3	0.0	16.3	
2.39844	-0.6	-683	16.2	16.3	-0.1	16.3	0.0	16.3	
2.40234	-0.5	-683	16.2	16.3	-0.1	16.3	0.0	16.3	
2.40625	-0.5	-683	16.2	16.3	-0.1	16.3	0.0	16.3	
2.41016	-0.6	-683	16.2	16.3	-0.1	16.3	0.0	16.3	
2.41406	-0.5	-683	16.2	16.3	-0.1	16.3	0.0	16.3	
2.41797	-0.5	-683	16.2	16.4	-0.2	16.4	0.0	16.4	
2.42188	-0.6	-683	16.2	16.3	-0.1	16.3	0.0	16.3	
2.42578	-0.6	-683	16.2	16.4	-0.2	16.4	0.0	16.4	
2.42969	-0.5	-684	16.2	16.4	-0.2	16.4	0.0	16.4	
2.43359	-0.5	-684	16.2	16.4	-0.2	16.4	0.0	16.4	
2.43750	-0.5	-684	16.2	16.4	-0.2	16.4	0.0	16.4	
2.44141	-0.5	-684	16.2	16.4	-0.2	16.4	0.0	16.4	
2.44531	-0.4	-684	16.2	16.4	-0.2	16.4	0.0	16.4	
2.44922	-0.4	-684	16.2	16.5	-0.3	16.5	0.0	16.5	
2.45312	-0.4	-684	16.2	16.5	-0.3	16.5	0.0	16.5	
2.45703	-0.4	-684	16.1	16.5	-0.4	16.5	0.0	16.5	
2.46094	-0.3	-684	16.1	16.5	-0.4	16.5	0.0	16.5	
2.46484	-0.3	-684	16.1	16.5	-0.4	16.5	0.0	16.5	
2.46875	-0.3	-684	16.1	16.5	-0.4	16.5	0.0	16.5	
2.47266	-0.3	-684	16.0	16.5	-0.5	16.5	0.0	16.5	
2.47656	-0.3	-684	16.0	16.5	-0.5	16.5	0.0	16.5	
2.48047	-0.3	-684	16.0	16.5	-0.5	16.5	0.0	16.5	
2.48438	-0.4	-684	15.9	16.5	-0.6	16.5	0.0	16.5	
2.48828	-0.4	-684	15.9	16.5	-0.6	16.5	0.0	16.5	
2.49219	-0.4	-684	15.9	16.4	-0.5	16.4	0.0	16.4	
2.49609	-0.5	-684	15.9	16.4	-0.5	16.4	0.0	16.4	
2.50000	-0.5	-684	15.9	16.4	-0.5	16.4	0.0	16.4	
2.50391	-0.6	-684	15.9	16.4	-0.5	16.4	0.0	16.4	
2.50781	-0.7	-684	15.9	16.3	-0.4	16.3	0.0	16.3	
2.51172	-0.7	-684	16.0	16.3	-0.3	16.3	0.0	16.3	
2.51562	-0.8	-684	16.0	16.3	-0.3	16.3	0.0	16.3	
2.51953	-0.8	-684	16.0	16.3	-0.3	16.3	0.0	16.3	
2.52344	-0.9	-684	16.1	16.3	-0.2	16.3	0.0	16.3	
2.52734	-0.9	-684	16.1	16.2	-0.1	16.2	0.0	16.2	
2.53125	-0.9	-684	16.2	16.2	0.0	16.2	0.0	16.2	
2.53516	-0.9	-684	16.2	16.2	0.0	16.2	0.0	16.2	
2.53906	-0.9	-685	16.3	16.2	0.1	16.2	0.0	16.2	
2.54297	-0.9	-685	16.3	16.2	0.1	16.2	0.0	16.2	
2.54688	-0.9	-685	16.4	16.2	0.2	16.2	0.0	16.2	
2.55078	-0.8	-685	16.4	16.2	0.2	16.2	0.0	16.2	
2.55469	-0.8	-685	16.4	16.2	0.2	16.2	0.0	16.2	
2.55859	-0.7	-685	16.5	16.2	0.3	16.2	0.0	16.2	
2.56250	-0.7	-685	16.5	16.2	0.3	16.2	0.0	16.2	
2.56641	-0.7	-685	16.5	16.2	0.3	16.2	0.0	16.2	
2.57031	-0.6	-685	16.5	16.2	0.3	16.2	0.0	16.2	
2.57422	-0.6	-685	16.5	16.2	0.3	16.2	0.0	16.2	
2.57812	-0.5	-685	16.5	16.2	0.3	16.2	0.0	16.2	
2.58203	-0.5	-685	16.5	16.2	0.3	16.2	0.0	16.2	
2.58594	-0.4	-685	16.5	16.2	0.3	16.2	0.0	16.2	
2.58984	-0.4	-685	16.5	16.2	0.3	16.2	0.0	16.2	
2.59375	-0.4	-685	16.5	16.2	0.3	16.2	0.0	16.2	
2.59766	-0.4	-685	16.5	16.2	0.3	16.2	0.0	16.2	
2.60156	-0.4	-685	16.5	16.2	0.3	16.2	0.0	16.2	
2.60547	-0.4	-685	16.5	16.2	0.3	16.2	0.0	16.2	
2.60938	-0.4	-685	16.5	16.2	0.3	16.2	0.0	16.2	
2.61328	-0.4	-685	16.4	16.2	0.2	16.2	0.0	16.2	
2.61719	-0.4	-685	16.4	16.2	0.2	16.2	0.0	16.2	
2.62109	-0.4	-685	16.4	16.2	0.2	16.2	0.0	16.2	
2.62500	-0.4	-685	16.4	16.2	0.2	16.2	0.0	16.2	
2.62891	-0.5	-685	16.4	16.2	0.2	16.2	0.0	16.2	
2.63281	-0.5	-685	16.4	16.2	0.2	16.2	0.0	16.2	
2.63672	-0.5	-685	16.4	16.2	0.2	16.2	0.0	16.2	
2.64062	-0.5	-685	16.3	16.2	0.1	16.2	0.0	16.2	
2.64453	-0.5	-685	16.3	16.2	0.1	16.2	0.0	16.2	
2.64844	-0.5	-685	16.3	16.3	0.0	16.3	0.0	16.3	
2.65234	-0.4	-686	16.3	16.3	0.0	16.3	0.0	16.3	
2.65625	-0.4	-686	16.3	16.2	0.1	16.2	0.0	16.2	
2.66016	-0.4	-686	16.3	16.2	0.1	16.2	0.0	16.2	
2.66406	-0.4	-686	16.2	16.3	-0.1	16.3	0.0	16.3	
2.66797	-0.4	-686	16.2	16.2	0.0	16.2	0.0	16.2	
2.67188	-0.4	-686	16.2	16.2	0.0	16.2	0.0	16.2	
2.67578	-0.4	-686	16.2	16.2	0.0	16.2	0.0	16.2	
2.67969	-0.4	-686	16.2	16.2	0.0	16.2	0.0	16.2	
2.68359	-0.4	-686	16.2	16.2	0.0	16.2	0.0	16.2	
2.68750	-0.4	-686	16.1	16.2	-0.1	16.2	0.0	16.2	
2.69141	-0.4	-686	16.1	16.2	-0.1	16.2	0.0	16.2	
2.69531	-0.5	-686	16.1	16.2	-0.1	16.2	0.0	16.2	
2.69922	-0.5	-686	16.1	16.2	-0.1	16.2	0.0	16.2	
2.70312	-0.5	-686	16.1	16.2	-0.1	16.2	0.0	16.2	
2.70703	-0.5	-686	16.1	16.2	-0.1	16.2	0.0	16.2	
2.71094	-0.5	-686	16.1	16.2	-0.1	16.2	0.0	16.2	
2.71484	-0.5	-686	16.1	16.2	-0.1	16.2	0.0	16.2	
2.71875	-0.5	-686	16.1	16.2	-0.1	16.2	0.0	16.2	
2.72266	-0.5	-686	16.1	16.2	-0.1	16.2	0.0	16.2	
2.72656	-0.5	-686	16.1	16.2	-0.1	16.2	0.0	16.2	
2.73047	-0.5	-686	16.1	16.2	-0.1	16.2	0.0	16.2	
2.73438	-0.5	-686	16.1	16.1	0.0	16.1	0.0	16.1	
2.73828	-0.6	-686	16.1	16.1	0.0	16.1	0.0	16.1	
2.74219	-0.6	-686	16.1	16.2	-0.1	16.2	0.0	16.2	
2.74609	-0.5	-686	16.1	16.2	-0.1	16.2	0.0	16.2	
2.75000	-0.5	-686	16.1	16.2	-0.1	16.2	0.0	16.2	
2.75391	-0.5	-686	16.1	16.2	-0.1	16.2	0.0	16.2	
2.75781	-0.5	-686	16.2	16.2	0.0	16.2	0.0	16.2	
2.76172	-0.5	-686	16.2	16.2	0.0	16.2	0.0	16.2	
2.76562	-0.5	-686	16.1	16.2	-0.1	16.2	0.0	16.2	
2.76953	-0.5	-686	16.2	16.2	0.0	16.2	0.0	16.2	
2.77344	-0.5	-686	16.2	16.2	0.0	16.2	0.0	16.2	
2.77734	-0.5	-687	16.2	16.2	0.0	16.2	0.0	16.2	
2.78125	-0.5	-687	16.2	16.2	0.0	16.2	0.0	16.2	
2.78516	-0.5	-687	16.2	16.2	0.0	16.2	0.0	16.2	
2.78906	-0.5	-687	16.2	16.3	-0.1	16.3	0.0	16.3	
2.79297	-0.5	-687	16.1	16.3	-0.2	16.3	0.0	16.3	
2.79688	-0.5	-687	16.1	16.3	-0.2	16.3	0.0	16.3	
2.80078	-0.5	-687	16.1	16.3	-0.2	16.3	0.0	16.3	
2.80469	-0.5	-687	16.1	16.3	-0.2	16.3	0.0	16.3	
2.80859	-0.6	-687	16.1	16.3	-0.2	16.3	0.0	16.3	
2.81250	-0.5	-687	16.1	16.3	-0.2	16.3	0.0	16.3	
2.81641	-0.5	-687	16.1	16.3	-0.2	16.3	0.0	16.3	
2.82031	-0.5	-687	16.1	16.3	-0.2	16.3	0.0	16.3	
2.82422	-0.5	-687	16.1	16.3	-0.2	16.3	0.0	16.3	
2.82812	-0.5	-687	16.1	16.3	-0.2	16.3	0.0	16.3	
2.83203	-0.5	-687	16.1	16.3	-0.2	16.3	0.0	16.3	
2.83594	-0.5	-687	16.2	16.3	-0.1	16.3	0.0	16.3	
2.83984	-0.5	-687	16.2	16.3	-0.1	16.3	0.0	16.3	
2.84375	-0.5	-687	16.1	16.4	-0.3	16.4	0.0	16.4	
2.84766	-0.5	-687	16.2	16.4	-0.2	16.4	0.0	16.4	
2.85156	-0.6	-687	16.2	16.3	-0.1	16.3	0.0	16.3	
2.85547	-0.6	-687	16.2	16.3	-0.1	16.3	0.0	16.3	
2.85938	-0.5	-687	16.2	16.4	-0.2	16.4	0.0	16.4	
2.86328	-0.5	-687	16.2	16.3	-0.1	16.3	0.0	16.3	
2.86719	-0.6	-687	16.2	16.3	-0.1	16.3	0.0	16.3	
2.87109	-0.6	-687	16.2	16.3	-0.1	16.3	0.0	16.3	
2.87500	-0.6	-687	16.2	16.3	-0.1	16.3	0.0	16.3	
2.87891	-0.6	-687	16.2	16.3	-0.1	16.3	0.0	16.3	
2.88281	-0.6	-687	16.3	16.3	0.0	16.3	0.0	16.3	
2.88672	-0.5	-687	16.3	16.3	0.0	16.3	0.0	16.3	
2.89062	-0.5	-688	16.3	16.3	0.0	16.3	0.0	16.3	
2.89453	-0.5	-688	16.3	16.3	0.0	16.3	0.0	16.3	
2.89844	-0.5	-688	16.3	16.3	0.0	16.3	0.0	16.3	
2.90234	-0.5	-688	16.3	16.3	0.0	16.3	0.0	16.3	
2.90625	-0.5	-688	16.3	16.3	0.0	16.3	0.0	16.3	
2.91016	-0.5	-688	16.3	16.3	0.0	16.3	0.0	16.3	
2.91406	-0.5	-688	16.3	16.3	0.0	16.3	0.0	16.3	
2.91797	-0.5	-688	16.3	16.3	0.0	16.3	0.0	16.3	
2.92188	-0.6	-688	16.3	16.3	0.0	16.3	0.0	16.3	
2.92578	-0.6	-688	16.3	16.3	0.0	16.3	0.0	16.3	
2.92969	-0.6	-688	16.4	16.3	0.1	16.3	0.0	16.3	
2.93359	-0.6	-688	16.4	16.3	0.1	16.3	0.0	16.3	
2.93750	-0.6	-688	16.4	16.3	0.1	16.3	0.0	16.3	
2.94141	-0.6	-688	16.4	16.3	0.1	16.3	0.0	16.3	
2.94531	-0.6	-688	16.4	16.4	0.0	16.4	0.0	16.4	
2.94922	-0.6	-688	16.4	16.4	0.0	16.4	0.0	16.4	
2.95312	-0.6	-688	16.5	16.4	0.1	16.4	0.0	16.4	
2.95703	-0.6	-688	16.5	16.4	0.1	16.4	0.0	16.4	
2.96094	-0.6	-688	16.5	16.4	0.1	16.4	0.0	16.4	
2.96484	-0.6	-688	16.5	16.4	0.1	16.4	0.0	16.4	
2.96875	-0.6	-688	16.6	16.4	0.2	16.4	0.0	16.4	
2.97266	-0.6	-688	16.5	16.5	0.0	16.5	0.0	16.5	
2.97656	-0.6	-688	16.6	16.5	0.1	16.5	0.0	16.5	
2.98047	-0.6	-688	16.6	16.5	0.1	16.5	0.0	16.5	
2.98438	-0.6	-688	16.6	16.5	0.1	16.5	0.0	16.5	
2.98828	-0.5	-688	16.6	16.5	0.1	16.5	0.0	16.5	
2.99219	-0.5	-688	16.6	16.6	0.0	16.6	0.0	16.6	
2.99609	-0.5	-688	16.6	16.6	0.0	16.6	0.0	16.6	
3.00000	-0.5	-689	16.6	16.6	0.0	16.6	0.0	16.6	
3.00391	-0.5	-689	16.6	16.6	0.0	16.6	0.0	16.6	
3.00781	-0.4	-689	16.6	16.6	0.0	16.6	0.0	16.6	
3.01172	-0.4	-689	16.6	16.6	0.0	16.6	0.0	16.6	
3.01562	-0.4	-689	16.6	16.7	-0.1	16.7	0.0	16.7	
3.01953	-0.4	-689	16.5	16.7	-0.2	16.7	0.0	16.7	
3.02344	-0.4	-689	16.5	16.7	-0.2	16.7	0.0	16.7	
3.02734	-0.4	-689	16.5	16.7	-0.2	16.7	0.0	16.7	
3.03125	-0.4	-689	16.5	16.7	-0.2	16.7	0.0	16.7	
3.03516	-0.4	-689	16.4	16.7	-0.3	16.7	0.0	16.7	
3.03906	-0.5	-689	16.4	16.7	-0.3	16.7	0.0	16.7	
3.04297	-0.4	-689	16.4	16.6	-0.2	16.6	0.0	16.6	
3.04688	-0.5	-689	16.4	16.6	-0.2	16.6	0.0	16.6	
3.05078	-0.6	-689	16.4	16.6	-0.2	16.6	0.0	16.6	
3.05469	-0.6	-689	16.4	16.6	-0.2	16.6	0.0	16.6	
3.05859	-0.6	-689	16.4	16.6	-0.2	16.6	0.0	16.6	
3.06250	-0.7	-689	16.5	16.6	-0.1	16.6	0.0	16.6	
3.06641	-0.7	-689	16.5	16.5	0.0	16.5	0.0	16.5	
3.07031	-0.8	-689	16.5	16.5	0.0	16.5	0.0	16.5	
3.07422	-0.8	-689	16.6	16.5	0.1	16.5	0.0	16.5	
3.07812	-0.8	-689	16.6	16.5	0.1	16.5	0.0	16.5	
3.08203	-0.9	-689	16.6	16.5	0.1	16.5	0.0	16.5	
3.08594	-0.9	-689	16.7	16.5	0.2	16.5	0.0	16.5	
3.08984	-0.9	-689	16.7	16.4	0.3	16.4	0.0	16.4	
3.09375	-0.9	-689	16.8	16.4	0.4	16.4	0.0	16.4	
3.09766	-0.9	-690	16.8	16.5	0.3	16.5	0.0	16.5	
3.10156	-0.8	-690	16.8	16.5	0.3	16.5	0.0	16.5	
3.10547	-0.8	-690	16.9	16.4	0.5	16.4	0.0	16.4	
3.10938	-0.8	-690	16.9	16.4	0.5	16.4	0.0	16.4	
3.11328	-0.7	-690	16.9	16.4	0.5	16.4	0.0	16.4	
3.11719	-0.6	-690	17.0	16.4	0.6	16.4	0.0	16.4	
3.12109	-0.6	-690	17.0	16.5	0.5	16.5	0.0	16.5	
3.12500	-0.6	-690	17.0	16.5	0.5	16.5	0.0	16.5	
3.12891	-0.5	-690	17.0	16.5	0.5	16.5	0.0	16.5	
3.13281	-0.5	-690	17.0	16.5	0.5	16.5	0.0	16.5	
3.13672	-0.5	-690	17.0	16.5	0.5	16.5	0.0	16.5	
3.14062	-0.5	-690	17.0	16.5	0.5	16.5	0.0	16.5	
3.14453	-0.4	-690	17.0	16.5	0.5	16.5	0.0	16.5	
3.14844	-0.4	-690	17.0	16.5	0.5	16.5	0.0	16.5	
3.15234	-0.5	-690	17.0	16.5	0.5	16.5	0.0	16.5	
3.15625	-0.5	-690	17.0	16.5	0.5	16.5	0.0	16.5	
3.16016	-0.5	-690	17.0	16.5	0.5	16.5	0.0	16.5	
3.16406	-0.5	-690	17.0	16.5	0.5	16.5	0.0	16.5	
3.16797	-0.5	-690	17.0	16.5	0.5	16.5	0.0	16.5	
3.17188	-0.5	-690	17.0	16.5	0.5	16.5	0.0	16.5	
3.17578	-0.5	-690	16.9	16.6	0.3	16.6	0.0	16.6	
3.17969	-0.5	-690	16.9	16.6	0.3	16.6	0.0	16.6	
3.18359	-0.5	-690	16.9	16.6	0.3	16.6	0.0	16.6	
3.18750	-0.5	-690	16.9	16.6	0.3	16.6	0.0	16.6	
3.19141	-0.5	-690	16.9	16.6	0.3	16.6	0.0	16.6	
3.19531	-0.5	-690	16.9	16.6	0.3	16.6	0.0	16.6	
3.19922	-0.5	-690	16.9	16.6	0.3	16.6	0.0	16.6	
3.20312	-0.5	-690	16.9	16.6	0.3	16.6	0.0	16.6	
3.20703	-0.5	-691	16.9	16.6	0.3	16.6	0.0	16.6	
3.21094	-0.5	-691	16.9	16.6	0.3	16.6	0.0	16.6	
3.21484	-0.5	-691	16.9	16.6	0.3	16.6	0.0	16.6	
3.21875	-0.4	-691	16.9	16.6	0.3	16.6	0.0	16.6	
3.22266	-0.4	-691	16.8	16.6	0.2	16.6	0.0	16.6	
3.22656	-0.4	-691	16.8	16.6	0.2	16.6	0.0	16.6	
3.23047	-0.4	-691	16.8	16.6	0.2	16.6	0.0	16.6	
3.23438	-0.4	-691	16.8	16.6	0.2	16.6	0.0	16.6	
3.23828	-0.4	-691	16.8	16.6	0.2	16.6	0.0	16.6	
3.24219	-0.4	-691	16.8	16.6	0.2	16.6	0.0	16.6	
3.24609	-0.4	-691	16.8	16.6	0.2	16.6	0.0	16.6	
3.25000	-0.4	-691	16.7	16.6	0.1	16.6	0.0	16.6	
3.25391	-0.5	-691	16.7	16.6	0.1	16.6	0.0	16.6	
3.25781	-0.5	-691	16.7	16.6	0.1	16.6	0.0	16.6	
3.26172	-0.5	-691	16.7	16.6	0.1	16.6	0.0	16.6	
3.26562	-0.5	-691	16.7	16.6	0.1	16.6	0.0	16.6	
3.26953	-0.5	-691	16.7	16.6	0.1	16.6	0.0	16.6	
3.27344	-0.5	-691	16.7	16.6	0.1	16.6	0.0	16.6	
3.27734	-0.6	-691	16.7	16.6	0.1	16.6	0.0	16.6	
3.28125	-0.6	-691	16.7	16.6	0.1	16.6	0.0	16.6	
3.28516	-0.5	-691	16.7	16.6	0.1	16.6	0.0	16.6	
3.28906	-0.5	-691	16.7	16.6	0.1	16.6	0.0	16.6	
3.29297	-0.6	-691	16.8	16.6	0.2	16.6	0.0	16.6	
3.29688	-0.5	-691	16.8	16.6	0.2	16.6	0.0	16.6	
3.30078	-0.5	-691	16.8	16.6	0.2	16.6	0.0	16.6	
3.30469	-0.5	-691	16.8	16.6	0.2	16.6	0.0	16.6	
3.30859	-0.5	-691	16.8	16.6	0.2	16.6	0.0	16.6	
3.31250	-0.5	-691	16.8	16.6	0.2	16.6	0.0	16.6	
3.31641	-0.6	-691	16.8	16.7	0.1	16.7	0.0	16.7	
3.32031	-0.5	-691	16.8	16.7	0.1	16.7	0.0	16.7	
3.32422	-0.5	-691	16.8	16.7	0.1	16.7	0.0	16.7	
3.32812	-0.5	-691	16.8	16.7	0.1	16.7	0.0	16.7	
3.33203	-0.5	-692	16.8	16.7	0.1	16.7	0.0	16.7	
3.33594	-0.5	-692	16.8	16.7	0.1	16.7	0.0	16.7	
3.33984	-0.5	-692	16.8	16.7	0.1	16.7	0.0	16.7	
3.34375	-0.6	-692	16.9	16.8	0.1	16.8	0.0	16.8	
3.34766	-0.6	-692	16.9	16.8	0.1	16.8	0.0	16.8	
3.35156	-0.5	-692	16.9	16.8	0.1	16.8	0.0	16.8	
3.35547	-0.5	-692	16.9	16.8	0.1	16.8	0.0	16.8	
3.35938	-0.5	-692	16.9	16.8	0.1	16.8	0.0	16.8	
3.36328	-0.5	-692	16.9	16.8	0.1	16.8	0.0	16.8	
3.36719	-0.5	-692	16.9	16.8	0.1	16.8	0.0	16.8	
3.37109	-0.6	-692	16.9	16.8	0.1	16.8	0.0	16.8	
3.37500	-0.6	-692	16.9	16.9	0.0	16.9	0.0	16.9	
3.37891	-0.5	-692	16.9	16.9	0.0	16.9	0.0	16.9	
3.38281	-0.5	-692	16.9	16.9	0.0	16.9	0.0	16.9	
3.38672	-0.6	-692	16.9	16.9	0.0	16.9	0.0	16.9	
3.39062	-0.5	-692	16.9	16.9	0.0	16.9	0.0	16.9	
3.39453	-0.6	-692	16.9	16.9	0.0	16.9	0.0	16.9	
3.39844	-0.6	-692	17.0	16.9	0.1	16.9	0.0	16.9	
3.40234	-0.6	-692	17.0	16.9	0.1	16.9	0.0	16.9	
3.40625	-0.6	-692	17.0	16.9	0.1	16.9	0.0	16.9	
3.41016	-0.6	-692	17.0	16.9	0.1	16.9	0.0	16.9	
3.41406	-0.6	-692	17.0	16.9	0.1	16.9	0.0	16.9	
3.41797	-0.6	-692	17.0	16.9	0.1	16.9	0.0	16.9	
3.42188	-0.6	-692	17.1	16.9	0.2	16.9	0.0	16.9	
3.42578	-0.6	-692	17.1	16.9	0.2	16.9	0.0	16.9	
3.42969	-0.6	-692	17.1	16.9	0.2	16.9	0.0	16.9	
3.43359	-0.6	-692	17.1	16.9	0.2	16.9	0.0	16.9	
3.43750	-0.6	-693	17.1	16.9	0.2	16.9	0.0	16.9	
3.44141	-0.6	-693	17.1	16.9	0.2	16.9	0.0	16.9	
3.44531	-0.6	-693	17.2	16.9	0.3	16.9	0.0	16.9	
3.44922	-0.7	-693	17.2	16.9	0.3	16.9	0.0	16.9	
3.45312	-0.6	-693	17.2	16.9	0.3	16.9	0.0	16.9	
3.45703	-0.6	-693	17.2	17.0	0.2	17.0	0.0	17.0	
3.46094	-0.7	-693	17.2	17.0	0.2	17.0	0.0	17.0	
3.46484	-0.7	-693	17.3	17.0	0.3	17.0	0.0	17.0	
3.46875	-0.7	-693	17.3	17.0	0.3	17.0	0.0	17.0	
3.47266	-0.7	-693	17.3	17.0	0.3	17.0	0.0	17.0	
3.47656	-0.7	-693	17.4	17.0	0.4	17.0	0.0	17.0	
3.48047	-0.8	-693	17.4	17.0	0.4	17.0	0.0	17.0	
3.48438	-0.8	-693	17.5	17.0	0.5	17.0	0.0	17.0	
3.48828	-0.8	-693	17.5	17.0	0.5	17.0	0.0	17.0	
3.49219	-0.8	-693	17.5	17.0	0.5	17.0	0.0	17.0	
3.49609	-0.9	-693	17.6	17.1	0.5	17.1	0.0	17.1	
3.50000	-0.9	-693	17.6	17.1	0.5	17.1	0.0	17.1	
3.50391	-0.9	-693	17.6	17.1	0.5	17.1	0.0	17.1	
3.50781	-0.9	-693	17.7	17.1	0.6	17.1	0.0	17.1	
3.51172	-0.9	-693	17.7	17.2	0.5	17.2	0.0	17.2	
3.51562	-0.9	-693	17.8	17.2	0.6	17.2	0.0	17.2	
3.51953	-0.9	-694	17.8	17.2	0.6	17.2	0.0	17.2	
3.52344	-0.9	-694	17.9	17.3	0.6	17.3	0.0	17.3	
3.52734	-0.9	-694	17.9	17.3	0.6	17.3	0.0	17.3	
3.53125	-0.9	-694	17.9	17.3	0.6	17.3	0.0	17.3	
3.53516	-0.9	-694	18.0	17.3	0.7	17.3	0.0	17.3	
3.53906	-0.9	-694	18.0	17.4	0.6	17.4	0.0	17.4	
3.54297	-0.8	-694	18.1	17.4	0.7	17.4	0.0	17.4	
3.54688	-0.9	-694	18.1	17.5	0.6	17.5	0.0	17.5	
3.55078	-0.9	-694	18.1	17.5	0.6	17.5	0.0	17.5	
3.55469	-0.9	-694	18.2	17.5	0.7	17.5	0.0	17.5	
3.55859	-0.9	-694	18.2	17.6	0.6	17.6	0.0	17.6	
3.56250	-0.9	-694	18.3	17.6	0.7	17.6	0.0	17.6	
3.56641	-0.8	-694	18.3	17.6	0.7	17.6	0.0	17.6	
3.57031	-0.9	-694	18.3	17.7	0.6	17.7	0.0	17.7	
3.57422	-0.9	-694	18.4	17.7	0.7	17.7	0.0	17.7	
3.57812	-0.9	-694	18.4	17.7	0.7	17.7	0.0	17.7	
3.58203	-1.0	-694	18.5	17.8	0.7	17.8	0.0	17.8	
3.58594	-1.0	-695	18.5	17.8	0.7	17.8	0.0	17.8	
3.58984	-1.0	-695	18.6	17.8	0.8	17.8	0.0	17.8	
3.59375	-1.1	-695	18.7	17.8	0.9	17.8	0.0	17.8	
3.59766	-1.2	-695	18.7	17.9	0.8	17.9	0.0	17.9	
3.60156	-1.3	-695	18.8	17.9	0.9	17.9	0.0	17.9	
3.60547	-1.4	-695	18.9	17.9	1.0	17.9	0.0	17.9	
3.60938	-1.5	-695	18.9	17.9	1.0	17.9	0.0	17.9	
3.61328	-1.7	-695	19.0	17.9	1.1	17.9	0.0	17.9	
3.61719	-1.8	-695	19.1	18.0	1.1	18.0	0.0	18.0	
3.62109	-2.0	-695	19.2	18.0	1.2	18.0	0.0	18.0	
3.62500	-2.1	-696	19.3	18.0	1.3	18.0	0.0	18.0	
3.62891	-2.3	-696	19.5	18.0	1.5	18.0	0.0	18.0	
3.63281	-2.4	-696	19.6	18.1	1.5	18.1	0.0	18.1	
3.63672	-2.5	-696	19.7	18.1	1.6	18.1	0.0	18.1	
3.64062	-2.6	-696	19.8	18.1	1.7	18.1	0.0	18.1	
3.64453	-2.7	-696	19.9	18.2	1.7	18.2	0.0	18.2	
3.64844	-2.7	-697	20.0	18.2	1.8	18.2	0.0	18.2	
3.65234	-2.8	-697	20.1	18.2	1.9	18.2	0.0	18.2	
3.65625	-2.8	-697	20.3	18.3	2.0	18.3	0.0	18.3	
3.66016	-2.8	-697	20.4	18.3	2.1	18.3	0.0	18.3	
3.66406	-2.7	-697	20.5	18.4	2.1	18.4	0.0	18.4	
3.66797	-2.7	-697	20.6	18.4	2.2	18.4	0.0	18.4	
3.67188	-2.6	-698	20.7	18.5	2.2	18.5	0.0	18.5	
3.67578	-2.4	-698	20.8	18.5	2.3	18.5	0.0	18.5	
3.67969	-2.3	-698	20.9	18.6	2.3	18.6	0.0	18.6	
3.68359	-2.2	-698	21.0	18.7	2.3	18.7	0.0	18.7	
3.68750	-2.0	-698	21.1	18.7	2.4	18.7	0.0	18.7	
3.69141	-1.9	-698	21.2	18.8	2.4	18.8	0.0	18.8	
3.69531	-1.8	-698	21.2	18.9	2.3	18.9	0.0	18.9	
3.69922	-1.7	-699	21.3	18.9	2.4	18.9	0.0	18.9	
3.70312	-1.6	-699	21.4	19.0	2.4	19.0	0.0	19.0	
3.70703	-1.6	-699	21.4	19.0	2.4	19.0	0.0	19.0	
3.71094	-1.5	-699	21.5	19.1	2.4	19.1	0.0	19.1	
3.71484	-1.4	-699	21.6	19.2	2.4	19.2	0.0	19.2	
3.71875	-1.4	-699	21.6	19.2	2.4	19.2	0.0	19.2	
3.72266	-1.4	-699	21.7	19.3	2.4	19.3	0.0	19.3	
3.72656	-1.4	-699	21.7	19.4	2.3	19.4	0.0	19.4	
3.73047	-1.4	-699	21.8	19.4	2.4	19.4	0.0	19.4	
3.73438	-1.3	-699	21.8	19.5	2.3	19.5	0.0	19.5	
3.73828	-1.3	-699	21.9	19.6	2.3	19.6	0.0	19.6	
3.74219	-1.3	-700	22.0	19.6	2.4	19.6	0.0	19.6	
3.74609	-1.2	-700	22.0	19.7	2.3	19.7	0.0	19.7	
3.75000	-1.2	-700	22.0	19.8	2.2	19.8	0.0	19.8	
3.75391	-1.2	-700	22.1	19.8	2.3	19.8	0.0	19.8	
3.75781	-1.2	-700	22.1	19.9	2.2	19.9	0.0	19.9	
3.76172	-1.1	-700	22.2	20.0	2.2	20.0	0.0	20.0	
3.76562	-1.1	-700	22.2	20.0	2.2	20.0	0.0	20.0	
3.76953	-1.1	-700	22.3	20.1	2.2	20.1	0.0	20.1	
3.77344	-1.0	-700	22.3	20.1	2.2	20.1	0.0	20.1	
3.77734	-1.1	-700	22.4	20.2	2.2	20.2	0.0	20.2	
3.78125	-1.1	-700	22.4	20.2	2.2	20.2	0.0	20.2	
3.78516	-1.1	-700	22.5	20.3	2.2	20.3	0.0	20.3	
3.78906	-1.2	-700	22.5	20.4	2.1	20.4	0.0	20.4	
3.79297	-1.3	-701	22.6	20.4	2.2	20.4	0.0	20.4	
3.79688	-1.3	-701	22.7	20.5	2.2	20.5	0.0	20.5	
3.80078	-1.5	-701	22.7	20.5	2.2	20.5	0.0	20.5	
3.80469	-1.6	-701	22.8	20.6	2.2	20.6	0.0	20.6	
3.80859	-1.7	-701	22.9	20.6	2.3	20.6	0.0	20.6	
3.81250	-1.8	-701	22.9	20.7	2.2	20.7	0.0	20.7	
3.81641	-1.9	-701	23.0	20.7	2.3	20.7	0.0	20.7	
3.82031	-1.9	-701	23.1	20.8	2.3	20.8	0.0	20.8	
3.82422	-2.0	-701	23.2	20.9	2.3	20.9	0.0	20.9	
3.82812	-2.1	-702	23.3	20.9	2.4	20.9	0.0	20.9	
3.83203	-2.1	-702	23.4	21.0	2.4	21.0	0.0	21.0	
3.83594	-2.1	-702	23.5	21.0	2.5	21.0	0.0	21.0	
3.83984	-2.1	-702	23.6	21.1	2.5	21.1	0.0	21.1	
3.84375	-2.2	-702	23.7	21.2	2.5	21.2	0.0	21.2	
3.84766	-2.2	-702	23.7	21.2	2.5	21.2	0.0	21.2	
3.85156	-2.2	-702	23.8	21.3	2.5	21.3	0.0	21.3	
3.85547	-2.3	-703	23.9	21.4	2.5	21.4	0.0	21.4	
3.85938	-2.3	-703	24.0	21.5	2.5	21.5	0.0	21.5	
3.86328	-2.3	-703	24.1	21.6	2.5	21.6	0.0	21.6	
3.86719	-2.4	-703	24.2	21.6	2.6	21.6	0.0	21.6	
3.87109	-2.4	-703	24.3	21.7	2.6	21.7	0.0	21.7	
3.87500	-2.4	-703	24.4	21.8	2.6	21.8	0.0	21.8	
3.87891	-2.5	-703	24.5	21.9	2.6	21.9	0.0	21.9	
3.88281	-2.5	-704	24.6	21.9	2.7	21.9	0.0	21.9	
3.88672	-2.5	-704	24.7	22.0	2.7	22.0	0.0	22.0	
3.89062	-2.5	-704	24.8	22.1	2.7	22.1	0.0	22.1	
3.89453	-2.5	-704	24.9	22.2	2.7	22.2	0.0	22.2	
3.89844	-2.5	-704	25.0	22.3	2.7	22.3	0.0	22.3	
3.90234	-2.5	-704	25.1	22.4	2.7	22.4	0.0	22.4	
3.90625	-2.5	-705	25.3	22.4	2.9	22.4	0.0	22.4	
3.91016	-2.6	-705	25.4	22.5	2.9	22.5	0.0	22.5	
3.91406	-2.6	-705	25.5	22.6	2.9	22.6	0.0	22.6	
3.91797	-2.7	-705	25.6	22.7	2.9	22.7	0.0	22.7	
3.92188	-2.8	-705	25.7	22.8	2.9	22.8	0.0	22.8	
3.92578	-2.9	-705	25.8	22.9	2.9	22.9	0.0	22.9	
3.92969	-3.0	-706	25.9	23.0	2.9	23.0	0.0	23.0	
3.93359	-3.1	-706	26.1	23.0	3.1	23.0	0.0	23.0	
3.93750	-3.3	-706	26.2	23.1	3.1	23.1	0.0	23.1	
3.94141	-3.3	-706	26.3	23.2	3.1	23.2	0.0	23.2	
3.94531	-3.4	-707	26.4	23.3	3.1	23.3	0.0	23.3	
3.94922	-3.4	-707	26.6	23.4	3.2	23.4	0.0	23.4	
3.95312	-3.4	-707	26.7	23.5	3.2	23.5	0.0	23.5	
3.95703	-3.4	-707	26.8	23.6	3.2	23.6	0.0	23.6	
3.96094	-3.3	-707	26.9	23.6	3.3	23.6	0.0	23.6	
3.96484	-3.2	-708	27.1	23.7	3.4	23.7	0.0	23.7	
3.96875	-3.1	-708	27.2	23.8	3.4	23.8	0.0	23.8	
3.97266	-2.9	-708	27.3	23.9	3.4	23.9	0.0	23.9	
3.97656	-2.8	-708	27.4	24.0	3.4	24.0	0.0	24.0	
3.98047	-2.7	-708	27.5	24.1	3.4	24.1	0.0	24.1	
3.98438	-2.6	-709	27.6	24.2	3.4	24.2	0.0	24.2	
3.98828	-2.5	-709	27.7	24.2	3.5	24.2	0.0	24.2	
3.99219	-2.4	-709	27.7	24.3	3.4	24.3	0.0	24.3	
3.99609	-2.3	-709	27.8	24.4	3.4	24.4	0.0	24.4	
4.00000	-2.3	-709	27.9	24.5	3.4	24.5	0.0	24.5	
4.00391	-2.3	-709	28.0	24.6	3.4	24.6	0.0	24.6	
4.00781	-2.3	-709	28.1	24.7	3.4	24.7	0.0	24.7	
4.01172	-2.3	-710	28.2	24.7	3.5	24.7	0.0	24.7	
4.01562	-2.4	-710	28.3	24.8	3.5	24.8	0.0	24.8	
4.01953	-2.5	-710	28.4	24.9	3.5	24.9	0.0	24.9	
4.02344	-2.5	-710	28.5	25.0	3.5	25.0	0.0	25.0	
4.02734	-2.5	-710	28.6	25.1	3.5	25.1	0.0	25.1	
4.03125	-2.5	-710	28.7	25.2	3.5	25.2	0.0	25.2	
4.03516	-2.5	-711	28.7	25.3	3.4	25.3	0.0	25.3	
4.03906	-2.4	-711	28.8	25.3	3.5	25.3	0.0	25.3	
4.04297	-2.3	-711	28.9	25.4	3.5	25.4	0.0	25.4	
4.04688	-2.2	-711	29.0	25.5	3.5	25.5	0.0	25.5	
4.05078	-2.1	-711	29.0	25.6	3.4	25.6	0.0	25.6	
4.05469	-1.9	-711	29.1	25.7	3.4	25.7	0.0	25.7	
4.05859	-1.8	-711	29.2	25.7	3.5	25.7	0.0	25.7	
4.06250	-1.7	-712	29.2	25.8	3.4	25.8	0.0	25.8	
4.06641	-1.6	-712	29.3	25.9	3.4	25.9	0.0	25.9	
4.07031	-1.5	-712	29.4	26.0	3.4	26.0	0.0	26.0	
4.07422	-1.5	-712	29.4	26.1	3.3	26.1	0.0	26.1	
4.07812	-1.5	-712	29.5	26.2	3.3	26.2	0.0	26.2	
4.08203	-1.5	-712	29.5	26.3	3.2	26.3	0.0	26.3	
4.08594	-1.7	-712	29.6	26.4	3.2	26.4	0.0	26.4	
4.08984	-1.8	-712	29.7	26.5	3.2	26.5	0.0	26.5	
4.09375	-1.9	-712	29.8	26.6	3.2	26.6	0.0	26.6	
4.09766	-1.9	-712	29.8	26.7	3.1	26.7	0.0	26.7	
4.10156	-2.0	-713	29.9	26.8	3.1	26.8	0.0	26.8	
4.10547	-2.0	-713	30.0	26.9	3.1	26.9	0.0	26.9	
4.10938	-2.0	-713	30.0	27.0	3.0	27.0	0.0	27.0	
4.11328	-1.8	-713	30.1	27.0	3.1	27.0	0.0	27.0	
4.11719	-1.7	-713	30.1	27.1	3.0	27.1	0.0	27.1	
4.12109	-1.6	-713	30.2	27.2	3.0	27.2	0.0	27.2	
4.12500	-1.4	-713	30.2	27.3	2.9	27.3	0.0	27.3	
4.12891	-1.3	-713	30.3	27.4	2.9	27.4	0.0	27.4	
4.13281	-1.1	-713	30.3	27.4	2.9	27.4	0.0	27.4	
4.13672	-1.0	-714	30.3	27.5	2.8	27.5	0.0	27.5	
4.14062	-1.0	-714	30.4	27.6	2.8	27.6	0.0	27.6	
4.14453	-0.9	-714	30.4	27.6	2.8	27.6	0.0	27.6	
4.14844	-0.9	-714	30.4	27.7	2.7	27.7	0.0	27.7	
4.15234	-0.9	-714	30.4	27.8	2.6	27.8	0.0	27.8	
4.15625	-1.0	-714	30.5	27.8	2.7	27.8	0.0	27.8	
4.16016	-1.1	-714	30.5	27.9	2.6	27.9	0.0	27.9	
4.16406	-1.2	-714	30.6	27.9	2.7	27.9	0.0	27.9	
4.16797	-1.2	-714	30.6	28.0	2.6	28.0	0.0	28.0	
4.17188	-1.3	-714	30.7	28.0	2.7	28.0	0.0	28.0	
4.17578	-1.4	-714	30.7	28.1	2.6	28.1	0.0	28.1	
4.17969	-1.5	-714	30.8	28.1	2.7	28.1	0.0	28.1	
4.18359	-1.5	-714	30.9	28.1	2.8	28.1	0.0	28.1	
4.18750	-1.5	-715	30.9	28.2	2.7	28.2	0.0	28.2	
4.19141	-1.4	-715	30.9	28.2	2.7	28.2	0.0	28.2	
4.19531	-1.3	-715	31.0	28.3	2.7	28.3	0.0	28.3	
4.19922	-1.2	-715	31.0	28.3	2.7	28.3	0.0	28.3	
4.20312	-1.0	-715	31.0	28.4	2.6	28.4	0.0	28.4	
4.20703	-0.9	-715	31.0	28.4	2.6	28.4	0.0	28.4	
4.21094	-0.7	-715	31.0	28.4	2.6	28.4	0.0	28.4	
4.21484	-0.5	-715	31.0	28.5	2.5	28.5	0.0	28.5	
4.21875	-0.4	-715	30.9	28.5	2.4	28.5	0.0	28.5	
4.22266	-0.2	-715	30.9	28.6	2.3	28.6	0.0	28.6	
4.22656	-0.1	-715	30.8	28.6	2.2	28.6	0.0	28.6	
4.23047	0.1	-715	30.8	28.6	2.2	28.6	0.0	28.6	
4.23438	0.2	-715	30.7	28.6	2.1	28.6	0.0	28.6	
4.23828	0.3	-715	30.6	28.7	1.9	28.7	0.0	28.7	
4.24219	0.4	-715	30.5	28.7	1.8	28.7	0.0	28.7	
4.24609	0.5	-715	30.4	28.7	1.7	28.7	0.0	28.7	
4.25000	0.5	-715	30.3	28.8	1.5	28.8	0.0	28.8	
4.25391	0.6	-715	30.2	28.8	1.4	28.8	0.0	28.8	
4.25781	0.8	-715	30.1	28.8	1.3	28.8	0.0	28.8	
4.26172	0.9	-715	30.0	28.8	1.2	28.8	0.0	28.8	
4.26562	1.0	-715	29.8	28.8	1.0	28.8	0.0	28.8	
4.26953	1.2	-715	29.7	28.8	0.9	28.8	0.0	28.8	
4.27344	1.4	-715	29.6	28.8	0.8	28.8	0.0	28.8	
4.27734	1.6	-714	29.4	28.8	0.6	28.8	0.0	28.8	
4.28125	1.8	-714	29.3	28.8	0.5	28.8	0.0	28.8	
4.28516	1.9	-714	29.2	28.8	0.4	28.8	0.0	28.8	
4.28906	2.0	-714	29.0	28.8	0.2	28.8	0.0	28.8	
4.29297	2.1	-714	28.8	28.8	0.0	28.8	0.0	28.8	
4.29688	2.2	-714	28.7	28.7	0.0	28.7	0.0	28.7	
4.30078	2.3	-714	28.5	28.7	-0.2	28.7	0.0	28.7	
4.30469	2.3	-713	28.4	28.7	-0.3	28.7	0.0	28.7	
4.30859	2.2	-713	28.2	28.7	-0.5	28.7	0.0	28.7	
4.31250	2.2	-713	28.1	28.6	-0.5	28.6	0.0	28.6	
4.31641	2.2	-713	27.9	28.6	-0.7	28.6	0.0	28.6	
4.32031	2.1	-713	27.8	28.6	-0.8	28.6	0.0	28.6	
4.32422	2.1	-713	27.6	28.5	-0.9	28.5	0.0	28.5	
4.32812	2.1	-713	27.5	28.5	-1.0	28.5	0.0	28.5	
4.33203	2.1	-712	27.3	28.4	-1.1	28.4	0.0	28.4	
4.33594	2.2	-712	27.2	28.4	-1.2	28.4	0.0	28.4	
4.33984	2.3	-712	27.0	28.3	-1.3	28.3	0.0	28.3	
4.34375	2.5	-712	26.8	28.3	-1.5	28.3	0.0	28.3	
4.34766	2.6	-712	26.7	28.2	-1.5	28.2	0.0	28.2	
4.35156	2.7	-712	26.5	28.1	-1.6	28.1	0.0	28.1	
4.35547	2.9	-711	26.3	28.1	-1.8	28.1	0.0	28.1	
4.35938	3.0	-711	26.2	28.0	-1.8	28.0	0.0	28.0	
4.36328	3.1	-711	26.0	28.0	-2.0	28.0	0.0	28.0	
4.36719	3.2	-711	25.8	27.9	-2.1	27.9	0.0	27.9	
4.37109	3.1	-711	25.6	27.8	-2.2	27.8	0.0	27.8	
4.37500	3.0	-710	25.5	27.7	-2.2	27.7	0.0	27.7	
4.37891	2.9	-710	25.3	27.7	-2.4	27.7	0.0	27.7	
4.38281	2.6	-710	25.2	27.6	-2.4	27.6	0.0	27.6	
4.38672	2.4	-710	25.0	27.5	-2.5	27.5	0.0	27.5	
4.39062	2.2	-710	24.9	27.4	-2.5	27.4	0.0	27.4	
4.39453	2.0	-710	24.8	27.4	-2.6	27.4	0.0	27.4	
4.39844	1.9	-710	24.7	27.3	-2.6	27.3	0.0	27.3	
4.40234	1.7	-709	24.5	27.2	-2.7	27.2	0.0	27.2	
4.40625	1.6	-709	24.4	27.1	-2.7	27.1	0.0	27.1	
4.41016	1.6	-709	24.3	27.1	-2.8	27.1	0.0	27.1	
4.41406	1.7	-709	24.1	27.0	-2.9	27.0	0.0	27.0	
4.41797	1.8	-709	24.0	26.9	-2.9	26.9	0.0	26.9	
4.42188	2.0	-709	23.9	26.8	-2.9	26.8	0.0	26.8	
4.42578	2.2	-709	23.7	26.7	-3.0	26.7	0.0	26.7	
4.42969	2.4	-709	23.5	26.6	-3.1	26.6	0.0	26.6	
4.43359	2.6	-708	23.4	26.6	-3.2	26.6	0.0	26.6	
4.43750	2.9	-708	23.2	26.5	-3.3	26.5	0.0	26.5	
4.44141	3.1	-708	23.1	26.4	-3.3	26.4	0.0	26.4	
4.44531	3.2	-708	22.9	26.3	-3.4	26.3	0.0	26.3	
4.44922	3.3	-708	22.7	26.2	-3.5	26.2	0.0	26.2	
4.45312	3.4	-707	22.5	26.1	-3.6	26.1	0.0	26.1	
4.45703	3.4	-707	22.4	26.0	-3.6	26.0	0.0	26.0	
4.46094	3.3	-707	22.2	25.9	-3.7	25.9	0.0	25.9	
4.46484	3.2	-707	22.0	25.8	-3.8	25.8	0.0	25.8	
4.46875	3.1	-707	21.9	25.7	-3.8	25.7	0.0	25.7	
4.47266	3.0	-706	21.7	25.6	-3.9	25.6	0.0	25.6	
4.47656	2.8	-706	21.6	25.5	-3.9	25.5	0.0	25.5	
4.48047	2.7	-706	21.4	25.4	-4.0	25.4	0.0	25.4	
4.48438	2.5	-706	21.3	25.3	-4.0	25.3	0.0	25.3	
4.48828	2.3	-706	21.2	25.2	-4.0	25.2	0.0	25.2	
4.49219	2.2	-706	21.0	25.2	-4.2	25.2	0.0	25.2	
4.49609	2.1	-705	20.9	25.1	-4.2	25.1	0.0	25.1	
4.50000	2.0	-705	20.8	24.9	-4.1	24.9	0.0	24.9	
4.50391	1.9	-705	20.7	24.8	-4.1	24.8	0.0	24.8	
4.50781	1.8	-705	20.5	24.7	-4.2	24.7	0.0	24.7	
4.51172	1.8	-705	20.4	24.6	-4.2	24.6	0.0	24.6	
4.51562	1.8	-705	20.3	24.5	-4.2	24.5	0.0	24.5	
4.51953	1.8	-705	20.2	24.4	-4.2	24.4	0.0	24.4	
4.52344	1.8	-705	20.1	24.3	-4.2	24.3	0.0	24.3	
4.52734	1.8	-704	19.9	24.2	-4.3	24.2	0.0	24.2	
4.53125	1.8	-704	19.8	24.1	-4.3	24.1	0.0	24.1	
4.53516	1.7	-704	19.7	24.0	-4.3	24.0	0.0	24.0	
4.53906	1.7	-704	19.6	23.9	-4.3	23.9	0.0	23.9	
4.54297	1.7	-704	19.5	23.7	-4.2	23.7	0.0	23.7	
4.54688	1.7	-704	19.4	23.7	-4.3	23.7	0.0	23.7	
4.55078	1.6	-704	19.3	23.6	-4.3	23.6	0.0	23.6	
4.55469	1.5	-704	19.2	23.4	-4.2	23.4	0.0	23.4	
4.55859	1.4	-704	19.1	23.3	-4.2	23.3	0.0	23.3	
4.56250	1.3	-704	19.0	23.2	-4.2	23.2	0.0	23.2	
4.56641	1.2	-703	18.9	23.1	-4.2	23.1	0.0	23.1	
4.57031	1.1	-703	18.8	23.0	-4.2	23.0	0.0	23.0	
4.57422	1.0	-703	18.7	22.9	-4.2	22.9	0.0	22.9	
4.57812	0.8	-703	18.7	22.8	-4.1	22.8	0.0	22.8	
4.58203	0.7	-703	18.6	22.7	-4.1	22.7	0.0	22.7	
4.58594	0.6	-703	18.5	22.6	-4.1	22.6	0.0	22.6	
4.58984	0.4	-703	18.5	22.6	-4.1	22.6	0.0	22.6	
4.59375	0.3	-703	18.4	22.5	-4.1	22.5	0.0	22.5	
4.59766	0.2	-703	18.4	22.4	-4.0	22.4	0.0	22.4	
4.60156	0.1	-703	18.4	22.3	-3.9	22.3	0.0	22.3	
4.60547	0.0	-703	18.3	22.2	-3.9	22.2	0.0	22.2	
4.60938	-0.1	-703	18.3	22.1	-3.8	22.1	0.0	22.1	
4.61328	-0.1	-703	18.3	22.0	-3.7	22.0	0.0	22.0	
4.61719	-0.1	-703	18.2	21.9	-3.7	21.9	0.0	21.9	
4.62109	-0.2	-703	18.2	21.8	-3.6	21.8	0.0	21.8	
4.62500	-0.2	-703	18.2	21.8	-3.6	21.8	0.0	21.8	
4.62891	-0.2	-703	18.2	21.7	-3.5	21.7	0.0	21.7	
4.63281	-0.2	-703	18.1	21.6	-3.5	21.6	0.0	21.6	
4.63672	-0.2	-703	18.1	21.5	-3.4	21.5	0.0	21.5	
4.64062	-0.2	-703	18.1	21.5	-3.4	21.5	0.0	21.5	
4.64453	-0.2	-703	18.0	21.4	-3.4	21.4	0.0	21.4	
4.64844	-0.2	-703	18.0	21.3	-3.3	21.3	0.0	21.3	
4.65234	-0.2	-703	18.0	21.3	-3.3	21.3	0.0	21.3	
4.65625	-0.1	-703	18.0	21.2	-3.2	21.2	0.0	21.2	
4.66016	-0.1	-703	17.9	21.1	-3.2	21.1	0.0	21.1	
4.66406	-0.1	-703	17.9	21.1	-3.2	21.1	0.0	21.1	
4.66797	-0.0	-703	17.8	21.0	-3.2	21.0	0.0	21.0	
4.67188	-0.0	-703	17.8	20.9	-3.1	20.9	0.0	20.9	
4.67578	0.0	-703	17.8	20.9	-3.1	20.9	0.0	20.9	
4.67969	-0.0	-703	17.7	20.8	-3.1	20.8	0.0	20.8	
4.68359	0.0	-703	17.7	20.8	-3.1	20.8	0.0	20.8	
4.68750	0.0	-703	17.6	20.7	-3.1	20.7	0.0	20.7	
4.69141	0.0	-703	17.6	20.6	-3.0	20.6	0.0	20.6	
4.69531	-0.0	-703	17.6	20.6	-3.0	20.6	0.0	20.6	
4.69922	-0.1	-703	17.5	20.5	-3.0	20.5	0.0	20.5	
4.70312	-0.1	-703	17.5	20.4	-2.9	20.4	0.0	20.4	
4.70703	-0.1	-703	17.5	20.3	-2.8	20.3	0.0	20.3	
4.71094	-0.2	-703	17.5	20.3	-2.8	20.3	0.0	20.3	
4.71484	-0.2	-703	17.4	20.2	-2.8	20.2	0.0	20.2	
4.71875	-0.3	-703	17.4	20.1	-2.7	20.1	0.0	20.1	
4.72266	-0.4	-703	17.4	20.0	-2.6	20.0	0.0	20.0	
4.72656	-0.4	-703	17.4	20.0	-2.6	20.0	0.0	20.0	
4.73047	-0.5	-703	17.4	19.9	-2.5	19.9	0.0	19.9	
4.73438	-0.5	-703	17.4	19.8	-2.4	19.8	0.0	19.8	
4.73828	-0.5	-703	17.4	19.7	-2.3	19.7	0.0	19.7	
4.74219	-0.5	-703	17.4	19.7	-2.3	19.7	0.0	19.7	
4.74609	-0.5	-704	17.4	19.6	-2.2	19.6	0.0	19.6	
4.75000	-0.5	-704	17.5	19.5	-2.0	19.5	0.0	19.5	
4.75391	-0.5	-704	17.4	19.5	-2.1	19.5	0.0	19.5	
4.75781	-0.5	-704	17.5	19.4	-1.9	19.4	0.0	19.4	
4.76172	-0.5	-704	17.5	19.4	-1.9	19.4	0.0	19.4	
4.76562	-0.5	-704	17.5	19.3	-1.8	19.3	0.0	19.3	
4.76953	-0.5	-704	17.5	19.3	-1.8	19.3	0.0	19.3	
4.77344	-0.5	-704	17.5	19.2	-1.7	19.2	0.0	19.2	
4.77734	-0.4	-704	17.5	19.2	-1.7	19.2	0.0	19.2	
4.78125	-0.4	-704	17.5	19.1	-1.6	19.1	0.0	19.1	
4.78516	-0.4	-704	17.4	19.1	-1.7	19.1	0.0	19.1	
4.78906	-0.3	-704	17.4	19.0	-1.6	19.0	0.0	19.0	
4.79297	-0.4	-704	17.4	19.0	-1.6	19.0	0.0	19.0	
4.79688	-0.3	-704	17.4	18.9	-1.5	18.9	0.0	18.9	
4.80078	-0.3	-704	17.4	18.9	-1.5	18.9	0.0	18.9	
4.80469	-0.3	-704	17.3	18.9	-1.6	18.9	0.0	18.9	
4.80859	-0.3	-704	17.3	18.8	-1.5	18.8	0.0	18.8	
4.81250	-0.3	-704	17.3	18.8	-1.5	18.8	0.0	18.8	
4.81641	-0.3	-704	17.3	18.8	-1.5	18.8	0.0	18.8	
4.82031	-0.3	-704	17.3	18.7	-1.4	18.7	0.0	18.7	
4.82422	-0.4	-704	17.3	18.7	-1.4	18.7	0.0	18.7	
4.82812	-0.4	-704	17.2	18.7	-1.5	18.7	0.0	18.7	
4.83203	-0.4	-704	17.2	18.6	-1.4	18.6	0.0	18.6	
4.83594	-0.4	-704	17.2	18.6	-1.4	18.6	0.0	18.6	
4.83984	-0.4	-704	17.2	18.6	-1.4	18.6	0.0	18.6	
4.84375	-0.5	-704	17.2	18.6	-1.4	18.6	0.0	18.6	
4.84766	-0.5	-704	17.2	18.5	-1.3	18.5	0.0	18.5	
4.85156	-0.5	-704	17.2	18.5	-1.3	18.5	0.0	18.5	
4.85547	-0.5	-704	17.2	18.5	-1.3	18.5	0.0	18.5	
4.85938	-0.6	-704	17.2	18.5	-1.3	18.5	0.0	18.5	
4.86328	-0.6	-704	17.2	18.4	-1.2	18.4	0.0	18.4	
4.86719	-0.5	-704	17.2	18.4	-1.2	18.4	0.0	18.4	
4.87109	-0.5	-704	17.2	18.4	-1.2	18.4	0.0	18.4	
4.87500	-0.5	-704	17.2	18.4	-1.2	18.4	0.0	18.4	
4.87891	-0.5	-704	17.2	18.3	-1.1	18.3	0.0	18.3	
4.88281	-0.5	-705	17.2	18.3	-1.1	18.3	0.0	18.3	
4.88672	-0.5	-705	17.2	18.3	-1.1	18.3	0.0	18.3	
4.89062	-0.5	-705	17.2	18.3	-1.1	18.3	0.0	18.3	
4.89453	-0.5	-705	17.2	18.3	-1.1	18.3	0.0	18.3	
4.89844	-0.5	-705	17.3	18.2	-0.9	18.2	0.0	18.2	
4.90234	-0.5	-705	17.2	18.2	-1.0	18.2	0.0	18.2	
4.90625	-0.5	-705	17.3	18.2	-0.9	18.2	0.0	18.2	
4.91016	-0.5	-705	17.3	18.1	-0.8	18.1	0.0	18.1	
4.91406	-0.5	-705	17.2	18.1	-0.9	18.1	0.0	18.1	
4.91797	-0.5	-705	17.3	18.1	-0.8	18.1	0.0	18.1	
4.92188	-0.5	-705	17.3	18.1	-0.8	18.1	0.0	18.1	
4.92578	-0.5	-705	17.3	18.1	-0.8	18.1	0.0	18.1	
4.92969	-0.5	-705	17.3	18.0	-0.7	18.0	0.0	18.0	
4.93359	-0.5	-705	17.3	18.0	-0.7	18.0	0.0	18.0	
4.93750	-0.5	-705	17.3	18.0	-0.7	18.0	0.0	18.0	
4.94141	-0.5	-705	17.3	18.0	-0.7	18.0	0.0	18.0	
4.94531	-0.5	-705	17.3	18.0	-0.7	18.0	0.0	18.0	
4.94922	-0.5	-705	17.3	18.0	-0.7	18.0	0.0	18.0	
4.95312	-0.5	-705	17.3	18.0	-0.7	18.0	0.0	18.0	
4.95703	-0.5	-705	17.3	17.9	-0.6	17.9	0.0	17.9	
4.96094	-0.5	-705	17.3	17.9	-0.6	17.9	0.0	17.9	
4.96484	-0.5	-705	17.3	17.9	-0.6	17.9	0.0	17.9	
4.96875	-0.4	-705	17.3	17.9	-0.6	17.9	0.0	17.9	
4.97266	-0.4	-705	17.3	17.9	-0.6	17.9	0.0	17.9	
4.97656	-0.5	-705	17.2	17.9	-0.7	17.9	0.0	17.9	
4.98047	-0.5	-705	17.2	17.9	-0.7	17.9	0.0	17.9	
4.98438	-0.5	-705	17.2	17.9	-0.7	17.9	0.0	17.9	
4.98828	-0.5	-705	17.2	17.9	-0.7	17.9	0.0	17.9	
4.99219	-0.4	-705	17.2	17.9	-0.7	17.9	0.0	17.9	
4.99609	-0.4	-705	17.2	17.9	-0.7	17.9	0.0	17.9	
5.00000	-0.4	-705	17.2	17.9	-0.7	17.9	0.0	17.9	
5.00391	-0.4	-705	17.2	17.9	-0.7	17.9	0.0	17.9	
5.00781	-0.4	-706	17.2	17.9	-0.7	17.9	0.0	17.9	
5.01172	-0.4	-706	17.2	17.9	-0.7	17.9	0.0	17.9	
5.01562	-0.5	-706	17.1	17.9	-0.8	17.9	0.0	17.9	
5.01953	-0.5	-706	17.1	17.9	-0.8	17.9	0.0	17.9	
5.02344	-0.4	-706	17.1	17.9	-0.8	17.9	0.0	17.9	
5.02734	-0.4	-706	17.1	17.9	-0.8	17.9	0.0	17.9	
5.03125	-0.4	-706	17.1	17.9	-0.8	17.9	0.0	17.9	
5.03516	-0.5	-706	17.1	17.9	-0.8	17.9	0.0	17.9	
5.03906	-0.5	-706	17.1	17.8	-0.7	17.8	0.0	17.8	
5.04297	-0.5	-706	17.1	17.8	-0.7	17.8	0.0	17.8	
5.04688	-0.5	-706	17.1	17.8	-0.7	17.8	0.0	17.8	
5.05078	-0.5	-706	17.1	17.8	-0.7	17.8	0.0	17.8	
5.05469	-0.5	-706	17.1	17.8	-0.7	17.8	0.0	17.8	
5.05859	-0.6	-706	17.1	17.8	-0.7	17.8	0.0	17.8	
5.06250	-0.5	-706	17.1	17.8	-0.7	17.8	0.0	17.8	
5.06641	-0.5	-706	17.1	17.8	-0.7	17.8	0.0	17.8	
5.07031	-0.6	-706	17.1	17.7	-0.6	17.7	0.0	17.7	
5.07422	-0.6	-706	17.1	17.7	-0.6	17.7	0.0	17.7	
5.07812	-0.5	-706	17.1	17.7	-0.6	17.7	0.0	17.7	
5.08203	-0.5	-706	17.1	17.7	-0.6	17.7	0.0	17.7	
5.08594	-0.6	-706	17.1	17.7	-0.6	17.7	0.0	17.7	
5.08984	-0.5	-706	17.1	17.7	-0.6	17.7	0.0	17.7	
5.09375	-0.5	-706	17.1	17.7	-0.6	17.7	0.0	17.7	
5.09766	-0.5	-706	17.2	17.6	-0.4	17.6	0.0	17.6	
5.10156	-0.5	-706	17.2	17.6	-0.4	17.6	0.0	17.6	
5.10547	-0.6	-706	17.2	17.6	-0.4	17.6	0.0	17.6	
5.10938	-0.5	-706	17.2	17.6	-0.4	17.6	0.0	17.6	
5.11328	-0.5	-706	17.2	17.6	-0.4	17.6	0.0	17.6	
5.11719	-0.5	-706	17.2	17.6	-0.4	17.6	0.0	17.6	
5.12109	-0.5	-706	17.2	17.6	-0.4	17.6	0.0	17.6	
5.12500	-0.5	-706	17.2	17.6	-0.4	17.6	0.0	17.6	
5.12891	-0.5	-707	17.2	17.6	-0.4	17.6	0.0	17.6	
5.13281	-0.5	-707	17.2	17.6	-0.4	17.6	0.0	17.6	
5.13672	-0.5	-707	17.2	17.6	-0.4	17.6	0.0	17.6	
5.14062	-0.5	-707	17.2	17.6	-0.4	17.6	0.0	17.6	
5.14453	-0.5	-707	17.2	17.5	-0.3	17.5	0.0	17.5	
5.14844	-0.5	-707	17.2	17.5	-0.3	17.5	0.0	17.5	
5.15234	-0.5	-707	17.1	17.5	-0.4	17.5	0.0	17.5	
5.15625	-0.5	-707	17.1	17.5	-0.4	17.5	0.0	17.5	
5.16016	-0.5	-707	17.2	17.5	-0.3	17.5	0.0	17.5	
5.16406	-0.5	-707	17.2	17.5	-0.3	17.5	0.0	17.5	
5.16797	-0.5	-707	17.2	17.5	-0.3	17.5	0.0	17.5	
5.17188	-0.5	-707	17.2	17.5	-0.3	17.5	0.0	17.5	
5.17578	-0.5	-707	17.2	17.5	-0.3	17.5	0.0	17.5	
5.17969	-0.5	-707	17.2	17.5	-0.3	17.5	0.0	17.5	
5.18359	-0.5	-707	17.2	17.5	-0.3	17.5	0.0	17.5	
5.18750	-0.5	-707	17.2	17.5	-0.3	17.5	0.0	17.5	
5.19141	-0.5	-707	17.2	17.6	-0.4	17.6	0.0	17.6	
5.19531	-0.5	-707	17.2	17.6	-0.4	17.6	0.0	17.6	
5.19922	-0.5	-707	17.2	17.5	-0.3	17.5	0.0	17.5	
5.20312	-0.5	-707	17.2	17.6	-0.4	17.6	0.0	17.6	
5.20703	-0.5	-707	17.1	17.6	-0.5	17.6	0.0	17.6	
5.21094	-0.4	-707	17.1	17.6	-0.5	17.6	0.0	17.6	
5.21484	-0.4	-707	17.1	17.6	-0.5	17.6	0.0	17.6	
5.21875	-0.4	-707	17.1	17.6	-0.5	17.6	0.0	17.6	
5.22266	-0.3	-707	17.1	17.6	-0.5	17.6	0.0	17.6	
5.22656	-0.3	-707	17.0	17.6	-0.6	17.6	0.0	17.6	
5.23047	-0.3	-707	17.0	17.6	-0.6	17.6	0.0	17.6	
5.23438	-0.3	-707	17.0	17.6	-0.6	17.6	0.0	17.6	
5.23828	-0.3	-707	17.0	17.6	-0.6	17.6	0.0	17.6	
5.24219	-0.3	-707	16.9	17.6	-0.7	17.6	0.0	17.6	
5.24609	-0.3	-707	16.9	17.6	-0.7	17.6	0.0	17.6	
5.25000	-0.3	-707	16.9	17.5	-0.6	17.5	0.0	17.5	
5.25391	-0.3	-707	16.9	17.5	-0.6	17.5	0.0	17.5	
5.25781	-0.4	-707	16.8	17.5	-0.7	17.5	0.0	17.5	
5.26172	-0.4	-707	16.8	17.5	-0.7	17.5	0.0	17.5	
5.26562	-0.5	-708	16.8	17.4	-0.6	17.4	0.0	17.4	
5.26953	-0.5	-708	16.8	17.4	-0.6	17.4	0.0	17.4	
5.27344	-0.5	-708	16.8	17.4	-0.6	17.4	0.0	17.4	
5.27734	-0.6	-708	16.8	17.4	-0.6	17.4	0.0	17.4	
5.28125	-0.6	-708	16.8	17.3	-0.5	17.3	0.0	17.3	
5.28516	-0.6	-708	16.9	17.3	-0.4	17.3	0.0	17.3	
5.28906	-0.7	-708	16.9	17.3	-0.4	17.3	0.0	17.3	
5.29297	-0.7	-708	16.9	17.3	-0.4	17.3	0.0	17.3	
5.29688	-0.8	-708	17.0	17.2	-0.2	17.2	0.0	17.2	
5.30078	-0.8	-708	17.0	17.2	-0.2	17.2	0.0	17.2	
5.30469	-0.7	-708	17.0	17.2	-0.2	17.2	0.0	17.2	
5.30859	-0.8	-708	17.1	17.2	-0.1	17.2	0.0	17.2	
5.31250	-0.8	-708	17.1	17.2	-0.1	17.2	0.0	17.2	
5.31641	-0.7	-708	17.2	17.1	0.1	17.1	0.0	17.1	
5.32031	-0.7	-708	17.2	17.1	0.1	17.1	0.0	17.1	
5.32422	-0.6	-708	17.2	17.1	0.1	17.1	0.0	17.1	
5.32812	-0.6	-708	17.2	17.1	0.1	17.1	0.0	17.1	
5.33203	-0.6	-708	17.2	17.1	0.1	17.1	0.0	17.1	
5.33594	-0.5	-708	17.2	17.1	0.1	17.1	0.0	17.1	
5.33984	-0.5	-708	17.2	17.1	0.1	17.1	0.0	17.1	
5.34375	-0.4	-708	17.2	17.1	0.1	17.1	0.0	17.1	
5.34766	-0.4	-708	17.2	17.1	0.1	17.1	0.0	17.1	
5.35156	-0.4	-708	17.2	17.1	0.1	17.1	0.0	17.1	
5.35547	-0.4	-708	17.2	17.1	0.1	17.1	0.0	17.1	
5.35938	-0.4	-708	17.1	17.1	0.0	17.1	0.0	17.1	
5.36328	-0.3	-708	17.1	17.1	0.0	17.1	0.0	17.1	
5.36719	-0.3	-708	17.1	17.1	0.0	17.1	0.0	17.1	
5.37109	-0.3	-709	17.1	17.1	0.0	17.1	0.0	17.1	
5.37500	-0.3	-709	17.0	17.1	-0.1	17.1	0.0	17.1	
5.37891	-0.3	-709	17.0	17.1	-0.1	17.1	0.0	17.1	
5.38281	-0.3	-709	17.0	17.1	-0.1	17.1	0.0	17.1	
5.38672	-0.4	-709	16.9	17.1	-0.2	17.1	0.0	17.1	
5.39062	-0.4	-709	16.9	17.1	-0.2	17.1	0.0	17.1	
5.39453	-0.4	-709	16.9	17.1	-0.2	17.1	0.0	17.1	
5.39844	-0.4	-709	16.9	17.1	-0.2	17.1	0.0	17.1	
5.40234	-0.4	-709	16.8	17.1	-0.3	17.1	0.0	17.1	
5.40625	-0.4	-709	16.8	17.1	-0.3	17.1	0.0	17.1	
5.41016	-0.4	-709	16.8	17.1	-0.3	17.1	0.0	17.1	
5.41406	-0.4	-709	16.8	17.1	-0.3	17.1	0.0	17.1	
5.41797	-0.4	-709	16.7	17.1	-0.4	17.1	0.0	17.1	
5.42188	-0.3	-709	16.7	17.1	-0.4	17.1	0.0	17.1	
5.42578	-0.3	-709	16.7	17.1	-0.4	17.1	0.0	17.1	
5.42969	-0.3	-709	16.7	17.1	-0.4	17.1	0.0	17.1	
5.43359	-0.3	-709	16.6	17.0	-0.4	17.0	0.0	17.0	
5.43750	-0.3	-709	16.6	17.0	-0.4	17.0	0.0	17.0	
5.44141	-0.3	-709	16.6	17.0	-0.4	17.0	0.0	17.0	
5.44531	-0.3	-709	16.5	17.0	-0.5	17.0	0.0	17.0	
5.44922	-0.3	-709	16.5	17.0	-0.5	17.0	0.0	17.0	
5.45312	-0.4	-709	16.5	17.0	-0.5	17.0	0.0	17.0	
5.45703	-0.4	-709	16.5	17.0	-0.5	17.0	0.0	17.0	
5.46094	-0.4	-709	16.5	17.0	-0.5	17.0	0.0	17.0	
5.46484	-0.4	-709	16.5	16.9	-0.4	16.9	0.0	16.9	
5.46875	-0.5	-709	16.4	16.9	-0.5	16.9	0.0	16.9	
5.47266	-0.4	-709	16.4	16.9	-0.5	16.9	0.0	16.9	
5.47656	-0.5	-709	16.4	16.9	-0.5	16.9	0.0	16.9	
5.48047	-0.5	-709	16.4	16.9	-0.5	16.9	0.0	16.9	
5.48438	-0.5	-709	16.4	16.9	-0.5	16.9	0.0	16.9	
5.48828	-0.5	-709	16.4	16.9	-0.5	16.9	0.0	16.9	
5.49219	-0.6	-709	16.5	16.9	-0.4	16.9	0.0	16.9	
5.49609	-0.6	-709	16.5	16.9	-0.4	16.9	0.0	16.9	
5.50000	-0.6	-709	16.5	16.9	-0.4	16.9	0.0	16.9	
5.50391	-0.6	-709	16.5	16.9	-0.4	16.9	0.0	16.9	
5.50781	-0.6	-709	16.5	16.9	-0.4	16.9	0.0	16.9	
5.51172	-0.6	-709	16.5	16.9	-0.4	16.9	0.0	16.9	
5.51562	-0.6	-710	16.5	16.9	-0.4	16.9	0.0	16.9	
5.51953	-0.6	-710	16.5	16.9	-0.4	16.9	0.0	16.9	
5.52344	-0.6	-710	16.6	16.9	-0.3	16.9	0.0	16.9	
5.52734	-0.6	-710	16.6	16.9	-0.3	16.9	0.0	16.9	
5.53125	-0.6	-710	16.6	16.9	-0.3	16.9	0.0	16.9	
5.53516	-0.6	-710	16.6	16.9	-0.3	16.9	0.0	16.9	
5.53906	-0.6	-710	16.7	16.9	-0.2	16.9	0.0	16.9	
5.54297	-0.7	-710	16.7	16.9	-0.2	16.9	0.0	16.9	
5.54688	-0.7	-710	16.7	16.9	-0.2	16.9	0.0	16.9	
5.55078	-0.6	-710	16.7	16.9	-0.2	16.9	0.0	16.9	
5.55469	-0.6	-710	16.7	16.9	-0.2	16.9	0.0	16.9	
5.55859	-0.7	-710	16.8	16.9	-0.1	16.9	0.0	16.9	
5.56250	-0.7	-710	16.8	17.0	-0.2	17.0	0.0	17.0	
5.56641	-0.7	-710	16.8	17.0	-0.2	17.0	0.0	17.0	
5.57031	-0.6	-710	16.9	17.0	-0.1	17.0	0.0	17.0	
5.57422	-0.6	-710	16.9	17.0	-0.1	17.0	0.0	17.0	
5.57812	-0.7	-710	16.9	17.0	-0.1	17.0	0.0	17.0	
5.58203	-0.7	-710	16.9	17.0	-0.1	17.0	0.0	17.0	
5.58594	-0.6	-710	17.0	17.0	0.0	17.0	0.0	17.0	
5.58984	-0.6	-710	17.0	17.0	0.0	17.0	0.0	17.0	
5.59375	-0.7	-710	17.0	17.1	-0.1	17.1	0.0	17.1	
5.59766	-0.7	-710	17.0	17.0	0.0	17.0	0.0	17.0	
5.60156	-0.6	-710	17.0	17.0	0.0	17.0	0.0	17.0	
5.60547	-0.6	-710	17.1	17.1	0.0	17.1	0.0	17.1	
5.60938	-0.6	-711	17.1	17.1	0.0	17.1	0.0	17.1	
5.61328	-0.6	-711	17.1	17.1	0.0	17.1	0.0	17.1	
5.61719	-0.6	-711	17.2	17.1	0.1	17.1	0.0	17.1	
5.62109	-0.6	-711	17.2	17.1	0.1	17.1	0.0	17.1	
5.62500	-0.7	-711	17.2	17.1	0.1	17.1	0.0	17.1	
5.62891	-0.6	-711	17.2	17.1	0.1	17.1	0.0	17.1	
5.63281	-0.6	-711	17.2	17.1	0.1	17.1	0.0	17.1	
5.63672	-0.7	-711	17.3	17.1	0.2	17.1	0.0	17.1	
5.64062	-0.7	-711	17.3	17.1	0.2	17.1	0.0	17.1	
5.64453	-0.6	-711	17.3	17.1	0.2	17.1	0.0	17.1	
5.64844	-0.6	-711	17.3	17.1	0.2	17.1	0.0	17.1	
5.65234	-0.6	-711	17.3	17.1	0.2	17.1	0.0	17.1	
5.65625	-0.5	-711	17.3	17.1	0.2	17.1	0.0	17.1	
5.66016	-0.6	-711	17.3	17.1	0.2	17.1	0.0	17.1	
5.66406	-0.5	-711	17.3	17.1	0.2	17.1	0.0	17.1	
5.66797	-0.5	-711	17.4	17.1	0.3	17.1	0.0	17.1	
5.67188	-0.4	-711	17.4	17.1	0.3	17.1	0.0	17.1	
5.67578	-0.5	-711	17.3	17.1	0.2	17.1	0.0	17.1	
5.67969	-0.5	-711	17.4	17.1	0.3	17.1	0.0	17.1	
5.68359	-0.4	-711	17.3	17.1	0.2	17.1	0.0	17.1	
5.68750	-0.4	-711	17.3	17.2	0.1	17.2	0.0	17.2	
5.69141	-0.5	-711	17.3	17.2	0.1	17.2	0.0	17.2	
5.69531	-0.5	-711	17.3	17.2	0.1	17.2	0.0	17.2	
5.69922	-0.5	-711	17.3	17.2	0.1	17.2	0.0	17.2	
5.70312	-0.5	-711	17.3	17.2	0.1	17.2	0.0	17.2	
5.70703	-0.5	-711	17.3	17.2	0.1	17.2	0.0	17.2	
5.71094	-0.5	-711	17.3	17.2	0.1	17.2	0.0	17.2	
5.71484	-0.5	-711	17.3	17.2	0.1	17.2	0.0	17.2	
5.71875	-0.5	-712	17.3	17.2	0.1	17.2	0.0	17.2	
5.72266	-0.5	-712	17.3	17.2	0.1	17.2	0.0	17.2	
5.72656	-0.5	-712	17.3	17.2	0.1	17.2	0.0	17.2	
5.73047	-0.6	-712	17.3	17.2	0.1	17.2	0.0	17.2	
5.73438	-0.5	-712	17.3	17.3	0.0	17.3	0.0	17.3	
5.73828	-0.5	-712	17.3	17.3	0.0	17.3	0.0	17.3	
5.74219	-0.5	-712	17.3	17.3	0.0	17.3	0.0	17.3	
5.74609	-0.5	-712	17.3	17.3	0.0	17.3	0.0	17.3	
5.75000	-0.5	-712	17.3	17.3	0.0	17.3	0.0	17.3	
5.75391	-0.5	-712	17.3	17.3	0.0	17.3	0.0	17.3	
5.75781	-0.5	-712	17.3	17.4	-0.1	17.4	0.0	17.4	
5.76172	-0.5	-712	17.3	17.4	-0.1	17.4	0.0	17.4	
5.76562	-0.4	-712	17.3	17.4	-0.1	17.4	0.0	17.4	
5.76953	-0.4	-712	17.2	17.4	-0.2	17.4	0.0	17.4	
5.77344	-0.4	-712	17.2	17.4	-0.2	17.4	0.0	17.4	
5.77734	-0.3	-712	17.2	17.4	-0.2	17.4	0.0	17.4	
5.78125	-0.4	-712	17.2	17.4	-0.2	17.4	0.0	17.4	
5.78516	-0.4	-712	17.1	17.4	-0.3	17.4	0.0	17.4	
5.78906	-0.3	-712	17.1	17.4	-0.3	17.4	0.0	17.4	
5.79297	-0.3	-712	17.2	17.4	-0.2	17.4	0.0	17.4	
5.79688	-0.2	-712	17.2	17.4	-0.2	17.4	0.0	17.4	
5.80078	0.1	-712	17.3	17.4	-0.1	17.4	0.0	17.4	
5.80469	0.6	-712	17.4	17.4	0.0	17.4	0.0	17.4	
