FluxView - FluxMed acquisition system
Signal file
Serial Number	:
W version:	1.20h-OX-CO2	File version:	1.13
Sampling rate:	256 Hz
Time	Flow	Volume	Paw	Pes	Ptpulm	Pga	Ptdiaf	CO2	
0.00391	0.1	79	14.6	18.9	-4.3	0.0	-18.9	0.0	
0.00781	-0.0	79	14.6	18.8	-4.2	0.0	-18.8	0.0	
0.01172	-0.2	79	14.6	18.7	-4.1	0.0	-18.7	0.0	
0.01562	-0.2	79	14.5	18.7	-4.2	0.0	-18.7	0.0	
0.01953	-0.2	79	14.6	18.7	-4.1	0.0	-18.7	0.0	
0.02344	-0.3	79	14.6	18.6	-4.0	0.0	-18.6	0.0	
0.02734	-0.3	79	14.6	18.6	-4.0	0.0	-18.6	0.0	
0.03125	-0.3	79	14.7	18.6	-3.9	0.0	-18.6	0.0	
0.03516	-0.5	79	14.7	18.6	-3.9	0.0	-18.6	0.0	
0.03906	-0.7	79	14.7	18.6	-3.9	0.0	-18.6	0.0	
0.04297	-0.8	79	14.7	18.6	-3.9	0.0	-18.6	0.0	
0.04688	-1.0	79	14.7	18.6	-3.9	0.0	-18.6	0.0	
0.05078	-1.1	78	14.8	18.6	-3.8	0.0	-18.6	0.0	
0.05469	-0.9	78	14.9	18.5	-3.6	0.0	-18.5	0.0	
0.05859	-0.8	78	14.9	18.6	-3.7	0.0	-18.6	0.0	
0.06250	-0.7	78	14.9	18.5	-3.6	0.0	-18.5	0.0	
0.06641	-0.4	78	15.0	18.5	-3.5	0.0	-18.5	0.0	
0.07031	-0.3	78	15.0	18.6	-3.6	0.0	-18.6	0.0	
0.07422	-0.4	78	15.0	18.6	-3.6	0.0	-18.6	0.0	
0.07812	-0.3	78	15.0	18.6	-3.6	0.0	-18.6	0.0	
0.08203	-0.2	78	15.1	18.6	-3.5	0.0	-18.6	0.0	
0.08594	-0.2	78	15.1	18.6	-3.5	0.0	-18.6	0.0	
0.08984	-0.1	78	15.0	18.6	-3.6	0.0	-18.6	0.0	
0.09375	0.0	78	15.0	18.6	-3.6	0.0	-18.6	0.0	
0.09766	-0.1	78	15.0	18.6	-3.6	0.0	-18.6	0.0	
0.10156	-0.2	78	15.0	18.6	-3.6	0.0	-18.6	0.0	
0.10547	-0.1	78	15.0	18.6	-3.6	0.0	-18.6	0.0	
0.10938	-0.0	78	15.0	18.6	-3.6	0.0	-18.6	0.0	
0.11328	-0.2	78	15.1	18.6	-3.5	0.0	-18.6	0.0	
0.11719	-0.0	78	15.1	18.6	-3.5	0.0	-18.6	0.0	
0.12109	-0.1	78	15.1	18.6	-3.5	0.0	-18.6	0.0	
0.12500	-0.4	78	15.1	18.6	-3.5	0.0	-18.6	0.0	
0.12891	-0.2	78	15.1	18.6	-3.5	0.0	-18.6	0.0	
0.13281	-0.2	78	15.1	18.6	-3.5	0.0	-18.6	0.0	
0.13672	-0.3	78	15.1	18.6	-3.5	0.0	-18.6	0.0	
0.14062	-0.2	78	15.1	18.6	-3.5	0.0	-18.6	0.0	
0.14453	-0.2	78	15.1	18.6	-3.5	0.0	-18.6	0.0	
0.14844	-0.3	78	15.2	18.5	-3.3	0.0	-18.5	0.0	
0.15234	-0.4	78	15.2	18.6	-3.4	0.0	-18.6	0.0	
0.15625	-0.3	78	15.2	18.6	-3.4	0.0	-18.6	0.0	
0.16016	-0.3	78	15.3	18.6	-3.3	0.0	-18.6	0.0	
0.16406	-0.3	78	15.2	18.6	-3.4	0.0	-18.6	0.0	
0.16797	-0.3	78	15.3	18.7	-3.4	0.0	-18.7	0.0	
0.17188	-0.4	78	15.3	18.6	-3.3	0.0	-18.6	0.0	
0.17578	-0.6	78	15.4	18.6	-3.2	0.0	-18.6	0.0	
0.17969	-0.4	78	15.4	18.7	-3.3	0.0	-18.7	0.0	
0.18359	-0.3	78	15.4	18.6	-3.2	0.0	-18.6	0.0	
0.18750	-0.3	78	15.5	18.6	-3.1	0.0	-18.6	0.0	
0.19141	-0.1	78	15.5	18.6	-3.1	0.0	-18.6	0.0	
0.19531	-0.0	78	15.5	18.6	-3.1	0.0	-18.6	0.0	
0.19922	-0.2	78	15.5	18.5	-3.0	0.0	-18.5	0.0	
0.20312	-0.2	78	15.5	18.5	-3.0	0.0	-18.5	0.0	
0.20703	-0.1	78	15.5	18.5	-3.0	0.0	-18.5	0.0	
0.21094	-0.3	78	15.6	18.5	-2.9	0.0	-18.5	0.0	
0.21484	-0.2	78	15.6	18.5	-2.9	0.0	-18.5	0.0	
0.21875	-0.0	78	15.6	18.5	-2.9	0.0	-18.5	0.0	
0.22266	-0.1	78	15.6	18.5	-2.9	0.0	-18.5	0.0	
0.22656	-0.2	78	15.6	18.5	-2.9	0.0	-18.5	0.0	
0.23047	-0.2	78	15.6	18.5	-2.9	0.0	-18.5	0.0	
0.23438	-0.2	78	15.6	18.5	-2.9	0.0	-18.5	0.0	
0.23828	-0.2	78	15.6	18.5	-2.9	0.0	-18.5	0.0	
0.24219	-0.2	78	15.6	18.5	-2.9	0.0	-18.5	0.0	
0.24609	-0.1	78	15.6	18.5	-2.9	0.0	-18.5	0.0	
0.25000	-0.2	78	15.6	18.5	-2.9	0.0	-18.5	0.0	
0.25391	-0.1	78	15.6	18.4	-2.8	0.0	-18.4	0.0	
0.25781	-0.1	78	15.6	18.5	-2.9	0.0	-18.5	0.0	
0.26172	-0.1	78	15.6	18.5	-2.9	0.0	-18.5	0.0	
0.26562	-0.0	78	15.6	18.4	-2.8	0.0	-18.4	0.0	
0.26953	0.1	78	15.7	18.5	-2.8	0.0	-18.5	0.0	
0.27344	-0.0	78	15.6	18.5	-2.9	0.0	-18.5	0.0	
0.27734	-0.1	78	15.6	18.5	-2.9	0.0	-18.5	0.0	
0.28125	-0.0	78	15.7	18.5	-2.8	0.0	-18.5	0.0	
0.28516	-0.0	78	15.7	18.5	-2.8	0.0	-18.5	0.0	
0.28906	-0.1	78	15.6	18.6	-3.0	0.0	-18.6	0.0	
0.29297	0.0	78	15.7	18.6	-2.9	0.0	-18.6	0.0	
0.29688	-0.0	78	15.7	18.6	-2.9	0.0	-18.6	0.0	
0.30078	-0.2	78	15.6	18.6	-3.0	0.0	-18.6	0.0	
0.30469	-0.2	78	15.6	18.6	-3.0	0.0	-18.6	0.0	
0.30859	-0.0	78	15.6	18.7	-3.1	0.0	-18.7	0.0	
0.31250	-0.0	78	15.6	18.7	-3.1	0.0	-18.7	0.0	
0.31641	0.0	78	15.6	18.7	-3.1	0.0	-18.7	0.0	
0.32031	-0.0	78	15.6	18.7	-3.1	0.0	-18.7	0.0	
0.32422	-0.2	78	15.6	18.7	-3.1	0.0	-18.7	0.0	
0.32812	-0.1	78	15.6	18.7	-3.1	0.0	-18.7	0.0	
0.33203	-0.0	78	15.6	18.7	-3.1	0.0	-18.7	0.0	
0.33594	-0.1	78	15.6	18.8	-3.2	0.0	-18.8	0.0	
0.33984	-0.1	78	15.6	18.7	-3.1	0.0	-18.7	0.0	
0.34375	-0.0	78	15.7	18.7	-3.0	0.0	-18.7	0.0	
0.34766	-0.1	78	15.7	18.7	-3.0	0.0	-18.7	0.0	
0.35156	-0.2	77	15.6	18.8	-3.2	0.0	-18.8	0.0	
0.35547	-0.2	77	15.7	18.8	-3.1	0.0	-18.8	0.0	
0.35938	-0.1	77	15.7	18.8	-3.1	0.0	-18.8	0.0	
0.36328	-0.1	77	15.6	18.9	-3.3	0.0	-18.9	0.0	
0.36719	-0.0	77	15.7	18.9	-3.2	0.0	-18.9	0.0	
0.37109	0.0	77	15.7	18.9	-3.2	0.0	-18.9	0.0	
0.37500	-0.2	77	15.6	18.9	-3.3	0.0	-18.9	0.0	
0.37891	-0.2	77	15.7	18.9	-3.2	0.0	-18.9	0.0	
0.38281	0.0	77	15.7	18.9	-3.2	0.0	-18.9	0.0	
0.38672	-0.1	77	15.7	19.0	-3.3	0.0	-19.0	0.0	
0.39062	-0.1	77	15.7	19.0	-3.3	0.0	-19.0	0.0	
0.39453	0.0	77	15.7	19.0	-3.3	0.0	-19.0	0.0	
0.39844	-0.1	77	15.7	19.0	-3.3	0.0	-19.0	0.0	
0.40234	-0.2	77	15.7	19.0	-3.3	0.0	-19.0	0.0	
0.40625	-0.1	77	15.8	19.1	-3.3	0.0	-19.1	0.0	
0.41016	-0.1	77	15.7	19.1	-3.4	0.0	-19.1	0.0	
0.41406	-0.1	77	15.8	19.1	-3.3	0.0	-19.1	0.0	
0.41797	0.1	77	15.8	19.1	-3.3	0.0	-19.1	0.0	
0.42188	0.0	77	15.7	19.2	-3.5	0.0	-19.2	0.0	
0.42578	-0.1	77	15.7	19.2	-3.5	0.0	-19.2	0.0	
0.42969	-0.0	77	15.7	19.2	-3.5	0.0	-19.2	0.0	
0.43359	-0.0	77	15.7	19.2	-3.5	0.0	-19.2	0.0	
0.43750	-0.1	77	15.7	19.3	-3.6	0.0	-19.3	0.0	
0.44141	-0.0	77	15.7	19.3	-3.6	0.0	-19.3	0.0	
0.44531	-0.0	77	15.8	19.3	-3.5	0.0	-19.3	0.0	
0.44922	-0.1	77	15.7	19.3	-3.6	0.0	-19.3	0.0	
0.45312	-0.2	77	15.7	19.4	-3.7	0.0	-19.4	0.0	
0.45703	-0.0	77	15.7	19.4	-3.7	0.0	-19.4	0.0	
0.46094	-0.0	77	15.7	19.5	-3.8	0.0	-19.5	0.0	
0.46484	-0.1	77	15.7	19.5	-3.8	0.0	-19.5	0.0	
0.46875	-0.0	77	15.7	19.5	-3.8	0.0	-19.5	0.0	
0.47266	-0.0	77	15.7	19.5	-3.8	0.0	-19.5	0.0	
0.47656	-0.1	77	15.7	19.5	-3.8	0.0	-19.5	0.0	
0.48047	-0.0	77	15.8	19.6	-3.8	0.0	-19.6	0.0	
0.48438	-0.1	77	15.8	19.6	-3.8	0.0	-19.6	0.0	
0.48828	-0.0	77	15.7	19.6	-3.9	0.0	-19.6	0.0	
0.49219	0.1	77	15.7	19.6	-3.9	0.0	-19.6	0.0	
0.49609	0.1	77	15.7	19.6	-3.9	0.0	-19.6	0.0	
0.50000	0.1	77	15.6	19.5	-3.9	0.0	-19.5	0.0	
0.50391	0.2	77	15.6	19.5	-3.9	0.0	-19.5	0.0	
0.50781	0.4	77	15.6	19.5	-3.9	0.0	-19.5	0.0	
0.51172	0.5	77	15.6	19.5	-3.9	0.0	-19.5	0.0	
0.51562	0.7	77	15.5	19.4	-3.9	0.0	-19.4	0.0	
0.51953	0.9	78	15.4	19.4	-4.0	0.0	-19.4	0.0	
0.52344	0.8	78	15.4	19.4	-4.0	0.0	-19.4	0.0	
0.52734	0.6	78	15.3	19.3	-4.0	0.0	-19.3	0.0	
0.53125	0.5	78	15.3	19.3	-4.0	0.0	-19.3	0.0	
0.53516	0.3	78	15.2	19.2	-4.0	0.0	-19.2	0.0	
0.53906	0.1	78	15.2	19.2	-4.0	0.0	-19.2	0.0	
0.54297	0.0	78	15.2	19.2	-4.0	0.0	-19.2	0.0	
0.54688	-0.1	78	15.2	19.1	-3.9	0.0	-19.1	0.0	
0.55078	-0.3	78	15.2	19.1	-3.9	0.0	-19.1	0.0	
0.55469	-0.3	78	15.3	19.1	-3.8	0.0	-19.1	0.0	
0.55859	-0.2	78	15.3	19.1	-3.8	0.0	-19.1	0.0	
0.56250	-0.1	78	15.3	19.1	-3.8	0.0	-19.1	0.0	
0.56641	-0.2	78	15.4	19.1	-3.7	0.0	-19.1	0.0	
0.57031	-0.4	78	15.4	19.1	-3.7	0.0	-19.1	0.0	
0.57422	-0.7	78	15.4	19.0	-3.6	0.0	-19.0	0.0	
0.57812	-0.8	77	15.5	19.0	-3.5	0.0	-19.0	0.0	
0.58203	-0.7	77	15.5	19.0	-3.5	0.0	-19.0	0.0	
0.58594	-0.6	77	15.5	19.0	-3.5	0.0	-19.0	0.0	
0.58984	-0.5	77	15.6	19.1	-3.5	0.0	-19.1	0.0	
0.59375	-0.5	77	15.6	19.1	-3.5	0.0	-19.1	0.0	
0.59766	-0.4	77	15.6	19.1	-3.5	0.0	-19.1	0.0	
0.60156	-0.3	77	15.7	19.1	-3.4	0.0	-19.1	0.0	
0.60547	-0.2	77	15.7	19.1	-3.4	0.0	-19.1	0.0	
0.60938	-0.2	77	15.7	19.2	-3.5	0.0	-19.2	0.0	
0.61328	-0.0	77	15.8	19.1	-3.3	0.0	-19.1	0.0	
0.61719	0.1	77	15.8	19.1	-3.3	0.0	-19.1	0.0	
0.62109	-0.1	77	15.8	19.2	-3.4	0.0	-19.2	0.0	
0.62500	-0.2	77	15.8	19.1	-3.3	0.0	-19.1	0.0	
0.62891	-0.1	77	15.8	19.1	-3.3	0.0	-19.1	0.0	
0.63281	-0.1	77	15.8	19.2	-3.4	0.0	-19.2	0.0	
0.63672	-0.1	77	15.8	19.2	-3.4	0.0	-19.2	0.0	
0.64062	0.0	77	15.8	19.2	-3.4	0.0	-19.2	0.0	
0.64453	0.0	77	15.8	19.2	-3.4	0.0	-19.2	0.0	
0.64844	-0.0	77	15.8	19.2	-3.4	0.0	-19.2	0.0	
0.65234	-0.1	77	15.8	19.2	-3.4	0.0	-19.2	0.0	
0.65625	-0.1	77	15.8	19.2	-3.4	0.0	-19.2	0.0	
0.66016	-0.2	77	15.9	19.2	-3.3	0.0	-19.2	0.0	
0.66406	-0.3	77	15.8	19.1	-3.3	0.0	-19.1	0.0	
0.66797	-0.3	77	15.9	19.1	-3.2	0.0	-19.1	0.0	
0.67188	-0.3	77	16.0	19.2	-3.2	0.0	-19.2	0.0	
0.67578	-0.4	77	16.0	19.2	-3.2	0.0	-19.2	0.0	
0.67969	-0.5	77	16.0	19.2	-3.2	0.0	-19.2	0.0	
0.68359	-0.4	77	16.1	19.3	-3.2	0.0	-19.3	0.0	
0.68750	-0.6	77	16.1	19.3	-3.2	0.0	-19.3	0.0	
0.69141	-0.6	77	16.1	19.2	-3.1	0.0	-19.2	0.0	
0.69531	-0.5	77	16.2	19.3	-3.1	0.0	-19.3	0.0	
0.69922	-0.6	77	16.2	19.3	-3.1	0.0	-19.3	0.0	
0.70312	-0.6	77	16.3	19.3	-3.0	0.0	-19.3	0.0	
0.70703	-0.3	77	16.4	19.3	-2.9	0.0	-19.3	0.0	
0.71094	-0.4	77	16.4	19.3	-2.9	0.0	-19.3	0.0	
0.71484	-0.4	77	16.5	19.3	-2.8	0.0	-19.3	0.0	
0.71875	-0.2	77	16.5	19.3	-2.8	0.0	-19.3	0.0	
0.72266	-0.3	77	16.5	19.3	-2.8	0.0	-19.3	0.0	
0.72656	-0.5	77	16.5	19.2	-2.7	0.0	-19.2	0.0	
0.73047	-0.3	77	16.6	19.3	-2.7	0.0	-19.3	0.0	
0.73438	-0.2	77	16.6	19.3	-2.7	0.0	-19.3	0.0	
0.73828	-0.2	77	16.6	19.3	-2.7	0.0	-19.3	0.0	
0.74219	-0.2	77	16.6	19.2	-2.6	0.0	-19.2	0.0	
0.74609	-0.2	77	16.7	19.3	-2.6	0.0	-19.3	0.0	
0.75000	-0.2	77	16.7	19.3	-2.6	0.0	-19.3	0.0	
0.75391	-0.2	77	16.7	19.3	-2.6	0.0	-19.3	0.0	
0.75781	-0.2	77	16.8	19.3	-2.5	0.0	-19.3	0.0	
0.76172	-0.3	77	16.8	19.3	-2.5	0.0	-19.3	0.0	
0.76562	-0.3	77	16.9	19.3	-2.4	0.0	-19.3	0.0	
0.76953	-0.2	77	16.9	19.4	-2.5	0.0	-19.4	0.0	
0.77344	-0.4	77	16.9	19.3	-2.4	0.0	-19.3	0.0	
0.77734	-0.3	77	16.9	19.3	-2.4	0.0	-19.3	0.0	
0.78125	-0.3	77	17.0	19.4	-2.4	0.0	-19.4	0.0	
0.78516	-0.4	76	17.1	19.4	-2.3	0.0	-19.4	0.0	
0.78906	-0.4	76	17.1	19.4	-2.3	0.0	-19.4	0.0	
0.79297	-0.4	76	17.1	19.4	-2.3	0.0	-19.4	0.0	
0.79688	-0.4	76	17.1	19.5	-2.4	0.0	-19.5	0.0	
0.80078	-0.4	76	17.2	19.5	-2.3	0.0	-19.5	0.0	
0.80469	-0.4	76	17.2	19.5	-2.3	0.0	-19.5	0.0	
0.80859	-0.5	76	17.3	19.6	-2.3	0.0	-19.6	0.0	
0.81250	-0.5	76	17.3	19.6	-2.3	0.0	-19.6	0.0	
0.81641	-0.3	76	17.4	19.7	-2.3	0.0	-19.7	0.0	
0.82031	-0.3	76	17.4	19.7	-2.3	0.0	-19.7	0.0	
0.82422	-0.4	76	17.5	19.7	-2.2	0.0	-19.7	0.0	
0.82812	-0.4	76	17.5	19.8	-2.3	0.0	-19.8	0.0	
0.83203	-0.4	76	17.5	19.9	-2.4	0.0	-19.9	0.0	
0.83594	-0.5	76	17.5	19.9	-2.4	0.0	-19.9	0.0	
0.83984	-0.5	76	17.6	19.9	-2.3	0.0	-19.9	0.0	
0.84375	-0.4	76	17.7	20.0	-2.3	0.0	-20.0	0.0	
0.84766	-0.5	76	17.7	20.0	-2.3	0.0	-20.0	0.0	
0.85156	-0.7	76	17.8	20.0	-2.2	0.0	-20.0	0.0	
0.85547	-0.7	76	17.8	20.0	-2.2	0.0	-20.0	0.0	
0.85938	-0.6	76	17.9	20.1	-2.2	0.0	-20.1	0.0	
0.86328	-0.9	76	17.9	20.2	-2.3	0.0	-20.2	0.0	
0.86719	-0.9	76	18.1	20.2	-2.1	0.0	-20.2	0.0	
0.87109	-0.8	76	18.1	20.3	-2.2	0.0	-20.3	0.0	
0.87500	-1.2	76	18.2	20.3	-2.1	0.0	-20.3	0.0	
0.87891	-1.3	76	18.3	20.4	-2.1	0.0	-20.4	0.0	
0.88281	-1.2	76	18.4	20.5	-2.1	0.0	-20.5	0.0	
0.88672	-1.3	75	18.4	20.5	-2.1	0.0	-20.5	0.0	
0.89062	-1.6	75	18.5	20.6	-2.1	0.0	-20.6	0.0	
0.89453	-1.7	75	18.7	20.7	-2.0	0.0	-20.7	0.0	
0.89844	-1.8	75	18.8	20.8	-2.0	0.0	-20.8	0.0	
0.90234	-1.9	75	18.9	20.8	-1.9	0.0	-20.8	0.0	
0.90625	-1.9	75	19.0	20.9	-1.9	0.0	-20.9	0.0	
0.91016	-1.9	75	19.1	21.0	-1.9	0.0	-21.0	0.0	
0.91406	-2.0	75	19.2	21.0	-1.8	0.0	-21.0	0.0	
0.91797	-1.9	74	19.4	21.1	-1.7	0.0	-21.1	0.0	
0.92188	-1.9	74	19.5	21.2	-1.7	0.0	-21.2	0.0	
0.92578	-1.8	74	19.5	21.3	-1.8	0.0	-21.3	0.0	
0.92969	-1.3	74	19.6	21.3	-1.7	0.0	-21.3	0.0	
0.93359	-0.9	74	19.7	21.4	-1.7	0.0	-21.4	0.0	
0.93750	-0.9	74	19.7	21.5	-1.8	0.0	-21.5	0.0	
0.94141	-0.7	74	19.8	21.6	-1.8	0.0	-21.6	0.0	
0.94531	-0.3	74	19.9	21.7	-1.8	0.0	-21.7	0.0	
0.94922	-0.2	74	19.9	21.7	-1.8	0.0	-21.7	0.0	
0.95312	-0.1	74	19.9	21.8	-1.9	0.0	-21.8	0.0	
0.95703	-0.0	74	19.9	21.9	-2.0	0.0	-21.9	0.0	
0.96094	-0.1	74	20.0	22.0	-2.0	0.0	-22.0	0.0	
0.96484	-0.0	74	20.0	22.1	-2.1	0.0	-22.1	0.0	
0.96875	0.1	74	20.0	22.2	-2.2	0.0	-22.2	0.0	
0.97266	0.0	74	19.9	22.2	-2.3	0.0	-22.2	0.0	
0.97656	-0.0	74	19.9	22.3	-2.4	0.0	-22.3	0.0	
0.98047	0.0	74	20.0	22.3	-2.3	0.0	-22.3	0.0	
0.98438	-0.1	74	20.0	22.5	-2.5	0.0	-22.5	0.0	
0.98828	-0.1	74	20.0	22.5	-2.5	0.0	-22.5	0.0	
0.99219	-0.0	74	20.0	22.6	-2.6	0.0	-22.6	0.0	
0.99609	0.0	74	19.9	22.6	-2.7	0.0	-22.6	0.0	
1.00000	-0.1	74	19.9	22.7	-2.8	0.0	-22.7	0.0	
1.00391	-0.1	74	19.9	22.8	-2.9	0.0	-22.8	0.0	
1.00781	-0.1	74	19.8	22.9	-3.1	0.0	-22.9	0.0	
1.01172	-0.1	74	19.9	22.9	-3.0	0.0	-22.9	0.0	
1.01562	-0.1	74	19.9	22.9	-3.0	0.0	-22.9	0.0	
1.01953	-0.0	74	19.9	23.0	-3.1	0.0	-23.0	0.0	
1.02344	-0.0	74	19.8	23.0	-3.2	0.0	-23.0	0.0	
1.02734	-0.1	74	19.8	23.0	-3.2	0.0	-23.0	0.0	
1.03125	0.1	74	19.8	23.0	-3.2	0.0	-23.0	0.0	
1.03516	0.1	74	19.7	23.0	-3.3	0.0	-23.0	0.0	
1.03906	0.1	74	19.7	23.1	-3.4	0.0	-23.1	0.0	
1.04297	0.2	74	19.7	23.1	-3.4	0.0	-23.1	0.0	
1.04688	0.2	74	19.7	23.1	-3.4	0.0	-23.1	0.0	
1.05078	0.1	74	19.6	23.0	-3.4	0.0	-23.0	0.0	
1.05469	0.0	74	19.6	23.0	-3.4	0.0	-23.0	0.0	
1.05859	0.0	74	19.6	23.1	-3.5	0.0	-23.1	0.0	
1.06250	-0.1	74	19.6	23.0	-3.4	0.0	-23.0	0.0	
1.06641	-0.1	74	19.6	23.1	-3.5	0.0	-23.1	0.0	
1.07031	-0.2	74	19.7	23.1	-3.4	0.0	-23.1	0.0	
1.07422	-0.4	74	19.7	23.1	-3.4	0.0	-23.1	0.0	
1.07812	-0.3	74	19.7	23.1	-3.4	0.0	-23.1	0.0	
1.08203	-0.4	74	19.8	23.1	-3.3	0.0	-23.1	0.0	
1.08594	-0.7	74	19.9	23.1	-3.2	0.0	-23.1	0.0	
1.08984	-0.9	74	19.9	23.1	-3.2	0.0	-23.1	0.0	
1.09375	-0.9	74	19.9	23.2	-3.3	0.0	-23.2	0.0	
1.09766	-1.1	74	20.0	23.2	-3.2	0.0	-23.2	0.0	
1.10156	-1.3	74	20.1	23.3	-3.2	0.0	-23.3	0.0	
1.10547	-1.2	73	20.2	23.3	-3.1	0.0	-23.3	0.0	
1.10938	-1.0	73	20.2	23.3	-3.1	0.0	-23.3	0.0	
1.11328	-0.9	73	20.3	23.4	-3.1	0.0	-23.4	0.0	
1.11719	-0.6	73	20.4	23.4	-3.0	0.0	-23.4	0.0	
1.12109	-0.4	73	20.4	23.5	-3.1	0.0	-23.5	0.0	
1.12500	-0.3	73	20.4	23.5	-3.1	0.0	-23.5	0.0	
1.12891	-0.3	73	20.5	23.5	-3.0	0.0	-23.5	0.0	
1.13281	-0.1	73	20.5	23.6	-3.1	0.0	-23.6	0.0	
1.13672	-0.1	73	20.5	23.6	-3.1	0.0	-23.6	0.0	
1.14062	0.1	73	20.5	23.7	-3.2	0.0	-23.7	0.0	
1.14453	0.1	73	20.5	23.7	-3.2	0.0	-23.7	0.0	
1.14844	-0.0	73	20.6	23.7	-3.1	0.0	-23.7	0.0	
1.15234	-0.0	73	20.6	23.7	-3.1	0.0	-23.7	0.0	
1.15625	0.1	73	20.5	23.7	-3.2	0.0	-23.7	0.0	
1.16016	0.0	73	20.5	23.8	-3.3	0.0	-23.8	0.0	
1.16406	-0.0	73	20.5	23.8	-3.3	0.0	-23.8	0.0	
1.16797	-0.0	73	20.5	23.8	-3.3	0.0	-23.8	0.0	
1.17188	-0.0	73	20.5	23.8	-3.3	0.0	-23.8	0.0	
1.17578	-0.1	73	20.4	23.8	-3.4	0.0	-23.8	0.0	
1.17969	-0.1	73	20.4	23.9	-3.5	0.0	-23.9	0.0	
1.18359	0.0	73	20.5	23.9	-3.4	0.0	-23.9	0.0	
1.18750	0.0	73	20.4	23.8	-3.4	0.0	-23.8	0.0	
1.19141	-0.0	73	20.4	23.8	-3.4	0.0	-23.8	0.0	
1.19531	-0.0	73	20.5	23.8	-3.3	0.0	-23.8	0.0	
1.19922	-0.2	73	20.4	23.9	-3.5	0.0	-23.9	0.0	
1.20312	-0.2	73	20.4	23.9	-3.5	0.0	-23.9	0.0	
1.20703	-0.1	73	20.5	23.9	-3.4	0.0	-23.9	0.0	
1.21094	-0.3	73	20.5	23.9	-3.4	0.0	-23.9	0.0	
1.21484	-0.2	73	20.4	23.9	-3.5	0.0	-23.9	0.0	
1.21875	-0.1	73	20.5	24.0	-3.5	0.0	-24.0	0.0	
1.22266	-0.3	73	20.5	24.0	-3.5	0.0	-24.0	0.0	
1.22656	-0.3	73	20.4	24.0	-3.6	0.0	-24.0	0.0	
1.23047	-0.1	73	20.5	24.0	-3.5	0.0	-24.0	0.0	
1.23438	-0.3	73	20.5	24.0	-3.5	0.0	-24.0	0.0	
1.23828	-0.4	73	20.5	24.0	-3.5	0.0	-24.0	0.0	
1.24219	-0.1	73	20.5	23.9	-3.4	0.0	-23.9	0.0	
1.24609	-0.1	73	20.6	23.9	-3.3	0.0	-23.9	0.0	
1.25000	-0.2	73	20.5	23.9	-3.4	0.0	-23.9	0.0	
1.25391	-0.2	73	20.5	23.9	-3.4	0.0	-23.9	0.0	
1.25781	-0.1	73	20.6	23.8	-3.2	0.0	-23.8	0.0	
1.26172	-0.0	73	20.6	23.8	-3.2	0.0	-23.8	0.0	
1.26562	-0.0	73	20.6	23.8	-3.2	0.0	-23.8	0.0	
1.26953	-0.1	73	20.6	23.8	-3.2	0.0	-23.8	0.0	
1.27344	-0.2	73	20.6	23.8	-3.2	0.0	-23.8	0.0	
1.27734	-0.2	73	20.6	23.8	-3.2	0.0	-23.8	0.0	
1.28125	-0.0	73	20.6	23.7	-3.1	0.0	-23.7	0.0	
1.28516	0.0	73	20.6	23.7	-3.1	0.0	-23.7	0.0	
1.28906	-0.1	73	20.6	23.7	-3.1	0.0	-23.7	0.0	
1.29297	0.1	73	20.6	23.7	-3.1	0.0	-23.7	0.0	
1.29688	0.1	73	20.5	23.7	-3.2	0.0	-23.7	0.0	
1.30078	-0.1	73	20.6	23.6	-3.0	0.0	-23.6	0.0	
1.30469	-0.1	73	20.6	23.6	-3.0	0.0	-23.6	0.0	
1.30859	0.1	73	20.6	23.7	-3.1	0.0	-23.7	0.0	
1.31250	-0.1	73	20.5	23.7	-3.2	0.0	-23.7	0.0	
1.31641	-0.1	73	20.5	23.6	-3.1	0.0	-23.6	0.0	
1.32031	-0.0	73	20.6	23.6	-3.0	0.0	-23.6	0.0	
1.32422	-0.2	73	20.6	23.6	-3.0	0.0	-23.6	0.0	
1.32812	-0.2	73	20.5	23.6	-3.1	0.0	-23.6	0.0	
1.33203	-0.1	73	20.6	23.6	-3.0	0.0	-23.6	0.0	
1.33594	-0.3	73	20.6	23.7	-3.1	0.0	-23.7	0.0	
1.33984	-0.2	73	20.6	23.7	-3.1	0.0	-23.7	0.0	
1.34375	-0.1	73	20.7	23.7	-3.0	0.0	-23.7	0.0	
1.34766	-0.2	73	20.7	23.7	-3.0	0.0	-23.7	0.0	
1.35156	-0.2	73	20.7	23.7	-3.0	0.0	-23.7	0.0	
1.35547	-0.1	73	20.8	23.7	-2.9	0.0	-23.7	0.0	
1.35938	-0.2	73	20.7	23.7	-3.0	0.0	-23.7	0.0	
1.36328	-0.1	73	20.7	23.8	-3.1	0.0	-23.8	0.0	
1.36719	0.1	73	20.7	23.8	-3.1	0.0	-23.8	0.0	
1.37109	0.1	73	20.7	23.8	-3.1	0.0	-23.8	0.0	
1.37500	0.0	73	20.7	23.8	-3.1	0.0	-23.8	0.0	
1.37891	0.1	73	20.7	23.8	-3.1	0.0	-23.8	0.0	
1.38281	0.2	73	20.7	23.8	-3.1	0.0	-23.8	0.0	
1.38672	0.1	73	20.7	23.8	-3.1	0.0	-23.8	0.0	
1.39062	0.3	73	20.6	23.8	-3.2	0.0	-23.8	0.0	
1.39453	0.5	73	20.6	23.8	-3.2	0.0	-23.8	0.0	
1.39844	0.4	73	20.5	23.8	-3.3	0.0	-23.8	0.0	
1.40234	0.3	73	20.5	23.8	-3.3	0.0	-23.8	0.0	
1.40625	0.5	73	20.4	23.8	-3.4	0.0	-23.8	0.0	
1.41016	0.4	73	20.4	23.8	-3.4	0.0	-23.8	0.0	
1.41406	0.3	73	20.4	23.9	-3.5	0.0	-23.9	0.0	
1.41797	0.2	73	20.3	23.9	-3.6	0.0	-23.9	0.0	
1.42188	0.1	73	20.3	23.9	-3.6	0.0	-23.9	0.0	
1.42578	0.0	73	20.3	23.9	-3.6	0.0	-23.9	0.0	
1.42969	0.0	73	20.3	24.0	-3.7	0.0	-24.0	0.0	
1.43359	-0.1	73	20.3	24.0	-3.7	0.0	-24.0	0.0	
1.43750	-0.2	73	20.3	24.0	-3.7	0.0	-24.0	0.0	
1.44141	-0.1	73	20.3	24.0	-3.7	0.0	-24.0	0.0	
1.44531	-0.0	73	20.3	24.0	-3.7	0.0	-24.0	0.0	
1.44922	-0.2	73	20.3	24.0	-3.7	0.0	-24.0	0.0	
1.45312	-0.2	73	20.3	24.0	-3.7	0.0	-24.0	0.0	
1.45703	-0.2	73	20.3	24.0	-3.7	0.0	-24.0	0.0	
1.46094	-0.2	73	20.4	24.0	-3.6	0.0	-24.0	0.0	
1.46484	-0.1	73	20.4	24.1	-3.7	0.0	-24.1	0.0	
1.46875	-0.1	73	20.4	24.1	-3.7	0.0	-24.1	0.0	
1.47266	-0.1	73	20.4	24.1	-3.7	0.0	-24.1	0.0	
1.47656	-0.0	73	20.4	24.1	-3.7	0.0	-24.1	0.0	
1.48047	0.1	73	20.4	24.1	-3.7	0.0	-24.1	0.0	
1.48438	0.1	73	20.4	24.2	-3.8	0.0	-24.2	0.0	
1.48828	0.1	73	20.4	24.2	-3.8	0.0	-24.2	0.0	
1.49219	0.1	73	20.4	24.2	-3.8	0.0	-24.2	0.0	
1.49609	0.1	73	20.4	24.2	-3.8	0.0	-24.2	0.0	
1.50000	-0.1	73	20.4	24.2	-3.8	0.0	-24.2	0.0	
1.50391	-0.0	73	20.3	24.2	-3.9	0.0	-24.2	0.0	
1.50781	0.1	73	20.3	24.2	-3.9	0.0	-24.2	0.0	
1.51172	0.1	73	20.3	24.2	-3.9	0.0	-24.2	0.0	
1.51562	0.2	73	20.2	24.3	-4.1	0.0	-24.3	0.0	
1.51953	0.3	73	20.2	24.3	-4.1	0.0	-24.3	0.0	
1.52344	0.2	73	20.2	24.3	-4.1	0.0	-24.3	0.0	
1.52734	0.1	73	20.2	24.3	-4.1	0.0	-24.3	0.0	
1.53125	-0.0	73	20.2	24.3	-4.1	0.0	-24.3	0.0	
1.53516	-0.2	73	20.2	24.3	-4.1	0.0	-24.3	0.0	
1.53906	-0.2	73	20.2	24.3	-4.1	0.0	-24.3	0.0	
1.54297	0.0	73	20.2	24.3	-4.1	0.0	-24.3	0.0	
1.54688	-0.1	73	20.2	24.3	-4.1	0.0	-24.3	0.0	
1.55078	-0.2	73	20.2	24.4	-4.2	0.0	-24.4	0.0	
1.55469	-0.0	73	20.2	24.3	-4.1	0.0	-24.3	0.0	
1.55859	0.1	73	20.2	24.3	-4.1	0.0	-24.3	0.0	
1.56250	0.0	73	20.2	24.3	-4.1	0.0	-24.3	0.0	
1.56641	0.1	73	20.2	24.3	-4.1	0.0	-24.3	0.0	
1.57031	0.2	73	20.1	24.2	-4.1	0.0	-24.2	0.0	
1.57422	0.1	73	20.1	24.2	-4.1	0.0	-24.2	0.0	
1.57812	0.1	73	20.0	24.2	-4.2	0.0	-24.2	0.0	
1.58203	0.4	73	20.0	24.1	-4.1	0.0	-24.1	0.0	
1.58594	0.3	73	20.0	24.1	-4.1	0.0	-24.1	0.0	
1.58984	0.2	73	20.0	24.1	-4.1	0.0	-24.1	0.0	
1.59375	0.4	73	20.0	24.0	-4.0	0.0	-24.0	0.0	
1.59766	0.2	73	19.9	24.0	-4.1	0.0	-24.0	0.0	
1.60156	0.1	73	19.8	24.0	-4.2	0.0	-24.0	0.0	
1.60547	0.1	73	19.8	24.0	-4.2	0.0	-24.0	0.0	
1.60938	-0.1	73	19.8	23.9	-4.1	0.0	-23.9	0.0	
1.61328	-0.2	73	19.8	23.9	-4.1	0.0	-23.9	0.0	
1.61719	-0.0	73	19.9	23.9	-4.0	0.0	-23.9	0.0	
1.62109	-0.2	73	19.9	23.9	-4.0	0.0	-23.9	0.0	
1.62500	-0.3	73	19.9	23.9	-4.0	0.0	-23.9	0.0	
1.62891	-0.2	73	19.9	23.9	-4.0	0.0	-23.9	0.0	
1.63281	-0.2	73	19.9	23.9	-4.0	0.0	-23.9	0.0	
1.63672	-0.3	73	19.9	23.9	-4.0	0.0	-23.9	0.0	
1.64062	-0.3	73	20.0	23.9	-3.9	0.0	-23.9	0.0	
1.64453	-0.3	73	20.1	24.0	-3.9	0.0	-24.0	0.0	
1.64844	-0.4	73	20.0	24.0	-4.0	0.0	-24.0	0.0	
1.65234	-0.5	73	20.1	24.0	-3.9	0.0	-24.0	0.0	
1.65625	-0.5	73	20.2	24.0	-3.8	0.0	-24.0	0.0	
1.66016	-0.5	73	20.2	24.0	-3.8	0.0	-24.0	0.0	
1.66406	-0.5	73	20.2	24.0	-3.8	0.0	-24.0	0.0	
1.66797	-0.2	73	20.3	24.1	-3.8	0.0	-24.1	0.0	
1.67188	-0.3	73	20.3	24.1	-3.8	0.0	-24.1	0.0	
1.67578	-0.5	73	20.3	24.1	-3.8	0.0	-24.1	0.0	
1.67969	-0.3	73	20.3	24.1	-3.8	0.0	-24.1	0.0	
1.68359	-0.3	73	20.4	24.1	-3.7	0.0	-24.1	0.0	
1.68750	-0.3	73	20.4	24.1	-3.7	0.0	-24.1	0.0	
1.69141	-0.1	73	20.4	24.2	-3.8	0.0	-24.2	0.0	
1.69531	0.0	73	20.5	24.1	-3.6	0.0	-24.1	0.0	
1.69922	-0.1	73	20.4	24.1	-3.7	0.0	-24.1	0.0	
1.70312	-0.1	73	20.3	24.1	-3.8	0.0	-24.1	0.0	
1.70703	0.0	73	20.4	24.1	-3.7	0.0	-24.1	0.0	
1.71094	-0.0	73	20.3	24.1	-3.8	0.0	-24.1	0.0	
1.71484	-0.1	73	20.3	24.2	-3.9	0.0	-24.2	0.0	
1.71875	0.0	73	20.3	24.1	-3.8	0.0	-24.1	0.0	
1.72266	-0.0	73	20.4	24.1	-3.7	0.0	-24.1	0.0	
1.72656	-0.2	73	20.4	24.1	-3.7	0.0	-24.1	0.0	
1.73047	-0.1	73	20.4	24.2	-3.8	0.0	-24.2	0.0	
1.73438	-0.1	73	20.4	24.2	-3.8	0.0	-24.2	0.0	
1.73828	-0.2	73	20.4	24.2	-3.8	0.0	-24.2	0.0	
1.74219	-0.2	73	20.4	24.2	-3.8	0.0	-24.2	0.0	
1.74609	-0.2	73	20.4	24.2	-3.8	0.0	-24.2	0.0	
1.75000	-0.5	73	20.5	24.2	-3.7	0.0	-24.2	0.0	
1.75391	-0.7	73	20.5	24.2	-3.7	0.0	-24.2	0.0	
1.75781	-0.7	73	20.6	24.2	-3.6	0.0	-24.2	0.0	
1.76172	-0.7	72	20.7	24.2	-3.5	0.0	-24.2	0.0	
1.76562	-0.7	72	20.8	24.2	-3.4	0.0	-24.2	0.0	
1.76953	-0.7	72	20.8	24.2	-3.4	0.0	-24.2	0.0	
1.77344	-0.7	72	20.9	24.2	-3.3	0.0	-24.2	0.0	
1.77734	-0.7	72	20.9	24.2	-3.3	0.0	-24.2	0.0	
1.78125	-0.6	72	20.9	24.2	-3.3	0.0	-24.2	0.0	
1.78516	-0.4	72	21.0	24.2	-3.2	0.0	-24.2	0.0	
1.78906	-0.3	72	21.0	24.2	-3.2	0.0	-24.2	0.0	
1.79297	-0.2	72	21.1	24.1	-3.0	0.0	-24.1	0.0	
1.79688	-0.1	72	21.1	24.1	-3.0	0.0	-24.1	0.0	
1.80078	-0.0	72	21.1	24.1	-3.0	0.0	-24.1	0.0	
1.80469	-0.0	72	21.1	24.1	-3.0	0.0	-24.1	0.0	
1.80859	0.1	72	21.0	24.2	-3.2	0.0	-24.2	0.0	
1.81250	0.0	72	21.1	24.1	-3.0	0.0	-24.1	0.0	
1.81641	0.0	72	21.1	24.1	-3.0	0.0	-24.1	0.0	
1.82031	0.1	72	21.1	24.1	-3.0	0.0	-24.1	0.0	
1.82422	0.0	72	21.0	24.0	-3.0	0.0	-24.0	0.0	
1.82812	0.0	72	21.0	24.1	-3.1	0.0	-24.1	0.0	
1.83203	0.1	72	21.0	24.0	-3.0	0.0	-24.0	0.0	
1.83594	0.1	72	21.0	24.0	-3.0	0.0	-24.0	0.0	
1.83984	0.1	72	20.9	24.1	-3.2	0.0	-24.1	0.0	
1.84375	0.2	72	20.9	24.1	-3.2	0.0	-24.1	0.0	
1.84766	0.1	72	20.9	24.1	-3.2	0.0	-24.1	0.0	
1.85156	-0.1	72	20.8	24.0	-3.2	0.0	-24.0	0.0	
1.85547	-0.0	72	20.8	24.0	-3.2	0.0	-24.0	0.0	
1.85938	0.0	72	20.8	24.1	-3.3	0.0	-24.1	0.0	
1.86328	-0.1	72	20.8	24.1	-3.3	0.0	-24.1	0.0	
1.86719	-0.1	72	20.8	24.0	-3.2	0.0	-24.0	0.0	
1.87109	-0.1	72	20.8	24.1	-3.3	0.0	-24.1	0.0	
1.87500	-0.2	72	20.8	24.1	-3.3	0.0	-24.1	0.0	
1.87891	-0.1	72	20.8	24.1	-3.3	0.0	-24.1	0.0	
1.88281	-0.2	72	20.8	24.2	-3.4	0.0	-24.2	0.0	
1.88672	-0.2	72	20.8	24.1	-3.3	0.0	-24.1	0.0	
1.89062	-0.1	72	20.8	24.2	-3.4	0.0	-24.2	0.0	
1.89453	-0.0	72	20.8	24.2	-3.4	0.0	-24.2	0.0	
1.89844	-0.1	72	20.8	24.2	-3.4	0.0	-24.2	0.0	
1.90234	-0.2	72	20.8	24.2	-3.4	0.0	-24.2	0.0	
1.90625	-0.2	72	20.9	24.2	-3.3	0.0	-24.2	0.0	
1.91016	-0.2	72	20.9	24.2	-3.3	0.0	-24.2	0.0	
1.91406	-0.2	72	20.9	24.3	-3.4	0.0	-24.3	0.0	
1.91797	-0.2	72	20.9	24.3	-3.4	0.0	-24.3	0.0	
1.92188	-0.1	72	20.9	24.3	-3.4	0.0	-24.3	0.0	
1.92578	-0.1	72	20.9	24.3	-3.4	0.0	-24.3	0.0	
1.92969	0.0	72	21.0	24.4	-3.4	0.0	-24.4	0.0	
1.93359	-0.0	72	21.0	24.3	-3.3	0.0	-24.3	0.0	
1.93750	-0.1	72	21.0	24.4	-3.4	0.0	-24.4	0.0	
1.94141	-0.1	72	21.0	24.4	-3.4	0.0	-24.4	0.0	
1.94531	-0.1	72	21.0	24.4	-3.4	0.0	-24.4	0.0	
1.94922	-0.1	72	21.0	24.4	-3.4	0.0	-24.4	0.0	
1.95312	-0.1	72	21.0	24.5	-3.5	0.0	-24.5	0.0	
1.95703	-0.0	72	21.0	24.5	-3.5	0.0	-24.5	0.0	
1.96094	-0.0	72	21.0	24.5	-3.5	0.0	-24.5	0.0	
1.96484	-0.1	72	21.0	24.6	-3.6	0.0	-24.6	0.0	
1.96875	-0.2	72	21.0	24.6	-3.6	0.0	-24.6	0.0	
1.97266	-0.1	72	21.0	24.6	-3.6	0.0	-24.6	0.0	
1.97656	-0.1	72	21.0	24.6	-3.6	0.0	-24.6	0.0	
1.98047	-0.2	72	21.1	24.6	-3.5	0.0	-24.6	0.0	
1.98438	-0.1	72	21.0	24.7	-3.7	0.0	-24.7	0.0	
1.98828	-0.1	72	21.1	24.7	-3.6	0.0	-24.7	0.0	
1.99219	-0.0	72	21.1	24.7	-3.6	0.0	-24.7	0.0	
1.99609	0.0	72	21.1	24.7	-3.6	0.0	-24.7	0.0	
2.00000	-0.2	72	21.1	24.8	-3.7	0.0	-24.8	0.0	
2.00391	-0.1	72	21.1	24.8	-3.7	0.0	-24.8	0.0	
2.00781	-0.1	72	21.1	24.8	-3.7	0.0	-24.8	0.0	
2.01172	-0.2	72	21.1	24.9	-3.8	0.0	-24.9	0.0	
2.01562	-0.1	72	21.2	24.9	-3.7	0.0	-24.9	0.0	
2.01953	-0.0	72	21.2	25.0	-3.8	0.0	-25.0	0.0	
2.02344	-0.2	72	21.2	25.0	-3.8	0.0	-25.0	0.0	
2.02734	-0.3	72	21.2	25.0	-3.8	0.0	-25.0	0.0	
2.03125	-0.2	72	21.2	25.0	-3.8	0.0	-25.0	0.0	
2.03516	-0.3	72	21.3	25.1	-3.8	0.0	-25.1	0.0	
2.03906	-0.4	72	21.4	25.1	-3.7	0.0	-25.1	0.0	
2.04297	-0.4	72	21.4	25.2	-3.8	0.0	-25.2	0.0	
2.04688	-0.5	72	21.4	25.2	-3.8	0.0	-25.2	0.0	
2.05078	-0.6	72	21.5	25.3	-3.8	0.0	-25.3	0.0	
2.05469	-0.6	72	21.5	25.3	-3.8	0.0	-25.3	0.0	
2.05859	-0.5	72	21.6	25.4	-3.8	0.0	-25.4	0.0	
2.06250	-0.4	72	21.6	25.4	-3.8	0.0	-25.4	0.0	
2.06641	-0.2	72	21.6	25.4	-3.8	0.0	-25.4	0.0	
2.07031	-0.1	72	21.7	25.5	-3.8	0.0	-25.5	0.0	
2.07422	-0.0	72	21.7	25.5	-3.8	0.0	-25.5	0.0	
2.07812	0.0	72	21.6	25.5	-3.9	0.0	-25.5	0.0	
2.08203	0.2	72	21.7	25.5	-3.8	0.0	-25.5	0.0	
2.08594	0.1	72	21.6	25.5	-3.9	0.0	-25.5	0.0	
2.08984	0.1	72	21.6	25.5	-3.9	0.0	-25.5	0.0	
2.09375	0.4	72	21.5	25.5	-4.0	0.0	-25.5	0.0	
2.09766	0.4	72	21.5	25.5	-4.0	0.0	-25.5	0.0	
2.10156	0.5	72	21.4	25.5	-4.1	0.0	-25.5	0.0	
2.10547	0.7	72	21.4	25.4	-4.0	0.0	-25.4	0.0	
2.10938	0.6	72	21.4	25.4	-4.0	0.0	-25.4	0.0	
2.11328	0.4	72	21.3	25.4	-4.1	0.0	-25.4	0.0	
2.11719	0.3	72	21.3	25.4	-4.1	0.0	-25.4	0.0	
2.12109	0.1	72	21.2	25.4	-4.2	0.0	-25.4	0.0	
2.12500	-0.2	72	21.2	25.3	-4.1	0.0	-25.3	0.0	
2.12891	-0.2	72	21.2	25.3	-4.1	0.0	-25.3	0.0	
2.13281	-0.2	72	21.2	25.4	-4.2	0.0	-25.4	0.0	
2.13672	-0.3	72	21.2	25.4	-4.2	0.0	-25.4	0.0	
2.14062	-0.3	72	21.3	25.4	-4.1	0.0	-25.4	0.0	
2.14453	-0.2	72	21.3	25.4	-4.1	0.0	-25.4	0.0	
2.14844	-0.2	72	21.3	25.4	-4.1	0.0	-25.4	0.0	
2.15234	-0.4	72	21.3	25.4	-4.1	0.0	-25.4	0.0	
2.15625	-0.3	72	21.4	25.5	-4.1	0.0	-25.5	0.0	
2.16016	-0.3	72	21.4	25.5	-4.1	0.0	-25.5	0.0	
2.16406	-0.2	72	21.4	25.5	-4.1	0.0	-25.5	0.0	
2.16797	-0.0	72	21.4	25.5	-4.1	0.0	-25.5	0.0	
2.17188	-0.1	72	21.5	25.5	-4.0	0.0	-25.5	0.0	
2.17578	-0.1	72	21.4	25.5	-4.1	0.0	-25.5	0.0	
2.17969	0.1	72	21.4	25.6	-4.2	0.0	-25.6	0.0	
2.18359	0.0	72	21.4	25.6	-4.2	0.0	-25.6	0.0	
2.18750	-0.0	72	21.5	25.6	-4.1	0.0	-25.6	0.0	
2.19141	0.1	72	21.4	25.6	-4.2	0.0	-25.6	0.0	
2.19531	0.1	72	21.4	25.6	-4.2	0.0	-25.6	0.0	
2.19922	-0.0	72	21.4	25.7	-4.3	0.0	-25.7	0.0	
2.20312	0.1	72	21.3	25.7	-4.4	0.0	-25.7	0.0	
2.20703	0.1	72	21.3	25.7	-4.4	0.0	-25.7	0.0	
2.21094	-0.1	72	21.3	25.7	-4.4	0.0	-25.7	0.0	
2.21484	0.1	72	21.3	25.7	-4.4	0.0	-25.7	0.0	
2.21875	0.2	72	21.3	25.7	-4.4	0.0	-25.7	0.0	
2.22266	0.1	72	21.3	25.7	-4.4	0.0	-25.7	0.0	
2.22656	-0.0	72	21.2	25.7	-4.5	0.0	-25.7	0.0	
2.23047	0.1	72	21.2	25.7	-4.5	0.0	-25.7	0.0	
2.23438	-0.0	72	21.2	25.7	-4.5	0.0	-25.7	0.0	
2.23828	-0.2	72	21.2	25.7	-4.5	0.0	-25.7	0.0	
2.24219	-0.1	72	21.2	25.7	-4.5	0.0	-25.7	0.0	
2.24609	0.0	72	21.2	25.8	-4.6	0.0	-25.8	0.0	
2.25000	-0.2	72	21.2	25.7	-4.5	0.0	-25.7	0.0	
2.25391	-0.1	72	21.2	25.7	-4.5	0.0	-25.7	0.0	
2.25781	-0.0	72	21.2	25.8	-4.6	0.0	-25.8	0.0	
2.26172	-0.1	72	21.2	25.8	-4.6	0.0	-25.8	0.0	
2.26562	-0.1	72	21.2	25.8	-4.6	0.0	-25.8	0.0	
2.26953	-0.0	72	21.2	25.8	-4.6	0.0	-25.8	0.0	
2.27344	-0.1	72	21.2	25.8	-4.6	0.0	-25.8	0.0	
2.27734	-0.1	72	21.1	25.8	-4.7	0.0	-25.8	0.0	
2.28125	-0.0	72	21.1	25.8	-4.7	0.0	-25.8	0.0	
2.28516	-0.0	72	21.1	25.8	-4.7	0.0	-25.8	0.0	
2.28906	0.0	72	21.1	25.7	-4.6	0.0	-25.7	0.0	
2.29297	0.1	72	21.1	25.7	-4.6	0.0	-25.7	0.0	
2.29688	0.1	72	21.1	25.7	-4.6	0.0	-25.7	0.0	
2.30078	0.2	72	21.0	25.6	-4.6	0.0	-25.6	0.0	
2.30469	0.3	72	21.0	25.6	-4.6	0.0	-25.6	0.0	
2.30859	0.3	72	21.0	25.6	-4.6	0.0	-25.6	0.0	
2.31250	0.4	72	20.9	25.5	-4.6	0.0	-25.5	0.0	
2.31641	0.5	72	20.9	25.5	-4.6	0.0	-25.5	0.0	
2.32031	0.5	72	20.9	25.4	-4.5	0.0	-25.4	0.0	
2.32422	0.4	72	20.8	25.4	-4.6	0.0	-25.4	0.0	
2.32812	0.3	72	20.7	25.3	-4.6	0.0	-25.3	0.0	
2.33203	0.3	72	20.8	25.3	-4.5	0.0	-25.3	0.0	
2.33594	0.3	72	20.7	25.2	-4.5	0.0	-25.2	0.0	
2.33984	0.1	72	20.6	25.2	-4.6	0.0	-25.2	0.0	
2.34375	0.0	72	20.7	25.2	-4.5	0.0	-25.2	0.0	
2.34766	-0.1	72	20.6	25.2	-4.6	0.0	-25.2	0.0	
2.35156	-0.2	72	20.6	25.1	-4.5	0.0	-25.1	0.0	
2.35547	-0.1	72	20.6	25.1	-4.5	0.0	-25.1	0.0	
2.35938	-0.0	72	20.6	25.0	-4.4	0.0	-25.0	0.0	
2.36328	-0.2	72	20.6	25.1	-4.5	0.0	-25.1	0.0	
2.36719	-0.2	72	20.7	25.0	-4.3	0.0	-25.0	0.0	
2.37109	-0.1	72	20.7	25.0	-4.3	0.0	-25.0	0.0	
2.37500	-0.3	72	20.6	25.0	-4.4	0.0	-25.0	0.0	
2.37891	-0.2	72	20.7	25.0	-4.3	0.0	-25.0	0.0	
2.38281	-0.1	72	20.7	24.9	-4.2	0.0	-24.9	0.0	
2.38672	-0.1	72	20.7	24.9	-4.2	0.0	-24.9	0.0	
2.39062	-0.1	72	20.7	24.9	-4.2	0.0	-24.9	0.0	
2.39453	0.0	72	20.7	24.9	-4.2	0.0	-24.9	0.0	
2.39844	0.0	72	20.7	24.9	-4.2	0.0	-24.9	0.0	
2.40234	-0.1	72	20.7	24.9	-4.2	0.0	-24.9	0.0	
2.40625	-0.0	72	20.7	24.9	-4.2	0.0	-24.9	0.0	
2.41016	0.0	72	20.7	24.9	-4.2	0.0	-24.9	0.0	
2.41406	-0.0	72	20.7	24.9	-4.2	0.0	-24.9	0.0	
2.41797	0.1	72	20.7	24.9	-4.2	0.0	-24.9	0.0	
2.42188	0.0	72	20.7	24.8	-4.1	0.0	-24.8	0.0	
2.42578	-0.1	72	20.6	24.8	-4.2	0.0	-24.8	0.0	
2.42969	0.1	72	20.6	24.8	-4.2	0.0	-24.8	0.0	
2.43359	0.1	72	20.6	24.8	-4.2	0.0	-24.8	0.0	
2.43750	-0.0	72	20.6	24.8	-4.2	0.0	-24.8	0.0	
2.44141	-0.0	72	20.6	24.8	-4.2	0.0	-24.8	0.0	
2.44531	0.1	72	20.6	24.8	-4.2	0.0	-24.8	0.0	
2.44922	0.1	72	20.5	24.8	-4.3	0.0	-24.8	0.0	
2.45312	-0.1	72	20.5	24.8	-4.3	0.0	-24.8	0.0	
2.45703	-0.0	72	20.5	24.8	-4.3	0.0	-24.8	0.0	
2.46094	0.0	72	20.5	24.8	-4.3	0.0	-24.8	0.0	
2.46484	-0.1	72	20.5	24.8	-4.3	0.0	-24.8	0.0	
2.46875	-0.0	72	20.5	24.8	-4.3	0.0	-24.8	0.0	
2.47266	-0.1	72	20.5	24.8	-4.3	0.0	-24.8	0.0	
2.47656	-0.2	72	20.5	24.8	-4.3	0.0	-24.8	0.0	
2.48047	-0.2	72	20.5	24.8	-4.3	0.0	-24.8	0.0	
2.48438	-0.2	72	20.6	24.8	-4.2	0.0	-24.8	0.0	
2.48828	-0.2	72	20.6	24.8	-4.2	0.0	-24.8	0.0	
2.49219	-0.2	72	20.6	24.8	-4.2	0.0	-24.8	0.0	
2.49609	-0.4	72	20.7	24.8	-4.1	0.0	-24.8	0.0	
2.50000	-0.6	72	20.7	24.9	-4.2	0.0	-24.9	0.0	
2.50391	-0.6	72	20.7	24.9	-4.2	0.0	-24.9	0.0	
2.50781	-0.7	72	20.8	24.9	-4.1	0.0	-24.9	0.0	
2.51172	-1.1	72	20.9	25.0	-4.1	0.0	-25.0	0.0	
2.51562	-1.1	71	21.0	24.9	-3.9	0.0	-24.9	0.0	
2.51953	-0.9	71	21.0	25.0	-4.0	0.0	-25.0	0.0	
2.52344	-1.1	71	21.1	25.0	-3.9	0.0	-25.0	0.0	
2.52734	-1.2	71	21.2	25.0	-3.8	0.0	-25.0	0.0	
2.53125	-1.0	71	21.2	25.1	-3.9	0.0	-25.1	0.0	
2.53516	-1.0	71	21.3	25.1	-3.8	0.0	-25.1	0.0	
2.53906	-1.0	71	21.4	25.2	-3.8	0.0	-25.2	0.0	
2.54297	-0.7	71	21.5	25.2	-3.7	0.0	-25.2	0.0	
2.54688	-0.7	71	21.5	25.2	-3.7	0.0	-25.2	0.0	
2.55078	-0.8	71	21.6	25.2	-3.6	0.0	-25.2	0.0	
2.55469	-0.6	71	21.7	25.4	-3.7	0.0	-25.4	0.0	
2.55859	-0.6	71	21.8	25.4	-3.6	0.0	-25.4	0.0	
2.56250	-0.6	71	21.8	25.4	-3.6	0.0	-25.4	0.0	
2.56641	-0.3	71	21.9	25.5	-3.6	0.0	-25.5	0.0	
2.57031	-0.3	71	21.9	25.6	-3.7	0.0	-25.6	0.0	
2.57422	-0.5	71	21.9	25.6	-3.7	0.0	-25.6	0.0	
2.57812	-0.3	71	22.0	25.6	-3.6	0.0	-25.6	0.0	
2.58203	-0.3	71	22.1	25.7	-3.6	0.0	-25.7	0.0	
2.58594	-0.4	71	22.1	25.8	-3.7	0.0	-25.8	0.0	
2.58984	-0.4	71	22.1	25.8	-3.7	0.0	-25.8	0.0	
2.59375	-0.3	71	22.2	25.8	-3.6	0.0	-25.8	0.0	
2.59766	-0.2	71	22.2	25.8	-3.6	0.0	-25.8	0.0	
2.60156	-0.2	71	22.2	25.8	-3.6	0.0	-25.8	0.0	
2.60547	-0.1	71	22.2	25.9	-3.7	0.0	-25.9	0.0	
2.60938	-0.0	71	22.2	25.9	-3.7	0.0	-25.9	0.0	
2.61328	-0.2	71	22.2	25.9	-3.7	0.0	-25.9	0.0	
2.61719	-0.2	71	22.2	25.9	-3.7	0.0	-25.9	0.0	
2.62109	-0.0	71	22.2	25.9	-3.7	0.0	-25.9	0.0	
2.62500	-0.0	71	22.2	25.9	-3.7	0.0	-25.9	0.0	
2.62891	-0.0	71	22.2	25.9	-3.7	0.0	-25.9	0.0	
2.63281	-0.0	71	22.2	26.0	-3.8	0.0	-26.0	0.0	
2.63672	-0.1	71	22.2	26.0	-3.8	0.0	-26.0	0.0	
2.64062	-0.1	71	22.2	25.9	-3.7	0.0	-25.9	0.0	
2.64453	-0.1	71	22.2	25.9	-3.7	0.0	-25.9	0.0	
2.64844	-0.2	71	22.2	26.0	-3.8	0.0	-26.0	0.0	
2.65234	-0.2	71	22.2	26.0	-3.8	0.0	-26.0	0.0	
2.65625	-0.1	71	22.2	25.9	-3.7	0.0	-25.9	0.0	
2.66016	-0.2	71	22.2	25.9	-3.7	0.0	-25.9	0.0	
2.66406	-0.1	71	22.2	26.0	-3.8	0.0	-26.0	0.0	
2.66797	0.1	71	22.2	26.0	-3.8	0.0	-26.0	0.0	
2.67188	-0.0	71	22.2	26.0	-3.8	0.0	-26.0	0.0	
2.67578	-0.1	71	22.3	26.0	-3.7	0.0	-26.0	0.0	
2.67969	0.1	71	22.2	26.0	-3.8	0.0	-26.0	0.0	
2.68359	0.2	71	22.2	26.1	-3.9	0.0	-26.1	0.0	
2.68750	0.1	71	22.2	26.1	-3.9	0.0	-26.1	0.0	
2.69141	0.3	71	22.1	26.1	-4.0	0.0	-26.1	0.0	
2.69531	0.5	71	22.0	26.2	-4.2	0.0	-26.2	0.0	
2.69922	0.5	71	22.0	26.2	-4.2	0.0	-26.2	0.0	
2.70312	0.7	71	22.0	26.2	-4.2	0.0	-26.2	0.0	
2.70703	1.2	71	21.9	26.2	-4.3	0.0	-26.2	0.0	
2.71094	1.4	71	21.7	26.1	-4.4	0.0	-26.1	0.0	
2.71484	1.5	71	21.6	26.2	-4.6	0.0	-26.2	0.0	
2.71875	1.9	71	21.5	26.2	-4.7	0.0	-26.2	0.0	
2.72266	2.2	71	21.4	26.1	-4.7	0.0	-26.1	0.0	
2.72656	2.4	71	21.3	26.1	-4.8	0.0	-26.1	0.0	
2.73047	2.9	72	21.1	26.1	-5.0	0.0	-26.1	0.0	
2.73438	3.1	72	21.0	26.1	-5.1	0.0	-26.1	0.0	
2.73828	3.0	72	20.9	26.0	-5.1	0.0	-26.0	0.0	
2.74219	3.3	72	20.8	26.0	-5.2	0.0	-26.0	0.0	
2.74609	3.3	72	20.7	26.0	-5.3	0.0	-26.0	0.0	
2.75000	3.0	73	20.5	25.9	-5.4	0.0	-25.9	0.0	
2.75391	2.9	73	20.5	25.9	-5.4	0.0	-25.9	0.0	
2.75781	2.8	73	20.4	25.8	-5.4	0.0	-25.8	0.0	
2.76172	2.3	73	20.3	25.8	-5.5	0.0	-25.8	0.0	
2.76562	1.9	73	20.2	25.8	-5.6	0.0	-25.8	0.0	
2.76953	1.4	73	20.2	25.7	-5.5	0.0	-25.7	0.0	
2.77344	0.7	73	20.1	25.6	-5.5	0.0	-25.6	0.0	
2.77734	0.1	73	20.1	25.6	-5.5	0.0	-25.6	0.0	
2.78125	-0.2	73	20.1	25.6	-5.5	0.0	-25.6	0.0	
2.78516	-0.5	73	20.1	25.6	-5.5	0.0	-25.6	0.0	
2.78906	-0.4	73	20.1	25.6	-5.5	0.0	-25.6	0.0	
2.79297	-0.1	73	20.2	25.6	-5.4	0.0	-25.6	0.0	
2.79688	-0.1	73	20.2	25.6	-5.4	0.0	-25.6	0.0	
2.80078	-0.3	73	20.1	25.5	-5.4	0.0	-25.5	0.0	
2.80469	-0.4	73	20.2	25.4	-5.2	0.0	-25.4	0.0	
2.80859	-0.4	73	20.2	25.4	-5.2	0.0	-25.4	0.0	
2.81250	-0.6	73	20.2	25.4	-5.2	0.0	-25.4	0.0	
2.81641	-0.5	73	20.3	25.3	-5.0	0.0	-25.3	0.0	
2.82031	-0.3	73	20.4	25.3	-4.9	0.0	-25.3	0.0	
2.82422	-0.3	73	20.4	25.3	-4.9	0.0	-25.3	0.0	
2.82812	-0.2	73	20.4	25.3	-4.9	0.0	-25.3	0.0	
2.83203	-0.1	73	20.5	25.2	-4.7	0.0	-25.2	0.0	
2.83594	-0.3	73	20.5	25.2	-4.7	0.0	-25.2	0.0	
2.83984	-0.3	73	20.5	25.1	-4.6	0.0	-25.1	0.0	
2.84375	-0.2	73	20.6	25.1	-4.5	0.0	-25.1	0.0	
2.84766	-0.3	73	20.5	25.0	-4.5	0.0	-25.0	0.0	
2.85156	-0.4	73	20.6	25.0	-4.4	0.0	-25.0	0.0	
2.85547	-0.4	73	20.7	25.0	-4.3	0.0	-25.0	0.0	
2.85938	-0.5	73	20.7	24.9	-4.2	0.0	-24.9	0.0	
2.86328	-0.5	73	20.8	24.9	-4.1	0.0	-24.9	0.0	
2.86719	-0.4	73	20.8	24.9	-4.1	0.0	-24.9	0.0	
2.87109	-0.5	73	20.8	24.8	-4.0	0.0	-24.8	0.0	
2.87500	-0.7	73	20.9	24.8	-3.9	0.0	-24.8	0.0	
2.87891	-0.6	73	20.9	24.9	-4.0	0.0	-24.9	0.0	
2.88281	-0.7	73	21.0	24.9	-3.9	0.0	-24.9	0.0	
2.88672	-0.8	73	21.1	24.8	-3.7	0.0	-24.8	0.0	
2.89062	-0.6	73	21.1	24.7	-3.6	0.0	-24.7	0.0	
2.89453	-0.4	73	21.2	24.8	-3.6	0.0	-24.8	0.0	
2.89844	-0.4	73	21.2	24.8	-3.6	0.0	-24.8	0.0	
2.90234	-0.3	73	21.2	24.8	-3.6	0.0	-24.8	0.0	
2.90625	-0.1	73	21.3	24.8	-3.5	0.0	-24.8	0.0	
2.91016	0.2	73	21.2	24.8	-3.6	0.0	-24.8	0.0	
2.91406	0.1	73	21.2	24.8	-3.6	0.0	-24.8	0.0	
2.91797	0.2	73	21.2	24.8	-3.6	0.0	-24.8	0.0	
2.92188	0.2	73	21.2	24.8	-3.6	0.0	-24.8	0.0	
2.92578	0.1	73	21.2	24.8	-3.6	0.0	-24.8	0.0	
2.92969	0.1	73	21.2	24.8	-3.6	0.0	-24.8	0.0	
2.93359	0.2	73	21.1	24.8	-3.7	0.0	-24.8	0.0	
2.93750	0.3	73	21.1	24.8	-3.7	0.0	-24.8	0.0	
2.94141	0.3	73	21.1	24.8	-3.7	0.0	-24.8	0.0	
2.94531	0.2	73	21.1	24.8	-3.7	0.0	-24.8	0.0	
2.94922	0.0	73	21.1	24.8	-3.7	0.0	-24.8	0.0	
2.95312	-0.1	73	21.1	24.8	-3.7	0.0	-24.8	0.0	
2.95703	-0.1	73	21.1	24.8	-3.7	0.0	-24.8	0.0	
2.96094	-0.1	73	21.0	24.8	-3.8	0.0	-24.8	0.0	
2.96484	-0.3	73	21.1	24.8	-3.7	0.0	-24.8	0.0	
2.96875	-0.2	73	21.2	24.9	-3.7	0.0	-24.9	0.0	
2.97266	-0.3	73	21.2	24.9	-3.7	0.0	-24.9	0.0	
2.97656	-0.6	73	21.2	24.9	-3.7	0.0	-24.9	0.0	
2.98047	-0.8	72	21.3	24.9	-3.6	0.0	-24.9	0.0	
2.98438	-0.8	72	21.4	24.9	-3.5	0.0	-24.9	0.0	
2.98828	-0.9	72	21.4	25.0	-3.6	0.0	-25.0	0.0	
2.99219	-0.8	72	21.4	25.0	-3.6	0.0	-25.0	0.0	
2.99609	-0.6	72	21.4	25.0	-3.6	0.0	-25.0	0.0	
3.00000	-0.5	72	21.4	25.0	-3.6	0.0	-25.0	0.0	
3.00391	-0.2	72	21.5	25.0	-3.5	0.0	-25.0	0.0	
3.00781	-0.1	72	21.5	25.0	-3.5	0.0	-25.0	0.0	
3.01172	-0.2	72	21.5	25.1	-3.6	0.0	-25.1	0.0	
3.01562	-0.1	72	21.6	25.1	-3.5	0.0	-25.1	0.0	
3.01953	0.1	72	21.6	25.1	-3.5	0.0	-25.1	0.0	
3.02344	-0.1	72	21.5	25.1	-3.6	0.0	-25.1	0.0	
3.02734	-0.1	72	21.5	25.2	-3.7	0.0	-25.2	0.0	
3.03125	0.1	72	21.5	25.2	-3.7	0.0	-25.2	0.0	
3.03516	-0.0	72	21.5	25.2	-3.7	0.0	-25.2	0.0	
3.03906	-0.1	72	21.5	25.2	-3.7	0.0	-25.2	0.0	
3.04297	0.1	72	21.5	25.3	-3.8	0.0	-25.3	0.0	
3.04688	0.1	72	21.4	25.3	-3.9	0.0	-25.3	0.0	
3.05078	0.0	72	21.4	25.3	-3.9	0.0	-25.3	0.0	
3.05469	0.1	72	21.5	25.3	-3.8	0.0	-25.3	0.0	
3.05859	0.0	72	21.4	25.3	-3.9	0.0	-25.3	0.0	
3.06250	0.1	72	21.4	25.3	-3.9	0.0	-25.3	0.0	
3.06641	0.1	72	21.4	25.4	-4.0	0.0	-25.4	0.0	
3.07031	0.0	72	21.3	25.4	-4.1	0.0	-25.4	0.0	
3.07422	0.1	72	21.3	25.4	-4.1	0.0	-25.4	0.0	
3.07812	0.2	72	21.2	25.4	-4.2	0.0	-25.4	0.0	
3.08203	0.1	72	21.2	25.5	-4.3	0.0	-25.5	0.0	
3.08594	0.1	72	21.3	25.5	-4.2	0.0	-25.5	0.0	
3.08984	0.1	72	21.1	25.5	-4.4	0.0	-25.5	0.0	
3.09375	0.3	72	21.1	25.6	-4.5	0.0	-25.6	0.0	
3.09766	0.2	72	21.1	25.6	-4.5	0.0	-25.6	0.0	
3.10156	0.1	72	21.1	25.6	-4.5	0.0	-25.6	0.0	
3.10547	0.1	72	21.0	25.6	-4.6	0.0	-25.6	0.0	
3.10938	0.2	72	21.0	25.6	-4.6	0.0	-25.6	0.0	
3.11328	0.2	72	20.9	25.6	-4.7	0.0	-25.6	0.0	
3.11719	0.3	72	20.9	25.6	-4.7	0.0	-25.6	0.0	
3.12109	0.3	72	20.9	25.6	-4.7	0.0	-25.6	0.0	
3.12500	0.2	72	20.8	25.6	-4.8	0.0	-25.6	0.0	
3.12891	0.2	72	20.8	25.5	-4.7	0.0	-25.5	0.0	
3.13281	0.3	72	20.8	25.6	-4.8	0.0	-25.6	0.0	
3.13672	0.3	72	20.7	25.6	-4.9	0.0	-25.6	0.0	
3.14062	0.4	72	20.7	25.5	-4.8	0.0	-25.5	0.0	
3.14453	0.5	72	20.7	25.5	-4.8	0.0	-25.5	0.0	
3.14844	0.4	73	20.6	25.5	-4.9	0.0	-25.5	0.0	
3.15234	0.5	73	20.6	25.4	-4.8	0.0	-25.4	0.0	
3.15625	0.6	73	20.6	25.3	-4.7	0.0	-25.3	0.0	
3.16016	0.4	73	20.5	25.3	-4.8	0.0	-25.3	0.0	
3.16406	0.2	73	20.4	25.2	-4.8	0.0	-25.2	0.0	
3.16797	0.4	73	20.4	25.2	-4.8	0.0	-25.2	0.0	
3.17188	0.4	73	20.4	25.1	-4.7	0.0	-25.1	0.0	
3.17578	0.2	73	20.3	25.1	-4.8	0.0	-25.1	0.0	
3.17969	0.2	73	20.3	25.1	-4.8	0.0	-25.1	0.0	
3.18359	0.2	73	20.3	25.0	-4.7	0.0	-25.0	0.0	
3.18750	0.2	73	20.2	25.0	-4.8	0.0	-25.0	0.0	
3.19141	0.2	73	20.2	25.0	-4.8	0.0	-25.0	0.0	
3.19531	0.0	73	20.2	25.0	-4.8	0.0	-25.0	0.0	
3.19922	0.0	73	20.1	24.9	-4.8	0.0	-24.9	0.0	
3.20312	0.2	73	20.1	24.9	-4.8	0.0	-24.9	0.0	
3.20703	0.3	73	20.1	24.8	-4.7	0.0	-24.8	0.0	
3.21094	0.4	73	20.0	24.8	-4.8	0.0	-24.8	0.0	
3.21484	0.5	73	20.0	24.8	-4.8	0.0	-24.8	0.0	
3.21875	0.5	73	19.9	24.8	-4.9	0.0	-24.8	0.0	
3.22266	0.6	73	19.8	24.7	-4.9	0.0	-24.7	0.0	
3.22656	0.7	73	19.8	24.7	-4.9	0.0	-24.7	0.0	
3.23047	0.7	73	19.8	24.7	-4.9	0.0	-24.7	0.0	
3.23438	0.8	73	19.7	24.6	-4.9	0.0	-24.6	0.0	
3.23828	0.8	73	19.6	24.6	-5.0	0.0	-24.6	0.0	
3.24219	0.9	73	19.6	24.6	-5.0	0.0	-24.6	0.0	
3.24609	1.0	73	19.5	24.5	-5.0	0.0	-24.5	0.0	
3.25000	1.0	73	19.4	24.5	-5.1	0.0	-24.5	0.0	
3.25391	1.0	73	19.3	24.4	-5.1	0.0	-24.4	0.0	
3.25781	1.2	73	19.3	24.4	-5.1	0.0	-24.4	0.0	
3.26172	1.2	74	19.2	24.3	-5.1	0.0	-24.3	0.0	
3.26562	1.3	74	19.1	24.3	-5.2	0.0	-24.3	0.0	
3.26953	1.5	74	19.1	24.3	-5.2	0.0	-24.3	0.0	
3.27344	1.5	74	18.9	24.2	-5.3	0.0	-24.2	0.0	
3.27734	1.6	74	18.8	24.1	-5.3	0.0	-24.1	0.0	
3.28125	1.7	74	18.7	24.1	-5.4	0.0	-24.1	0.0	
3.28516	1.7	74	18.6	24.0	-5.4	0.0	-24.0	0.0	
3.28906	1.9	74	18.6	24.0	-5.4	0.0	-24.0	0.0	
3.29297	2.0	74	18.5	23.9	-5.4	0.0	-23.9	0.0	
3.29688	2.0	75	18.4	23.8	-5.4	0.0	-23.8	0.0	
3.30078	1.8	75	18.3	23.8	-5.5	0.0	-23.8	0.0	
3.30469	1.8	75	18.2	23.7	-5.5	0.0	-23.7	0.0	
3.30859	1.7	75	18.2	23.7	-5.5	0.0	-23.7	0.0	
3.31250	1.5	75	18.1	23.6	-5.5	0.0	-23.6	0.0	
3.31641	1.5	75	18.0	23.6	-5.6	0.0	-23.6	0.0	
3.32031	1.4	75	18.0	23.5	-5.5	0.0	-23.5	0.0	
3.32422	1.1	75	17.9	23.4	-5.5	0.0	-23.4	0.0	
3.32812	1.1	75	17.9	23.4	-5.5	0.0	-23.4	0.0	
3.33203	1.2	75	17.8	23.3	-5.5	0.0	-23.3	0.0	
3.33594	1.0	75	17.7	23.3	-5.6	0.0	-23.3	0.0	
3.33984	0.8	75	17.7	23.2	-5.5	0.0	-23.2	0.0	
3.34375	0.9	76	17.6	23.1	-5.5	0.0	-23.1	0.0	
3.34766	0.8	76	17.5	23.1	-5.6	0.0	-23.1	0.0	
3.35156	0.7	76	17.5	23.0	-5.5	0.0	-23.0	0.0	
3.35547	0.8	76	17.5	22.9	-5.4	0.0	-22.9	0.0	
3.35938	0.9	76	17.4	22.8	-5.4	0.0	-22.8	0.0	
3.36328	0.7	76	17.3	22.8	-5.5	0.0	-22.8	0.0	
3.36719	0.9	76	17.2	22.7	-5.5	0.0	-22.7	0.0	
3.37109	0.8	76	17.3	22.6	-5.3	0.0	-22.6	0.0	
3.37500	0.8	76	17.1	22.6	-5.5	0.0	-22.6	0.0	
