FluxView - FluxMed acquisition system
Signal file
Serial Number	:
W version:	1.20h-OX-CO2	File version:	1.13
Sampling rate:	256 Hz
Time	Flow	Volume	Paw	Pes	Ptpulm	Pga	Ptdiaf	CO2	
0.00391	1.4	419	21.5	15.6	5.9	15.6	0.0	15.6	
0.00781	1.3	419	21.5	15.6	5.9	15.6	0.0	15.6	
0.01172	1.2	419	21.4	15.6	5.8	15.6	0.0	15.6	
0.01562	1.1	419	21.3	15.6	5.7	15.6	0.0	15.6	
0.01953	0.9	419	21.3	15.6	5.7	15.6	0.0	15.6	
0.02344	0.7	419	21.2	15.6	5.6	15.6	0.0	15.6	
0.02734	0.6	419	21.2	15.6	5.6	15.6	0.0	15.6	
0.03125	0.4	419	21.1	15.6	5.5	15.6	0.0	15.6	
0.03516	0.3	419	21.1	15.6	5.5	15.6	0.0	15.6	
0.03906	0.1	419	21.1	15.6	5.5	15.6	0.0	15.6	
0.04297	0.0	419	21.1	15.6	5.5	15.6	0.0	15.6	
0.04688	0.0	419	21.1	15.6	5.5	15.6	0.0	15.6	
0.05078	-0.0	419	21.1	15.6	5.5	15.6	0.0	15.6	
0.05469	-0.1	419	21.1	15.6	5.5	15.6	0.0	15.6	
0.05859	-0.1	419	21.1	15.6	5.5	15.6	0.0	15.6	
0.06250	-0.0	419	21.1	15.6	5.5	15.6	0.0	15.6	
0.06641	-0.0	419	21.1	15.6	5.5	15.6	0.0	15.6	
0.07031	0.0	419	21.2	15.6	5.6	15.6	0.0	15.6	
0.07422	0.0	419	21.2	15.6	5.6	15.6	0.0	15.6	
0.07812	0.1	419	21.2	15.6	5.6	15.6	0.0	15.6	
0.08203	0.1	419	21.2	15.6	5.6	15.6	0.0	15.6	
0.08594	0.1	420	21.2	15.6	5.6	15.6	0.0	15.6	
0.08984	0.2	420	21.2	15.6	5.6	15.6	0.0	15.6	
0.09375	0.2	420	21.2	15.6	5.6	15.6	0.0	15.6	
0.09766	0.2	420	21.2	15.6	5.6	15.6	0.0	15.6	
0.10156	0.2	420	21.1	15.6	5.5	15.6	0.0	15.6	
0.10547	0.2	420	21.1	15.6	5.5	15.6	0.0	15.6	
0.10938	0.2	420	21.1	15.6	5.5	15.6	0.0	15.6	
0.11328	0.2	420	21.1	15.6	5.5	15.6	0.0	15.6	
0.11719	0.2	420	21.1	15.6	5.5	15.6	0.0	15.6	
0.12109	0.1	420	21.1	15.7	5.4	15.7	0.0	15.7	
0.12500	0.1	420	21.1	15.7	5.4	15.7	0.0	15.7	
0.12891	0.2	420	21.1	15.7	5.4	15.7	0.0	15.7	
0.13281	0.1	420	21.1	15.7	5.4	15.7	0.0	15.7	
0.13672	0.1	420	21.1	15.7	5.4	15.7	0.0	15.7	
0.14062	0.1	420	21.1	15.7	5.4	15.7	0.0	15.7	
0.14453	0.1	420	21.1	15.7	5.4	15.7	0.0	15.7	
0.14844	0.1	420	21.1	15.7	5.4	15.7	0.0	15.7	
0.15234	0.1	420	21.1	15.7	5.4	15.7	0.0	15.7	
0.15625	0.1	420	21.1	15.7	5.4	15.7	0.0	15.7	
0.16016	0.1	420	21.1	15.7	5.4	15.7	0.0	15.7	
0.16406	0.1	420	21.1	15.7	5.4	15.7	0.0	15.7	
0.16797	0.1	420	21.1	15.7	5.4	15.7	0.0	15.7	
0.17188	0.1	420	21.1	15.7	5.4	15.7	0.0	15.7	
0.17578	0.1	420	21.1	15.7	5.4	15.7	0.0	15.7	
0.17969	0.1	420	21.1	15.7	5.4	15.7	0.0	15.7	
0.18359	0.1	420	21.2	15.8	5.4	15.8	0.0	15.8	
0.18750	0.1	420	21.2	15.7	5.5	15.7	0.0	15.7	
0.19141	0.1	420	21.2	15.8	5.4	15.8	0.0	15.8	
0.19531	0.1	420	21.2	15.8	5.4	15.8	0.0	15.8	
0.19922	0.1	420	21.2	15.8	5.4	15.8	0.0	15.8	
0.20312	0.1	420	21.2	15.8	5.4	15.8	0.0	15.8	
0.20703	0.1	420	21.2	15.8	5.4	15.8	0.0	15.8	
0.21094	0.1	420	21.2	15.8	5.4	15.8	0.0	15.8	
0.21484	0.1	420	21.2	15.8	5.4	15.8	0.0	15.8	
0.21875	0.1	420	21.2	15.8	5.4	15.8	0.0	15.8	
0.22266	0.1	420	21.2	15.8	5.4	15.8	0.0	15.8	
0.22656	0.1	420	21.2	15.9	5.3	15.9	0.0	15.9	
0.23047	0.1	420	21.2	15.9	5.3	15.9	0.0	15.9	
0.23438	0.1	420	21.2	15.9	5.3	15.9	0.0	15.9	
0.23828	0.1	420	21.2	15.9	5.3	15.9	0.0	15.9	
0.24219	0.1	420	21.2	15.9	5.3	15.9	0.0	15.9	
0.24609	0.1	420	21.2	15.9	5.3	15.9	0.0	15.9	
0.25000	0.1	420	21.2	15.9	5.3	15.9	0.0	15.9	
0.25391	0.1	420	21.2	15.9	5.3	15.9	0.0	15.9	
0.25781	0.1	420	21.2	15.9	5.3	15.9	0.0	15.9	
0.26172	0.1	420	21.3	15.9	5.4	15.9	0.0	15.9	
0.26562	0.0	420	21.3	15.9	5.4	15.9	0.0	15.9	
0.26953	0.1	420	21.3	16.0	5.3	16.0	0.0	16.0	
0.27344	0.1	420	21.3	16.0	5.3	16.0	0.0	16.0	
0.27734	0.1	420	21.3	16.0	5.3	16.0	0.0	16.0	
0.28125	0.0	420	21.3	16.0	5.3	16.0	0.0	16.0	
0.28516	0.0	420	21.4	16.0	5.4	16.0	0.0	16.0	
0.28906	0.0	420	21.4	16.0	5.4	16.0	0.0	16.0	
0.29297	0.0	420	21.4	16.0	5.4	16.0	0.0	16.0	
0.29688	0.1	420	21.4	16.0	5.4	16.0	0.0	16.0	
0.30078	0.1	420	21.4	16.0	5.4	16.0	0.0	16.0	
0.30469	0.0	420	21.4	16.0	5.4	16.0	0.0	16.0	
0.30859	0.0	420	21.4	16.0	5.4	16.0	0.0	16.0	
0.31250	0.1	420	21.5	16.0	5.5	16.0	0.0	16.0	
0.31641	0.0	420	21.5	16.0	5.5	16.0	0.0	16.0	
0.32031	0.1	420	21.5	16.0	5.5	16.0	0.0	16.0	
0.32422	0.1	420	21.5	16.0	5.5	16.0	0.0	16.0	
0.32812	0.1	420	21.5	16.0	5.5	16.0	0.0	16.0	
0.33203	0.1	420	21.5	16.0	5.5	16.0	0.0	16.0	
0.33594	0.1	420	21.5	16.0	5.5	16.0	0.0	16.0	
0.33984	0.1	420	21.5	16.0	5.5	16.0	0.0	16.0	
0.34375	0.1	420	21.5	16.0	5.5	16.0	0.0	16.0	
0.34766	0.1	420	21.5	16.0	5.5	16.0	0.0	16.0	
0.35156	0.1	420	21.5	16.0	5.5	16.0	0.0	16.0	
0.35547	0.2	420	21.5	16.0	5.5	16.0	0.0	16.0	
0.35938	0.2	420	21.5	16.0	5.5	16.0	0.0	16.0	
0.36328	0.2	420	21.5	16.0	5.5	16.0	0.0	16.0	
0.36719	0.2	420	21.5	16.0	5.5	16.0	0.0	16.0	
0.37109	0.2	420	21.5	16.0	5.5	16.0	0.0	16.0	
0.37500	0.1	420	21.5	15.9	5.6	15.9	0.0	15.9	
0.37891	0.1	420	21.5	16.0	5.5	16.0	0.0	16.0	
0.38281	0.1	420	21.5	16.0	5.5	16.0	0.0	16.0	
0.38672	0.1	420	21.5	16.0	5.5	16.0	0.0	16.0	
0.39062	0.1	420	21.5	15.9	5.6	15.9	0.0	15.9	
0.39453	0.1	420	21.5	15.9	5.6	15.9	0.0	15.9	
0.39844	0.1	420	21.5	15.9	5.6	15.9	0.0	15.9	
0.40234	0.1	420	21.5	15.9	5.6	15.9	0.0	15.9	
0.40625	0.1	420	21.5	15.9	5.6	15.9	0.0	15.9	
0.41016	0.1	420	21.5	15.9	5.6	15.9	0.0	15.9	
0.41406	0.1	420	21.5	15.9	5.6	15.9	0.0	15.9	
0.41797	0.1	420	21.5	15.9	5.6	15.9	0.0	15.9	
0.42188	0.1	420	21.5	15.9	5.6	15.9	0.0	15.9	
0.42578	0.0	420	21.5	15.9	5.6	15.9	0.0	15.9	
0.42969	0.1	420	21.5	15.9	5.6	15.9	0.0	15.9	
0.43359	0.1	420	21.5	15.9	5.6	15.9	0.0	15.9	
0.43750	0.0	420	21.5	15.9	5.6	15.9	0.0	15.9	
0.44141	0.1	420	21.6	16.0	5.6	16.0	0.0	16.0	
0.44531	0.1	420	21.6	16.0	5.6	16.0	0.0	16.0	
0.44922	0.1	420	21.6	16.0	5.6	16.0	0.0	16.0	
0.45312	0.0	420	21.6	16.0	5.6	16.0	0.0	16.0	
0.45703	0.1	420	21.6	16.0	5.6	16.0	0.0	16.0	
0.46094	0.1	420	21.6	16.0	5.6	16.0	0.0	16.0	
0.46484	0.1	420	21.6	16.0	5.6	16.0	0.0	16.0	
0.46875	0.1	420	21.6	16.0	5.6	16.0	0.0	16.0	
0.47266	0.1	420	21.6	16.0	5.6	16.0	0.0	16.0	
0.47656	0.1	420	21.6	16.0	5.6	16.0	0.0	16.0	
0.48047	0.1	420	21.6	16.0	5.6	16.0	0.0	16.0	
0.48438	0.1	420	21.6	16.1	5.5	16.1	0.0	16.1	
0.48828	0.1	420	21.6	16.1	5.5	16.1	0.0	16.1	
0.49219	0.1	420	21.6	16.1	5.5	16.1	0.0	16.1	
0.49609	0.1	420	21.6	16.1	5.5	16.1	0.0	16.1	
0.50000	0.1	420	21.6	16.1	5.5	16.1	0.0	16.1	
0.50391	0.1	420	21.6	16.1	5.5	16.1	0.0	16.1	
0.50781	0.1	420	21.6	16.0	5.6	16.0	0.0	16.0	
0.51172	0.1	420	21.7	16.0	5.7	16.0	0.0	16.0	
0.51562	0.1	420	21.7	16.0	5.7	16.0	0.0	16.0	
0.51953	0.1	420	21.7	16.0	5.7	16.0	0.0	16.0	
0.52344	0.1	420	21.7	16.0	5.7	16.0	0.0	16.0	
0.52734	0.1	420	21.7	16.0	5.7	16.0	0.0	16.0	
0.53125	0.1	420	21.7	16.0	5.7	16.0	0.0	16.0	
0.53516	0.1	420	21.7	16.0	5.7	16.0	0.0	16.0	
0.53906	0.1	420	21.7	15.9	5.8	15.9	0.0	15.9	
0.54297	0.1	420	21.7	15.9	5.8	15.9	0.0	15.9	
0.54688	0.0	420	21.7	15.9	5.8	15.9	0.0	15.9	
0.55078	0.0	420	21.8	15.9	5.9	15.9	0.0	15.9	
0.55469	0.0	420	21.8	15.9	5.9	15.9	0.0	15.9	
0.55859	0.0	420	21.8	15.9	5.9	15.9	0.0	15.9	
0.56250	0.0	420	21.8	15.9	5.9	15.9	0.0	15.9	
0.56641	0.1	420	21.8	15.9	5.9	15.9	0.0	15.9	
0.57031	0.1	420	21.8	15.9	5.9	15.9	0.0	15.9	
0.57422	0.0	420	21.8	15.9	5.9	15.9	0.0	15.9	
0.57812	0.0	420	21.9	15.9	6.0	15.9	0.0	15.9	
0.58203	0.1	420	21.9	15.9	6.0	15.9	0.0	15.9	
0.58594	0.1	420	21.9	15.8	6.1	15.8	0.0	15.8	
0.58984	0.1	420	21.9	15.8	6.1	15.8	0.0	15.8	
0.59375	0.0	420	21.9	15.8	6.1	15.8	0.0	15.8	
0.59766	0.0	420	21.9	15.8	6.1	15.8	0.0	15.8	
0.60156	0.1	420	21.9	15.8	6.1	15.8	0.0	15.8	
0.60547	0.1	420	22.0	15.8	6.2	15.8	0.0	15.8	
0.60938	0.1	420	22.0	15.8	6.2	15.8	0.0	15.8	
0.61328	0.1	420	21.9	15.8	6.1	15.8	0.0	15.8	
0.61719	0.1	420	22.0	15.8	6.2	15.8	0.0	15.8	
0.62109	0.1	420	22.0	15.8	6.2	15.8	0.0	15.8	
0.62500	0.2	420	21.9	15.8	6.1	15.8	0.0	15.8	
0.62891	0.1	420	21.9	15.8	6.1	15.8	0.0	15.8	
0.63281	0.1	420	21.9	15.8	6.1	15.8	0.0	15.8	
0.63672	0.2	420	21.9	15.8	6.1	15.8	0.0	15.8	
0.64062	0.2	420	21.9	15.8	6.1	15.8	0.0	15.8	
0.64453	0.2	420	21.9	15.8	6.1	15.8	0.0	15.8	
0.64844	0.2	420	21.9	15.8	6.1	15.8	0.0	15.8	
0.65234	0.2	420	21.8	15.8	6.0	15.8	0.0	15.8	
0.65625	0.2	420	21.8	15.8	6.0	15.8	0.0	15.8	
0.66016	0.2	420	21.8	15.8	6.0	15.8	0.0	15.8	
0.66406	0.2	420	21.8	15.8	6.0	15.8	0.0	15.8	
0.66797	0.2	421	21.8	15.7	6.1	15.7	0.0	15.7	
0.67188	0.3	421	21.8	15.7	6.1	15.7	0.0	15.7	
0.67578	0.3	421	21.7	15.8	5.9	15.8	0.0	15.8	
0.67969	0.3	421	21.7	15.7	6.0	15.7	0.0	15.7	
0.68359	0.3	421	21.7	15.8	5.9	15.8	0.0	15.8	
0.68750	0.3	421	21.6	15.8	5.8	15.8	0.0	15.8	
0.69141	0.3	421	21.6	15.7	5.9	15.7	0.0	15.7	
0.69531	0.3	421	21.6	15.7	5.9	15.7	0.0	15.7	
0.69922	0.3	421	21.6	15.7	5.9	15.7	0.0	15.7	
0.70312	0.3	421	21.6	15.7	5.9	15.7	0.0	15.7	
0.70703	0.3	421	21.5	15.7	5.8	15.7	0.0	15.7	
0.71094	0.2	421	21.5	15.7	5.8	15.7	0.0	15.7	
0.71484	0.2	421	21.5	15.7	5.8	15.7	0.0	15.7	
0.71875	0.2	421	21.5	15.7	5.8	15.7	0.0	15.7	
0.72266	0.1	421	21.5	15.7	5.8	15.7	0.0	15.7	
0.72656	0.2	421	21.5	15.7	5.8	15.7	0.0	15.7	
0.73047	0.2	421	21.5	15.7	5.8	15.7	0.0	15.7	
0.73438	0.2	421	21.5	15.7	5.8	15.7	0.0	15.7	
0.73828	0.1	421	21.4	15.7	5.7	15.7	0.0	15.7	
0.74219	0.2	421	21.4	15.7	5.7	15.7	0.0	15.7	
0.74609	0.1	421	21.4	15.7	5.7	15.7	0.0	15.7	
0.75000	0.1	421	21.4	15.7	5.7	15.7	0.0	15.7	
0.75391	0.1	421	21.4	15.7	5.7	15.7	0.0	15.7	
0.75781	0.1	421	21.4	15.7	5.7	15.7	0.0	15.7	
0.76172	0.1	421	21.4	15.7	5.7	15.7	0.0	15.7	
0.76562	0.2	421	21.4	15.7	5.7	15.7	0.0	15.7	
0.76953	0.2	421	21.4	15.7	5.7	15.7	0.0	15.7	
0.77344	0.1	421	21.4	15.7	5.7	15.7	0.0	15.7	
0.77734	0.1	421	21.4	15.7	5.7	15.7	0.0	15.7	
0.78125	0.2	421	21.3	15.7	5.6	15.7	0.0	15.7	
0.78516	0.1	421	21.3	15.7	5.6	15.7	0.0	15.7	
0.78906	0.1	421	21.4	15.7	5.7	15.7	0.0	15.7	
0.79297	0.1	421	21.3	15.7	5.6	15.7	0.0	15.7	
0.79688	0.1	421	21.3	15.7	5.6	15.7	0.0	15.7	
0.80078	0.1	421	21.3	15.7	5.6	15.7	0.0	15.7	
0.80469	0.1	421	21.3	15.7	5.6	15.7	0.0	15.7	
0.80859	0.2	421	21.3	15.7	5.6	15.7	0.0	15.7	
0.81250	0.1	421	21.3	15.7	5.6	15.7	0.0	15.7	
0.81641	0.1	421	21.3	15.8	5.5	15.8	0.0	15.8	
0.82031	0.1	421	21.3	15.8	5.5	15.8	0.0	15.8	
0.82422	0.1	421	21.3	15.8	5.5	15.8	0.0	15.8	
0.82812	0.1	421	21.3	15.8	5.5	15.8	0.0	15.8	
0.83203	0.1	421	21.3	15.8	5.5	15.8	0.0	15.8	
0.83594	0.1	421	21.3	15.8	5.5	15.8	0.0	15.8	
0.83984	0.1	421	21.3	15.8	5.5	15.8	0.0	15.8	
0.84375	0.1	421	21.3	15.8	5.5	15.8	0.0	15.8	
0.84766	0.1	421	21.3	15.8	5.5	15.8	0.0	15.8	
0.85156	0.1	421	21.3	15.8	5.5	15.8	0.0	15.8	
0.85547	0.1	421	21.3	15.8	5.5	15.8	0.0	15.8	
0.85938	0.1	421	21.3	15.8	5.5	15.8	0.0	15.8	
0.86328	0.1	421	21.3	15.8	5.5	15.8	0.0	15.8	
0.86719	0.1	421	21.3	15.8	5.5	15.8	0.0	15.8	
0.87109	0.1	421	21.3	15.8	5.5	15.8	0.0	15.8	
0.87500	0.1	421	21.3	15.8	5.5	15.8	0.0	15.8	
0.87891	0.1	421	21.3	15.8	5.5	15.8	0.0	15.8	
0.88281	0.1	421	21.3	15.9	5.4	15.9	0.0	15.9	
0.88672	0.1	421	21.3	15.9	5.4	15.9	0.0	15.9	
0.89062	0.2	421	21.3	15.9	5.4	15.9	0.0	15.9	
0.89453	0.1	421	21.3	15.9	5.4	15.9	0.0	15.9	
0.89844	0.1	421	21.3	15.9	5.4	15.9	0.0	15.9	
0.90234	0.1	421	21.3	15.9	5.4	15.9	0.0	15.9	
0.90625	0.1	421	21.3	15.9	5.4	15.9	0.0	15.9	
0.91016	0.1	421	21.3	15.9	5.4	15.9	0.0	15.9	
0.91406	0.1	421	21.3	15.9	5.4	15.9	0.0	15.9	
0.91797	0.1	421	21.3	15.9	5.4	15.9	0.0	15.9	
0.92188	0.1	421	21.3	15.9	5.4	15.9	0.0	15.9	
0.92578	0.1	421	21.3	16.0	5.3	16.0	0.0	16.0	
0.92969	0.1	421	21.3	16.0	5.3	16.0	0.0	16.0	
0.93359	0.1	421	21.3	16.0	5.3	16.0	0.0	16.0	
0.93750	0.1	421	21.3	16.0	5.3	16.0	0.0	16.0	
0.94141	0.1	421	21.3	16.0	5.3	16.0	0.0	16.0	
0.94531	0.1	421	21.3	16.0	5.3	16.0	0.0	16.0	
0.94922	0.1	421	21.3	16.0	5.3	16.0	0.0	16.0	
0.95312	0.1	421	21.4	16.0	5.4	16.0	0.0	16.0	
0.95703	0.1	421	21.4	16.0	5.4	16.0	0.0	16.0	
0.96094	0.1	421	21.4	16.0	5.4	16.0	0.0	16.0	
0.96484	0.1	421	21.4	16.0	5.4	16.0	0.0	16.0	
0.96875	0.1	421	21.4	16.0	5.4	16.0	0.0	16.0	
0.97266	0.1	421	21.4	16.0	5.4	16.0	0.0	16.0	
0.97656	0.0	421	21.4	16.0	5.4	16.0	0.0	16.0	
0.98047	0.1	421	21.4	16.1	5.3	16.1	0.0	16.1	
0.98438	0.0	421	21.4	16.1	5.3	16.1	0.0	16.1	
0.98828	0.0	421	21.5	16.1	5.4	16.1	0.0	16.1	
0.99219	0.0	421	21.5	16.1	5.4	16.1	0.0	16.1	
0.99609	0.0	421	21.5	16.1	5.4	16.1	0.0	16.1	
1.00000	0.1	421	21.5	16.1	5.4	16.1	0.0	16.1	
1.00391	0.0	421	21.5	16.1	5.4	16.1	0.0	16.1	
1.00781	0.0	421	21.5	16.1	5.4	16.1	0.0	16.1	
1.01172	0.1	421	21.5	16.1	5.4	16.1	0.0	16.1	
1.01562	0.1	421	21.6	16.0	5.6	16.0	0.0	16.0	
1.01953	0.1	421	21.6	16.0	5.6	16.0	0.0	16.0	
1.02344	0.1	421	21.6	16.0	5.6	16.0	0.0	16.0	
1.02734	0.1	421	21.6	16.0	5.6	16.0	0.0	16.0	
1.03125	0.1	421	21.6	16.0	5.6	16.0	0.0	16.0	
1.03516	0.1	421	21.6	16.0	5.6	16.0	0.0	16.0	
1.03906	0.1	421	21.6	16.0	5.6	16.0	0.0	16.0	
1.04297	0.2	421	21.6	16.0	5.6	16.0	0.0	16.0	
1.04688	0.1	421	21.6	16.0	5.6	16.0	0.0	16.0	
1.05078	0.1	421	21.6	16.0	5.6	16.0	0.0	16.0	
1.05469	0.2	421	21.6	16.0	5.6	16.0	0.0	16.0	
1.05859	0.2	421	21.6	16.0	5.6	16.0	0.0	16.0	
1.06250	0.1	421	21.5	16.0	5.5	16.0	0.0	16.0	
1.06641	0.2	421	21.5	16.0	5.5	16.0	0.0	16.0	
1.07031	0.2	421	21.5	16.0	5.5	16.0	0.0	16.0	
1.07422	0.1	421	21.5	16.0	5.5	16.0	0.0	16.0	
1.07812	0.1	421	21.5	16.0	5.5	16.0	0.0	16.0	
1.08203	0.1	421	21.5	16.0	5.5	16.0	0.0	16.0	
1.08594	0.1	421	21.5	16.0	5.5	16.0	0.0	16.0	
1.08984	0.1	421	21.5	16.0	5.5	16.0	0.0	16.0	
1.09375	0.1	421	21.5	16.0	5.5	16.0	0.0	16.0	
1.09766	0.1	421	21.5	16.0	5.5	16.0	0.0	16.0	
1.10156	0.1	421	21.5	16.0	5.5	16.0	0.0	16.0	
1.10547	0.1	421	21.5	16.0	5.5	16.0	0.0	16.0	
1.10938	0.1	421	21.6	15.9	5.7	15.9	0.0	15.9	
1.11328	0.0	421	21.6	15.9	5.7	15.9	0.0	15.9	
1.11719	0.0	421	21.6	16.0	5.6	16.0	0.0	16.0	
1.12109	0.1	421	21.6	15.9	5.7	15.9	0.0	15.9	
1.12500	0.1	421	21.6	15.9	5.7	15.9	0.0	15.9	
1.12891	0.0	421	21.6	16.0	5.6	16.0	0.0	16.0	
1.13281	0.1	421	21.6	16.0	5.6	16.0	0.0	16.0	
1.13672	0.1	421	21.7	16.0	5.7	16.0	0.0	16.0	
1.14062	0.0	421	21.7	16.0	5.7	16.0	0.0	16.0	
1.14453	0.0	421	21.7	16.0	5.7	16.0	0.0	16.0	
1.14844	0.1	421	21.7	16.0	5.7	16.0	0.0	16.0	
1.15234	0.1	421	21.7	16.0	5.7	16.0	0.0	16.0	
1.15625	0.0	421	21.7	16.0	5.7	16.0	0.0	16.0	
1.16016	0.1	421	21.7	16.0	5.7	16.0	0.0	16.0	
1.16406	0.1	421	21.7	16.0	5.7	16.0	0.0	16.0	
1.16797	0.1	421	21.8	16.1	5.7	16.1	0.0	16.1	
1.17188	0.1	421	21.8	16.1	5.7	16.1	0.0	16.1	
1.17578	0.1	422	21.8	16.1	5.7	16.1	0.0	16.1	
1.17969	0.1	422	21.8	16.1	5.7	16.1	0.0	16.1	
1.18359	0.1	422	21.8	16.1	5.7	16.1	0.0	16.1	
1.18750	0.1	422	21.8	16.1	5.7	16.1	0.0	16.1	
1.19141	0.1	422	21.8	16.1	5.7	16.1	0.0	16.1	
1.19531	0.1	422	21.8	16.1	5.7	16.1	0.0	16.1	
1.19922	0.1	422	21.8	16.1	5.7	16.1	0.0	16.1	
1.20312	0.1	422	21.8	16.1	5.7	16.1	0.0	16.1	
1.20703	0.1	422	21.8	16.1	5.7	16.1	0.0	16.1	
1.21094	0.1	422	21.8	16.1	5.7	16.1	0.0	16.1	
1.21484	0.1	422	21.8	16.1	5.7	16.1	0.0	16.1	
1.21875	0.1	422	21.8	16.0	5.8	16.0	0.0	16.0	
1.22266	0.1	422	21.8	16.0	5.8	16.0	0.0	16.0	
1.22656	0.1	422	21.9	16.0	5.9	16.0	0.0	16.0	
1.23047	0.1	422	21.9	16.0	5.9	16.0	0.0	16.0	
1.23438	0.1	422	21.9	16.0	5.9	16.0	0.0	16.0	
1.23828	0.0	422	21.9	16.0	5.9	16.0	0.0	16.0	
1.24219	0.1	422	21.9	16.0	5.9	16.0	0.0	16.0	
1.24609	0.1	422	21.9	16.0	5.9	16.0	0.0	16.0	
1.25000	-0.0	422	21.9	16.0	5.9	16.0	0.0	16.0	
1.25391	0.0	422	21.9	16.0	5.9	16.0	0.0	16.0	
1.25781	0.1	422	22.0	16.0	6.0	16.0	0.0	16.0	
1.26172	0.0	422	22.0	15.9	6.1	15.9	0.0	15.9	
1.26562	-0.0	422	22.0	15.9	6.1	15.9	0.0	15.9	
1.26953	0.0	422	22.0	15.9	6.1	15.9	0.0	15.9	
1.27344	0.1	422	22.0	15.9	6.1	15.9	0.0	15.9	
1.27734	0.0	422	22.1	15.9	6.2	15.9	0.0	15.9	
1.28125	0.0	422	22.1	15.9	6.2	15.9	0.0	15.9	
1.28516	0.1	422	22.1	15.9	6.2	15.9	0.0	15.9	
1.28906	0.1	422	22.1	15.9	6.2	15.9	0.0	15.9	
1.29297	0.1	422	22.1	15.9	6.2	15.9	0.0	15.9	
1.29688	0.1	422	22.1	15.9	6.2	15.9	0.0	15.9	
1.30078	0.1	422	22.1	15.9	6.2	15.9	0.0	15.9	
1.30469	0.1	422	22.1	15.9	6.2	15.9	0.0	15.9	
1.30859	0.1	422	22.1	15.9	6.2	15.9	0.0	15.9	
1.31250	0.1	422	22.1	15.9	6.2	15.9	0.0	15.9	
1.31641	0.2	422	22.1	15.9	6.2	15.9	0.0	15.9	
1.32031	0.2	422	22.1	15.9	6.2	15.9	0.0	15.9	
1.32422	0.1	422	22.1	15.9	6.2	15.9	0.0	15.9	
1.32812	0.2	422	22.1	15.9	6.2	15.9	0.0	15.9	
1.33203	0.2	422	22.1	15.9	6.2	15.9	0.0	15.9	
1.33594	0.1	422	22.1	15.9	6.2	15.9	0.0	15.9	
1.33984	0.2	422	22.1	15.9	6.2	15.9	0.0	15.9	
1.34375	0.1	422	22.0	15.9	6.1	15.9	0.0	15.9	
1.34766	0.2	422	22.0	15.9	6.1	15.9	0.0	15.9	
1.35156	0.2	422	22.0	15.8	6.2	15.8	0.0	15.8	
1.35547	0.1	422	22.0	15.8	6.2	15.8	0.0	15.8	
1.35938	0.2	422	22.0	15.8	6.2	15.8	0.0	15.8	
1.36328	0.2	422	22.0	15.8	6.2	15.8	0.0	15.8	
1.36719	0.2	422	21.9	15.9	6.0	15.9	0.0	15.9	
1.37109	0.2	422	21.9	15.9	6.0	15.9	0.0	15.9	
1.37500	0.2	422	21.9	15.9	6.0	15.9	0.0	15.9	
1.37891	0.2	422	21.9	15.9	6.0	15.9	0.0	15.9	
1.38281	0.3	422	21.9	15.9	6.0	15.9	0.0	15.9	
1.38672	0.3	422	21.9	15.9	6.0	15.9	0.0	15.9	
1.39062	0.3	422	21.8	15.9	5.9	15.9	0.0	15.9	
1.39453	0.2	422	21.8	15.9	5.9	15.9	0.0	15.9	
1.39844	0.2	422	21.8	15.9	5.9	15.9	0.0	15.9	
1.40234	0.2	422	21.8	15.9	5.9	15.9	0.0	15.9	
1.40625	0.2	422	21.8	15.9	5.9	15.9	0.0	15.9	
1.41016	0.2	422	21.8	15.8	6.0	15.8	0.0	15.8	
1.41406	0.2	422	21.8	15.8	6.0	15.8	0.0	15.8	
1.41797	0.2	422	21.7	15.8	5.9	15.8	0.0	15.8	
1.42188	0.2	422	21.7	15.8	5.9	15.8	0.0	15.8	
1.42578	0.1	422	21.7	15.8	5.9	15.8	0.0	15.8	
1.42969	0.1	422	21.7	15.8	5.9	15.8	0.0	15.8	
1.43359	0.1	422	21.7	15.8	5.9	15.8	0.0	15.8	
1.43750	0.1	422	21.7	15.8	5.9	15.8	0.0	15.8	
1.44141	0.1	422	21.7	15.8	5.9	15.8	0.0	15.8	
1.44531	0.1	422	21.7	15.8	5.9	15.8	0.0	15.8	
1.44922	0.1	422	21.7	15.8	5.9	15.8	0.0	15.8	
1.45312	0.1	422	21.7	15.9	5.8	15.9	0.0	15.9	
1.45703	0.1	422	21.7	15.9	5.8	15.9	0.0	15.9	
1.46094	0.1	422	21.7	15.9	5.8	15.9	0.0	15.9	
1.46484	0.1	422	21.7	15.9	5.8	15.9	0.0	15.9	
1.46875	0.1	422	21.7	15.9	5.8	15.9	0.0	15.9	
1.47266	0.1	422	21.7	15.9	5.8	15.9	0.0	15.9	
1.47656	0.1	422	21.7	15.9	5.8	15.9	0.0	15.9	
1.48047	0.1	422	21.7	15.9	5.8	15.9	0.0	15.9	
1.48438	0.1	422	21.7	15.9	5.8	15.9	0.0	15.9	
1.48828	0.2	422	21.7	15.9	5.8	15.9	0.0	15.9	
1.49219	0.2	422	21.7	15.9	5.8	15.9	0.0	15.9	
1.49609	0.1	422	21.7	15.9	5.8	15.9	0.0	15.9	
1.50000	0.1	422	21.7	16.0	5.7	16.0	0.0	16.0	
1.50391	0.1	422	21.7	16.0	5.7	16.0	0.0	16.0	
1.50781	0.1	422	21.7	16.0	5.7	16.0	0.0	16.0	
1.51172	0.1	422	21.7	16.0	5.7	16.0	0.0	16.0	
1.51562	0.1	422	21.7	16.0	5.7	16.0	0.0	16.0	
1.51953	0.1	422	21.7	16.0	5.7	16.0	0.0	16.0	
1.52344	0.1	422	21.7	16.0	5.7	16.0	0.0	16.0	
1.52734	0.1	422	21.7	16.0	5.7	16.0	0.0	16.0	
1.53125	0.1	422	21.7	16.0	5.7	16.0	0.0	16.0	
1.53516	0.0	422	21.7	16.0	5.7	16.0	0.0	16.0	
1.53906	0.1	422	21.7	16.1	5.6	16.1	0.0	16.1	
1.54297	0.0	422	21.7	16.1	5.6	16.1	0.0	16.1	
1.54688	0.0	422	21.7	16.1	5.6	16.1	0.0	16.1	
1.55078	0.1	422	21.7	16.1	5.6	16.1	0.0	16.1	
1.55469	0.0	422	21.8	16.1	5.7	16.1	0.0	16.1	
1.55859	0.0	422	21.8	16.1	5.7	16.1	0.0	16.1	
1.56250	-0.0	422	21.8	16.1	5.7	16.1	0.0	16.1	
1.56641	-0.0	422	21.8	16.1	5.7	16.1	0.0	16.1	
1.57031	0.0	422	21.8	16.2	5.6	16.2	0.0	16.2	
1.57422	-0.0	422	21.8	16.2	5.6	16.2	0.0	16.2	
1.57812	0.0	422	21.9	16.2	5.7	16.2	0.0	16.2	
1.58203	0.1	422	21.9	16.2	5.7	16.2	0.0	16.2	
1.58594	0.0	422	21.9	16.2	5.7	16.2	0.0	16.2	
1.58984	0.1	422	21.9	16.2	5.7	16.2	0.0	16.2	
1.59375	0.1	422	21.9	16.2	5.7	16.2	0.0	16.2	
1.59766	0.1	422	21.9	16.3	5.6	16.3	0.0	16.3	
1.60156	0.1	422	21.9	16.3	5.6	16.3	0.0	16.3	
1.60547	0.1	422	21.9	16.3	5.6	16.3	0.0	16.3	
1.60938	0.1	422	21.9	16.3	5.6	16.3	0.0	16.3	
1.61328	0.1	422	21.9	16.3	5.6	16.3	0.0	16.3	
1.61719	0.1	422	21.9	16.3	5.6	16.3	0.0	16.3	
1.62109	0.1	422	21.9	16.4	5.5	16.4	0.0	16.4	
1.62500	0.1	422	21.9	16.4	5.5	16.4	0.0	16.4	
1.62891	0.1	422	21.9	16.4	5.5	16.4	0.0	16.4	
1.63281	0.1	422	21.9	16.4	5.5	16.4	0.0	16.4	
1.63672	0.1	422	21.9	16.4	5.5	16.4	0.0	16.4	
1.64062	0.0	422	21.9	16.4	5.5	16.4	0.0	16.4	
1.64453	-0.0	422	21.9	16.4	5.5	16.4	0.0	16.4	
1.64844	-0.0	422	21.9	16.4	5.5	16.4	0.0	16.4	
1.65234	-0.0	422	22.0	16.5	5.5	16.5	0.0	16.5	
1.65625	-0.1	422	22.0	16.5	5.5	16.5	0.0	16.5	
1.66016	-0.1	422	22.0	16.5	5.5	16.5	0.0	16.5	
1.66406	-0.1	422	22.1	16.5	5.6	16.5	0.0	16.5	
1.66797	-0.2	422	22.1	16.5	5.6	16.5	0.0	16.5	
1.67188	-0.2	422	22.1	16.5	5.6	16.5	0.0	16.5	
1.67578	-0.2	422	22.2	16.5	5.7	16.5	0.0	16.5	
1.67969	-0.2	422	22.2	16.6	5.6	16.6	0.0	16.6	
1.68359	-0.2	422	22.3	16.6	5.7	16.6	0.0	16.6	
1.68750	-0.2	422	22.3	16.6	5.7	16.6	0.0	16.6	
1.69141	-0.2	422	22.3	16.6	5.7	16.6	0.0	16.6	
1.69531	-0.1	422	22.4	16.6	5.8	16.6	0.0	16.6	
1.69922	-0.1	422	22.4	16.6	5.8	16.6	0.0	16.6	
1.70312	-0.1	422	22.4	16.6	5.8	16.6	0.0	16.6	
1.70703	-0.1	422	22.5	16.6	5.9	16.6	0.0	16.6	
1.71094	-0.1	422	22.5	16.6	5.9	16.6	0.0	16.6	
1.71484	-0.0	422	22.5	16.6	5.9	16.6	0.0	16.6	
1.71875	-0.0	422	22.6	16.6	6.0	16.6	0.0	16.6	
1.72266	-0.0	422	22.6	16.6	6.0	16.6	0.0	16.6	
1.72656	0.0	422	22.6	16.7	5.9	16.7	0.0	16.7	
1.73047	-0.0	422	22.6	16.7	5.9	16.7	0.0	16.7	
1.73438	-0.0	422	22.6	16.7	5.9	16.7	0.0	16.7	
1.73828	0.0	422	22.7	16.7	6.0	16.7	0.0	16.7	
1.74219	0.0	422	22.7	16.7	6.0	16.7	0.0	16.7	
1.74609	0.0	422	22.7	16.7	6.0	16.7	0.0	16.7	
1.75000	0.1	422	22.7	16.7	6.0	16.7	0.0	16.7	
1.75391	0.0	422	22.7	16.7	6.0	16.7	0.0	16.7	
1.75781	0.0	422	22.7	16.7	6.0	16.7	0.0	16.7	
1.76172	0.0	422	22.8	16.8	6.0	16.8	0.0	16.8	
1.76562	0.1	422	22.8	16.8	6.0	16.8	0.0	16.8	
1.76953	0.0	422	22.8	16.8	6.0	16.8	0.0	16.8	
1.77344	0.0	422	22.8	16.8	6.0	16.8	0.0	16.8	
1.77734	0.0	422	22.8	16.8	6.0	16.8	0.0	16.8	
1.78125	0.0	422	22.8	16.8	6.0	16.8	0.0	16.8	
1.78516	0.0	422	22.9	16.8	6.1	16.8	0.0	16.8	
1.78906	-0.0	422	22.9	16.8	6.1	16.8	0.0	16.8	
1.79297	-0.0	422	22.9	16.9	6.0	16.9	0.0	16.9	
1.79688	-0.1	422	22.9	16.9	6.0	16.9	0.0	16.9	
1.80078	-0.1	422	23.0	16.9	6.1	16.9	0.0	16.9	
1.80469	-0.1	422	23.0	16.9	6.1	16.9	0.0	16.9	
1.80859	-0.1	422	23.0	16.9	6.1	16.9	0.0	16.9	
1.81250	-0.1	422	23.0	16.9	6.1	16.9	0.0	16.9	
1.81641	-0.1	422	23.1	17.0	6.1	17.0	0.0	17.0	
1.82031	-0.1	422	23.1	17.0	6.1	17.0	0.0	17.0	
1.82422	-0.1	422	23.2	17.0	6.2	17.0	0.0	17.0	
1.82812	-0.1	422	23.2	17.0	6.2	17.0	0.0	17.0	
1.83203	-0.1	422	23.2	17.1	6.1	17.1	0.0	17.1	
1.83594	-0.1	422	23.3	17.1	6.2	17.1	0.0	17.1	
1.83984	-0.1	422	23.3	17.1	6.2	17.1	0.0	17.1	
1.84375	-0.1	422	23.3	17.2	6.1	17.2	0.0	17.2	
1.84766	-0.1	422	23.4	17.2	6.2	17.2	0.0	17.2	
1.85156	-0.1	422	23.4	17.2	6.2	17.2	0.0	17.2	
1.85547	-0.1	422	23.4	17.3	6.1	17.3	0.0	17.3	
1.85938	-0.1	422	23.5	17.3	6.2	17.3	0.0	17.3	
1.86328	-0.1	422	23.5	17.3	6.2	17.3	0.0	17.3	
1.86719	-0.1	422	23.5	17.4	6.1	17.4	0.0	17.4	
1.87109	-0.1	422	23.5	17.4	6.1	17.4	0.0	17.4	
1.87500	-0.1	422	23.6	17.4	6.2	17.4	0.0	17.4	
1.87891	-0.1	422	23.6	17.4	6.2	17.4	0.0	17.4	
1.88281	-0.1	422	23.6	17.5	6.1	17.5	0.0	17.5	
1.88672	-0.1	422	23.6	17.5	6.1	17.5	0.0	17.5	
1.89062	-0.1	422	23.7	17.5	6.2	17.5	0.0	17.5	
1.89453	-0.1	422	23.7	17.5	6.2	17.5	0.0	17.5	
1.89844	-0.2	422	23.7	17.5	6.2	17.5	0.0	17.5	
1.90234	-0.2	422	23.8	17.5	6.3	17.5	0.0	17.5	
1.90625	-0.2	422	23.8	17.6	6.2	17.6	0.0	17.6	
1.91016	-0.3	422	23.8	17.6	6.2	17.6	0.0	17.6	
1.91406	-0.3	422	23.9	17.6	6.3	17.6	0.0	17.6	
1.91797	-0.3	422	24.0	17.6	6.4	17.6	0.0	17.6	
1.92188	-0.4	422	24.0	17.6	6.4	17.6	0.0	17.6	
1.92578	-0.5	422	24.1	17.6	6.5	17.6	0.0	17.6	
1.92969	-0.5	422	24.1	17.6	6.5	17.6	0.0	17.6	
1.93359	-0.5	422	24.2	17.7	6.5	17.7	0.0	17.7	
1.93750	-0.6	422	24.2	17.7	6.5	17.7	0.0	17.7	
1.94141	-0.6	422	24.3	17.7	6.6	17.7	0.0	17.7	
1.94531	-0.6	422	24.3	17.7	6.6	17.7	0.0	17.7	
1.94922	-0.6	422	24.4	17.7	6.7	17.7	0.0	17.7	
1.95312	-0.6	422	24.5	17.8	6.7	17.8	0.0	17.8	
1.95703	-0.6	422	24.5	17.8	6.7	17.8	0.0	17.8	
1.96094	-0.6	422	24.6	17.8	6.8	17.8	0.0	17.8	
1.96484	-0.6	422	24.7	17.9	6.8	17.9	0.0	17.9	
1.96875	-0.5	421	24.7	17.9	6.8	17.9	0.0	17.9	
1.97266	-0.5	421	24.8	17.9	6.9	17.9	0.0	17.9	
1.97656	-0.5	421	24.8	17.9	6.9	17.9	0.0	17.9	
1.98047	-0.5	421	24.9	18.0	6.9	18.0	0.0	18.0	
1.98438	-0.5	421	24.9	18.0	6.9	18.0	0.0	18.0	
1.98828	-0.5	421	25.0	18.0	7.0	18.0	0.0	18.0	
1.99219	-0.4	421	25.0	18.1	6.9	18.1	0.0	18.1	
1.99609	-0.4	421	25.1	18.1	7.0	18.1	0.0	18.1	
2.00000	-0.5	421	25.1	18.1	7.0	18.1	0.0	18.1	
2.00391	-0.4	421	25.2	18.2	7.0	18.2	0.0	18.2	
2.00781	-0.4	421	25.2	18.2	7.0	18.2	0.0	18.2	
2.01172	-0.3	421	25.3	18.2	7.1	18.2	0.0	18.2	
2.01562	-0.3	421	25.3	18.3	7.0	18.3	0.0	18.3	
2.01953	-0.3	421	25.4	18.3	7.1	18.3	0.0	18.3	
2.02344	-0.2	421	25.4	18.3	7.1	18.3	0.0	18.3	
2.02734	-0.1	421	25.4	18.4	7.0	18.4	0.0	18.4	
2.03125	-0.2	421	25.5	18.4	7.1	18.4	0.0	18.4	
2.03516	-0.2	421	25.5	18.5	7.0	18.5	0.0	18.5	
2.03906	-0.1	421	25.5	18.5	7.0	18.5	0.0	18.5	
2.04297	-0.1	421	25.6	18.5	7.1	18.5	0.0	18.5	
2.04688	-0.1	421	25.6	18.6	7.0	18.6	0.0	18.6	
2.05078	-0.1	421	25.6	18.6	7.0	18.6	0.0	18.6	
2.05469	-0.1	421	25.7	18.6	7.1	18.6	0.0	18.6	
2.05859	-0.2	421	25.7	18.7	7.0	18.7	0.0	18.7	
2.06250	-0.2	421	25.7	18.8	6.9	18.8	0.0	18.8	
2.06641	-0.2	421	25.8	18.8	7.0	18.8	0.0	18.8	
2.07031	-0.3	421	25.8	18.8	7.0	18.8	0.0	18.8	
2.07422	-0.4	421	25.9	18.9	7.0	18.9	0.0	18.9	
2.07812	-0.4	421	25.9	18.9	7.0	18.9	0.0	18.9	
2.08203	-0.5	421	26.0	19.0	7.0	19.0	0.0	19.0	
2.08594	-0.5	421	26.0	19.1	6.9	19.1	0.0	19.1	
2.08984	-0.5	421	26.1	19.1	7.0	19.1	0.0	19.1	
2.09375	-0.5	421	26.1	19.1	7.0	19.1	0.0	19.1	
2.09766	-0.5	421	26.2	19.2	7.0	19.2	0.0	19.2	
2.10156	-0.5	421	26.2	19.3	6.9	19.3	0.0	19.3	
2.10547	-0.4	421	26.3	19.3	7.0	19.3	0.0	19.3	
2.10938	-0.3	421	26.3	19.4	6.9	19.4	0.0	19.4	
2.11328	-0.2	421	26.3	19.4	6.9	19.4	0.0	19.4	
2.11719	-0.1	421	26.3	19.5	6.8	19.5	0.0	19.5	
2.12109	-0.0	421	26.3	19.5	6.8	19.5	0.0	19.5	
2.12500	0.0	421	26.3	19.6	6.7	19.6	0.0	19.6	
2.12891	0.0	421	26.3	19.6	6.7	19.6	0.0	19.6	
2.13281	0.1	421	26.3	19.6	6.7	19.6	0.0	19.6	
2.13672	0.1	421	26.3	19.7	6.6	19.7	0.0	19.7	
2.14062	0.1	421	26.3	19.7	6.6	19.7	0.0	19.7	
2.14453	0.1	421	26.4	19.8	6.6	19.8	0.0	19.8	
2.14844	0.1	421	26.4	19.9	6.5	19.9	0.0	19.9	
2.15234	0.1	421	26.4	19.9	6.5	19.9	0.0	19.9	
2.15625	-0.0	421	26.4	20.0	6.4	20.0	0.0	20.0	
2.16016	-0.1	421	26.4	20.0	6.4	20.0	0.0	20.0	
2.16406	-0.1	421	26.4	20.0	6.4	20.0	0.0	20.0	
2.16797	-0.2	421	26.5	20.1	6.4	20.1	0.0	20.1	
2.17188	-0.3	421	26.5	20.2	6.3	20.2	0.0	20.2	
2.17578	-0.3	421	26.6	20.2	6.4	20.2	0.0	20.2	
2.17969	-0.4	421	26.6	20.2	6.4	20.2	0.0	20.2	
2.18359	-0.4	421	26.7	20.3	6.4	20.3	0.0	20.3	
2.18750	-0.5	421	26.7	20.4	6.3	20.4	0.0	20.4	
2.19141	-0.5	421	26.8	20.4	6.4	20.4	0.0	20.4	
2.19531	-0.4	420	26.8	20.4	6.4	20.4	0.0	20.4	
2.19922	-0.4	420	26.9	20.5	6.4	20.5	0.0	20.5	
2.20312	-0.4	420	26.9	20.6	6.3	20.6	0.0	20.6	
2.20703	-0.4	420	27.0	20.6	6.4	20.6	0.0	20.6	
2.21094	-0.4	420	27.0	20.6	6.4	20.6	0.0	20.6	
2.21484	-0.3	420	27.1	20.7	6.4	20.7	0.0	20.7	
2.21875	-0.3	420	27.1	20.8	6.3	20.8	0.0	20.8	
2.22266	-0.3	420	27.2	20.8	6.4	20.8	0.0	20.8	
2.22656	-0.3	420	27.2	20.8	6.4	20.8	0.0	20.8	
2.23047	-0.3	420	27.2	20.9	6.3	20.9	0.0	20.9	
2.23438	-0.3	420	27.3	21.0	6.3	21.0	0.0	21.0	
2.23828	-0.3	420	27.3	21.0	6.3	21.0	0.0	21.0	
2.24219	-0.3	420	27.4	21.1	6.3	21.1	0.0	21.1	
2.24609	-0.3	420	27.4	21.1	6.3	21.1	0.0	21.1	
2.25000	-0.2	420	27.4	21.2	6.2	21.2	0.0	21.2	
2.25391	-0.2	420	27.5	21.2	6.3	21.2	0.0	21.2	
2.25781	-0.2	420	27.5	21.3	6.2	21.3	0.0	21.3	
2.26172	-0.2	420	27.5	21.3	6.2	21.3	0.0	21.3	
2.26562	-0.1	420	27.6	21.4	6.2	21.4	0.0	21.4	
2.26953	-0.1	420	27.6	21.4	6.2	21.4	0.0	21.4	
2.27344	-0.2	420	27.6	21.5	6.1	21.5	0.0	21.5	
2.27734	-0.1	420	27.7	21.5	6.2	21.5	0.0	21.5	
2.28125	-0.2	420	27.7	21.6	6.1	21.6	0.0	21.6	
2.28516	-0.2	420	27.7	21.6	6.1	21.6	0.0	21.6	
2.28906	-0.2	420	27.8	21.7	6.1	21.7	0.0	21.7	
2.29297	-0.2	420	27.8	21.7	6.1	21.7	0.0	21.7	
2.29688	-0.2	420	27.9	21.8	6.1	21.8	0.0	21.8	
2.30078	-0.3	420	27.9	21.8	6.1	21.8	0.0	21.8	
2.30469	-0.4	420	27.9	21.9	6.0	21.9	0.0	21.9	
2.30859	-0.4	420	28.0	21.9	6.1	21.9	0.0	21.9	
2.31250	-0.4	420	28.0	22.0	6.0	22.0	0.0	22.0	
2.31641	-0.5	420	28.1	22.0	6.1	22.0	0.0	22.0	
2.32031	-0.4	420	28.1	22.1	6.0	22.1	0.0	22.1	
2.32422	-0.4	420	28.2	22.1	6.1	22.1	0.0	22.1	
2.32812	-0.4	420	28.2	22.2	6.0	22.2	0.0	22.2	
2.33203	-0.4	420	28.3	22.2	6.1	22.2	0.0	22.2	
2.33594	-0.4	420	28.3	22.3	6.0	22.3	0.0	22.3	
2.33984	-0.4	420	28.3	22.3	6.0	22.3	0.0	22.3	
2.34375	-0.3	420	28.4	22.4	6.0	22.4	0.0	22.4	
2.34766	-0.3	420	28.4	22.4	6.0	22.4	0.0	22.4	
2.35156	-0.3	420	28.5	22.5	6.0	22.5	0.0	22.5	
2.35547	-0.2	420	28.5	22.5	6.0	22.5	0.0	22.5	
2.35938	-0.2	420	28.5	22.6	5.9	22.6	0.0	22.6	
2.36328	-0.2	420	28.6	22.6	6.0	22.6	0.0	22.6	
2.36719	-0.3	420	28.6	22.7	5.9	22.7	0.0	22.7	
2.37109	-0.3	420	28.7	22.7	6.0	22.7	0.0	22.7	
2.37500	-0.3	420	28.7	22.7	6.0	22.7	0.0	22.7	
2.37891	-0.3	420	28.8	22.8	6.0	22.8	0.0	22.8	
2.38281	-0.4	420	28.8	22.8	6.0	22.8	0.0	22.8	
2.38672	-0.4	420	28.9	22.8	6.1	22.8	0.0	22.8	
2.39062	-0.4	420	28.9	22.9	6.0	22.9	0.0	22.9	
2.39453	-0.5	419	29.0	22.9	6.1	22.9	0.0	22.9	
2.39844	-0.5	419	29.0	22.9	6.1	22.9	0.0	22.9	
2.40234	-0.5	419	29.1	22.9	6.2	22.9	0.0	22.9	
2.40625	-0.5	419	29.1	23.0	6.1	23.0	0.0	23.0	
2.41016	-0.5	419	29.2	23.0	6.2	23.0	0.0	23.0	
2.41406	-0.5	419	29.2	23.0	6.2	23.0	0.0	23.0	
2.41797	-0.5	419	29.3	23.1	6.2	23.1	0.0	23.1	
2.42188	-0.4	419	29.3	23.1	6.2	23.1	0.0	23.1	
2.42578	-0.4	419	29.4	23.1	6.3	23.1	0.0	23.1	
2.42969	-0.3	419	29.4	23.2	6.2	23.2	0.0	23.2	
2.43359	-0.3	419	29.5	23.2	6.3	23.2	0.0	23.2	
2.43750	-0.3	419	29.5	23.2	6.3	23.2	0.0	23.2	
2.44141	-0.2	419	29.5	23.2	6.3	23.2	0.0	23.2	
2.44531	-0.3	419	29.6	23.3	6.3	23.3	0.0	23.3	
2.44922	-0.3	419	29.6	23.3	6.3	23.3	0.0	23.3	
2.45312	-0.3	419	29.7	23.4	6.3	23.4	0.0	23.4	
2.45703	-0.3	419	29.7	23.4	6.3	23.4	0.0	23.4	
2.46094	-0.4	419	29.7	23.4	6.3	23.4	0.0	23.4	
2.46484	-0.4	419	29.8	23.5	6.3	23.5	0.0	23.5	
2.46875	-0.5	419	29.9	23.5	6.4	23.5	0.0	23.5	
2.47266	-0.5	419	29.9	23.5	6.4	23.5	0.0	23.5	
2.47656	-0.6	419	30.0	23.6	6.4	23.6	0.0	23.6	
2.48047	-0.7	419	30.0	23.6	6.4	23.6	0.0	23.6	
2.48438	-0.8	419	30.1	23.7	6.4	23.7	0.0	23.7	
2.48828	-0.8	419	30.2	23.7	6.5	23.7	0.0	23.7	
2.49219	-0.8	419	30.2	23.7	6.5	23.7	0.0	23.7	
2.49609	-0.7	419	30.3	23.8	6.5	23.8	0.0	23.8	
2.50000	-0.7	419	30.4	23.8	6.6	23.8	0.0	23.8	
2.50391	-0.7	419	30.4	23.9	6.5	23.9	0.0	23.9	
2.50781	-0.6	419	30.5	23.9	6.6	23.9	0.0	23.9	
2.51172	-0.5	419	30.5	24.0	6.5	24.0	0.0	24.0	
2.51562	-0.5	418	30.6	24.0	6.6	24.0	0.0	24.0	
2.51953	-0.4	418	30.6	24.1	6.5	24.1	0.0	24.1	
2.52344	-0.4	418	30.7	24.1	6.6	24.1	0.0	24.1	
2.52734	-0.3	418	30.7	24.2	6.5	24.2	0.0	24.2	
2.53125	-0.4	418	30.8	24.2	6.6	24.2	0.0	24.2	
2.53516	-0.4	418	30.8	24.3	6.5	24.3	0.0	24.3	
2.53906	-0.4	418	30.9	24.3	6.6	24.3	0.0	24.3	
2.54297	-0.5	418	30.9	24.4	6.5	24.4	0.0	24.4	
2.54688	-0.6	418	31.0	24.5	6.5	24.5	0.0	24.5	
2.55078	-0.6	418	31.0	24.5	6.5	24.5	0.0	24.5	
2.55469	-0.7	418	31.1	24.6	6.5	24.6	0.0	24.6	
2.55859	-0.8	418	31.2	24.7	6.5	24.7	0.0	24.7	
2.56250	-0.8	418	31.2	24.7	6.5	24.7	0.0	24.7	
2.56641	-0.9	418	31.3	24.8	6.5	24.8	0.0	24.8	
2.57031	-0.8	418	31.3	24.9	6.4	24.9	0.0	24.9	
2.57422	-0.7	418	31.4	24.9	6.5	24.9	0.0	24.9	
2.57812	-0.7	418	31.4	25.0	6.4	25.0	0.0	25.0	
2.58203	-0.6	418	31.5	25.0	6.5	25.0	0.0	25.0	
2.58594	-0.4	418	31.5	25.1	6.4	25.1	0.0	25.1	
2.58984	-0.3	418	31.6	25.1	6.5	25.1	0.0	25.1	
2.59375	-0.3	418	31.6	25.2	6.4	25.2	0.0	25.2	
2.59766	-0.2	418	31.6	25.2	6.4	25.2	0.0	25.2	
2.60156	-0.2	418	31.7	25.3	6.4	25.3	0.0	25.3	
2.60547	-0.2	418	31.7	25.3	6.4	25.3	0.0	25.3	
2.60938	-0.2	418	31.7	25.3	6.4	25.3	0.0	25.3	
2.61328	-0.2	418	31.8	25.4	6.4	25.4	0.0	25.4	
2.61719	-0.4	418	31.8	25.4	6.4	25.4	0.0	25.4	
2.62109	-0.5	418	31.9	25.4	6.5	25.4	0.0	25.4	
2.62500	-0.6	418	31.9	25.5	6.4	25.5	0.0	25.5	
2.62891	-0.7	418	32.0	25.5	6.5	25.5	0.0	25.5	
2.63281	-0.8	418	32.1	25.6	6.5	25.6	0.0	25.6	
2.63672	-0.8	417	32.1	25.6	6.5	25.6	0.0	25.6	
2.64062	-0.8	417	32.2	25.6	6.6	25.6	0.0	25.6	
2.64453	-0.7	417	32.2	25.7	6.5	25.7	0.0	25.7	
2.64844	-0.6	417	32.2	25.7	6.5	25.7	0.0	25.7	
2.65234	-0.5	417	32.3	25.7	6.6	25.7	0.0	25.7	
2.65625	-0.4	417	32.3	25.8	6.5	25.8	0.0	25.8	
2.66016	-0.3	417	32.3	25.8	6.5	25.8	0.0	25.8	
2.66406	-0.2	417	32.3	25.8	6.5	25.8	0.0	25.8	
2.66797	-0.0	417	32.4	25.9	6.5	25.9	0.0	25.9	
2.67188	0.0	417	32.4	25.9	6.5	25.9	0.0	25.9	
2.67578	0.1	417	32.4	25.9	6.5	25.9	0.0	25.9	
2.67969	0.1	417	32.4	26.0	6.4	26.0	0.0	26.0	
2.68359	0.1	417	32.4	26.0	6.4	26.0	0.0	26.0	
2.68750	0.2	417	32.4	26.0	6.4	26.0	0.0	26.0	
2.69141	0.2	417	32.4	26.0	6.4	26.0	0.0	26.0	
2.69531	0.1	417	32.4	26.1	6.3	26.1	0.0	26.1	
2.69922	0.1	417	32.4	26.1	6.3	26.1	0.0	26.1	
2.70312	0.1	417	32.4	26.1	6.3	26.1	0.0	26.1	
2.70703	0.0	417	32.4	26.1	6.3	26.1	0.0	26.1	
2.71094	-0.0	417	32.4	26.1	6.3	26.1	0.0	26.1	
2.71484	-0.1	417	32.4	26.2	6.2	26.2	0.0	26.2	
2.71875	-0.2	417	32.5	26.2	6.3	26.2	0.0	26.2	
2.72266	-0.2	417	32.5	26.2	6.3	26.2	0.0	26.2	
2.72656	-0.2	417	32.5	26.3	6.2	26.3	0.0	26.3	
2.73047	-0.3	417	32.6	26.3	6.3	26.3	0.0	26.3	
2.73438	-0.4	417	32.6	26.3	6.3	26.3	0.0	26.3	
2.73828	-0.4	417	32.7	26.4	6.3	26.4	0.0	26.4	
2.74219	-0.3	417	32.7	26.4	6.3	26.4	0.0	26.4	
2.74609	-0.3	417	32.7	26.4	6.3	26.4	0.0	26.4	
2.75000	-0.3	417	32.8	26.5	6.3	26.5	0.0	26.5	
2.75391	-0.2	417	32.8	26.5	6.3	26.5	0.0	26.5	
2.75781	-0.1	417	32.8	26.5	6.3	26.5	0.0	26.5	
2.76172	-0.0	417	32.8	26.6	6.2	26.6	0.0	26.6	
2.76562	0.1	417	32.7	26.6	6.1	26.6	0.0	26.6	
2.76953	0.2	417	32.7	26.6	6.1	26.6	0.0	26.6	
2.77344	0.3	417	32.7	26.7	6.0	26.7	0.0	26.7	
2.77734	0.4	417	32.7	26.7	6.0	26.7	0.0	26.7	
2.78125	0.4	417	32.6	26.7	5.9	26.7	0.0	26.7	
2.78516	0.4	417	32.6	26.7	5.9	26.7	0.0	26.7	
2.78906	0.4	417	32.6	26.7	5.9	26.7	0.0	26.7	
2.79297	0.3	417	32.5	26.8	5.7	26.8	0.0	26.8	
2.79688	0.2	417	32.5	26.8	5.7	26.8	0.0	26.8	
2.80078	0.1	417	32.5	26.8	5.7	26.8	0.0	26.8	
2.80469	-0.0	417	32.6	26.8	5.8	26.8	0.0	26.8	
2.80859	-0.2	417	32.6	26.9	5.7	26.9	0.0	26.9	
2.81250	-0.2	417	32.6	26.9	5.7	26.9	0.0	26.9	
2.81641	-0.3	417	32.6	26.9	5.7	26.9	0.0	26.9	
2.82031	-0.4	417	32.7	26.9	5.8	26.9	0.0	26.9	
2.82422	-0.4	417	32.7	26.9	5.8	26.9	0.0	26.9	
2.82812	-0.3	417	32.7	27.0	5.7	27.0	0.0	27.0	
2.83203	-0.2	417	32.7	27.0	5.7	27.0	0.0	27.0	
2.83594	-0.1	417	32.8	27.0	5.8	27.0	0.0	27.0	
2.83984	-0.1	417	32.8	27.0	5.8	27.0	0.0	27.0	
2.84375	-0.0	417	32.8	27.1	5.7	27.1	0.0	27.1	
2.84766	0.0	417	32.8	27.1	5.7	27.1	0.0	27.1	
2.85156	0.0	417	32.8	27.1	5.7	27.1	0.0	27.1	
2.85547	0.1	417	32.8	27.2	5.6	27.2	0.0	27.2	
2.85938	0.1	417	32.8	27.2	5.6	27.2	0.0	27.2	
2.86328	0.1	417	32.8	27.2	5.6	27.2	0.0	27.2	
2.86719	0.0	417	32.8	27.2	5.6	27.2	0.0	27.2	
2.87109	-0.0	417	32.8	27.3	5.5	27.3	0.0	27.3	
2.87500	-0.1	417	32.8	27.3	5.5	27.3	0.0	27.3	
2.87891	-0.2	417	32.9	27.3	5.6	27.3	0.0	27.3	
2.88281	-0.2	417	32.9	27.4	5.5	27.4	0.0	27.4	
2.88672	-0.2	417	32.9	27.4	5.5	27.4	0.0	27.4	
2.89062	-0.2	417	32.9	27.4	5.5	27.4	0.0	27.4	
2.89453	-0.2	417	32.9	27.5	5.4	27.5	0.0	27.5	
2.89844	-0.2	417	32.9	27.5	5.4	27.5	0.0	27.5	
2.90234	-0.1	417	32.9	27.5	5.4	27.5	0.0	27.5	
2.90625	-0.1	417	32.9	27.5	5.4	27.5	0.0	27.5	
2.91016	0.0	417	32.9	27.6	5.3	27.6	0.0	27.6	
2.91406	0.1	417	32.9	27.6	5.3	27.6	0.0	27.6	
2.91797	0.1	417	32.9	27.6	5.3	27.6	0.0	27.6	
2.92188	0.1	417	32.9	27.7	5.2	27.7	0.0	27.7	
2.92578	0.2	417	32.9	27.7	5.2	27.7	0.0	27.7	
2.92969	0.2	417	32.9	27.7	5.2	27.7	0.0	27.7	
2.93359	0.1	417	32.9	27.7	5.2	27.7	0.0	27.7	
2.93750	0.1	417	32.9	27.7	5.2	27.7	0.0	27.7	
2.94141	0.1	417	32.9	27.8	5.1	27.8	0.0	27.8	
2.94531	0.1	417	32.9	27.8	5.1	27.8	0.0	27.8	
2.94922	0.1	417	32.9	27.8	5.1	27.8	0.0	27.8	
2.95312	0.1	417	32.8	27.8	5.0	27.8	0.0	27.8	
2.95703	0.1	417	32.8	27.8	5.0	27.8	0.0	27.8	
2.96094	0.2	417	32.8	27.8	5.0	27.8	0.0	27.8	
2.96484	0.2	417	32.8	27.9	4.9	27.9	0.0	27.9	
2.96875	0.3	417	32.8	27.9	4.9	27.9	0.0	27.9	
2.97266	0.3	417	32.7	27.9	4.8	27.9	0.0	27.9	
2.97656	0.3	417	32.7	27.9	4.8	27.9	0.0	27.9	
2.98047	0.3	417	32.7	27.9	4.8	27.9	0.0	27.9	
2.98438	0.3	417	32.7	27.9	4.8	27.9	0.0	27.9	
2.98828	0.2	417	32.6	27.9	4.7	27.9	0.0	27.9	
2.99219	0.2	417	32.6	28.0	4.6	28.0	0.0	28.0	
2.99609	0.2	417	32.6	28.0	4.6	28.0	0.0	28.0	
3.00000	0.1	417	32.6	28.0	4.6	28.0	0.0	28.0	
3.00391	0.2	417	32.6	28.0	4.6	28.0	0.0	28.0	
3.00781	0.2	417	32.6	28.0	4.6	28.0	0.0	28.0	
3.01172	0.2	417	32.5	28.0	4.5	28.0	0.0	28.0	
3.01562	0.2	417	32.5	28.0	4.5	28.0	0.0	28.0	
3.01953	0.3	417	32.5	28.0	4.5	28.0	0.0	28.0	
3.02344	0.5	417	32.4	28.0	4.4	28.0	0.0	28.0	
3.02734	0.6	417	32.4	28.0	4.4	28.0	0.0	28.0	
3.03125	0.8	418	32.3	28.0	4.3	28.0	0.0	28.0	
3.03516	0.9	418	32.3	28.0	4.3	28.0	0.0	28.0	
3.03906	1.0	418	32.2	28.0	4.2	28.0	0.0	28.0	
3.04297	1.1	418	32.1	28.0	4.1	28.0	0.0	28.0	
3.04688	1.2	418	32.0	28.0	4.0	28.0	0.0	28.0	
3.05078	1.2	418	32.0	28.0	4.0	28.0	0.0	28.0	
3.05469	1.1	418	31.9	28.0	3.9	28.0	0.0	28.0	
3.05859	1.1	418	31.8	27.9	3.9	27.9	0.0	27.9	
3.06250	1.0	418	31.8	27.9	3.9	27.9	0.0	27.9	
3.06641	0.9	418	31.7	27.9	3.8	27.9	0.0	27.9	
3.07031	0.9	418	31.6	27.8	3.8	27.8	0.0	27.8	
3.07422	0.8	418	31.5	27.8	3.7	27.8	0.0	27.8	
3.07812	0.7	418	31.5	27.8	3.7	27.8	0.0	27.8	
3.08203	0.8	418	31.4	27.8	3.6	27.8	0.0	27.8	
3.08594	0.9	418	31.3	27.7	3.6	27.7	0.0	27.7	
3.08984	0.9	418	31.3	27.7	3.6	27.7	0.0	27.7	
3.09375	1.1	419	31.2	27.6	3.6	27.6	0.0	27.6	
3.09766	1.1	419	31.1	27.6	3.5	27.6	0.0	27.6	
3.10156	1.2	419	31.0	27.5	3.5	27.5	0.0	27.5	
3.10547	1.2	419	30.9	27.5	3.4	27.5	0.0	27.5	
3.10938	1.2	419	30.9	27.4	3.5	27.4	0.0	27.4	
3.11328	1.2	419	30.8	27.4	3.4	27.4	0.0	27.4	
3.11719	1.2	419	30.7	27.3	3.4	27.3	0.0	27.3	
3.12109	1.2	419	30.6	27.3	3.3	27.3	0.0	27.3	
3.12500	1.2	419	30.5	27.2	3.3	27.2	0.0	27.2	
3.12891	1.2	419	30.4	27.2	3.2	27.2	0.0	27.2	
3.13281	1.2	419	30.3	27.1	3.2	27.1	0.0	27.1	
3.13672	1.4	419	30.2	27.1	3.1	27.1	0.0	27.1	
3.14062	1.6	420	30.1	27.0	3.1	27.0	0.0	27.0	
3.14453	1.9	420	30.0	26.9	3.1	26.9	0.0	26.9	
3.14844	2.2	420	29.8	26.9	2.9	26.9	0.0	26.9	
3.15234	2.5	420	29.7	26.8	2.9	26.8	0.0	26.8	
3.15625	2.9	420	29.5	26.7	2.8	26.7	0.0	26.7	
3.16016	3.3	420	29.4	26.6	2.8	26.6	0.0	26.6	
3.16406	3.5	421	29.2	26.6	2.6	26.6	0.0	26.6	
3.16797	3.7	421	29.1	26.5	2.6	26.5	0.0	26.5	
3.17188	3.8	421	28.9	26.4	2.5	26.4	0.0	26.4	
3.17578	3.9	421	28.7	26.3	2.4	26.3	0.0	26.3	
3.17969	3.8	422	28.6	26.2	2.4	26.2	0.0	26.2	
3.18359	3.7	422	28.4	26.1	2.3	26.1	0.0	26.1	
3.18750	3.6	422	28.3	26.0	2.3	26.0	0.0	26.0	
3.19141	3.4	422	28.1	25.9	2.2	25.9	0.0	25.9	
3.19531	3.2	422	28.0	25.8	2.2	25.8	0.0	25.8	
3.19922	3.0	423	27.9	25.8	2.1	25.8	0.0	25.8	
3.20312	2.9	423	27.7	25.6	2.1	25.6	0.0	25.6	
3.20703	2.8	423	27.6	25.6	2.0	25.6	0.0	25.6	
3.21094	2.7	423	27.5	25.5	2.0	25.5	0.0	25.5	
3.21484	2.8	423	27.3	25.4	1.9	25.4	0.0	25.4	
3.21875	2.8	424	27.2	25.3	1.9	25.3	0.0	25.3	
3.22266	2.9	424	27.1	25.2	1.9	25.2	0.0	25.2	
3.22656	2.9	424	26.9	25.1	1.8	25.1	0.0	25.1	
3.23047	2.9	424	26.8	25.0	1.8	25.0	0.0	25.0	
3.23438	2.8	424	26.7	24.9	1.8	24.9	0.0	24.9	
3.23828	2.8	425	26.6	24.8	1.8	24.8	0.0	24.8	
3.24219	2.7	425	26.5	24.7	1.8	24.7	0.0	24.7	
3.24609	2.5	425	26.4	24.6	1.8	24.6	0.0	24.6	
3.25000	2.4	425	26.3	24.5	1.8	24.5	0.0	24.5	
3.25391	2.3	425	26.2	24.4	1.8	24.4	0.0	24.4	
3.25781	2.1	425	26.1	24.3	1.8	24.3	0.0	24.3	
3.26172	2.0	425	26.0	24.2	1.8	24.2	0.0	24.2	
3.26562	2.0	426	25.9	24.1	1.8	24.1	0.0	24.1	
3.26953	2.0	426	25.8	24.0	1.8	24.0	0.0	24.0	
3.27344	2.0	426	25.7	23.9	1.8	23.9	0.0	23.9	
3.27734	2.1	426	25.5	23.8	1.7	23.8	0.0	23.8	
3.28125	2.3	426	25.4	23.7	1.7	23.7	0.0	23.7	
3.28516	2.5	426	25.3	23.6	1.7	23.6	0.0	23.6	
3.28906	2.8	426	25.1	23.5	1.6	23.5	0.0	23.5	
3.29297	3.1	427	25.0	23.4	1.6	23.4	0.0	23.4	
3.29688	3.3	427	24.8	23.3	1.5	23.3	0.0	23.3	
3.30078	3.6	427	24.7	23.2	1.5	23.2	0.0	23.2	
3.30469	3.8	427	24.5	23.0	1.5	23.0	0.0	23.0	
3.30859	3.9	428	24.3	22.9	1.4	22.9	0.0	22.9	
3.31250	4.0	428	24.2	22.8	1.4	22.8	0.0	22.8	
3.31641	4.0	428	24.1	22.7	1.4	22.7	0.0	22.7	
3.32031	4.0	428	23.9	22.5	1.4	22.5	0.0	22.5	
3.32422	3.8	429	23.8	22.4	1.4	22.4	0.0	22.4	
3.32812	3.6	429	23.7	22.3	1.4	22.3	0.0	22.3	
3.33203	3.3	429	23.5	22.1	1.4	22.1	0.0	22.1	
3.33594	2.9	429	23.4	22.0	1.4	22.0	0.0	22.0	
3.33984	2.6	429	23.3	21.9	1.4	21.9	0.0	21.9	
3.34375	2.2	430	23.3	21.8	1.5	21.8	0.0	21.8	
3.34766	1.9	430	23.2	21.6	1.6	21.6	0.0	21.6	
3.35156	1.6	430	23.2	21.5	1.7	21.5	0.0	21.5	
3.35547	1.3	430	23.1	21.4	1.7	21.4	0.0	21.4	
3.35938	1.1	430	23.1	21.3	1.8	21.3	0.0	21.3	
3.36328	0.9	430	23.0	21.1	1.9	21.1	0.0	21.1	
3.36719	0.8	430	22.9	21.0	1.9	21.0	0.0	21.0	
3.37109	0.6	430	22.9	20.9	2.0	20.9	0.0	20.9	
3.37500	0.5	430	22.9	20.8	2.1	20.8	0.0	20.8	
3.37891	0.6	430	22.8	20.7	2.1	20.7	0.0	20.7	
3.38281	0.6	430	22.8	20.6	2.2	20.6	0.0	20.6	
3.38672	0.7	430	22.8	20.5	2.3	20.5	0.0	20.5	
3.39062	0.7	430	22.7	20.4	2.3	20.4	0.0	20.4	
3.39453	0.8	430	22.7	20.3	2.4	20.3	0.0	20.3	
3.39844	0.8	430	22.6	20.2	2.4	20.2	0.0	20.2	
3.40234	0.9	430	22.6	20.0	2.6	20.0	0.0	20.0	
3.40625	1.0	431	22.5	20.0	2.5	20.0	0.0	20.0	
3.41016	1.0	431	22.5	19.9	2.6	19.9	0.0	19.9	
3.41406	1.0	431	22.4	19.8	2.6	19.8	0.0	19.8	
3.41797	1.0	431	22.4	19.6	2.8	19.6	0.0	19.6	
3.42188	1.0	431	22.3	19.6	2.7	19.6	0.0	19.6	
3.42578	1.0	431	22.2	19.5	2.7	19.5	0.0	19.5	
3.42969	0.9	431	22.2	19.4	2.8	19.4	0.0	19.4	
3.43359	0.9	431	22.1	19.3	2.8	19.3	0.0	19.3	
3.43750	0.8	431	22.1	19.2	2.9	19.2	0.0	19.2	
3.44141	0.7	431	22.1	19.1	3.0	19.1	0.0	19.1	
3.44531	0.7	431	22.0	19.0	3.0	19.0	0.0	19.0	
3.44922	0.6	431	22.0	18.9	3.1	18.9	0.0	18.9	
3.45312	0.5	431	21.9	18.9	3.0	18.9	0.0	18.9	
3.45703	0.5	431	21.9	18.8	3.1	18.8	0.0	18.8	
3.46094	0.4	431	21.9	18.7	3.2	18.7	0.0	18.7	
3.46484	0.4	431	21.8	18.6	3.2	18.6	0.0	18.6	
3.46875	0.4	431	21.8	18.6	3.2	18.6	0.0	18.6	
3.47266	0.4	431	21.8	18.5	3.3	18.5	0.0	18.5	
3.47656	0.4	431	21.8	18.4	3.4	18.4	0.0	18.4	
3.48047	0.4	431	21.7	18.3	3.4	18.3	0.0	18.3	
3.48438	0.4	431	21.7	18.3	3.4	18.3	0.0	18.3	
3.48828	0.4	431	21.7	18.2	3.5	18.2	0.0	18.2	
3.49219	0.4	431	21.6	18.1	3.5	18.1	0.0	18.1	
3.49609	0.4	431	21.6	18.0	3.6	18.0	0.0	18.0	
3.50000	0.5	432	21.6	18.0	3.6	18.0	0.0	18.0	
3.50391	0.5	432	21.6	17.9	3.7	17.9	0.0	17.9	
3.50781	0.5	432	21.5	17.9	3.6	17.9	0.0	17.9	
3.51172	0.5	432	21.5	17.8	3.7	17.8	0.0	17.8	
3.51562	0.5	432	21.4	17.7	3.7	17.7	0.0	17.7	
3.51953	0.5	432	21.4	17.7	3.7	17.7	0.0	17.7	
3.52344	0.5	432	21.4	17.6	3.8	17.6	0.0	17.6	
3.52734	0.4	432	21.4	17.6	3.8	17.6	0.0	17.6	
3.53125	0.4	432	21.3	17.5	3.8	17.5	0.0	17.5	
3.53516	0.4	432	21.3	17.5	3.8	17.5	0.0	17.5	
3.53906	0.3	432	21.3	17.4	3.9	17.4	0.0	17.4	
3.54297	0.3	432	21.3	17.4	3.9	17.4	0.0	17.4	
3.54688	0.3	432	21.3	17.3	4.0	17.3	0.0	17.3	
3.55078	0.2	432	21.3	17.3	4.0	17.3	0.0	17.3	
3.55469	0.2	432	21.2	17.2	4.0	17.2	0.0	17.2	
3.55859	0.2	432	21.2	17.2	4.0	17.2	0.0	17.2	
3.56250	0.1	432	21.2	17.1	4.1	17.1	0.0	17.1	
3.56641	0.2	432	21.2	17.1	4.1	17.1	0.0	17.1	
3.57031	0.2	432	21.2	17.1	4.1	17.1	0.0	17.1	
3.57422	0.2	432	21.2	17.0	4.2	17.0	0.0	17.0	
3.57812	0.2	432	21.2	17.0	4.2	17.0	0.0	17.0	
3.58203	0.1	432	21.2	17.0	4.2	17.0	0.0	17.0	
3.58594	0.1	432	21.2	16.9	4.3	16.9	0.0	16.9	
3.58984	0.1	432	21.2	16.9	4.3	16.9	0.0	16.9	
3.59375	0.1	432	21.2	16.9	4.3	16.9	0.0	16.9	
3.59766	0.2	432	21.2	16.8	4.4	16.8	0.0	16.8	
3.60156	0.2	432	21.2	16.8	4.4	16.8	0.0	16.8	
3.60547	0.1	432	21.2	16.8	4.4	16.8	0.0	16.8	
3.60938	0.2	432	21.2	16.8	4.4	16.8	0.0	16.8	
3.61328	0.2	432	21.2	16.7	4.5	16.7	0.0	16.7	
3.61719	0.2	432	21.2	16.7	4.5	16.7	0.0	16.7	
3.62109	0.2	432	21.2	16.7	4.5	16.7	0.0	16.7	
3.62500	0.1	432	21.2	16.7	4.5	16.7	0.0	16.7	
3.62891	0.1	432	21.2	16.6	4.6	16.6	0.0	16.6	
3.63281	0.1	432	21.2	16.6	4.6	16.6	0.0	16.6	
3.63672	0.1	432	21.2	16.6	4.6	16.6	0.0	16.6	
3.64062	0.1	432	21.2	16.6	4.6	16.6	0.0	16.6	
3.64453	0.1	432	21.2	16.6	4.6	16.6	0.0	16.6	
3.64844	0.1	432	21.2	16.5	4.7	16.5	0.0	16.5	
3.65234	0.1	432	21.2	16.5	4.7	16.5	0.0	16.5	
3.65625	0.1	432	21.2	16.5	4.7	16.5	0.0	16.5	
3.66016	0.1	432	21.2	16.5	4.7	16.5	0.0	16.5	
3.66406	0.1	432	21.2	16.5	4.7	16.5	0.0	16.5	
3.66797	0.1	432	21.2	16.5	4.7	16.5	0.0	16.5	
3.67188	0.1	432	21.2	16.5	4.7	16.5	0.0	16.5	
3.67578	0.2	432	21.3	16.5	4.8	16.5	0.0	16.5	
3.67969	0.1	432	21.3	16.4	4.9	16.4	0.0	16.4	
3.68359	0.1	432	21.3	16.4	4.9	16.4	0.0	16.4	
3.68750	0.1	432	21.3	16.4	4.9	16.4	0.0	16.4	
3.69141	0.1	432	21.3	16.4	4.9	16.4	0.0	16.4	
3.69531	0.1	432	21.3	16.4	4.9	16.4	0.0	16.4	
3.69922	0.1	432	21.3	16.4	4.9	16.4	0.0	16.4	
3.70312	0.1	432	21.3	16.4	4.9	16.4	0.0	16.4	
3.70703	0.1	432	21.3	16.3	5.0	16.3	0.0	16.3	
3.71094	0.1	432	21.3	16.3	5.0	16.3	0.0	16.3	
3.71484	0.1	432	21.3	16.3	5.0	16.3	0.0	16.3	
3.71875	0.1	432	21.3	16.3	5.0	16.3	0.0	16.3	
3.72266	0.1	432	21.3	16.3	5.0	16.3	0.0	16.3	
3.72656	0.1	432	21.4	16.3	5.1	16.3	0.0	16.3	
3.73047	0.1	432	21.4	16.3	5.1	16.3	0.0	16.3	
3.73438	0.1	432	21.4	16.3	5.1	16.3	0.0	16.3	
3.73828	0.1	432	21.4	16.3	5.1	16.3	0.0	16.3	
3.74219	0.1	432	21.4	16.3	5.1	16.3	0.0	16.3	
3.74609	0.1	432	21.4	16.3	5.1	16.3	0.0	16.3	
3.75000	0.1	432	21.4	16.3	5.1	16.3	0.0	16.3	
3.75391	0.0	432	21.4	16.3	5.1	16.3	0.0	16.3	
3.75781	0.0	432	21.4	16.3	5.1	16.3	0.0	16.3	
3.76172	0.1	432	21.4	16.3	5.1	16.3	0.0	16.3	
3.76562	0.1	432	21.4	16.3	5.1	16.3	0.0	16.3	
3.76953	0.0	432	21.4	16.2	5.2	16.2	0.0	16.2	
3.77344	0.0	432	21.5	16.2	5.3	16.2	0.0	16.2	
3.77734	0.0	432	21.5	16.2	5.3	16.2	0.0	16.2	
3.78125	0.0	432	21.5	16.2	5.3	16.2	0.0	16.2	
3.78516	0.1	432	21.5	16.2	5.3	16.2	0.0	16.2	
3.78906	0.1	432	21.5	16.2	5.3	16.2	0.0	16.2	
3.79297	0.0	432	21.6	16.2	5.4	16.2	0.0	16.2	
3.79688	0.0	432	21.6	16.2	5.4	16.2	0.0	16.2	
3.80078	0.1	432	21.6	16.2	5.4	16.2	0.0	16.2	
3.80469	0.1	432	21.6	16.2	5.4	16.2	0.0	16.2	
3.80859	0.1	432	21.6	16.2	5.4	16.2	0.0	16.2	
3.81250	0.1	432	21.7	16.2	5.5	16.2	0.0	16.2	
3.81641	0.1	432	21.7	16.1	5.6	16.1	0.0	16.1	
3.82031	0.1	432	21.7	16.1	5.6	16.1	0.0	16.1	
3.82422	0.1	432	21.7	16.1	5.6	16.1	0.0	16.1	
3.82812	0.2	432	21.7	16.1	5.6	16.1	0.0	16.1	
3.83203	0.2	432	21.7	16.1	5.6	16.1	0.0	16.1	
3.83594	0.1	432	21.7	16.1	5.6	16.1	0.0	16.1	
3.83984	0.1	432	21.7	16.1	5.6	16.1	0.0	16.1	
3.84375	0.2	432	21.7	16.1	5.6	16.1	0.0	16.1	
3.84766	0.2	432	21.7	16.1	5.6	16.1	0.0	16.1	
3.85156	0.1	432	21.6	16.1	5.5	16.1	0.0	16.1	
3.85547	0.2	432	21.6	16.0	5.6	16.0	0.0	16.0	
3.85938	0.2	432	21.6	16.0	5.6	16.0	0.0	16.0	
3.86328	0.2	432	21.6	16.0	5.6	16.0	0.0	16.0	
3.86719	0.2	432	21.6	16.0	5.6	16.0	0.0	16.0	
3.87109	0.2	432	21.6	16.0	5.6	16.0	0.0	16.0	
3.87500	0.2	433	21.6	16.0	5.6	16.0	0.0	16.0	
3.87891	0.2	433	21.6	16.0	5.6	16.0	0.0	16.0	
3.88281	0.1	433	21.6	16.0	5.6	16.0	0.0	16.0	
3.88672	0.1	433	21.6	16.0	5.6	16.0	0.0	16.0	
3.89062	0.1	433	21.6	16.0	5.6	16.0	0.0	16.0	
3.89453	0.1	433	21.6	16.0	5.6	16.0	0.0	16.0	
3.89844	0.1	433	21.6	16.0	5.6	16.0	0.0	16.0	
3.90234	0.1	433	21.6	16.0	5.6	16.0	0.0	16.0	
3.90625	0.1	433	21.6	15.9	5.7	15.9	0.0	15.9	
3.91016	0.1	433	21.6	15.9	5.7	15.9	0.0	15.9	
3.91406	0.1	433	21.6	15.9	5.7	15.9	0.0	15.9	
3.91797	0.1	433	21.6	15.9	5.7	15.9	0.0	15.9	
3.92188	0.1	433	21.6	15.9	5.7	15.9	0.0	15.9	
3.92578	0.0	433	21.6	15.9	5.7	15.9	0.0	15.9	
3.92969	0.0	433	21.6	15.9	5.7	15.9	0.0	15.9	
3.93359	0.0	433	21.7	15.9	5.8	15.9	0.0	15.9	
3.93750	0.1	433	21.7	15.9	5.8	15.9	0.0	15.9	
3.94141	0.1	433	21.7	15.9	5.8	15.9	0.0	15.9	
3.94531	0.1	433	21.7	15.9	5.8	15.9	0.0	15.9	
3.94922	0.1	433	21.7	15.9	5.8	15.9	0.0	15.9	
3.95312	0.1	433	21.7	15.9	5.8	15.9	0.0	15.9	
3.95703	0.1	433	21.7	16.0	5.7	16.0	0.0	16.0	
3.96094	0.1	433	21.7	16.0	5.7	16.0	0.0	16.0	
3.96484	0.2	433	21.7	16.0	5.7	16.0	0.0	16.0	
3.96875	0.1	433	21.7	16.0	5.7	16.0	0.0	16.0	
3.97266	0.1	433	21.7	16.0	5.7	16.0	0.0	16.0	
3.97656	0.1	433	21.7	16.0	5.7	16.0	0.0	16.0	
3.98047	0.1	433	21.7	16.0	5.7	16.0	0.0	16.0	
3.98438	0.1	433	21.7	16.0	5.7	16.0	0.0	16.0	
3.98828	0.1	433	21.7	16.0	5.7	16.0	0.0	16.0	
3.99219	0.1	433	21.8	15.9	5.9	15.9	0.0	15.9	
3.99609	0.1	433	21.8	15.9	5.9	15.9	0.0	15.9	
4.00000	0.1	433	21.8	15.9	5.9	15.9	0.0	15.9	
4.00391	0.1	433	21.8	15.9	5.9	15.9	0.0	15.9	
4.00781	0.1	433	21.8	15.9	5.9	15.9	0.0	15.9	
4.01172	0.0	433	21.8	15.9	5.9	15.9	0.0	15.9	
4.01562	0.1	433	21.8	15.9	5.9	15.9	0.0	15.9	
4.01953	0.1	433	21.8	15.9	5.9	15.9	0.0	15.9	
4.02344	0.0	433	21.8	15.9	5.9	15.9	0.0	15.9	
4.02734	0.0	433	21.8	15.8	6.0	15.8	0.0	15.8	
4.03125	0.0	433	21.9	15.8	6.1	15.8	0.0	15.8	
4.03516	0.0	433	21.9	15.8	6.1	15.8	0.0	15.8	
4.03906	0.0	433	21.9	15.8	6.1	15.8	0.0	15.8	
4.04297	0.0	433	21.9	15.8	6.1	15.8	0.0	15.8	
4.04688	-0.0	433	22.0	15.8	6.2	15.8	0.0	15.8	
4.05078	0.0	433	22.0	15.8	6.2	15.8	0.0	15.8	
4.05469	0.0	433	22.0	15.8	6.2	15.8	0.0	15.8	
4.05859	-0.0	433	22.0	15.8	6.2	15.8	0.0	15.8	
4.06250	0.0	433	22.0	15.8	6.2	15.8	0.0	15.8	
4.06641	0.0	433	22.1	15.8	6.3	15.8	0.0	15.8	
4.07031	-0.0	433	22.1	15.8	6.3	15.8	0.0	15.8	
4.07422	0.0	433	22.1	15.8	6.3	15.8	0.0	15.8	
4.07812	0.0	433	22.1	15.8	6.3	15.8	0.0	15.8	
4.08203	0.0	433	22.1	15.7	6.4	15.7	0.0	15.7	
4.08594	0.1	433	22.1	15.8	6.3	15.8	0.0	15.8	
4.08984	0.1	433	22.1	15.8	6.3	15.8	0.0	15.8	
4.09375	0.1	433	22.1	15.7	6.4	15.7	0.0	15.7	
4.09766	0.1	433	22.2	15.7	6.5	15.7	0.0	15.7	
4.10156	0.1	433	22.2	15.7	6.5	15.7	0.0	15.7	
4.10547	0.1	433	22.2	15.7	6.5	15.7	0.0	15.7	
4.10938	0.1	433	22.2	15.7	6.5	15.7	0.0	15.7	
4.11328	0.1	433	22.2	15.7	6.5	15.7	0.0	15.7	
4.11719	0.1	433	22.2	15.7	6.5	15.7	0.0	15.7	
4.12109	0.1	433	22.2	15.7	6.5	15.7	0.0	15.7	
4.12500	0.1	433	22.1	15.7	6.4	15.7	0.0	15.7	
4.12891	0.2	433	22.1	15.7	6.4	15.7	0.0	15.7	
4.13281	0.1	433	22.1	15.7	6.4	15.7	0.0	15.7	
4.13672	0.2	433	22.1	15.7	6.4	15.7	0.0	15.7	
4.14062	0.2	433	22.1	15.7	6.4	15.7	0.0	15.7	
4.14453	0.2	433	22.1	15.7	6.4	15.7	0.0	15.7	
4.14844	0.2	433	22.1	15.7	6.4	15.7	0.0	15.7	
4.15234	0.2	433	22.0	15.7	6.3	15.7	0.0	15.7	
4.15625	0.2	433	22.0	15.7	6.3	15.7	0.0	15.7	
4.16016	0.3	433	22.0	15.7	6.3	15.7	0.0	15.7	
4.16406	0.2	433	22.0	15.7	6.3	15.7	0.0	15.7	
4.16797	0.2	433	21.9	15.7	6.2	15.7	0.0	15.7	
4.17188	0.2	433	21.9	15.7	6.2	15.7	0.0	15.7	
4.17578	0.3	433	21.9	15.7	6.2	15.7	0.0	15.7	
4.17969	0.3	433	21.9	15.7	6.2	15.7	0.0	15.7	
4.18359	0.3	433	21.8	15.7	6.1	15.7	0.0	15.7	
4.18750	0.3	433	21.8	15.7	6.1	15.7	0.0	15.7	
4.19141	0.3	433	21.8	15.7	6.1	15.7	0.0	15.7	
4.19531	0.3	433	21.7	15.7	6.0	15.7	0.0	15.7	
4.19922	0.2	433	21.7	15.7	6.0	15.7	0.0	15.7	
4.20312	0.2	433	21.7	15.7	6.0	15.7	0.0	15.7	
4.20703	0.2	433	21.7	15.7	6.0	15.7	0.0	15.7	
4.21094	0.2	433	21.7	15.7	6.0	15.7	0.0	15.7	
4.21484	0.2	433	21.6	15.7	5.9	15.7	0.0	15.7	
4.21875	0.2	433	21.6	15.7	5.9	15.7	0.0	15.7	
4.22266	0.2	433	21.6	15.6	6.0	15.6	0.0	15.6	
4.22656	0.2	433	21.6	15.6	6.0	15.6	0.0	15.6	
4.23047	0.2	433	21.6	15.6	6.0	15.6	0.0	15.6	
4.23438	0.1	433	21.6	15.7	5.9	15.7	0.0	15.7	
4.23828	0.1	433	21.6	15.7	5.9	15.7	0.0	15.7	
4.24219	0.1	433	21.6	15.6	6.0	15.6	0.0	15.6	
4.24609	0.1	433	21.6	15.7	5.9	15.7	0.0	15.7	
4.25000	0.1	433	21.6	15.7	5.9	15.7	0.0	15.7	
4.25391	0.1	433	21.6	15.7	5.9	15.7	0.0	15.7	
4.25781	0.1	433	21.6	15.6	6.0	15.6	0.0	15.6	
4.26172	0.1	433	21.6	15.7	5.9	15.7	0.0	15.7	
4.26562	0.2	433	21.6	15.7	5.9	15.7	0.0	15.7	
4.26953	0.2	433	21.6	15.7	5.9	15.7	0.0	15.7	
4.27344	0.1	433	21.5	15.7	5.8	15.7	0.0	15.7	
4.27734	0.1	433	21.5	15.7	5.8	15.7	0.0	15.7	
4.28125	0.1	433	21.5	15.7	5.8	15.7	0.0	15.7	
4.28516	0.1	433	21.5	15.7	5.8	15.7	0.0	15.7	
4.28906	0.1	433	21.5	15.7	5.8	15.7	0.0	15.7	
4.29297	0.1	433	21.5	15.7	5.8	15.7	0.0	15.7	
4.29688	0.1	433	21.5	15.7	5.8	15.7	0.0	15.7	
4.30078	0.1	433	21.5	15.7	5.8	15.7	0.0	15.7	
4.30469	0.1	433	21.5	15.7	5.8	15.7	0.0	15.7	
4.30859	0.1	433	21.5	15.7	5.8	15.7	0.0	15.7	
4.31250	0.2	433	21.5	15.7	5.8	15.7	0.0	15.7	
4.31641	0.1	433	21.5	15.8	5.7	15.8	0.0	15.8	
4.32031	0.1	433	21.5	15.8	5.7	15.8	0.0	15.8	
4.32422	0.1	433	21.5	15.8	5.7	15.8	0.0	15.8	
4.32812	0.1	433	21.5	15.8	5.7	15.8	0.0	15.8	
4.33203	0.1	433	21.5	15.8	5.7	15.8	0.0	15.8	
4.33594	0.1	433	21.5	15.8	5.7	15.8	0.0	15.8	
4.33984	0.1	433	21.5	15.8	5.7	15.8	0.0	15.8	
4.34375	0.1	433	21.4	15.8	5.6	15.8	0.0	15.8	
4.34766	0.1	433	21.4	15.8	5.6	15.8	0.0	15.8	
4.35156	0.1	433	21.5	15.8	5.7	15.8	0.0	15.8	
4.35547	0.1	433	21.5	15.8	5.7	15.8	0.0	15.8	
4.35938	0.1	433	21.4	15.8	5.6	15.8	0.0	15.8	
4.36328	0.2	433	21.5	15.8	5.7	15.8	0.0	15.8	
4.36719	0.1	433	21.5	15.8	5.7	15.8	0.0	15.8	
4.37109	0.1	433	21.4	15.8	5.6	15.8	0.0	15.8	
4.37500	0.1	433	21.5	15.9	5.6	15.9	0.0	15.9	
4.37891	0.1	433	21.5	15.9	5.6	15.9	0.0	15.9	
4.38281	0.1	433	21.5	15.9	5.6	15.9	0.0	15.9	
4.38672	0.1	433	21.5	15.9	5.6	15.9	0.0	15.9	
4.39062	0.1	433	21.5	15.9	5.6	15.9	0.0	15.9	
4.39453	0.1	433	21.5	15.9	5.6	15.9	0.0	15.9	
4.39844	0.1	433	21.5	15.9	5.6	15.9	0.0	15.9	
4.40234	0.1	434	21.5	15.9	5.6	15.9	0.0	15.9	
4.40625	0.1	434	21.5	15.9	5.6	15.9	0.0	15.9	
4.41016	0.1	434	21.5	15.9	5.6	15.9	0.0	15.9	
4.41406	0.1	434	21.5	15.9	5.6	15.9	0.0	15.9	
4.41797	0.1	434	21.5	15.9	5.6	15.9	0.0	15.9	
4.42188	0.1	434	21.5	16.0	5.5	16.0	0.0	16.0	
4.42578	0.1	434	21.5	16.0	5.5	16.0	0.0	16.0	
4.42969	0.1	434	21.5	16.0	5.5	16.0	0.0	16.0	
4.43359	0.1	434	21.5	16.0	5.5	16.0	0.0	16.0	
4.43750	0.1	434	21.5	16.0	5.5	16.0	0.0	16.0	
4.44141	0.0	434	21.5	16.0	5.5	16.0	0.0	16.0	
4.44531	0.1	434	21.5	16.0	5.5	16.0	0.0	16.0	
4.44922	0.1	434	21.5	16.0	5.5	16.0	0.0	16.0	
4.45312	0.1	434	21.5	16.0	5.5	16.0	0.0	16.0	
4.45703	0.1	434	21.6	16.0	5.6	16.0	0.0	16.0	
4.46094	0.1	434	21.6	16.0	5.6	16.0	0.0	16.0	
4.46484	0.1	434	21.6	16.0	5.6	16.0	0.0	16.0	
4.46875	0.1	434	21.6	16.1	5.5	16.1	0.0	16.1	
4.47266	0.1	434	21.6	16.1	5.5	16.1	0.0	16.1	
4.47656	0.0	434	21.6	16.1	5.5	16.1	0.0	16.1	
4.48047	0.0	434	21.6	16.1	5.5	16.1	0.0	16.1	
4.48438	0.0	434	21.7	16.1	5.6	16.1	0.0	16.1	
4.48828	0.0	434	21.7	16.1	5.6	16.1	0.0	16.1	
4.49219	0.0	434	21.7	16.1	5.6	16.1	0.0	16.1	
4.49609	0.0	434	21.7	16.1	5.6	16.1	0.0	16.1	
4.50000	0.0	434	21.7	16.1	5.6	16.1	0.0	16.1	
4.50391	0.0	434	21.8	16.1	5.7	16.1	0.0	16.1	
4.50781	0.0	434	21.8	16.1	5.7	16.1	0.0	16.1	
4.51172	0.0	434	21.8	16.1	5.7	16.1	0.0	16.1	
4.51562	0.0	434	21.8	16.1	5.7	16.1	0.0	16.1	
4.51953	0.1	434	21.8	16.1	5.7	16.1	0.0	16.1	
4.52344	0.1	434	21.8	16.1	5.7	16.1	0.0	16.1	
4.52734	0.1	434	21.8	16.1	5.7	16.1	0.0	16.1	
4.53125	0.1	434	21.8	16.1	5.7	16.1	0.0	16.1	
4.53516	0.1	434	21.8	16.1	5.7	16.1	0.0	16.1	
4.53906	0.1	434	21.8	16.1	5.7	16.1	0.0	16.1	
4.54297	0.1	434	21.8	16.1	5.7	16.1	0.0	16.1	
4.54688	0.1	434	21.8	16.1	5.7	16.1	0.0	16.1	
4.55078	0.2	434	21.8	16.1	5.7	16.1	0.0	16.1	
4.55469	0.2	434	21.8	16.1	5.7	16.1	0.0	16.1	
4.55859	0.2	434	21.8	16.1	5.7	16.1	0.0	16.1	
4.56250	0.2	434	21.8	16.1	5.7	16.1	0.0	16.1	
4.56641	0.2	434	21.8	16.1	5.7	16.1	0.0	16.1	
4.57031	0.2	434	21.8	16.1	5.7	16.1	0.0	16.1	
4.57422	0.1	434	21.8	16.1	5.7	16.1	0.0	16.1	
4.57812	0.2	434	21.8	16.1	5.7	16.1	0.0	16.1	
4.58203	0.2	434	21.7	16.1	5.6	16.1	0.0	16.1	
4.58594	0.1	434	21.7	16.1	5.6	16.1	0.0	16.1	
4.58984	0.1	434	21.7	16.1	5.6	16.1	0.0	16.1	
4.59375	0.1	434	21.7	16.1	5.6	16.1	0.0	16.1	
4.59766	0.1	434	21.7	16.1	5.6	16.1	0.0	16.1	
4.60156	0.0	434	21.7	16.1	5.6	16.1	0.0	16.1	
4.60547	0.0	434	21.7	16.1	5.6	16.1	0.0	16.1	
4.60938	0.0	434	21.8	16.0	5.8	16.0	0.0	16.0	
4.61328	0.0	434	21.8	16.1	5.7	16.1	0.0	16.1	
4.61719	0.1	434	21.8	16.1	5.7	16.1	0.0	16.1	
4.62109	0.1	434	21.8	16.1	5.7	16.1	0.0	16.1	
4.62500	0.1	434	21.8	16.1	5.7	16.1	0.0	16.1	
4.62891	0.0	434	21.8	16.1	5.7	16.1	0.0	16.1	
4.63281	0.0	434	21.8	16.1	5.7	16.1	0.0	16.1	
4.63672	0.0	434	21.8	16.1	5.7	16.1	0.0	16.1	
4.64062	0.1	434	21.8	16.1	5.7	16.1	0.0	16.1	
4.64453	0.1	434	21.9	16.1	5.8	16.1	0.0	16.1	
4.64844	0.1	434	21.9	16.1	5.8	16.1	0.0	16.1	
4.65234	0.1	434	21.9	16.1	5.8	16.1	0.0	16.1	
4.65625	0.1	434	21.9	16.1	5.8	16.1	0.0	16.1	
4.66016	0.1	434	21.9	16.2	5.7	16.2	0.0	16.2	
4.66406	0.1	434	21.9	16.2	5.7	16.2	0.0	16.2	
4.66797	0.1	434	21.9	16.2	5.7	16.2	0.0	16.2	
4.67188	0.1	434	21.9	16.2	5.7	16.2	0.0	16.2	
4.67578	0.1	434	21.9	16.2	5.7	16.2	0.0	16.2	
4.67969	0.1	434	21.9	16.2	5.7	16.2	0.0	16.2	
4.68359	0.1	434	21.9	16.2	5.7	16.2	0.0	16.2	
4.68750	0.1	434	21.9	16.2	5.7	16.2	0.0	16.2	
4.69141	0.1	434	21.9	16.2	5.7	16.2	0.0	16.2	
4.69531	0.1	434	21.9	16.2	5.7	16.2	0.0	16.2	
4.69922	0.1	434	21.9	16.2	5.7	16.2	0.0	16.2	
4.70312	0.1	434	21.9	16.2	5.7	16.2	0.0	16.2	
4.70703	0.1	434	21.9	16.2	5.7	16.2	0.0	16.2	
4.71094	0.1	434	21.9	16.1	5.8	16.1	0.0	16.1	
4.71484	0.1	434	21.9	16.1	5.8	16.1	0.0	16.1	
4.71875	0.1	434	21.9	16.1	5.8	16.1	0.0	16.1	
4.72266	0.1	434	22.0	16.1	5.9	16.1	0.0	16.1	
4.72656	0.1	434	22.0	16.1	5.9	16.1	0.0	16.1	
4.73047	0.0	434	21.9	16.1	5.8	16.1	0.0	16.1	
4.73438	0.0	434	22.0	16.1	5.9	16.1	0.0	16.1	
4.73828	0.0	434	22.0	16.1	5.9	16.1	0.0	16.1	
4.74219	-0.0	434	22.0	16.0	6.0	16.0	0.0	16.0	
4.74609	0.0	434	22.0	16.0	6.0	16.0	0.0	16.0	
4.75000	0.0	434	22.0	16.0	6.0	16.0	0.0	16.0	
4.75391	0.0	434	22.1	16.0	6.1	16.0	0.0	16.0	
4.75781	0.0	434	22.1	16.0	6.1	16.0	0.0	16.0	
4.76172	0.0	434	22.1	16.0	6.1	16.0	0.0	16.0	
4.76562	0.0	434	22.1	16.0	6.1	16.0	0.0	16.0	
4.76953	0.1	434	22.1	16.0	6.1	16.0	0.0	16.0	
4.77344	0.0	434	22.1	16.0	6.1	16.0	0.0	16.0	
4.77734	0.0	434	22.2	16.0	6.2	16.0	0.0	16.0	
4.78125	0.0	434	22.2	16.0	6.2	16.0	0.0	16.0	
4.78516	0.0	434	22.2	16.0	6.2	16.0	0.0	16.0	
4.78906	0.1	434	22.2	16.0	6.2	16.0	0.0	16.0	
4.79297	0.1	434	22.2	16.0	6.2	16.0	0.0	16.0	
4.79688	0.1	434	22.2	16.0	6.2	16.0	0.0	16.0	
4.80078	0.1	434	22.2	16.0	6.2	16.0	0.0	16.0	
4.80469	0.1	434	22.2	16.0	6.2	16.0	0.0	16.0	
4.80859	0.1	434	22.2	16.0	6.2	16.0	0.0	16.0	
4.81250	0.1	434	22.2	16.0	6.2	16.0	0.0	16.0	
4.81641	0.1	434	22.2	16.0	6.2	16.0	0.0	16.0	
4.82031	0.1	434	22.2	16.0	6.2	16.0	0.0	16.0	
4.82422	0.2	434	22.2	16.0	6.2	16.0	0.0	16.0	
4.82812	0.2	434	22.2	16.0	6.2	16.0	0.0	16.0	
4.83203	0.2	434	22.2	16.0	6.2	16.0	0.0	16.0	
4.83594	0.2	434	22.2	16.0	6.2	16.0	0.0	16.0	
4.83984	0.2	434	22.1	16.0	6.1	16.0	0.0	16.0	
4.84375	0.2	434	22.1	16.0	6.1	16.0	0.0	16.0	
4.84766	0.2	434	22.1	16.0	6.1	16.0	0.0	16.0	
4.85156	0.2	434	22.1	16.0	6.1	16.0	0.0	16.0	
4.85547	0.2	434	22.1	15.9	6.2	15.9	0.0	15.9	
4.85938	0.2	434	22.0	15.9	6.1	15.9	0.0	15.9	
4.86328	0.3	434	22.0	16.0	6.0	16.0	0.0	16.0	
4.86719	0.2	434	22.0	16.0	6.0	16.0	0.0	16.0	
4.87109	0.2	434	22.0	16.0	6.0	16.0	0.0	16.0	
4.87500	0.3	434	22.0	16.0	6.0	16.0	0.0	16.0	
4.87891	0.2	434	21.9	16.0	5.9	16.0	0.0	16.0	
4.88281	0.2	434	21.9	16.0	5.9	16.0	0.0	16.0	
4.88672	0.3	434	21.9	16.0	5.9	16.0	0.0	16.0	
4.89062	0.3	434	21.9	15.9	6.0	15.9	0.0	15.9	
4.89453	0.2	434	21.8	16.0	5.8	16.0	0.0	16.0	
4.89844	0.2	434	21.8	16.0	5.8	16.0	0.0	16.0	
4.90234	0.2	434	21.8	15.9	5.9	15.9	0.0	15.9	
4.90625	0.2	434	21.8	15.9	5.9	15.9	0.0	15.9	
4.91016	0.2	434	21.7	15.9	5.8	15.9	0.0	15.9	
4.91406	0.2	434	21.7	15.9	5.8	15.9	0.0	15.9	
4.91797	0.2	434	21.7	15.9	5.8	15.9	0.0	15.9	
4.92188	0.1	434	21.7	15.9	5.8	15.9	0.0	15.9	
4.92578	0.1	434	21.7	15.9	5.8	15.9	0.0	15.9	
4.92969	0.1	434	21.7	15.9	5.8	15.9	0.0	15.9	
4.93359	0.1	434	21.7	15.9	5.8	15.9	0.0	15.9	
4.93750	0.1	434	21.7	15.9	5.8	15.9	0.0	15.9	
4.94141	0.1	434	21.7	15.9	5.8	15.9	0.0	15.9	
4.94531	0.1	434	21.7	15.9	5.8	15.9	0.0	15.9	
4.94922	0.1	434	21.7	15.9	5.8	15.9	0.0	15.9	
4.95312	0.1	434	21.7	15.9	5.8	15.9	0.0	15.9	
4.95703	0.1	434	21.7	15.9	5.8	15.9	0.0	15.9	
4.96094	0.1	434	21.6	15.9	5.7	15.9	0.0	15.9	
4.96484	0.1	434	21.6	15.9	5.7	15.9	0.0	15.9	
4.96875	0.2	434	21.6	16.0	5.6	16.0	0.0	16.0	
4.97266	0.2	434	21.6	16.0	5.6	16.0	0.0	16.0	
4.97656	0.1	434	21.6	16.0	5.6	16.0	0.0	16.0	
4.98047	0.1	435	21.6	16.0	5.6	16.0	0.0	16.0	
4.98438	0.1	435	21.6	16.0	5.6	16.0	0.0	16.0	
4.98828	0.1	435	21.6	16.0	5.6	16.0	0.0	16.0	
4.99219	0.1	435	21.6	16.0	5.6	16.0	0.0	16.0	
4.99609	0.1	435	21.6	16.0	5.6	16.0	0.0	16.0	
5.00000	0.1	435	21.6	16.0	5.6	16.0	0.0	16.0	
5.00391	0.1	435	21.6	16.0	5.6	16.0	0.0	16.0	
5.00781	0.1	435	21.6	16.0	5.6	16.0	0.0	16.0	
5.01172	0.1	435	21.6	16.0	5.6	16.0	0.0	16.0	
5.01562	0.1	435	21.6	16.0	5.6	16.0	0.0	16.0	
5.01953	0.1	435	21.6	16.1	5.5	16.1	0.0	16.1	
5.02344	0.2	435	21.5	16.1	5.4	16.1	0.0	16.1	
5.02734	0.1	435	21.6	16.1	5.5	16.1	0.0	16.1	
5.03125	0.1	435	21.5	16.1	5.4	16.1	0.0	16.1	
5.03516	0.1	435	21.5	16.1	5.4	16.1	0.0	16.1	
5.03906	0.1	435	21.5	16.1	5.4	16.1	0.0	16.1	
5.04297	0.1	435	21.5	16.1	5.4	16.1	0.0	16.1	
5.04688	0.1	435	21.5	16.1	5.4	16.1	0.0	16.1	
5.05078	0.1	435	21.5	16.1	5.4	16.1	0.0	16.1	
5.05469	0.1	435	21.5	16.1	5.4	16.1	0.0	16.1	
5.05859	0.1	435	21.5	16.1	5.4	16.1	0.0	16.1	
5.06250	0.1	435	21.5	16.1	5.4	16.1	0.0	16.1	
5.06641	0.1	435	21.5	16.1	5.4	16.1	0.0	16.1	
5.07031	0.1	435	21.5	16.1	5.4	16.1	0.0	16.1	
5.07422	0.1	435	21.6	16.1	5.5	16.1	0.0	16.1	
5.07812	0.1	435	21.6	16.2	5.4	16.2	0.0	16.2	
5.08203	0.1	435	21.5	16.2	5.3	16.2	0.0	16.2	
5.08594	0.1	435	21.5	16.2	5.3	16.2	0.0	16.2	
5.08984	0.1	435	21.5	16.2	5.3	16.2	0.0	16.2	
5.09375	0.1	435	21.5	16.2	5.3	16.2	0.0	16.2	
5.09766	0.1	435	21.5	16.2	5.3	16.2	0.0	16.2	
5.10156	0.1	435	21.5	16.2	5.3	16.2	0.0	16.2	
5.10547	0.1	435	21.5	16.2	5.3	16.2	0.0	16.2	
5.10938	0.1	435	21.6	16.2	5.4	16.2	0.0	16.2	
5.11328	0.1	435	21.6	16.3	5.3	16.3	0.0	16.3	
5.11719	0.1	435	21.6	16.3	5.3	16.3	0.0	16.3	
5.12109	0.1	435	21.6	16.3	5.3	16.3	0.0	16.3	
5.12500	0.1	435	21.6	16.3	5.3	16.3	0.0	16.3	
5.12891	0.2	435	21.7	16.3	5.4	16.3	0.0	16.3	
5.13281	0.4	435	21.8	16.3	5.5	16.3	0.0	16.3	
5.13672	0.8	435	21.9	16.3	5.6	16.3	0.0	16.3	
5.14062	1.6	435	22.2	16.3	5.9	16.3	0.0	16.3	
5.14453	3.0	435	22.5	16.3	6.2	16.3	0.0	16.3	
5.14844	5.2	435	23.0	16.3	6.7	16.3	0.0	16.3	
5.15234	8.1	436	23.5	16.3	7.2	16.3	0.0	16.3	
5.15625	11.6	437	24.1	16.3	7.8	16.3	0.0	16.3	
5.16016	15.5	438	24.8	16.4	8.4	16.4	0.0	16.4	
5.16406	19.5	439	25.5	16.4	9.1	16.4	0.0	16.4	
