FluxView - FluxMed acquisition system
Signal file
Serial Number	:
W version:	1.20h-OX-CO2	File version:	1.13
Sampling rate:	256 Hz
Time	Flow	Volume	Paw	Pes	Ptpulm	Pga	Ptdiaf	CO2	
0.00391	-4.2	-1117	8.4	11.5	-3.1	0.0	-11.5	0.0	
0.00781	-4.3	-1117	8.4	11.6	-3.2	0.0	-11.6	0.0	
0.01172	-4.5	-1117	8.4	11.6	-3.2	0.0	-11.6	0.0	
0.01562	-4.4	-1118	8.4	11.5	-3.1	0.0	-11.5	0.0	
0.01953	-4.4	-1118	8.5	11.6	-3.1	0.0	-11.6	0.0	
0.02344	-4.6	-1118	8.4	11.6	-3.2	0.0	-11.6	0.0	
0.02734	-4.5	-1119	8.5	11.6	-3.1	0.0	-11.6	0.0	
0.03125	-4.3	-1119	8.5	11.6	-3.1	0.0	-11.6	0.0	
0.03516	-4.3	-1119	8.5	11.6	-3.1	0.0	-11.6	0.0	
0.03906	-4.2	-1119	8.4	11.6	-3.2	0.0	-11.6	0.0	
0.04297	-4.1	-1120	8.4	11.6	-3.2	0.0	-11.6	0.0	
0.04688	-4.0	-1120	8.4	11.6	-3.2	0.0	-11.6	0.0	
0.05078	-4.1	-1120	8.5	11.6	-3.1	0.0	-11.6	0.0	
0.05469	-4.1	-1121	8.4	11.6	-3.2	0.0	-11.6	0.0	
0.05859	-4.0	-1121	8.4	11.6	-3.2	0.0	-11.6	0.0	
0.06250	-4.0	-1121	8.4	11.6	-3.2	0.0	-11.6	0.0	
0.06641	-4.0	-1121	8.4	11.6	-3.2	0.0	-11.6	0.0	
0.07031	-4.0	-1122	8.3	11.6	-3.3	0.0	-11.6	0.0	
0.07422	-4.1	-1122	8.4	11.6	-3.2	0.0	-11.6	0.0	
0.07812	-4.2	-1122	8.4	11.7	-3.3	0.0	-11.7	0.0	
0.08203	-4.2	-1122	8.4	11.6	-3.2	0.0	-11.6	0.0	
0.08594	-4.2	-1123	8.4	11.6	-3.2	0.0	-11.6	0.0	
0.08984	-4.2	-1123	8.4	11.6	-3.2	0.0	-11.6	0.0	
0.09375	-4.1	-1123	8.3	11.7	-3.4	0.0	-11.7	0.0	
0.09766	-4.2	-1123	8.4	11.7	-3.3	0.0	-11.7	0.0	
0.10156	-4.2	-1124	8.4	11.7	-3.3	0.0	-11.7	0.0	
0.10547	-4.3	-1124	8.4	11.7	-3.3	0.0	-11.7	0.0	
0.10938	-4.3	-1124	8.4	11.7	-3.3	0.0	-11.7	0.0	
0.11328	-4.3	-1125	8.4	11.7	-3.3	0.0	-11.7	0.0	
0.11719	-4.6	-1125	8.4	11.7	-3.3	0.0	-11.7	0.0	
0.12109	-4.5	-1125	8.4	11.7	-3.3	0.0	-11.7	0.0	
0.12500	-4.4	-1125	8.4	11.7	-3.3	0.0	-11.7	0.0	
0.12891	-4.7	-1126	8.4	11.7	-3.3	0.0	-11.7	0.0	
0.13281	-4.9	-1126	8.5	11.7	-3.2	0.0	-11.7	0.0	
0.13672	-5.0	-1126	8.5	11.7	-3.2	0.0	-11.7	0.0	
0.14062	-5.0	-1127	8.5	11.7	-3.2	0.0	-11.7	0.0	
0.14453	-4.7	-1127	8.6	11.7	-3.1	0.0	-11.7	0.0	
0.14844	-4.6	-1127	8.5	11.7	-3.2	0.0	-11.7	0.0	
0.15234	-4.9	-1128	8.5	11.7	-3.2	0.0	-11.7	0.0	
0.15625	-4.8	-1128	8.5	11.8	-3.3	0.0	-11.8	0.0	
0.16016	-4.9	-1128	8.5	11.8	-3.3	0.0	-11.8	0.0	
0.16406	-5.0	-1129	8.6	11.8	-3.2	0.0	-11.8	0.0	
0.16797	-4.8	-1129	8.6	11.8	-3.2	0.0	-11.8	0.0	
0.17188	-4.7	-1129	8.6	11.8	-3.2	0.0	-11.8	0.0	
0.17578	-4.9	-1130	8.5	11.8	-3.3	0.0	-11.8	0.0	
0.17969	-4.9	-1130	8.6	11.8	-3.2	0.0	-11.8	0.0	
0.18359	-4.9	-1130	8.6	11.8	-3.2	0.0	-11.8	0.0	
0.18750	-5.2	-1131	8.5	11.8	-3.3	0.0	-11.8	0.0	
0.19141	-5.0	-1131	8.5	11.9	-3.4	0.0	-11.9	0.0	
0.19531	-4.8	-1131	8.6	11.9	-3.3	0.0	-11.9	0.0	
0.19922	-5.0	-1131	8.5	11.8	-3.3	0.0	-11.8	0.0	
0.20312	-4.9	-1132	8.5	11.9	-3.4	0.0	-11.9	0.0	
0.20703	-5.0	-1132	8.6	11.9	-3.3	0.0	-11.9	0.0	
0.21094	-5.1	-1132	8.5	11.9	-3.4	0.0	-11.9	0.0	
0.21484	-5.0	-1133	8.5	11.9	-3.4	0.0	-11.9	0.0	
0.21875	-5.1	-1133	8.6	12.0	-3.4	0.0	-12.0	0.0	
0.22266	-5.1	-1133	8.5	12.0	-3.5	0.0	-12.0	0.0	
0.22656	-5.0	-1134	8.5	12.0	-3.5	0.0	-12.0	0.0	
0.23047	-4.9	-1134	8.5	12.0	-3.5	0.0	-12.0	0.0	
0.23438	-4.9	-1134	8.5	12.0	-3.5	0.0	-12.0	0.0	
0.23828	-5.3	-1135	8.5	12.0	-3.5	0.0	-12.0	0.0	
0.24219	-5.2	-1135	8.5	12.1	-3.6	0.0	-12.1	0.0	
0.24609	-4.9	-1135	8.5	12.1	-3.6	0.0	-12.1	0.0	
0.25000	-5.0	-1136	8.4	12.1	-3.7	0.0	-12.1	0.0	
0.25391	-5.1	-1136	8.4	12.1	-3.7	0.0	-12.1	0.0	
0.25781	-4.9	-1136	8.4	12.1	-3.7	0.0	-12.1	0.0	
0.26172	-4.9	-1137	8.4	12.1	-3.7	0.0	-12.1	0.0	
0.26562	-4.8	-1137	8.4	12.2	-3.8	0.0	-12.2	0.0	
0.26953	-4.8	-1137	8.5	12.2	-3.7	0.0	-12.2	0.0	
0.27344	-5.0	-1138	8.4	12.2	-3.8	0.0	-12.2	0.0	
0.27734	-5.1	-1138	8.3	12.2	-3.9	0.0	-12.2	0.0	
0.28125	-4.9	-1138	8.4	12.2	-3.8	0.0	-12.2	0.0	
0.28516	-4.7	-1139	8.3	12.1	-3.8	0.0	-12.1	0.0	
0.28906	-4.5	-1139	8.3	12.1	-3.8	0.0	-12.1	0.0	
0.29297	-4.2	-1139	8.3	12.1	-3.8	0.0	-12.1	0.0	
0.29688	-3.9	-1139	8.2	12.1	-3.9	0.0	-12.1	0.0	
0.30078	-3.8	-1140	8.2	12.0	-3.8	0.0	-12.0	0.0	
0.30469	-3.7	-1140	8.2	11.9	-3.7	0.0	-11.9	0.0	
0.30859	-3.7	-1140	8.2	11.9	-3.7	0.0	-11.9	0.0	
0.31250	-3.8	-1140	8.2	11.9	-3.7	0.0	-11.9	0.0	
0.31641	-3.8	-1141	8.2	11.9	-3.7	0.0	-11.9	0.0	
0.32031	-3.7	-1141	8.2	11.8	-3.6	0.0	-11.8	0.0	
0.32422	-3.8	-1141	8.2	11.9	-3.7	0.0	-11.9	0.0	
0.32812	-3.9	-1141	8.2	11.8	-3.6	0.0	-11.8	0.0	
0.33203	-4.0	-1142	8.2	11.8	-3.6	0.0	-11.8	0.0	
0.33594	-4.1	-1142	8.3	11.8	-3.5	0.0	-11.8	0.0	
0.33984	-4.1	-1142	8.3	11.8	-3.5	0.0	-11.8	0.0	
0.34375	-4.0	-1142	8.3	11.8	-3.5	0.0	-11.8	0.0	
0.34766	-4.0	-1143	8.3	11.8	-3.5	0.0	-11.8	0.0	
0.35156	-4.1	-1143	8.4	11.8	-3.4	0.0	-11.8	0.0	
0.35547	-4.1	-1143	8.4	11.8	-3.4	0.0	-11.8	0.0	
0.35938	-4.1	-1144	8.5	11.7	-3.2	0.0	-11.7	0.0	
0.36328	-4.2	-1144	8.5	11.7	-3.2	0.0	-11.7	0.0	
0.36719	-4.0	-1144	8.5	11.7	-3.2	0.0	-11.7	0.0	
0.37109	-3.7	-1144	8.5	11.7	-3.2	0.0	-11.7	0.0	
0.37500	-3.7	-1145	8.5	11.7	-3.2	0.0	-11.7	0.0	
0.37891	-3.7	-1145	8.5	11.8	-3.3	0.0	-11.8	0.0	
0.38281	-3.5	-1145	8.5	11.7	-3.2	0.0	-11.7	0.0	
0.38672	-3.5	-1145	8.5	11.7	-3.2	0.0	-11.7	0.0	
0.39062	-3.6	-1145	8.5	11.7	-3.2	0.0	-11.7	0.0	
0.39453	-3.7	-1146	8.5	11.7	-3.2	0.0	-11.7	0.0	
0.39844	-3.9	-1146	8.4	11.7	-3.3	0.0	-11.7	0.0	
0.40234	-4.0	-1146	8.4	11.7	-3.3	0.0	-11.7	0.0	
0.40625	-3.9	-1146	8.5	11.7	-3.2	0.0	-11.7	0.0	
0.41016	-4.0	-1147	8.5	11.7	-3.2	0.0	-11.7	0.0	
0.41406	-4.2	-1147	8.5	11.7	-3.2	0.0	-11.7	0.0	
0.41797	-4.1	-1147	8.5	11.7	-3.2	0.0	-11.7	0.0	
0.42188	-4.0	-1148	8.4	11.7	-3.3	0.0	-11.7	0.0	
0.42578	-4.2	-1148	8.4	11.7	-3.3	0.0	-11.7	0.0	
0.42969	-4.3	-1148	8.4	11.7	-3.3	0.0	-11.7	0.0	
0.43359	-4.1	-1148	8.4	11.6	-3.2	0.0	-11.6	0.0	
0.43750	-4.0	-1149	8.4	11.7	-3.3	0.0	-11.7	0.0	
0.44141	-4.1	-1149	8.4	11.7	-3.3	0.0	-11.7	0.0	
0.44531	-4.3	-1149	8.4	11.7	-3.3	0.0	-11.7	0.0	
0.44922	-4.4	-1149	8.4	11.7	-3.3	0.0	-11.7	0.0	
0.45312	-4.3	-1150	8.4	11.7	-3.3	0.0	-11.7	0.0	
0.45703	-4.2	-1150	8.4	11.7	-3.3	0.0	-11.7	0.0	
0.46094	-4.1	-1150	8.4	11.7	-3.3	0.0	-11.7	0.0	
0.46484	-4.2	-1151	8.4	11.7	-3.3	0.0	-11.7	0.0	
0.46875	-4.3	-1151	8.4	11.7	-3.3	0.0	-11.7	0.0	
0.47266	-4.1	-1151	8.4	11.6	-3.2	0.0	-11.6	0.0	
0.47656	-4.1	-1151	8.4	11.7	-3.3	0.0	-11.7	0.0	
0.48047	-4.3	-1152	8.4	11.7	-3.3	0.0	-11.7	0.0	
0.48438	-4.4	-1152	8.4	11.7	-3.3	0.0	-11.7	0.0	
0.48828	-4.3	-1152	8.4	11.7	-3.3	0.0	-11.7	0.0	
0.49219	-4.2	-1152	8.4	11.7	-3.3	0.0	-11.7	0.0	
0.49609	-4.3	-1153	8.3	11.7	-3.4	0.0	-11.7	0.0	
0.50000	-4.3	-1153	8.3	11.7	-3.4	0.0	-11.7	0.0	
0.50391	-4.4	-1153	8.4	11.7	-3.3	0.0	-11.7	0.0	
0.50781	-4.4	-1154	8.4	11.8	-3.4	0.0	-11.8	0.0	
0.51172	-4.4	-1154	8.3	11.7	-3.4	0.0	-11.7	0.0	
0.51562	-4.2	-1154	8.3	11.7	-3.4	0.0	-11.7	0.0	
0.51953	-4.2	-1154	8.4	11.7	-3.3	0.0	-11.7	0.0	
0.52344	-4.2	-1155	8.3	11.7	-3.4	0.0	-11.7	0.0	
0.52734	-4.3	-1155	8.3	11.7	-3.4	0.0	-11.7	0.0	
0.53125	-4.3	-1155	8.4	11.7	-3.3	0.0	-11.7	0.0	
0.53516	-4.2	-1156	8.3	11.7	-3.4	0.0	-11.7	0.0	
0.53906	-4.0	-1156	8.3	11.7	-3.4	0.0	-11.7	0.0	
0.54297	-3.8	-1156	8.3	11.8	-3.5	0.0	-11.8	0.0	
0.54688	-3.8	-1156	8.3	11.8	-3.5	0.0	-11.8	0.0	
0.55078	-3.7	-1157	8.3	11.8	-3.5	0.0	-11.8	0.0	
0.55469	-3.7	-1157	8.3	11.8	-3.5	0.0	-11.8	0.0	
0.55859	-3.7	-1157	8.3	11.7	-3.4	0.0	-11.7	0.0	
0.56250	-3.7	-1157	8.2	11.7	-3.5	0.0	-11.7	0.0	
0.56641	-3.8	-1158	8.3	11.7	-3.4	0.0	-11.7	0.0	
0.57031	-3.7	-1158	8.3	11.7	-3.4	0.0	-11.7	0.0	
0.57422	-3.5	-1158	8.3	11.7	-3.4	0.0	-11.7	0.0	
0.57812	-3.4	-1158	8.3	11.7	-3.4	0.0	-11.7	0.0	
0.58203	-3.5	-1158	8.3	11.7	-3.4	0.0	-11.7	0.0	
0.58594	-3.5	-1159	8.3	11.7	-3.4	0.0	-11.7	0.0	
0.58984	-3.4	-1159	8.3	11.7	-3.4	0.0	-11.7	0.0	
0.59375	-3.4	-1159	8.3	11.7	-3.4	0.0	-11.7	0.0	
0.59766	-3.5	-1159	8.3	11.7	-3.4	0.0	-11.7	0.0	
0.60156	-3.5	-1160	8.3	11.7	-3.4	0.0	-11.7	0.0	
0.60547	-3.5	-1160	8.3	11.7	-3.4	0.0	-11.7	0.0	
0.60938	-3.6	-1160	8.3	11.7	-3.4	0.0	-11.7	0.0	
0.61328	-3.7	-1160	8.3	11.7	-3.4	0.0	-11.7	0.0	
0.61719	-3.6	-1160	8.3	11.7	-3.4	0.0	-11.7	0.0	
0.62109	-3.7	-1161	8.3	11.7	-3.4	0.0	-11.7	0.0	
0.62500	-3.6	-1161	8.4	11.7	-3.3	0.0	-11.7	0.0	
0.62891	-3.4	-1161	8.4	11.7	-3.3	0.0	-11.7	0.0	
0.63281	-3.6	-1161	8.4	11.7	-3.3	0.0	-11.7	0.0	
0.63672	-3.9	-1162	8.4	11.7	-3.3	0.0	-11.7	0.0	
0.64062	-3.8	-1162	8.4	11.7	-3.3	0.0	-11.7	0.0	
0.64453	-3.9	-1162	8.4	11.7	-3.3	0.0	-11.7	0.0	
0.64844	-4.0	-1162	8.4	11.7	-3.3	0.0	-11.7	0.0	
0.65234	-3.9	-1163	8.4	11.7	-3.3	0.0	-11.7	0.0	
0.65625	-3.8	-1163	8.5	11.7	-3.2	0.0	-11.7	0.0	
0.66016	-3.7	-1163	8.4	11.7	-3.3	0.0	-11.7	0.0	
0.66406	-3.8	-1163	8.4	11.7	-3.3	0.0	-11.7	0.0	
0.66797	-3.9	-1164	8.5	11.7	-3.2	0.0	-11.7	0.0	
0.67188	-4.0	-1164	8.5	11.7	-3.2	0.0	-11.7	0.0	
0.67578	-3.9	-1164	8.4	11.7	-3.3	0.0	-11.7	0.0	
0.67969	-3.8	-1164	8.5	11.7	-3.2	0.0	-11.7	0.0	
0.68359	-3.7	-1165	8.5	11.8	-3.3	0.0	-11.8	0.0	
0.68750	-3.9	-1165	8.5	11.8	-3.3	0.0	-11.8	0.0	
0.69141	-4.0	-1165	8.5	11.8	-3.3	0.0	-11.8	0.0	
0.69531	-4.0	-1165	8.5	11.8	-3.3	0.0	-11.8	0.0	
0.69922	-4.1	-1166	8.5	11.8	-3.3	0.0	-11.8	0.0	
0.70312	-4.0	-1166	8.5	11.8	-3.3	0.0	-11.8	0.0	
0.70703	-3.9	-1166	8.5	11.8	-3.3	0.0	-11.8	0.0	
0.71094	-4.0	-1167	8.5	11.9	-3.4	0.0	-11.9	0.0	
0.71484	-4.1	-1167	8.5	11.9	-3.4	0.0	-11.9	0.0	
0.71875	-4.2	-1167	8.5	11.9	-3.4	0.0	-11.9	0.0	
0.72266	-4.3	-1167	8.4	12.0	-3.6	0.0	-12.0	0.0	
0.72656	-4.1	-1168	8.5	12.0	-3.5	0.0	-12.0	0.0	
0.73047	-4.0	-1168	8.5	12.0	-3.5	0.0	-12.0	0.0	
0.73438	-4.1	-1168	8.5	12.0	-3.5	0.0	-12.0	0.0	
0.73828	-4.1	-1168	8.4	12.0	-3.6	0.0	-12.0	0.0	
0.74219	-4.2	-1169	8.4	12.0	-3.6	0.0	-12.0	0.0	
0.74609	-4.4	-1169	8.4	12.1	-3.7	0.0	-12.1	0.0	
0.75000	-4.3	-1169	8.4	12.1	-3.7	0.0	-12.1	0.0	
0.75391	-4.2	-1169	8.4	12.1	-3.7	0.0	-12.1	0.0	
0.75781	-4.0	-1170	8.4	12.1	-3.7	0.0	-12.1	0.0	
0.76172	-4.0	-1170	8.4	12.2	-3.8	0.0	-12.2	0.0	
0.76562	-3.9	-1170	8.4	12.2	-3.8	0.0	-12.2	0.0	
0.76953	-3.8	-1171	8.4	12.2	-3.8	0.0	-12.2	0.0	
0.77344	-4.1	-1171	8.3	12.2	-3.9	0.0	-12.2	0.0	
0.77734	-4.1	-1171	8.3	12.2	-3.9	0.0	-12.2	0.0	
0.78125	-3.8	-1171	8.3	12.2	-3.9	0.0	-12.2	0.0	
0.78516	-3.7	-1172	8.2	12.3	-4.1	0.0	-12.3	0.0	
0.78906	-3.6	-1172	8.3	12.3	-4.0	0.0	-12.3	0.0	
0.79297	-3.3	-1172	8.2	12.2	-4.0	0.0	-12.2	0.0	
0.79688	-3.3	-1172	8.2	12.2	-4.0	0.0	-12.2	0.0	
0.80078	-3.2	-1172	8.2	12.2	-4.0	0.0	-12.2	0.0	
0.80469	-2.7	-1173	8.1	12.1	-4.0	0.0	-12.1	0.0	
0.80859	-2.5	-1173	8.1	12.1	-4.0	0.0	-12.1	0.0	
0.81250	-2.5	-1173	8.1	12.1	-4.0	0.0	-12.1	0.0	
0.81641	-2.5	-1173	8.1	12.0	-3.9	0.0	-12.0	0.0	
0.82031	-2.4	-1173	8.1	12.0	-3.9	0.0	-12.0	0.0	
0.82422	-2.6	-1173	8.0	12.1	-4.1	0.0	-12.1	0.0	
0.82812	-2.6	-1174	8.0	12.0	-4.0	0.0	-12.0	0.0	
0.83203	-2.5	-1174	8.1	12.0	-3.9	0.0	-12.0	0.0	
0.83594	-2.6	-1174	8.1	12.0	-3.9	0.0	-12.0	0.0	
0.83984	-2.7	-1174	8.2	12.0	-3.8	0.0	-12.0	0.0	
0.84375	-2.6	-1174	8.1	11.9	-3.8	0.0	-11.9	0.0	
0.84766	-2.7	-1174	8.2	11.9	-3.7	0.0	-11.9	0.0	
0.85156	-2.7	-1175	8.2	11.8	-3.6	0.0	-11.8	0.0	
0.85547	-2.7	-1175	8.2	11.8	-3.6	0.0	-11.8	0.0	
0.85938	-2.8	-1175	8.3	11.9	-3.6	0.0	-11.9	0.0	
0.86328	-3.0	-1175	8.3	11.8	-3.5	0.0	-11.8	0.0	
0.86719	-2.7	-1175	8.3	11.8	-3.5	0.0	-11.8	0.0	
0.87109	-2.6	-1176	8.3	11.8	-3.5	0.0	-11.8	0.0	
0.87500	-2.8	-1176	8.3	11.8	-3.5	0.0	-11.8	0.0	
0.87891	-2.5	-1176	8.4	11.7	-3.3	0.0	-11.7	0.0	
0.88281	-2.2	-1176	8.4	11.7	-3.3	0.0	-11.7	0.0	
0.88672	-2.3	-1176	8.4	11.7	-3.3	0.0	-11.7	0.0	
0.89062	-2.1	-1176	8.4	11.7	-3.3	0.0	-11.7	0.0	
0.89453	-1.9	-1176	8.5	11.7	-3.2	0.0	-11.7	0.0	
0.89844	-2.1	-1177	8.5	11.7	-3.2	0.0	-11.7	0.0	
0.90234	-2.1	-1177	8.4	11.7	-3.3	0.0	-11.7	0.0	
0.90625	-1.9	-1177	8.5	11.7	-3.2	0.0	-11.7	0.0	
0.91016	-1.9	-1177	8.5	11.7	-3.2	0.0	-11.7	0.0	
0.91406	-1.9	-1177	8.5	11.6	-3.1	0.0	-11.6	0.0	
0.91797	-1.8	-1177	8.5	11.7	-3.2	0.0	-11.7	0.0	
0.92188	-1.7	-1177	8.5	11.7	-3.2	0.0	-11.7	0.0	
0.92578	-1.8	-1177	8.4	11.6	-3.2	0.0	-11.6	0.0	
0.92969	-1.7	-1178	8.5	11.6	-3.1	0.0	-11.6	0.0	
0.93359	-1.6	-1178	8.5	11.6	-3.1	0.0	-11.6	0.0	
0.93750	-1.8	-1178	8.5	11.6	-3.1	0.0	-11.6	0.0	
0.94141	-1.7	-1178	8.5	11.6	-3.1	0.0	-11.6	0.0	
0.94531	-1.6	-1178	8.5	11.6	-3.1	0.0	-11.6	0.0	
0.94922	-1.6	-1178	8.5	11.6	-3.1	0.0	-11.6	0.0	
0.95312	-1.6	-1178	8.5	11.6	-3.1	0.0	-11.6	0.0	
0.95703	-1.5	-1178	8.5	11.6	-3.1	0.0	-11.6	0.0	
0.96094	-1.6	-1178	8.5	11.5	-3.0	0.0	-11.5	0.0	
0.96484	-1.6	-1178	8.5	11.5	-3.0	0.0	-11.5	0.0	
0.96875	-1.6	-1179	8.5	11.5	-3.0	0.0	-11.5	0.0	
0.97266	-1.6	-1179	8.5	11.6	-3.1	0.0	-11.6	0.0	
0.97656	-1.6	-1179	8.4	11.6	-3.2	0.0	-11.6	0.0	
0.98047	-1.5	-1179	8.5	11.5	-3.0	0.0	-11.5	0.0	
0.98438	-1.5	-1179	8.5	11.6	-3.1	0.0	-11.6	0.0	
0.98828	-1.6	-1179	8.5	11.5	-3.0	0.0	-11.5	0.0	
0.99219	-1.6	-1179	8.5	11.5	-3.0	0.0	-11.5	0.0	
0.99609	-1.6	-1179	8.5	11.5	-3.0	0.0	-11.5	0.0	
1.00000	-1.6	-1179	8.5	11.5	-3.0	0.0	-11.5	0.0	
1.00391	-1.6	-1179	8.5	11.5	-3.0	0.0	-11.5	0.0	
1.00781	-1.5	-1180	8.5	11.5	-3.0	0.0	-11.5	0.0	
1.01172	-1.7	-1180	8.5	11.5	-3.0	0.0	-11.5	0.0	
1.01562	-1.8	-1180	8.5	11.5	-3.0	0.0	-11.5	0.0	
1.01953	-1.5	-1180	8.5	11.6	-3.1	0.0	-11.6	0.0	
1.02344	-1.5	-1180	8.4	11.5	-3.1	0.0	-11.5	0.0	
1.02734	-1.5	-1180	8.5	11.5	-3.0	0.0	-11.5	0.0	
1.03125	-1.3	-1180	8.5	11.6	-3.1	0.0	-11.6	0.0	
1.03516	-1.2	-1180	8.5	11.6	-3.1	0.0	-11.6	0.0	
1.03906	-1.4	-1180	8.5	11.6	-3.1	0.0	-11.6	0.0	
1.04297	-1.4	-1180	8.5	11.6	-3.1	0.0	-11.6	0.0	
1.04688	-1.3	-1181	8.5	11.5	-3.0	0.0	-11.5	0.0	
1.05078	-1.3	-1181	8.4	11.5	-3.1	0.0	-11.5	0.0	
1.05469	-1.2	-1181	8.4	11.5	-3.1	0.0	-11.5	0.0	
1.05859	-1.2	-1181	8.5	11.5	-3.0	0.0	-11.5	0.0	
1.06250	-1.2	-1181	8.4	11.5	-3.1	0.0	-11.5	0.0	
1.06641	-1.2	-1181	8.4	11.5	-3.1	0.0	-11.5	0.0	
1.07031	-1.1	-1181	8.4	11.5	-3.1	0.0	-11.5	0.0	
1.07422	-1.2	-1181	8.4	11.5	-3.1	0.0	-11.5	0.0	
1.07812	-1.3	-1181	8.4	11.5	-3.1	0.0	-11.5	0.0	
1.08203	-1.2	-1181	8.4	11.5	-3.1	0.0	-11.5	0.0	
1.08594	-1.3	-1181	8.4	11.5	-3.1	0.0	-11.5	0.0	
1.08984	-1.4	-1181	8.3	11.5	-3.2	0.0	-11.5	0.0	
1.09375	-1.2	-1181	8.3	11.4	-3.1	0.0	-11.4	0.0	
1.09766	-1.3	-1182	8.4	11.4	-3.0	0.0	-11.4	0.0	
1.10156	-1.5	-1182	8.4	11.4	-3.0	0.0	-11.4	0.0	
1.10547	-1.4	-1182	8.4	11.4	-3.0	0.0	-11.4	0.0	
1.10938	-1.4	-1182	8.4	11.4	-3.0	0.0	-11.4	0.0	
1.11328	-1.5	-1182	8.4	11.4	-3.0	0.0	-11.4	0.0	
1.11719	-1.5	-1182	8.4	11.4	-3.0	0.0	-11.4	0.0	
1.12109	-1.5	-1182	8.4	11.4	-3.0	0.0	-11.4	0.0	
1.12500	-1.5	-1182	8.4	11.4	-3.0	0.0	-11.4	0.0	
1.12891	-1.5	-1182	8.4	11.4	-3.0	0.0	-11.4	0.0	
1.13281	-1.5	-1182	8.4	11.4	-3.0	0.0	-11.4	0.0	
1.13672	-1.7	-1183	8.4	11.4	-3.0	0.0	-11.4	0.0	
1.14062	-1.8	-1183	8.4	11.4	-3.0	0.0	-11.4	0.0	
1.14453	-1.8	-1183	8.5	11.4	-2.9	0.0	-11.4	0.0	
1.14844	-1.8	-1183	8.5	11.4	-2.9	0.0	-11.4	0.0	
1.15234	-1.9	-1183	8.5	11.4	-2.9	0.0	-11.4	0.0	
1.15625	-1.7	-1183	8.5	11.4	-2.9	0.0	-11.4	0.0	
1.16016	-1.9	-1183	8.5	11.4	-2.9	0.0	-11.4	0.0	
1.16406	-2.0	-1183	8.5	11.4	-2.9	0.0	-11.4	0.0	
1.16797	-1.7	-1184	8.6	11.4	-2.8	0.0	-11.4	0.0	
1.17188	-1.7	-1184	8.6	11.4	-2.8	0.0	-11.4	0.0	
1.17578	-1.8	-1184	8.6	11.4	-2.8	0.0	-11.4	0.0	
1.17969	-1.6	-1184	8.6	11.4	-2.8	0.0	-11.4	0.0	
1.18359	-1.8	-1184	8.6	11.4	-2.8	0.0	-11.4	0.0	
1.18750	-1.9	-1184	8.6	11.4	-2.8	0.0	-11.4	0.0	
1.19141	-1.7	-1184	8.6	11.4	-2.8	0.0	-11.4	0.0	
1.19531	-1.7	-1184	8.6	11.4	-2.8	0.0	-11.4	0.0	
1.19922	-1.7	-1184	8.6	11.5	-2.9	0.0	-11.5	0.0	
1.20312	-1.7	-1185	8.6	11.5	-2.9	0.0	-11.5	0.0	
1.20703	-1.6	-1185	8.5	11.4	-2.9	0.0	-11.4	0.0	
1.21094	-1.7	-1185	8.5	11.4	-2.9	0.0	-11.4	0.0	
1.21484	-1.9	-1185	8.5	11.5	-3.0	0.0	-11.5	0.0	
1.21875	-1.8	-1185	8.5	11.5	-3.0	0.0	-11.5	0.0	
1.22266	-1.8	-1185	8.6	11.5	-2.9	0.0	-11.5	0.0	
1.22656	-1.9	-1185	8.6	11.5	-2.9	0.0	-11.5	0.0	
1.23047	-1.7	-1185	8.5	11.6	-3.1	0.0	-11.6	0.0	
1.23438	-1.6	-1185	8.5	11.6	-3.1	0.0	-11.6	0.0	
1.23828	-1.7	-1186	8.5	11.6	-3.1	0.0	-11.6	0.0	
1.24219	-1.8	-1186	8.5	11.6	-3.1	0.0	-11.6	0.0	
1.24609	-1.8	-1186	8.5	11.7	-3.2	0.0	-11.7	0.0	
1.25000	-1.9	-1186	8.4	11.7	-3.3	0.0	-11.7	0.0	
1.25391	-1.8	-1186	8.5	11.7	-3.2	0.0	-11.7	0.0	
1.25781	-1.6	-1186	8.5	11.7	-3.2	0.0	-11.7	0.0	
1.26172	-1.7	-1186	8.4	11.7	-3.3	0.0	-11.7	0.0	
1.26562	-1.8	-1186	8.4	11.7	-3.3	0.0	-11.7	0.0	
1.26953	-1.6	-1186	8.4	11.7	-3.3	0.0	-11.7	0.0	
1.27344	-1.8	-1187	8.4	11.7	-3.3	0.0	-11.7	0.0	
1.27734	-1.9	-1187	8.4	11.8	-3.4	0.0	-11.8	0.0	
1.28125	-1.8	-1187	8.4	11.8	-3.4	0.0	-11.8	0.0	
1.28516	-1.8	-1187	8.3	11.8	-3.5	0.0	-11.8	0.0	
1.28906	-1.8	-1187	8.3	11.8	-3.5	0.0	-11.8	0.0	
1.29297	-1.5	-1187	8.3	11.8	-3.5	0.0	-11.8	0.0	
1.29688	-1.4	-1187	8.3	11.8	-3.5	0.0	-11.8	0.0	
1.30078	-1.4	-1187	8.2	11.8	-3.6	0.0	-11.8	0.0	
1.30469	-1.1	-1187	8.2	11.7	-3.5	0.0	-11.7	0.0	
1.30859	-1.1	-1187	8.2	11.7	-3.5	0.0	-11.7	0.0	
1.31250	-1.1	-1188	8.1	11.7	-3.6	0.0	-11.7	0.0	
1.31641	-1.0	-1188	8.1	11.7	-3.6	0.0	-11.7	0.0	
1.32031	-1.0	-1188	8.1	11.6	-3.5	0.0	-11.6	0.0	
1.32422	-1.2	-1188	8.1	11.6	-3.5	0.0	-11.6	0.0	
1.32812	-1.2	-1188	8.1	11.5	-3.4	0.0	-11.5	0.0	
1.33203	-1.1	-1188	8.1	11.6	-3.5	0.0	-11.6	0.0	
1.33594	-1.2	-1188	8.1	11.6	-3.5	0.0	-11.6	0.0	
1.33984	-1.2	-1188	8.1	11.5	-3.4	0.0	-11.5	0.0	
1.34375	-1.1	-1188	8.1	11.5	-3.4	0.0	-11.5	0.0	
1.34766	-1.2	-1188	8.1	11.4	-3.3	0.0	-11.4	0.0	
1.35156	-1.4	-1188	8.1	11.4	-3.3	0.0	-11.4	0.0	
1.35547	-1.4	-1188	8.1	11.4	-3.3	0.0	-11.4	0.0	
1.35938	-1.6	-1188	8.1	11.3	-3.2	0.0	-11.3	0.0	
1.36328	-1.8	-1189	8.1	11.3	-3.2	0.0	-11.3	0.0	
1.36719	-1.6	-1189	8.2	11.3	-3.1	0.0	-11.3	0.0	
1.37109	-1.6	-1189	8.2	11.3	-3.1	0.0	-11.3	0.0	
1.37500	-1.7	-1189	8.2	11.3	-3.1	0.0	-11.3	0.0	
1.37891	-1.7	-1189	8.2	11.3	-3.1	0.0	-11.3	0.0	
1.38281	-1.7	-1189	8.3	11.3	-3.0	0.0	-11.3	0.0	
1.38672	-1.8	-1189	8.2	11.2	-3.0	0.0	-11.2	0.0	
1.39062	-1.6	-1189	8.2	11.2	-3.0	0.0	-11.2	0.0	
1.39453	-1.3	-1189	8.3	11.2	-2.9	0.0	-11.2	0.0	
1.39844	-1.4	-1190	8.2	11.2	-3.0	0.0	-11.2	0.0	
1.40234	-1.5	-1190	8.2	11.2	-3.0	0.0	-11.2	0.0	
1.40625	-1.3	-1190	8.3	11.2	-2.9	0.0	-11.2	0.0	
1.41016	-1.2	-1190	8.2	11.2	-3.0	0.0	-11.2	0.0	
1.41406	-1.4	-1190	8.2	11.2	-3.0	0.0	-11.2	0.0	
1.41797	-1.4	-1190	8.3	11.2	-2.9	0.0	-11.2	0.0	
1.42188	-1.3	-1190	8.3	11.1	-2.8	0.0	-11.1	0.0	
1.42578	-1.4	-1190	8.2	11.2	-3.0	0.0	-11.2	0.0	
1.42969	-1.3	-1190	8.2	11.2	-3.0	0.0	-11.2	0.0	
1.43359	-1.1	-1190	8.2	11.2	-3.0	0.0	-11.2	0.0	
1.43750	-1.2	-1190	8.2	11.2	-3.0	0.0	-11.2	0.0	
1.44141	-1.3	-1190	8.2	11.1	-2.9	0.0	-11.1	0.0	
1.44531	-1.2	-1191	8.2	11.1	-2.9	0.0	-11.1	0.0	
1.44922	-1.3	-1191	8.2	11.1	-2.9	0.0	-11.1	0.0	
1.45312	-1.3	-1191	8.2	11.1	-2.9	0.0	-11.1	0.0	
1.45703	-1.2	-1191	8.2	11.1	-2.9	0.0	-11.1	0.0	
1.46094	-1.2	-1191	8.2	11.1	-2.9	0.0	-11.1	0.0	
1.46484	-1.3	-1191	8.2	11.1	-2.9	0.0	-11.1	0.0	
1.46875	-1.4	-1191	8.2	11.1	-2.9	0.0	-11.1	0.0	
1.47266	-1.4	-1191	8.1	11.1	-3.0	0.0	-11.1	0.0	
1.47656	-1.2	-1191	8.1	11.1	-3.0	0.0	-11.1	0.0	
1.48047	-1.1	-1191	8.2	11.1	-2.9	0.0	-11.1	0.0	
1.48438	-1.2	-1191	8.1	11.1	-3.0	0.0	-11.1	0.0	
1.48828	-1.4	-1191	8.1	11.1	-3.0	0.0	-11.1	0.0	
1.49219	-1.2	-1192	8.2	11.1	-2.9	0.0	-11.1	0.0	
1.49609	-1.2	-1192	8.1	11.1	-3.0	0.0	-11.1	0.0	
1.50000	-1.5	-1192	8.2	11.1	-2.9	0.0	-11.1	0.0	
1.50391	-1.5	-1192	8.2	11.1	-2.9	0.0	-11.1	0.0	
1.50781	-1.4	-1192	8.2	11.1	-2.9	0.0	-11.1	0.0	
1.51172	-1.5	-1192	8.2	11.1	-2.9	0.0	-11.1	0.0	
1.51562	-1.6	-1192	8.2	11.1	-2.9	0.0	-11.1	0.0	
1.51953	-1.5	-1192	8.2	11.1	-2.9	0.0	-11.1	0.0	
1.52344	-1.5	-1192	8.2	11.1	-2.9	0.0	-11.1	0.0	
1.52734	-1.5	-1192	8.2	11.0	-2.8	0.0	-11.0	0.0	
1.53125	-1.3	-1192	8.2	11.1	-2.9	0.0	-11.1	0.0	
1.53516	-1.3	-1193	8.2	11.1	-2.9	0.0	-11.1	0.0	
1.53906	-1.5	-1193	8.2	11.1	-2.9	0.0	-11.1	0.0	
1.54297	-1.4	-1193	8.2	11.1	-2.9	0.0	-11.1	0.0	
1.54688	-1.3	-1193	8.2	11.1	-2.9	0.0	-11.1	0.0	
1.55078	-1.3	-1193	8.2	11.0	-2.8	0.0	-11.0	0.0	
1.55469	-1.2	-1193	8.2	11.0	-2.8	0.0	-11.0	0.0	
1.55859	-1.0	-1193	8.2	11.0	-2.8	0.0	-11.0	0.0	
1.56250	-1.2	-1193	8.1	11.0	-2.9	0.0	-11.0	0.0	
1.56641	-1.2	-1193	8.2	11.0	-2.8	0.0	-11.0	0.0	
1.57031	-1.2	-1193	8.2	11.0	-2.8	0.0	-11.0	0.0	
1.57422	-1.2	-1193	8.1	11.0	-2.9	0.0	-11.0	0.0	
1.57812	-1.2	-1193	8.1	11.0	-2.9	0.0	-11.0	0.0	
1.58203	-1.1	-1194	8.1	11.0	-2.9	0.0	-11.0	0.0	
1.58594	-1.2	-1194	8.1	11.0	-2.9	0.0	-11.0	0.0	
1.58984	-1.2	-1194	8.1	10.9	-2.8	0.0	-10.9	0.0	
1.59375	-1.2	-1194	8.1	10.9	-2.8	0.0	-10.9	0.0	
1.59766	-1.3	-1194	8.1	11.0	-2.9	0.0	-11.0	0.0	
1.60156	-1.4	-1194	8.1	11.0	-2.9	0.0	-11.0	0.0	
1.60547	-1.2	-1194	8.1	11.0	-2.9	0.0	-11.0	0.0	
1.60938	-1.1	-1194	8.1	11.0	-2.9	0.0	-11.0	0.0	
1.61328	-1.4	-1194	8.1	10.9	-2.8	0.0	-10.9	0.0	
1.61719	-1.4	-1194	8.2	10.9	-2.7	0.0	-10.9	0.0	
1.62109	-1.4	-1194	8.2	10.9	-2.7	0.0	-10.9	0.0	
1.62500	-1.5	-1194	8.1	10.9	-2.8	0.0	-10.9	0.0	
1.62891	-1.4	-1195	8.1	10.9	-2.8	0.0	-10.9	0.0	
1.63281	-1.3	-1195	8.2	10.9	-2.7	0.0	-10.9	0.0	
1.63672	-1.4	-1195	8.2	10.9	-2.7	0.0	-10.9	0.0	
1.64062	-1.5	-1195	8.2	10.9	-2.7	0.0	-10.9	0.0	
1.64453	-1.6	-1195	8.2	10.9	-2.7	0.0	-10.9	0.0	
1.64844	-1.7	-1195	8.3	10.9	-2.6	0.0	-10.9	0.0	
1.65234	-1.7	-1195	8.2	11.0	-2.8	0.0	-11.0	0.0	
1.65625	-1.6	-1195	8.3	10.9	-2.6	0.0	-10.9	0.0	
1.66016	-1.5	-1195	8.3	10.9	-2.6	0.0	-10.9	0.0	
1.66406	-1.6	-1195	8.3	11.0	-2.7	0.0	-11.0	0.0	
1.66797	-1.7	-1196	8.3	11.0	-2.7	0.0	-11.0	0.0	
1.67188	-1.7	-1196	8.3	11.0	-2.7	0.0	-11.0	0.0	
1.67578	-1.9	-1196	8.3	10.9	-2.6	0.0	-10.9	0.0	
1.67969	-1.8	-1196	8.4	11.0	-2.6	0.0	-11.0	0.0	
1.68359	-1.6	-1196	8.4	11.0	-2.6	0.0	-11.0	0.0	
1.68750	-1.6	-1196	8.4	11.0	-2.6	0.0	-11.0	0.0	
1.69141	-1.7	-1196	8.4	11.0	-2.6	0.0	-11.0	0.0	
1.69531	-1.6	-1196	8.4	11.1	-2.7	0.0	-11.1	0.0	
1.69922	-1.7	-1196	8.4	11.0	-2.6	0.0	-11.0	0.0	
1.70312	-1.8	-1197	8.4	11.1	-2.7	0.0	-11.1	0.0	
1.70703	-1.6	-1197	8.4	11.1	-2.7	0.0	-11.1	0.0	
1.71094	-1.6	-1197	8.4	11.1	-2.7	0.0	-11.1	0.0	
1.71484	-1.7	-1197	8.4	11.1	-2.7	0.0	-11.1	0.0	
1.71875	-1.7	-1197	8.4	11.1	-2.7	0.0	-11.1	0.0	
1.72266	-1.8	-1197	8.4	11.2	-2.8	0.0	-11.2	0.0	
1.72656	-1.9	-1197	8.4	11.2	-2.8	0.0	-11.2	0.0	
1.73047	-1.7	-1197	8.4	11.2	-2.8	0.0	-11.2	0.0	
1.73438	-1.7	-1197	8.4	11.2	-2.8	0.0	-11.2	0.0	
1.73828	-1.8	-1198	8.4	11.2	-2.8	0.0	-11.2	0.0	
1.74219	-1.7	-1198	8.4	11.3	-2.9	0.0	-11.3	0.0	
1.74609	-1.7	-1198	8.3	11.3	-3.0	0.0	-11.3	0.0	
1.75000	-1.9	-1198	8.4	11.3	-2.9	0.0	-11.3	0.0	
1.75391	-1.8	-1198	8.4	11.3	-2.9	0.0	-11.3	0.0	
1.75781	-1.6	-1198	8.4	11.4	-3.0	0.0	-11.4	0.0	
1.76172	-1.7	-1198	8.4	11.3	-2.9	0.0	-11.3	0.0	
1.76562	-1.8	-1198	8.4	11.4	-3.0	0.0	-11.4	0.0	
1.76953	-1.7	-1198	8.3	11.4	-3.1	0.0	-11.4	0.0	
1.77344	-1.8	-1199	8.4	11.4	-3.0	0.0	-11.4	0.0	
1.77734	-1.9	-1199	8.4	11.5	-3.1	0.0	-11.5	0.0	
1.78125	-1.8	-1199	8.4	11.5	-3.1	0.0	-11.5	0.0	
1.78516	-1.7	-1199	8.4	11.4	-3.0	0.0	-11.4	0.0	
1.78906	-1.7	-1199	8.3	11.5	-3.2	0.0	-11.5	0.0	
1.79297	-1.6	-1199	8.3	11.5	-3.2	0.0	-11.5	0.0	
1.79688	-1.6	-1199	8.3	11.5	-3.2	0.0	-11.5	0.0	
1.80078	-1.5	-1199	8.3	11.5	-3.2	0.0	-11.5	0.0	
1.80469	-1.3	-1199	8.3	11.5	-3.2	0.0	-11.5	0.0	
1.80859	-1.2	-1200	8.2	11.5	-3.3	0.0	-11.5	0.0	
1.81250	-1.2	-1200	8.2	11.4	-3.2	0.0	-11.4	0.0	
1.81641	-1.1	-1200	8.2	11.4	-3.2	0.0	-11.4	0.0	
1.82031	-1.0	-1200	8.2	11.4	-3.2	0.0	-11.4	0.0	
1.82422	-1.0	-1200	8.1	11.3	-3.2	0.0	-11.3	0.0	
1.82812	-1.1	-1200	8.1	11.3	-3.2	0.0	-11.3	0.0	
1.83203	-1.1	-1200	8.1	11.3	-3.2	0.0	-11.3	0.0	
1.83594	-1.1	-1200	8.1	11.3	-3.2	0.0	-11.3	0.0	
1.83984	-1.2	-1200	8.0	11.3	-3.3	0.0	-11.3	0.0	
1.84375	-1.2	-1200	8.1	11.3	-3.2	0.0	-11.3	0.0	
1.84766	-1.3	-1200	8.1	11.3	-3.2	0.0	-11.3	0.0	
1.85156	-1.4	-1200	8.1	11.3	-3.2	0.0	-11.3	0.0	
1.85547	-1.5	-1200	8.1	11.3	-3.2	0.0	-11.3	0.0	
1.85938	-1.6	-1201	8.1	11.2	-3.1	0.0	-11.2	0.0	
1.86328	-1.7	-1201	8.1	11.2	-3.1	0.0	-11.2	0.0	
1.86719	-1.7	-1201	8.2	11.2	-3.0	0.0	-11.2	0.0	
1.87109	-1.8	-1201	8.2	11.2	-3.0	0.0	-11.2	0.0	
1.87500	-1.8	-1201	8.1	11.2	-3.1	0.0	-11.2	0.0	
1.87891	-1.7	-1201	8.2	11.2	-3.0	0.0	-11.2	0.0	
1.88281	-1.7	-1201	8.2	11.2	-3.0	0.0	-11.2	0.0	
1.88672	-1.9	-1201	8.2	11.2	-3.0	0.0	-11.2	0.0	
1.89062	-1.7	-1201	8.2	11.2	-3.0	0.0	-11.2	0.0	
1.89453	-1.5	-1202	8.2	11.2	-3.0	0.0	-11.2	0.0	
1.89844	-1.6	-1202	8.2	11.2	-3.0	0.0	-11.2	0.0	
1.90234	-1.6	-1202	8.3	11.2	-2.9	0.0	-11.2	0.0	
1.90625	-1.5	-1202	8.3	11.2	-2.9	0.0	-11.2	0.0	
1.91016	-1.6	-1202	8.2	11.2	-3.0	0.0	-11.2	0.0	
1.91406	-1.7	-1202	8.3	11.2	-2.9	0.0	-11.2	0.0	
1.91797	-1.4	-1202	8.3	11.1	-2.8	0.0	-11.1	0.0	
1.92188	-1.3	-1202	8.3	11.2	-2.9	0.0	-11.2	0.0	
1.92578	-1.3	-1202	8.3	11.2	-2.9	0.0	-11.2	0.0	
1.92969	-1.3	-1202	8.3	11.1	-2.8	0.0	-11.1	0.0	
1.93359	-1.4	-1203	8.3	11.2	-2.9	0.0	-11.2	0.0	
1.93750	-1.6	-1203	8.3	11.2	-2.9	0.0	-11.2	0.0	
1.94141	-1.4	-1203	8.3	11.1	-2.8	0.0	-11.1	0.0	
1.94531	-1.3	-1203	8.3	11.2	-2.9	0.0	-11.2	0.0	
1.94922	-1.4	-1203	8.2	11.2	-3.0	0.0	-11.2	0.0	
1.95312	-1.3	-1203	8.2	11.2	-3.0	0.0	-11.2	0.0	
1.95703	-1.3	-1203	8.2	11.2	-3.0	0.0	-11.2	0.0	
1.96094	-1.4	-1203	8.2	11.2	-3.0	0.0	-11.2	0.0	
1.96484	-1.5	-1203	8.2	11.2	-3.0	0.0	-11.2	0.0	
1.96875	-1.4	-1203	8.2	11.2	-3.0	0.0	-11.2	0.0	
1.97266	-1.3	-1203	8.2	11.1	-2.9	0.0	-11.1	0.0	
1.97656	-1.4	-1204	8.1	11.1	-3.0	0.0	-11.1	0.0	
1.98047	-1.4	-1204	8.2	11.1	-2.9	0.0	-11.1	0.0	
1.98438	-1.2	-1204	8.2	11.1	-2.9	0.0	-11.1	0.0	
1.98828	-1.3	-1204	8.1	11.2	-3.1	0.0	-11.2	0.0	
1.99219	-1.3	-1204	8.1	11.1	-3.0	0.0	-11.1	0.0	
1.99609	-1.4	-1204	8.2	11.1	-2.9	0.0	-11.1	0.0	
2.00000	-1.3	-1204	8.1	11.1	-3.0	0.0	-11.1	0.0	
2.00391	-1.2	-1204	8.1	11.1	-3.0	0.0	-11.1	0.0	
2.00781	-1.4	-1204	8.1	11.1	-3.0	0.0	-11.1	0.0	
2.01172	-1.4	-1204	8.1	11.1	-3.0	0.0	-11.1	0.0	
2.01562	-1.3	-1204	8.1	11.0	-2.9	0.0	-11.0	0.0	
2.01953	-1.4	-1204	8.1	11.0	-2.9	0.0	-11.0	0.0	
2.02344	-1.5	-1205	8.1	11.0	-2.9	0.0	-11.0	0.0	
2.02734	-1.5	-1205	8.1	11.0	-2.9	0.0	-11.0	0.0	
2.03125	-1.4	-1205	8.1	11.0	-2.9	0.0	-11.0	0.0	
2.03516	-1.4	-1205	8.2	11.0	-2.8	0.0	-11.0	0.0	
2.03906	-1.3	-1205	8.2	11.0	-2.8	0.0	-11.0	0.0	
2.04297	-1.3	-1205	8.2	11.0	-2.8	0.0	-11.0	0.0	
2.04688	-1.4	-1205	8.2	11.0	-2.8	0.0	-11.0	0.0	
2.05078	-1.4	-1205	8.1	11.0	-2.9	0.0	-11.0	0.0	
2.05469	-1.2	-1205	8.1	11.0	-2.9	0.0	-11.0	0.0	
2.05859	-1.0	-1205	8.1	11.0	-2.9	0.0	-11.0	0.0	
2.06250	-1.2	-1205	8.0	11.0	-3.0	0.0	-11.0	0.0	
2.06641	-1.1	-1206	8.0	11.0	-3.0	0.0	-11.0	0.0	
2.07031	-1.1	-1206	8.1	11.0	-2.9	0.0	-11.0	0.0	
2.07422	-1.2	-1206	8.0	10.9	-2.9	0.0	-10.9	0.0	
2.07812	-1.2	-1206	8.0	11.0	-3.0	0.0	-11.0	0.0	
2.08203	-1.0	-1206	8.1	11.0	-2.9	0.0	-11.0	0.0	
2.08594	-1.0	-1206	8.1	10.9	-2.8	0.0	-10.9	0.0	
2.08984	-1.0	-1206	8.0	10.9	-2.9	0.0	-10.9	0.0	
2.09375	-1.0	-1206	8.0	10.9	-2.9	0.0	-10.9	0.0	
2.09766	-1.2	-1206	8.0	10.9	-2.9	0.0	-10.9	0.0	
2.10156	-1.2	-1206	8.0	10.9	-2.9	0.0	-10.9	0.0	
2.10547	-1.0	-1206	8.0	10.9	-2.9	0.0	-10.9	0.0	
2.10938	-1.0	-1206	8.0	10.9	-2.9	0.0	-10.9	0.0	
2.11328	-1.1	-1206	8.0	10.9	-2.9	0.0	-10.9	0.0	
2.11719	-1.2	-1206	8.0	10.9	-2.9	0.0	-10.9	0.0	
2.12109	-1.2	-1207	8.0	10.9	-2.9	0.0	-10.9	0.0	
2.12500	-1.1	-1207	8.0	10.9	-2.9	0.0	-10.9	0.0	
2.12891	-1.1	-1207	8.0	10.9	-2.9	0.0	-10.9	0.0	
2.13281	-1.1	-1207	8.1	10.9	-2.8	0.0	-10.9	0.0	
2.13672	-1.2	-1207	8.1	10.9	-2.8	0.0	-10.9	0.0	
2.14062	-1.3	-1207	8.0	10.9	-2.9	0.0	-10.9	0.0	
2.14453	-1.2	-1207	8.1	10.9	-2.8	0.0	-10.9	0.0	
2.14844	-1.4	-1207	8.1	10.9	-2.8	0.0	-10.9	0.0	
2.15234	-1.7	-1207	8.0	10.8	-2.8	0.0	-10.8	0.0	
2.15625	-1.4	-1207	8.1	10.9	-2.8	0.0	-10.9	0.0	
2.16016	-1.2	-1207	8.2	10.9	-2.7	0.0	-10.9	0.0	
2.16406	-1.6	-1207	8.1	10.8	-2.7	0.0	-10.8	0.0	
2.16797	-1.6	-1208	8.1	10.8	-2.7	0.0	-10.8	0.0	
2.17188	-1.5	-1208	8.2	10.8	-2.6	0.0	-10.8	0.0	
2.17578	-1.6	-1208	8.1	10.8	-2.7	0.0	-10.8	0.0	
2.17969	-1.4	-1208	8.2	10.8	-2.6	0.0	-10.8	0.0	
2.18359	-1.3	-1208	8.2	10.9	-2.7	0.0	-10.9	0.0	
2.18750	-1.4	-1208	8.2	10.8	-2.6	0.0	-10.8	0.0	
2.19141	-1.4	-1208	8.2	10.9	-2.7	0.0	-10.9	0.0	
2.19531	-1.3	-1208	8.2	10.9	-2.7	0.0	-10.9	0.0	
2.19922	-1.4	-1208	8.2	10.8	-2.6	0.0	-10.8	0.0	
2.20312	-1.3	-1208	8.2	10.9	-2.7	0.0	-10.9	0.0	
2.20703	-1.2	-1208	8.2	11.0	-2.8	0.0	-11.0	0.0	
2.21094	-1.3	-1209	8.2	10.9	-2.7	0.0	-10.9	0.0	
2.21484	-1.3	-1209	8.2	10.9	-2.7	0.0	-10.9	0.0	
2.21875	-1.2	-1209	8.2	10.9	-2.7	0.0	-10.9	0.0	
2.22266	-1.3	-1209	8.1	10.9	-2.8	0.0	-10.9	0.0	
2.22656	-1.4	-1209	8.1	10.9	-2.8	0.0	-10.9	0.0	
2.23047	-1.1	-1209	8.2	11.0	-2.8	0.0	-11.0	0.0	
2.23438	-1.0	-1209	8.2	11.0	-2.8	0.0	-11.0	0.0	
2.23828	-1.1	-1209	8.1	11.0	-2.9	0.0	-11.0	0.0	
2.24219	-1.0	-1209	8.1	11.0	-2.9	0.0	-11.0	0.0	
2.24609	-1.0	-1209	8.1	11.0	-2.9	0.0	-11.0	0.0	
2.25000	-1.0	-1209	8.1	11.0	-2.9	0.0	-11.0	0.0	
2.25391	-0.7	-1209	8.1	11.0	-2.9	0.0	-11.0	0.0	
2.25781	-0.6	-1209	8.1	11.1	-3.0	0.0	-11.1	0.0	
2.26172	-0.8	-1209	8.0	11.0	-3.0	0.0	-11.0	0.0	
2.26562	-0.8	-1209	8.0	11.0	-3.0	0.0	-11.0	0.0	
2.26953	-0.8	-1210	7.9	11.0	-3.1	0.0	-11.0	0.0	
2.27344	-0.8	-1210	7.9	11.1	-3.2	0.0	-11.1	0.0	
2.27734	-0.8	-1210	7.9	11.1	-3.2	0.0	-11.1	0.0	
2.28125	-0.7	-1210	7.9	11.0	-3.1	0.0	-11.0	0.0	
2.28516	-0.6	-1210	7.8	11.0	-3.2	0.0	-11.0	0.0	
2.28906	-0.6	-1210	7.7	11.0	-3.3	0.0	-11.0	0.0	
2.29297	-0.5	-1210	7.6	11.0	-3.4	0.0	-11.0	0.0	
2.29688	-0.4	-1210	7.5	11.0	-3.5	0.0	-11.0	0.0	
2.30078	-0.3	-1210	7.5	10.9	-3.4	0.0	-10.9	0.0	
2.30469	0.2	-1210	7.4	10.9	-3.5	0.0	-10.9	0.0	
2.30859	0.8	-1210	7.2	10.9	-3.7	0.0	-10.9	0.0	
2.31250	1.1	-1210	7.1	10.8	-3.7	0.0	-10.8	0.0	
2.31641	1.7	-1210	7.0	10.7	-3.7	0.0	-10.7	0.0	
2.32031	2.5	-1209	6.8	10.7	-3.9	0.0	-10.7	0.0	
2.32422	3.1	-1209	6.6	10.6	-4.0	0.0	-10.6	0.0	
2.32812	3.6	-1209	6.5	10.5	-4.0	0.0	-10.5	0.0	
2.33203	4.1	-1209	6.4	10.4	-4.0	0.0	-10.4	0.0	
2.33594	4.7	-1208	6.2	10.3	-4.1	0.0	-10.3	0.0	
2.33984	4.6	-1208	6.1	10.2	-4.1	0.0	-10.2	0.0	
2.34375	3.6	-1208	5.9	10.1	-4.2	0.0	-10.1	0.0	
2.34766	3.2	-1208	5.7	10.0	-4.3	0.0	-10.0	0.0	
2.35156	3.8	-1207	5.6	9.9	-4.3	0.0	-9.9	0.0	
2.35547	4.9	-1207	5.5	9.9	-4.4	0.0	-9.9	0.0	
2.35938	5.4	-1207	5.2	9.8	-4.6	0.0	-9.8	0.0	
2.36328	4.8	-1206	4.7	9.6	-4.9	0.0	-9.6	0.0	
2.36719	4.0	-1206	4.4	9.6	-5.2	0.0	-9.6	0.0	
2.37109	3.2	-1206	4.3	9.5	-5.2	0.0	-9.5	0.0	
2.37500	2.4	-1206	4.3	9.4	-5.1	0.0	-9.4	0.0	
2.37891	2.8	-1206	4.2	9.2	-5.0	0.0	-9.2	0.0	
2.38281	3.4	-1205	4.1	9.2	-5.1	0.0	-9.2	0.0	
2.38672	3.6	-1205	3.8	9.1	-5.3	0.0	-9.1	0.0	
2.39062	3.5	-1205	3.5	9.0	-5.5	0.0	-9.0	0.0	
2.39453	3.2	-1205	3.3	8.9	-5.6	0.0	-8.9	0.0	
2.39844	2.5	-1205	3.1	8.8	-5.7	0.0	-8.8	0.0	
2.40234	2.3	-1204	3.0	8.7	-5.7	0.0	-8.7	0.0	
2.40625	2.4	-1204	3.0	8.6	-5.6	0.0	-8.6	0.0	
2.41016	2.4	-1204	2.8	8.6	-5.8	0.0	-8.6	0.0	
2.41406	2.5	-1204	2.6	8.5	-5.9	0.0	-8.5	0.0	
2.41797	2.6	-1204	2.4	8.4	-6.0	0.0	-8.4	0.0	
2.42188	2.2	-1204	2.3	8.3	-6.0	0.0	-8.3	0.0	
2.42578	1.7	-1204	2.1	8.2	-6.1	0.0	-8.2	0.0	
2.42969	1.7	-1203	2.1	8.1	-6.0	0.0	-8.1	0.0	
2.43359	1.8	-1203	2.0	8.0	-6.0	0.0	-8.0	0.0	
2.43750	1.4	-1203	1.8	8.0	-6.2	0.0	-8.0	0.0	
2.44141	1.4	-1203	1.7	7.9	-6.2	0.0	-7.9	0.0	
2.44531	1.4	-1203	1.6	7.8	-6.2	0.0	-7.8	0.0	
2.44922	1.1	-1203	1.5	7.7	-6.2	0.0	-7.7	0.0	
2.45312	1.0	-1203	1.4	7.7	-6.3	0.0	-7.7	0.0	
2.45703	1.0	-1203	1.4	7.6	-6.2	0.0	-7.6	0.0	
2.46094	0.8	-1203	1.2	7.5	-6.3	0.0	-7.5	0.0	
2.46484	0.8	-1203	1.1	7.4	-6.3	0.0	-7.4	0.0	
2.46875	0.8	-1203	1.1	7.4	-6.3	0.0	-7.4	0.0	
2.47266	0.7	-1203	1.0	7.3	-6.3	0.0	-7.3	0.0	
2.47656	0.6	-1203	0.9	7.2	-6.3	0.0	-7.2	0.0	
2.48047	0.8	-1203	0.8	7.2	-6.4	0.0	-7.2	0.0	
2.48438	0.9	-1202	0.8	7.1	-6.3	0.0	-7.1	0.0	
2.48828	0.6	-1202	0.6	7.0	-6.4	0.0	-7.0	0.0	
2.49219	0.7	-1202	0.6	6.9	-6.3	0.0	-6.9	0.0	
2.49609	0.8	-1202	0.5	6.9	-6.4	0.0	-6.9	0.0	
2.50000	0.6	-1202	0.4	6.7	-6.3	0.0	-6.7	0.0	
2.50391	0.7	-1202	0.3	6.7	-6.4	0.0	-6.7	0.0	
2.50781	1.0	-1202	0.2	6.6	-6.4	0.0	-6.6	0.0	
2.51172	0.9	-1202	0.1	6.5	-6.4	0.0	-6.5	0.0	
2.51562	0.8	-1202	0.1	6.5	-6.4	0.0	-6.5	0.0	
2.51953	0.9	-1202	-0.0	6.4	-6.4	0.0	-6.4	0.0	
2.52344	0.7	-1202	-0.1	6.3	-6.4	0.0	-6.3	0.0	
2.52734	0.6	-1202	-0.2	6.3	-6.5	0.0	-6.3	0.0	
2.53125	0.8	-1202	-0.3	6.2	-6.5	0.0	-6.2	0.0	
2.53516	0.9	-1202	-0.4	6.2	-6.6	0.0	-6.2	0.0	
2.53906	0.8	-1202	-0.5	6.2	-6.7	0.0	-6.2	0.0	
2.54297	0.8	-1202	-0.5	6.1	-6.6	0.0	-6.1	0.0	
2.54688	0.9	-1202	-0.6	6.0	-6.6	0.0	-6.0	0.0	
2.55078	0.9	-1202	-0.8	6.0	-6.8	0.0	-6.0	0.0	
2.55469	0.8	-1202	-0.8	5.9	-6.7	0.0	-5.9	0.0	
2.55859	0.8	-1201	-0.8	5.8	-6.6	0.0	-5.8	0.0	
2.56250	0.9	-1201	-0.9	5.8	-6.7	0.0	-5.8	0.0	
2.56641	0.9	-1201	-1.1	5.7	-6.8	0.0	-5.7	0.0	
2.57031	0.9	-1201	-1.1	5.7	-6.8	0.0	-5.7	0.0	
2.57422	0.8	-1201	-1.3	5.6	-6.9	0.0	-5.6	0.0	
2.57812	0.8	-1201	-1.4	5.6	-7.0	0.0	-5.6	0.0	
2.58203	0.9	-1201	-1.4	5.5	-6.9	0.0	-5.5	0.0	
2.58594	0.7	-1201	-1.4	5.5	-6.9	0.0	-5.5	0.0	
2.58984	0.5	-1201	-1.5	5.4	-6.9	0.0	-5.4	0.0	
2.59375	0.6	-1201	-1.6	5.4	-7.0	0.0	-5.4	0.0	
2.59766	0.6	-1201	-1.7	5.3	-7.0	0.0	-5.3	0.0	
2.60156	0.4	-1201	-1.8	5.3	-7.1	0.0	-5.3	0.0	
2.60547	0.5	-1201	-1.8	5.3	-7.1	0.0	-5.3	0.0	
2.60938	0.5	-1201	-1.9	5.3	-7.2	0.0	-5.3	0.0	
2.61328	0.3	-1201	-2.0	5.2	-7.2	0.0	-5.2	0.0	
2.61719	0.2	-1201	-2.0	5.1	-7.1	0.0	-5.1	0.0	
2.62109	0.3	-1201	-2.1	5.1	-7.2	0.0	-5.1	0.0	
2.62500	0.2	-1201	-2.2	5.0	-7.2	0.0	-5.0	0.0	
2.62891	0.3	-1201	-2.3	5.0	-7.3	0.0	-5.0	0.0	
2.63281	0.5	-1201	-2.3	4.9	-7.2	0.0	-4.9	0.0	
2.63672	0.3	-1201	-2.4	4.9	-7.3	0.0	-4.9	0.0	
2.64062	0.3	-1201	-2.5	4.8	-7.3	0.0	-4.8	0.0	
2.64453	0.4	-1201	-2.6	4.8	-7.4	0.0	-4.8	0.0	
2.64844	0.3	-1201	-2.6	4.7	-7.3	0.0	-4.7	0.0	
2.65234	0.3	-1201	-2.6	4.6	-7.2	0.0	-4.6	0.0	
2.65625	0.5	-1201	-2.7	4.6	-7.3	0.0	-4.6	0.0	
2.66016	0.5	-1201	-2.7	4.5	-7.2	0.0	-4.5	0.0	
2.66406	0.3	-1201	-2.8	4.5	-7.3	0.0	-4.5	0.0	
2.66797	0.3	-1201	-2.9	4.4	-7.3	0.0	-4.4	0.0	
2.67188	0.4	-1201	-3.0	4.3	-7.3	0.0	-4.3	0.0	
2.67578	0.3	-1201	-3.0	4.3	-7.3	0.0	-4.3	0.0	
2.67969	0.4	-1201	-3.1	4.2	-7.3	0.0	-4.2	0.0	
2.68359	0.4	-1200	-3.2	4.2	-7.4	0.0	-4.2	0.0	
2.68750	0.3	-1200	-3.2	4.1	-7.3	0.0	-4.1	0.0	
2.69141	0.3	-1200	-3.3	4.1	-7.4	0.0	-4.1	0.0	
2.69531	0.3	-1200	-3.3	4.1	-7.4	0.0	-4.1	0.0	
2.69922	0.2	-1200	-3.4	4.0	-7.4	0.0	-4.0	0.0	
2.70312	0.3	-1200	-3.4	4.0	-7.4	0.0	-4.0	0.0	
2.70703	0.4	-1200	-3.5	4.0	-7.5	0.0	-4.0	0.0	
2.71094	0.3	-1200	-3.6	4.0	-7.6	0.0	-4.0	0.0	
2.71484	0.2	-1200	-3.7	3.9	-7.6	0.0	-3.9	0.0	
2.71875	0.3	-1200	-3.7	3.9	-7.6	0.0	-3.9	0.0	
2.72266	0.2	-1200	-3.8	3.9	-7.7	0.0	-3.9	0.0	
2.72656	0.2	-1200	-3.9	3.9	-7.8	0.0	-3.9	0.0	
2.73047	0.4	-1200	-3.9	3.9	-7.8	0.0	-3.9	0.0	
2.73438	0.4	-1200	-3.9	3.8	-7.7	0.0	-3.8	0.0	
2.73828	0.2	-1200	-4.0	3.8	-7.8	0.0	-3.8	0.0	
2.74219	0.3	-1200	-4.1	3.8	-7.9	0.0	-3.8	0.0	
2.74609	0.3	-1200	-4.1	3.8	-7.9	0.0	-3.8	0.0	
2.75000	0.1	-1200	-4.2	3.7	-7.9	0.0	-3.7	0.0	
2.75391	0.1	-1200	-4.2	3.7	-7.9	0.0	-3.7	0.0	
2.75781	0.1	-1200	-4.3	3.7	-8.0	0.0	-3.7	0.0	
2.76172	0.0	-1200	-4.4	3.8	-8.2	0.0	-3.8	0.0	
2.76562	-0.0	-1200	-4.4	3.7	-8.1	0.0	-3.7	0.0	
2.76953	0.1	-1200	-4.4	3.7	-8.1	0.0	-3.7	0.0	
2.77344	0.1	-1200	-4.5	3.7	-8.2	0.0	-3.7	0.0	
2.77734	0.1	-1200	-4.6	3.7	-8.3	0.0	-3.7	0.0	
2.78125	0.2	-1200	-4.6	3.7	-8.3	0.0	-3.7	0.0	
2.78516	0.2	-1200	-4.6	3.7	-8.3	0.0	-3.7	0.0	
2.78906	0.1	-1200	-4.7	3.7	-8.4	0.0	-3.7	0.0	
2.79297	0.1	-1200	-4.8	3.7	-8.5	0.0	-3.7	0.0	
2.79688	0.2	-1200	-4.8	3.7	-8.5	0.0	-3.7	0.0	
2.80078	0.2	-1200	-4.9	3.6	-8.5	0.0	-3.6	0.0	
2.80469	0.4	-1200	-5.0	3.7	-8.7	0.0	-3.7	0.0	
2.80859	0.5	-1200	-5.0	3.6	-8.6	0.0	-3.6	0.0	
2.81250	0.4	-1200	-5.1	3.5	-8.6	0.0	-3.5	0.0	
2.81641	0.5	-1200	-5.2	3.5	-8.7	0.0	-3.5	0.0	
2.82031	0.7	-1200	-5.3	3.4	-8.7	0.0	-3.4	0.0	
2.82422	0.8	-1200	-5.5	3.3	-8.8	0.0	-3.3	0.0	
2.82812	0.9	-1200	-5.5	3.2	-8.7	0.0	-3.2	0.0	
2.83203	1.3	-1200	-5.5	3.2	-8.7	0.0	-3.2	0.0	
2.83594	1.4	-1200	-5.7	3.1	-8.8	0.0	-3.1	0.0	
2.83984	1.3	-1200	-5.8	3.0	-8.8	0.0	-3.0	0.0	
2.84375	1.3	-1199	-5.8	2.9	-8.7	0.0	-2.9	0.0	
2.84766	1.3	-1199	-6.0	2.9	-8.9	0.0	-2.9	0.0	
2.85156	1.1	-1199	-6.1	2.8	-8.9	0.0	-2.8	0.0	
2.85547	1.0	-1199	-6.1	2.7	-8.8	0.0	-2.7	0.0	
2.85938	1.1	-1199	-6.2	2.7	-8.9	0.0	-2.7	0.0	
2.86328	0.9	-1199	-6.4	2.6	-9.0	0.0	-2.6	0.0	
2.86719	0.9	-1199	-6.4	2.6	-9.0	0.0	-2.6	0.0	
2.87109	1.0	-1199	-6.5	2.5	-9.0	0.0	-2.5	0.0	
2.87500	0.8	-1199	-6.7	2.4	-9.1	0.0	-2.4	0.0	
2.87891	0.9	-1199	-6.7	2.4	-9.1	0.0	-2.4	0.0	
2.88281	1.0	-1199	-6.8	2.4	-9.2	0.0	-2.4	0.0	
2.88672	1.0	-1199	-6.9	2.3	-9.2	0.0	-2.3	0.0	
2.89062	1.1	-1199	-7.0	2.3	-9.3	0.0	-2.3	0.0	
2.89453	1.2	-1199	-7.1	2.2	-9.3	0.0	-2.2	0.0	
2.89844	1.3	-1199	-7.2	2.1	-9.3	0.0	-2.1	0.0	
2.90234	1.5	-1198	-7.4	2.0	-9.4	0.0	-2.0	0.0	
2.90625	1.6	-1198	-7.4	2.0	-9.4	0.0	-2.0	0.0	
2.91016	1.6	-1198	-7.6	1.9	-9.5	0.0	-1.9	0.0	
2.91406	1.8	-1198	-7.7	1.8	-9.5	0.0	-1.8	0.0	
2.91797	2.0	-1198	-7.8	1.8	-9.6	0.0	-1.8	0.0	
2.92188	2.1	-1198	-7.9	1.7	-9.6	0.0	-1.7	0.0	
2.92578	2.2	-1198	-8.1	1.6	-9.7	0.0	-1.6	0.0	
2.92969	2.4	-1198	-8.2	1.6	-9.8	0.0	-1.6	0.0	
2.93359	2.5	-1197	-8.4	1.5	-9.9	0.0	-1.5	0.0	
2.93750	2.5	-1197	-8.5	1.4	-9.9	0.0	-1.4	0.0	
2.94141	2.6	-1197	-8.7	1.3	-10.0	0.0	-1.3	0.0	
2.94531	2.6	-1197	-8.8	1.2	-10.0	0.0	-1.2	0.0	
2.94922	2.7	-1197	-9.0	1.1	-10.1	0.0	-1.1	0.0	
2.95312	2.9	-1196	-9.2	1.1	-10.3	0.0	-1.1	0.0	
2.95703	2.9	-1196	-9.3	1.0	-10.3	0.0	-1.0	0.0	
2.96094	2.9	-1196	-9.5	0.9	-10.4	0.0	-0.9	0.0	
2.96484	3.0	-1196	-9.7	0.8	-10.5	0.0	-0.8	0.0	
2.96875	3.0	-1196	-9.8	0.7	-10.5	0.0	-0.7	0.0	
2.97266	3.1	-1196	-10.0	0.6	-10.6	0.0	-0.6	0.0	
2.97656	3.0	-1195	-10.2	0.5	-10.7	0.0	-0.5	0.0	
2.98047	3.2	-1195	-10.3	0.4	-10.7	0.0	-0.4	0.0	
2.98438	3.4	-1195	-10.5	0.4	-10.9	0.0	-0.4	0.0	
2.98828	3.2	-1195	-10.7	0.3	-11.0	0.0	-0.3	0.0	
2.99219	3.1	-1194	-10.8	0.1	-10.9	0.0	-0.1	0.0	
2.99609	3.2	-1194	-11.0	0.1	-11.1	0.0	-0.1	0.0	
3.00000	3.2	-1194	-11.2	0.0	-11.2	0.0	0.0	0.0	
3.00391	3.3	-1194	-11.3	-0.0	-11.3	0.0	0.0	0.0	
3.00781	3.2	-1194	-11.5	-0.2	-11.3	0.0	0.2	0.0	
3.01172	3.1	-1193	-11.7	-0.3	-11.4	0.0	0.3	0.0	
3.01562	3.1	-1193	-11.8	-0.4	-11.4	0.0	0.4	0.0	
3.01953	3.0	-1193	-12.0	-0.4	-11.6	0.0	0.4	0.0	
3.02344	2.8	-1193	-12.2	-0.5	-11.7	0.0	0.5	0.0	
3.02734	2.8	-1193	-12.3	-0.6	-11.7	0.0	0.6	0.0	
3.03125	2.8	-1192	-12.4	-0.6	-11.8	0.0	0.6	0.0	
3.03516	2.6	-1192	-12.6	-0.7	-11.9	0.0	0.7	0.0	
3.03906	2.7	-1192	-12.7	-0.7	-12.0	0.0	0.7	0.0	
3.04297	2.7	-1192	-12.9	-0.8	-12.1	0.0	0.8	0.0	
3.04688	2.9	-1192	-13.1	-0.9	-12.2	0.0	0.9	0.0	
3.05078	3.0	-1192	-13.2	-1.0	-12.2	0.0	1.0	0.0	
3.05469	3.0	-1191	-13.4	-1.0	-12.4	0.0	1.0	0.0	
3.05859	3.3	-1191	-13.6	-1.0	-12.6	0.0	1.0	0.0	
3.06250	3.3	-1191	-13.7	-1.2	-12.5	0.0	1.2	0.0	
3.06641	3.3	-1191	-13.8	-1.2	-12.6	0.0	1.2	0.0	
3.07031	3.3	-1191	-14.0	-1.3	-12.7	0.0	1.3	0.0	
3.07422	3.0	-1190	-14.2	-1.4	-12.8	0.0	1.4	0.0	
3.07812	3.1	-1190	-14.4	-1.5	-12.9	0.0	1.5	0.0	
3.08203	3.4	-1190	-14.5	-1.5	-13.0	0.0	1.5	0.0	
3.08594	3.5	-1190	-14.6	-1.6	-13.0	0.0	1.6	0.0	
3.08984	3.4	-1189	-14.8	-1.7	-13.1	0.0	1.7	0.0	
3.09375	3.4	-1189	-15.0	-1.7	-13.3	0.0	1.7	0.0	
3.09766	3.3	-1189	-15.2	-1.8	-13.4	0.0	1.8	0.0	
3.10156	2.9	-1189	-15.4	-1.9	-13.5	0.0	1.9	0.0	
3.10547	2.9	-1189	-15.5	-2.0	-13.5	0.0	2.0	0.0	
3.10938	3.2	-1188	-15.6	-2.0	-13.6	0.0	2.0	0.0	
3.11328	3.2	-1188	-15.8	-2.1	-13.7	0.0	2.1	0.0	
3.11719	3.4	-1188	-16.0	-2.1	-13.9	0.0	2.1	0.0	
3.12109	3.3	-1188	-16.2	-2.2	-14.0	0.0	2.2	0.0	
3.12500	2.8	-1188	-16.4	-2.3	-14.1	0.0	2.3	0.0	
3.12891	3.0	-1187	-16.5	-2.4	-14.1	0.0	2.4	0.0	
3.13281	2.9	-1187	-16.6	-2.4	-14.2	0.0	2.4	0.0	
3.13672	2.8	-1187	-16.8	-2.5	-14.3	0.0	2.5	0.0	
3.14062	3.0	-1187	-16.9	-2.5	-14.4	0.0	2.5	0.0	
3.14453	3.0	-1187	-17.0	-2.6	-14.4	0.0	2.6	0.0	
3.14844	2.8	-1186	-17.2	-2.8	-14.4	0.0	2.8	0.0	
3.15234	2.8	-1186	-17.3	-2.8	-14.5	0.0	2.8	0.0	
3.15625	2.8	-1186	-17.5	-2.9	-14.6	0.0	2.9	0.0	
3.16016	2.6	-1186	-17.6	-3.0	-14.6	0.0	3.0	0.0	
3.16406	2.6	-1186	-17.8	-3.1	-14.7	0.0	3.1	0.0	
3.16797	2.7	-1186	-17.9	-3.1	-14.8	0.0	3.1	0.0	
3.17188	2.7	-1185	-18.0	-3.2	-14.8	0.0	3.2	0.0	
3.17578	2.7	-1185	-18.2	-3.2	-15.0	0.0	3.2	0.0	
3.17969	2.7	-1185	-18.3	-3.3	-15.0	0.0	3.3	0.0	
3.18359	2.7	-1185	-18.5	-3.4	-15.1	0.0	3.4	0.0	
3.18750	2.6	-1185	-18.6	-3.5	-15.1	0.0	3.5	0.0	
3.19141	2.6	-1185	-18.7	-3.5	-15.2	0.0	3.5	0.0	
3.19531	2.7	-1184	-18.9	-3.6	-15.3	0.0	3.6	0.0	
3.19922	2.7	-1184	-19.0	-3.7	-15.3	0.0	3.7	0.0	
3.20312	2.5	-1184	-19.1	-3.7	-15.4	0.0	3.7	0.0	
3.20703	2.2	-1184	-19.3	-3.8	-15.5	0.0	3.8	0.0	
3.21094	2.1	-1184	-19.4	-3.8	-15.6	0.0	3.8	0.0	
3.21484	2.2	-1184	-19.5	-3.9	-15.6	0.0	3.9	0.0	
3.21875	2.3	-1183	-19.6	-3.9	-15.7	0.0	3.9	0.0	
3.22266	2.2	-1183	-19.8	-4.0	-15.8	0.0	4.0	0.0	
3.22656	2.2	-1183	-19.9	-4.0	-15.9	0.0	4.0	0.0	
3.23047	2.1	-1183	-20.0	-4.1	-15.9	0.0	4.1	0.0	
3.23438	2.2	-1183	-20.1	-4.1	-16.0	0.0	4.1	0.0	
3.23828	2.2	-1183	-20.2	-4.1	-16.1	0.0	4.1	0.0	
3.24219	2.1	-1183	-20.4	-4.2	-16.2	0.0	4.2	0.0	
3.24609	2.0	-1182	-20.5	-4.2	-16.3	0.0	4.2	0.0	
3.25000	1.9	-1182	-20.6	-4.2	-16.4	0.0	4.2	0.0	
3.25391	1.9	-1182	-20.8	-4.3	-16.5	0.0	4.3	0.0	
3.25781	2.1	-1182	-20.8	-4.4	-16.4	0.0	4.4	0.0	
3.26172	2.1	-1182	-21.0	-4.4	-16.6	0.0	4.4	0.0	
3.26562	2.1	-1182	-21.1	-4.4	-16.7	0.0	4.4	0.0	
3.26953	2.2	-1182	-21.2	-4.3	-16.9	0.0	4.3	0.0	
3.27344	2.0	-1182	-21.3	-4.4	-16.9	0.0	4.4	0.0	
3.27734	1.9	-1181	-21.4	-4.5	-16.9	0.0	4.5	0.0	
3.28125	2.0	-1181	-21.5	-4.5	-17.0	0.0	4.5	0.0	
3.28516	2.0	-1181	-21.7	-4.5	-17.2	0.0	4.5	0.0	
3.28906	2.0	-1181	-21.8	-4.6	-17.2	0.0	4.6	0.0	
3.29297	1.9	-1181	-21.9	-4.6	-17.3	0.0	4.6	0.0	
3.29688	1.9	-1181	-22.0	-4.7	-17.3	0.0	4.7	0.0	
3.30078	1.7	-1181	-22.1	-4.7	-17.4	0.0	4.7	0.0	
3.30469	1.6	-1181	-22.2	-4.7	-17.5	0.0	4.7	0.0	
3.30859	1.6	-1180	-22.3	-4.8	-17.5	0.0	4.8	0.0	
3.31250	1.4	-1180	-22.5	-4.9	-17.6	0.0	4.9	0.0	
3.31641	1.4	-1180	-22.5	-4.9	-17.6	0.0	4.9	0.0	
3.32031	1.5	-1180	-22.6	-5.0	-17.6	0.0	5.0	0.0	
3.32422	1.5	-1180	-22.7	-5.1	-17.6	0.0	5.1	0.0	
3.32812	1.6	-1180	-22.8	-5.2	-17.6	0.0	5.2	0.0	
3.33203	1.9	-1180	-22.9	-5.3	-17.6	0.0	5.3	0.0	
3.33594	1.9	-1180	-23.1	-5.4	-17.7	0.0	5.4	0.0	
3.33984	1.8	-1180	-23.2	-5.5	-17.7	0.0	5.5	0.0	
3.34375	1.9	-1180	-23.3	-5.6	-17.7	0.0	5.6	0.0	
3.34766	1.9	-1179	-23.4	-5.7	-17.7	0.0	5.7	0.0	
3.35156	1.9	-1179	-23.5	-5.8	-17.7	0.0	5.8	0.0	
3.35547	1.9	-1179	-23.6	-5.8	-17.8	0.0	5.8	0.0	
3.35938	1.7	-1179	-23.7	-5.9	-17.8	0.0	5.9	0.0	
3.36328	1.5	-1179	-23.9	-6.0	-17.9	0.0	6.0	0.0	
3.36719	1.5	-1179	-23.9	-6.0	-17.9	0.0	6.0	0.0	
3.37109	1.4	-1179	-24.0	-6.1	-17.9	0.0	6.1	0.0	
3.37500	1.3	-1179	-24.2	-6.2	-18.0	0.0	6.2	0.0	
3.37891	1.2	-1179	-24.2	-6.3	-17.9	0.0	6.3	0.0	
3.38281	1.3	-1178	-24.3	-6.3	-18.0	0.0	6.3	0.0	
3.38672	1.1	-1178	-24.4	-6.4	-18.0	0.0	6.4	0.0	
3.39062	0.9	-1178	-24.5	-6.5	-18.0	0.0	6.5	0.0	
3.39453	0.9	-1178	-24.5	-6.5	-18.0	0.0	6.5	0.0	
3.39844	0.9	-1178	-24.6	-6.6	-18.0	0.0	6.6	0.0	
3.40234	1.0	-1178	-24.7	-6.7	-18.0	0.0	6.7	0.0	
3.40625	1.2	-1178	-24.8	-6.7	-18.1	0.0	6.7	0.0	
3.41016	1.1	-1178	-24.9	-6.8	-18.1	0.0	6.8	0.0	
3.41406	0.8	-1178	-24.9	-6.9	-18.0	0.0	6.9	0.0	
3.41797	0.9	-1178	-25.0	-7.0	-18.0	0.0	7.0	0.0	
3.42188	1.0	-1178	-25.2	-7.1	-18.1	0.0	7.1	0.0	
3.42578	1.0	-1178	-25.3	-7.1	-18.2	0.0	7.1	0.0	
3.42969	1.1	-1178	-25.3	-7.2	-18.1	0.0	7.2	0.0	
3.43359	1.0	-1178	-25.3	-7.2	-18.1	0.0	7.2	0.0	
3.43750	0.8	-1178	-25.4	-7.3	-18.1	0.0	7.3	0.0	
3.44141	0.8	-1178	-25.5	-7.4	-18.1	0.0	7.4	0.0	
3.44531	0.8	-1178	-25.6	-7.4	-18.2	0.0	7.4	0.0	
3.44922	0.7	-1177	-25.7	-7.5	-18.2	0.0	7.5	0.0	
3.45312	0.6	-1177	-25.7	-7.6	-18.1	0.0	7.6	0.0	
3.45703	0.5	-1177	-25.7	-7.6	-18.1	0.0	7.6	0.0	
3.46094	0.4	-1177	-25.8	-7.7	-18.1	0.0	7.7	0.0	
3.46484	0.4	-1177	-25.9	-7.8	-18.1	0.0	7.8	0.0	
3.46875	0.3	-1177	-25.9	-7.8	-18.1	0.0	7.8	0.0	
3.47266	0.3	-1177	-26.0	-7.8	-18.2	0.0	7.8	0.0	
3.47656	0.2	-1177	-26.0	-7.9	-18.1	0.0	7.9	0.0	
3.48047	0.1	-1177	-26.0	-7.9	-18.1	0.0	7.9	0.0	
3.48438	-0.1	-1177	-26.1	-8.0	-18.1	0.0	8.0	0.0	
3.48828	-0.3	-1177	-26.1	-8.0	-18.1	0.0	8.0	0.0	
3.49219	-0.2	-1177	-26.1	-8.1	-18.0	0.0	8.1	0.0	
3.49609	-0.3	-1177	-26.1	-8.1	-18.0	0.0	8.1	0.0	
3.50000	-0.5	-1177	-26.2	-8.2	-18.0	0.0	8.2	0.0	
3.50391	-0.4	-1177	-26.2	-8.2	-18.0	0.0	8.2	0.0	
3.50781	-0.4	-1177	-26.2	-8.2	-18.0	0.0	8.2	0.0	
3.51172	-0.6	-1177	-26.2	-8.3	-17.9	0.0	8.3	0.0	
3.51562	-0.7	-1178	-26.2	-8.3	-17.9	0.0	8.3	0.0	
3.51953	-0.8	-1178	-26.2	-8.3	-17.9	0.0	8.3	0.0	
3.52344	-0.9	-1178	-26.2	-8.3	-17.9	0.0	8.3	0.0	
3.52734	-0.9	-1178	-26.1	-8.4	-17.7	0.0	8.4	0.0	
3.53125	-0.9	-1178	-26.1	-8.4	-17.7	0.0	8.4	0.0	
3.53516	-1.0	-1178	-26.0	-8.3	-17.7	0.0	8.3	0.0	
3.53906	-1.2	-1178	-26.0	-8.4	-17.6	0.0	8.4	0.0	
3.54297	-1.3	-1178	-25.9	-8.4	-17.5	0.0	8.4	0.0	
3.54688	-1.5	-1178	-25.8	-8.3	-17.5	0.0	8.3	0.0	
3.55078	-1.9	-1178	-25.7	-8.3	-17.4	0.0	8.3	0.0	
3.55469	-2.0	-1178	-25.6	-8.3	-17.3	0.0	8.3	0.0	
3.55859	-2.2	-1178	-25.4	-8.2	-17.2	0.0	8.2	0.0	
3.56250	-2.6	-1179	-25.3	-8.3	-17.0	0.0	8.3	0.0	
3.56641	-2.8	-1179	-25.1	-8.2	-16.9	0.0	8.2	0.0	
3.57031	-3.2	-1179	-24.9	-8.2	-16.7	0.0	8.2	0.0	
3.57422	-3.8	-1179	-24.8	-8.2	-16.6	0.0	8.2	0.0	
3.57812	-4.1	-1180	-24.6	-8.1	-16.5	0.0	8.1	0.0	
3.58203	-4.7	-1180	-24.3	-8.1	-16.2	0.0	8.1	0.0	
3.58594	-5.6	-1180	-24.1	-8.0	-16.1	0.0	8.0	0.0	
3.58984	-6.2	-1181	-23.9	-8.0	-15.9	0.0	8.0	0.0	
3.59375	-6.7	-1181	-23.7	-7.9	-15.8	0.0	7.9	0.0	
3.59766	-7.3	-1182	-23.4	-7.9	-15.5	0.0	7.9	0.0	
3.60156	-7.9	-1182	-23.1	-7.8	-15.3	0.0	7.8	0.0	
3.60547	-8.6	-1183	-22.8	-7.7	-15.1	0.0	7.7	0.0	
3.60938	-9.3	-1183	-22.5	-7.6	-14.9	0.0	7.6	0.0	
3.61328	-9.9	-1184	-22.1	-7.5	-14.6	0.0	7.5	0.0	
3.61719	-10.7	-1185	-21.8	-7.4	-14.4	0.0	7.4	0.0	
3.62109	-11.0	-1185	-21.4	-7.3	-14.1	0.0	7.3	0.0	
3.62500	-11.7	-1186	-21.1	-7.2	-13.9	0.0	7.2	0.0	
3.62891	-12.8	-1187	-20.7	-7.1	-13.6	0.0	7.1	0.0	
3.63281	-13.2	-1188	-20.2	-7.0	-13.2	0.0	7.0	0.0	
3.63672	-13.7	-1189	-19.8	-6.9	-12.9	0.0	6.9	0.0	
3.64062	-13.8	-1189	-19.4	-6.7	-12.7	0.0	6.7	0.0	
3.64453	-13.7	-1190	-18.9	-6.6	-12.3	0.0	6.6	0.0	
3.64844	-14.5	-1191	-18.5	-6.5	-12.0	0.0	6.5	0.0	
3.65234	-14.3	-1192	-18.1	-6.4	-11.7	0.0	6.4	0.0	
3.65625	-14.0	-1193	-17.6	-6.2	-11.4	0.0	6.2	0.0	
3.66016	-15.1	-1194	-17.2	-6.0	-11.2	0.0	6.0	0.0	
3.66406	-15.4	-1195	-16.8	-5.9	-10.9	0.0	5.9	0.0	
3.66797	-14.7	-1196	-16.3	-5.8	-10.5	0.0	5.8	0.0	
3.67188	-14.5	-1197	-15.8	-5.7	-10.1	0.0	5.7	0.0	
3.67578	-14.8	-1198	-15.4	-5.6	-9.8	0.0	5.6	0.0	
3.67969	-15.6	-1199	-14.9	-5.4	-9.5	0.0	5.4	0.0	
3.68359	-16.0	-1200	-14.5	-5.2	-9.3	0.0	5.2	0.0	
3.68750	-14.4	-1201	-14.1	-5.0	-9.1	0.0	5.0	0.0	
3.69141	-13.8	-1202	-13.7	-4.9	-8.8	0.0	4.9	0.0	
3.69531	-14.1	-1203	-13.2	-4.8	-8.4	0.0	4.8	0.0	
3.69922	-12.4	-1204	-12.8	-4.6	-8.2	0.0	4.6	0.0	
3.70312	-12.0	-1204	-12.3	-4.5	-7.8	0.0	4.5	0.0	
3.70703	-14.6	-1205	-11.9	-4.3	-7.6	0.0	4.3	0.0	
3.71094	-15.0	-1206	-11.5	-4.1	-7.4	0.0	4.1	0.0	
3.71484	-13.8	-1207	-11.1	-3.9	-7.2	0.0	3.9	0.0	
3.71875	-14.2	-1208	-10.7	-3.7	-7.0	0.0	3.7	0.0	
3.72266	-13.5	-1209	-10.3	-3.6	-6.7	0.0	3.6	0.0	
3.72656	-12.4	-1210	-9.9	-3.4	-6.5	0.0	3.4	0.0	
3.73047	-11.4	-1211	-9.6	-3.2	-6.4	0.0	3.2	0.0	
3.73438	-10.5	-1211	-9.2	-3.0	-6.2	0.0	3.0	0.0	
3.73828	-11.3	-1212	-8.9	-2.8	-6.1	0.0	2.8	0.0	
3.74219	-12.5	-1213	-8.5	-2.7	-5.8	0.0	2.7	0.0	
3.74609	-12.9	-1214	-8.1	-2.5	-5.6	0.0	2.5	0.0	
3.75000	-12.2	-1214	-7.9	-2.3	-5.6	0.0	2.3	0.0	
3.75391	-11.3	-1215	-7.5	-2.2	-5.3	0.0	2.2	0.0	
3.75781	-11.2	-1216	-7.2	-2.0	-5.2	0.0	2.0	0.0	
3.76172	-10.4	-1217	-7.0	-1.9	-5.1	0.0	1.9	0.0	
3.76562	-8.9	-1217	-6.7	-1.7	-5.0	0.0	1.7	0.0	
3.76953	-8.7	-1218	-6.3	-1.5	-4.8	0.0	1.5	0.0	
3.77344	-9.5	-1218	-6.1	-1.3	-4.8	0.0	1.3	0.0	
3.77734	-10.0	-1219	-5.9	-1.2	-4.7	0.0	1.2	0.0	
3.78125	-9.1	-1220	-5.6	-1.0	-4.6	0.0	1.0	0.0	
3.78516	-8.6	-1220	-5.3	-0.8	-4.5	0.0	0.8	0.0	
3.78906	-8.5	-1221	-5.2	-0.6	-4.6	0.0	0.6	0.0	
3.79297	-7.6	-1221	-5.0	-0.5	-4.5	0.0	0.5	0.0	
3.79688	-7.6	-1222	-4.7	-0.4	-4.3	0.0	0.4	0.0	
3.80078	-7.5	-1222	-4.6	-0.2	-4.4	0.0	0.2	0.0	
3.80469	-6.3	-1223	-4.3	-0.1	-4.2	0.0	0.1	0.0	
3.80859	-6.2	-1223	-4.1	0.0	-4.1	0.0	0.0	0.0	
3.81250	-6.4	-1223	-4.0	0.1	-4.1	0.0	-0.1	0.0	
3.81641	-6.0	-1224	-3.9	0.2	-4.1	0.0	-0.2	0.0	
3.82031	-5.6	-1224	-3.7	0.3	-4.0	0.0	-0.3	0.0	
3.82422	-5.1	-1225	-3.7	0.4	-4.1	0.0	-0.4	0.0	
3.82812	-4.5	-1225	-3.5	0.4	-3.9	0.0	-0.4	0.0	
3.83203	-3.9	-1225	-3.3	0.4	-3.7	0.0	-0.4	0.0	
3.83594	-3.3	-1225	-3.3	0.5	-3.8	0.0	-0.5	0.0	
3.83984	-2.9	-1225	-3.2	0.6	-3.8	0.0	-0.6	0.0	
3.84375	-2.7	-1226	-3.1	0.6	-3.7	0.0	-0.6	0.0	
3.84766	-2.6	-1226	-3.1	0.6	-3.7	0.0	-0.6	0.0	
3.85156	-2.5	-1226	-3.0	0.6	-3.6	0.0	-0.6	0.0	
3.85547	-2.2	-1226	-2.8	0.6	-3.4	0.0	-0.6	0.0	
3.85938	-2.1	-1226	-2.8	0.7	-3.5	0.0	-0.7	0.0	
3.86328	-2.3	-1226	-2.8	0.7	-3.5	0.0	-0.7	0.0	
3.86719	-2.3	-1227	-2.7	0.7	-3.4	0.0	-0.7	0.0	
3.87109	-2.2	-1227	-2.6	0.8	-3.4	0.0	-0.8	0.0	
3.87500	-2.5	-1227	-2.6	0.8	-3.4	0.0	-0.8	0.0	
3.87891	-2.6	-1227	-2.5	0.8	-3.3	0.0	-0.8	0.0	
3.88281	-2.5	-1227	-2.4	0.8	-3.2	0.0	-0.8	0.0	
3.88672	-2.5	-1227	-2.3	0.8	-3.1	0.0	-0.8	0.0	
3.89062	-2.6	-1228	-2.2	0.9	-3.1	0.0	-0.9	0.0	
3.89453	-2.7	-1228	-2.1	0.9	-3.0	0.0	-0.9	0.0	
3.89844	-2.9	-1228	-2.1	1.0	-3.1	0.0	-1.0	0.0	
3.90234	-2.7	-1228	-2.0	1.0	-3.0	0.0	-1.0	0.0	
3.90625	-2.4	-1228	-1.9	1.1	-3.0	0.0	-1.1	0.0	
3.91016	-2.4	-1228	-1.8	1.1	-2.9	0.0	-1.1	0.0	
3.91406	-2.3	-1229	-1.8	1.2	-3.0	0.0	-1.2	0.0	
3.91797	-2.1	-1229	-1.7	1.2	-2.9	0.0	-1.2	0.0	
3.92188	-2.0	-1229	-1.7	1.2	-2.9	0.0	-1.2	0.0	
3.92578	-2.0	-1229	-1.6	1.3	-2.9	0.0	-1.3	0.0	
3.92969	-1.9	-1229	-1.5	1.3	-2.8	0.0	-1.3	0.0	
3.93359	-1.7	-1229	-1.5	1.4	-2.9	0.0	-1.4	0.0	
3.93750	-1.8	-1229	-1.4	1.4	-2.8	0.0	-1.4	0.0	
3.94141	-1.7	-1229	-1.4	1.5	-2.9	0.0	-1.5	0.0	
3.94531	-1.6	-1229	-1.4	1.5	-2.9	0.0	-1.5	0.0	
3.94922	-1.7	-1230	-1.3	1.5	-2.8	0.0	-1.5	0.0	
3.95312	-1.6	-1230	-1.2	1.6	-2.8	0.0	-1.6	0.0	
3.95703	-1.4	-1230	-1.2	1.6	-2.8	0.0	-1.6	0.0	
3.96094	-1.4	-1230	-1.1	1.6	-2.7	0.0	-1.6	0.0	
3.96484	-1.5	-1230	-1.1	1.7	-2.8	0.0	-1.7	0.0	
3.96875	-1.5	-1230	-1.1	1.7	-2.8	0.0	-1.7	0.0	
3.97266	-1.5	-1230	-1.1	1.7	-2.8	0.0	-1.7	0.0	
3.97656	-1.5	-1230	-1.0	1.8	-2.8	0.0	-1.8	0.0	
3.98047	-1.3	-1230	-0.9	1.8	-2.7	0.0	-1.8	0.0	
3.98438	-1.3	-1230	-0.9	1.9	-2.8	0.0	-1.9	0.0	
3.98828	-1.5	-1231	-0.9	1.9	-2.8	0.0	-1.9	0.0	
3.99219	-1.4	-1231	-0.8	1.9	-2.7	0.0	-1.9	0.0	
3.99609	-1.3	-1231	-0.8	1.9	-2.7	0.0	-1.9	0.0	
4.00000	-1.4	-1231	-0.7	1.9	-2.6	0.0	-1.9	0.0	
4.00391	-1.3	-1231	-0.7	2.0	-2.7	0.0	-2.0	0.0	
4.00781	-1.3	-1231	-0.7	2.1	-2.8	0.0	-2.1	0.0	
4.01172	-1.4	-1231	-0.6	2.0	-2.6	0.0	-2.0	0.0	
4.01562	-1.4	-1231	-0.6	2.1	-2.7	0.0	-2.1	0.0	
4.01953	-1.3	-1231	-0.6	2.1	-2.7	0.0	-2.1	0.0	
4.02344	-1.3	-1231	-0.5	2.1	-2.6	0.0	-2.1	0.0	
4.02734	-1.4	-1231	-0.5	2.2	-2.7	0.0	-2.2	0.0	
4.03125	-1.3	-1232	-0.4	2.2	-2.6	0.0	-2.2	0.0	
4.03516	-1.3	-1232	-0.3	2.2	-2.5	0.0	-2.2	0.0	
4.03906	-1.4	-1232	-0.4	2.2	-2.6	0.0	-2.2	0.0	
4.04297	-1.4	-1232	-0.3	2.2	-2.5	0.0	-2.2	0.0	
4.04688	-1.5	-1232	-0.3	2.3	-2.6	0.0	-2.3	0.0	
4.05078	-1.6	-1232	-0.2	2.3	-2.5	0.0	-2.3	0.0	
4.05469	-1.5	-1232	-0.2	2.3	-2.5	0.0	-2.3	0.0	
4.05859	-1.5	-1232	-0.1	2.4	-2.5	0.0	-2.4	0.0	
4.06250	-1.6	-1232	-0.1	2.4	-2.5	0.0	-2.4	0.0	
4.06641	-1.5	-1232	0.0	2.5	-2.5	0.0	-2.5	0.0	
4.07031	-1.5	-1232	0.1	2.5	-2.4	0.0	-2.5	0.0	
4.07422	-1.5	-1233	0.0	2.5	-2.5	0.0	-2.5	0.0	
4.07812	-1.3	-1233	0.1	2.5	-2.4	0.0	-2.5	0.0	
4.08203	-1.2	-1233	0.2	2.6	-2.4	0.0	-2.6	0.0	
4.08594	-1.2	-1233	0.2	2.7	-2.5	0.0	-2.7	0.0	
4.08984	-1.3	-1233	0.2	2.7	-2.5	0.0	-2.7	0.0	
4.09375	-1.2	-1233	0.2	2.7	-2.5	0.0	-2.7	0.0	
4.09766	-1.1	-1233	0.2	2.7	-2.5	0.0	-2.7	0.0	
4.10156	-1.1	-1233	0.3	2.8	-2.5	0.0	-2.8	0.0	
4.10547	-1.0	-1233	0.3	2.8	-2.5	0.0	-2.8	0.0	
4.10938	-1.0	-1233	0.3	2.9	-2.6	0.0	-2.9	0.0	
4.11328	-1.1	-1233	0.4	2.9	-2.5	0.0	-2.9	0.0	
4.11719	-1.0	-1233	0.4	2.9	-2.5	0.0	-2.9	0.0	
4.12109	-1.0	-1233	0.4	2.9	-2.5	0.0	-2.9	0.0	
4.12500	-1.0	-1234	0.4	2.9	-2.5	0.0	-2.9	0.0	
4.12891	-1.0	-1234	0.5	2.9	-2.4	0.0	-2.9	0.0	
4.13281	-0.9	-1234	0.5	3.0	-2.5	0.0	-3.0	0.0	
4.13672	-0.9	-1234	0.5	3.0	-2.5	0.0	-3.0	0.0	
4.14062	-1.0	-1234	0.6	3.0	-2.4	0.0	-3.0	0.0	
4.14453	-1.1	-1234	0.6	3.0	-2.4	0.0	-3.0	0.0	
4.14844	-1.1	-1234	0.5	3.1	-2.6	0.0	-3.1	0.0	
4.15234	-1.2	-1234	0.6	3.1	-2.5	0.0	-3.1	0.0	
4.15625	-1.0	-1234	0.6	3.1	-2.5	0.0	-3.1	0.0	
4.16016	-1.0	-1234	0.6	3.2	-2.6	0.0	-3.2	0.0	
4.16406	-1.2	-1234	0.6	3.2	-2.6	0.0	-3.2	0.0	
4.16797	-0.9	-1234	0.7	3.2	-2.5	0.0	-3.2	0.0	
4.17188	-0.8	-1234	0.7	3.2	-2.5	0.0	-3.2	0.0	
4.17578	-1.1	-1234	0.7	3.2	-2.5	0.0	-3.2	0.0	
4.17969	-1.0	-1234	0.7	3.2	-2.5	0.0	-3.2	0.0	
4.18359	-0.9	-1235	0.8	3.3	-2.5	0.0	-3.3	0.0	
4.18750	-1.1	-1235	0.8	3.2	-2.4	0.0	-3.2	0.0	
4.19141	-1.1	-1235	0.8	3.3	-2.5	0.0	-3.3	0.0	
4.19531	-0.8	-1235	0.8	3.3	-2.5	0.0	-3.3	0.0	
4.19922	-1.0	-1235	0.8	3.3	-2.5	0.0	-3.3	0.0	
4.20312	-1.1	-1235	0.8	3.4	-2.6	0.0	-3.4	0.0	
4.20703	-1.0	-1235	0.9	3.4	-2.5	0.0	-3.4	0.0	
4.21094	-1.0	-1235	0.9	3.3	-2.4	0.0	-3.3	0.0	
4.21484	-1.0	-1235	0.9	3.4	-2.5	0.0	-3.4	0.0	
4.21875	-0.9	-1235	1.0	3.4	-2.4	0.0	-3.4	0.0	
4.22266	-0.9	-1235	1.0	3.4	-2.4	0.0	-3.4	0.0	
4.22656	-0.9	-1235	0.9	3.5	-2.6	0.0	-3.5	0.0	
4.23047	-0.9	-1235	1.0	3.5	-2.5	0.0	-3.5	0.0	
4.23438	-1.0	-1235	1.0	3.5	-2.5	0.0	-3.5	0.0	
4.23828	-1.0	-1235	1.1	3.5	-2.4	0.0	-3.5	0.0	
4.24219	-1.0	-1235	1.1	3.6	-2.5	0.0	-3.6	0.0	
4.24609	-0.9	-1236	1.1	3.6	-2.5	0.0	-3.6	0.0	
4.25000	-1.0	-1236	1.1	3.7	-2.6	0.0	-3.7	0.0	
4.25391	-1.0	-1236	1.1	3.7	-2.6	0.0	-3.7	0.0	
4.25781	-1.0	-1236	1.1	3.7	-2.6	0.0	-3.7	0.0	
4.26172	-1.1	-1236	1.2	3.8	-2.6	0.0	-3.8	0.0	
4.26562	-1.0	-1236	1.2	3.9	-2.7	0.0	-3.9	0.0	
4.26953	-0.9	-1236	1.2	3.9	-2.7	0.0	-3.9	0.0	
4.27344	-1.1	-1236	1.2	3.9	-2.7	0.0	-3.9	0.0	
4.27734	-1.0	-1236	1.3	4.0	-2.7	0.0	-4.0	0.0	
4.28125	-0.9	-1236	1.3	4.1	-2.8	0.0	-4.1	0.0	
4.28516	-0.9	-1236	1.3	4.1	-2.8	0.0	-4.1	0.0	
4.28906	-1.0	-1236	1.3	4.2	-2.9	0.0	-4.2	0.0	
4.29297	-1.0	-1236	1.4	4.2	-2.8	0.0	-4.2	0.0	
4.29688	-0.9	-1236	1.4	4.3	-2.9	0.0	-4.3	0.0	
4.30078	-0.9	-1236	1.4	4.3	-2.9	0.0	-4.3	0.0	
4.30469	-0.9	-1236	1.4	4.3	-2.9	0.0	-4.3	0.0	
4.30859	-0.9	-1237	1.4	4.4	-3.0	0.0	-4.4	0.0	
4.31250	-1.0	-1237	1.4	4.4	-3.0	0.0	-4.4	0.0	
4.31641	-0.9	-1237	1.5	4.5	-3.0	0.0	-4.5	0.0	
4.32031	-0.8	-1237	1.5	4.4	-2.9	0.0	-4.4	0.0	
4.32422	-0.9	-1237	1.4	4.4	-3.0	0.0	-4.4	0.0	
4.32812	-0.9	-1237	1.5	4.5	-3.0	0.0	-4.5	0.0	
4.33203	-0.6	-1237	1.5	4.5	-3.0	0.0	-4.5	0.0	
4.33594	-0.7	-1237	1.5	4.5	-3.0	0.0	-4.5	0.0	
4.33984	-0.8	-1237	1.4	4.5	-3.1	0.0	-4.5	0.0	
4.34375	-0.7	-1237	1.4	4.5	-3.1	0.0	-4.5	0.0	
4.34766	-0.7	-1237	1.5	4.5	-3.0	0.0	-4.5	0.0	
4.35156	-0.7	-1237	1.5	4.4	-2.9	0.0	-4.4	0.0	
4.35547	-0.6	-1237	1.4	4.4	-3.0	0.0	-4.4	0.0	
4.35938	-0.7	-1237	1.4	4.4	-3.0	0.0	-4.4	0.0	
4.36328	-0.6	-1237	1.4	4.4	-3.0	0.0	-4.4	0.0	
4.36719	-0.6	-1237	1.4	4.4	-3.0	0.0	-4.4	0.0	
4.37109	-0.8	-1237	1.4	4.4	-3.0	0.0	-4.4	0.0	
4.37500	-0.8	-1237	1.4	4.3	-2.9	0.0	-4.3	0.0	
4.37891	-0.7	-1237	1.3	4.4	-3.1	0.0	-4.4	0.0	
4.38281	-0.8	-1237	1.4	4.3	-2.9	0.0	-4.3	0.0	
4.38672	-0.9	-1238	1.3	4.3	-3.0	0.0	-4.3	0.0	
4.39062	-0.9	-1238	1.4	4.3	-2.9	0.0	-4.3	0.0	
4.39453	-1.0	-1238	1.4	4.3	-2.9	0.0	-4.3	0.0	
4.39844	-1.0	-1238	1.4	4.3	-2.9	0.0	-4.3	0.0	
4.40234	-1.0	-1238	1.4	4.3	-2.9	0.0	-4.3	0.0	
4.40625	-0.9	-1238	1.4	4.2	-2.8	0.0	-4.2	0.0	
4.41016	-1.0	-1238	1.5	4.3	-2.8	0.0	-4.3	0.0	
4.41406	-1.0	-1238	1.6	4.3	-2.7	0.0	-4.3	0.0	
4.41797	-1.0	-1238	1.6	4.3	-2.7	0.0	-4.3	0.0	
4.42188	-1.1	-1238	1.6	4.3	-2.7	0.0	-4.3	0.0	
4.42578	-1.2	-1238	1.6	4.3	-2.7	0.0	-4.3	0.0	
4.42969	-1.1	-1238	1.7	4.4	-2.7	0.0	-4.4	0.0	
4.43359	-1.0	-1238	1.8	4.4	-2.6	0.0	-4.4	0.0	
4.43750	-1.1	-1238	1.8	4.3	-2.5	0.0	-4.3	0.0	
4.44141	-1.1	-1238	1.7	4.4	-2.7	0.0	-4.4	0.0	
4.44531	-1.1	-1239	1.8	4.4	-2.6	0.0	-4.4	0.0	
4.44922	-1.0	-1239	1.8	4.4	-2.6	0.0	-4.4	0.0	
4.45312	-0.9	-1239	1.8	4.4	-2.6	0.0	-4.4	0.0	
4.45703	-0.8	-1239	1.9	4.4	-2.5	0.0	-4.4	0.0	
4.46094	-0.9	-1239	1.9	4.4	-2.5	0.0	-4.4	0.0	
4.46484	-1.0	-1239	1.9	4.5	-2.6	0.0	-4.5	0.0	
4.46875	-0.9	-1239	2.0	4.5	-2.5	0.0	-4.5	0.0	
4.47266	-1.1	-1239	2.0	4.5	-2.5	0.0	-4.5	0.0	
4.47656	-1.0	-1239	1.9	4.5	-2.6	0.0	-4.5	0.0	
4.48047	-0.8	-1239	2.0	4.5	-2.5	0.0	-4.5	0.0	
4.48438	-0.8	-1239	2.1	4.5	-2.4	0.0	-4.5	0.0	
4.48828	-1.0	-1239	2.0	4.5	-2.5	0.0	-4.5	0.0	
4.49219	-0.9	-1239	2.0	4.5	-2.5	0.0	-4.5	0.0	
4.49609	-0.9	-1239	2.0	4.5	-2.5	0.0	-4.5	0.0	
4.50000	-0.9	-1239	2.0	4.5	-2.5	0.0	-4.5	0.0	
4.50391	-0.8	-1239	2.1	4.6	-2.5	0.0	-4.6	0.0	
4.50781	-0.8	-1239	2.1	4.6	-2.5	0.0	-4.6	0.0	
4.51172	-0.9	-1240	2.0	4.6	-2.6	0.0	-4.6	0.0	
4.51562	-0.9	-1240	2.1	4.6	-2.5	0.0	-4.6	0.0	
4.51953	-0.9	-1240	2.1	4.7	-2.6	0.0	-4.7	0.0	
4.52344	-0.9	-1240	2.1	4.6	-2.5	0.0	-4.6	0.0	
4.52734	-0.9	-1240	2.1	4.6	-2.5	0.0	-4.6	0.0	
4.53125	-0.8	-1240	2.1	4.6	-2.5	0.0	-4.6	0.0	
4.53516	-0.8	-1240	2.1	4.6	-2.5	0.0	-4.6	0.0	
4.53906	-0.9	-1240	2.1	4.7	-2.6	0.0	-4.7	0.0	
4.54297	-0.8	-1240	2.2	4.6	-2.4	0.0	-4.6	0.0	
4.54688	-0.9	-1240	2.2	4.6	-2.4	0.0	-4.6	0.0	
4.55078	-1.1	-1240	2.2	4.7	-2.5	0.0	-4.7	0.0	
4.55469	-0.8	-1240	2.3	4.6	-2.3	0.0	-4.6	0.0	
4.55859	-0.7	-1240	2.3	4.6	-2.3	0.0	-4.6	0.0	
4.56250	-0.9	-1240	2.2	4.7	-2.5	0.0	-4.7	0.0	
4.56641	-0.9	-1240	2.3	4.7	-2.4	0.0	-4.7	0.0	
4.57031	-0.9	-1240	2.3	4.7	-2.4	0.0	-4.7	0.0	
4.57422	-1.0	-1240	2.2	4.7	-2.5	0.0	-4.7	0.0	
4.57812	-0.9	-1241	2.3	4.7	-2.4	0.0	-4.7	0.0	
4.58203	-0.7	-1241	2.3	4.8	-2.5	0.0	-4.8	0.0	
4.58594	-0.9	-1241	2.3	4.8	-2.5	0.0	-4.8	0.0	
4.58984	-1.0	-1241	2.3	4.7	-2.4	0.0	-4.7	0.0	
4.59375	-0.8	-1241	2.4	4.8	-2.4	0.0	-4.8	0.0	
4.59766	-0.9	-1241	2.3	4.8	-2.5	0.0	-4.8	0.0	
4.60156	-0.8	-1241	2.3	4.8	-2.5	0.0	-4.8	0.0	
4.60547	-0.7	-1241	2.4	4.8	-2.4	0.0	-4.8	0.0	
4.60938	-0.7	-1241	2.4	4.8	-2.4	0.0	-4.8	0.0	
4.61328	-0.8	-1241	2.4	4.8	-2.4	0.0	-4.8	0.0	
4.61719	-0.9	-1241	2.4	4.8	-2.4	0.0	-4.8	0.0	
4.62109	-0.8	-1241	2.4	4.8	-2.4	0.0	-4.8	0.0	
4.62500	-0.7	-1241	2.4	4.9	-2.5	0.0	-4.9	0.0	
4.62891	-0.7	-1241	2.4	4.9	-2.5	0.0	-4.9	0.0	
4.63281	-0.8	-1241	2.4	4.8	-2.4	0.0	-4.8	0.0	
4.63672	-0.9	-1241	2.4	4.9	-2.5	0.0	-4.9	0.0	
4.64062	-1.0	-1241	2.4	4.9	-2.5	0.0	-4.9	0.0	
4.64453	-0.8	-1241	2.4	4.9	-2.5	0.0	-4.9	0.0	
4.64844	-0.8	-1241	2.4	4.9	-2.5	0.0	-4.9	0.0	
4.65234	-1.0	-1242	2.4	4.9	-2.5	0.0	-4.9	0.0	
4.65625	-0.7	-1242	2.4	4.9	-2.5	0.0	-4.9	0.0	
4.66016	-0.8	-1242	2.4	4.9	-2.5	0.0	-4.9	0.0	
4.66406	-0.9	-1242	2.4	4.9	-2.5	0.0	-4.9	0.0	
4.66797	-0.8	-1242	2.4	4.9	-2.5	0.0	-4.9	0.0	
4.67188	-0.9	-1242	2.5	4.9	-2.4	0.0	-4.9	0.0	
4.67578	-1.0	-1242	2.5	5.0	-2.5	0.0	-5.0	0.0	
4.67969	-0.9	-1242	2.5	4.9	-2.4	0.0	-4.9	0.0	
4.68359	-0.8	-1242	2.5	4.9	-2.4	0.0	-4.9	0.0	
4.68750	-0.8	-1242	2.5	4.9	-2.4	0.0	-4.9	0.0	
4.69141	-0.8	-1242	2.5	4.9	-2.4	0.0	-4.9	0.0	
4.69531	-1.0	-1242	2.6	5.0	-2.4	0.0	-5.0	0.0	
4.69922	-1.0	-1242	2.5	4.9	-2.4	0.0	-4.9	0.0	
4.70312	-0.8	-1242	2.6	4.9	-2.3	0.0	-4.9	0.0	
4.70703	-0.8	-1242	2.7	5.0	-2.3	0.0	-5.0	0.0	
4.71094	-0.9	-1242	2.7	4.9	-2.2	0.0	-4.9	0.0	
4.71484	-1.0	-1242	2.6	4.9	-2.3	0.0	-4.9	0.0	
4.71875	-0.9	-1242	2.6	5.0	-2.4	0.0	-5.0	0.0	
4.72266	-0.8	-1243	2.6	5.0	-2.4	0.0	-5.0	0.0	
4.72656	-0.8	-1243	2.7	5.0	-2.3	0.0	-5.0	0.0	
4.73047	-0.8	-1243	2.7	5.0	-2.3	0.0	-5.0	0.0	
4.73438	-0.8	-1243	2.7	5.1	-2.4	0.0	-5.1	0.0	
4.73828	-1.1	-1243	2.7	5.0	-2.3	0.0	-5.0	0.0	
4.74219	-1.1	-1243	2.8	5.1	-2.3	0.0	-5.1	0.0	
4.74609	-0.9	-1243	2.8	5.1	-2.3	0.0	-5.1	0.0	
4.75000	-1.0	-1243	2.8	5.1	-2.3	0.0	-5.1	0.0	
4.75391	-1.0	-1243	2.8	5.1	-2.3	0.0	-5.1	0.0	
4.75781	-0.8	-1243	2.9	5.2	-2.3	0.0	-5.2	0.0	
4.76172	-1.0	-1243	2.9	5.2	-2.3	0.0	-5.2	0.0	
4.76562	-1.1	-1243	2.9	5.3	-2.4	0.0	-5.3	0.0	
4.76953	-0.8	-1243	2.9	5.3	-2.4	0.0	-5.3	0.0	
4.77344	-0.9	-1243	2.9	5.3	-2.4	0.0	-5.3	0.0	
4.77734	-1.0	-1243	3.0	5.4	-2.4	0.0	-5.4	0.0	
4.78125	-0.8	-1243	3.0	5.5	-2.5	0.0	-5.5	0.0	
4.78516	-0.9	-1244	2.9	5.5	-2.6	0.0	-5.5	0.0	
4.78906	-1.0	-1244	3.0	5.5	-2.5	0.0	-5.5	0.0	
4.79297	-0.9	-1244	3.1	5.6	-2.5	0.0	-5.6	0.0	
4.79688	-0.7	-1244	3.0	5.6	-2.6	0.0	-5.6	0.0	
4.80078	-0.8	-1244	3.0	5.6	-2.6	0.0	-5.6	0.0	
4.80469	-0.9	-1244	3.1	5.7	-2.6	0.0	-5.7	0.0	
4.80859	-0.8	-1244	3.1	5.8	-2.7	0.0	-5.8	0.0	
4.81250	-0.9	-1244	3.1	5.8	-2.7	0.0	-5.8	0.0	
4.81641	-0.9	-1244	3.1	5.8	-2.7	0.0	-5.8	0.0	
4.82031	-0.8	-1244	3.1	5.8	-2.7	0.0	-5.8	0.0	
4.82422	-1.0	-1244	3.2	5.8	-2.6	0.0	-5.8	0.0	
4.82812	-1.0	-1244	3.2	5.9	-2.7	0.0	-5.9	0.0	
4.83203	-0.8	-1244	3.2	5.9	-2.7	0.0	-5.9	0.0	
4.83594	-0.8	-1244	3.2	5.9	-2.7	0.0	-5.9	0.0	
4.83984	-0.7	-1244	3.2	5.8	-2.6	0.0	-5.8	0.0	
4.84375	-0.6	-1244	3.2	5.8	-2.6	0.0	-5.8	0.0	
4.84766	-0.9	-1244	3.2	5.8	-2.6	0.0	-5.8	0.0	
4.85156	-0.9	-1244	3.1	5.8	-2.7	0.0	-5.8	0.0	
4.85547	-0.7	-1244	3.2	5.8	-2.6	0.0	-5.8	0.0	
4.85938	-0.7	-1245	3.2	5.8	-2.6	0.0	-5.8	0.0	
4.86328	-0.7	-1245	3.1	5.7	-2.6	0.0	-5.7	0.0	
4.86719	-0.7	-1245	3.1	5.7	-2.6	0.0	-5.7	0.0	
4.87109	-0.9	-1245	3.2	5.7	-2.5	0.0	-5.7	0.0	
4.87500	-1.0	-1245	3.1	5.7	-2.6	0.0	-5.7	0.0	
4.87891	-0.8	-1245	3.2	5.7	-2.5	0.0	-5.7	0.0	
4.88281	-0.9	-1245	3.2	5.7	-2.5	0.0	-5.7	0.0	
4.88672	-1.0	-1245	3.2	5.7	-2.5	0.0	-5.7	0.0	
4.89062	-1.0	-1245	3.2	5.7	-2.5	0.0	-5.7	0.0	
4.89453	-1.0	-1245	3.3	5.7	-2.4	0.0	-5.7	0.0	
4.89844	-1.1	-1245	3.3	5.7	-2.4	0.0	-5.7	0.0	
4.90234	-1.1	-1245	3.3	5.7	-2.4	0.0	-5.7	0.0	
4.90625	-1.0	-1245	3.4	5.7	-2.3	0.0	-5.7	0.0	
4.91016	-1.0	-1245	3.4	5.7	-2.3	0.0	-5.7	0.0	
4.91406	-1.0	-1245	3.4	5.7	-2.3	0.0	-5.7	0.0	
4.91797	-1.1	-1245	3.5	5.7	-2.2	0.0	-5.7	0.0	
4.92188	-1.2	-1246	3.5	5.7	-2.2	0.0	-5.7	0.0	
4.92578	-1.2	-1246	3.5	5.7	-2.2	0.0	-5.7	0.0	
4.92969	-1.1	-1246	3.6	5.7	-2.1	0.0	-5.7	0.0	
4.93359	-1.0	-1246	3.6	5.7	-2.1	0.0	-5.7	0.0	
4.93750	-1.2	-1246	3.6	5.7	-2.1	0.0	-5.7	0.0	
4.94141	-1.1	-1246	3.7	5.8	-2.1	0.0	-5.8	0.0	
4.94531	-1.0	-1246	3.7	5.8	-2.1	0.0	-5.8	0.0	
4.94922	-1.1	-1246	3.7	5.8	-2.1	0.0	-5.8	0.0	
4.95312	-1.1	-1246	3.8	5.8	-2.0	0.0	-5.8	0.0	
4.95703	-1.0	-1246	3.9	5.9	-2.0	0.0	-5.9	0.0	
4.96094	-1.1	-1246	3.9	5.9	-2.0	0.0	-5.9	0.0	
4.96484	-1.0	-1246	3.9	5.9	-2.0	0.0	-5.9	0.0	
4.96875	-1.0	-1246	4.0	5.9	-1.9	0.0	-5.9	0.0	
4.97266	-1.2	-1246	4.0	6.0	-2.0	0.0	-6.0	0.0	
4.97656	-1.2	-1247	4.0	5.9	-1.9	0.0	-5.9	0.0	
4.98047	-1.0	-1247	4.1	6.0	-1.9	0.0	-6.0	0.0	
4.98438	-1.0	-1247	4.1	6.0	-1.9	0.0	-6.0	0.0	
4.98828	-1.1	-1247	4.1	6.0	-1.9	0.0	-6.0	0.0	
4.99219	-1.0	-1247	4.2	6.0	-1.8	0.0	-6.0	0.0	
4.99609	-1.0	-1247	4.2	6.0	-1.8	0.0	-6.0	0.0	
5.00000	-1.1	-1247	4.2	6.0	-1.8	0.0	-6.0	0.0	
5.00391	-1.0	-1247	4.2	6.1	-1.9	0.0	-6.1	0.0	
5.00781	-0.9	-1247	4.3	6.1	-1.8	0.0	-6.1	0.0	
5.01172	-0.9	-1247	4.3	6.1	-1.8	0.0	-6.1	0.0	
5.01562	-1.0	-1247	4.3	6.1	-1.8	0.0	-6.1	0.0	
5.01953	-0.9	-1247	4.3	6.1	-1.8	0.0	-6.1	0.0	
5.02344	-0.9	-1247	4.3	6.1	-1.8	0.0	-6.1	0.0	
5.02734	-1.0	-1247	4.3	6.2	-1.9	0.0	-6.2	0.0	
5.03125	-0.9	-1247	4.4	6.2	-1.8	0.0	-6.2	0.0	
5.03516	-0.9	-1247	4.4	6.2	-1.8	0.0	-6.2	0.0	
5.03906	-0.9	-1248	4.4	6.2	-1.8	0.0	-6.2	0.0	
5.04297	-0.9	-1248	4.4	6.2	-1.8	0.0	-6.2	0.0	
5.04688	-1.0	-1248	4.4	6.2	-1.8	0.0	-6.2	0.0	
5.05078	-1.1	-1248	4.4	6.2	-1.8	0.0	-6.2	0.0	
5.05469	-1.0	-1248	4.5	6.3	-1.8	0.0	-6.3	0.0	
5.05859	-1.0	-1248	4.5	6.3	-1.8	0.0	-6.3	0.0	
5.06250	-0.9	-1248	4.5	6.3	-1.8	0.0	-6.3	0.0	
5.06641	-0.8	-1248	4.5	6.3	-1.8	0.0	-6.3	0.0	
5.07031	-0.9	-1248	4.6	6.3	-1.7	0.0	-6.3	0.0	
5.07422	-1.0	-1248	4.5	6.3	-1.8	0.0	-6.3	0.0	
5.07812	-0.8	-1248	4.6	6.3	-1.7	0.0	-6.3	0.0	
5.08203	-0.7	-1248	4.6	6.4	-1.8	0.0	-6.4	0.0	
5.08594	-0.8	-1248	4.6	6.4	-1.8	0.0	-6.4	0.0	
5.08984	-0.9	-1248	4.6	6.4	-1.8	0.0	-6.4	0.0	
5.09375	-1.0	-1248	4.7	6.4	-1.7	0.0	-6.4	0.0	
5.09766	-0.8	-1248	4.7	6.4	-1.7	0.0	-6.4	0.0	
5.10156	-0.8	-1248	4.6	6.4	-1.8	0.0	-6.4	0.0	
5.10547	-0.8	-1249	4.7	6.4	-1.7	0.0	-6.4	0.0	
5.10938	-0.7	-1249	4.7	6.4	-1.7	0.0	-6.4	0.0	
5.11328	-0.9	-1249	4.6	6.4	-1.8	0.0	-6.4	0.0	
5.11719	-0.9	-1249	4.7	6.5	-1.8	0.0	-6.5	0.0	
5.12109	-0.7	-1249	4.7	6.5	-1.8	0.0	-6.5	0.0	
5.12500	-0.7	-1249	4.6	6.5	-1.9	0.0	-6.5	0.0	
5.12891	-0.8	-1249	4.7	6.5	-1.8	0.0	-6.5	0.0	
5.13281	-0.7	-1249	4.7	6.5	-1.8	0.0	-6.5	0.0	
5.13672	-0.8	-1249	4.6	6.5	-1.9	0.0	-6.5	0.0	
5.14062	-0.9	-1249	4.6	6.5	-1.9	0.0	-6.5	0.0	
5.14453	-0.8	-1249	4.6	6.5	-1.9	0.0	-6.5	0.0	
5.14844	-0.8	-1249	4.6	6.5	-1.9	0.0	-6.5	0.0	
5.15234	-0.9	-1249	4.6	6.5	-1.9	0.0	-6.5	0.0	
5.15625	-0.8	-1249	4.7	6.5	-1.8	0.0	-6.5	0.0	
5.16016	-0.8	-1249	4.7	6.5	-1.8	0.0	-6.5	0.0	
5.16406	-1.0	-1249	4.6	6.5	-1.9	0.0	-6.5	0.0	
5.16797	-0.9	-1249	4.7	6.6	-1.9	0.0	-6.6	0.0	
5.17188	-0.9	-1249	4.7	6.6	-1.9	0.0	-6.6	0.0	
5.17578	-0.9	-1250	4.7	6.5	-1.8	0.0	-6.5	0.0	
5.17969	-0.8	-1250	4.7	6.6	-1.9	0.0	-6.6	0.0	
5.18359	-0.8	-1250	4.8	6.6	-1.8	0.0	-6.6	0.0	
5.18750	-0.9	-1250	4.8	6.6	-1.8	0.0	-6.6	0.0	
5.19141	-0.9	-1250	4.8	6.6	-1.8	0.0	-6.6	0.0	
5.19531	-0.9	-1250	4.8	6.6	-1.8	0.0	-6.6	0.0	
5.19922	-0.9	-1250	4.8	6.6	-1.8	0.0	-6.6	0.0	
5.20312	-1.1	-1250	4.8	6.6	-1.8	0.0	-6.6	0.0	
5.20703	-0.9	-1250	4.9	6.7	-1.8	0.0	-6.7	0.0	
5.21094	-0.9	-1250	4.9	6.6	-1.7	0.0	-6.6	0.0	
5.21484	-1.0	-1250	4.9	6.6	-1.7	0.0	-6.6	0.0	
5.21875	-0.8	-1250	4.9	6.7	-1.8	0.0	-6.7	0.0	
5.22266	-0.9	-1250	4.9	6.7	-1.8	0.0	-6.7	0.0	
5.22656	-1.0	-1250	4.9	6.7	-1.8	0.0	-6.7	0.0	
5.23047	-0.9	-1250	5.0	6.7	-1.7	0.0	-6.7	0.0	
5.23438	-0.9	-1250	5.0	6.7	-1.7	0.0	-6.7	0.0	
5.23828	-1.0	-1250	5.0	6.8	-1.8	0.0	-6.8	0.0	
5.24219	-1.0	-1251	5.1	6.8	-1.7	0.0	-6.8	0.0	
5.24609	-1.0	-1251	5.1	6.8	-1.7	0.0	-6.8	0.0	
5.25000	-1.1	-1251	5.1	6.8	-1.7	0.0	-6.8	0.0	
5.25391	-1.0	-1251	5.1	6.9	-1.8	0.0	-6.9	0.0	
5.25781	-0.9	-1251	5.2	6.9	-1.7	0.0	-6.9	0.0	
5.26172	-1.0	-1251	5.2	6.9	-1.7	0.0	-6.9	0.0	
5.26562	-0.9	-1251	5.2	7.0	-1.8	0.0	-7.0	0.0	
5.26953	-0.8	-1251	5.2	7.0	-1.8	0.0	-7.0	0.0	
5.27344	-1.0	-1251	5.2	7.0	-1.8	0.0	-7.0	0.0	
5.27734	-0.9	-1251	5.2	7.1	-1.9	0.0	-7.1	0.0	
5.28125	-0.7	-1251	5.3	7.1	-1.8	0.0	-7.1	0.0	
5.28516	-0.7	-1251	5.2	7.1	-1.9	0.0	-7.1	0.0	
5.28906	-0.9	-1251	5.2	7.1	-1.9	0.0	-7.1	0.0	
5.29297	-0.7	-1251	5.2	7.2	-2.0	0.0	-7.2	0.0	
5.29688	-0.8	-1251	5.2	7.2	-2.0	0.0	-7.2	0.0	
5.30078	-1.0	-1251	5.2	7.3	-2.1	0.0	-7.3	0.0	
5.30469	-0.7	-1251	5.2	7.3	-2.1	0.0	-7.3	0.0	
5.30859	-0.7	-1251	5.3	7.3	-2.0	0.0	-7.3	0.0	
5.31250	-0.9	-1252	5.2	7.4	-2.2	0.0	-7.4	0.0	
5.31641	-0.8	-1252	5.2	7.4	-2.2	0.0	-7.4	0.0	
5.32031	-0.7	-1252	5.2	7.4	-2.2	0.0	-7.4	0.0	
5.32422	-0.9	-1252	5.2	7.4	-2.2	0.0	-7.4	0.0	
5.32812	-0.7	-1252	5.2	7.4	-2.2	0.0	-7.4	0.0	
5.33203	-0.6	-1252	5.2	7.4	-2.2	0.0	-7.4	0.0	
5.33594	-0.8	-1252	5.2	7.4	-2.2	0.0	-7.4	0.0	
5.33984	-0.7	-1252	5.1	7.4	-2.3	0.0	-7.4	0.0	
5.34375	-0.5	-1252	5.1	7.4	-2.3	0.0	-7.4	0.0	
5.34766	-0.6	-1252	5.1	7.3	-2.2	0.0	-7.3	0.0	
5.35156	-0.7	-1252	5.1	7.3	-2.2	0.0	-7.3	0.0	
5.35547	-0.6	-1252	5.1	7.3	-2.2	0.0	-7.3	0.0	
5.35938	-0.6	-1252	5.1	7.3	-2.2	0.0	-7.3	0.0	
5.36328	-0.7	-1252	5.0	7.3	-2.3	0.0	-7.3	0.0	
5.36719	-0.8	-1252	5.0	7.2	-2.2	0.0	-7.2	0.0	
5.37109	-0.9	-1252	5.0	7.2	-2.2	0.0	-7.2	0.0	
5.37500	-1.0	-1252	5.0	7.2	-2.2	0.0	-7.2	0.0	
5.37891	-0.9	-1252	5.1	7.2	-2.1	0.0	-7.2	0.0	
5.38281	-0.7	-1252	5.0	7.2	-2.2	0.0	-7.2	0.0	
5.38672	-0.9	-1252	5.0	7.2	-2.2	0.0	-7.2	0.0	
5.39062	-1.0	-1253	5.0	7.2	-2.2	0.0	-7.2	0.0	
5.39453	-0.9	-1253	5.0	7.1	-2.1	0.0	-7.1	0.0	
5.39844	-0.8	-1253	5.1	7.2	-2.1	0.0	-7.2	0.0	
5.40234	-1.0	-1253	5.1	7.2	-2.1	0.0	-7.2	0.0	
5.40625	-1.0	-1253	5.1	7.2	-2.1	0.0	-7.2	0.0	
5.41016	-1.0	-1253	5.2	7.1	-1.9	0.0	-7.1	0.0	
5.41406	-1.1	-1253	5.2	7.1	-1.9	0.0	-7.1	0.0	
5.41797	-1.0	-1253	5.2	7.1	-1.9	0.0	-7.1	0.0	
5.42188	-0.9	-1253	5.2	7.1	-1.9	0.0	-7.1	0.0	
5.42578	-1.0	-1253	5.2	7.1	-1.9	0.0	-7.1	0.0	
5.42969	-0.9	-1253	5.3	7.2	-1.9	0.0	-7.2	0.0	
5.43359	-0.7	-1253	5.3	7.1	-1.8	0.0	-7.1	0.0	
5.43750	-0.9	-1253	5.3	7.1	-1.8	0.0	-7.1	0.0	
5.44141	-0.8	-1253	5.3	7.1	-1.8	0.0	-7.1	0.0	
5.44531	-0.7	-1253	5.3	7.1	-1.8	0.0	-7.1	0.0	
5.44922	-0.9	-1253	5.4	7.1	-1.7	0.0	-7.1	0.0	
5.45312	-0.9	-1253	5.3	7.2	-1.9	0.0	-7.2	0.0	
5.45703	-0.8	-1254	5.4	7.1	-1.7	0.0	-7.1	0.0	
5.46094	-0.8	-1254	5.4	7.2	-1.8	0.0	-7.2	0.0	
5.46484	-0.8	-1254	5.4	7.2	-1.8	0.0	-7.2	0.0	
5.46875	-0.8	-1254	5.4	7.1	-1.7	0.0	-7.1	0.0	
5.47266	-0.8	-1254	5.4	7.1	-1.7	0.0	-7.1	0.0	
5.47656	-0.8	-1254	5.4	7.1	-1.7	0.0	-7.1	0.0	
5.48047	-0.7	-1254	5.4	7.2	-1.8	0.0	-7.2	0.0	
5.48438	-0.8	-1254	5.4	7.2	-1.8	0.0	-7.2	0.0	
5.48828	-0.8	-1254	5.4	7.2	-1.8	0.0	-7.2	0.0	
5.49219	-0.8	-1254	5.4	7.2	-1.8	0.0	-7.2	0.0	
5.49609	-0.7	-1254	5.3	7.2	-1.9	0.0	-7.2	0.0	
5.50000	-0.9	-1254	5.4	7.2	-1.8	0.0	-7.2	0.0	
5.50391	-0.9	-1254	5.4	7.2	-1.8	0.0	-7.2	0.0	
5.50781	-0.6	-1254	5.4	7.2	-1.8	0.0	-7.2	0.0	
5.51172	-0.7	-1254	5.4	7.2	-1.8	0.0	-7.2	0.0	
5.51562	-0.9	-1254	5.4	7.2	-1.8	0.0	-7.2	0.0	
5.51953	-0.7	-1254	5.4	7.2	-1.8	0.0	-7.2	0.0	
5.52344	-0.8	-1254	5.4	7.2	-1.8	0.0	-7.2	0.0	
5.52734	-0.8	-1254	5.4	7.2	-1.8	0.0	-7.2	0.0	
5.53125	-0.7	-1254	5.5	7.2	-1.7	0.0	-7.2	0.0	
5.53516	-0.8	-1255	5.4	7.2	-1.8	0.0	-7.2	0.0	
5.53906	-0.9	-1255	5.4	7.2	-1.8	0.0	-7.2	0.0	
5.54297	-0.8	-1255	5.4	7.2	-1.8	0.0	-7.2	0.0	
5.54688	-0.8	-1255	5.4	7.2	-1.8	0.0	-7.2	0.0	
5.55078	-0.8	-1255	5.4	7.2	-1.8	0.0	-7.2	0.0	
5.55469	-0.8	-1255	5.4	7.2	-1.8	0.0	-7.2	0.0	
5.55859	-0.7	-1255	5.4	7.2	-1.8	0.0	-7.2	0.0	
5.56250	-0.8	-1255	5.4	7.2	-1.8	0.0	-7.2	0.0	
5.56641	-0.9	-1255	5.4	7.2	-1.8	0.0	-7.2	0.0	
5.57031	-0.8	-1255	5.4	7.2	-1.8	0.0	-7.2	0.0	
5.57422	-0.9	-1255	5.4	7.2	-1.8	0.0	-7.2	0.0	
5.57812	-0.9	-1255	5.3	7.2	-1.9	0.0	-7.2	0.0	
5.58203	-0.8	-1255	5.4	7.2	-1.8	0.0	-7.2	0.0	
5.58594	-0.8	-1255	5.4	7.2	-1.8	0.0	-7.2	0.0	
5.58984	-0.7	-1255	5.4	7.2	-1.8	0.0	-7.2	0.0	
5.59375	-0.7	-1255	5.4	7.2	-1.8	0.0	-7.2	0.0	
5.59766	-0.8	-1255	5.4	7.2	-1.8	0.0	-7.2	0.0	
5.60156	-0.8	-1255	5.4	7.2	-1.8	0.0	-7.2	0.0	
5.60547	-0.8	-1255	5.4	7.2	-1.8	0.0	-7.2	0.0	
5.60938	-0.8	-1256	5.4	7.2	-1.8	0.0	-7.2	0.0	
5.61328	-0.8	-1256	5.4	7.2	-1.8	0.0	-7.2	0.0	
5.61719	-0.8	-1256	5.4	7.2	-1.8	0.0	-7.2	0.0	
5.62109	-0.7	-1256	5.4	7.2	-1.8	0.0	-7.2	0.0	
5.62500	-0.8	-1256	5.4	7.2	-1.8	0.0	-7.2	0.0	
5.62891	-0.9	-1256	5.4	7.2	-1.8	0.0	-7.2	0.0	
5.63281	-0.7	-1256	5.4	7.2	-1.8	0.0	-7.2	0.0	
5.63672	-0.7	-1256	5.4	7.2	-1.8	0.0	-7.2	0.0	
5.64062	-0.8	-1256	5.4	7.2	-1.8	0.0	-7.2	0.0	
5.64453	-0.7	-1256	5.4	7.3	-1.9	0.0	-7.3	0.0	
5.64844	-0.9	-1256	5.3	7.2	-1.9	0.0	-7.2	0.0	
5.65234	-0.9	-1256	5.4	7.3	-1.9	0.0	-7.3	0.0	
5.65625	-0.7	-1256	5.5	7.3	-1.8	0.0	-7.3	0.0	
5.66016	-0.8	-1256	5.5	7.3	-1.8	0.0	-7.3	0.0	
5.66406	-0.9	-1256	5.4	7.2	-1.8	0.0	-7.2	0.0	
5.66797	-0.8	-1256	5.5	7.2	-1.7	0.0	-7.2	0.0	
5.67188	-0.8	-1256	5.5	7.2	-1.7	0.0	-7.2	0.0	
5.67578	-0.8	-1256	5.5	7.3	-1.8	0.0	-7.3	0.0	
5.67969	-0.8	-1256	5.5	7.3	-1.8	0.0	-7.3	0.0	
5.68359	-0.8	-1257	5.6	7.3	-1.7	0.0	-7.3	0.0	
5.68750	-0.8	-1257	5.5	7.3	-1.8	0.0	-7.3	0.0	
5.69141	-0.8	-1257	5.5	7.3	-1.8	0.0	-7.3	0.0	
5.69531	-0.8	-1257	5.6	7.3	-1.7	0.0	-7.3	0.0	
5.69922	-0.9	-1257	5.6	7.3	-1.7	0.0	-7.3	0.0	
5.70312	-1.0	-1257	5.6	7.3	-1.7	0.0	-7.3	0.0	
5.70703	-0.6	-1257	5.6	7.3	-1.7	0.0	-7.3	0.0	
5.71094	-0.6	-1257	5.7	7.3	-1.6	0.0	-7.3	0.0	
5.71484	-0.9	-1257	5.6	7.3	-1.7	0.0	-7.3	0.0	
5.71875	-0.8	-1257	5.6	7.4	-1.8	0.0	-7.4	0.0	
5.72266	-0.8	-1257	5.6	7.4	-1.8	0.0	-7.4	0.0	
5.72656	-0.8	-1257	5.6	7.3	-1.7	0.0	-7.3	0.0	
5.73047	-0.7	-1257	5.7	7.4	-1.7	0.0	-7.4	0.0	
5.73438	-0.8	-1257	5.7	7.4	-1.7	0.0	-7.4	0.0	
5.73828	-0.8	-1257	5.7	7.5	-1.8	0.0	-7.5	0.0	
5.74219	-0.8	-1257	5.7	7.5	-1.8	0.0	-7.5	0.0	
5.74609	-0.8	-1257	5.6	7.5	-1.9	0.0	-7.5	0.0	
5.75000	-0.8	-1257	5.6	7.4	-1.8	0.0	-7.4	0.0	
5.75391	-0.7	-1257	5.7	7.5	-1.8	0.0	-7.5	0.0	
5.75781	-0.8	-1258	5.7	7.5	-1.8	0.0	-7.5	0.0	
5.76172	-0.9	-1258	5.7	7.5	-1.8	0.0	-7.5	0.0	
5.76562	-0.9	-1258	5.7	7.5	-1.8	0.0	-7.5	0.0	
5.76953	-0.8	-1258	5.7	7.6	-1.9	0.0	-7.6	0.0	
5.77344	-0.9	-1258	5.7	7.6	-1.9	0.0	-7.6	0.0	
5.77734	-0.9	-1258	5.7	7.7	-2.0	0.0	-7.7	0.0	
5.78125	-0.8	-1258	5.7	7.7	-2.0	0.0	-7.7	0.0	
5.78516	-0.8	-1258	5.7	7.7	-2.0	0.0	-7.7	0.0	
5.78906	-0.9	-1258	5.7	7.7	-2.0	0.0	-7.7	0.0	
5.79297	-0.7	-1258	5.7	7.7	-2.0	0.0	-7.7	0.0	
5.79688	-0.8	-1258	5.7	7.8	-2.1	0.0	-7.8	0.0	
5.80078	-0.9	-1258	5.7	7.9	-2.2	0.0	-7.9	0.0	
5.80469	-0.7	-1258	5.7	7.8	-2.1	0.0	-7.8	0.0	
5.80859	-0.7	-1258	5.8	7.8	-2.0	0.0	-7.8	0.0	
5.81250	-0.9	-1258	5.6	7.9	-2.3	0.0	-7.9	0.0	
5.81641	-0.8	-1258	5.7	7.9	-2.2	0.0	-7.9	0.0	
5.82031	-0.8	-1258	5.7	7.9	-2.2	0.0	-7.9	0.0	
5.82422	-0.8	-1258	5.6	7.9	-2.3	0.0	-7.9	0.0	
5.82812	-0.6	-1258	5.7	7.9	-2.2	0.0	-7.9	0.0	
5.83203	-0.5	-1258	5.7	7.9	-2.2	0.0	-7.9	0.0	
5.83594	-0.6	-1259	5.6	7.9	-2.3	0.0	-7.9	0.0	
5.83984	-0.5	-1259	5.5	7.8	-2.3	0.0	-7.8	0.0	
5.84375	-0.4	-1259	5.5	7.8	-2.3	0.0	-7.8	0.0	
5.84766	-0.6	-1259	5.5	7.8	-2.3	0.0	-7.8	0.0	
5.85156	-0.6	-1259	5.4	7.7	-2.3	0.0	-7.7	0.0	
5.85547	-0.6	-1259	5.4	7.7	-2.3	0.0	-7.7	0.0	
5.85938	-0.6	-1259	5.4	7.7	-2.3	0.0	-7.7	0.0	
5.86328	-0.7	-1259	5.3	7.7	-2.4	0.0	-7.7	0.0	
5.86719	-0.7	-1259	5.3	7.7	-2.4	0.0	-7.7	0.0	
5.87109	-0.7	-1259	5.3	7.7	-2.4	0.0	-7.7	0.0	
5.87500	-0.8	-1259	5.3	7.6	-2.3	0.0	-7.6	0.0	
5.87891	-0.9	-1259	5.3	7.6	-2.3	0.0	-7.6	0.0	
5.88281	-0.7	-1259	5.3	7.6	-2.3	0.0	-7.6	0.0	
5.88672	-0.7	-1259	5.3	7.6	-2.3	0.0	-7.6	0.0	
5.89062	-0.9	-1259	5.3	7.6	-2.3	0.0	-7.6	0.0	
5.89453	-0.9	-1259	5.3	7.6	-2.3	0.0	-7.6	0.0	
5.89844	-0.9	-1259	5.3	7.5	-2.2	0.0	-7.5	0.0	
5.90234	-0.9	-1259	5.4	7.5	-2.1	0.0	-7.5	0.0	
5.90625	-0.8	-1259	5.5	7.5	-2.0	0.0	-7.5	0.0	
5.91016	-0.9	-1259	5.4	7.5	-2.1	0.0	-7.5	0.0	
5.91406	-1.0	-1259	5.4	7.5	-2.1	0.0	-7.5	0.0	
5.91797	-0.8	-1260	5.5	7.5	-2.0	0.0	-7.5	0.0	
5.92188	-0.9	-1260	5.5	7.5	-2.0	0.0	-7.5	0.0	
5.92578	-1.0	-1260	5.5	7.5	-2.0	0.0	-7.5	0.0	
5.92969	-0.7	-1260	5.5	7.5	-2.0	0.0	-7.5	0.0	
5.93359	-0.7	-1260	5.5	7.5	-2.0	0.0	-7.5	0.0	
5.93750	-1.0	-1260	5.5	7.5	-2.0	0.0	-7.5	0.0	
5.94141	-0.8	-1260	5.6	7.5	-1.9	0.0	-7.5	0.0	
5.94531	-0.7	-1260	5.6	7.5	-1.9	0.0	-7.5	0.0	
5.94922	-1.0	-1260	5.6	7.5	-1.9	0.0	-7.5	0.0	
5.95312	-0.8	-1260	5.6	7.5	-1.9	0.0	-7.5	0.0	
5.95703	-0.7	-1260	5.7	7.5	-1.8	0.0	-7.5	0.0	
5.96094	-0.8	-1260	5.7	7.5	-1.8	0.0	-7.5	0.0	
5.96484	-0.8	-1260	5.7	7.5	-1.8	0.0	-7.5	0.0	
5.96875	-0.9	-1260	5.7	7.5	-1.8	0.0	-7.5	0.0	
5.97266	-0.9	-1260	5.7	7.5	-1.8	0.0	-7.5	0.0	
5.97656	-0.9	-1260	5.7	7.5	-1.8	0.0	-7.5	0.0	
5.98047	-0.8	-1260	5.7	7.5	-1.8	0.0	-7.5	0.0	
5.98438	-0.6	-1260	5.7	7.5	-1.8	0.0	-7.5	0.0	
5.98828	-0.8	-1261	5.7	7.6	-1.9	0.0	-7.6	0.0	
5.99219	-0.9	-1261	5.7	7.5	-1.8	0.0	-7.5	0.0	
5.99609	-0.7	-1261	5.7	7.5	-1.8	0.0	-7.5	0.0	
6.00000	-0.8	-1261	5.7	7.6	-1.9	0.0	-7.6	0.0	
6.00391	-0.8	-1261	5.7	7.5	-1.8	0.0	-7.5	0.0	
6.00781	-0.7	-1261	5.8	7.6	-1.8	0.0	-7.6	0.0	
6.01172	-0.7	-1261	5.7	7.5	-1.8	0.0	-7.5	0.0	
6.01562	-0.8	-1261	5.7	7.5	-1.8	0.0	-7.5	0.0	
6.01953	-0.7	-1261	5.8	7.5	-1.7	0.0	-7.5	0.0	
6.02344	-0.7	-1261	5.7	7.6	-1.9	0.0	-7.6	0.0	
6.02734	-0.8	-1261	5.8	7.5	-1.7	0.0	-7.5	0.0	
6.03125	-0.7	-1261	5.8	7.6	-1.8	0.0	-7.6	0.0	
6.03516	-0.7	-1261	5.8	7.5	-1.7	0.0	-7.5	0.0	
6.03906	-0.8	-1261	5.8	7.5	-1.7	0.0	-7.5	0.0	
6.04297	-0.7	-1261	5.8	7.5	-1.7	0.0	-7.5	0.0	
6.04688	-0.8	-1261	5.8	7.6	-1.8	0.0	-7.6	0.0	
6.05078	-0.9	-1261	5.7	7.5	-1.8	0.0	-7.5	0.0	
6.05469	-0.8	-1261	5.8	7.5	-1.7	0.0	-7.5	0.0	
6.05859	-0.8	-1261	5.8	7.5	-1.7	0.0	-7.5	0.0	
6.06250	-1.0	-1261	5.7	7.5	-1.8	0.0	-7.5	0.0	
6.06641	-0.9	-1262	5.8	7.5	-1.7	0.0	-7.5	0.0	
6.07031	-0.8	-1262	5.8	7.5	-1.7	0.0	-7.5	0.0	
6.07422	-0.9	-1262	5.8	7.5	-1.7	0.0	-7.5	0.0	
6.07812	-1.0	-1262	5.8	7.5	-1.7	0.0	-7.5	0.0	
6.08203	-0.7	-1262	5.8	7.6	-1.8	0.0	-7.6	0.0	
6.08594	-0.8	-1262	5.8	7.5	-1.7	0.0	-7.5	0.0	
6.08984	-0.9	-1262	5.8	7.5	-1.7	0.0	-7.5	0.0	
6.09375	-0.7	-1262	5.8	7.6	-1.8	0.0	-7.6	0.0	
6.09766	-0.8	-1262	5.8	7.6	-1.8	0.0	-7.6	0.0	
6.10156	-0.9	-1262	5.8	7.6	-1.8	0.0	-7.6	0.0	
6.10547	-0.7	-1262	5.8	7.6	-1.8	0.0	-7.6	0.0	
6.10938	-0.7	-1262	5.9	7.5	-1.6	0.0	-7.5	0.0	
6.11328	-0.8	-1262	5.8	7.5	-1.7	0.0	-7.5	0.0	
6.11719	-0.8	-1262	5.8	7.6	-1.8	0.0	-7.6	0.0	
6.12109	-0.8	-1262	5.8	7.6	-1.8	0.0	-7.6	0.0	
6.12500	-0.8	-1262	5.7	7.6	-1.9	0.0	-7.6	0.0	
6.12891	-0.7	-1262	5.7	7.5	-1.8	0.0	-7.5	0.0	
6.13281	-0.6	-1262	5.8	7.6	-1.8	0.0	-7.6	0.0	
6.13672	-0.8	-1262	5.8	7.6	-1.8	0.0	-7.6	0.0	
6.14062	-0.9	-1263	5.8	7.6	-1.8	0.0	-7.6	0.0	
6.14453	-0.7	-1263	5.8	7.6	-1.8	0.0	-7.6	0.0	
6.14844	-0.8	-1263	5.8	7.6	-1.8	0.0	-7.6	0.0	
6.15234	-0.8	-1263	5.8	7.6	-1.8	0.0	-7.6	0.0	
6.15625	-0.7	-1263	5.8	7.6	-1.8	0.0	-7.6	0.0	
6.16016	-0.7	-1263	5.8	7.6	-1.8	0.0	-7.6	0.0	
6.16406	-1.0	-1263	5.8	7.6	-1.8	0.0	-7.6	0.0	
6.16797	-0.9	-1263	5.9	7.6	-1.7	0.0	-7.6	0.0	
6.17188	-0.8	-1263	5.9	7.6	-1.7	0.0	-7.6	0.0	
6.17578	-0.9	-1263	5.8	7.6	-1.8	0.0	-7.6	0.0	
6.17969	-0.8	-1263	5.9	7.6	-1.7	0.0	-7.6	0.0	
6.18359	-0.7	-1263	5.9	7.6	-1.7	0.0	-7.6	0.0	
6.18750	-0.8	-1263	5.9	7.6	-1.7	0.0	-7.6	0.0	
6.19141	-0.8	-1263	5.9	7.6	-1.7	0.0	-7.6	0.0	
6.19531	-0.8	-1263	5.9	7.6	-1.7	0.0	-7.6	0.0	
6.19922	-0.9	-1263	5.9	7.6	-1.7	0.0	-7.6	0.0	
6.20312	-1.0	-1263	5.9	7.6	-1.7	0.0	-7.6	0.0	
6.20703	-0.7	-1263	6.0	7.6	-1.6	0.0	-7.6	0.0	
6.21094	-0.8	-1263	5.9	7.7	-1.8	0.0	-7.7	0.0	
6.21484	-0.9	-1264	5.9	7.7	-1.8	0.0	-7.7	0.0	
6.21875	-0.9	-1264	6.0	7.7	-1.7	0.0	-7.7	0.0	
6.22266	-0.8	-1264	6.0	7.7	-1.7	0.0	-7.7	0.0	
6.22656	-0.8	-1264	6.0	7.7	-1.7	0.0	-7.7	0.0	
6.23047	-0.7	-1264	6.1	7.7	-1.6	0.0	-7.7	0.0	
6.23438	-0.9	-1264	6.1	7.7	-1.6	0.0	-7.7	0.0	
6.23828	-0.9	-1264	6.0	7.7	-1.7	0.0	-7.7	0.0	
6.24219	-0.8	-1264	6.0	7.8	-1.8	0.0	-7.8	0.0	
6.24609	-0.9	-1264	6.0	7.8	-1.8	0.0	-7.8	0.0	
6.25000	-1.0	-1264	6.0	7.8	-1.8	0.0	-7.8	0.0	
6.25391	-0.8	-1264	6.0	7.9	-1.9	0.0	-7.9	0.0	
6.25781	-0.8	-1264	6.0	7.9	-1.9	0.0	-7.9	0.0	
6.26172	-0.9	-1264	6.0	7.9	-1.9	0.0	-7.9	0.0	
6.26562	-0.9	-1264	6.0	8.0	-2.0	0.0	-8.0	0.0	
6.26953	-0.8	-1264	6.0	8.0	-2.0	0.0	-8.0	0.0	
6.27344	-0.9	-1264	6.0	8.0	-2.0	0.0	-8.0	0.0	
6.27734	-0.8	-1264	6.1	8.0	-1.9	0.0	-8.0	0.0	
6.28125	-0.7	-1264	6.0	8.0	-2.0	0.0	-8.0	0.0	
6.28516	-0.9	-1265	6.1	8.0	-1.9	0.0	-8.0	0.0	
6.28906	-0.8	-1265	6.1	8.1	-2.0	0.0	-8.1	0.0	
6.29297	-0.7	-1265	6.1	8.1	-2.0	0.0	-8.1	0.0	
6.29688	-0.8	-1265	6.0	8.1	-2.1	0.0	-8.1	0.0	
6.30078	-0.9	-1265	6.0	8.1	-2.1	0.0	-8.1	0.0	
6.30469	-0.8	-1265	6.1	8.2	-2.1	0.0	-8.2	0.0	
6.30859	-0.8	-1265	6.1	8.3	-2.2	0.0	-8.3	0.0	
6.31250	-0.8	-1265	6.1	8.2	-2.1	0.0	-8.2	0.0	
6.31641	-0.8	-1265	6.1	8.2	-2.1	0.0	-8.2	0.0	
6.32031	-0.7	-1265	6.0	8.3	-2.3	0.0	-8.3	0.0	
6.32422	-0.7	-1265	6.0	8.3	-2.3	0.0	-8.3	0.0	
6.32812	-0.7	-1265	5.9	8.2	-2.3	0.0	-8.2	0.0	
6.33203	-0.6	-1265	5.9	8.2	-2.3	0.0	-8.2	0.0	
6.33594	-0.6	-1265	5.9	8.2	-2.3	0.0	-8.2	0.0	
6.33984	-0.6	-1265	5.9	8.2	-2.3	0.0	-8.2	0.0	
6.34375	-0.3	-1265	5.8	8.1	-2.3	0.0	-8.1	0.0	
6.34766	-0.4	-1265	5.8	8.1	-2.3	0.0	-8.1	0.0	
6.35156	-0.5	-1265	5.8	8.1	-2.3	0.0	-8.1	0.0	
6.35547	-0.3	-1265	5.7	8.1	-2.4	0.0	-8.1	0.0	
6.35938	-0.6	-1265	5.7	8.1	-2.4	0.0	-8.1	0.0	
6.36328	-0.7	-1265	5.7	8.1	-2.4	0.0	-8.1	0.0	
6.36719	-0.6	-1265	5.6	8.1	-2.5	0.0	-8.1	0.0	
6.37109	-0.7	-1265	5.6	8.0	-2.4	0.0	-8.0	0.0	
6.37500	-0.8	-1265	5.6	8.0	-2.4	0.0	-8.0	0.0	
6.37891	-0.7	-1266	5.6	8.0	-2.4	0.0	-8.0	0.0	
6.38281	-0.9	-1266	5.7	8.0	-2.3	0.0	-8.0	0.0	
6.38672	-1.0	-1266	5.6	8.0	-2.4	0.0	-8.0	0.0	
6.39062	-0.9	-1266	5.6	8.0	-2.4	0.0	-8.0	0.0	
6.39453	-0.8	-1266	5.7	8.0	-2.3	0.0	-8.0	0.0	
6.39844	-0.9	-1266	5.7	8.0	-2.3	0.0	-8.0	0.0	
6.40234	-1.0	-1266	5.7	8.0	-2.3	0.0	-8.0	0.0	
6.40625	-0.9	-1266	5.8	7.9	-2.1	0.0	-7.9	0.0	
6.41016	-1.0	-1266	5.8	8.0	-2.2	0.0	-8.0	0.0	
6.41406	-1.0	-1266	5.8	8.0	-2.2	0.0	-8.0	0.0	
6.41797	-0.8	-1266	5.8	8.0	-2.2	0.0	-8.0	0.0	
6.42188	-0.9	-1266	5.9	8.0	-2.1	0.0	-8.0	0.0	
6.42578	-1.0	-1266	5.8	8.0	-2.2	0.0	-8.0	0.0	
6.42969	-0.9	-1266	5.9	8.0	-2.1	0.0	-8.0	0.0	
6.43359	-0.9	-1266	5.9	8.0	-2.1	0.0	-8.0	0.0	
6.43750	-0.9	-1266	5.9	8.0	-2.1	0.0	-8.0	0.0	
6.44141	-0.8	-1266	5.9	8.0	-2.1	0.0	-8.0	0.0	
6.44531	-0.8	-1267	5.9	8.0	-2.1	0.0	-8.0	0.0	
6.44922	-0.8	-1267	5.9	8.0	-2.1	0.0	-8.0	0.0	
6.45312	-0.8	-1267	5.9	8.0	-2.1	0.0	-8.0	0.0	
6.45703	-0.7	-1267	6.0	8.1	-2.1	0.0	-8.1	0.0	
6.46094	-0.8	-1267	5.9	8.1	-2.2	0.0	-8.1	0.0	
6.46484	-0.8	-1267	5.9	8.0	-2.1	0.0	-8.0	0.0	
6.46875	-0.8	-1267	6.0	8.0	-2.0	0.0	-8.0	0.0	
6.47266	-0.7	-1267	6.0	8.1	-2.1	0.0	-8.1	0.0	
6.47656	-0.8	-1267	6.0	8.0	-2.0	0.0	-8.0	0.0	
6.48047	-0.7	-1267	6.0	8.0	-2.0	0.0	-8.0	0.0	
6.48438	-0.7	-1267	5.9	8.1	-2.2	0.0	-8.1	0.0	
6.48828	-0.9	-1267	5.9	8.1	-2.2	0.0	-8.1	0.0	
6.49219	-0.8	-1267	6.0	8.1	-2.1	0.0	-8.1	0.0	
6.49609	-0.7	-1267	5.9	8.1	-2.2	0.0	-8.1	0.0	
6.50000	-0.7	-1267	5.9	8.1	-2.2	0.0	-8.1	0.0	
6.50391	-0.7	-1267	6.0	8.1	-2.1	0.0	-8.1	0.0	
6.50781	-0.8	-1267	6.0	8.1	-2.1	0.0	-8.1	0.0	
6.51172	-0.9	-1267	6.0	8.0	-2.0	0.0	-8.0	0.0	
6.51562	-0.9	-1267	6.0	8.1	-2.1	0.0	-8.1	0.0	
6.51953	-0.8	-1268	6.0	8.1	-2.1	0.0	-8.1	0.0	
6.52344	-0.8	-1268	6.0	8.1	-2.1	0.0	-8.1	0.0	
6.52734	-0.8	-1268	6.0	8.1	-2.1	0.0	-8.1	0.0	
6.53125	-0.8	-1268	6.0	8.1	-2.1	0.0	-8.1	0.0	
6.53516	-0.8	-1268	6.0	8.1	-2.1	0.0	-8.1	0.0	
6.53906	-0.8	-1268	5.9	8.2	-2.3	0.0	-8.2	0.0	
6.54297	-0.8	-1268	6.0	8.2	-2.2	0.0	-8.2	0.0	
6.54688	-0.8	-1268	6.0	8.1	-2.1	0.0	-8.1	0.0	
6.55078	-0.8	-1268	5.9	8.2	-2.3	0.0	-8.2	0.0	
6.55469	-0.8	-1268	6.0	8.2	-2.2	0.0	-8.2	0.0	
6.55859	-0.8	-1268	6.0	8.2	-2.2	0.0	-8.2	0.0	
6.56250	-0.8	-1268	6.0	8.2	-2.2	0.0	-8.2	0.0	
6.56641	-0.7	-1268	6.0	8.2	-2.2	0.0	-8.2	0.0	
6.57031	-0.7	-1268	6.0	8.3	-2.3	0.0	-8.3	0.0	
6.57422	-0.8	-1268	6.0	8.2	-2.2	0.0	-8.2	0.0	
6.57812	-0.7	-1268	6.0	8.2	-2.2	0.0	-8.2	0.0	
6.58203	-0.8	-1268	6.0	8.3	-2.3	0.0	-8.3	0.0	
6.58594	-0.9	-1268	6.0	8.3	-2.3	0.0	-8.3	0.0	
6.58984	-0.7	-1268	5.9	8.3	-2.4	0.0	-8.3	0.0	
6.59375	-0.6	-1268	6.0	8.3	-2.3	0.0	-8.3	0.0	
6.59766	-0.7	-1269	6.0	8.3	-2.3	0.0	-8.3	0.0	
6.60156	-0.7	-1269	5.9	8.3	-2.4	0.0	-8.3	0.0	
6.60547	-0.7	-1269	5.9	8.3	-2.4	0.0	-8.3	0.0	
6.60938	-0.7	-1269	5.9	8.3	-2.4	0.0	-8.3	0.0	
6.61328	-0.8	-1269	6.0	8.3	-2.3	0.0	-8.3	0.0	
6.61719	-0.6	-1269	5.9	8.3	-2.4	0.0	-8.3	0.0	
6.62109	-0.5	-1269	5.9	8.3	-2.4	0.0	-8.3	0.0	
6.62500	-0.7	-1269	5.8	8.3	-2.5	0.0	-8.3	0.0	
6.62891	-0.7	-1269	5.8	8.3	-2.5	0.0	-8.3	0.0	
6.63281	-0.7	-1269	5.9	8.3	-2.4	0.0	-8.3	0.0	
6.63672	-0.9	-1269	5.9	8.3	-2.4	0.0	-8.3	0.0	
6.64062	-0.9	-1269	5.8	8.3	-2.5	0.0	-8.3	0.0	
6.64453	-0.6	-1269	5.8	8.3	-2.5	0.0	-8.3	0.0	
6.64844	-0.8	-1269	5.8	8.3	-2.5	0.0	-8.3	0.0	
6.65234	-0.8	-1269	5.8	8.3	-2.5	0.0	-8.3	0.0	
6.65625	-0.8	-1269	5.8	8.4	-2.6	0.0	-8.4	0.0	
6.66016	-1.0	-1269	5.9	8.4	-2.5	0.0	-8.4	0.0	
6.66406	-0.9	-1269	5.8	8.3	-2.5	0.0	-8.3	0.0	
6.66797	-0.9	-1269	5.9	8.3	-2.4	0.0	-8.3	0.0	
6.67188	-1.0	-1269	5.9	8.4	-2.5	0.0	-8.4	0.0	
6.67578	-0.9	-1270	5.9	8.3	-2.4	0.0	-8.3	0.0	
6.67969	-0.8	-1270	5.9	8.3	-2.4	0.0	-8.3	0.0	
6.68359	-0.8	-1270	5.9	8.4	-2.5	0.0	-8.4	0.0	
6.68750	-0.9	-1270	6.0	8.4	-2.4	0.0	-8.4	0.0	
6.69141	-1.0	-1270	6.0	8.4	-2.4	0.0	-8.4	0.0	
6.69531	-0.7	-1270	6.2	8.5	-2.3	0.0	-8.5	0.0	
6.69922	-0.3	-1270	7.0	8.4	-1.4	0.0	-8.4	0.0	
6.70312	1.4	-1270	8.3	8.4	-0.1	0.0	-8.4	0.0	
6.70703	5.9	-1269	9.7	8.5	1.2	0.0	-8.5	0.0	
6.71094	10.2	-1269	10.6	8.5	2.1	0.0	-8.5	0.0	
6.71484	14.0	-1268	11.1	8.5	2.6	0.0	-8.5	0.0	
6.71875	19.9	-1266	11.1	8.6	2.5	0.0	-8.6	0.0	
6.72266	23.1	-1265	11.1	8.7	2.4	0.0	-8.7	0.0	
6.72656	20.2	-1264	11.2	8.7	2.5	0.0	-8.7	0.0	
6.73047	18.2	-1262	11.3	8.7	2.6	0.0	-8.7	0.0	
6.73438	18.9	-1261	11.4	8.7	2.7	0.0	-8.7	0.0	
6.73828	19.3	-1260	11.5	8.8	2.7	0.0	-8.8	0.0	
6.74219	21.1	-1259	11.6	8.9	2.7	0.0	-8.9	0.0	
6.74609	21.9	-1257	11.7	8.9	2.8	0.0	-8.9	0.0	
6.75000	19.9	-1256	11.8	9.0	2.8	0.0	-9.0	0.0	
6.75391	18.6	-1255	11.9	9.0	2.9	0.0	-9.0	0.0	
6.75781	17.8	-1254	12.0	9.1	2.9	0.0	-9.1	0.0	
6.76172	18.0	-1252	11.9	9.1	2.8	0.0	-9.1	0.0	
6.76562	19.9	-1251	11.9	9.2	2.7	0.0	-9.2	0.0	
6.76953	20.9	-1250	12.0	9.3	2.7	0.0	-9.3	0.0	
6.77344	19.9	-1248	12.0	9.2	2.8	0.0	-9.2	0.0	
6.77734	19.2	-1247	12.0	9.3	2.7	0.0	-9.3	0.0	
6.78125	19.7	-1246	12.1	9.4	2.7	0.0	-9.4	0.0	
6.78516	19.5	-1245	12.1	9.4	2.7	0.0	-9.4	0.0	
6.78906	18.4	-1243	12.1	9.5	2.6	0.0	-9.5	0.0	
6.79297	18.0	-1242	12.2	9.5	2.7	0.0	-9.5	0.0	
6.79688	18.1	-1241	12.3	9.6	2.7	0.0	-9.6	0.0	
6.80078	19.3	-1240	12.3	9.6	2.7	0.0	-9.6	0.0	
6.80469	19.4	-1239	12.4	9.7	2.7	0.0	-9.7	0.0	
6.80859	18.3	-1237	12.4	9.8	2.6	0.0	-9.8	0.0	
6.81250	19.0	-1236	12.2	9.8	2.4	0.0	-9.8	0.0	
6.81641	19.4	-1235	12.2	9.8	2.4	0.0	-9.8	0.0	
6.82031	18.8	-1234	12.2	9.8	2.4	0.0	-9.8	0.0	
6.82422	19.6	-1232	12.2	9.8	2.4	0.0	-9.8	0.0	
