FluxView - FluxMed acquisition system
Signal file
Serial Number	:
W version:	1.20h-OX-CO2	File version:	1.13
Sampling rate:	256 Hz
Time	Flow	Volume	Paw	Pes	Ptpulm	Pga	Ptdiaf	CO2	
0.00391	-0.6	911	9.8	8.3	1.5	8.3	0.0	8.3	
0.00781	-0.1	911	9.6	8.1	1.5	8.1	0.0	8.1	
0.01172	0.3	911	9.4	8.0	1.4	8.0	0.0	8.0	
0.01562	0.6	911	9.2	7.8	1.4	7.8	0.0	7.8	
0.01953	1.0	911	9.0	7.7	1.3	7.7	0.0	7.7	
0.02344	1.4	911	8.8	7.6	1.2	7.6	0.0	7.6	
0.02734	1.8	912	8.6	7.5	1.1	7.5	0.0	7.5	
0.03125	2.2	912	8.4	7.3	1.1	7.3	0.0	7.3	
0.03516	2.5	912	8.2	7.2	1.0	7.2	0.0	7.2	
0.03906	2.9	912	8.0	7.1	0.9	7.1	0.0	7.1	
0.04297	3.1	912	7.8	6.9	0.9	6.9	0.0	6.9	
0.04688	3.3	912	7.6	6.8	0.8	6.8	0.0	6.8	
0.05078	3.4	913	7.5	6.7	0.8	6.7	0.0	6.7	
0.05469	3.5	913	7.3	6.6	0.7	6.6	0.0	6.6	
0.05859	3.7	913	7.2	6.5	0.7	6.5	0.0	6.5	
0.06250	3.8	913	7.0	6.4	0.6	6.4	0.0	6.4	
0.06641	3.9	914	6.8	6.2	0.6	6.2	0.0	6.2	
0.07031	3.9	914	6.7	6.1	0.6	6.1	0.0	6.1	
0.07422	4.0	914	6.5	6.0	0.5	6.0	0.0	6.0	
0.07812	4.0	914	6.3	5.9	0.4	5.9	0.0	5.9	
0.08203	4.0	915	6.2	5.8	0.4	5.8	0.0	5.8	
0.08594	4.0	915	6.0	5.7	0.3	5.7	0.0	5.7	
0.08984	4.0	915	5.8	5.6	0.2	5.6	0.0	5.6	
0.09375	4.1	916	5.7	5.4	0.3	5.4	0.0	5.4	
0.09766	4.0	916	5.5	5.3	0.2	5.3	0.0	5.3	
0.10156	4.0	916	5.3	5.2	0.1	5.2	0.0	5.2	
0.10547	4.0	916	5.1	5.1	0.0	5.1	0.0	5.1	
0.10938	3.9	917	5.0	5.0	0.0	5.0	0.0	5.0	
0.11328	3.9	917	4.8	4.9	-0.1	4.9	0.0	4.9	
0.11719	3.8	917	4.6	4.8	-0.2	4.8	0.0	4.8	
0.12109	3.7	917	4.5	4.7	-0.2	4.7	0.0	4.7	
0.12500	3.7	918	4.4	4.6	-0.2	4.6	0.0	4.6	
0.12891	3.6	918	4.2	4.5	-0.3	4.5	0.0	4.5	
0.13281	3.5	918	4.1	4.4	-0.3	4.4	0.0	4.4	
0.13672	3.4	918	3.9	4.3	-0.4	4.3	0.0	4.3	
0.14062	3.3	918	3.8	4.2	-0.4	4.2	0.0	4.2	
0.14453	3.2	919	3.7	4.2	-0.5	4.2	0.0	4.2	
0.14844	3.1	919	3.6	4.1	-0.5	4.1	0.0	4.1	
0.15234	3.1	919	3.4	4.0	-0.6	4.0	0.0	4.0	
0.15625	3.0	919	3.3	3.9	-0.6	3.9	0.0	3.9	
0.16016	2.9	919	3.2	3.8	-0.6	3.8	0.0	3.8	
0.16406	2.9	920	3.1	3.7	-0.6	3.7	0.0	3.7	
0.16797	2.8	920	2.9	3.7	-0.8	3.7	0.0	3.7	
0.17188	2.7	920	2.8	3.6	-0.8	3.6	0.0	3.6	
0.17578	2.7	920	2.7	3.6	-0.9	3.6	0.0	3.6	
0.17969	2.6	920	2.6	3.5	-0.9	3.5	0.0	3.5	
0.18359	2.5	920	2.5	3.5	-1.0	3.5	0.0	3.5	
0.18750	2.5	921	2.4	3.4	-1.0	3.4	0.0	3.4	
0.19141	2.4	921	2.3	3.3	-1.0	3.3	0.0	3.3	
0.19531	2.4	921	2.2	3.3	-1.1	3.3	0.0	3.3	
0.19922	2.3	921	2.1	3.2	-1.1	3.2	0.0	3.2	
0.20312	2.2	921	2.0	3.2	-1.2	3.2	0.0	3.2	
0.20703	2.1	921	1.9	3.1	-1.2	3.1	0.0	3.1	
0.21094	2.0	922	1.9	3.1	-1.2	3.1	0.0	3.1	
0.21484	2.0	922	1.8	3.0	-1.2	3.0	0.0	3.0	
0.21875	2.0	922	1.7	3.0	-1.3	3.0	0.0	3.0	
0.22266	1.9	922	1.6	3.0	-1.4	3.0	0.0	3.0	
0.22656	1.8	922	1.5	2.9	-1.4	2.9	0.0	2.9	
0.23047	1.8	922	1.4	2.9	-1.5	2.9	0.0	2.9	
0.23438	1.8	922	1.4	2.8	-1.4	2.8	0.0	2.8	
0.23828	1.8	922	1.3	2.8	-1.5	2.8	0.0	2.8	
0.24219	1.7	922	1.2	2.8	-1.6	2.8	0.0	2.8	
0.24609	1.7	923	1.1	2.8	-1.7	2.8	0.0	2.8	
0.25000	1.6	923	1.1	2.7	-1.6	2.7	0.0	2.7	
0.25391	1.5	923	1.0	2.7	-1.7	2.7	0.0	2.7	
0.25781	1.5	923	0.9	2.7	-1.8	2.7	0.0	2.7	
0.26172	1.4	923	0.9	2.6	-1.7	2.6	0.0	2.6	
0.26562	1.3	923	0.9	2.6	-1.7	2.6	0.0	2.6	
0.26953	1.2	923	0.8	2.6	-1.8	2.6	0.0	2.6	
0.27344	1.1	923	0.8	2.6	-1.8	2.6	0.0	2.6	
0.27734	1.0	923	0.7	2.5	-1.8	2.5	0.0	2.5	
0.28125	0.9	923	0.7	2.5	-1.8	2.5	0.0	2.5	
0.28516	0.8	923	0.7	2.5	-1.8	2.5	0.0	2.5	
0.28906	0.7	923	0.7	2.5	-1.8	2.5	0.0	2.5	
0.29297	0.6	923	0.7	2.4	-1.7	2.4	0.0	2.4	
0.29688	0.5	924	0.7	2.4	-1.7	2.4	0.0	2.4	
0.30078	0.4	924	0.7	2.4	-1.7	2.4	0.0	2.4	
0.30469	0.4	924	0.7	2.3	-1.6	2.3	0.0	2.3	
0.30859	0.3	924	0.7	2.3	-1.6	2.3	0.0	2.3	
0.31250	0.2	924	0.7	2.3	-1.6	2.3	0.0	2.3	
0.31641	0.1	924	0.7	2.3	-1.6	2.3	0.0	2.3	
0.32031	0.1	924	0.7	2.3	-1.6	2.3	0.0	2.3	
0.32422	0.0	924	0.8	2.2	-1.4	2.2	0.0	2.2	
0.32812	-0.0	924	0.8	2.2	-1.4	2.2	0.0	2.2	
0.33203	-0.0	924	0.9	2.2	-1.3	2.2	0.0	2.2	
0.33594	-0.1	924	0.9	2.1	-1.2	2.1	0.0	2.1	
0.33984	-0.2	924	1.0	2.1	-1.1	2.1	0.0	2.1	
0.34375	-0.2	924	1.1	2.1	-1.0	2.1	0.0	2.1	
0.34766	-0.3	924	1.1	2.1	-1.0	2.1	0.0	2.1	
0.35156	-0.4	924	1.2	2.1	-0.9	2.1	0.0	2.1	
0.35547	-0.5	923	1.3	2.1	-0.8	2.1	0.0	2.1	
0.35938	-0.7	923	1.4	2.1	-0.7	2.1	0.0	2.1	
0.36328	-0.9	923	1.6	2.1	-0.5	2.1	0.0	2.1	
0.36719	-1.1	923	1.7	2.1	-0.4	2.1	0.0	2.1	
0.37109	-1.4	923	1.8	2.1	-0.3	2.1	0.0	2.1	
0.37500	-1.7	923	2.0	2.1	-0.1	2.1	0.0	2.1	
0.37891	-2.1	923	2.2	2.1	0.1	2.1	0.0	2.1	
0.38281	-2.5	923	2.4	2.2	0.2	2.2	0.0	2.2	
0.38672	-2.9	923	2.7	2.2	0.5	2.2	0.0	2.2	
0.39062	-3.3	922	2.9	2.2	0.7	2.2	0.0	2.2	
0.39453	-3.8	922	3.1	2.3	0.8	2.3	0.0	2.3	
0.39844	-4.2	922	3.4	2.3	1.1	2.3	0.0	2.3	
0.40234	-4.7	922	3.7	2.4	1.3	2.4	0.0	2.4	
0.40625	-5.1	921	4.0	2.4	1.6	2.4	0.0	2.4	
0.41016	-5.5	921	4.3	2.5	1.8	2.5	0.0	2.5	
0.41406	-5.9	921	4.6	2.6	2.0	2.6	0.0	2.6	
0.41797	-6.2	920	5.0	2.7	2.3	2.7	0.0	2.7	
0.42188	-6.6	920	5.3	2.7	2.6	2.7	0.0	2.7	
0.42578	-6.8	919	5.6	2.8	2.8	2.8	0.0	2.8	
0.42969	-7.0	919	5.9	2.9	3.0	2.9	0.0	2.9	
0.43359	-7.1	918	6.2	3.0	3.2	3.0	0.0	3.0	
0.43750	-7.2	918	6.6	3.1	3.5	3.1	0.0	3.1	
0.44141	-7.2	917	6.9	3.2	3.7	3.2	0.0	3.2	
0.44531	-7.1	917	7.2	3.3	3.9	3.3	0.0	3.3	
0.44922	-6.9	916	7.4	3.5	3.9	3.5	0.0	3.5	
0.45312	-6.7	916	7.7	3.6	4.1	3.6	0.0	3.6	
0.45703	-6.5	916	7.9	3.7	4.2	3.7	0.0	3.7	
0.46094	-6.2	915	8.2	3.8	4.4	3.8	0.0	3.8	
0.46484	-5.9	915	8.4	3.9	4.5	3.9	0.0	3.9	
0.46875	-5.6	914	8.6	4.0	4.6	4.0	0.0	4.0	
0.47266	-5.3	914	8.8	4.1	4.7	4.1	0.0	4.1	
0.47656	-4.9	914	9.0	4.2	4.8	4.2	0.0	4.2	
0.48047	-4.5	914	9.2	4.3	4.9	4.3	0.0	4.3	
0.48438	-4.1	913	9.3	4.4	4.9	4.4	0.0	4.4	
0.48828	-3.8	913	9.5	4.5	5.0	4.5	0.0	4.5	
0.49219	-3.5	913	9.6	4.6	5.0	4.6	0.0	4.6	
0.49609	-3.1	913	9.8	4.7	5.1	4.7	0.0	4.7	
0.50000	-2.9	912	9.9	4.8	5.1	4.8	0.0	4.8	
0.50391	-2.6	912	10.0	4.9	5.1	4.9	0.0	4.9	
0.50781	-2.3	912	10.1	5.0	5.1	5.0	0.0	5.0	
0.51172	-2.1	912	10.2	5.1	5.1	5.1	0.0	5.1	
0.51562	-1.8	912	10.3	5.2	5.1	5.2	0.0	5.2	
0.51953	-1.6	912	10.3	5.3	5.0	5.3	0.0	5.3	
0.52344	-1.5	912	10.4	5.4	5.0	5.4	0.0	5.4	
0.52734	-1.3	912	10.5	5.5	5.0	5.5	0.0	5.5	
0.53125	-1.2	911	10.5	5.6	4.9	5.6	0.0	5.6	
0.53516	-1.1	911	10.6	5.6	5.0	5.6	0.0	5.6	
0.53906	-1.0	911	10.6	5.7	4.9	5.7	0.0	5.7	
0.54297	-0.9	911	10.7	5.8	4.9	5.8	0.0	5.8	
0.54688	-0.8	911	10.8	5.9	4.9	5.9	0.0	5.9	
0.55078	-0.7	911	10.8	5.9	4.9	5.9	0.0	5.9	
0.55469	-0.7	911	10.8	6.0	4.8	6.0	0.0	6.0	
0.55859	-0.6	911	10.9	6.1	4.8	6.1	0.0	6.1	
0.56250	-0.5	911	10.9	6.1	4.8	6.1	0.0	6.1	
0.56641	-0.5	911	11.0	6.2	4.8	6.2	0.0	6.2	
0.57031	-0.4	911	11.0	6.3	4.7	6.3	0.0	6.3	
0.57422	-0.4	911	11.0	6.3	4.7	6.3	0.0	6.3	
0.57812	-0.4	911	11.0	6.4	4.6	6.4	0.0	6.4	
0.58203	-0.3	911	11.1	6.4	4.7	6.4	0.0	6.4	
0.58594	-0.3	911	11.1	6.5	4.6	6.5	0.0	6.5	
0.58984	-0.3	911	11.2	6.5	4.7	6.5	0.0	6.5	
0.59375	-0.2	911	11.2	6.6	4.6	6.6	0.0	6.6	
0.59766	-0.2	911	11.2	6.6	4.6	6.6	0.0	6.6	
0.60156	-0.2	911	11.2	6.7	4.5	6.7	0.0	6.7	
0.60547	-0.2	911	11.3	6.7	4.6	6.7	0.0	6.7	
0.60938	-0.2	911	11.3	6.8	4.5	6.8	0.0	6.8	
0.61328	-0.2	911	11.3	6.8	4.5	6.8	0.0	6.8	
0.61719	-0.1	911	11.4	6.9	4.5	6.9	0.0	6.9	
0.62109	-0.1	911	11.4	6.9	4.5	6.9	0.0	6.9	
0.62500	-0.1	911	11.4	7.0	4.4	7.0	0.0	7.0	
0.62891	-0.1	911	11.4	7.0	4.4	7.0	0.0	7.0	
0.63281	-0.2	911	11.5	7.1	4.4	7.1	0.0	7.1	
0.63672	-0.1	911	11.5	7.1	4.4	7.1	0.0	7.1	
0.64062	-0.1	911	11.5	7.2	4.3	7.2	0.0	7.2	
0.64453	-0.1	911	11.5	7.2	4.3	7.2	0.0	7.2	
0.64844	-0.1	911	11.6	7.3	4.3	7.3	0.0	7.3	
0.65234	-0.1	911	11.6	7.3	4.3	7.3	0.0	7.3	
0.65625	-0.1	911	11.6	7.4	4.2	7.4	0.0	7.4	
0.66016	-0.1	911	11.6	7.5	4.1	7.5	0.0	7.5	
0.66406	-0.1	911	11.7	7.5	4.2	7.5	0.0	7.5	
0.66797	-0.1	911	11.7	7.6	4.1	7.6	0.0	7.6	
0.67188	-0.1	911	11.7	7.6	4.1	7.6	0.0	7.6	
0.67578	-0.1	911	11.7	7.7	4.0	7.7	0.0	7.7	
0.67969	-0.0	911	11.7	7.7	4.0	7.7	0.0	7.7	
0.68359	-0.0	911	11.8	7.7	4.1	7.7	0.0	7.7	
0.68750	-0.0	911	11.8	7.8	4.0	7.8	0.0	7.8	
0.69141	-0.0	911	11.8	7.8	4.0	7.8	0.0	7.8	
0.69531	-0.0	911	11.8	7.8	4.0	7.8	0.0	7.8	
0.69922	-0.0	911	11.8	7.9	3.9	7.9	0.0	7.9	
0.70312	0.0	911	11.9	7.9	4.0	7.9	0.0	7.9	
0.70703	-0.0	911	11.9	7.9	4.0	7.9	0.0	7.9	
0.71094	-0.1	911	11.9	7.9	4.0	7.9	0.0	7.9	
0.71484	-0.0	911	11.9	8.0	3.9	8.0	0.0	8.0	
0.71875	-0.0	911	12.0	8.0	4.0	8.0	0.0	8.0	
0.72266	-0.0	911	12.0	8.0	4.0	8.0	0.0	8.0	
0.72656	0.0	911	12.0	8.0	4.0	8.0	0.0	8.0	
0.73047	0.0	911	12.0	8.1	3.9	8.1	0.0	8.1	
0.73438	0.0	911	12.0	8.1	3.9	8.1	0.0	8.1	
0.73828	-0.0	911	12.0	8.1	3.9	8.1	0.0	8.1	
0.74219	0.0	911	12.0	8.1	3.9	8.1	0.0	8.1	
0.74609	0.0	911	12.0	8.2	3.8	8.2	0.0	8.2	
0.75000	0.1	911	12.0	8.2	3.8	8.2	0.0	8.2	
0.75391	0.1	911	12.1	8.2	3.9	8.2	0.0	8.2	
0.75781	0.1	911	12.1	8.2	3.9	8.2	0.0	8.2	
0.76172	0.0	911	12.1	8.2	3.9	8.2	0.0	8.2	
0.76562	0.1	911	12.1	8.2	3.9	8.2	0.0	8.2	
0.76953	0.1	911	12.1	8.2	3.9	8.2	0.0	8.2	
0.77344	0.1	911	12.1	8.2	3.9	8.2	0.0	8.2	
0.77734	0.1	911	12.1	8.1	4.0	8.1	0.0	8.1	
0.78125	0.1	911	12.1	8.1	4.0	8.1	0.0	8.1	
0.78516	0.1	911	12.1	8.0	4.1	8.0	0.0	8.0	
0.78906	0.1	911	12.1	8.0	4.1	8.0	0.0	8.0	
0.79297	0.0	911	12.1	7.9	4.2	7.9	0.0	7.9	
0.79688	0.0	911	12.1	7.9	4.2	7.9	0.0	7.9	
0.80078	0.1	911	12.2	7.8	4.4	7.8	0.0	7.8	
0.80469	0.0	911	12.2	7.7	4.5	7.7	0.0	7.7	
0.80859	0.0	911	12.2	7.7	4.5	7.7	0.0	7.7	
0.81250	0.0	911	12.2	7.6	4.6	7.6	0.0	7.6	
0.81641	-0.0	911	12.3	7.6	4.7	7.6	0.0	7.6	
0.82031	-0.0	911	12.3	7.5	4.8	7.5	0.0	7.5	
0.82422	-0.1	911	12.3	7.5	4.8	7.5	0.0	7.5	
0.82812	-0.1	911	12.3	7.5	4.8	7.5	0.0	7.5	
0.83203	-0.1	911	12.4	7.5	4.9	7.5	0.0	7.5	
0.83594	-0.2	911	12.4	7.4	5.0	7.4	0.0	7.4	
0.83984	-0.1	911	12.4	7.4	5.0	7.4	0.0	7.4	
0.84375	-0.1	911	12.5	7.4	5.1	7.4	0.0	7.4	
0.84766	-0.1	911	12.5	7.4	5.1	7.4	0.0	7.4	
0.85156	-0.1	911	12.6	7.4	5.2	7.4	0.0	7.4	
0.85547	-0.1	911	12.6	7.4	5.2	7.4	0.0	7.4	
0.85938	-0.1	911	12.6	7.4	5.2	7.4	0.0	7.4	
0.86328	-0.1	911	12.6	7.4	5.2	7.4	0.0	7.4	
0.86719	-0.1	911	12.7	7.4	5.3	7.4	0.0	7.4	
0.87109	-0.0	911	12.7	7.4	5.3	7.4	0.0	7.4	
0.87500	0.0	911	12.7	7.4	5.3	7.4	0.0	7.4	
0.87891	0.0	911	12.7	7.4	5.3	7.4	0.0	7.4	
0.88281	0.1	911	12.7	7.4	5.3	7.4	0.0	7.4	
0.88672	0.1	911	12.7	7.4	5.3	7.4	0.0	7.4	
0.89062	0.1	911	12.7	7.4	5.3	7.4	0.0	7.4	
0.89453	0.1	911	12.7	7.4	5.3	7.4	0.0	7.4	
0.89844	0.1	911	12.7	7.4	5.3	7.4	0.0	7.4	
0.90234	0.1	911	12.7	7.4	5.3	7.4	0.0	7.4	
0.90625	0.1	911	12.7	7.4	5.3	7.4	0.0	7.4	
0.91016	0.2	911	12.7	7.4	5.3	7.4	0.0	7.4	
0.91406	0.2	911	12.7	7.4	5.3	7.4	0.0	7.4	
0.91797	0.2	911	12.7	7.4	5.3	7.4	0.0	7.4	
0.92188	0.1	911	12.7	7.5	5.2	7.5	0.0	7.5	
0.92578	0.1	911	12.7	7.5	5.2	7.5	0.0	7.5	
0.92969	0.1	911	12.7	7.5	5.2	7.5	0.0	7.5	
0.93359	0.1	911	12.7	7.5	5.2	7.5	0.0	7.5	
0.93750	0.2	911	12.7	7.5	5.2	7.5	0.0	7.5	
0.94141	0.1	911	12.7	7.5	5.2	7.5	0.0	7.5	
0.94531	0.1	911	12.7	7.5	5.2	7.5	0.0	7.5	
0.94922	0.1	911	12.7	7.6	5.1	7.6	0.0	7.6	
0.95312	0.1	911	12.7	7.6	5.1	7.6	0.0	7.6	
0.95703	0.1	911	12.7	7.6	5.1	7.6	0.0	7.6	
0.96094	0.1	911	12.7	7.6	5.1	7.6	0.0	7.6	
0.96484	0.1	911	12.7	7.6	5.1	7.6	0.0	7.6	
0.96875	0.1	911	12.7	7.6	5.1	7.6	0.0	7.6	
0.97266	0.1	911	12.7	7.7	5.0	7.7	0.0	7.7	
0.97656	0.1	911	12.7	7.7	5.0	7.7	0.0	7.7	
0.98047	0.1	911	12.7	7.7	5.0	7.7	0.0	7.7	
0.98438	0.1	911	12.7	7.8	4.9	7.8	0.0	7.8	
0.98828	0.2	911	12.7	7.7	5.0	7.7	0.0	7.7	
0.99219	0.2	911	12.7	7.8	4.9	7.8	0.0	7.8	
0.99609	0.1	911	12.7	7.8	4.9	7.8	0.0	7.8	
1.00000	0.1	911	12.7	7.8	4.9	7.8	0.0	7.8	
1.00391	0.1	911	12.7	7.8	4.9	7.8	0.0	7.8	
1.00781	0.2	911	12.7	7.9	4.8	7.9	0.0	7.9	
1.01172	0.2	911	12.7	7.9	4.8	7.9	0.0	7.9	
1.01562	0.2	911	12.6	7.9	4.7	7.9	0.0	7.9	
1.01953	0.2	911	12.6	7.9	4.7	7.9	0.0	7.9	
1.02344	0.2	911	12.6	8.0	4.6	8.0	0.0	8.0	
1.02734	0.2	911	12.6	8.0	4.6	8.0	0.0	8.0	
1.03125	0.2	911	12.6	8.0	4.6	8.0	0.0	8.0	
1.03516	0.2	911	12.6	8.0	4.6	8.0	0.0	8.0	
1.03906	0.2	911	12.6	8.0	4.6	8.0	0.0	8.0	
1.04297	0.2	911	12.5	8.1	4.4	8.1	0.0	8.1	
1.04688	0.2	911	12.5	8.1	4.4	8.1	0.0	8.1	
1.05078	0.2	911	12.5	8.1	4.4	8.1	0.0	8.1	
1.05469	0.2	911	12.5	8.1	4.4	8.1	0.0	8.1	
1.05859	0.2	911	12.4	8.2	4.2	8.2	0.0	8.2	
1.06250	0.3	911	12.4	8.2	4.2	8.2	0.0	8.2	
1.06641	0.2	911	12.4	8.2	4.2	8.2	0.0	8.2	
1.07031	0.2	911	12.4	8.2	4.2	8.2	0.0	8.2	
1.07422	0.2	911	12.4	8.2	4.2	8.2	0.0	8.2	
1.07812	0.2	911	12.4	8.3	4.1	8.3	0.0	8.3	
1.08203	0.2	911	12.4	8.3	4.1	8.3	0.0	8.3	
1.08594	0.2	911	12.4	8.3	4.1	8.3	0.0	8.3	
1.08984	0.1	911	12.3	8.3	4.0	8.3	0.0	8.3	
1.09375	0.1	911	12.4	8.4	4.0	8.4	0.0	8.4	
1.09766	0.2	911	12.4	8.4	4.0	8.4	0.0	8.4	
1.10156	0.1	911	12.3	8.4	3.9	8.4	0.0	8.4	
1.10547	0.1	911	12.3	8.4	3.9	8.4	0.0	8.4	
1.10938	0.1	911	12.3	8.4	3.9	8.4	0.0	8.4	
1.11328	0.1	911	12.3	8.4	3.9	8.4	0.0	8.4	
1.11719	0.2	911	12.3	8.5	3.8	8.5	0.0	8.5	
1.12109	0.1	911	12.4	8.5	3.9	8.5	0.0	8.5	
1.12500	0.1	911	12.4	8.5	3.9	8.5	0.0	8.5	
1.12891	0.1	911	12.3	8.5	3.8	8.5	0.0	8.5	
1.13281	0.1	911	12.3	8.5	3.8	8.5	0.0	8.5	
1.13672	0.1	911	12.3	8.5	3.8	8.5	0.0	8.5	
1.14062	0.2	911	12.3	8.5	3.8	8.5	0.0	8.5	
1.14453	0.2	911	12.3	8.5	3.8	8.5	0.0	8.5	
1.14844	0.2	911	12.3	8.5	3.8	8.5	0.0	8.5	
1.15234	0.1	911	12.3	8.5	3.8	8.5	0.0	8.5	
1.15625	0.1	911	12.3	8.5	3.8	8.5	0.0	8.5	
1.16016	0.1	911	12.3	8.5	3.8	8.5	0.0	8.5	
1.16406	0.1	911	12.3	8.5	3.8	8.5	0.0	8.5	
1.16797	0.2	911	12.3	8.5	3.8	8.5	0.0	8.5	
1.17188	0.2	911	12.3	8.5	3.8	8.5	0.0	8.5	
1.17578	0.1	911	12.3	8.5	3.8	8.5	0.0	8.5	
1.17969	0.1	911	12.3	8.5	3.8	8.5	0.0	8.5	
1.18359	0.2	911	12.3	8.5	3.8	8.5	0.0	8.5	
1.18750	0.2	911	12.3	8.6	3.7	8.6	0.0	8.6	
1.19141	0.1	911	12.3	8.6	3.7	8.6	0.0	8.6	
1.19531	0.1	911	12.3	8.6	3.7	8.6	0.0	8.6	
1.19922	0.1	911	12.3	8.6	3.7	8.6	0.0	8.6	
1.20312	0.1	911	12.3	8.6	3.7	8.6	0.0	8.6	
1.20703	0.2	911	12.3	8.6	3.7	8.6	0.0	8.6	
1.21094	0.1	911	12.3	8.6	3.7	8.6	0.0	8.6	
1.21484	0.1	911	12.3	8.6	3.7	8.6	0.0	8.6	
1.21875	0.2	911	12.3	8.6	3.7	8.6	0.0	8.6	
1.22266	0.2	911	12.3	8.6	3.7	8.6	0.0	8.6	
1.22656	0.1	911	12.2	8.6	3.6	8.6	0.0	8.6	
1.23047	0.1	911	12.2	8.6	3.6	8.6	0.0	8.6	
1.23438	0.2	912	12.2	8.6	3.6	8.6	0.0	8.6	
1.23828	0.1	912	12.2	8.6	3.6	8.6	0.0	8.6	
1.24219	0.2	912	12.2	8.6	3.6	8.6	0.0	8.6	
1.24609	0.2	912	12.2	8.6	3.6	8.6	0.0	8.6	
1.25000	0.1	912	12.2	8.6	3.6	8.6	0.0	8.6	
1.25391	0.2	912	12.2	8.6	3.6	8.6	0.0	8.6	
1.25781	0.2	912	12.2	8.6	3.6	8.6	0.0	8.6	
1.26172	0.1	912	12.2	8.6	3.6	8.6	0.0	8.6	
1.26562	0.1	912	12.2	8.6	3.6	8.6	0.0	8.6	
1.26953	0.2	912	12.2	8.6	3.6	8.6	0.0	8.6	
1.27344	0.2	912	12.2	8.6	3.6	8.6	0.0	8.6	
1.27734	0.1	912	12.2	8.6	3.6	8.6	0.0	8.6	
1.28125	0.1	912	12.2	8.7	3.5	8.7	0.0	8.7	
1.28516	0.2	912	12.2	8.7	3.5	8.7	0.0	8.7	
1.28906	0.1	912	12.1	8.7	3.4	8.7	0.0	8.7	
1.29297	0.1	912	12.2	8.7	3.5	8.7	0.0	8.7	
1.29688	0.1	912	12.2	8.7	3.5	8.7	0.0	8.7	
1.30078	0.1	912	12.2	8.7	3.5	8.7	0.0	8.7	
1.30469	0.1	912	12.2	8.7	3.5	8.7	0.0	8.7	
1.30859	0.1	912	12.2	8.7	3.5	8.7	0.0	8.7	
1.31250	0.1	912	12.1	8.7	3.4	8.7	0.0	8.7	
1.31641	0.1	912	12.2	8.7	3.5	8.7	0.0	8.7	
1.32031	0.1	912	12.2	8.7	3.5	8.7	0.0	8.7	
1.32422	0.1	912	12.2	8.7	3.5	8.7	0.0	8.7	
1.32812	0.1	912	12.2	8.7	3.5	8.7	0.0	8.7	
1.33203	0.1	912	12.2	8.7	3.5	8.7	0.0	8.7	
1.33594	0.1	912	12.2	8.7	3.5	8.7	0.0	8.7	
1.33984	0.2	912	12.2	8.7	3.5	8.7	0.0	8.7	
1.34375	0.1	912	12.2	8.8	3.4	8.8	0.0	8.8	
1.34766	0.1	912	12.2	8.8	3.4	8.8	0.0	8.8	
1.35156	0.2	912	12.2	8.8	3.4	8.8	0.0	8.8	
1.35547	0.2	912	12.2	8.8	3.4	8.8	0.0	8.8	
1.35938	0.2	912	12.2	8.8	3.4	8.8	0.0	8.8	
1.36328	0.1	912	12.2	8.8	3.4	8.8	0.0	8.8	
1.36719	0.1	912	12.2	8.8	3.4	8.8	0.0	8.8	
1.37109	0.1	912	12.2	8.8	3.4	8.8	0.0	8.8	
1.37500	0.1	912	12.2	8.8	3.4	8.8	0.0	8.8	
1.37891	0.2	912	12.2	8.8	3.4	8.8	0.0	8.8	
1.38281	0.1	912	12.2	8.8	3.4	8.8	0.0	8.8	
1.38672	0.1	912	12.2	8.8	3.4	8.8	0.0	8.8	
1.39062	0.1	912	12.2	8.8	3.4	8.8	0.0	8.8	
1.39453	0.1	912	12.2	8.8	3.4	8.8	0.0	8.8	
1.39844	0.1	912	12.2	8.8	3.4	8.8	0.0	8.8	
1.40234	0.1	912	12.2	8.9	3.3	8.9	0.0	8.9	
1.40625	0.1	912	12.2	8.8	3.4	8.8	0.0	8.8	
1.41016	0.1	912	12.2	8.9	3.3	8.9	0.0	8.9	
1.41406	0.1	912	12.2	8.9	3.3	8.9	0.0	8.9	
1.41797	0.1	912	12.2	8.9	3.3	8.9	0.0	8.9	
1.42188	0.1	912	12.2	8.9	3.3	8.9	0.0	8.9	
1.42578	0.1	912	12.2	8.9	3.3	8.9	0.0	8.9	
1.42969	0.1	912	12.2	8.9	3.3	8.9	0.0	8.9	
1.43359	0.1	912	12.2	8.9	3.3	8.9	0.0	8.9	
1.43750	0.1	912	12.2	9.0	3.2	9.0	0.0	9.0	
1.44141	0.1	912	12.2	9.0	3.2	9.0	0.0	9.0	
1.44531	0.1	912	12.2	9.0	3.2	9.0	0.0	9.0	
1.44922	0.1	912	12.2	9.0	3.2	9.0	0.0	9.0	
1.45312	0.1	912	12.2	9.0	3.2	9.0	0.0	9.0	
1.45703	0.1	912	12.2	9.0	3.2	9.0	0.0	9.0	
1.46094	0.1	912	12.2	9.1	3.1	9.1	0.0	9.1	
1.46484	0.1	912	12.2	9.1	3.1	9.1	0.0	9.1	
1.46875	0.1	912	12.3	9.1	3.2	9.1	0.0	9.1	
1.47266	0.1	912	12.3	9.1	3.2	9.1	0.0	9.1	
1.47656	0.1	912	12.3	9.1	3.2	9.1	0.0	9.1	
1.48047	0.1	912	12.3	9.2	3.1	9.2	0.0	9.2	
1.48438	0.1	912	12.3	9.2	3.1	9.2	0.0	9.2	
1.48828	0.1	912	12.3	9.2	3.1	9.2	0.0	9.2	
1.49219	0.0	912	12.3	9.2	3.1	9.2	0.0	9.2	
1.49609	0.0	912	12.3	9.2	3.1	9.2	0.0	9.2	
1.50000	0.1	912	12.3	9.2	3.1	9.2	0.0	9.2	
1.50391	0.1	912	12.4	9.2	3.2	9.2	0.0	9.2	
1.50781	0.0	912	12.4	9.2	3.2	9.2	0.0	9.2	
1.51172	0.1	912	12.4	9.2	3.2	9.2	0.0	9.2	
1.51562	0.1	912	12.4	9.2	3.2	9.2	0.0	9.2	
1.51953	0.1	912	12.4	9.2	3.2	9.2	0.0	9.2	
1.52344	0.1	912	12.4	9.2	3.2	9.2	0.0	9.2	
1.52734	0.0	912	12.4	9.2	3.2	9.2	0.0	9.2	
1.53125	0.1	912	12.5	9.2	3.3	9.2	0.0	9.2	
1.53516	0.1	912	12.5	9.1	3.4	9.1	0.0	9.1	
1.53906	0.1	912	12.5	9.2	3.3	9.2	0.0	9.2	
1.54297	0.1	912	12.5	9.1	3.4	9.1	0.0	9.1	
1.54688	0.1	912	12.5	9.1	3.4	9.1	0.0	9.1	
1.55078	0.1	912	12.5	9.1	3.4	9.1	0.0	9.1	
1.55469	0.1	912	12.5	9.1	3.4	9.1	0.0	9.1	
1.55859	0.1	912	12.5	9.1	3.4	9.1	0.0	9.1	
1.56250	0.1	912	12.6	9.1	3.5	9.1	0.0	9.1	
1.56641	0.1	912	12.6	9.0	3.6	9.0	0.0	9.0	
1.57031	0.1	912	12.6	9.0	3.6	9.0	0.0	9.0	
1.57422	0.1	912	12.6	8.9	3.7	8.9	0.0	8.9	
1.57812	0.1	912	12.6	8.8	3.8	8.8	0.0	8.8	
1.58203	0.1	912	12.6	8.8	3.8	8.8	0.0	8.8	
1.58594	0.1	912	12.6	8.7	3.9	8.7	0.0	8.7	
1.58984	0.1	912	12.6	8.6	4.0	8.6	0.0	8.6	
1.59375	0.1	912	12.6	8.5	4.1	8.5	0.0	8.5	
1.59766	0.1	912	12.6	8.5	4.1	8.5	0.0	8.5	
1.60156	0.1	912	12.6	8.4	4.2	8.4	0.0	8.4	
1.60547	0.1	912	12.6	8.3	4.3	8.3	0.0	8.3	
1.60938	0.1	912	12.6	8.3	4.3	8.3	0.0	8.3	
1.61328	0.0	912	12.6	8.2	4.4	8.2	0.0	8.2	
1.61719	-0.0	912	12.7	8.1	4.6	8.1	0.0	8.1	
1.62109	-0.0	912	12.7	8.1	4.6	8.1	0.0	8.1	
1.62500	-0.0	912	12.7	8.1	4.6	8.1	0.0	8.1	
1.62891	-0.0	912	12.8	8.0	4.8	8.0	0.0	8.0	
1.63281	-0.1	912	12.8	8.0	4.8	8.0	0.0	8.0	
1.63672	-0.1	912	12.8	8.0	4.8	8.0	0.0	8.0	
1.64062	-0.1	912	12.9	8.0	4.9	8.0	0.0	8.0	
1.64453	-0.1	912	12.9	8.0	4.9	8.0	0.0	8.0	
1.64844	-0.0	912	12.9	7.9	5.0	7.9	0.0	7.9	
1.65234	-0.0	912	12.9	7.9	5.0	7.9	0.0	7.9	
1.65625	-0.0	912	13.0	7.9	5.1	7.9	0.0	7.9	
1.66016	-0.0	912	13.0	7.9	5.1	7.9	0.0	7.9	
1.66406	0.0	912	13.0	7.9	5.1	7.9	0.0	7.9	
1.66797	0.0	912	13.0	7.9	5.1	7.9	0.0	7.9	
1.67188	0.1	912	13.0	7.9	5.1	7.9	0.0	7.9	
1.67578	0.1	912	13.0	7.9	5.1	7.9	0.0	7.9	
1.67969	0.1	912	13.0	7.9	5.1	7.9	0.0	7.9	
1.68359	0.1	912	13.0	7.8	5.2	7.8	0.0	7.8	
1.68750	0.2	912	13.0	7.8	5.2	7.8	0.0	7.8	
1.69141	0.1	912	13.0	7.8	5.2	7.8	0.0	7.8	
1.69531	0.1	912	13.0	7.8	5.2	7.8	0.0	7.8	
1.69922	0.2	912	13.0	7.8	5.2	7.8	0.0	7.8	
1.70312	0.2	912	13.0	7.8	5.2	7.8	0.0	7.8	
1.70703	0.1	912	13.0	7.8	5.2	7.8	0.0	7.8	
1.71094	0.1	912	13.0	7.8	5.2	7.8	0.0	7.8	
1.71484	0.2	912	13.0	7.8	5.2	7.8	0.0	7.8	
1.71875	0.2	912	13.0	7.8	5.2	7.8	0.0	7.8	
1.72266	0.2	912	13.0	7.8	5.2	7.8	0.0	7.8	
1.72656	0.2	912	13.0	7.8	5.2	7.8	0.0	7.8	
1.73047	0.2	912	13.0	7.8	5.2	7.8	0.0	7.8	
1.73438	0.1	912	12.9	7.9	5.0	7.9	0.0	7.9	
1.73828	0.1	912	12.9	7.9	5.0	7.9	0.0	7.9	
1.74219	0.1	912	13.0	7.8	5.2	7.8	0.0	7.8	
1.74609	0.1	912	12.9	7.9	5.0	7.9	0.0	7.9	
1.75000	0.1	912	12.9	7.9	5.0	7.9	0.0	7.9	
1.75391	0.2	912	12.9	7.9	5.0	7.9	0.0	7.9	
1.75781	0.1	912	13.0	7.9	5.1	7.9	0.0	7.9	
1.76172	0.1	912	12.9	7.9	5.0	7.9	0.0	7.9	
1.76562	0.1	912	12.9	7.9	5.0	7.9	0.0	7.9	
1.76953	0.1	912	12.9	8.0	4.9	8.0	0.0	8.0	
1.77344	0.2	912	12.9	8.0	4.9	8.0	0.0	8.0	
1.77734	0.2	912	13.0	8.0	5.0	8.0	0.0	8.0	
1.78125	0.1	912	12.9	8.0	4.9	8.0	0.0	8.0	
1.78516	0.2	912	12.9	8.0	4.9	8.0	0.0	8.0	
1.78906	0.2	912	12.9	8.0	4.9	8.0	0.0	8.0	
1.79297	0.1	912	12.9	8.1	4.8	8.1	0.0	8.1	
1.79688	0.2	912	12.9	8.1	4.8	8.1	0.0	8.1	
1.80078	0.2	912	12.9	8.1	4.8	8.1	0.0	8.1	
1.80469	0.1	912	12.9	8.1	4.8	8.1	0.0	8.1	
1.80859	0.2	912	12.9	8.1	4.8	8.1	0.0	8.1	
1.81250	0.2	913	12.9	8.2	4.7	8.2	0.0	8.2	
1.81641	0.2	913	12.8	8.2	4.6	8.2	0.0	8.2	
1.82031	0.2	913	12.8	8.2	4.6	8.2	0.0	8.2	
1.82422	0.2	913	12.8	8.2	4.6	8.2	0.0	8.2	
1.82812	0.2	913	12.8	8.2	4.6	8.2	0.0	8.2	
1.83203	0.3	913	12.8	8.3	4.5	8.3	0.0	8.3	
1.83594	0.3	913	12.7	8.3	4.4	8.3	0.0	8.3	
1.83984	0.2	913	12.7	8.3	4.4	8.3	0.0	8.3	
1.84375	0.3	913	12.7	8.3	4.4	8.3	0.0	8.3	
1.84766	0.3	913	12.6	8.3	4.3	8.3	0.0	8.3	
1.85156	0.3	913	12.6	8.4	4.2	8.4	0.0	8.4	
1.85547	0.3	913	12.6	8.4	4.2	8.4	0.0	8.4	
1.85938	0.3	913	12.6	8.4	4.2	8.4	0.0	8.4	
1.86328	0.3	913	12.6	8.4	4.2	8.4	0.0	8.4	
1.86719	0.3	913	12.6	8.4	4.2	8.4	0.0	8.4	
1.87109	0.3	913	12.5	8.5	4.0	8.5	0.0	8.5	
1.87500	0.3	913	12.5	8.5	4.0	8.5	0.0	8.5	
1.87891	0.3	913	12.5	8.5	4.0	8.5	0.0	8.5	
1.88281	0.3	913	12.5	8.5	4.0	8.5	0.0	8.5	
1.88672	0.3	913	12.4	8.5	3.9	8.5	0.0	8.5	
1.89062	0.3	913	12.4	8.5	3.9	8.5	0.0	8.5	
1.89453	0.4	913	12.4	8.5	3.9	8.5	0.0	8.5	
1.89844	0.6	913	12.3	8.5	3.8	8.5	0.0	8.5	
1.90234	0.8	913	12.2	8.5	3.7	8.5	0.0	8.5	
1.90625	1.1	913	12.1	8.5	3.6	8.5	0.0	8.5	
1.91016	1.5	913	11.9	8.5	3.4	8.5	0.0	8.5	
1.91406	1.9	913	11.8	8.5	3.3	8.5	0.0	8.5	
1.91797	2.4	913	11.6	8.5	3.1	8.5	0.0	8.5	
1.92188	3.0	914	11.4	8.4	3.0	8.4	0.0	8.4	
1.92578	3.6	914	11.2	8.4	2.8	8.4	0.0	8.4	
1.92969	4.2	914	10.9	8.3	2.6	8.3	0.0	8.3	
1.93359	4.6	914	10.7	8.3	2.4	8.3	0.0	8.3	
1.93750	5.1	915	10.4	8.3	2.1	8.3	0.0	8.3	
1.94141	5.4	915	10.1	8.2	1.9	8.2	0.0	8.2	
1.94531	5.7	915	9.8	8.1	1.7	8.1	0.0	8.1	
1.94922	5.8	916	9.6	8.1	1.5	8.1	0.0	8.1	
1.95312	5.9	916	9.3	8.0	1.3	8.0	0.0	8.0	
1.95703	6.0	917	9.1	7.9	1.2	7.9	0.0	7.9	
1.96094	5.9	917	8.8	7.8	1.0	7.8	0.0	7.8	
1.96484	5.7	917	8.6	7.8	0.8	7.8	0.0	7.8	
1.96875	5.6	918	8.4	7.7	0.7	7.7	0.0	7.7	
1.97266	5.4	918	8.2	7.6	0.6	7.6	0.0	7.6	
1.97656	5.1	918	8.0	7.5	0.5	7.5	0.0	7.5	
1.98047	4.9	919	7.8	7.4	0.4	7.4	0.0	7.4	
1.98438	4.7	919	7.6	7.4	0.2	7.4	0.0	7.4	
1.98828	4.4	919	7.4	7.3	0.1	7.3	0.0	7.3	
1.99219	4.3	920	7.2	7.2	0.0	7.2	0.0	7.2	
1.99609	4.1	920	7.1	7.1	0.0	7.1	0.0	7.1	
2.00000	4.0	920	6.9	7.0	-0.1	7.0	0.0	7.0	
2.00391	3.9	920	6.7	6.9	-0.2	6.9	0.0	6.9	
2.00781	3.8	921	6.6	6.8	-0.2	6.8	0.0	6.8	
2.01172	3.8	921	6.4	6.7	-0.3	6.7	0.0	6.7	
2.01562	3.7	921	6.2	6.6	-0.4	6.6	0.0	6.6	
2.01953	3.7	921	6.1	6.5	-0.4	6.5	0.0	6.5	
2.02344	3.7	922	5.9	6.5	-0.6	6.5	0.0	6.5	
2.02734	3.7	922	5.7	6.4	-0.7	6.4	0.0	6.4	
2.03125	3.7	922	5.6	6.3	-0.7	6.3	0.0	6.3	
2.03516	3.7	922	5.4	6.2	-0.8	6.2	0.0	6.2	
2.03906	3.7	923	5.2	6.1	-0.9	6.1	0.0	6.1	
2.04297	3.7	923	5.1	6.0	-0.9	6.0	0.0	6.0	
2.04688	3.7	923	4.9	5.9	-1.0	5.9	0.0	5.9	
2.05078	3.7	923	4.8	5.8	-1.0	5.8	0.0	5.8	
2.05469	3.7	924	4.6	5.7	-1.1	5.7	0.0	5.7	
2.05859	3.6	924	4.5	5.6	-1.1	5.6	0.0	5.6	
2.06250	3.6	924	4.3	5.6	-1.3	5.6	0.0	5.6	
2.06641	3.6	924	4.2	5.5	-1.3	5.5	0.0	5.5	
2.07031	3.5	924	4.0	5.4	-1.4	5.4	0.0	5.4	
2.07422	3.4	925	3.9	5.3	-1.4	5.3	0.0	5.3	
2.07812	3.3	925	3.7	5.2	-1.5	5.2	0.0	5.2	
2.08203	3.2	925	3.6	5.1	-1.5	5.1	0.0	5.1	
2.08594	3.1	925	3.5	5.0	-1.5	5.0	0.0	5.0	
2.08984	3.0	926	3.4	5.0	-1.6	5.0	0.0	5.0	
2.09375	2.9	926	3.2	4.9	-1.7	4.9	0.0	4.9	
2.09766	2.9	926	3.1	4.8	-1.7	4.8	0.0	4.8	
2.10156	2.8	926	3.0	4.7	-1.7	4.7	0.0	4.7	
2.10547	2.6	926	2.9	4.6	-1.7	4.6	0.0	4.6	
2.10938	2.6	926	2.8	4.6	-1.8	4.6	0.0	4.6	
2.11328	2.5	927	2.7	4.5	-1.8	4.5	0.0	4.5	
2.11719	2.4	927	2.6	4.4	-1.8	4.4	0.0	4.4	
2.12109	2.3	927	2.5	4.3	-1.8	4.3	0.0	4.3	
2.12500	2.2	927	2.4	4.3	-1.9	4.3	0.0	4.3	
2.12891	2.1	927	2.3	4.2	-1.9	4.2	0.0	4.2	
2.13281	2.1	927	2.2	4.1	-1.9	4.1	0.0	4.1	
2.13672	2.0	927	2.1	4.1	-2.0	4.1	0.0	4.1	
2.14062	1.9	928	2.1	4.0	-1.9	4.0	0.0	4.0	
2.14453	1.8	928	2.0	4.0	-2.0	4.0	0.0	4.0	
2.14844	1.8	928	1.9	3.9	-2.0	3.9	0.0	3.9	
2.15234	1.7	928	1.8	3.8	-2.0	3.8	0.0	3.8	
2.15625	1.7	928	1.7	3.8	-2.1	3.8	0.0	3.8	
2.16016	1.6	928	1.7	3.7	-2.0	3.7	0.0	3.7	
2.16406	1.5	928	1.6	3.6	-2.0	3.6	0.0	3.6	
2.16797	1.5	928	1.5	3.6	-2.1	3.6	0.0	3.6	
2.17188	1.4	928	1.5	3.5	-2.0	3.5	0.0	3.5	
2.17578	1.4	929	1.4	3.4	-2.0	3.4	0.0	3.4	
2.17969	1.3	929	1.4	3.4	-2.0	3.4	0.0	3.4	
2.18359	1.2	929	1.3	3.3	-2.0	3.3	0.0	3.3	
2.18750	1.2	929	1.3	3.3	-2.0	3.3	0.0	3.3	
2.19141	1.2	929	1.2	3.2	-2.0	3.2	0.0	3.2	
2.19531	1.1	929	1.2	3.2	-2.0	3.2	0.0	3.2	
2.19922	1.1	929	1.1	3.1	-2.0	3.1	0.0	3.1	
2.20312	1.0	929	1.1	3.1	-2.0	3.1	0.0	3.1	
2.20703	0.8	929	1.1	3.0	-1.9	3.0	0.0	3.0	
2.21094	0.8	929	1.0	3.0	-2.0	3.0	0.0	3.0	
2.21484	0.7	929	1.0	3.0	-2.0	3.0	0.0	3.0	
2.21875	0.6	929	1.0	3.0	-2.0	3.0	0.0	3.0	
2.22266	0.5	929	1.0	2.9	-1.9	2.9	0.0	2.9	
2.22656	0.5	929	1.0	2.9	-1.9	2.9	0.0	2.9	
2.23047	0.4	929	1.0	2.9	-1.9	2.9	0.0	2.9	
2.23438	0.3	929	1.0	2.9	-1.9	2.9	0.0	2.9	
2.23828	0.2	929	1.0	2.9	-1.9	2.9	0.0	2.9	
2.24219	0.1	929	1.0	2.9	-1.9	2.9	0.0	2.9	
2.24609	0.1	929	1.1	2.9	-1.8	2.9	0.0	2.9	
2.25000	0.0	929	1.1	2.8	-1.7	2.8	0.0	2.8	
2.25391	-0.0	929	1.1	2.8	-1.7	2.8	0.0	2.8	
2.25781	-0.1	929	1.2	2.8	-1.6	2.8	0.0	2.8	
2.26172	-0.2	929	1.3	2.8	-1.5	2.8	0.0	2.8	
2.26562	-0.3	929	1.3	2.8	-1.5	2.8	0.0	2.8	
2.26953	-0.5	929	1.4	2.8	-1.4	2.8	0.0	2.8	
2.27344	-0.6	929	1.5	2.8	-1.3	2.8	0.0	2.8	
2.27734	-0.8	929	1.7	2.8	-1.1	2.8	0.0	2.8	
2.28125	-1.0	929	1.8	2.8	-1.0	2.8	0.0	2.8	
2.28516	-1.3	929	1.9	2.8	-0.9	2.8	0.0	2.8	
2.28906	-1.7	929	2.1	2.8	-0.7	2.8	0.0	2.8	
2.29297	-2.0	929	2.3	2.9	-0.6	2.9	0.0	2.9	
2.29688	-2.4	929	2.5	2.9	-0.4	2.9	0.0	2.9	
2.30078	-2.9	928	2.7	2.9	-0.2	2.9	0.0	2.9	
2.30469	-3.2	928	3.0	2.9	0.1	2.9	0.0	2.9	
2.30859	-3.7	928	3.2	2.9	0.3	2.9	0.0	2.9	
2.31250	-4.2	928	3.5	3.0	0.5	3.0	0.0	3.0	
2.31641	-4.6	927	3.8	3.1	0.7	3.1	0.0	3.1	
2.32031	-5.0	927	4.0	3.1	0.9	3.1	0.0	3.1	
2.32422	-5.4	927	4.4	3.2	1.2	3.2	0.0	3.2	
2.32812	-5.7	926	4.6	3.2	1.4	3.2	0.0	3.2	
2.33203	-6.1	926	5.0	3.3	1.7	3.3	0.0	3.3	
2.33594	-6.4	926	5.3	3.4	1.9	3.4	0.0	3.4	
2.33984	-6.7	925	5.6	3.5	2.1	3.5	0.0	3.5	
2.34375	-6.9	925	5.9	3.5	2.4	3.5	0.0	3.5	
2.34766	-7.1	924	6.2	3.6	2.6	3.6	0.0	3.6	
2.35156	-7.1	924	6.6	3.7	2.9	3.7	0.0	3.7	
2.35547	-7.2	923	6.9	3.7	3.2	3.7	0.0	3.7	
2.35938	-7.1	923	7.2	3.8	3.4	3.8	0.0	3.8	
2.36328	-7.0	922	7.5	3.8	3.7	3.8	0.0	3.8	
2.36719	-6.9	922	7.8	3.9	3.9	3.9	0.0	3.9	
2.37109	-6.8	921	8.0	3.9	4.1	3.9	0.0	3.9	
2.37500	-6.6	921	8.3	3.9	4.4	3.9	0.0	3.9	
2.37891	-6.3	921	8.5	4.0	4.5	4.0	0.0	4.0	
2.38281	-6.1	920	8.8	4.0	4.8	4.0	0.0	4.0	
2.38672	-5.9	920	9.0	4.0	5.0	4.0	0.0	4.0	
2.39062	-5.6	920	9.2	4.0	5.2	4.0	0.0	4.0	
2.39453	-5.4	919	9.5	4.0	5.5	4.0	0.0	4.0	
2.39844	-5.1	919	9.7	4.1	5.6	4.1	0.0	4.1	
2.40234	-4.9	919	9.8	4.1	5.7	4.1	0.0	4.1	
2.40625	-4.6	918	10.0	4.2	5.8	4.2	0.0	4.2	
2.41016	-4.4	918	10.2	4.2	6.0	4.2	0.0	4.2	
2.41406	-4.2	918	10.4	4.3	6.1	4.3	0.0	4.3	
2.41797	-4.0	917	10.6	4.3	6.3	4.3	0.0	4.3	
2.42188	-3.8	917	10.7	4.4	6.3	4.4	0.0	4.4	
2.42578	-3.6	917	10.9	4.4	6.5	4.4	0.0	4.4	
2.42969	-3.3	917	11.0	4.5	6.5	4.5	0.0	4.5	
2.43359	-3.1	916	11.1	4.6	6.5	4.6	0.0	4.6	
2.43750	-2.9	916	11.2	4.6	6.6	4.6	0.0	4.6	
2.44141	-2.6	916	11.3	4.7	6.6	4.7	0.0	4.7	
2.44531	-2.4	916	11.4	4.8	6.6	4.8	0.0	4.8	
2.44922	-2.2	916	11.5	4.8	6.7	4.8	0.0	4.8	
2.45312	-2.0	916	11.6	4.9	6.7	4.9	0.0	4.9	
2.45703	-1.7	916	11.6	5.0	6.6	5.0	0.0	5.0	
2.46094	-1.5	915	11.7	5.0	6.7	5.0	0.0	5.0	
2.46484	-1.3	915	11.8	5.1	6.7	5.1	0.0	5.1	
2.46875	-1.2	915	11.8	5.1	6.7	5.1	0.0	5.1	
2.47266	-1.1	915	11.9	5.2	6.7	5.2	0.0	5.2	
2.47656	-1.0	915	11.9	5.3	6.6	5.3	0.0	5.3	
2.48047	-0.8	915	12.0	5.3	6.7	5.3	0.0	5.3	
2.48438	-0.7	915	12.0	5.4	6.6	5.4	0.0	5.4	
2.48828	-0.6	915	12.0	5.5	6.5	5.5	0.0	5.5	
2.49219	-0.5	915	12.1	5.5	6.6	5.5	0.0	5.5	
2.49609	-0.5	915	12.1	5.6	6.5	5.6	0.0	5.6	
2.50000	-0.5	915	12.2	5.6	6.6	5.6	0.0	5.6	
2.50391	-0.5	915	12.2	5.7	6.5	5.7	0.0	5.7	
2.50781	-0.4	915	12.2	5.7	6.5	5.7	0.0	5.7	
2.51172	-0.4	915	12.3	5.8	6.5	5.8	0.0	5.8	
2.51562	-0.4	915	12.3	5.9	6.4	5.9	0.0	5.9	
2.51953	-0.3	915	12.3	5.9	6.4	5.9	0.0	5.9	
2.52344	-0.3	915	12.4	6.0	6.4	6.0	0.0	6.0	
2.52734	-0.3	915	12.4	6.0	6.4	6.0	0.0	6.0	
2.53125	-0.3	915	12.4	6.1	6.3	6.1	0.0	6.1	
2.53516	-0.3	915	12.4	6.2	6.2	6.2	0.0	6.2	
2.53906	-0.3	915	12.5	6.2	6.3	6.2	0.0	6.2	
2.54297	-0.2	915	12.5	6.3	6.2	6.3	0.0	6.3	
2.54688	-0.2	915	12.5	6.3	6.2	6.3	0.0	6.3	
2.55078	-0.2	915	12.6	6.4	6.2	6.4	0.0	6.4	
2.55469	-0.2	915	12.6	6.4	6.2	6.4	0.0	6.4	
2.55859	-0.2	915	12.6	6.5	6.1	6.5	0.0	6.5	
2.56250	-0.1	915	12.6	6.5	6.1	6.5	0.0	6.5	
2.56641	-0.1	915	12.6	6.6	6.0	6.6	0.0	6.6	
2.57031	-0.1	915	12.7	6.7	6.0	6.7	0.0	6.7	
2.57422	-0.1	915	12.7	6.7	6.0	6.7	0.0	6.7	
2.57812	-0.0	915	12.7	6.7	6.0	6.7	0.0	6.7	
2.58203	-0.0	915	12.7	6.8	5.9	6.8	0.0	6.8	
2.58594	-0.0	915	12.7	6.9	5.8	6.9	0.0	6.9	
2.58984	-0.0	915	12.7	6.9	5.8	6.9	0.0	6.9	
2.59375	0.0	915	12.7	7.0	5.7	7.0	0.0	7.0	
2.59766	0.0	915	12.7	7.0	5.7	7.0	0.0	7.0	
2.60156	0.1	915	12.7	7.0	5.7	7.0	0.0	7.0	
2.60547	0.1	915	12.7	7.1	5.6	7.1	0.0	7.1	
2.60938	0.1	915	12.7	7.1	5.6	7.1	0.0	7.1	
2.61328	0.1	915	12.7	7.2	5.5	7.2	0.0	7.2	
2.61719	0.1	915	12.7	7.2	5.5	7.2	0.0	7.2	
2.62109	0.2	915	12.7	7.3	5.4	7.3	0.0	7.3	
2.62500	0.2	915	12.7	7.3	5.4	7.3	0.0	7.3	
2.62891	0.2	915	12.7	7.3	5.4	7.3	0.0	7.3	
2.63281	0.1	915	12.7	7.4	5.3	7.4	0.0	7.4	
2.63672	0.1	915	12.7	7.4	5.3	7.4	0.0	7.4	
2.64062	0.2	915	12.6	7.5	5.1	7.5	0.0	7.5	
2.64453	0.2	915	12.6	7.5	5.1	7.5	0.0	7.5	
2.64844	0.1	915	12.6	7.6	5.0	7.6	0.0	7.6	
2.65234	0.2	915	12.6	7.6	5.0	7.6	0.0	7.6	
2.65625	0.2	915	12.6	7.6	5.0	7.6	0.0	7.6	
2.66016	0.2	915	12.6	7.7	4.9	7.7	0.0	7.7	
2.66406	0.1	915	12.6	7.7	4.9	7.7	0.0	7.7	
2.66797	0.1	915	12.6	7.7	4.9	7.7	0.0	7.7	
2.67188	0.1	915	12.6	7.8	4.8	7.8	0.0	7.8	
2.67578	0.1	915	12.6	7.8	4.8	7.8	0.0	7.8	
2.67969	0.1	915	12.6	7.9	4.7	7.9	0.0	7.9	
2.68359	0.1	915	12.6	7.9	4.7	7.9	0.0	7.9	
2.68750	0.1	915	12.6	7.9	4.7	7.9	0.0	7.9	
2.69141	0.1	915	12.6	7.9	4.7	7.9	0.0	7.9	
2.69531	0.1	915	12.6	8.0	4.6	8.0	0.0	8.0	
2.69922	0.1	915	12.6	8.0	4.6	8.0	0.0	8.0	
2.70312	0.1	915	12.5	8.0	4.5	8.0	0.0	8.0	
2.70703	0.1	915	12.5	8.0	4.5	8.0	0.0	8.0	
2.71094	0.2	915	12.6	8.0	4.6	8.0	0.0	8.0	
2.71484	0.1	915	12.5	8.1	4.4	8.1	0.0	8.1	
2.71875	0.1	915	12.5	8.1	4.4	8.1	0.0	8.1	
2.72266	0.1	915	12.5	8.1	4.4	8.1	0.0	8.1	
2.72656	0.1	915	12.5	8.1	4.4	8.1	0.0	8.1	
2.73047	0.2	915	12.5	8.1	4.4	8.1	0.0	8.1	
2.73438	0.1	915	12.5	8.2	4.3	8.2	0.0	8.2	
2.73828	0.2	915	12.5	8.2	4.3	8.2	0.0	8.2	
2.74219	0.2	915	12.5	8.2	4.3	8.2	0.0	8.2	
2.74609	0.1	915	12.5	8.2	4.3	8.2	0.0	8.2	
2.75000	0.1	915	12.5	8.2	4.3	8.2	0.0	8.2	
2.75391	0.1	915	12.5	8.2	4.3	8.2	0.0	8.2	
2.75781	0.1	915	12.5	8.2	4.3	8.2	0.0	8.2	
2.76172	0.1	915	12.5	8.2	4.3	8.2	0.0	8.2	
2.76562	0.1	915	12.5	8.3	4.2	8.3	0.0	8.3	
2.76953	0.1	915	12.5	8.3	4.2	8.3	0.0	8.3	
2.77344	0.1	915	12.5	8.3	4.2	8.3	0.0	8.3	
2.77734	0.1	915	12.5	8.3	4.2	8.3	0.0	8.3	
2.78125	0.1	915	12.5	8.3	4.2	8.3	0.0	8.3	
2.78516	0.1	915	12.5	8.3	4.2	8.3	0.0	8.3	
2.78906	0.1	915	12.5	8.3	4.2	8.3	0.0	8.3	
2.79297	0.1	915	12.5	8.3	4.2	8.3	0.0	8.3	
2.79688	0.1	915	12.5	8.3	4.2	8.3	0.0	8.3	
2.80078	0.1	915	12.5	8.3	4.2	8.3	0.0	8.3	
2.80469	0.1	915	12.5	8.4	4.1	8.4	0.0	8.4	
2.80859	0.1	915	12.5	8.4	4.1	8.4	0.0	8.4	
2.81250	0.1	915	12.5	8.4	4.1	8.4	0.0	8.4	
2.81641	0.1	915	12.5	8.4	4.1	8.4	0.0	8.4	
2.82031	0.1	915	12.5	8.4	4.1	8.4	0.0	8.4	
2.82422	0.1	915	12.5	8.4	4.1	8.4	0.0	8.4	
2.82812	0.1	915	12.5	8.4	4.1	8.4	0.0	8.4	
2.83203	0.1	915	12.5	8.4	4.1	8.4	0.0	8.4	
2.83594	0.2	915	12.4	8.4	4.0	8.4	0.0	8.4	
2.83984	0.2	915	12.4	8.4	4.0	8.4	0.0	8.4	
2.84375	0.1	915	12.4	8.5	3.9	8.5	0.0	8.5	
2.84766	0.1	915	12.5	8.5	4.0	8.5	0.0	8.5	
2.85156	0.1	915	12.4	8.5	3.9	8.5	0.0	8.5	
2.85547	0.1	915	12.4	8.5	3.9	8.5	0.0	8.5	
2.85938	0.2	915	12.4	8.5	3.9	8.5	0.0	8.5	
2.86328	0.1	915	12.4	8.5	3.9	8.5	0.0	8.5	
2.86719	0.1	915	12.4	8.5	3.9	8.5	0.0	8.5	
2.87109	0.1	915	12.4	8.5	3.9	8.5	0.0	8.5	
2.87500	0.1	915	12.4	8.6	3.8	8.6	0.0	8.6	
2.87891	0.1	915	12.4	8.6	3.8	8.6	0.0	8.6	
2.88281	0.1	915	12.4	8.6	3.8	8.6	0.0	8.6	
2.88672	0.1	915	12.4	8.6	3.8	8.6	0.0	8.6	
2.89062	0.1	915	12.4	8.6	3.8	8.6	0.0	8.6	
2.89453	0.2	915	12.4	8.6	3.8	8.6	0.0	8.6	
2.89844	0.1	915	12.4	8.6	3.8	8.6	0.0	8.6	
2.90234	0.1	915	12.4	8.6	3.8	8.6	0.0	8.6	
2.90625	0.2	915	12.4	8.6	3.8	8.6	0.0	8.6	
2.91016	0.1	915	12.4	8.6	3.8	8.6	0.0	8.6	
2.91406	0.1	915	12.4	8.6	3.8	8.6	0.0	8.6	
2.91797	0.1	915	12.4	8.6	3.8	8.6	0.0	8.6	
2.92188	0.2	915	12.4	8.6	3.8	8.6	0.0	8.6	
2.92578	0.1	915	12.4	8.7	3.7	8.7	0.0	8.7	
2.92969	0.1	915	12.4	8.7	3.7	8.7	0.0	8.7	
2.93359	0.2	915	12.4	8.7	3.7	8.7	0.0	8.7	
2.93750	0.1	915	12.4	8.7	3.7	8.7	0.0	8.7	
2.94141	0.1	915	12.4	8.7	3.7	8.7	0.0	8.7	
2.94531	0.1	915	12.4	8.7	3.7	8.7	0.0	8.7	
2.94922	0.1	915	12.4	8.7	3.7	8.7	0.0	8.7	
2.95312	0.1	915	12.4	8.7	3.7	8.7	0.0	8.7	
2.95703	0.1	915	12.4	8.7	3.7	8.7	0.0	8.7	
2.96094	0.1	915	12.4	8.7	3.7	8.7	0.0	8.7	
2.96484	0.1	915	12.4	8.7	3.7	8.7	0.0	8.7	
2.96875	0.1	915	12.4	8.7	3.7	8.7	0.0	8.7	
2.97266	0.1	915	12.4	8.7	3.7	8.7	0.0	8.7	
2.97656	0.1	915	12.4	8.8	3.6	8.8	0.0	8.8	
2.98047	0.1	915	12.4	8.8	3.6	8.8	0.0	8.8	
2.98438	0.1	915	12.4	8.8	3.6	8.8	0.0	8.8	
2.98828	0.1	915	12.4	8.8	3.6	8.8	0.0	8.8	
2.99219	0.1	915	12.4	8.8	3.6	8.8	0.0	8.8	
2.99609	0.1	915	12.4	8.8	3.6	8.8	0.0	8.8	
3.00000	0.1	915	12.4	8.8	3.6	8.8	0.0	8.8	
3.00391	0.1	915	12.4	8.8	3.6	8.8	0.0	8.8	
3.00781	0.1	915	12.4	8.8	3.6	8.8	0.0	8.8	
3.01172	0.1	915	12.4	8.9	3.5	8.9	0.0	8.9	
3.01562	0.1	915	12.4	8.9	3.5	8.9	0.0	8.9	
3.01953	0.1	915	12.4	8.9	3.5	8.9	0.0	8.9	
3.02344	0.1	915	12.4	8.9	3.5	8.9	0.0	8.9	
3.02734	0.1	915	12.4	8.9	3.5	8.9	0.0	8.9	
3.03125	0.1	915	12.4	8.9	3.5	8.9	0.0	8.9	
3.03516	0.1	915	12.4	9.0	3.4	9.0	0.0	9.0	
3.03906	0.1	915	12.4	9.0	3.4	9.0	0.0	9.0	
3.04297	0.1	916	12.4	9.0	3.4	9.0	0.0	9.0	
3.04688	0.1	916	12.4	9.0	3.4	9.0	0.0	9.0	
3.05078	0.1	916	12.5	9.1	3.4	9.1	0.0	9.1	
3.05469	0.1	916	12.5	9.1	3.4	9.1	0.0	9.1	
3.05859	0.1	916	12.5	9.1	3.4	9.1	0.0	9.1	
3.06250	0.1	916	12.5	9.1	3.4	9.1	0.0	9.1	
3.06641	0.1	916	12.5	9.1	3.4	9.1	0.0	9.1	
3.07031	0.1	916	12.5	9.1	3.4	9.1	0.0	9.1	
3.07422	0.1	916	12.5	9.2	3.3	9.2	0.0	9.2	
3.07812	0.1	916	12.5	9.2	3.3	9.2	0.0	9.2	
3.08203	0.1	916	12.5	9.2	3.3	9.2	0.0	9.2	
3.08594	0.1	916	12.5	9.2	3.3	9.2	0.0	9.2	
3.08984	0.1	916	12.5	9.2	3.3	9.2	0.0	9.2	
3.09375	0.0	916	12.6	9.2	3.4	9.2	0.0	9.2	
3.09766	0.0	916	12.6	9.2	3.4	9.2	0.0	9.2	
3.10156	0.1	916	12.6	9.2	3.4	9.2	0.0	9.2	
3.10547	0.1	916	12.6	9.2	3.4	9.2	0.0	9.2	
3.10938	0.0	916	12.6	9.2	3.4	9.2	0.0	9.2	
3.11328	0.1	916	12.6	9.2	3.4	9.2	0.0	9.2	
3.11719	0.1	916	12.6	9.2	3.4	9.2	0.0	9.2	
3.12109	0.1	916	12.7	9.2	3.5	9.2	0.0	9.2	
3.12500	0.1	916	12.7	9.1	3.6	9.1	0.0	9.1	
3.12891	0.1	916	12.7	9.1	3.6	9.1	0.0	9.1	
3.13281	0.1	916	12.7	9.1	3.6	9.1	0.0	9.1	
3.13672	0.1	916	12.7	9.1	3.6	9.1	0.0	9.1	
3.14062	0.1	916	12.7	9.1	3.6	9.1	0.0	9.1	
3.14453	0.1	916	12.7	9.1	3.6	9.1	0.0	9.1	
3.14844	0.1	916	12.7	9.1	3.6	9.1	0.0	9.1	
3.15234	0.1	916	12.7	9.0	3.7	9.0	0.0	9.0	
3.15625	0.1	916	12.7	8.9	3.8	8.9	0.0	8.9	
3.16016	0.1	916	12.7	8.9	3.8	8.9	0.0	8.9	
3.16406	0.1	916	12.7	8.8	3.9	8.8	0.0	8.8	
3.16797	0.1	916	12.7	8.8	3.9	8.8	0.0	8.8	
3.17188	0.1	916	12.7	8.7	4.0	8.7	0.0	8.7	
3.17578	0.1	916	12.7	8.6	4.1	8.6	0.0	8.6	
3.17969	0.1	916	12.7	8.5	4.2	8.5	0.0	8.5	
3.18359	0.1	916	12.7	8.4	4.3	8.4	0.0	8.4	
3.18750	0.1	916	12.7	8.3	4.4	8.3	0.0	8.3	
3.19141	0.1	916	12.7	8.3	4.4	8.3	0.0	8.3	
3.19531	0.1	916	12.8	8.2	4.6	8.2	0.0	8.2	
3.19922	0.1	916	12.8	8.2	4.6	8.2	0.0	8.2	
3.20312	0.1	916	12.8	8.1	4.7	8.1	0.0	8.1	
3.20703	0.0	916	12.8	8.1	4.7	8.1	0.0	8.1	
3.21094	-0.0	916	12.9	8.0	4.9	8.0	0.0	8.0	
3.21484	-0.1	916	12.9	8.0	4.9	8.0	0.0	8.0	
3.21875	-0.1	916	12.9	8.0	4.9	8.0	0.0	8.0	
3.22266	-0.1	916	13.0	8.0	5.0	8.0	0.0	8.0	
3.22656	-0.1	916	13.0	7.9	5.1	7.9	0.0	7.9	
3.23047	-0.1	916	13.0	7.9	5.1	7.9	0.0	7.9	
3.23438	-0.1	916	13.1	7.9	5.2	7.9	0.0	7.9	
3.23828	-0.0	916	13.1	7.9	5.2	7.9	0.0	7.9	
3.24219	-0.0	916	13.1	7.9	5.2	7.9	0.0	7.9	
3.24609	-0.0	916	13.1	7.9	5.2	7.9	0.0	7.9	
3.25000	0.0	916	13.1	7.9	5.2	7.9	0.0	7.9	
3.25391	0.0	916	13.2	7.9	5.3	7.9	0.0	7.9	
3.25781	0.1	916	13.2	7.9	5.3	7.9	0.0	7.9	
3.26172	0.1	916	13.2	7.8	5.4	7.8	0.0	7.8	
3.26562	0.1	916	13.2	7.8	5.4	7.8	0.0	7.8	
3.26953	0.1	916	13.2	7.8	5.4	7.8	0.0	7.8	
3.27344	0.1	916	13.2	7.8	5.4	7.8	0.0	7.8	
3.27734	0.1	916	13.2	7.8	5.4	7.8	0.0	7.8	
3.28125	0.1	916	13.2	7.8	5.4	7.8	0.0	7.8	
3.28516	0.2	916	13.2	7.8	5.4	7.8	0.0	7.8	
3.28906	0.1	916	13.2	7.8	5.4	7.8	0.0	7.8	
3.29297	0.2	916	13.1	7.8	5.3	7.8	0.0	7.8	
3.29688	0.2	916	13.1	7.8	5.3	7.8	0.0	7.8	
3.30078	0.2	916	13.1	7.8	5.3	7.8	0.0	7.8	
3.30469	0.2	916	13.1	7.8	5.3	7.8	0.0	7.8	
3.30859	0.1	916	13.1	7.8	5.3	7.8	0.0	7.8	
3.31250	0.1	916	13.1	7.8	5.3	7.8	0.0	7.8	
3.31641	0.1	916	13.1	7.8	5.3	7.8	0.0	7.8	
3.32031	0.1	916	13.1	7.8	5.3	7.8	0.0	7.8	
3.32422	0.2	916	13.1	7.8	5.3	7.8	0.0	7.8	
3.32812	0.2	916	13.1	7.8	5.3	7.8	0.0	7.8	
3.33203	0.1	916	13.1	7.9	5.2	7.9	0.0	7.9	
3.33594	0.2	916	13.1	7.9	5.2	7.9	0.0	7.9	
3.33984	0.2	916	13.1	7.9	5.2	7.9	0.0	7.9	
3.34375	0.1	916	13.1	7.9	5.2	7.9	0.0	7.9	
3.34766	0.1	916	13.1	7.9	5.2	7.9	0.0	7.9	
3.35156	0.1	916	13.1	7.9	5.2	7.9	0.0	7.9	
3.35547	0.2	916	13.1	7.9	5.2	7.9	0.0	7.9	
3.35938	0.1	916	13.1	7.9	5.2	7.9	0.0	7.9	
3.36328	0.1	916	13.1	8.0	5.1	8.0	0.0	8.0	
3.36719	0.1	916	13.1	8.0	5.1	8.0	0.0	8.0	
3.37109	0.1	916	13.1	8.0	5.1	8.0	0.0	8.0	
3.37500	0.2	916	13.1	8.0	5.1	8.0	0.0	8.0	
3.37891	0.2	916	13.0	8.0	5.0	8.0	0.0	8.0	
3.38281	0.2	916	13.0	8.1	4.9	8.1	0.0	8.1	
3.38672	0.2	916	13.0	8.1	4.9	8.1	0.0	8.1	
3.39062	0.2	916	13.0	8.1	4.9	8.1	0.0	8.1	
3.39453	0.2	916	13.0	8.1	4.9	8.1	0.0	8.1	
3.39844	0.2	916	13.0	8.1	4.9	8.1	0.0	8.1	
3.40234	0.2	916	13.0	8.1	4.9	8.1	0.0	8.1	
3.40625	0.2	916	13.0	8.1	4.9	8.1	0.0	8.1	
3.41016	0.2	916	12.9	8.2	4.7	8.2	0.0	8.2	
3.41406	0.2	916	12.9	8.2	4.7	8.2	0.0	8.2	
3.41797	0.2	916	12.9	8.2	4.7	8.2	0.0	8.2	
3.42188	0.2	916	12.9	8.2	4.7	8.2	0.0	8.2	
3.42578	0.3	916	12.9	8.3	4.6	8.3	0.0	8.3	
3.42969	0.3	916	12.9	8.3	4.6	8.3	0.0	8.3	
3.43359	0.2	916	12.8	8.3	4.5	8.3	0.0	8.3	
3.43750	0.2	916	12.8	8.3	4.5	8.3	0.0	8.3	
3.44141	0.2	916	12.8	8.3	4.5	8.3	0.0	8.3	
3.44531	0.2	916	12.8	8.4	4.4	8.4	0.0	8.4	
3.44922	0.2	916	12.8	8.4	4.4	8.4	0.0	8.4	
3.45312	0.2	916	12.7	8.4	4.3	8.4	0.0	8.4	
3.45703	0.2	916	12.7	8.4	4.3	8.4	0.0	8.4	
3.46094	0.2	916	12.7	8.4	4.3	8.4	0.0	8.4	
3.46484	0.2	916	12.7	8.5	4.2	8.5	0.0	8.5	
3.46875	0.2	916	12.7	8.5	4.2	8.5	0.0	8.5	
3.47266	0.1	916	12.7	8.5	4.2	8.5	0.0	8.5	
3.47656	0.2	916	12.7	8.5	4.2	8.5	0.0	8.5	
3.48047	0.1	916	12.7	8.5	4.2	8.5	0.0	8.5	
3.48438	0.1	916	12.7	8.5	4.2	8.5	0.0	8.5	
3.48828	0.1	916	12.7	8.5	4.2	8.5	0.0	8.5	
3.49219	0.1	916	12.7	8.5	4.2	8.5	0.0	8.5	
3.49609	0.1	916	12.7	8.6	4.1	8.6	0.0	8.6	
3.50000	0.1	916	12.7	8.6	4.1	8.6	0.0	8.6	
3.50391	0.1	916	12.7	8.6	4.1	8.6	0.0	8.6	
3.50781	0.1	916	12.7	8.6	4.1	8.6	0.0	8.6	
3.51172	0.1	916	12.7	8.6	4.1	8.6	0.0	8.6	
3.51562	0.1	916	12.7	8.6	4.1	8.6	0.0	8.6	
3.51953	0.1	916	12.7	8.6	4.1	8.6	0.0	8.6	
3.52344	0.1	916	12.7	8.6	4.1	8.6	0.0	8.6	
3.52734	0.1	916	12.7	8.6	4.1	8.6	0.0	8.6	
3.53125	0.1	916	12.7	8.6	4.1	8.6	0.0	8.6	
3.53516	0.1	916	12.7	8.6	4.1	8.6	0.0	8.6	
3.53906	0.1	916	12.7	8.6	4.1	8.6	0.0	8.6	
3.54297	0.2	916	12.7	8.6	4.1	8.6	0.0	8.6	
3.54688	0.2	916	12.7	8.6	4.1	8.6	0.0	8.6	
3.55078	0.2	916	12.7	8.6	4.1	8.6	0.0	8.6	
3.55469	0.2	916	12.6	8.6	4.0	8.6	0.0	8.6	
3.55859	0.1	916	12.6	8.6	4.0	8.6	0.0	8.6	
3.56250	0.2	917	12.6	8.6	4.0	8.6	0.0	8.6	
3.56641	0.2	917	12.6	8.6	4.0	8.6	0.0	8.6	
3.57031	0.2	917	12.6	8.7	3.9	8.7	0.0	8.7	
3.57422	0.1	917	12.6	8.7	3.9	8.7	0.0	8.7	
3.57812	0.2	917	12.6	8.7	3.9	8.7	0.0	8.7	
3.58203	0.2	917	12.6	8.7	3.9	8.7	0.0	8.7	
3.58594	0.2	917	12.6	8.7	3.9	8.7	0.0	8.7	
3.58984	0.2	917	12.6	8.7	3.9	8.7	0.0	8.7	
3.59375	0.1	917	12.6	8.7	3.9	8.7	0.0	8.7	
3.59766	0.1	917	12.6	8.7	3.9	8.7	0.0	8.7	
3.60156	0.2	917	12.6	8.7	3.9	8.7	0.0	8.7	
3.60547	0.2	917	12.6	8.7	3.9	8.7	0.0	8.7	
3.60938	0.1	917	12.6	8.7	3.9	8.7	0.0	8.7	
3.61328	0.1	917	12.6	8.7	3.9	8.7	0.0	8.7	
3.61719	0.1	917	12.6	8.7	3.9	8.7	0.0	8.7	
3.62109	0.1	917	12.6	8.7	3.9	8.7	0.0	8.7	
3.62500	0.2	917	12.6	8.7	3.9	8.7	0.0	8.7	
3.62891	0.2	917	12.6	8.7	3.9	8.7	0.0	8.7	
3.63281	0.2	917	12.6	8.7	3.9	8.7	0.0	8.7	
3.63672	0.2	917	12.6	8.7	3.9	8.7	0.0	8.7	
3.64062	0.2	917	12.6	8.7	3.9	8.7	0.0	8.7	
3.64453	0.1	917	12.6	8.7	3.9	8.7	0.0	8.7	
3.64844	0.1	917	12.6	8.7	3.9	8.7	0.0	8.7	
3.65234	0.2	917	12.6	8.7	3.9	8.7	0.0	8.7	
3.65625	0.1	917	12.6	8.7	3.9	8.7	0.0	8.7	
3.66016	0.1	917	12.5	8.7	3.8	8.7	0.0	8.7	
3.66406	0.1	917	12.6	8.8	3.8	8.8	0.0	8.8	
3.66797	0.1	917	12.6	8.8	3.8	8.8	0.0	8.8	
3.67188	0.1	917	12.6	8.8	3.8	8.8	0.0	8.8	
3.67578	0.2	917	12.6	8.8	3.8	8.8	0.0	8.8	
3.67969	0.1	917	12.6	8.8	3.8	8.8	0.0	8.8	
3.68359	0.1	917	12.6	8.8	3.8	8.8	0.0	8.8	
3.68750	0.1	917	12.6	8.8	3.8	8.8	0.0	8.8	
3.69141	0.1	917	12.6	8.8	3.8	8.8	0.0	8.8	
3.69531	0.1	917	12.6	8.8	3.8	8.8	0.0	8.8	
3.69922	0.1	917	12.6	8.8	3.8	8.8	0.0	8.8	
3.70312	0.1	917	12.6	8.8	3.8	8.8	0.0	8.8	
3.70703	0.1	917	12.6	8.8	3.8	8.8	0.0	8.8	
3.71094	0.1	917	12.6	8.8	3.8	8.8	0.0	8.8	
3.71484	0.1	917	12.5	8.8	3.7	8.8	0.0	8.8	
3.71875	0.1	917	12.5	8.8	3.7	8.8	0.0	8.8	
3.72266	0.1	917	12.6	8.9	3.7	8.9	0.0	8.9	
3.72656	0.1	917	12.6	8.9	3.7	8.9	0.0	8.9	
3.73047	0.1	917	12.5	8.9	3.6	8.9	0.0	8.9	
3.73438	0.1	917	12.6	8.9	3.7	8.9	0.0	8.9	
3.73828	0.2	917	12.6	8.9	3.7	8.9	0.0	8.9	
3.74219	0.2	917	12.6	8.9	3.7	8.9	0.0	8.9	
3.74609	0.1	917	12.6	8.9	3.7	8.9	0.0	8.9	
3.75000	0.1	917	12.6	8.9	3.7	8.9	0.0	8.9	
3.75391	0.2	917	12.5	8.9	3.6	8.9	0.0	8.9	
3.75781	0.1	917	12.6	8.9	3.7	8.9	0.0	8.9	
3.76172	0.1	917	12.6	8.9	3.7	8.9	0.0	8.9	
3.76562	0.1	917	12.6	8.9	3.7	8.9	0.0	8.9	
3.76953	0.1	917	12.6	8.9	3.7	8.9	0.0	8.9	
3.77344	0.1	917	12.5	8.9	3.6	8.9	0.0	8.9	
3.77734	0.1	917	12.6	8.9	3.7	8.9	0.0	8.9	
3.78125	0.1	917	12.6	9.0	3.6	9.0	0.0	9.0	
3.78516	0.2	917	12.5	9.0	3.5	9.0	0.0	9.0	
3.78906	0.1	917	12.5	8.9	3.6	8.9	0.0	8.9	
3.79297	0.1	917	12.6	9.0	3.6	9.0	0.0	9.0	
3.79688	0.2	917	12.5	9.0	3.5	9.0	0.0	9.0	
3.80078	0.1	917	12.6	9.0	3.6	9.0	0.0	9.0	
3.80469	0.1	917	12.6	9.0	3.6	9.0	0.0	9.0	
3.80859	0.1	917	12.6	9.0	3.6	9.0	0.0	9.0	
3.81250	0.1	917	12.5	9.0	3.5	9.0	0.0	9.0	
3.81641	0.1	917	12.6	9.0	3.6	9.0	0.0	9.0	
3.82031	0.2	917	12.6	9.1	3.5	9.1	0.0	9.1	
3.82422	0.1	917	12.6	9.1	3.5	9.1	0.0	9.1	
3.82812	0.1	917	12.6	9.1	3.5	9.1	0.0	9.1	
3.83203	0.1	917	12.6	9.1	3.5	9.1	0.0	9.1	
3.83594	0.1	917	12.6	9.1	3.5	9.1	0.0	9.1	
3.83984	0.1	917	12.6	9.2	3.4	9.2	0.0	9.2	
3.84375	0.1	917	12.6	9.2	3.4	9.2	0.0	9.2	
3.84766	0.1	917	12.6	9.2	3.4	9.2	0.0	9.2	
3.85156	0.1	917	12.6	9.2	3.4	9.2	0.0	9.2	
3.85547	0.1	917	12.6	9.2	3.4	9.2	0.0	9.2	
3.85938	0.1	917	12.7	9.2	3.5	9.2	0.0	9.2	
3.86328	0.1	917	12.6	9.3	3.3	9.3	0.0	9.3	
3.86719	0.1	917	12.7	9.3	3.4	9.3	0.0	9.3	
3.87109	0.1	917	12.7	9.3	3.4	9.3	0.0	9.3	
3.87500	0.1	917	12.7	9.3	3.4	9.3	0.0	9.3	
3.87891	0.1	917	12.7	9.3	3.4	9.3	0.0	9.3	
3.88281	0.1	917	12.7	9.3	3.4	9.3	0.0	9.3	
3.88672	0.0	917	12.7	9.3	3.4	9.3	0.0	9.3	
3.89062	0.0	917	12.8	9.3	3.5	9.3	0.0	9.3	
3.89453	0.1	917	12.8	9.3	3.5	9.3	0.0	9.3	
3.89844	0.0	917	12.8	9.3	3.5	9.3	0.0	9.3	
3.90234	0.1	917	12.8	9.3	3.5	9.3	0.0	9.3	
3.90625	0.1	917	12.8	9.3	3.5	9.3	0.0	9.3	
3.91016	0.1	917	12.8	9.3	3.5	9.3	0.0	9.3	
3.91406	0.1	917	12.8	9.3	3.5	9.3	0.0	9.3	
3.91797	0.1	917	12.8	9.3	3.5	9.3	0.0	9.3	
3.92188	0.1	917	12.9	9.3	3.6	9.3	0.0	9.3	
3.92578	0.1	917	12.9	9.3	3.6	9.3	0.0	9.3	
3.92969	0.1	917	12.9	9.3	3.6	9.3	0.0	9.3	
3.93359	0.1	917	12.9	9.3	3.6	9.3	0.0	9.3	
3.93750	0.1	917	12.9	9.3	3.6	9.3	0.0	9.3	
3.94141	0.1	917	12.9	9.2	3.7	9.2	0.0	9.2	
3.94531	0.1	917	12.9	9.2	3.7	9.2	0.0	9.2	
3.94922	0.1	917	12.9	9.2	3.7	9.2	0.0	9.2	
3.95312	0.1	917	12.9	9.1	3.8	9.1	0.0	9.1	
3.95703	0.1	917	12.9	9.1	3.8	9.1	0.0	9.1	
3.96094	0.1	917	12.9	9.0	3.9	9.0	0.0	9.0	
3.96484	0.1	917	12.9	9.0	3.9	9.0	0.0	9.0	
3.96875	0.1	917	12.9	8.9	4.0	8.9	0.0	8.9	
3.97266	0.2	917	12.9	8.8	4.1	8.8	0.0	8.8	
3.97656	0.2	917	12.9	8.7	4.2	8.7	0.0	8.7	
3.98047	0.1	917	12.9	8.6	4.3	8.6	0.0	8.6	
3.98438	0.2	917	12.9	8.6	4.3	8.6	0.0	8.6	
3.98828	0.1	917	12.9	8.5	4.4	8.5	0.0	8.5	
3.99219	0.1	917	12.9	8.4	4.5	8.4	0.0	8.4	
3.99609	0.1	917	12.9	8.3	4.6	8.3	0.0	8.3	
4.00000	0.1	917	12.9	8.3	4.6	8.3	0.0	8.3	
4.00391	0.0	917	13.0	8.2	4.8	8.2	0.0	8.2	
4.00781	-0.0	917	13.0	8.2	4.8	8.2	0.0	8.2	
4.01172	-0.0	917	13.0	8.2	4.8	8.2	0.0	8.2	
4.01562	-0.0	917	13.1	8.2	4.9	8.2	0.0	8.2	
4.01953	-0.1	917	13.1	8.1	5.0	8.1	0.0	8.1	
4.02344	-0.1	917	13.1	8.1	5.0	8.1	0.0	8.1	
4.02734	-0.0	917	13.2	8.1	5.1	8.1	0.0	8.1	
4.03125	-0.0	917	13.2	8.1	5.1	8.1	0.0	8.1	
4.03516	-0.1	917	13.2	8.1	5.1	8.1	0.0	8.1	
4.03906	-0.0	917	13.3	8.0	5.3	8.0	0.0	8.0	
4.04297	-0.0	917	13.3	8.0	5.3	8.0	0.0	8.0	
4.04688	-0.0	917	13.3	8.0	5.3	8.0	0.0	8.0	
4.05078	0.0	917	13.3	8.0	5.3	8.0	0.0	8.0	
4.05469	0.1	917	13.3	8.0	5.3	8.0	0.0	8.0	
4.05859	0.1	917	13.3	8.0	5.3	8.0	0.0	8.0	
4.06250	0.0	917	13.3	8.0	5.3	8.0	0.0	8.0	
4.06641	0.1	917	13.3	8.0	5.3	8.0	0.0	8.0	
4.07031	0.2	917	13.3	8.0	5.3	8.0	0.0	8.0	
4.07422	0.1	917	13.3	8.0	5.3	8.0	0.0	8.0	
4.07812	0.1	917	13.3	8.0	5.3	8.0	0.0	8.0	
4.08203	0.1	917	13.3	7.9	5.4	7.9	0.0	7.9	
4.08594	0.2	917	13.3	7.9	5.4	7.9	0.0	7.9	
4.08984	0.2	917	13.3	8.0	5.3	8.0	0.0	8.0	
4.09375	0.2	917	13.3	7.9	5.4	7.9	0.0	7.9	
4.09766	0.2	917	13.3	7.9	5.4	7.9	0.0	7.9	
4.10156	0.2	917	13.3	7.9	5.4	7.9	0.0	7.9	
4.10547	0.2	917	13.3	7.9	5.4	7.9	0.0	7.9	
4.10938	0.3	918	13.2	7.9	5.3	7.9	0.0	7.9	
4.11328	0.3	918	13.2	7.9	5.3	7.9	0.0	7.9	
4.11719	0.4	918	13.2	7.9	5.3	7.9	0.0	7.9	
4.12109	0.7	918	13.1	7.9	5.2	7.9	0.0	7.9	
4.12500	0.9	918	13.0	7.9	5.1	7.9	0.0	7.9	
4.12891	1.2	918	12.8	7.9	4.9	7.9	0.0	7.9	
4.13281	1.7	918	12.7	7.9	4.8	7.9	0.0	7.9	
4.13672	2.2	918	12.5	7.9	4.6	7.9	0.0	7.9	
4.14062	2.8	918	12.3	7.9	4.4	7.9	0.0	7.9	
4.14453	3.4	918	12.1	7.9	4.2	7.9	0.0	7.9	
4.14844	4.0	919	11.8	7.8	4.0	7.8	0.0	7.8	
4.15234	4.6	919	11.5	7.8	3.7	7.8	0.0	7.8	
4.15625	5.2	919	11.2	7.7	3.5	7.7	0.0	7.7	
4.16016	5.7	920	11.0	7.7	3.3	7.7	0.0	7.7	
4.16406	6.1	920	10.7	7.6	3.1	7.6	0.0	7.6	
4.16797	6.3	920	10.4	7.6	2.8	7.6	0.0	7.6	
4.17188	6.5	921	10.1	7.5	2.6	7.5	0.0	7.5	
4.17578	6.6	921	9.8	7.5	2.3	7.5	0.0	7.5	
4.17969	6.5	922	9.6	7.4	2.2	7.4	0.0	7.4	
4.18359	6.4	922	9.3	7.3	2.0	7.3	0.0	7.3	
4.18750	6.3	923	9.1	7.3	1.8	7.3	0.0	7.3	
4.19141	6.1	923	8.8	7.2	1.6	7.2	0.0	7.2	
4.19531	5.9	923	8.6	7.1	1.5	7.1	0.0	7.1	
4.19922	5.7	924	8.4	7.1	1.3	7.1	0.0	7.1	
4.20312	5.5	924	8.2	7.0	1.2	7.0	0.0	7.0	
4.20703	5.2	924	7.9	6.9	1.0	6.9	0.0	6.9	
4.21094	5.0	925	7.8	6.8	1.0	6.8	0.0	6.8	
4.21484	4.9	925	7.6	6.8	0.8	6.8	0.0	6.8	
4.21875	4.7	925	7.4	6.7	0.7	6.7	0.0	6.7	
4.22266	4.6	926	7.2	6.6	0.6	6.6	0.0	6.6	
4.22656	4.5	926	7.0	6.6	0.4	6.6	0.0	6.6	
4.23047	4.4	926	6.8	6.5	0.3	6.5	0.0	6.5	
4.23438	4.2	927	6.6	6.4	0.2	6.4	0.0	6.4	
4.23828	4.2	927	6.4	6.4	0.0	6.4	0.0	6.4	
4.24219	4.1	927	6.3	6.3	0.0	6.3	0.0	6.3	
4.24609	4.1	927	6.1	6.2	-0.1	6.2	0.0	6.2	
4.25000	4.0	928	5.9	6.1	-0.2	6.1	0.0	6.1	
4.25391	3.9	928	5.8	6.1	-0.3	6.1	0.0	6.1	
4.25781	3.9	928	5.6	6.0	-0.4	6.0	0.0	6.0	
4.26172	3.9	928	5.5	5.9	-0.4	5.9	0.0	5.9	
4.26562	3.7	929	5.3	5.9	-0.6	5.9	0.0	5.9	
4.26953	3.6	929	5.2	5.8	-0.6	5.8	0.0	5.8	
4.27344	3.5	929	5.0	5.7	-0.7	5.7	0.0	5.7	
4.27734	3.4	929	4.9	5.6	-0.7	5.6	0.0	5.6	
4.28125	3.3	929	4.7	5.5	-0.8	5.5	0.0	5.5	
4.28516	3.2	930	4.6	5.4	-0.8	5.4	0.0	5.4	
4.28906	3.1	930	4.5	5.4	-0.9	5.4	0.0	5.4	
4.29297	3.0	930	4.4	5.3	-0.9	5.3	0.0	5.3	
4.29688	2.9	930	4.3	5.2	-0.9	5.2	0.0	5.2	
4.30078	2.8	930	4.1	5.1	-1.0	5.1	0.0	5.1	
4.30469	2.7	931	4.0	5.0	-1.0	5.0	0.0	5.0	
4.30859	2.6	931	3.9	5.0	-1.1	5.0	0.0	5.0	
4.31250	2.5	931	3.8	4.9	-1.1	4.9	0.0	4.9	
4.31641	2.5	931	3.7	4.8	-1.1	4.8	0.0	4.8	
4.32031	2.4	931	3.6	4.7	-1.1	4.7	0.0	4.7	
4.32422	2.4	931	3.5	4.6	-1.1	4.6	0.0	4.6	
4.32812	2.3	932	3.4	4.6	-1.2	4.6	0.0	4.6	
4.33203	2.2	932	3.3	4.5	-1.2	4.5	0.0	4.5	
4.33594	2.2	932	3.2	4.4	-1.2	4.4	0.0	4.4	
4.33984	2.2	932	3.1	4.3	-1.2	4.3	0.0	4.3	
4.34375	2.1	932	3.0	4.3	-1.3	4.3	0.0	4.3	
4.34766	2.1	932	2.9	4.2	-1.3	4.2	0.0	4.2	
4.35156	2.0	932	2.8	4.1	-1.3	4.1	0.0	4.1	
4.35547	2.0	933	2.7	4.0	-1.3	4.0	0.0	4.0	
4.35938	1.9	933	2.6	4.0	-1.4	4.0	0.0	4.0	
4.36328	1.9	933	2.5	3.9	-1.4	3.9	0.0	3.9	
4.36719	1.8	933	2.4	3.8	-1.4	3.8	0.0	3.8	
4.37109	1.8	933	2.4	3.7	-1.3	3.7	0.0	3.7	
4.37500	1.7	933	2.3	3.7	-1.4	3.7	0.0	3.7	
4.37891	1.7	933	2.2	3.6	-1.4	3.6	0.0	3.6	
4.38281	1.6	933	2.1	3.5	-1.4	3.5	0.0	3.5	
4.38672	1.6	933	2.1	3.5	-1.4	3.5	0.0	3.5	
4.39062	1.6	934	2.0	3.4	-1.4	3.4	0.0	3.4	
4.39453	1.5	934	1.9	3.4	-1.5	3.4	0.0	3.4	
4.39844	1.4	934	1.9	3.3	-1.4	3.3	0.0	3.3	
4.40234	1.3	934	1.8	3.2	-1.4	3.2	0.0	3.2	
4.40625	1.3	934	1.7	3.2	-1.5	3.2	0.0	3.2	
4.41016	1.2	934	1.7	3.1	-1.4	3.1	0.0	3.1	
4.41406	1.1	934	1.6	3.1	-1.5	3.1	0.0	3.1	
4.41797	1.1	934	1.6	3.0	-1.4	3.0	0.0	3.0	
4.42188	1.0	934	1.6	3.0	-1.4	3.0	0.0	3.0	
4.42578	0.9	934	1.5	2.9	-1.4	2.9	0.0	2.9	
4.42969	0.9	934	1.5	2.9	-1.4	2.9	0.0	2.9	
4.43359	0.8	934	1.4	2.8	-1.4	2.8	0.0	2.8	
4.43750	0.7	934	1.4	2.8	-1.4	2.8	0.0	2.8	
4.44141	0.7	934	1.4	2.7	-1.3	2.7	0.0	2.7	
4.44531	0.6	935	1.4	2.7	-1.3	2.7	0.0	2.7	
4.44922	0.5	935	1.4	2.6	-1.2	2.6	0.0	2.6	
4.45312	0.5	935	1.3	2.6	-1.3	2.6	0.0	2.6	
4.45703	0.4	935	1.3	2.6	-1.3	2.6	0.0	2.6	
4.46094	0.3	935	1.4	2.6	-1.2	2.6	0.0	2.6	
4.46484	0.3	935	1.4	2.5	-1.1	2.5	0.0	2.5	
4.46875	0.2	935	1.4	2.5	-1.1	2.5	0.0	2.5	
4.47266	0.1	935	1.4	2.5	-1.1	2.5	0.0	2.5	
4.47656	0.1	935	1.4	2.5	-1.1	2.5	0.0	2.5	
4.48047	0.1	935	1.5	2.4	-0.9	2.4	0.0	2.4	
4.48438	-0.0	935	1.5	2.4	-0.9	2.4	0.0	2.4	
4.48828	-0.1	935	1.6	2.4	-0.8	2.4	0.0	2.4	
4.49219	-0.2	935	1.6	2.4	-0.8	2.4	0.0	2.4	
4.49609	-0.3	935	1.7	2.4	-0.7	2.4	0.0	2.4	
4.50000	-0.4	935	1.8	2.4	-0.6	2.4	0.0	2.4	
4.50391	-0.6	935	1.9	2.4	-0.5	2.4	0.0	2.4	
4.50781	-0.8	935	2.0	2.4	-0.4	2.4	0.0	2.4	
4.51172	-1.0	934	2.2	2.4	-0.2	2.4	0.0	2.4	
4.51562	-1.4	934	2.3	2.4	-0.1	2.4	0.0	2.4	
4.51953	-1.7	934	2.5	2.4	0.1	2.4	0.0	2.4	
4.52344	-2.0	934	2.7	2.5	0.2	2.5	0.0	2.5	
4.52734	-2.4	934	2.9	2.5	0.4	2.5	0.0	2.5	
4.53125	-2.8	934	3.1	2.5	0.6	2.5	0.0	2.5	
4.53516	-3.3	934	3.3	2.6	0.7	2.6	0.0	2.6	
4.53906	-3.7	933	3.6	2.6	1.0	2.6	0.0	2.6	
4.54297	-4.2	933	3.8	2.7	1.1	2.7	0.0	2.7	
4.54688	-4.6	933	4.1	2.7	1.4	2.7	0.0	2.7	
4.55078	-5.1	932	4.4	2.8	1.6	2.8	0.0	2.8	
4.55469	-5.6	932	4.7	2.9	1.8	2.9	0.0	2.9	
4.55859	-6.0	932	5.0	3.0	2.0	3.0	0.0	3.0	
4.56250	-6.3	931	5.3	3.0	2.3	3.0	0.0	3.0	
4.56641	-6.7	931	5.7	3.1	2.6	3.1	0.0	3.1	
4.57031	-6.9	930	6.0	3.2	2.8	3.2	0.0	3.2	
4.57422	-7.2	930	6.3	3.3	3.0	3.3	0.0	3.3	
4.57812	-7.3	929	6.6	3.4	3.2	3.4	0.0	3.4	
4.58203	-7.4	929	7.0	3.5	3.5	3.5	0.0	3.5	
4.58594	-7.3	928	7.3	3.6	3.7	3.6	0.0	3.6	
4.58984	-7.3	928	7.6	3.7	3.9	3.7	0.0	3.7	
4.59375	-7.1	928	7.9	3.9	4.0	3.9	0.0	3.9	
4.59766	-6.9	927	8.1	4.0	4.1	4.0	0.0	4.0	
4.60156	-6.7	927	8.4	4.1	4.3	4.1	0.0	4.1	
4.60547	-6.5	926	8.6	4.2	4.4	4.2	0.0	4.2	
4.60938	-6.2	926	8.9	4.3	4.6	4.3	0.0	4.3	
4.61328	-5.9	925	9.1	4.4	4.7	4.4	0.0	4.4	
4.61719	-5.6	925	9.3	4.6	4.7	4.6	0.0	4.6	
4.62109	-5.3	925	9.5	4.7	4.8	4.7	0.0	4.7	
4.62500	-5.0	924	9.7	4.8	4.9	4.8	0.0	4.8	
4.62891	-4.7	924	9.9	4.9	5.0	4.9	0.0	4.9	
4.63281	-4.4	924	10.0	5.0	5.0	5.0	0.0	5.0	
4.63672	-4.0	924	10.2	5.2	5.0	5.2	0.0	5.2	
4.64062	-3.7	923	10.3	5.3	5.0	5.3	0.0	5.3	
4.64453	-3.4	923	10.4	5.4	5.0	5.4	0.0	5.4	
4.64844	-3.1	923	10.5	5.5	5.0	5.5	0.0	5.5	
4.65234	-2.8	923	10.7	5.6	5.1	5.6	0.0	5.6	
4.65625	-2.6	923	10.8	5.7	5.1	5.7	0.0	5.7	
4.66016	-2.4	922	10.9	5.8	5.1	5.8	0.0	5.8	
4.66406	-2.2	922	10.9	5.9	5.0	5.9	0.0	5.9	
4.66797	-1.9	922	11.0	6.0	5.0	6.0	0.0	6.0	
4.67188	-1.8	922	11.1	6.1	5.0	6.1	0.0	6.1	
4.67578	-1.6	922	11.2	6.2	5.0	6.2	0.0	6.2	
4.67969	-1.4	922	11.2	6.3	4.9	6.3	0.0	6.3	
4.68359	-1.3	922	11.3	6.3	5.0	6.3	0.0	6.3	
4.68750	-1.2	922	11.3	6.4	4.9	6.4	0.0	6.4	
4.69141	-1.1	922	11.4	6.5	4.9	6.5	0.0	6.5	
4.69531	-1.0	922	11.4	6.5	4.9	6.5	0.0	6.5	
4.69922	-0.9	921	11.5	6.6	4.9	6.6	0.0	6.6	
4.70312	-0.8	921	11.6	6.6	5.0	6.6	0.0	6.6	
4.70703	-0.8	921	11.6	6.7	4.9	6.7	0.0	6.7	
4.71094	-0.7	921	11.6	6.7	4.9	6.7	0.0	6.7	
4.71484	-0.6	921	11.7	6.8	4.9	6.8	0.0	6.8	
4.71875	-0.6	921	11.7	6.9	4.8	6.9	0.0	6.9	
4.72266	-0.5	921	11.7	6.9	4.8	6.9	0.0	6.9	
4.72656	-0.5	921	11.8	6.9	4.9	6.9	0.0	6.9	
4.73047	-0.4	921	11.8	7.0	4.8	7.0	0.0	7.0	
4.73438	-0.3	921	11.8	7.0	4.8	7.0	0.0	7.0	
4.73828	-0.3	921	11.9	7.1	4.8	7.1	0.0	7.1	
4.74219	-0.3	921	11.9	7.1	4.8	7.1	0.0	7.1	
4.74609	-0.3	921	11.9	7.2	4.7	7.2	0.0	7.2	
4.75000	-0.3	921	12.0	7.2	4.8	7.2	0.0	7.2	
4.75391	-0.3	921	12.0	7.2	4.8	7.2	0.0	7.2	
4.75781	-0.3	921	12.0	7.2	4.8	7.2	0.0	7.2	
4.76172	-0.3	921	12.1	7.2	4.9	7.2	0.0	7.2	
4.76562	-0.2	921	12.1	7.2	4.9	7.2	0.0	7.2	
4.76953	-0.3	921	12.1	7.2	4.9	7.2	0.0	7.2	
4.77344	-0.3	921	12.2	7.2	5.0	7.2	0.0	7.2	
4.77734	-0.3	921	12.2	7.1	5.1	7.1	0.0	7.1	
4.78125	-0.3	921	12.2	7.1	5.1	7.1	0.0	7.1	
4.78516	-0.3	921	12.3	7.1	5.2	7.1	0.0	7.1	
4.78906	-0.3	921	12.3	7.0	5.3	7.0	0.0	7.0	
4.79297	-0.3	921	12.4	7.0	5.4	7.0	0.0	7.0	
4.79688	-0.3	921	12.4	7.0	5.4	7.0	0.0	7.0	
4.80078	-0.3	921	12.5	6.9	5.6	6.9	0.0	6.9	
4.80469	-0.4	921	12.5	6.9	5.6	6.9	0.0	6.9	
4.80859	-0.4	921	12.5	6.9	5.6	6.9	0.0	6.9	
4.81250	-0.4	921	12.6	6.8	5.8	6.8	0.0	6.8	
4.81641	-0.4	921	12.6	6.8	5.8	6.8	0.0	6.8	
4.82031	-0.5	921	12.7	6.8	5.9	6.8	0.0	6.8	
4.82422	-0.5	921	12.7	6.8	5.9	6.8	0.0	6.8	
4.82812	-0.4	921	12.8	6.9	5.9	6.9	0.0	6.9	
4.83203	-0.5	921	12.8	6.9	5.9	6.9	0.0	6.9	
4.83594	-0.4	921	12.9	6.9	6.0	6.9	0.0	6.9	
4.83984	-0.4	921	12.9	6.9	6.0	6.9	0.0	6.9	
4.84375	-0.4	920	12.9	6.9	6.0	6.9	0.0	6.9	
4.84766	-0.4	920	13.0	6.9	6.1	6.9	0.0	6.9	
4.85156	-0.3	920	13.0	6.9	6.1	6.9	0.0	6.9	
4.85547	-0.2	920	13.0	6.9	6.1	6.9	0.0	6.9	
4.85938	-0.2	920	13.0	6.9	6.1	6.9	0.0	6.9	
4.86328	-0.1	920	13.0	7.0	6.0	7.0	0.0	7.0	
4.86719	-0.1	920	13.1	7.0	6.1	7.0	0.0	7.0	
4.87109	-0.0	920	13.1	7.0	6.1	7.0	0.0	7.0	
4.87500	-0.0	920	13.1	7.0	6.1	7.0	0.0	7.0	
4.87891	0.1	920	13.1	7.0	6.1	7.0	0.0	7.0	
4.88281	0.1	920	13.1	7.0	6.1	7.0	0.0	7.0	
4.88672	0.1	920	13.1	7.0	6.1	7.0	0.0	7.0	
4.89062	0.1	920	13.1	7.1	6.0	7.1	0.0	7.1	
4.89453	0.1	920	13.1	7.1	6.0	7.1	0.0	7.1	
4.89844	0.1	920	13.1	7.1	6.0	7.1	0.0	7.1	
4.90234	0.1	920	13.1	7.1	6.0	7.1	0.0	7.1	
4.90625	0.1	920	13.1	7.1	6.0	7.1	0.0	7.1	
4.91016	0.1	920	13.1	7.1	6.0	7.1	0.0	7.1	
4.91406	0.1	920	13.1	7.2	5.9	7.2	0.0	7.2	
4.91797	0.1	920	13.1	7.2	5.9	7.2	0.0	7.2	
4.92188	0.1	920	13.1	7.2	5.9	7.2	0.0	7.2	
4.92578	0.1	920	13.1	7.2	5.9	7.2	0.0	7.2	
4.92969	0.1	920	13.1	7.2	5.9	7.2	0.0	7.2	
4.93359	0.1	920	13.1	7.3	5.8	7.3	0.0	7.3	
4.93750	0.1	920	13.1	7.3	5.8	7.3	0.0	7.3	
4.94141	0.1	921	13.1	7.3	5.8	7.3	0.0	7.3	
4.94531	0.1	921	13.1	7.3	5.8	7.3	0.0	7.3	
4.94922	0.1	921	13.1	7.4	5.7	7.4	0.0	7.4	
4.95312	0.1	921	13.1	7.4	5.7	7.4	0.0	7.4	
4.95703	0.1	921	13.1	7.4	5.7	7.4	0.0	7.4	
4.96094	0.1	921	13.1	7.5	5.6	7.5	0.0	7.5	
4.96484	0.1	921	13.1	7.5	5.6	7.5	0.0	7.5	
4.96875	0.1	921	13.1	7.5	5.6	7.5	0.0	7.5	
4.97266	0.1	921	13.1	7.5	5.6	7.5	0.0	7.5	
4.97656	0.1	921	13.1	7.6	5.5	7.6	0.0	7.6	
4.98047	0.1	921	13.1	7.6	5.5	7.6	0.0	7.6	
4.98438	0.1	921	13.1	7.6	5.5	7.6	0.0	7.6	
4.98828	0.1	921	13.1	7.7	5.4	7.7	0.0	7.7	
4.99219	0.1	921	13.1	7.7	5.4	7.7	0.0	7.7	
4.99609	0.2	921	13.1	7.7	5.4	7.7	0.0	7.7	
5.00000	0.2	921	13.1	7.7	5.4	7.7	0.0	7.7	
5.00391	0.1	921	13.1	7.8	5.3	7.8	0.0	7.8	
5.00781	0.1	921	13.1	7.8	5.3	7.8	0.0	7.8	
5.01172	0.2	921	13.1	7.8	5.3	7.8	0.0	7.8	
5.01562	0.2	921	13.0	7.8	5.2	7.8	0.0	7.8	
5.01953	0.2	921	13.0	7.9	5.1	7.9	0.0	7.9	
5.02344	0.2	921	13.0	7.9	5.1	7.9	0.0	7.9	
5.02734	0.2	921	13.0	7.9	5.1	7.9	0.0	7.9	
5.03125	0.2	921	13.0	8.0	5.0	8.0	0.0	8.0	
5.03516	0.3	921	12.9	8.0	4.9	8.0	0.0	8.0	
5.03906	0.2	921	12.9	8.0	4.9	8.0	0.0	8.0	
5.04297	0.2	921	12.9	8.0	4.9	8.0	0.0	8.0	
5.04688	0.2	921	12.9	8.1	4.8	8.1	0.0	8.1	
5.05078	0.2	921	12.9	8.1	4.8	8.1	0.0	8.1	
5.05469	0.2	921	12.8	8.1	4.7	8.1	0.0	8.1	
5.05859	0.2	921	12.8	8.1	4.7	8.1	0.0	8.1	
5.06250	0.2	921	12.8	8.2	4.6	8.2	0.0	8.2	
5.06641	0.2	921	12.8	8.2	4.6	8.2	0.0	8.2	
5.07031	0.2	921	12.8	8.2	4.6	8.2	0.0	8.2	
5.07422	0.1	921	12.8	8.2	4.6	8.2	0.0	8.2	
5.07812	0.2	921	12.8	8.3	4.5	8.3	0.0	8.3	
5.08203	0.2	921	12.8	8.3	4.5	8.3	0.0	8.3	
5.08594	0.1	921	12.8	8.3	4.5	8.3	0.0	8.3	
5.08984	0.2	921	12.8	8.3	4.5	8.3	0.0	8.3	
5.09375	0.2	921	12.7	8.3	4.4	8.3	0.0	8.3	
5.09766	0.1	921	12.7	8.4	4.3	8.4	0.0	8.4	
5.10156	0.1	921	12.7	8.4	4.3	8.4	0.0	8.4	
5.10547	0.2	921	12.7	8.4	4.3	8.4	0.0	8.4	
5.10938	0.2	921	12.7	8.4	4.3	8.4	0.0	8.4	
5.11328	0.2	921	12.7	8.4	4.3	8.4	0.0	8.4	
5.11719	0.2	921	12.7	8.4	4.3	8.4	0.0	8.4	
5.12109	0.1	921	12.7	8.4	4.3	8.4	0.0	8.4	
5.12500	0.2	921	12.7	8.4	4.3	8.4	0.0	8.4	
5.12891	0.2	921	12.7	8.4	4.3	8.4	0.0	8.4	
5.13281	0.1	921	12.7	8.5	4.2	8.5	0.0	8.5	
5.13672	0.1	921	12.7	8.5	4.2	8.5	0.0	8.5	
5.14062	0.2	921	12.7	8.5	4.2	8.5	0.0	8.5	
5.14453	0.2	921	12.6	8.5	4.1	8.5	0.0	8.5	
5.14844	0.1	921	12.6	8.5	4.1	8.5	0.0	8.5	
5.15234	0.1	921	12.6	8.5	4.1	8.5	0.0	8.5	
5.15625	0.1	921	12.6	8.5	4.1	8.5	0.0	8.5	
5.16016	0.1	921	12.6	8.5	4.1	8.5	0.0	8.5	
5.16406	0.2	921	12.6	8.5	4.1	8.5	0.0	8.5	
5.16797	0.1	921	12.6	8.5	4.1	8.5	0.0	8.5	
5.17188	0.1	921	12.6	8.5	4.1	8.5	0.0	8.5	
5.17578	0.1	921	12.6	8.5	4.1	8.5	0.0	8.5	
5.17969	0.2	921	12.6	8.5	4.1	8.5	0.0	8.5	
5.18359	0.1	921	12.6	8.5	4.1	8.5	0.0	8.5	
5.18750	0.1	921	12.6	8.5	4.1	8.5	0.0	8.5	
5.19141	0.2	921	12.6	8.5	4.1	8.5	0.0	8.5	
5.19531	0.2	921	12.6	8.5	4.1	8.5	0.0	8.5	
5.19922	0.1	921	12.6	8.5	4.1	8.5	0.0	8.5	
5.20312	0.1	921	12.6	8.5	4.1	8.5	0.0	8.5	
5.20703	0.1	921	12.6	8.6	4.0	8.6	0.0	8.6	
5.21094	0.2	921	12.6	8.6	4.0	8.6	0.0	8.6	
5.21484	0.2	921	12.6	8.6	4.0	8.6	0.0	8.6	
5.21875	0.1	921	12.6	8.6	4.0	8.6	0.0	8.6	
5.22266	0.1	921	12.6	8.6	4.0	8.6	0.0	8.6	
5.22656	0.1	921	12.6	8.6	4.0	8.6	0.0	8.6	
5.23047	0.1	921	12.6	8.6	4.0	8.6	0.0	8.6	
5.23438	0.2	921	12.6	8.6	4.0	8.6	0.0	8.6	
5.23828	0.2	921	12.6	8.6	4.0	8.6	0.0	8.6	
5.24219	0.2	921	12.6	8.6	4.0	8.6	0.0	8.6	
5.24609	0.1	921	12.6	8.6	4.0	8.6	0.0	8.6	
5.25000	0.1	921	12.6	8.6	4.0	8.6	0.0	8.6	
5.25391	0.1	921	12.6	8.6	4.0	8.6	0.0	8.6	
5.25781	0.1	921	12.6	8.6	4.0	8.6	0.0	8.6	
5.26172	0.1	921	12.6	8.6	4.0	8.6	0.0	8.6	
5.26562	0.2	921	12.6	8.6	4.0	8.6	0.0	8.6	
5.26953	0.2	921	12.6	8.7	3.9	8.7	0.0	8.7	
5.27344	0.2	921	12.6	8.7	3.9	8.7	0.0	8.7	
5.27734	0.1	921	12.6	8.7	3.9	8.7	0.0	8.7	
5.28125	0.1	921	12.6	8.7	3.9	8.7	0.0	8.7	
5.28516	0.1	921	12.6	8.7	3.9	8.7	0.0	8.7	
5.28906	0.1	921	12.6	8.7	3.9	8.7	0.0	8.7	
5.29297	0.1	921	12.6	8.7	3.9	8.7	0.0	8.7	
5.29688	0.1	921	12.5	8.7	3.8	8.7	0.0	8.7	
5.30078	0.1	921	12.5	8.7	3.8	8.7	0.0	8.7	
5.30469	0.1	921	12.6	8.7	3.9	8.7	0.0	8.7	
5.30859	0.1	921	12.6	8.7	3.9	8.7	0.0	8.7	
5.31250	0.1	921	12.5	8.7	3.8	8.7	0.0	8.7	
5.31641	0.2	921	12.6	8.8	3.8	8.8	0.0	8.8	
5.32031	0.2	921	12.5	8.8	3.7	8.8	0.0	8.8	
5.32422	0.1	921	12.5	8.8	3.7	8.8	0.0	8.8	
5.32812	0.1	921	12.6	8.8	3.8	8.8	0.0	8.8	
5.33203	0.1	921	12.5	8.8	3.7	8.8	0.0	8.8	
5.33594	0.1	921	12.5	8.8	3.7	8.8	0.0	8.8	
5.33984	0.1	921	12.5	8.8	3.7	8.8	0.0	8.8	
5.34375	0.1	921	12.5	8.8	3.7	8.8	0.0	8.8	
5.34766	0.1	921	12.5	8.8	3.7	8.8	0.0	8.8	
5.35156	0.2	921	12.5	8.8	3.7	8.8	0.0	8.8	
5.35547	0.1	921	12.5	8.8	3.7	8.8	0.0	8.8	
5.35938	0.1	921	12.5	8.8	3.7	8.8	0.0	8.8	
5.36328	0.2	922	12.5	8.8	3.7	8.8	0.0	8.8	
5.36719	0.2	922	12.5	8.8	3.7	8.8	0.0	8.8	
5.37109	0.1	922	12.5	8.8	3.7	8.8	0.0	8.8	
5.37500	0.2	922	12.5	8.8	3.7	8.8	0.0	8.8	
5.37891	0.1	922	12.5	8.8	3.7	8.8	0.0	8.8	
5.38281	0.1	922	12.5	8.8	3.7	8.8	0.0	8.8	
5.38672	0.2	922	12.5	8.8	3.7	8.8	0.0	8.8	
5.39062	0.2	922	12.5	8.8	3.7	8.8	0.0	8.8	
5.39453	0.1	922	12.5	8.8	3.7	8.8	0.0	8.8	
5.39844	0.1	922	12.5	8.8	3.7	8.8	0.0	8.8	
5.40234	0.1	922	12.5	8.9	3.6	8.9	0.0	8.9	
5.40625	0.1	922	12.5	8.9	3.6	8.9	0.0	8.9	
5.41016	0.1	922	12.5	8.9	3.6	8.9	0.0	8.9	
5.41406	0.1	922	12.5	8.9	3.6	8.9	0.0	8.9	
5.41797	0.2	922	12.5	8.9	3.6	8.9	0.0	8.9	
5.42188	0.1	922	12.5	8.9	3.6	8.9	0.0	8.9	
5.42578	0.1	922	12.4	8.9	3.5	8.9	0.0	8.9	
5.42969	0.1	922	12.5	8.9	3.6	8.9	0.0	8.9	
5.43359	0.1	922	12.5	8.9	3.6	8.9	0.0	8.9	
5.43750	0.1	922	12.4	9.0	3.4	9.0	0.0	9.0	
5.44141	0.1	922	12.5	9.0	3.5	9.0	0.0	9.0	
5.44531	0.1	922	12.5	9.0	3.5	9.0	0.0	9.0	
5.44922	0.1	922	12.5	9.0	3.5	9.0	0.0	9.0	
5.45312	0.1	922	12.5	9.0	3.5	9.0	0.0	9.0	
5.45703	0.1	922	12.5	9.1	3.4	9.1	0.0	9.1	
5.46094	0.1	922	12.5	9.1	3.4	9.1	0.0	9.1	
5.46484	0.1	922	12.5	9.1	3.4	9.1	0.0	9.1	
5.46875	0.1	922	12.5	9.1	3.4	9.1	0.0	9.1	
5.47266	0.1	922	12.5	9.1	3.4	9.1	0.0	9.1	
5.47656	0.1	922	12.5	9.1	3.4	9.1	0.0	9.1	
5.48047	0.1	922	12.5	9.2	3.3	9.2	0.0	9.2	
5.48438	0.1	922	12.6	9.1	3.5	9.1	0.0	9.1	
5.48828	0.1	922	12.6	9.2	3.4	9.2	0.0	9.2	
5.49219	0.0	922	12.6	9.2	3.4	9.2	0.0	9.2	
5.49609	0.1	922	12.6	9.2	3.4	9.2	0.0	9.2	
5.50000	0.1	922	12.6	9.2	3.4	9.2	0.0	9.2	
5.50391	0.0	922	12.6	9.2	3.4	9.2	0.0	9.2	
5.50781	0.0	922	12.7	9.2	3.5	9.2	0.0	9.2	
5.51172	0.1	922	12.7	9.2	3.5	9.2	0.0	9.2	
5.51562	0.0	922	12.7	9.2	3.5	9.2	0.0	9.2	
5.51953	0.0	922	12.7	9.2	3.5	9.2	0.0	9.2	
5.52344	0.1	922	12.8	9.2	3.6	9.2	0.0	9.2	
5.52734	0.1	922	12.8	9.2	3.6	9.2	0.0	9.2	
5.53125	0.0	922	12.8	9.2	3.6	9.2	0.0	9.2	
5.53516	0.1	922	12.8	9.1	3.7	9.1	0.0	9.1	
5.53906	0.0	922	12.8	9.1	3.7	9.1	0.0	9.1	
5.54297	0.0	922	12.8	9.1	3.7	9.1	0.0	9.1	
5.54688	0.1	922	12.8	9.1	3.7	9.1	0.0	9.1	
5.55078	0.1	922	12.9	9.1	3.8	9.1	0.0	9.1	
5.55469	0.1	922	12.9	9.1	3.8	9.1	0.0	9.1	
5.55859	0.1	922	12.8	9.1	3.7	9.1	0.0	9.1	
5.56250	0.1	922	12.9	9.0	3.9	9.0	0.0	9.0	
5.56641	0.1	922	12.9	9.0	3.9	9.0	0.0	9.0	
5.57031	0.2	922	12.9	8.9	4.0	8.9	0.0	8.9	
5.57422	0.1	922	12.9	8.8	4.1	8.8	0.0	8.8	
5.57812	0.1	922	12.8	8.7	4.1	8.7	0.0	8.7	
5.58203	0.1	922	12.8	8.7	4.1	8.7	0.0	8.7	
5.58594	0.1	922	12.8	8.6	4.2	8.6	0.0	8.6	
5.58984	0.1	922	12.8	8.5	4.3	8.5	0.0	8.5	
5.59375	0.1	922	12.8	8.4	4.4	8.4	0.0	8.4	
5.59766	0.2	922	12.8	8.4	4.4	8.4	0.0	8.4	
5.60156	0.1	922	12.9	8.3	4.6	8.3	0.0	8.3	
5.60547	0.0	922	12.9	8.2	4.7	8.2	0.0	8.2	
5.60938	0.0	922	12.9	8.2	4.7	8.2	0.0	8.2	
5.61328	0.0	922	12.9	8.1	4.8	8.1	0.0	8.1	
5.61719	0.0	922	12.9	8.1	4.8	8.1	0.0	8.1	
5.62109	0.0	922	13.0	8.1	4.9	8.1	0.0	8.1	
5.62500	-0.1	922	13.0	8.0	5.0	8.0	0.0	8.0	
5.62891	-0.1	922	13.0	8.0	5.0	8.0	0.0	8.0	
5.63281	-0.1	922	13.1	8.0	5.1	8.0	0.0	8.0	
5.63672	-0.1	922	13.1	8.0	5.1	8.0	0.0	8.0	
5.64062	-0.1	922	13.1	7.9	5.2	7.9	0.0	7.9	
5.64453	-0.1	922	13.2	7.9	5.3	7.9	0.0	7.9	
5.64844	-0.0	922	13.2	7.9	5.3	7.9	0.0	7.9	
5.65234	0.0	922	13.2	7.9	5.3	7.9	0.0	7.9	
5.65625	0.0	922	13.2	7.9	5.3	7.9	0.0	7.9	
5.66016	0.0	922	13.2	7.9	5.3	7.9	0.0	7.9	
5.66406	0.0	922	13.2	7.9	5.3	7.9	0.0	7.9	
5.66797	0.1	922	13.2	7.9	5.3	7.9	0.0	7.9	
5.67188	0.1	922	13.2	7.8	5.4	7.8	0.0	7.8	
5.67578	0.1	922	13.2	7.8	5.4	7.8	0.0	7.8	
5.67969	0.1	922	13.3	7.8	5.5	7.8	0.0	7.8	
5.68359	0.1	922	13.2	7.8	5.4	7.8	0.0	7.8	
5.68750	0.2	922	13.2	7.8	5.4	7.8	0.0	7.8	
5.69141	0.2	922	13.2	7.8	5.4	7.8	0.0	7.8	
5.69531	0.2	922	13.2	7.8	5.4	7.8	0.0	7.8	
5.69922	0.2	922	13.2	7.8	5.4	7.8	0.0	7.8	
5.70312	0.2	922	13.2	7.8	5.4	7.8	0.0	7.8	
5.70703	0.2	922	13.2	7.8	5.4	7.8	0.0	7.8	
5.71094	0.2	922	13.2	7.8	5.4	7.8	0.0	7.8	
5.71484	0.1	922	13.2	7.8	5.4	7.8	0.0	7.8	
5.71875	0.1	922	13.2	7.8	5.4	7.8	0.0	7.8	
5.72266	0.2	922	13.2	7.8	5.4	7.8	0.0	7.8	
5.72656	0.1	922	13.2	7.8	5.4	7.8	0.0	7.8	
5.73047	0.1	922	13.2	7.8	5.4	7.8	0.0	7.8	
5.73438	0.1	922	13.2	7.8	5.4	7.8	0.0	7.8	
5.73828	0.1	922	13.2	7.8	5.4	7.8	0.0	7.8	
5.74219	0.1	922	13.2	7.8	5.4	7.8	0.0	7.8	
5.74609	0.1	922	13.2	7.9	5.3	7.9	0.0	7.9	
5.75000	0.1	922	13.2	7.9	5.3	7.9	0.0	7.9	
5.75391	0.1	922	13.2	7.9	5.3	7.9	0.0	7.9	
5.75781	0.1	922	13.2	7.9	5.3	7.9	0.0	7.9	
5.76172	0.1	922	13.2	7.9	5.3	7.9	0.0	7.9	
5.76562	0.1	922	13.2	7.9	5.3	7.9	0.0	7.9	
5.76953	0.1	922	13.2	7.9	5.3	7.9	0.0	7.9	
5.77344	0.2	922	13.2	7.9	5.3	7.9	0.0	7.9	
5.77734	0.2	922	13.2	8.0	5.2	8.0	0.0	8.0	
5.78125	0.1	922	13.1	8.0	5.1	8.0	0.0	8.0	
5.78516	0.1	922	13.1	8.0	5.1	8.0	0.0	8.0	
5.78906	0.1	922	13.1	8.0	5.1	8.0	0.0	8.0	
5.79297	0.1	922	13.1	8.0	5.1	8.0	0.0	8.0	
5.79688	0.2	922	13.1	8.1	5.0	8.1	0.0	8.1	
5.80078	0.2	922	13.1	8.1	5.0	8.1	0.0	8.1	
5.80469	0.2	922	13.1	8.1	5.0	8.1	0.0	8.1	
5.80859	0.2	922	13.1	8.1	5.0	8.1	0.0	8.1	
5.81250	0.2	922	13.1	8.1	5.0	8.1	0.0	8.1	
5.81641	0.2	922	13.1	8.2	4.9	8.2	0.0	8.2	
5.82031	0.2	922	13.0	8.2	4.8	8.2	0.0	8.2	
5.82422	0.2	922	13.0	8.2	4.8	8.2	0.0	8.2	
5.82812	0.2	922	13.0	8.2	4.8	8.2	0.0	8.2	
5.83203	0.2	922	13.0	8.2	4.8	8.2	0.0	8.2	
5.83594	0.2	922	13.0	8.3	4.7	8.3	0.0	8.3	
5.83984	0.2	922	12.9	8.3	4.6	8.3	0.0	8.3	
5.84375	0.3	922	12.9	8.3	4.6	8.3	0.0	8.3	
5.84766	0.3	922	12.9	8.3	4.6	8.3	0.0	8.3	
5.85156	0.2	922	12.9	8.3	4.6	8.3	0.0	8.3	
5.85547	0.3	922	12.9	8.4	4.5	8.4	0.0	8.4	
5.85938	0.3	922	12.9	8.4	4.5	8.4	0.0	8.4	
5.86328	0.2	922	12.8	8.4	4.4	8.4	0.0	8.4	
5.86719	0.2	922	12.8	8.4	4.4	8.4	0.0	8.4	
5.87109	0.2	922	12.8	8.4	4.4	8.4	0.0	8.4	
5.87500	0.2	922	12.8	8.5	4.3	8.5	0.0	8.5	
5.87891	0.2	922	12.8	8.5	4.3	8.5	0.0	8.5	
5.88281	0.1	922	12.8	8.5	4.3	8.5	0.0	8.5	
5.88672	0.1	922	12.8	8.5	4.3	8.5	0.0	8.5	
5.89062	0.1	922	12.8	8.5	4.3	8.5	0.0	8.5	
5.89453	0.1	922	12.8	8.5	4.3	8.5	0.0	8.5	
5.89844	0.1	922	12.8	8.5	4.3	8.5	0.0	8.5	
5.90234	0.1	922	12.8	8.6	4.2	8.6	0.0	8.6	
5.90625	0.1	923	12.8	8.6	4.2	8.6	0.0	8.6	
5.91016	0.2	923	12.8	8.6	4.2	8.6	0.0	8.6	
5.91406	0.1	923	12.8	8.6	4.2	8.6	0.0	8.6	
5.91797	0.1	923	12.8	8.6	4.2	8.6	0.0	8.6	
5.92188	0.1	923	12.8	8.6	4.2	8.6	0.0	8.6	
5.92578	0.2	923	12.8	8.6	4.2	8.6	0.0	8.6	
5.92969	0.2	923	12.8	8.6	4.2	8.6	0.0	8.6	
5.93359	0.1	923	12.8	8.6	4.2	8.6	0.0	8.6	
5.93750	0.2	923	12.8	8.6	4.2	8.6	0.0	8.6	
5.94141	0.2	923	12.8	8.6	4.2	8.6	0.0	8.6	
5.94531	0.2	923	12.8	8.6	4.2	8.6	0.0	8.6	
5.94922	0.2	923	12.8	8.6	4.2	8.6	0.0	8.6	
5.95312	0.2	923	12.8	8.6	4.2	8.6	0.0	8.6	
5.95703	0.2	923	12.7	8.7	4.0	8.7	0.0	8.7	
5.96094	0.2	923	12.7	8.7	4.0	8.7	0.0	8.7	
5.96484	0.2	923	12.7	8.7	4.0	8.7	0.0	8.7	
5.96875	0.2	923	12.7	8.7	4.0	8.7	0.0	8.7	
5.97266	0.2	923	12.7	8.7	4.0	8.7	0.0	8.7	
5.97656	0.1	923	12.7	8.7	4.0	8.7	0.0	8.7	
5.98047	0.1	923	12.7	8.7	4.0	8.7	0.0	8.7	
5.98438	0.1	923	12.7	8.7	4.0	8.7	0.0	8.7	
5.98828	0.2	923	12.7	8.7	4.0	8.7	0.0	8.7	
5.99219	0.2	923	12.7	8.7	4.0	8.7	0.0	8.7	
5.99609	0.2	923	12.7	8.7	4.0	8.7	0.0	8.7	
6.00000	0.1	923	12.7	8.7	4.0	8.7	0.0	8.7	
6.00391	0.2	923	12.7	8.7	4.0	8.7	0.0	8.7	
6.00781	0.2	923	12.7	8.7	4.0	8.7	0.0	8.7	
6.01172	0.1	923	12.7	8.7	4.0	8.7	0.0	8.7	
6.01562	0.2	923	12.6	8.7	3.9	8.7	0.0	8.7	
6.01953	0.2	923	12.7	8.7	4.0	8.7	0.0	8.7	
6.02344	0.2	923	12.6	8.7	3.9	8.7	0.0	8.7	
6.02734	0.2	923	12.6	8.7	3.9	8.7	0.0	8.7	
6.03125	0.2	923	12.7	8.7	4.0	8.7	0.0	8.7	
6.03516	0.2	923	12.6	8.7	3.9	8.7	0.0	8.7	
6.03906	0.2	923	12.6	8.7	3.9	8.7	0.0	8.7	
6.04297	0.2	923	12.6	8.7	3.9	8.7	0.0	8.7	
6.04688	0.2	923	12.6	8.7	3.9	8.7	0.0	8.7	
6.05078	0.1	923	12.6	8.7	3.9	8.7	0.0	8.7	
6.05469	0.2	923	12.6	8.7	3.9	8.7	0.0	8.7	
6.05859	0.2	923	12.6	8.7	3.9	8.7	0.0	8.7	
6.06250	0.2	923	12.6	8.7	3.9	8.7	0.0	8.7	
6.06641	0.2	923	12.6	8.7	3.9	8.7	0.0	8.7	
6.07031	0.1	923	12.6	8.8	3.8	8.8	0.0	8.8	
6.07422	0.1	923	12.6	8.8	3.8	8.8	0.0	8.8	
6.07812	0.1	923	12.6	8.8	3.8	8.8	0.0	8.8	
6.08203	0.1	923	12.6	8.8	3.8	8.8	0.0	8.8	
6.08594	0.1	923	12.6	8.8	3.8	8.8	0.0	8.8	
6.08984	0.1	923	12.6	8.8	3.8	8.8	0.0	8.8	
6.09375	0.1	923	12.6	8.8	3.8	8.8	0.0	8.8	
6.09766	0.1	923	12.6	8.8	3.8	8.8	0.0	8.8	
6.10156	0.1	923	12.6	8.8	3.8	8.8	0.0	8.8	
6.10547	0.1	923	12.6	8.8	3.8	8.8	0.0	8.8	
6.10938	0.1	923	12.6	8.8	3.8	8.8	0.0	8.8	
6.11328	0.1	923	12.6	8.8	3.8	8.8	0.0	8.8	
6.11719	0.1	923	12.6	8.8	3.8	8.8	0.0	8.8	
6.12109	0.1	923	12.6	8.8	3.8	8.8	0.0	8.8	
6.12500	0.1	923	12.6	8.9	3.7	8.9	0.0	8.9	
6.12891	0.1	923	12.6	8.9	3.7	8.9	0.0	8.9	
6.13281	0.1	923	12.6	8.9	3.7	8.9	0.0	8.9	
6.13672	0.2	923	12.6	8.9	3.7	8.9	0.0	8.9	
6.14062	0.1	923	12.6	8.9	3.7	8.9	0.0	8.9	
6.14453	0.1	923	12.6	8.9	3.7	8.9	0.0	8.9	
6.14844	0.2	923	12.6	8.9	3.7	8.9	0.0	8.9	
6.15234	0.2	923	12.6	8.9	3.7	8.9	0.0	8.9	
6.15625	0.1	923	12.6	8.9	3.7	8.9	0.0	8.9	
6.16016	0.1	923	12.6	8.9	3.7	8.9	0.0	8.9	
6.16406	0.2	923	12.6	8.9	3.7	8.9	0.0	8.9	
6.16797	0.1	923	12.6	8.9	3.7	8.9	0.0	8.9	
6.17188	0.2	923	12.6	8.9	3.7	8.9	0.0	8.9	
6.17578	0.2	923	12.6	8.9	3.7	8.9	0.0	8.9	
6.17969	0.1	923	12.6	8.9	3.7	8.9	0.0	8.9	
6.18359	0.1	923	12.6	9.0	3.6	9.0	0.0	9.0	
6.18750	0.1	923	12.6	9.0	3.6	9.0	0.0	9.0	
6.19141	0.1	923	12.6	9.0	3.6	9.0	0.0	9.0	
6.19531	0.1	923	12.6	9.0	3.6	9.0	0.0	9.0	
6.19922	0.2	923	12.6	9.0	3.6	9.0	0.0	9.0	
6.20312	0.2	923	12.6	9.0	3.6	9.0	0.0	9.0	
6.20703	0.1	923	12.6	9.0	3.6	9.0	0.0	9.0	
6.21094	0.1	923	12.5	9.0	3.5	9.0	0.0	9.0	
6.21484	0.1	923	12.5	9.0	3.5	9.0	0.0	9.0	
6.21875	0.1	923	12.6	9.0	3.6	9.0	0.0	9.0	
6.22266	0.1	923	12.5	9.0	3.5	9.0	0.0	9.0	
6.22656	0.2	923	12.6	9.1	3.5	9.1	0.0	9.1	
6.23047	0.1	923	12.6	9.1	3.5	9.1	0.0	9.1	
6.23438	0.1	923	12.6	9.1	3.5	9.1	0.0	9.1	
6.23828	0.1	923	12.6	9.1	3.5	9.1	0.0	9.1	
6.24219	0.1	923	12.6	9.1	3.5	9.1	0.0	9.1	
6.24609	0.1	923	12.6	9.1	3.5	9.1	0.0	9.1	
6.25000	0.1	923	12.6	9.2	3.4	9.2	0.0	9.2	
6.25391	0.1	923	12.6	9.2	3.4	9.2	0.0	9.2	
6.25781	0.1	923	12.6	9.2	3.4	9.2	0.0	9.2	
6.26172	0.1	923	12.6	9.2	3.4	9.2	0.0	9.2	
6.26562	0.1	923	12.6	9.2	3.4	9.2	0.0	9.2	
6.26953	0.1	923	12.6	9.3	3.3	9.3	0.0	9.3	
6.27344	0.1	923	12.6	9.3	3.3	9.3	0.0	9.3	
6.27734	0.1	923	12.6	9.3	3.3	9.3	0.0	9.3	
6.28125	0.1	923	12.7	9.3	3.4	9.3	0.0	9.3	
6.28516	0.1	923	12.7	9.3	3.4	9.3	0.0	9.3	
6.28906	0.1	923	12.7	9.3	3.4	9.3	0.0	9.3	
6.29297	0.1	923	12.7	9.3	3.4	9.3	0.0	9.3	
6.29688	0.1	923	12.7	9.3	3.4	9.3	0.0	9.3	
6.30078	0.1	923	12.7	9.3	3.4	9.3	0.0	9.3	
6.30469	0.1	923	12.7	9.3	3.4	9.3	0.0	9.3	
6.30859	0.1	923	12.7	9.3	3.4	9.3	0.0	9.3	
6.31250	0.1	923	12.8	9.3	3.5	9.3	0.0	9.3	
6.31641	0.1	923	12.8	9.3	3.5	9.3	0.0	9.3	
6.32031	0.1	923	12.8	9.3	3.5	9.3	0.0	9.3	
6.32422	0.1	923	12.8	9.3	3.5	9.3	0.0	9.3	
6.32812	0.1	923	12.8	9.3	3.5	9.3	0.0	9.3	
6.33203	0.1	923	12.8	9.2	3.6	9.2	0.0	9.2	
6.33594	0.1	923	12.8	9.2	3.6	9.2	0.0	9.2	
6.33984	0.1	923	12.8	9.2	3.6	9.2	0.0	9.2	
6.34375	0.1	923	12.9	9.2	3.7	9.2	0.0	9.2	
6.34766	0.1	923	12.8	9.2	3.6	9.2	0.0	9.2	
6.35156	0.2	924	12.8	9.2	3.6	9.2	0.0	9.2	
6.35547	0.3	924	12.8	9.1	3.7	9.1	0.0	9.1	
6.35938	0.4	924	12.7	9.1	3.6	9.1	0.0	9.1	
6.36328	0.7	924	12.7	9.0	3.7	9.0	0.0	9.0	
6.36719	1.0	924	12.5	9.0	3.5	9.0	0.0	9.0	
6.37109	1.4	924	12.4	8.9	3.5	8.9	0.0	8.9	
6.37500	1.8	924	12.2	8.8	3.4	8.8	0.0	8.8	
6.37891	2.3	924	12.1	8.7	3.4	8.7	0.0	8.7	
6.38281	2.9	924	11.9	8.6	3.3	8.6	0.0	8.6	
6.38672	3.4	924	11.6	8.4	3.2	8.4	0.0	8.4	
6.39062	4.0	925	11.4	8.3	3.1	8.3	0.0	8.3	
6.39453	4.5	925	11.1	8.2	2.9	8.2	0.0	8.2	
6.39844	4.9	925	10.9	8.0	2.9	8.0	0.0	8.0	
6.40234	5.2	926	10.6	7.9	2.7	7.9	0.0	7.9	
6.40625	5.5	926	10.4	7.8	2.6	7.8	0.0	7.8	
6.41016	5.6	926	10.1	7.7	2.4	7.7	0.0	7.7	
6.41406	5.6	927	9.9	7.5	2.4	7.5	0.0	7.5	
6.41797	5.6	927	9.6	7.4	2.2	7.4	0.0	7.4	
6.42188	5.5	927	9.4	7.3	2.1	7.3	0.0	7.3	
6.42578	5.3	928	9.2	7.2	2.0	7.2	0.0	7.2	
6.42969	5.1	928	9.0	7.0	2.0	7.0	0.0	7.0	
6.43359	4.9	928	8.8	6.9	1.9	6.9	0.0	6.9	
6.43750	4.7	929	8.6	6.8	1.8	6.8	0.0	6.8	
6.44141	4.5	929	8.5	6.7	1.8	6.7	0.0	6.7	
6.44531	4.3	929	8.3	6.6	1.7	6.6	0.0	6.6	
6.44922	4.2	930	8.1	6.4	1.7	6.4	0.0	6.4	
6.45312	4.0	930	7.9	6.3	1.6	6.3	0.0	6.3	
6.45703	3.9	930	7.8	6.2	1.6	6.2	0.0	6.2	
6.46094	3.9	930	7.6	6.1	1.5	6.1	0.0	6.1	
6.46484	3.9	931	7.4	6.0	1.4	6.0	0.0	6.0	
6.46875	3.9	931	7.2	5.9	1.3	5.9	0.0	5.9	
6.47266	3.9	931	7.1	5.7	1.4	5.7	0.0	5.7	
6.47656	3.9	931	6.9	5.6	1.3	5.6	0.0	5.6	
6.48047	3.9	932	6.7	5.5	1.2	5.5	0.0	5.5	
6.48438	3.9	932	6.5	5.4	1.1	5.4	0.0	5.4	
6.48828	3.9	932	6.4	5.3	1.1	5.3	0.0	5.3	
6.49219	3.9	932	6.2	5.2	1.0	5.2	0.0	5.2	
6.49609	3.9	933	6.0	5.1	0.9	5.1	0.0	5.1	
6.50000	3.9	933	5.9	5.0	0.9	5.0	0.0	5.0	
6.50391	3.8	933	5.7	4.9	0.8	4.9	0.0	4.9	
6.50781	3.7	933	5.5	4.8	0.7	4.8	0.0	4.8	
6.51172	3.7	934	5.4	4.7	0.7	4.7	0.0	4.7	
6.51562	3.6	934	5.2	4.6	0.6	4.6	0.0	4.6	
6.51953	3.5	934	5.1	4.5	0.6	4.5	0.0	4.5	
6.52344	3.5	934	4.9	4.4	0.5	4.4	0.0	4.4	
6.52734	3.4	935	4.8	4.3	0.5	4.3	0.0	4.3	
6.53125	3.4	935	4.7	4.2	0.5	4.2	0.0	4.2	
6.53516	3.3	935	4.5	4.2	0.3	4.2	0.0	4.2	
6.53906	3.2	935	4.4	4.1	0.3	4.1	0.0	4.1	
6.54297	3.2	935	4.3	4.0	0.3	4.0	0.0	4.0	
6.54688	3.1	936	4.1	3.9	0.2	3.9	0.0	3.9	
6.55078	3.0	936	4.0	3.9	0.1	3.9	0.0	3.9	
6.55469	2.9	936	3.9	3.8	0.1	3.8	0.0	3.8	
6.55859	2.8	936	3.8	3.7	0.1	3.7	0.0	3.7	
6.56250	2.8	936	3.7	3.7	0.0	3.7	0.0	3.7	
6.56641	2.7	937	3.6	3.6	0.0	3.6	0.0	3.6	
6.57031	2.6	937	3.5	3.5	0.0	3.5	0.0	3.5	
6.57422	2.5	937	3.3	3.5	-0.2	3.5	0.0	3.5	
6.57812	2.5	937	3.2	3.4	-0.2	3.4	0.0	3.4	
6.58203	2.4	937	3.1	3.4	-0.3	3.4	0.0	3.4	
6.58594	2.4	937	3.0	3.3	-0.3	3.3	0.0	3.3	
6.58984	2.3	937	2.9	3.3	-0.4	3.3	0.0	3.3	
6.59375	2.2	938	2.8	3.2	-0.4	3.2	0.0	3.2	
6.59766	2.2	938	2.7	3.2	-0.5	3.2	0.0	3.2	
6.60156	2.1	938	2.6	3.1	-0.5	3.1	0.0	3.1	
6.60547	2.1	938	2.5	3.1	-0.6	3.1	0.0	3.1	
6.60938	2.1	938	2.4	3.1	-0.7	3.1	0.0	3.1	
6.61328	2.0	938	2.3	3.0	-0.7	3.0	0.0	3.0	
6.61719	2.0	938	2.2	3.0	-0.8	3.0	0.0	3.0	
6.62109	2.0	939	2.1	3.0	-0.9	3.0	0.0	3.0	
6.62500	2.0	939	2.1	2.9	-0.8	2.9	0.0	2.9	
6.62891	1.9	939	2.0	2.9	-0.9	2.9	0.0	2.9	
6.63281	1.9	939	1.9	2.8	-0.9	2.8	0.0	2.8	
6.63672	1.9	939	1.8	2.8	-1.0	2.8	0.0	2.8	
6.64062	1.8	939	1.7	2.8	-1.1	2.8	0.0	2.8	
6.64453	1.7	939	1.7	2.7	-1.0	2.7	0.0	2.7	
6.64844	1.6	939	1.6	2.7	-1.1	2.7	0.0	2.7	
6.65234	1.6	940	1.5	2.7	-1.2	2.7	0.0	2.7	
6.65625	1.5	940	1.4	2.7	-1.3	2.7	0.0	2.7	
6.66016	1.4	940	1.4	2.6	-1.2	2.6	0.0	2.6	
6.66406	1.3	940	1.3	2.6	-1.3	2.6	0.0	2.6	
6.66797	1.2	940	1.3	2.5	-1.2	2.5	0.0	2.5	
6.67188	1.1	940	1.3	2.5	-1.2	2.5	0.0	2.5	
6.67578	1.0	940	1.2	2.5	-1.3	2.5	0.0	2.5	
6.67969	0.9	940	1.2	2.4	-1.2	2.4	0.0	2.4	
6.68359	0.7	940	1.2	2.4	-1.2	2.4	0.0	2.4	
6.68750	0.6	940	1.1	2.4	-1.3	2.4	0.0	2.4	
6.69141	0.6	940	1.1	2.3	-1.2	2.3	0.0	2.3	
6.69531	0.5	940	1.1	2.3	-1.2	2.3	0.0	2.3	
6.69922	0.4	940	1.1	2.3	-1.2	2.3	0.0	2.3	
6.70312	0.3	940	1.1	2.2	-1.1	2.2	0.0	2.2	
6.70703	0.3	940	1.1	2.2	-1.1	2.2	0.0	2.2	
6.71094	0.2	940	1.1	2.2	-1.1	2.2	0.0	2.2	
6.71484	0.2	940	1.1	2.1	-1.0	2.1	0.0	2.1	
6.71875	0.1	940	1.1	2.1	-1.0	2.1	0.0	2.1	
6.72266	0.1	940	1.2	2.1	-0.9	2.1	0.0	2.1	
6.72656	0.0	940	1.2	2.0	-0.8	2.0	0.0	2.0	
6.73047	0.1	940	1.2	2.0	-0.8	2.0	0.0	2.0	
6.73438	0.0	940	1.2	2.0	-0.8	2.0	0.0	2.0	
6.73828	-0.0	940	1.3	2.0	-0.7	2.0	0.0	2.0	
6.74219	-0.1	940	1.3	1.9	-0.6	1.9	0.0	1.9	
6.74609	-0.2	940	1.4	1.9	-0.5	1.9	0.0	1.9	
6.75000	-0.3	940	1.5	1.9	-0.4	1.9	0.0	1.9	
6.75391	-0.4	940	1.6	1.9	-0.3	1.9	0.0	1.9	
6.75781	-0.5	940	1.7	1.9	-0.2	1.9	0.0	1.9	
6.76172	-0.7	940	1.8	1.9	-0.1	1.9	0.0	1.9	
6.76562	-0.9	940	1.9	1.9	0.0	1.9	0.0	1.9	
6.76953	-1.2	940	2.0	1.9	0.1	1.9	0.0	1.9	
6.77344	-1.5	940	2.2	1.9	0.3	1.9	0.0	1.9	
6.77734	-1.9	940	2.4	1.9	0.5	1.9	0.0	1.9	
6.78125	-2.4	940	2.6	1.9	0.7	1.9	0.0	1.9	
6.78516	-2.8	939	2.8	2.0	0.8	2.0	0.0	2.0	
6.78906	-3.3	939	3.0	2.0	1.0	2.0	0.0	2.0	
6.79297	-3.7	939	3.3	2.1	1.2	2.1	0.0	2.1	
6.79688	-4.2	939	3.5	2.1	1.4	2.1	0.0	2.1	
6.80078	-4.7	938	3.8	2.2	1.6	2.2	0.0	2.2	
6.80469	-5.2	938	4.1	2.2	1.9	2.2	0.0	2.2	
6.80859	-5.6	938	4.4	2.3	2.1	2.3	0.0	2.3	
6.81250	-6.1	937	4.8	2.4	2.4	2.4	0.0	2.4	
6.81641	-6.4	937	5.1	2.5	2.6	2.5	0.0	2.5	
6.82031	-6.8	936	5.4	2.5	2.9	2.5	0.0	2.5	
6.82422	-7.0	936	5.7	2.6	3.1	2.6	0.0	2.6	
6.82812	-7.2	936	6.0	2.7	3.3	2.7	0.0	2.7	
6.83203	-7.4	935	6.4	2.8	3.6	2.8	0.0	2.8	
6.83594	-7.5	935	6.7	2.9	3.8	2.9	0.0	2.9	
6.83984	-7.5	934	7.0	3.0	4.0	3.0	0.0	3.0	
6.84375	-7.4	934	7.3	3.2	4.1	3.2	0.0	3.2	
6.84766	-7.3	933	7.6	3.3	4.3	3.3	0.0	3.3	
6.85156	-7.1	933	7.9	3.4	4.5	3.4	0.0	3.4	
6.85547	-6.9	932	8.2	3.5	4.7	3.5	0.0	3.5	
6.85938	-6.6	932	8.4	3.6	4.8	3.6	0.0	3.6	
6.86328	-6.3	931	8.7	3.7	5.0	3.7	0.0	3.7	
6.86719	-6.1	931	8.9	3.9	5.0	3.9	0.0	3.9	
6.87109	-5.8	931	9.1	4.0	5.1	4.0	0.0	4.0	
6.87500	-5.5	930	9.3	4.1	5.2	4.1	0.0	4.1	
6.87891	-5.2	930	9.5	4.2	5.3	4.2	0.0	4.2	
6.88281	-4.9	930	9.7	4.3	5.4	4.3	0.0	4.3	
6.88672	-4.6	929	9.8	4.4	5.4	4.4	0.0	4.4	
6.89062	-4.3	929	10.0	4.5	5.5	4.5	0.0	4.5	
6.89453	-3.9	929	10.1	4.6	5.5	4.6	0.0	4.6	
6.89844	-3.6	929	10.3	4.8	5.5	4.8	0.0	4.8	
6.90234	-3.2	928	10.4	4.9	5.5	4.9	0.0	4.9	
6.90625	-3.0	928	10.5	4.9	5.6	4.9	0.0	4.9	
6.91016	-2.7	928	10.6	5.1	5.5	5.1	0.0	5.1	
6.91406	-2.5	928	10.7	5.2	5.5	5.2	0.0	5.2	
6.91797	-2.3	928	10.8	5.2	5.6	5.2	0.0	5.2	
6.92188	-2.0	928	10.9	5.3	5.6	5.3	0.0	5.3	
6.92578	-1.8	927	11.0	5.4	5.6	5.4	0.0	5.4	
6.92969	-1.7	927	11.0	5.5	5.5	5.5	0.0	5.5	
6.93359	-1.5	927	11.1	5.6	5.5	5.6	0.0	5.6	
6.93750	-1.4	927	11.2	5.7	5.5	5.7	0.0	5.7	
6.94141	-1.2	927	11.2	5.8	5.4	5.8	0.0	5.8	
6.94531	-1.1	927	11.3	5.8	5.5	5.8	0.0	5.8	
6.94922	-1.0	927	11.3	5.9	5.4	5.9	0.0	5.9	
6.95312	-0.9	927	11.4	6.0	5.4	6.0	0.0	6.0	
6.95703	-0.8	927	11.4	6.1	5.3	6.1	0.0	6.1	
6.96094	-0.7	927	11.5	6.1	5.4	6.1	0.0	6.1	
6.96484	-0.6	927	11.5	6.2	5.3	6.2	0.0	6.2	
6.96875	-0.6	927	11.5	6.3	5.2	6.3	0.0	6.3	
6.97266	-0.5	927	11.6	6.3	5.3	6.3	0.0	6.3	
6.97656	-0.4	927	11.6	6.4	5.2	6.4	0.0	6.4	
6.98047	-0.3	927	11.6	6.4	5.2	6.4	0.0	6.4	
6.98438	-0.3	927	11.7	6.5	5.2	6.5	0.0	6.5	
6.98828	-0.3	927	11.7	6.6	5.1	6.6	0.0	6.6	
6.99219	-0.2	927	11.7	6.6	5.1	6.6	0.0	6.6	
6.99609	-0.2	927	11.7	6.7	5.0	6.7	0.0	6.7	
7.00000	-0.2	926	11.8	6.7	5.1	6.7	0.0	6.7	
7.00391	-0.1	926	11.8	6.8	5.0	6.8	0.0	6.8	
7.00781	-0.2	926	11.8	6.8	5.0	6.8	0.0	6.8	
7.01172	-0.2	926	11.8	6.9	4.9	6.9	0.0	6.9	
7.01562	-0.1	926	11.8	6.9	4.9	6.9	0.0	6.9	
7.01953	-0.1	926	11.9	7.0	4.9	7.0	0.0	7.0	
7.02344	-0.1	926	11.9	7.0	4.9	7.0	0.0	7.0	
7.02734	-0.1	926	11.9	7.1	4.8	7.1	0.0	7.1	
7.03125	-0.1	926	11.9	7.1	4.8	7.1	0.0	7.1	
7.03516	-0.2	926	12.0	7.2	4.8	7.2	0.0	7.2	
7.03906	-0.2	926	12.0	7.3	4.7	7.3	0.0	7.3	
7.04297	-0.1	926	12.0	7.3	4.7	7.3	0.0	7.3	
7.04688	-0.1	926	12.1	7.4	4.7	7.4	0.0	7.4	
7.05078	-0.1	926	12.1	7.4	4.7	7.4	0.0	7.4	
7.05469	-0.1	926	12.1	7.5	4.6	7.5	0.0	7.5	
7.05859	-0.1	926	12.1	7.5	4.6	7.5	0.0	7.5	
7.06250	-0.1	926	12.1	7.6	4.5	7.6	0.0	7.6	
7.06641	-0.1	926	12.2	7.6	4.6	7.6	0.0	7.6	
7.07031	-0.1	926	12.2	7.6	4.6	7.6	0.0	7.6	
7.07422	-0.1	926	12.2	7.7	4.5	7.7	0.0	7.7	
7.07812	-0.1	926	12.2	7.7	4.5	7.7	0.0	7.7	
7.08203	-0.1	926	12.3	7.8	4.5	7.8	0.0	7.8	
7.08594	-0.1	926	12.3	7.8	4.5	7.8	0.0	7.8	
7.08984	-0.1	926	12.3	7.8	4.5	7.8	0.0	7.8	
7.09375	-0.0	926	12.3	7.9	4.4	7.9	0.0	7.9	
7.09766	-0.1	926	12.3	7.9	4.4	7.9	0.0	7.9	
7.10156	-0.1	926	12.4	7.9	4.5	7.9	0.0	7.9	
7.10547	-0.1	926	12.4	7.9	4.5	7.9	0.0	7.9	
7.10938	-0.1	926	12.4	8.0	4.4	8.0	0.0	8.0	
7.11328	-0.1	926	12.5	8.0	4.5	8.0	0.0	8.0	
7.11719	-0.0	926	12.5	8.0	4.5	8.0	0.0	8.0	
7.12109	-0.0	926	12.5	8.0	4.5	8.0	0.0	8.0	
7.12500	-0.0	926	12.5	8.1	4.4	8.1	0.0	8.1	
7.12891	-0.0	926	12.5	8.1	4.4	8.1	0.0	8.1	
7.13281	-0.0	926	12.5	8.1	4.4	8.1	0.0	8.1	
7.13672	-0.0	926	12.6	8.1	4.5	8.1	0.0	8.1	
7.14062	0.0	926	12.6	8.1	4.5	8.1	0.0	8.1	
7.14453	0.0	926	12.6	8.2	4.4	8.2	0.0	8.2	
7.14844	-0.0	926	12.6	8.2	4.4	8.2	0.0	8.2	
7.15234	0.0	926	12.6	8.2	4.4	8.2	0.0	8.2	
7.15625	0.1	926	12.6	8.2	4.4	8.2	0.0	8.2	
7.16016	0.0	926	12.6	8.1	4.5	8.1	0.0	8.1	
7.16406	0.0	926	12.6	8.1	4.5	8.1	0.0	8.1	
7.16797	0.1	926	12.6	8.1	4.5	8.1	0.0	8.1	
7.17188	0.0	926	12.7	8.0	4.7	8.0	0.0	8.0	
7.17578	0.0	926	12.7	8.0	4.7	8.0	0.0	8.0	
7.17969	0.1	926	12.7	7.9	4.8	7.9	0.0	7.9	
7.18359	0.0	926	12.7	7.9	4.8	7.9	0.0	7.9	
7.18750	0.0	926	12.7	7.8	4.9	7.8	0.0	7.8	
7.19141	0.0	926	12.7	7.7	5.0	7.7	0.0	7.7	
7.19531	-0.0	926	12.7	7.7	5.0	7.7	0.0	7.7	
7.19922	-0.0	926	12.8	7.6	5.2	7.6	0.0	7.6	
7.20312	-0.0	926	12.8	7.6	5.2	7.6	0.0	7.6	
7.20703	-0.1	926	12.8	7.6	5.2	7.6	0.0	7.6	
7.21094	-0.1	926	12.8	7.5	5.3	7.5	0.0	7.5	
7.21484	-0.1	926	12.9	7.5	5.4	7.5	0.0	7.5	
7.21875	-0.1	926	12.9	7.5	5.4	7.5	0.0	7.5	
7.22266	-0.2	926	12.9	7.4	5.5	7.4	0.0	7.4	
7.22656	-0.2	926	13.0	7.4	5.6	7.4	0.0	7.4	
7.23047	-0.2	926	13.0	7.4	5.6	7.4	0.0	7.4	
7.23438	-0.1	926	13.0	7.4	5.6	7.4	0.0	7.4	
7.23828	-0.1	926	13.1	7.4	5.7	7.4	0.0	7.4	
7.24219	-0.2	926	13.1	7.4	5.7	7.4	0.0	7.4	
7.24609	-0.1	926	13.1	7.4	5.7	7.4	0.0	7.4	
7.25000	-0.1	926	13.1	7.4	5.7	7.4	0.0	7.4	
7.25391	-0.1	926	13.1	7.4	5.7	7.4	0.0	7.4	
7.25781	-0.0	926	13.2	7.4	5.8	7.4	0.0	7.4	
7.26172	-0.0	926	13.2	7.4	5.8	7.4	0.0	7.4	
7.26562	0.0	926	13.2	7.4	5.8	7.4	0.0	7.4	
7.26953	0.0	926	13.2	7.4	5.8	7.4	0.0	7.4	
7.27344	0.0	926	13.2	7.4	5.8	7.4	0.0	7.4	
7.27734	0.1	926	13.2	7.4	5.8	7.4	0.0	7.4	
7.28125	0.1	926	13.2	7.4	5.8	7.4	0.0	7.4	
7.28516	0.1	926	13.2	7.4	5.8	7.4	0.0	7.4	
7.28906	0.1	926	13.2	7.4	5.8	7.4	0.0	7.4	
7.29297	0.1	926	13.2	7.4	5.8	7.4	0.0	7.4	
