FluxView - FluxMed acquisition system
Signal file
Serial Number	:
W version:	1.20h-OX-CO2	File version:	1.13
Sampling rate:	256 Hz
Time	Flow	Volume	Paw	Pes	Ptpulm	Pga	Ptdiaf	CO2	
0.00391	-0.9	-150	18.0	10.5	7.5	0.0	-10.5	0.0	
0.00781	-0.7	-150	18.1	10.5	7.6	0.0	-10.5	0.0	
0.01172	-0.6	-150	18.1	10.5	7.6	0.0	-10.5	0.0	
0.01562	-0.7	-150	18.1	10.6	7.5	0.0	-10.6	0.0	
0.01953	-0.6	-150	18.2	10.5	7.7	0.0	-10.5	0.0	
0.02344	-0.6	-150	18.1	10.6	7.5	0.0	-10.6	0.0	
0.02734	-0.7	-150	18.2	10.6	7.6	0.0	-10.6	0.0	
0.03125	-0.7	-150	18.2	10.5	7.7	0.0	-10.5	0.0	
0.03516	-0.6	-150	18.2	10.6	7.6	0.0	-10.6	0.0	
0.03906	-0.6	-150	18.2	10.6	7.6	0.0	-10.6	0.0	
0.04297	-0.7	-150	18.2	10.6	7.6	0.0	-10.6	0.0	
0.04688	-0.6	-150	18.3	10.6	7.7	0.0	-10.6	0.0	
0.05078	-0.6	-150	18.3	10.6	7.7	0.0	-10.6	0.0	
0.05469	-0.7	-150	18.3	10.6	7.7	0.0	-10.6	0.0	
0.05859	-0.6	-151	18.3	10.6	7.7	0.0	-10.6	0.0	
0.06250	-0.5	-151	18.3	10.6	7.7	0.0	-10.6	0.0	
0.06641	-0.6	-151	18.3	10.7	7.6	0.0	-10.7	0.0	
0.07031	-0.5	-151	18.4	10.6	7.8	0.0	-10.6	0.0	
0.07422	-0.4	-151	18.4	10.6	7.8	0.0	-10.6	0.0	
0.07812	-0.7	-151	18.3	10.6	7.7	0.0	-10.6	0.0	
0.08203	-0.7	-151	18.3	10.6	7.7	0.0	-10.6	0.0	
0.08594	-0.5	-151	18.3	10.6	7.7	0.0	-10.6	0.0	
0.08984	-0.5	-151	18.3	10.7	7.6	0.0	-10.7	0.0	
0.09375	-0.7	-151	18.4	10.6	7.8	0.0	-10.6	0.0	
0.09766	-0.7	-151	18.3	10.6	7.7	0.0	-10.6	0.0	
0.10156	-0.6	-151	18.3	10.7	7.6	0.0	-10.7	0.0	
0.10547	-0.5	-151	18.3	10.7	7.6	0.0	-10.7	0.0	
0.10938	-0.6	-151	18.4	10.7	7.7	0.0	-10.7	0.0	
0.11328	-0.6	-151	18.4	10.7	7.7	0.0	-10.7	0.0	
0.11719	-0.6	-151	18.3	10.7	7.6	0.0	-10.7	0.0	
0.12109	-0.6	-151	18.3	10.7	7.6	0.0	-10.7	0.0	
0.12500	-0.6	-151	18.4	10.7	7.7	0.0	-10.7	0.0	
0.12891	-0.7	-151	18.3	10.7	7.6	0.0	-10.7	0.0	
0.13281	-0.7	-151	18.3	10.7	7.6	0.0	-10.7	0.0	
0.13672	-0.6	-151	18.3	10.7	7.6	0.0	-10.7	0.0	
0.14062	-0.7	-151	18.3	10.7	7.6	0.0	-10.7	0.0	
0.14453	-0.7	-151	18.3	10.7	7.6	0.0	-10.7	0.0	
0.14844	-0.6	-151	18.3	10.8	7.5	0.0	-10.8	0.0	
0.15234	-0.6	-151	18.3	10.7	7.6	0.0	-10.7	0.0	
0.15625	-0.6	-151	18.3	10.7	7.6	0.0	-10.7	0.0	
0.16016	-0.5	-152	18.3	10.7	7.6	0.0	-10.7	0.0	
0.16406	-0.5	-152	18.3	10.7	7.6	0.0	-10.7	0.0	
0.16797	-0.5	-152	18.3	10.7	7.6	0.0	-10.7	0.0	
0.17188	-0.6	-152	18.4	10.8	7.6	0.0	-10.8	0.0	
0.17578	-0.7	-152	18.4	10.7	7.7	0.0	-10.7	0.0	
0.17969	-0.7	-152	18.3	10.7	7.6	0.0	-10.7	0.0	
0.18359	-0.6	-152	18.3	10.8	7.5	0.0	-10.8	0.0	
0.18750	-0.6	-152	18.4	10.8	7.6	0.0	-10.8	0.0	
0.19141	-0.7	-152	18.4	10.8	7.6	0.0	-10.8	0.0	
0.19531	-0.7	-152	18.4	10.8	7.6	0.0	-10.8	0.0	
0.19922	-0.6	-152	18.4	10.8	7.6	0.0	-10.8	0.0	
0.20312	-0.6	-152	18.4	10.7	7.7	0.0	-10.7	0.0	
0.20703	-0.7	-152	18.4	10.8	7.6	0.0	-10.8	0.0	
0.21094	-0.6	-152	18.4	10.9	7.5	0.0	-10.9	0.0	
0.21484	-0.6	-152	18.4	10.8	7.6	0.0	-10.8	0.0	
0.21875	-0.6	-152	18.4	10.8	7.6	0.0	-10.8	0.0	
0.22266	-0.6	-152	18.4	10.8	7.6	0.0	-10.8	0.0	
0.22656	-0.7	-152	18.5	10.8	7.7	0.0	-10.8	0.0	
0.23047	-0.7	-152	18.5	10.8	7.7	0.0	-10.8	0.0	
0.23438	-0.5	-152	18.4	10.8	7.6	0.0	-10.8	0.0	
0.23828	-0.6	-152	18.5	10.9	7.6	0.0	-10.9	0.0	
0.24219	-0.7	-152	18.5	10.9	7.6	0.0	-10.9	0.0	
0.24609	-0.6	-152	18.5	10.9	7.6	0.0	-10.9	0.0	
0.25000	-0.6	-152	18.5	10.9	7.6	0.0	-10.9	0.0	
0.25391	-0.7	-153	18.5	10.9	7.6	0.0	-10.9	0.0	
0.25781	-0.7	-153	18.5	10.9	7.6	0.0	-10.9	0.0	
0.26172	-0.6	-153	18.5	10.9	7.6	0.0	-10.9	0.0	
0.26562	-0.7	-153	18.5	10.9	7.6	0.0	-10.9	0.0	
0.26953	-0.6	-153	18.6	10.9	7.7	0.0	-10.9	0.0	
0.27344	-0.5	-153	18.6	10.9	7.7	0.0	-10.9	0.0	
0.27734	-0.6	-153	18.5	10.9	7.6	0.0	-10.9	0.0	
0.28125	-0.6	-153	18.5	10.9	7.6	0.0	-10.9	0.0	
0.28516	-0.5	-153	18.6	10.9	7.7	0.0	-10.9	0.0	
0.28906	-0.6	-153	18.5	10.9	7.6	0.0	-10.9	0.0	
0.29297	-0.6	-153	18.5	10.9	7.6	0.0	-10.9	0.0	
0.29688	-0.6	-153	18.6	10.9	7.7	0.0	-10.9	0.0	
0.30078	-0.5	-153	18.6	10.9	7.7	0.0	-10.9	0.0	
0.30469	-0.6	-153	18.6	11.0	7.6	0.0	-11.0	0.0	
0.30859	-0.7	-153	18.6	11.0	7.6	0.0	-11.0	0.0	
0.31250	-0.6	-153	18.6	10.9	7.7	0.0	-10.9	0.0	
0.31641	-0.7	-153	18.6	10.9	7.7	0.0	-10.9	0.0	
0.32031	-0.7	-153	18.6	10.9	7.7	0.0	-10.9	0.0	
0.32422	-0.5	-153	18.7	10.9	7.8	0.0	-10.9	0.0	
0.32812	-0.7	-153	18.7	10.9	7.8	0.0	-10.9	0.0	
0.33203	-0.7	-153	18.7	11.0	7.7	0.0	-11.0	0.0	
0.33594	-0.5	-153	18.7	11.0	7.7	0.0	-11.0	0.0	
0.33984	-0.6	-153	18.7	10.9	7.8	0.0	-10.9	0.0	
0.34375	-0.7	-153	18.7	11.0	7.7	0.0	-11.0	0.0	
0.34766	-0.6	-153	18.8	11.0	7.8	0.0	-11.0	0.0	
0.35156	-0.7	-154	18.8	11.0	7.8	0.0	-11.0	0.0	
0.35547	-0.6	-154	18.8	11.0	7.8	0.0	-11.0	0.0	
0.35938	-0.6	-154	18.8	11.0	7.8	0.0	-11.0	0.0	
0.36328	-0.7	-154	18.8	11.0	7.8	0.0	-11.0	0.0	
0.36719	-0.7	-154	18.8	11.0	7.8	0.0	-11.0	0.0	
0.37109	-0.5	-154	18.9	11.0	7.9	0.0	-11.0	0.0	
0.37500	-0.6	-154	18.9	11.0	7.9	0.0	-11.0	0.0	
0.37891	-0.7	-154	18.9	11.0	7.9	0.0	-11.0	0.0	
0.38281	-0.5	-154	18.8	11.0	7.8	0.0	-11.0	0.0	
0.38672	-0.5	-154	18.9	11.0	7.9	0.0	-11.0	0.0	
0.39062	-0.6	-154	18.9	11.0	7.9	0.0	-11.0	0.0	
0.39453	-0.5	-154	18.8	11.0	7.8	0.0	-11.0	0.0	
0.39844	-0.6	-154	18.9	11.0	7.9	0.0	-11.0	0.0	
0.40234	-0.8	-154	18.9	11.0	7.9	0.0	-11.0	0.0	
0.40625	-0.8	-154	18.9	11.1	7.8	0.0	-11.1	0.0	
0.41016	-0.7	-154	18.9	11.1	7.8	0.0	-11.1	0.0	
0.41406	-0.6	-154	18.9	11.1	7.8	0.0	-11.1	0.0	
0.41797	-0.6	-154	19.0	11.0	8.0	0.0	-11.0	0.0	
0.42188	-0.5	-154	19.0	11.0	8.0	0.0	-11.0	0.0	
0.42578	-0.6	-154	18.9	11.1	7.8	0.0	-11.1	0.0	
0.42969	-0.7	-154	18.9	11.1	7.8	0.0	-11.1	0.0	
0.43359	-0.7	-154	19.0	11.1	7.9	0.0	-11.1	0.0	
0.43750	-0.6	-154	19.0	11.1	7.9	0.0	-11.1	0.0	
0.44141	-0.5	-154	19.0	11.1	7.9	0.0	-11.1	0.0	
0.44531	-0.5	-154	19.0	11.1	7.9	0.0	-11.1	0.0	
0.44922	-0.6	-154	19.0	11.1	7.9	0.0	-11.1	0.0	
0.45312	-0.6	-155	19.0	11.1	7.9	0.0	-11.1	0.0	
0.45703	-0.5	-155	18.9	11.1	7.8	0.0	-11.1	0.0	
0.46094	-0.6	-155	18.9	11.1	7.8	0.0	-11.1	0.0	
0.46484	-0.7	-155	19.0	11.1	7.9	0.0	-11.1	0.0	
0.46875	-0.6	-155	19.0	11.1	7.9	0.0	-11.1	0.0	
0.47266	-0.7	-155	19.0	11.1	7.9	0.0	-11.1	0.0	
0.47656	-0.7	-155	19.0	11.1	7.9	0.0	-11.1	0.0	
0.48047	-0.7	-155	19.0	11.1	7.9	0.0	-11.1	0.0	
0.48438	-0.7	-155	19.0	11.1	7.9	0.0	-11.1	0.0	
0.48828	-0.7	-155	19.1	11.1	8.0	0.0	-11.1	0.0	
0.49219	-0.8	-155	19.1	11.1	8.0	0.0	-11.1	0.0	
0.49609	-0.9	-155	19.1	11.1	8.0	0.0	-11.1	0.0	
0.50000	-0.9	-155	19.1	11.1	8.0	0.0	-11.1	0.0	
0.50391	-0.9	-155	19.2	11.1	8.1	0.0	-11.1	0.0	
0.50781	-0.9	-155	19.3	11.1	8.2	0.0	-11.1	0.0	
0.51172	-0.9	-155	19.3	11.1	8.2	0.0	-11.1	0.0	
0.51562	-0.9	-155	19.3	11.1	8.2	0.0	-11.1	0.0	
0.51953	-0.8	-155	19.4	11.1	8.3	0.0	-11.1	0.0	
0.52344	-0.7	-155	19.5	11.2	8.3	0.0	-11.2	0.0	
0.52734	-0.7	-155	19.5	11.1	8.4	0.0	-11.1	0.0	
0.53125	-0.8	-156	19.5	11.1	8.4	0.0	-11.1	0.0	
0.53516	-0.8	-156	19.5	11.2	8.3	0.0	-11.2	0.0	
0.53906	-0.8	-156	19.5	11.2	8.3	0.0	-11.2	0.0	
0.54297	-0.6	-156	19.5	11.2	8.3	0.0	-11.2	0.0	
0.54688	-0.6	-156	19.6	11.2	8.4	0.0	-11.2	0.0	
0.55078	-0.7	-156	19.6	11.2	8.4	0.0	-11.2	0.0	
0.55469	-0.7	-156	19.6	11.2	8.4	0.0	-11.2	0.0	
0.55859	-0.7	-156	19.6	11.2	8.4	0.0	-11.2	0.0	
0.56250	-0.7	-156	19.6	11.2	8.4	0.0	-11.2	0.0	
0.56641	-0.7	-156	19.7	11.2	8.5	0.0	-11.2	0.0	
0.57031	-0.6	-156	19.6	11.2	8.4	0.0	-11.2	0.0	
0.57422	-0.6	-156	19.6	11.3	8.3	0.0	-11.3	0.0	
0.57812	-0.7	-156	19.7	11.2	8.5	0.0	-11.2	0.0	
0.58203	-0.7	-156	19.7	11.2	8.5	0.0	-11.2	0.0	
0.58594	-0.6	-156	19.7	11.2	8.5	0.0	-11.2	0.0	
0.58984	-0.6	-156	19.7	11.3	8.4	0.0	-11.3	0.0	
0.59375	-0.7	-156	19.7	11.2	8.5	0.0	-11.2	0.0	
0.59766	-0.6	-156	19.8	11.2	8.6	0.0	-11.2	0.0	
0.60156	-0.7	-156	19.7	11.2	8.5	0.0	-11.2	0.0	
0.60547	-0.7	-156	19.7	11.2	8.5	0.0	-11.2	0.0	
0.60938	-0.5	-156	19.7	11.2	8.5	0.0	-11.2	0.0	
0.61328	-0.5	-156	19.7	11.3	8.4	0.0	-11.3	0.0	
0.61719	-0.5	-156	19.7	11.3	8.4	0.0	-11.3	0.0	
0.62109	-0.6	-156	19.7	11.2	8.5	0.0	-11.2	0.0	
0.62500	-0.6	-157	19.7	11.3	8.4	0.0	-11.3	0.0	
0.62891	-0.6	-157	19.7	11.3	8.4	0.0	-11.3	0.0	
0.63281	-0.7	-157	19.7	11.3	8.4	0.0	-11.3	0.0	
0.63672	-0.7	-157	19.7	11.3	8.4	0.0	-11.3	0.0	
0.64062	-0.5	-157	19.7	11.3	8.4	0.0	-11.3	0.0	
0.64453	-0.5	-157	19.7	11.2	8.5	0.0	-11.2	0.0	
0.64844	-0.5	-157	19.7	11.3	8.4	0.0	-11.3	0.0	
0.65234	-0.6	-157	19.6	11.3	8.3	0.0	-11.3	0.0	
0.65625	-0.6	-157	19.6	11.2	8.4	0.0	-11.2	0.0	
0.66016	-0.5	-157	19.7	11.3	8.4	0.0	-11.3	0.0	
0.66406	-0.5	-157	19.6	11.3	8.3	0.0	-11.3	0.0	
0.66797	-0.6	-157	19.6	11.3	8.3	0.0	-11.3	0.0	
0.67188	-0.5	-157	19.6	11.3	8.3	0.0	-11.3	0.0	
0.67578	-0.4	-157	19.6	11.3	8.3	0.0	-11.3	0.0	
0.67969	-0.6	-157	19.6	11.3	8.3	0.0	-11.3	0.0	
0.68359	-0.7	-157	19.5	11.3	8.2	0.0	-11.3	0.0	
0.68750	-0.6	-157	19.5	11.3	8.2	0.0	-11.3	0.0	
0.69141	-0.4	-157	19.5	11.3	8.2	0.0	-11.3	0.0	
0.69531	-0.5	-157	19.6	11.4	8.2	0.0	-11.4	0.0	
0.69922	-0.6	-157	19.5	11.4	8.1	0.0	-11.4	0.0	
0.70312	-0.6	-157	19.5	11.3	8.2	0.0	-11.3	0.0	
0.70703	-0.5	-157	19.5	11.3	8.2	0.0	-11.3	0.0	
0.71094	-0.5	-157	19.5	11.3	8.2	0.0	-11.3	0.0	
0.71484	-0.6	-157	19.5	11.4	8.1	0.0	-11.4	0.0	
0.71875	-0.6	-157	19.4	11.4	8.0	0.0	-11.4	0.0	
0.72266	-0.5	-157	19.4	11.4	8.0	0.0	-11.4	0.0	
0.72656	-0.5	-157	19.4	11.3	8.1	0.0	-11.3	0.0	
0.73047	-0.5	-157	19.4	11.4	8.0	0.0	-11.4	0.0	
0.73438	-0.5	-158	19.4	11.4	8.0	0.0	-11.4	0.0	
0.73828	-0.5	-158	19.4	11.4	8.0	0.0	-11.4	0.0	
0.74219	-0.5	-158	19.4	11.4	8.0	0.0	-11.4	0.0	
0.74609	-0.5	-158	19.3	11.5	7.8	0.0	-11.5	0.0	
0.75000	-0.6	-158	19.4	11.5	7.9	0.0	-11.5	0.0	
0.75391	-0.6	-158	19.4	11.4	8.0	0.0	-11.4	0.0	
0.75781	-0.5	-158	19.4	11.4	8.0	0.0	-11.4	0.0	
0.76172	-0.4	-158	19.4	11.4	8.0	0.0	-11.4	0.0	
0.76562	-0.5	-158	19.4	11.4	8.0	0.0	-11.4	0.0	
0.76953	-0.6	-158	19.4	11.4	8.0	0.0	-11.4	0.0	
0.77344	-0.5	-158	19.4	11.5	7.9	0.0	-11.5	0.0	
0.77734	-0.7	-158	19.4	11.4	8.0	0.0	-11.4	0.0	
0.78125	-0.7	-158	19.4	11.5	7.9	0.0	-11.5	0.0	
0.78516	-0.4	-158	19.4	11.5	7.9	0.0	-11.5	0.0	
0.78906	-0.5	-158	19.4	11.5	7.9	0.0	-11.5	0.0	
0.79297	-0.7	-158	19.4	11.5	7.9	0.0	-11.5	0.0	
0.79688	-0.7	-158	19.4	11.5	7.9	0.0	-11.5	0.0	
0.80078	-0.6	-158	19.4	11.5	7.9	0.0	-11.5	0.0	
0.80469	-0.6	-158	19.3	11.5	7.8	0.0	-11.5	0.0	
0.80859	-0.7	-158	19.4	11.5	7.9	0.0	-11.5	0.0	
0.81250	-0.6	-158	19.4	11.5	7.9	0.0	-11.5	0.0	
0.81641	-0.6	-158	19.4	11.5	7.9	0.0	-11.5	0.0	
0.82031	-0.6	-158	19.4	11.5	7.9	0.0	-11.5	0.0	
0.82422	-0.5	-158	19.4	11.5	7.9	0.0	-11.5	0.0	
0.82812	-0.7	-158	19.4	11.5	7.9	0.0	-11.5	0.0	
0.83203	-0.7	-158	19.4	11.5	7.9	0.0	-11.5	0.0	
0.83594	-0.6	-159	19.4	11.5	7.9	0.0	-11.5	0.0	
0.83984	-0.6	-159	19.4	11.5	7.9	0.0	-11.5	0.0	
0.84375	-0.6	-159	19.4	11.5	7.9	0.0	-11.5	0.0	
0.84766	-0.5	-159	19.4	11.5	7.9	0.0	-11.5	0.0	
0.85156	-0.6	-159	19.4	11.6	7.8	0.0	-11.6	0.0	
0.85547	-0.6	-159	19.3	11.6	7.7	0.0	-11.6	0.0	
0.85938	-0.6	-159	19.3	11.5	7.8	0.0	-11.5	0.0	
0.86328	-0.6	-159	19.4	11.5	7.9	0.0	-11.5	0.0	
0.86719	-0.5	-159	19.4	11.5	7.9	0.0	-11.5	0.0	
0.87109	-0.4	-159	19.4	11.6	7.8	0.0	-11.6	0.0	
0.87500	-0.6	-159	19.4	11.6	7.8	0.0	-11.6	0.0	
0.87891	-0.6	-159	19.4	11.6	7.8	0.0	-11.6	0.0	
0.88281	-0.6	-159	19.4	11.6	7.8	0.0	-11.6	0.0	
0.88672	-0.6	-159	19.4	11.5	7.9	0.0	-11.5	0.0	
0.89062	-0.7	-159	19.4	11.6	7.8	0.0	-11.6	0.0	
0.89453	-0.6	-159	19.4	11.6	7.8	0.0	-11.6	0.0	
0.89844	-0.6	-159	19.5	11.6	7.9	0.0	-11.6	0.0	
0.90234	-0.8	-159	19.4	11.6	7.8	0.0	-11.6	0.0	
0.90625	-0.8	-159	19.4	11.6	7.8	0.0	-11.6	0.0	
0.91016	-0.7	-159	19.4	11.6	7.8	0.0	-11.6	0.0	
0.91406	-0.6	-159	19.4	11.6	7.8	0.0	-11.6	0.0	
0.91797	-0.6	-159	19.5	11.6	7.9	0.0	-11.6	0.0	
0.92188	-0.6	-159	19.5	11.6	7.9	0.0	-11.6	0.0	
0.92578	-0.6	-159	19.5	11.6	7.9	0.0	-11.6	0.0	
0.92969	-0.6	-159	19.5	11.6	7.9	0.0	-11.6	0.0	
0.93359	-0.5	-159	19.5	11.6	7.9	0.0	-11.6	0.0	
0.93750	-0.6	-160	19.5	11.6	7.9	0.0	-11.6	0.0	
0.94141	-0.6	-160	19.5	11.6	7.9	0.0	-11.6	0.0	
0.94531	-0.4	-160	19.5	11.6	7.9	0.0	-11.6	0.0	
0.94922	-0.5	-160	19.5	11.6	7.9	0.0	-11.6	0.0	
0.95312	-0.6	-160	19.5	11.6	7.9	0.0	-11.6	0.0	
0.95703	-0.6	-160	19.5	11.6	7.9	0.0	-11.6	0.0	
0.96094	-0.6	-160	19.5	11.6	7.9	0.0	-11.6	0.0	
0.96484	-0.6	-160	19.5	11.6	7.9	0.0	-11.6	0.0	
0.96875	-0.6	-160	19.5	11.6	7.9	0.0	-11.6	0.0	
0.97266	-0.7	-160	19.6	11.7	7.9	0.0	-11.7	0.0	
0.97656	-0.7	-160	19.5	11.6	7.9	0.0	-11.6	0.0	
0.98047	-0.5	-160	19.5	11.6	7.9	0.0	-11.6	0.0	
0.98438	-0.5	-160	19.6	11.6	8.0	0.0	-11.6	0.0	
0.98828	-0.6	-160	19.6	11.7	7.9	0.0	-11.7	0.0	
0.99219	-0.7	-160	19.6	11.6	8.0	0.0	-11.6	0.0	
0.99609	-0.6	-160	19.6	11.6	8.0	0.0	-11.6	0.0	
1.00000	-0.6	-160	19.6	11.7	7.9	0.0	-11.7	0.0	
1.00391	-0.7	-160	19.6	11.6	8.0	0.0	-11.6	0.0	
1.00781	-0.7	-160	19.6	11.6	8.0	0.0	-11.6	0.0	
1.01172	-0.7	-160	19.6	11.7	7.9	0.0	-11.7	0.0	
1.01562	-0.7	-160	19.6	11.6	8.0	0.0	-11.6	0.0	
1.01953	-0.6	-160	19.6	11.6	8.0	0.0	-11.6	0.0	
1.02344	-0.5	-160	19.7	11.7	8.0	0.0	-11.7	0.0	
1.02734	-0.6	-160	19.7	11.7	8.0	0.0	-11.7	0.0	
1.03125	-0.7	-160	19.6	11.7	7.9	0.0	-11.7	0.0	
1.03516	-0.6	-161	19.6	11.7	7.9	0.0	-11.7	0.0	
1.03906	-0.5	-161	19.6	11.7	7.9	0.0	-11.7	0.0	
1.04297	-0.6	-161	19.6	11.7	7.9	0.0	-11.7	0.0	
1.04688	-0.6	-161	19.6	11.7	7.9	0.0	-11.7	0.0	
1.05078	-0.6	-161	19.6	11.6	8.0	0.0	-11.6	0.0	
1.05469	-0.7	-161	19.6	11.7	7.9	0.0	-11.7	0.0	
1.05859	-0.7	-161	19.6	11.7	7.9	0.0	-11.7	0.0	
1.06250	-0.8	-161	19.6	11.7	7.9	0.0	-11.7	0.0	
1.06641	-0.8	-161	19.6	11.7	7.9	0.0	-11.7	0.0	
1.07031	-0.7	-161	19.7	11.7	8.0	0.0	-11.7	0.0	
1.07422	-0.8	-161	19.7	11.7	8.0	0.0	-11.7	0.0	
1.07812	-0.8	-161	19.7	11.7	8.0	0.0	-11.7	0.0	
1.08203	-0.7	-161	19.7	11.7	8.0	0.0	-11.7	0.0	
1.08594	-0.7	-161	19.8	11.7	8.1	0.0	-11.7	0.0	
1.08984	-0.8	-161	19.8	11.7	8.1	0.0	-11.7	0.0	
1.09375	-0.9	-161	19.8	11.7	8.1	0.0	-11.7	0.0	
1.09766	-0.8	-161	19.8	11.7	8.1	0.0	-11.7	0.0	
1.10156	-0.8	-161	19.9	11.7	8.2	0.0	-11.7	0.0	
1.10547	-0.9	-161	19.9	11.7	8.2	0.0	-11.7	0.0	
1.10938	-0.8	-161	19.9	11.7	8.2	0.0	-11.7	0.0	
1.11328	-0.7	-161	20.0	11.7	8.3	0.0	-11.7	0.0	
1.11719	-0.8	-162	20.0	11.7	8.3	0.0	-11.7	0.0	
1.12109	-0.7	-162	20.0	11.7	8.3	0.0	-11.7	0.0	
1.12500	-0.5	-162	20.0	11.7	8.3	0.0	-11.7	0.0	
1.12891	-0.7	-162	20.1	11.7	8.4	0.0	-11.7	0.0	
1.13281	-0.7	-162	20.1	11.7	8.4	0.0	-11.7	0.0	
1.13672	-0.6	-162	20.1	11.8	8.3	0.0	-11.8	0.0	
1.14062	-0.7	-162	20.1	11.8	8.3	0.0	-11.8	0.0	
1.14453	-0.7	-162	20.2	11.7	8.5	0.0	-11.7	0.0	
1.14844	-0.6	-162	20.2	11.7	8.5	0.0	-11.7	0.0	
1.15234	-0.6	-162	20.2	11.7	8.5	0.0	-11.7	0.0	
1.15625	-0.7	-162	20.3	11.8	8.5	0.0	-11.8	0.0	
1.16016	-0.6	-162	20.2	11.8	8.4	0.0	-11.8	0.0	
1.16406	-0.5	-162	20.2	11.7	8.5	0.0	-11.7	0.0	
1.16797	-0.6	-162	20.2	11.7	8.5	0.0	-11.7	0.0	
1.17188	-0.5	-162	20.2	11.8	8.4	0.0	-11.8	0.0	
1.17578	-0.5	-162	20.3	11.8	8.5	0.0	-11.8	0.0	
1.17969	-0.6	-162	20.2	11.8	8.4	0.0	-11.8	0.0	
1.18359	-0.5	-162	20.2	11.8	8.4	0.0	-11.8	0.0	
1.18750	-0.5	-162	20.3	11.8	8.5	0.0	-11.8	0.0	
1.19141	-0.7	-162	20.2	11.8	8.4	0.0	-11.8	0.0	
1.19531	-0.6	-162	20.2	11.8	8.4	0.0	-11.8	0.0	
1.19922	-0.4	-162	20.3	11.8	8.5	0.0	-11.8	0.0	
1.20312	-0.6	-162	20.3	11.8	8.5	0.0	-11.8	0.0	
1.20703	-0.6	-162	20.3	11.8	8.5	0.0	-11.8	0.0	
1.21094	-0.6	-162	20.3	11.8	8.5	0.0	-11.8	0.0	
1.21484	-0.6	-163	20.2	11.8	8.4	0.0	-11.8	0.0	
1.21875	-0.5	-163	20.2	11.8	8.4	0.0	-11.8	0.0	
1.22266	-0.5	-163	20.3	11.8	8.5	0.0	-11.8	0.0	
1.22656	-0.7	-163	20.2	11.8	8.4	0.0	-11.8	0.0	
1.23047	-0.7	-163	20.2	11.8	8.4	0.0	-11.8	0.0	
1.23438	-0.5	-163	20.2	11.8	8.4	0.0	-11.8	0.0	
1.23828	-0.6	-163	20.3	11.8	8.5	0.0	-11.8	0.0	
1.24219	-0.6	-163	20.2	11.8	8.4	0.0	-11.8	0.0	
1.24609	-0.5	-163	20.2	11.8	8.4	0.0	-11.8	0.0	
1.25000	-0.5	-163	20.2	11.8	8.4	0.0	-11.8	0.0	
1.25391	-0.6	-163	20.1	11.8	8.3	0.0	-11.8	0.0	
1.25781	-0.6	-163	20.1	11.8	8.3	0.0	-11.8	0.0	
1.26172	-0.6	-163	20.2	11.8	8.4	0.0	-11.8	0.0	
1.26562	-0.7	-163	20.1	11.8	8.3	0.0	-11.8	0.0	
1.26953	-0.6	-163	20.0	11.8	8.2	0.0	-11.8	0.0	
1.27344	-0.6	-163	20.1	11.8	8.3	0.0	-11.8	0.0	
1.27734	-0.7	-163	20.1	11.9	8.2	0.0	-11.9	0.0	
1.28125	-0.7	-163	20.1	11.9	8.2	0.0	-11.9	0.0	
1.28516	-0.5	-163	20.0	11.8	8.2	0.0	-11.8	0.0	
1.28906	-0.5	-163	20.1	11.8	8.3	0.0	-11.8	0.0	
1.29297	-0.6	-163	20.0	11.8	8.2	0.0	-11.8	0.0	
1.29688	-0.4	-163	20.0	11.8	8.2	0.0	-11.8	0.0	
1.30078	-0.5	-163	20.0	11.8	8.2	0.0	-11.8	0.0	
1.30469	-0.6	-163	19.9	11.9	8.0	0.0	-11.9	0.0	
1.30859	-0.5	-163	19.9	11.9	8.0	0.0	-11.9	0.0	
1.31250	-0.5	-163	19.9	11.9	8.0	0.0	-11.9	0.0	
1.31641	-0.6	-163	19.9	11.9	8.0	0.0	-11.9	0.0	
1.32031	-0.4	-164	19.9	11.9	8.0	0.0	-11.9	0.0	
1.32422	-0.4	-164	19.9	11.8	8.1	0.0	-11.8	0.0	
1.32812	-0.6	-164	19.9	11.9	8.0	0.0	-11.9	0.0	
1.33203	-0.7	-164	19.9	11.9	8.0	0.0	-11.9	0.0	
1.33594	-0.6	-164	19.9	11.9	8.0	0.0	-11.9	0.0	
1.33984	-0.6	-164	19.8	11.9	7.9	0.0	-11.9	0.0	
1.34375	-0.6	-164	19.8	11.9	7.9	0.0	-11.9	0.0	
1.34766	-0.5	-164	19.8	11.9	7.9	0.0	-11.9	0.0	
1.35156	-0.7	-164	19.9	11.9	8.0	0.0	-11.9	0.0	
1.35547	-0.7	-164	19.8	12.0	7.8	0.0	-12.0	0.0	
1.35938	-0.5	-164	19.8	12.0	7.8	0.0	-12.0	0.0	
1.36328	-0.5	-164	19.8	11.9	7.9	0.0	-11.9	0.0	
1.36719	-0.7	-164	19.8	11.9	7.9	0.0	-11.9	0.0	
1.37109	-0.6	-164	19.8	11.9	7.9	0.0	-11.9	0.0	
1.37500	-0.5	-164	19.8	11.9	7.9	0.0	-11.9	0.0	
1.37891	-0.7	-164	19.8	11.9	7.9	0.0	-11.9	0.0	
1.38281	-0.8	-164	19.8	11.9	7.9	0.0	-11.9	0.0	
1.38672	-0.7	-164	19.8	12.0	7.8	0.0	-12.0	0.0	
1.39062	-0.6	-164	19.7	11.9	7.8	0.0	-11.9	0.0	
1.39453	-0.7	-164	19.8	11.9	7.9	0.0	-11.9	0.0	
1.39844	-0.6	-164	19.8	11.9	7.9	0.0	-11.9	0.0	
1.40234	-0.6	-164	19.8	12.0	7.8	0.0	-12.0	0.0	
1.40625	-0.6	-164	19.8	12.0	7.8	0.0	-12.0	0.0	
1.41016	-0.6	-164	19.8	12.0	7.8	0.0	-12.0	0.0	
1.41406	-0.6	-164	19.8	12.0	7.8	0.0	-12.0	0.0	
1.41797	-0.6	-164	19.8	12.0	7.8	0.0	-12.0	0.0	
1.42188	-0.5	-165	19.9	12.0	7.9	0.0	-12.0	0.0	
1.42578	-0.4	-165	19.8	12.0	7.8	0.0	-12.0	0.0	
1.42969	-0.6	-165	19.8	12.0	7.8	0.0	-12.0	0.0	
1.43359	-0.6	-165	19.8	12.0	7.8	0.0	-12.0	0.0	
1.43750	-0.6	-165	19.8	12.0	7.8	0.0	-12.0	0.0	
1.44141	-0.7	-165	19.8	12.0	7.8	0.0	-12.0	0.0	
1.44531	-0.6	-165	19.8	12.0	7.8	0.0	-12.0	0.0	
1.44922	-0.5	-165	19.8	12.0	7.8	0.0	-12.0	0.0	
1.45312	-0.6	-165	19.8	11.9	7.9	0.0	-11.9	0.0	
1.45703	-0.7	-165	19.8	11.9	7.9	0.0	-11.9	0.0	
1.46094	-0.6	-165	19.8	12.0	7.8	0.0	-12.0	0.0	
1.46484	-0.5	-165	19.8	12.0	7.8	0.0	-12.0	0.0	
1.46875	-0.6	-165	19.8	12.0	7.8	0.0	-12.0	0.0	
1.47266	-0.7	-165	19.8	12.1	7.7	0.0	-12.1	0.0	
1.47656	-0.5	-165	19.8	12.0	7.8	0.0	-12.0	0.0	
1.48047	-0.6	-165	19.8	12.0	7.8	0.0	-12.0	0.0	
1.48438	-0.7	-165	19.9	12.0	7.9	0.0	-12.0	0.0	
1.48828	-0.5	-165	19.9	12.0	7.9	0.0	-12.0	0.0	
1.49219	-0.7	-165	19.9	12.0	7.9	0.0	-12.0	0.0	
1.49609	-0.6	-165	19.9	12.1	7.8	0.0	-12.1	0.0	
1.50000	-0.4	-165	19.9	12.0	7.9	0.0	-12.0	0.0	
1.50391	-0.6	-165	19.9	12.0	7.9	0.0	-12.0	0.0	
1.50781	-0.6	-165	19.9	12.0	7.9	0.0	-12.0	0.0	
1.51172	-0.6	-165	19.9	12.0	7.9	0.0	-12.0	0.0	
1.51562	-0.8	-165	19.9	12.1	7.8	0.0	-12.1	0.0	
1.51953	-0.7	-166	19.9	12.1	7.8	0.0	-12.1	0.0	
1.52344	-0.5	-166	19.9	12.0	7.9	0.0	-12.0	0.0	
1.52734	-0.6	-166	19.9	12.0	7.9	0.0	-12.0	0.0	
1.53125	-0.7	-166	19.9	12.0	7.9	0.0	-12.0	0.0	
1.53516	-0.5	-166	19.9	12.0	7.9	0.0	-12.0	0.0	
1.53906	-0.5	-166	20.0	12.1	7.9	0.0	-12.1	0.0	
1.54297	-0.6	-166	19.9	12.0	7.9	0.0	-12.0	0.0	
1.54688	-0.5	-166	19.9	12.0	7.9	0.0	-12.0	0.0	
1.55078	-0.5	-166	20.0	12.0	8.0	0.0	-12.0	0.0	
1.55469	-0.8	-166	20.0	12.0	8.0	0.0	-12.0	0.0	
1.55859	-0.7	-166	19.9	12.1	7.8	0.0	-12.1	0.0	
1.56250	-0.6	-166	20.0	12.1	7.9	0.0	-12.1	0.0	
1.56641	-0.7	-166	20.0	12.1	7.9	0.0	-12.1	0.0	
1.57031	-0.7	-166	19.9	12.1	7.8	0.0	-12.1	0.0	
1.57422	-0.6	-166	19.9	12.1	7.8	0.0	-12.1	0.0	
1.57812	-0.7	-166	19.9	12.1	7.8	0.0	-12.1	0.0	
1.58203	-0.8	-166	19.9	12.1	7.8	0.0	-12.1	0.0	
1.58594	-0.7	-166	20.0	12.1	7.9	0.0	-12.1	0.0	
1.58984	-0.6	-166	20.0	12.0	8.0	0.0	-12.0	0.0	
1.59375	-0.6	-166	20.0	12.0	8.0	0.0	-12.0	0.0	
1.59766	-0.5	-166	20.0	12.1	7.9	0.0	-12.1	0.0	
1.60156	-0.6	-166	20.0	12.1	7.9	0.0	-12.1	0.0	
1.60547	-0.7	-166	20.0	12.1	7.9	0.0	-12.1	0.0	
1.60938	-0.6	-166	20.1	12.1	8.0	0.0	-12.1	0.0	
1.61328	-0.7	-166	20.0	12.1	7.9	0.0	-12.1	0.0	
1.61719	-0.6	-167	20.0	12.1	7.9	0.0	-12.1	0.0	
1.62109	-0.5	-167	20.0	12.1	7.9	0.0	-12.1	0.0	
1.62500	-0.6	-167	20.0	12.1	7.9	0.0	-12.1	0.0	
1.62891	-0.6	-167	20.0	12.1	7.9	0.0	-12.1	0.0	
1.63281	-0.6	-167	20.0	12.2	7.8	0.0	-12.2	0.0	
1.63672	-0.6	-167	20.0	12.1	7.9	0.0	-12.1	0.0	
1.64062	-0.7	-167	20.0	12.1	7.9	0.0	-12.1	0.0	
1.64453	-0.6	-167	20.0	12.1	7.9	0.0	-12.1	0.0	
1.64844	-0.5	-167	20.0	12.1	7.9	0.0	-12.1	0.0	
1.65234	-0.6	-167	20.0	12.1	7.9	0.0	-12.1	0.0	
1.65625	-0.7	-167	20.0	12.1	7.9	0.0	-12.1	0.0	
1.66016	-0.7	-167	20.0	12.1	7.9	0.0	-12.1	0.0	
1.66406	-0.7	-167	20.1	12.2	7.9	0.0	-12.2	0.0	
1.66797	-0.8	-167	20.1	12.2	7.9	0.0	-12.2	0.0	
1.67188	-0.7	-167	20.1	12.2	7.9	0.0	-12.2	0.0	
1.67578	-0.8	-167	20.1	12.1	8.0	0.0	-12.1	0.0	
1.67969	-0.8	-167	20.2	12.1	8.1	0.0	-12.1	0.0	
1.68359	-0.7	-167	20.2	12.1	8.1	0.0	-12.1	0.0	
1.68750	-0.9	-167	20.2	12.2	8.0	0.0	-12.2	0.0	
1.69141	-0.9	-167	20.3	12.2	8.1	0.0	-12.2	0.0	
1.69531	-0.7	-167	20.3	12.2	8.1	0.0	-12.2	0.0	
1.69922	-0.8	-167	20.4	12.2	8.2	0.0	-12.2	0.0	
1.70312	-0.7	-168	20.4	12.1	8.3	0.0	-12.1	0.0	
1.70703	-0.7	-168	20.4	12.1	8.3	0.0	-12.1	0.0	
1.71094	-0.7	-168	20.5	12.1	8.4	0.0	-12.1	0.0	
1.71484	-0.8	-168	20.5	12.1	8.4	0.0	-12.1	0.0	
1.71875	-0.8	-168	20.4	12.2	8.2	0.0	-12.2	0.0	
1.72266	-0.6	-168	20.5	12.2	8.3	0.0	-12.2	0.0	
1.72656	-0.6	-168	20.5	12.2	8.3	0.0	-12.2	0.0	
1.73047	-0.7	-168	20.5	12.2	8.3	0.0	-12.2	0.0	
1.73438	-0.6	-168	20.5	12.2	8.3	0.0	-12.2	0.0	
1.73828	-0.6	-168	20.6	12.2	8.4	0.0	-12.2	0.0	
1.74219	-0.7	-168	20.5	12.2	8.3	0.0	-12.2	0.0	
1.74609	-0.6	-168	20.6	12.2	8.4	0.0	-12.2	0.0	
1.75000	-0.6	-168	20.6	12.2	8.4	0.0	-12.2	0.0	
1.75391	-0.7	-168	20.6	12.2	8.4	0.0	-12.2	0.0	
1.75781	-0.6	-168	20.6	12.2	8.4	0.0	-12.2	0.0	
1.76172	-0.6	-168	20.7	12.2	8.5	0.0	-12.2	0.0	
1.76562	-0.7	-168	20.6	12.2	8.4	0.0	-12.2	0.0	
1.76953	-0.6	-168	20.7	12.2	8.5	0.0	-12.2	0.0	
1.77344	-0.5	-168	20.6	12.2	8.4	0.0	-12.2	0.0	
1.77734	-0.7	-168	20.6	12.2	8.4	0.0	-12.2	0.0	
1.78125	-0.6	-168	20.7	12.2	8.5	0.0	-12.2	0.0	
1.78516	-0.5	-168	20.6	12.2	8.4	0.0	-12.2	0.0	
1.78906	-0.6	-168	20.6	12.2	8.4	0.0	-12.2	0.0	
1.79297	-0.5	-168	20.7	12.2	8.5	0.0	-12.2	0.0	
1.79688	-0.5	-168	20.7	12.2	8.5	0.0	-12.2	0.0	
1.80078	-0.6	-169	20.6	12.2	8.4	0.0	-12.2	0.0	
1.80469	-0.6	-169	20.7	12.2	8.5	0.0	-12.2	0.0	
1.80859	-0.6	-169	20.6	12.2	8.4	0.0	-12.2	0.0	
1.81250	-0.5	-169	20.6	12.2	8.4	0.0	-12.2	0.0	
1.81641	-0.6	-169	20.6	12.2	8.4	0.0	-12.2	0.0	
1.82031	-0.7	-169	20.6	12.2	8.4	0.0	-12.2	0.0	
1.82422	-0.6	-169	20.6	12.2	8.4	0.0	-12.2	0.0	
1.82812	-0.6	-169	20.6	12.2	8.4	0.0	-12.2	0.0	
1.83203	-0.6	-169	20.6	12.3	8.3	0.0	-12.3	0.0	
1.83594	-0.5	-169	20.6	12.2	8.4	0.0	-12.2	0.0	
1.83984	-0.5	-169	20.6	12.2	8.4	0.0	-12.2	0.0	
1.84375	-0.6	-169	20.5	12.3	8.2	0.0	-12.3	0.0	
1.84766	-0.5	-169	20.5	12.3	8.2	0.0	-12.3	0.0	
1.85156	-0.5	-169	20.5	12.2	8.3	0.0	-12.2	0.0	
1.85547	-0.6	-169	20.5	12.2	8.3	0.0	-12.2	0.0	
1.85938	-0.6	-169	20.4	12.3	8.1	0.0	-12.3	0.0	
1.86328	-0.5	-169	20.5	12.3	8.2	0.0	-12.3	0.0	
1.86719	-0.6	-169	20.4	12.2	8.2	0.0	-12.2	0.0	
1.87109	-0.5	-169	20.4	12.2	8.2	0.0	-12.2	0.0	
1.87500	-0.4	-169	20.3	12.2	8.1	0.0	-12.2	0.0	
1.87891	-0.7	-169	20.4	12.3	8.1	0.0	-12.3	0.0	
1.88281	-0.6	-169	20.4	12.3	8.1	0.0	-12.3	0.0	
1.88672	-0.6	-169	20.4	12.3	8.1	0.0	-12.3	0.0	
1.89062	-0.6	-169	20.3	12.3	8.0	0.0	-12.3	0.0	
1.89453	-0.5	-169	20.3	12.2	8.1	0.0	-12.2	0.0	
1.89844	-0.6	-169	20.3	12.3	8.0	0.0	-12.3	0.0	
1.90234	-0.6	-169	20.3	12.3	8.0	0.0	-12.3	0.0	
1.90625	-0.5	-170	20.3	12.3	8.0	0.0	-12.3	0.0	
1.91016	-0.6	-170	20.3	12.3	8.0	0.0	-12.3	0.0	
1.91406	-0.6	-170	20.3	12.3	8.0	0.0	-12.3	0.0	
1.91797	-0.5	-170	20.3	12.3	8.0	0.0	-12.3	0.0	
1.92188	-0.5	-170	20.3	12.3	8.0	0.0	-12.3	0.0	
1.92578	-0.6	-170	20.3	12.3	8.0	0.0	-12.3	0.0	
1.92969	-0.7	-170	20.2	12.3	7.9	0.0	-12.3	0.0	
1.93359	-0.6	-170	20.2	12.3	7.9	0.0	-12.3	0.0	
1.93750	-0.5	-170	20.3	12.3	8.0	0.0	-12.3	0.0	
1.94141	-0.6	-170	20.2	12.3	7.9	0.0	-12.3	0.0	
1.94531	-0.6	-170	20.2	12.3	7.9	0.0	-12.3	0.0	
1.94922	-0.5	-170	20.2	12.3	7.9	0.0	-12.3	0.0	
1.95312	-0.7	-170	20.2	12.3	7.9	0.0	-12.3	0.0	
1.95703	-0.6	-170	20.2	12.3	7.9	0.0	-12.3	0.0	
1.96094	-0.5	-170	20.3	12.4	7.9	0.0	-12.4	0.0	
1.96484	-0.6	-170	20.2	12.4	7.8	0.0	-12.4	0.0	
1.96875	-0.5	-170	20.2	12.3	7.9	0.0	-12.3	0.0	
1.97266	-0.7	-170	20.3	12.3	8.0	0.0	-12.3	0.0	
1.97656	-0.7	-170	20.3	12.3	8.0	0.0	-12.3	0.0	
1.98047	-0.7	-170	20.2	12.3	7.9	0.0	-12.3	0.0	
1.98438	-0.8	-170	20.3	12.3	8.0	0.0	-12.3	0.0	
1.98828	-0.7	-170	20.3	12.4	7.9	0.0	-12.4	0.0	
1.99219	-0.6	-170	20.3	12.4	7.9	0.0	-12.4	0.0	
1.99609	-0.4	-170	20.3	12.4	7.9	0.0	-12.4	0.0	
2.00000	-0.5	-170	20.3	12.3	8.0	0.0	-12.3	0.0	
2.00391	-0.7	-171	20.3	12.4	7.9	0.0	-12.4	0.0	
2.00781	-0.6	-171	20.3	12.4	7.9	0.0	-12.4	0.0	
2.01172	-0.6	-171	20.3	12.4	7.9	0.0	-12.4	0.0	
2.01562	-0.6	-171	20.3	12.4	7.9	0.0	-12.4	0.0	
2.01953	-0.4	-171	20.3	12.4	7.9	0.0	-12.4	0.0	
2.02344	-0.5	-171	20.3	12.4	7.9	0.0	-12.4	0.0	
2.02734	-0.7	-171	20.3	12.4	7.9	0.0	-12.4	0.0	
2.03125	-0.7	-171	20.3	12.4	7.9	0.0	-12.4	0.0	
2.03516	-0.7	-171	20.3	12.4	7.9	0.0	-12.4	0.0	
2.03906	-0.7	-171	20.3	12.4	7.9	0.0	-12.4	0.0	
2.04297	-0.7	-171	20.3	12.4	7.9	0.0	-12.4	0.0	
2.04688	-0.6	-171	20.3	12.4	7.9	0.0	-12.4	0.0	
2.05078	-0.6	-171	20.3	12.4	7.9	0.0	-12.4	0.0	
2.05469	-0.6	-171	20.3	12.4	7.9	0.0	-12.4	0.0	
2.05859	-0.6	-171	20.3	12.4	7.9	0.0	-12.4	0.0	
2.06250	-0.7	-171	20.4	12.4	8.0	0.0	-12.4	0.0	
2.06641	-0.7	-171	20.4	12.4	8.0	0.0	-12.4	0.0	
2.07031	-0.6	-171	20.3	12.4	7.9	0.0	-12.4	0.0	
2.07422	-0.6	-171	20.4	12.5	7.9	0.0	-12.5	0.0	
2.07812	-0.7	-171	20.4	12.4	8.0	0.0	-12.4	0.0	
2.08203	-0.8	-171	20.4	12.4	8.0	0.0	-12.4	0.0	
2.08594	-0.7	-171	20.4	12.4	8.0	0.0	-12.4	0.0	
2.08984	-0.7	-171	20.4	12.4	8.0	0.0	-12.4	0.0	
2.09375	-0.7	-171	20.5	12.4	8.1	0.0	-12.4	0.0	
2.09766	-0.6	-172	20.5	12.4	8.1	0.0	-12.4	0.0	
2.10156	-0.7	-172	20.5	12.4	8.1	0.0	-12.4	0.0	
2.10547	-0.8	-172	20.5	12.4	8.1	0.0	-12.4	0.0	
2.10938	-0.6	-172	20.5	12.4	8.1	0.0	-12.4	0.0	
2.11328	-0.6	-172	20.5	12.4	8.1	0.0	-12.4	0.0	
2.11719	-0.6	-172	20.5	12.4	8.1	0.0	-12.4	0.0	
2.12109	-0.5	-172	20.5	12.5	8.0	0.0	-12.5	0.0	
2.12500	-0.6	-172	20.5	12.5	8.0	0.0	-12.5	0.0	
2.12891	-0.6	-172	20.5	12.4	8.1	0.0	-12.4	0.0	
2.13281	-0.5	-172	20.5	12.4	8.1	0.0	-12.4	0.0	
2.13672	-0.6	-172	20.5	12.5	8.0	0.0	-12.5	0.0	
2.14062	-0.6	-172	20.5	12.4	8.1	0.0	-12.4	0.0	
2.14453	-0.5	-172	20.5	12.4	8.1	0.0	-12.4	0.0	
2.14844	-0.6	-172	20.5	12.4	8.1	0.0	-12.4	0.0	
2.15234	-0.6	-172	20.5	12.5	8.0	0.0	-12.5	0.0	
2.15625	-0.7	-172	20.5	12.4	8.1	0.0	-12.4	0.0	
2.16016	-0.6	-172	20.5	12.4	8.1	0.0	-12.4	0.0	
2.16406	-0.6	-172	20.5	12.5	8.0	0.0	-12.5	0.0	
2.16797	-0.8	-172	20.5	12.5	8.0	0.0	-12.5	0.0	
2.17188	-0.7	-172	20.5	12.4	8.1	0.0	-12.4	0.0	
2.17578	-0.7	-172	20.6	12.5	8.1	0.0	-12.5	0.0	
2.17969	-0.8	-172	20.6	12.5	8.1	0.0	-12.5	0.0	
2.18359	-0.7	-172	20.6	12.5	8.1	0.0	-12.5	0.0	
2.18750	-0.7	-172	20.5	12.5	8.0	0.0	-12.5	0.0	
2.19141	-0.7	-173	20.5	12.5	8.0	0.0	-12.5	0.0	
2.19531	-0.5	-173	20.6	12.5	8.1	0.0	-12.5	0.0	
2.19922	-0.5	-173	20.6	12.5	8.1	0.0	-12.5	0.0	
2.20312	-0.6	-173	20.6	12.5	8.1	0.0	-12.5	0.0	
2.20703	-0.6	-173	20.6	12.5	8.1	0.0	-12.5	0.0	
2.21094	-0.5	-173	20.6	12.5	8.1	0.0	-12.5	0.0	
2.21484	-0.5	-173	20.6	12.5	8.1	0.0	-12.5	0.0	
2.21875	-0.6	-173	20.6	12.5	8.1	0.0	-12.5	0.0	
2.22266	-0.5	-173	20.6	12.5	8.1	0.0	-12.5	0.0	
2.22656	-0.5	-173	20.6	12.5	8.1	0.0	-12.5	0.0	
2.23047	-0.7	-173	20.6	12.5	8.1	0.0	-12.5	0.0	
2.23438	-0.7	-173	20.6	12.5	8.1	0.0	-12.5	0.0	
2.23828	-0.5	-173	20.6	12.5	8.1	0.0	-12.5	0.0	
2.24219	-0.6	-173	20.6	12.5	8.1	0.0	-12.5	0.0	
2.24609	-0.6	-173	20.6	12.5	8.1	0.0	-12.5	0.0	
2.25000	-0.6	-173	20.6	12.5	8.1	0.0	-12.5	0.0	
2.25391	-0.8	-173	20.6	12.5	8.1	0.0	-12.5	0.0	
2.25781	-0.8	-173	20.7	12.5	8.2	0.0	-12.5	0.0	
2.26172	-0.6	-173	20.7	12.6	8.1	0.0	-12.6	0.0	
2.26562	-0.8	-173	20.7	12.5	8.2	0.0	-12.5	0.0	
2.26953	-0.8	-173	20.7	12.5	8.2	0.0	-12.5	0.0	
2.27344	-0.7	-173	20.8	12.6	8.2	0.0	-12.6	0.0	
2.27734	-0.8	-173	20.8	12.6	8.2	0.0	-12.6	0.0	
2.28125	-0.9	-173	20.9	12.6	8.3	0.0	-12.6	0.0	
2.28516	-0.9	-174	20.9	12.6	8.3	0.0	-12.6	0.0	
2.28906	-0.9	-174	20.9	12.5	8.4	0.0	-12.5	0.0	
2.29297	-0.7	-174	20.9	12.5	8.4	0.0	-12.5	0.0	
2.29688	-0.7	-174	20.9	12.5	8.4	0.0	-12.5	0.0	
2.30078	-0.7	-174	21.0	12.5	8.5	0.0	-12.5	0.0	
2.30469	-0.7	-174	21.0	12.5	8.5	0.0	-12.5	0.0	
2.30859	-0.7	-174	21.0	12.6	8.4	0.0	-12.6	0.0	
2.31250	-0.7	-174	21.0	12.5	8.5	0.0	-12.5	0.0	
2.31641	-0.7	-174	21.0	12.5	8.5	0.0	-12.5	0.0	
2.32031	-0.7	-174	21.1	12.6	8.5	0.0	-12.6	0.0	
2.32422	-0.6	-174	21.1	12.6	8.5	0.0	-12.6	0.0	
2.32812	-0.7	-174	21.1	12.6	8.5	0.0	-12.6	0.0	
2.33203	-0.8	-174	21.1	12.6	8.5	0.0	-12.6	0.0	
2.33594	-0.6	-174	21.1	12.6	8.5	0.0	-12.6	0.0	
2.33984	-0.5	-174	21.1	12.6	8.5	0.0	-12.6	0.0	
2.34375	-0.6	-174	21.1	12.6	8.5	0.0	-12.6	0.0	
2.34766	-0.6	-174	21.1	12.6	8.5	0.0	-12.6	0.0	
2.35156	-0.7	-174	21.1	12.6	8.5	0.0	-12.6	0.0	
2.35547	-0.8	-174	21.1	12.6	8.5	0.0	-12.6	0.0	
2.35938	-0.6	-174	21.1	12.5	8.6	0.0	-12.5	0.0	
2.36328	-0.5	-174	21.1	12.6	8.5	0.0	-12.6	0.0	
2.36719	-0.6	-174	21.1	12.6	8.5	0.0	-12.6	0.0	
2.37109	-0.6	-174	21.1	12.6	8.5	0.0	-12.6	0.0	
2.37500	-0.6	-175	21.1	12.6	8.5	0.0	-12.6	0.0	
2.37891	-0.7	-175	21.1	12.6	8.5	0.0	-12.6	0.0	
2.38281	-0.5	-175	21.2	12.6	8.6	0.0	-12.6	0.0	
2.38672	-0.5	-175	21.2	12.6	8.6	0.0	-12.6	0.0	
2.39062	-0.6	-175	21.1	12.6	8.5	0.0	-12.6	0.0	
2.39453	-0.6	-175	21.1	12.5	8.6	0.0	-12.5	0.0	
2.39844	-0.6	-175	21.2	12.6	8.6	0.0	-12.6	0.0	
2.40234	-0.6	-175	21.1	12.6	8.5	0.0	-12.6	0.0	
2.40625	-0.6	-175	21.1	12.6	8.5	0.0	-12.6	0.0	
2.41016	-0.5	-175	21.1	12.6	8.5	0.0	-12.6	0.0	
2.41406	-0.5	-175	21.1	12.6	8.5	0.0	-12.6	0.0	
2.41797	-0.4	-175	21.1	12.6	8.5	0.0	-12.6	0.0	
2.42188	-0.5	-175	21.1	12.6	8.5	0.0	-12.6	0.0	
2.42578	-0.6	-175	21.0	12.6	8.4	0.0	-12.6	0.0	
2.42969	-0.5	-175	21.0	12.6	8.4	0.0	-12.6	0.0	
2.43359	-0.5	-175	21.1	12.6	8.5	0.0	-12.6	0.0	
2.43750	-0.5	-175	21.0	12.7	8.3	0.0	-12.7	0.0	
2.44141	-0.6	-175	21.0	12.6	8.4	0.0	-12.6	0.0	
2.44531	-0.6	-175	21.1	12.6	8.5	0.0	-12.6	0.0	
2.44922	-0.5	-175	21.0	12.6	8.4	0.0	-12.6	0.0	
2.45312	-0.5	-175	20.9	12.6	8.3	0.0	-12.6	0.0	
2.45703	-0.4	-175	20.9	12.6	8.3	0.0	-12.6	0.0	
2.46094	-0.4	-175	21.0	12.6	8.4	0.0	-12.6	0.0	
2.46484	-0.6	-175	20.9	12.7	8.2	0.0	-12.7	0.0	
2.46875	-0.5	-175	20.9	12.7	8.2	0.0	-12.7	0.0	
2.47266	-0.4	-175	21.0	12.7	8.3	0.0	-12.7	0.0	
2.47656	-0.5	-175	21.0	12.7	8.3	0.0	-12.7	0.0	
2.48047	-0.6	-175	20.9	12.7	8.2	0.0	-12.7	0.0	
2.48438	-0.6	-175	20.9	12.6	8.3	0.0	-12.6	0.0	
2.48828	-0.5	-176	20.9	12.7	8.2	0.0	-12.7	0.0	
2.49219	-0.7	-176	20.8	12.7	8.1	0.0	-12.7	0.0	
2.49609	-0.6	-176	20.8	12.7	8.1	0.0	-12.7	0.0	
2.50000	-0.6	-176	20.9	12.7	8.2	0.0	-12.7	0.0	
2.50391	-0.7	-176	20.8	12.7	8.1	0.0	-12.7	0.0	
2.50781	-0.7	-176	20.8	12.7	8.1	0.0	-12.7	0.0	
2.51172	-0.6	-176	20.8	12.7	8.1	0.0	-12.7	0.0	
2.51562	-0.6	-176	20.8	12.7	8.1	0.0	-12.7	0.0	
2.51953	-0.5	-176	20.8	12.7	8.1	0.0	-12.7	0.0	
2.52344	-0.5	-176	20.8	12.7	8.1	0.0	-12.7	0.0	
2.52734	-0.7	-176	20.8	12.7	8.1	0.0	-12.7	0.0	
2.53125	-0.6	-176	20.8	12.7	8.1	0.0	-12.7	0.0	
2.53516	-0.5	-176	20.8	12.7	8.1	0.0	-12.7	0.0	
2.53906	-0.6	-176	20.8	12.7	8.1	0.0	-12.7	0.0	
2.54297	-0.7	-176	20.8	12.7	8.1	0.0	-12.7	0.0	
2.54688	-0.6	-176	20.8	12.7	8.1	0.0	-12.7	0.0	
2.55078	-0.5	-176	20.8	12.8	8.0	0.0	-12.8	0.0	
2.55469	-0.6	-176	20.8	12.8	8.0	0.0	-12.8	0.0	
2.55859	-0.5	-176	20.8	12.8	8.0	0.0	-12.8	0.0	
2.56250	-0.6	-176	20.8	12.8	8.0	0.0	-12.8	0.0	
2.56641	-0.5	-176	20.8	12.8	8.0	0.0	-12.8	0.0	
2.57031	-0.4	-176	20.8	12.8	8.0	0.0	-12.8	0.0	
2.57422	-0.6	-176	20.8	12.8	8.0	0.0	-12.8	0.0	
2.57812	-0.6	-176	20.8	12.8	8.0	0.0	-12.8	0.0	
2.58203	-0.7	-176	20.8	12.8	8.0	0.0	-12.8	0.0	
2.58594	-0.6	-176	20.8	12.8	8.0	0.0	-12.8	0.0	
2.58984	-0.5	-177	20.8	12.8	8.0	0.0	-12.8	0.0	
2.59375	-0.6	-177	20.8	12.8	8.0	0.0	-12.8	0.0	
2.59766	-0.6	-177	20.8	12.8	8.0	0.0	-12.8	0.0	
2.60156	-0.5	-177	20.7	12.8	7.9	0.0	-12.8	0.0	
2.60547	-0.6	-177	20.8	12.8	8.0	0.0	-12.8	0.0	
2.60938	-0.6	-177	20.8	12.8	8.0	0.0	-12.8	0.0	
2.61328	-0.7	-177	20.7	12.8	7.9	0.0	-12.8	0.0	
2.61719	-0.7	-177	20.7	12.8	7.9	0.0	-12.8	0.0	
2.62109	-0.6	-177	20.7	12.8	7.9	0.0	-12.8	0.0	
2.62500	-0.6	-177	20.7	12.7	8.0	0.0	-12.7	0.0	
2.62891	-0.6	-177	20.7	12.8	7.9	0.0	-12.8	0.0	
2.63281	-0.6	-177	20.7	12.8	7.9	0.0	-12.8	0.0	
2.63672	-0.5	-177	20.7	12.8	7.9	0.0	-12.8	0.0	
2.64062	-0.6	-177	20.7	12.8	7.9	0.0	-12.8	0.0	
2.64453	-0.6	-177	20.7	12.8	7.9	0.0	-12.8	0.0	
2.64844	-0.6	-177	20.7	12.8	7.9	0.0	-12.8	0.0	
2.65234	-0.6	-177	20.7	12.8	7.9	0.0	-12.8	0.0	
2.65625	-0.6	-177	20.7	12.8	7.9	0.0	-12.8	0.0	
2.66016	-0.6	-177	20.7	12.9	7.8	0.0	-12.9	0.0	
2.66406	-0.6	-177	20.7	12.8	7.9	0.0	-12.8	0.0	
2.66797	-0.6	-177	20.7	12.8	7.9	0.0	-12.8	0.0	
2.67188	-0.5	-177	20.7	12.9	7.8	0.0	-12.9	0.0	
2.67578	-0.6	-177	20.7	12.9	7.8	0.0	-12.9	0.0	
2.67969	-0.6	-177	20.7	12.8	7.9	0.0	-12.8	0.0	
2.68359	-0.5	-177	20.7	12.8	7.9	0.0	-12.8	0.0	
2.68750	-0.5	-177	20.8	12.8	8.0	0.0	-12.8	0.0	
2.69141	-0.5	-178	20.8	12.8	8.0	0.0	-12.8	0.0	
2.69531	-0.6	-178	20.7	12.9	7.8	0.0	-12.9	0.0	
2.69922	-0.6	-178	20.8	12.9	7.9	0.0	-12.9	0.0	
2.70312	-0.6	-178	20.8	12.8	8.0	0.0	-12.8	0.0	
2.70703	-0.5	-178	20.7	12.9	7.8	0.0	-12.9	0.0	
2.71094	-0.4	-178	20.7	12.8	7.9	0.0	-12.8	0.0	
2.71484	-0.6	-178	20.8	12.8	8.0	0.0	-12.8	0.0	
2.71875	-0.7	-178	20.8	12.9	7.9	0.0	-12.9	0.0	
2.72266	-0.5	-178	20.7	12.9	7.8	0.0	-12.9	0.0	
2.72656	-0.5	-178	20.7	12.8	7.9	0.0	-12.8	0.0	
2.73047	-0.7	-178	20.7	12.9	7.8	0.0	-12.9	0.0	
2.73438	-0.6	-178	20.7	12.9	7.8	0.0	-12.9	0.0	
2.73828	-0.6	-178	20.7	12.9	7.8	0.0	-12.9	0.0	
2.74219	-0.6	-178	20.7	12.9	7.8	0.0	-12.9	0.0	
2.74609	-0.6	-178	20.7	12.9	7.8	0.0	-12.9	0.0	
2.75000	-0.6	-178	20.7	12.9	7.8	0.0	-12.9	0.0	
2.75391	-0.6	-178	20.6	12.9	7.7	0.0	-12.9	0.0	
2.75781	-0.7	-178	20.7	12.9	7.8	0.0	-12.9	0.0	
2.76172	-0.6	-178	20.7	12.9	7.8	0.0	-12.9	0.0	
2.76562	-0.6	-178	20.7	12.9	7.8	0.0	-12.9	0.0	
2.76953	-0.6	-178	20.6	12.9	7.7	0.0	-12.9	0.0	
2.77344	-0.5	-178	20.7	12.9	7.8	0.0	-12.9	0.0	
2.77734	-0.6	-178	20.7	12.9	7.8	0.0	-12.9	0.0	
2.78125	-0.6	-178	20.7	12.9	7.8	0.0	-12.9	0.0	
2.78516	-0.5	-178	20.7	12.9	7.8	0.0	-12.9	0.0	
2.78906	-0.7	-178	20.7	12.9	7.8	0.0	-12.9	0.0	
2.79297	-0.7	-179	20.6	12.9	7.7	0.0	-12.9	0.0	
2.79688	-0.6	-179	20.7	12.9	7.8	0.0	-12.9	0.0	
2.80078	-0.6	-179	20.7	12.9	7.8	0.0	-12.9	0.0	
2.80469	-0.6	-179	20.6	12.9	7.7	0.0	-12.9	0.0	
2.80859	-0.6	-179	20.6	12.9	7.7	0.0	-12.9	0.0	
2.81250	-0.5	-179	20.6	12.9	7.7	0.0	-12.9	0.0	
2.81641	-0.5	-179	20.6	12.9	7.7	0.0	-12.9	0.0	
2.82031	-0.5	-179	20.6	12.9	7.7	0.0	-12.9	0.0	
2.82422	-0.5	-179	20.6	12.9	7.7	0.0	-12.9	0.0	
2.82812	-0.7	-179	20.6	13.0	7.6	0.0	-13.0	0.0	
2.83203	-0.7	-179	20.6	12.9	7.7	0.0	-12.9	0.0	
2.83594	-0.6	-179	20.6	12.9	7.7	0.0	-12.9	0.0	
2.83984	-0.8	-179	20.6	12.9	7.7	0.0	-12.9	0.0	
2.84375	-0.9	-179	20.7	12.9	7.8	0.0	-12.9	0.0	
2.84766	-0.7	-179	20.7	13.0	7.7	0.0	-13.0	0.0	
2.85156	-0.7	-179	20.7	12.9	7.8	0.0	-12.9	0.0	
2.85547	-0.9	-179	20.7	12.9	7.8	0.0	-12.9	0.0	
2.85938	-0.8	-179	20.8	13.0	7.8	0.0	-13.0	0.0	
2.86328	-0.7	-179	20.8	13.0	7.8	0.0	-13.0	0.0	
2.86719	-0.8	-179	20.8	12.9	7.9	0.0	-12.9	0.0	
2.87109	-0.8	-179	20.9	13.0	7.9	0.0	-13.0	0.0	
2.87500	-0.8	-179	20.9	13.0	7.9	0.0	-13.0	0.0	
2.87891	-0.8	-179	21.0	13.0	8.0	0.0	-13.0	0.0	
2.88281	-0.7	-180	21.0	12.9	8.1	0.0	-12.9	0.0	
2.88672	-0.7	-180	21.0	12.9	8.1	0.0	-12.9	0.0	
2.89062	-0.7	-180	21.0	13.0	8.0	0.0	-13.0	0.0	
2.89453	-0.6	-180	21.1	13.0	8.1	0.0	-13.0	0.0	
2.89844	-0.6	-180	21.0	13.0	8.0	0.0	-13.0	0.0	
2.90234	-0.6	-180	21.1	13.0	8.1	0.0	-13.0	0.0	
2.90625	-0.6	-180	21.1	13.0	8.1	0.0	-13.0	0.0	
2.91016	-0.6	-180	21.0	12.9	8.1	0.0	-12.9	0.0	
2.91406	-0.5	-180	21.0	13.0	8.0	0.0	-13.0	0.0	
2.91797	-0.5	-180	21.0	13.0	8.0	0.0	-13.0	0.0	
2.92188	-0.5	-180	21.0	13.0	8.0	0.0	-13.0	0.0	
2.92578	-0.5	-180	21.0	13.0	8.0	0.0	-13.0	0.0	
2.92969	-0.5	-180	21.0	13.0	8.0	0.0	-13.0	0.0	
2.93359	-0.5	-180	21.0	13.0	8.0	0.0	-13.0	0.0	
2.93750	-0.4	-180	21.1	13.0	8.1	0.0	-13.0	0.0	
2.94141	-0.5	-180	21.0	13.0	8.0	0.0	-13.0	0.0	
2.94531	-0.5	-180	21.0	13.0	8.0	0.0	-13.0	0.0	
2.94922	-0.5	-180	21.0	13.0	8.0	0.0	-13.0	0.0	
2.95312	-0.7	-180	21.0	13.0	8.0	0.0	-13.0	0.0	
2.95703	-0.6	-180	20.9	13.0	7.9	0.0	-13.0	0.0	
2.96094	-0.5	-180	20.9	13.0	7.9	0.0	-13.0	0.0	
2.96484	-0.7	-180	21.0	13.0	8.0	0.0	-13.0	0.0	
2.96875	-0.5	-180	20.9	13.0	7.9	0.0	-13.0	0.0	
2.97266	-0.5	-180	20.9	13.1	7.8	0.0	-13.1	0.0	
2.97656	-0.6	-180	20.9	13.0	7.9	0.0	-13.0	0.0	
2.98047	-0.6	-180	20.9	13.0	7.9	0.0	-13.0	0.0	
2.98438	-0.6	-180	20.9	13.1	7.8	0.0	-13.1	0.0	
2.98828	-0.5	-181	20.9	13.1	7.8	0.0	-13.1	0.0	
2.99219	-0.6	-181	20.8	13.0	7.8	0.0	-13.0	0.0	
2.99609	-0.5	-181	20.8	13.0	7.8	0.0	-13.0	0.0	
3.00000	-0.4	-181	20.8	13.1	7.7	0.0	-13.1	0.0	
3.00391	-0.4	-181	20.7	13.0	7.7	0.0	-13.0	0.0	
