FluxView - FluxMed acquisition system
Signal file
Serial Number	:
W version:	1.20h-OX-CO2	File version:	1.13
Sampling rate:	256 Hz
Time	Flow	Volume	Paw	Pes	Ptpulm	Pga	Ptdiaf	CO2	
0.00391	0.6	8450	18.7	12.7	6.0	4.9	-7.8	12.7	
0.00781	0.4	8450	18.7	12.7	6.0	4.9	-7.8	12.7	
0.01172	0.3	8450	18.7	12.7	6.0	4.9	-7.8	12.7	
0.01562	0.1	8450	18.8	12.7	6.1	4.9	-7.8	12.7	
0.01953	-0.0	8450	18.8	12.7	6.1	4.9	-7.8	12.7	
0.02344	-0.1	8450	18.8	12.7	6.1	4.9	-7.8	12.7	
0.02734	-0.2	8450	18.8	12.7	6.1	4.9	-7.8	12.7	
0.03125	-0.2	8450	18.9	12.7	6.2	4.9	-7.8	12.7	
0.03516	-0.2	8450	19.0	12.7	6.3	4.9	-7.8	12.7	
0.03906	-0.2	8450	19.0	12.7	6.3	4.9	-7.8	12.7	
0.04297	-0.1	8450	19.0	12.7	6.3	4.9	-7.8	12.7	
0.04688	-0.1	8450	19.1	12.7	6.4	4.9	-7.8	12.7	
0.05078	-0.0	8450	19.1	12.7	6.4	4.9	-7.8	12.7	
0.05469	0.1	8450	19.2	12.7	6.5	4.9	-7.8	12.7	
0.05859	0.1	8450	19.2	12.7	6.5	4.9	-7.8	12.7	
0.06250	0.2	8450	19.2	12.7	6.5	4.9	-7.8	12.7	
0.06641	0.2	8450	19.2	12.8	6.4	4.9	-7.9	12.8	
0.07031	0.2	8450	19.2	12.8	6.4	4.9	-7.9	12.8	
0.07422	0.3	8450	19.3	12.8	6.5	4.9	-7.9	12.8	
0.07812	0.3	8450	19.3	12.8	6.5	4.9	-7.9	12.8	
0.08203	0.3	8450	19.3	12.8	6.5	4.9	-7.9	12.8	
0.08594	0.3	8450	19.3	12.8	6.5	4.9	-7.9	12.8	
0.08984	0.3	8450	19.3	12.8	6.5	4.9	-7.9	12.8	
0.09375	0.3	8450	19.3	12.8	6.5	4.9	-7.9	12.8	
0.09766	0.3	8450	19.3	12.8	6.5	4.9	-7.9	12.8	
0.10156	0.3	8450	19.3	12.8	6.5	4.9	-7.9	12.8	
0.10547	0.2	8450	19.3	12.8	6.5	4.9	-7.9	12.8	
0.10938	0.2	8450	19.3	12.8	6.5	4.9	-7.9	12.8	
0.11328	0.2	8450	19.3	12.8	6.5	4.9	-7.9	12.8	
0.11719	0.2	8450	19.3	12.8	6.5	4.9	-7.9	12.8	
0.12109	0.2	8450	19.3	12.8	6.5	4.9	-7.9	12.8	
0.12500	0.1	8450	19.4	12.8	6.6	4.9	-7.9	12.8	
0.12891	0.1	8450	19.4	12.8	6.6	4.9	-7.9	12.8	
0.13281	0.1	8450	19.4	12.8	6.6	4.9	-7.9	12.8	
0.13672	0.2	8450	19.5	12.8	6.7	4.9	-7.9	12.8	
0.14062	0.2	8450	19.5	12.8	6.7	4.9	-7.9	12.8	
0.14453	0.2	8450	19.5	12.8	6.7	4.9	-7.9	12.8	
0.14844	0.2	8450	19.5	12.8	6.7	4.9	-7.9	12.8	
0.15234	0.2	8450	19.5	12.8	6.7	4.9	-7.9	12.8	
0.15625	0.2	8450	19.5	12.8	6.7	4.9	-7.9	12.8	
0.16016	0.2	8450	19.6	12.8	6.8	4.9	-7.9	12.8	
0.16406	0.2	8450	19.6	12.8	6.8	4.9	-7.9	12.8	
0.16797	0.3	8450	19.6	12.8	6.8	4.9	-7.9	12.8	
0.17188	0.3	8450	19.6	12.8	6.8	4.9	-7.9	12.8	
0.17578	0.3	8450	19.6	12.8	6.8	4.9	-7.9	12.8	
0.17969	0.3	8450	19.6	12.8	6.8	4.9	-7.9	12.8	
0.18359	0.3	8450	19.6	12.8	6.8	4.9	-7.9	12.8	
0.18750	0.3	8450	19.6	12.8	6.8	4.9	-7.9	12.8	
0.19141	0.3	8450	19.6	12.8	6.8	4.9	-7.9	12.8	
0.19531	0.3	8450	19.6	12.8	6.8	4.9	-7.9	12.8	
0.19922	0.3	8450	19.6	12.8	6.8	4.9	-7.9	12.8	
0.20312	0.3	8450	19.6	12.8	6.8	4.9	-7.9	12.8	
0.20703	0.3	8450	19.5	12.8	6.7	4.9	-7.9	12.8	
0.21094	0.3	8450	19.5	12.8	6.7	4.9	-7.9	12.8	
0.21484	0.2	8450	19.6	12.8	6.8	4.9	-7.9	12.8	
0.21875	0.3	8450	19.5	12.9	6.6	4.9	-8.0	12.9	
0.22266	0.3	8450	19.5	12.8	6.7	4.9	-7.9	12.8	
0.22656	0.2	8450	19.6	12.8	6.8	4.9	-7.9	12.8	
0.23047	0.2	8450	19.5	12.9	6.6	4.9	-8.0	12.9	
0.23438	0.2	8450	19.6	12.9	6.7	4.9	-8.0	12.9	
0.23828	0.2	8450	19.6	12.9	6.7	4.9	-8.0	12.9	
0.24219	0.2	8450	19.6	12.9	6.7	4.9	-8.0	12.9	
0.24609	0.2	8450	19.6	12.9	6.7	4.9	-8.0	12.9	
0.25000	0.2	8450	19.6	12.9	6.7	4.9	-8.0	12.9	
0.25391	0.2	8451	19.6	12.9	6.7	4.9	-8.0	12.9	
0.25781	0.2	8451	19.6	12.9	6.7	4.9	-8.0	12.9	
0.26172	0.2	8451	19.6	12.9	6.7	4.9	-8.0	12.9	
0.26562	0.2	8451	19.6	12.9	6.7	4.9	-8.0	12.9	
0.26953	0.2	8451	19.6	12.9	6.7	4.9	-8.0	12.9	
0.27344	0.3	8451	19.7	12.9	6.8	4.9	-8.0	12.9	
0.27734	0.3	8451	19.7	12.9	6.8	4.9	-8.0	12.9	
0.28125	0.2	8451	19.7	12.9	6.8	4.9	-8.0	12.9	
0.28516	0.2	8451	19.7	12.9	6.8	4.9	-8.0	12.9	
0.28906	0.2	8451	19.7	12.9	6.8	4.9	-8.0	12.9	
0.29297	0.2	8451	19.7	13.0	6.7	4.9	-8.1	13.0	
0.29688	0.2	8451	19.7	13.0	6.7	4.9	-8.1	13.0	
0.30078	0.2	8451	19.7	13.0	6.7	4.9	-8.1	13.0	
0.30469	0.2	8451	19.7	13.0	6.7	4.9	-8.1	13.0	
0.30859	0.2	8451	19.7	13.0	6.7	4.9	-8.1	13.0	
0.31250	0.2	8451	19.8	13.0	6.8	4.9	-8.1	13.0	
0.31641	0.3	8451	19.8	13.0	6.8	4.9	-8.1	13.0	
0.32031	0.3	8451	19.7	13.0	6.7	4.9	-8.1	13.0	
0.32422	0.3	8451	19.7	13.0	6.7	4.9	-8.1	13.0	
0.32812	0.3	8451	19.7	13.0	6.7	4.9	-8.1	13.0	
0.33203	0.3	8451	19.7	13.0	6.7	4.9	-8.1	13.0	
0.33594	0.3	8451	19.7	13.0	6.7	4.9	-8.1	13.0	
0.33984	0.4	8451	19.7	13.0	6.7	4.9	-8.1	13.0	
0.34375	0.3	8451	19.7	13.0	6.7	4.9	-8.1	13.0	
0.34766	0.3	8451	19.7	12.9	6.8	4.9	-8.0	12.9	
0.35156	0.2	8451	19.6	12.9	6.7	4.9	-8.0	12.9	
0.35547	0.2	8451	19.6	13.0	6.6	4.9	-8.1	13.0	
0.35938	0.2	8451	19.6	12.9	6.7	4.9	-8.0	12.9	
0.36328	0.2	8451	19.7	12.9	6.8	4.9	-8.0	12.9	
0.36719	0.1	8451	19.7	12.9	6.8	4.9	-8.0	12.9	
0.37109	0.0	8451	19.7	12.9	6.8	4.9	-8.0	12.9	
0.37500	-0.1	8451	19.7	12.9	6.8	4.9	-8.0	12.9	
0.37891	-0.2	8451	19.8	12.9	6.9	4.9	-8.0	12.9	
0.38281	-0.2	8451	19.8	12.9	6.9	4.9	-8.0	12.9	
0.38672	-0.3	8451	19.9	12.9	7.0	4.9	-8.0	12.9	
0.39062	-0.3	8451	19.9	12.9	7.0	4.9	-8.0	12.9	
0.39453	-0.4	8451	20.0	12.9	7.1	4.9	-8.0	12.9	
0.39844	-0.3	8451	20.1	12.9	7.2	4.9	-8.0	12.9	
0.40234	-0.3	8451	20.1	12.9	7.2	4.9	-8.0	12.9	
0.40625	-0.2	8451	20.2	12.9	7.3	4.9	-8.0	12.9	
0.41016	-0.1	8451	20.2	12.9	7.3	4.9	-8.0	12.9	
0.41406	-0.0	8451	20.3	12.9	7.4	4.9	-8.0	12.9	
0.41797	0.0	8451	20.3	12.9	7.4	4.9	-8.0	12.9	
0.42188	0.1	8451	20.3	13.0	7.3	4.9	-8.1	13.0	
0.42578	0.1	8451	20.3	13.0	7.3	4.9	-8.1	13.0	
0.42969	0.3	8451	20.3	13.0	7.3	4.9	-8.1	13.0	
0.43359	0.3	8451	20.3	13.0	7.3	4.9	-8.1	13.0	
0.43750	0.4	8451	20.3	13.0	7.3	4.9	-8.1	13.0	
0.44141	0.5	8451	20.3	13.0	7.3	4.9	-8.1	13.0	
0.44531	0.5	8451	20.3	13.0	7.3	4.9	-8.1	13.0	
0.44922	0.5	8451	20.3	13.0	7.3	4.9	-8.1	13.0	
0.45312	0.5	8451	20.2	13.0	7.2	4.9	-8.1	13.0	
0.45703	0.5	8451	20.2	13.0	7.2	4.9	-8.1	13.0	
0.46094	0.5	8451	20.2	13.0	7.2	4.9	-8.1	13.0	
0.46484	0.5	8451	20.1	13.0	7.1	4.9	-8.1	13.0	
0.46875	0.5	8451	20.1	13.0	7.1	4.9	-8.1	13.0	
0.47266	0.4	8451	20.1	13.0	7.1	4.9	-8.1	13.0	
0.47656	0.4	8451	20.1	13.0	7.1	4.9	-8.1	13.0	
0.48047	0.3	8451	20.1	13.0	7.1	4.9	-8.1	13.0	
0.48438	0.3	8451	20.1	13.0	7.1	4.9	-8.1	13.0	
0.48828	0.3	8451	20.1	13.0	7.1	4.9	-8.1	13.0	
0.49219	0.2	8451	20.1	13.0	7.1	4.9	-8.1	13.0	
0.49609	0.2	8451	20.1	13.0	7.1	4.9	-8.1	13.0	
0.50000	0.2	8451	20.1	13.0	7.1	4.9	-8.1	13.0	
0.50391	0.2	8451	20.1	13.0	7.1	4.9	-8.1	13.0	
0.50781	0.2	8451	20.1	13.0	7.1	4.9	-8.1	13.0	
0.51172	0.2	8451	20.1	13.0	7.1	4.9	-8.1	13.0	
0.51562	0.2	8451	20.2	13.0	7.2	4.9	-8.1	13.0	
0.51953	0.2	8451	20.2	13.0	7.2	4.9	-8.1	13.0	
0.52344	0.2	8451	20.2	13.0	7.2	4.9	-8.1	13.0	
0.52734	0.2	8451	20.2	13.0	7.2	4.9	-8.1	13.0	
0.53125	0.2	8451	20.2	13.0	7.2	4.9	-8.1	13.0	
0.53516	0.2	8451	20.2	13.0	7.2	4.9	-8.1	13.0	
0.53906	0.3	8451	20.2	13.0	7.2	4.9	-8.1	13.0	
0.54297	0.3	8451	20.2	13.0	7.2	4.9	-8.1	13.0	
0.54688	0.3	8451	20.2	13.0	7.2	4.9	-8.1	13.0	
0.55078	0.3	8451	20.2	13.1	7.1	4.9	-8.2	13.1	
0.55469	0.4	8452	20.2	13.0	7.2	4.9	-8.1	13.0	
0.55859	0.4	8452	20.2	13.0	7.2	4.9	-8.1	13.0	
0.56250	0.4	8452	20.1	13.1	7.0	4.9	-8.2	13.1	
0.56641	0.4	8452	20.1	13.1	7.0	4.9	-8.2	13.1	
0.57031	0.4	8452	20.1	13.0	7.1	4.9	-8.1	13.0	
0.57422	0.3	8452	20.0	13.1	6.9	4.9	-8.2	13.1	
0.57812	0.3	8452	20.0	13.1	6.9	4.9	-8.2	13.1	
0.58203	0.3	8452	20.0	13.1	6.9	4.9	-8.2	13.1	
0.58594	0.3	8452	20.0	13.1	6.9	4.9	-8.2	13.1	
0.58984	0.3	8452	19.9	13.1	6.8	4.9	-8.2	13.1	
0.59375	0.3	8452	19.9	13.1	6.8	4.9	-8.2	13.1	
0.59766	0.2	8452	19.9	13.1	6.8	4.9	-8.2	13.1	
0.60156	0.2	8452	19.9	13.1	6.8	4.9	-8.2	13.1	
0.60547	0.3	8452	19.9	13.1	6.8	4.9	-8.2	13.1	
0.60938	0.2	8452	19.9	13.1	6.8	4.9	-8.2	13.1	
0.61328	0.2	8452	19.9	13.1	6.8	4.9	-8.2	13.1	
0.61719	0.2	8452	19.9	13.1	6.8	4.9	-8.2	13.1	
0.62109	0.2	8452	19.9	13.1	6.8	4.9	-8.2	13.1	
0.62500	0.3	8452	19.9	13.1	6.8	4.9	-8.2	13.1	
0.62891	0.3	8452	19.9	13.1	6.8	4.9	-8.2	13.1	
0.63281	0.3	8452	19.9	13.1	6.8	4.9	-8.2	13.1	
0.63672	0.3	8452	20.0	13.1	6.9	4.9	-8.2	13.1	
0.64062	0.3	8452	19.9	13.1	6.8	4.9	-8.2	13.1	
0.64453	0.4	8452	19.9	13.1	6.8	4.9	-8.2	13.1	
0.64844	0.3	8452	20.0	13.1	6.9	4.9	-8.2	13.1	
0.65234	0.3	8452	19.9	13.1	6.8	4.9	-8.2	13.1	
0.65625	0.4	8452	19.9	13.1	6.8	4.9	-8.2	13.1	
0.66016	0.3	8452	19.9	13.1	6.8	4.9	-8.2	13.1	
0.66406	0.3	8452	19.9	13.1	6.8	4.9	-8.2	13.1	
0.66797	0.3	8452	19.9	13.1	6.8	4.9	-8.2	13.1	
0.67188	0.3	8452	19.9	13.1	6.8	4.9	-8.2	13.1	
0.67578	0.3	8452	19.9	13.1	6.8	4.9	-8.2	13.1	
0.67969	0.3	8452	19.8	13.1	6.7	4.9	-8.2	13.1	
0.68359	0.3	8452	19.8	13.1	6.7	4.9	-8.2	13.1	
0.68750	0.3	8452	19.8	13.1	6.7	4.9	-8.2	13.1	
0.69141	0.3	8452	19.8	13.2	6.6	4.9	-8.3	13.2	
0.69531	0.3	8452	19.8	13.1	6.7	4.9	-8.2	13.1	
0.69922	0.2	8452	19.8	13.2	6.6	4.9	-8.3	13.2	
0.70312	0.2	8452	19.8	13.2	6.6	4.9	-8.3	13.2	
0.70703	0.2	8452	19.8	13.2	6.6	4.9	-8.3	13.2	
0.71094	0.2	8452	19.8	13.2	6.6	4.9	-8.3	13.2	
0.71484	0.2	8452	19.8	13.2	6.6	4.9	-8.3	13.2	
0.71875	0.2	8452	19.8	13.2	6.6	4.9	-8.3	13.2	
0.72266	0.2	8452	19.9	13.2	6.7	4.9	-8.3	13.2	
0.72656	0.2	8452	19.9	13.2	6.7	4.9	-8.3	13.2	
0.73047	0.2	8452	19.9	13.2	6.7	4.9	-8.3	13.2	
0.73438	0.2	8452	19.9	13.2	6.7	4.9	-8.3	13.2	
0.73828	0.2	8452	19.9	13.2	6.7	4.9	-8.3	13.2	
0.74219	0.2	8452	19.9	13.2	6.7	4.9	-8.3	13.2	
0.74609	0.2	8452	19.9	13.2	6.7	4.9	-8.3	13.2	
0.75000	0.2	8452	19.9	13.2	6.7	4.9	-8.3	13.2	
0.75391	0.2	8452	19.9	13.2	6.7	4.9	-8.3	13.2	
0.75781	0.3	8452	20.0	13.2	6.8	4.9	-8.3	13.2	
0.76172	0.3	8452	20.0	13.2	6.8	4.9	-8.3	13.2	
0.76562	0.3	8452	20.0	13.2	6.8	4.9	-8.3	13.2	
0.76953	0.3	8452	20.0	13.2	6.8	4.9	-8.3	13.2	
0.77344	0.2	8453	20.0	13.2	6.8	4.9	-8.3	13.2	
0.77734	0.3	8453	20.0	13.2	6.8	4.9	-8.3	13.2	
0.78125	0.3	8453	20.0	13.2	6.8	4.9	-8.3	13.2	
0.78516	0.3	8453	20.0	13.2	6.8	4.9	-8.3	13.2	
0.78906	0.3	8453	20.0	13.2	6.8	4.9	-8.3	13.2	
0.79297	0.3	8453	20.0	13.2	6.8	4.9	-8.3	13.2	
0.79688	0.3	8453	20.0	13.2	6.8	4.9	-8.3	13.2	
0.80078	0.3	8453	20.0	13.2	6.8	4.9	-8.3	13.2	
0.80469	0.2	8453	20.0	13.3	6.7	4.9	-8.4	13.3	
0.80859	0.2	8453	20.0	13.3	6.7	4.9	-8.4	13.3	
0.81250	0.3	8453	20.0	13.3	6.7	4.9	-8.4	13.3	
0.81641	0.2	8453	20.0	13.3	6.7	4.9	-8.4	13.3	
0.82031	0.3	8453	20.0	13.3	6.7	4.9	-8.4	13.3	
0.82422	0.2	8453	20.0	13.3	6.7	4.9	-8.4	13.3	
0.82812	0.2	8453	20.0	13.3	6.7	4.9	-8.4	13.3	
0.83203	0.2	8453	20.0	13.3	6.7	4.9	-8.4	13.3	
0.83594	0.2	8453	20.0	13.3	6.7	4.9	-8.4	13.3	
0.83984	0.3	8453	20.0	13.3	6.7	4.9	-8.4	13.3	
0.84375	0.2	8453	20.0	13.3	6.7	4.9	-8.4	13.3	
0.84766	0.2	8453	20.0	13.3	6.7	4.9	-8.4	13.3	
0.85156	0.2	8453	20.0	13.3	6.7	4.9	-8.4	13.3	
0.85547	0.2	8453	20.1	13.3	6.8	4.9	-8.4	13.3	
0.85938	0.3	8453	20.1	13.3	6.8	4.9	-8.4	13.3	
0.86328	0.3	8453	20.0	13.3	6.7	4.9	-8.4	13.3	
0.86719	0.2	8453	20.0	13.3	6.7	4.9	-8.4	13.3	
0.87109	0.3	8453	20.0	13.3	6.7	4.9	-8.4	13.3	
0.87500	0.3	8453	20.1	13.3	6.8	4.9	-8.4	13.3	
0.87891	0.3	8453	20.1	13.3	6.8	4.9	-8.4	13.3	
0.88281	0.3	8453	20.1	13.3	6.8	4.9	-8.4	13.3	
0.88672	0.3	8453	20.0	13.3	6.7	4.9	-8.4	13.3	
0.89062	0.3	8453	20.0	13.3	6.7	4.9	-8.4	13.3	
0.89453	0.3	8453	20.0	13.3	6.7	4.9	-8.4	13.3	
0.89844	0.3	8453	20.0	13.3	6.7	4.9	-8.4	13.3	
0.90234	0.3	8453	20.0	13.3	6.7	4.9	-8.4	13.3	
0.90625	0.3	8453	20.0	13.3	6.7	4.9	-8.4	13.3	
0.91016	0.3	8453	20.0	13.3	6.7	4.9	-8.4	13.3	
0.91406	0.3	8453	20.0	13.3	6.7	4.9	-8.4	13.3	
0.91797	0.3	8453	20.0	13.3	6.7	4.9	-8.4	13.3	
0.92188	0.3	8453	20.0	13.3	6.7	4.9	-8.4	13.3	
0.92578	0.3	8453	20.0	13.3	6.7	4.9	-8.4	13.3	
0.92969	0.3	8453	20.0	13.3	6.7	4.9	-8.4	13.3	
0.93359	0.3	8453	20.0	13.3	6.7	4.9	-8.4	13.3	
0.93750	0.3	8453	19.9	13.3	6.6	4.9	-8.4	13.3	
0.94141	0.3	8453	19.9	13.3	6.6	4.9	-8.4	13.3	
0.94531	0.3	8453	19.9	13.3	6.6	4.9	-8.4	13.3	
0.94922	0.2	8453	19.9	13.3	6.6	4.9	-8.4	13.3	
0.95312	0.2	8453	19.9	13.3	6.6	4.9	-8.4	13.3	
0.95703	0.3	8453	19.9	13.3	6.6	4.9	-8.4	13.3	
0.96094	0.2	8453	19.9	13.3	6.6	4.9	-8.4	13.3	
0.96484	0.2	8453	19.9	13.3	6.6	4.9	-8.4	13.3	
0.96875	0.2	8453	19.9	13.4	6.5	4.9	-8.5	13.4	
0.97266	0.2	8453	19.9	13.3	6.6	4.9	-8.4	13.3	
0.97656	0.2	8453	20.0	13.4	6.6	4.9	-8.5	13.4	
0.98047	0.2	8453	20.0	13.4	6.6	4.9	-8.5	13.4	
0.98438	0.2	8453	20.0	13.4	6.6	4.9	-8.5	13.4	
0.98828	0.2	8453	20.0	13.4	6.6	4.9	-8.5	13.4	
0.99219	0.2	8453	20.0	13.4	6.6	4.9	-8.5	13.4	
0.99609	0.3	8453	20.0	13.4	6.6	4.9	-8.5	13.4	
1.00000	0.2	8453	20.0	13.4	6.6	4.9	-8.5	13.4	
1.00391	0.2	8453	20.0	13.4	6.6	4.9	-8.5	13.4	
1.00781	0.2	8454	20.0	13.4	6.6	4.9	-8.5	13.4	
1.01172	0.2	8454	20.0	13.4	6.6	4.9	-8.5	13.4	
1.01562	0.2	8454	20.1	13.4	6.7	4.9	-8.5	13.4	
1.01953	0.3	8454	20.1	13.4	6.7	4.9	-8.5	13.4	
1.02344	0.3	8454	20.1	13.4	6.7	4.9	-8.5	13.4	
1.02734	0.2	8454	20.1	13.4	6.7	4.9	-8.5	13.4	
1.03125	0.3	8454	20.1	13.4	6.7	4.9	-8.5	13.4	
1.03516	0.3	8454	20.1	13.4	6.7	4.9	-8.5	13.4	
1.03906	0.3	8454	20.1	13.4	6.7	4.9	-8.5	13.4	
1.04297	0.3	8454	20.0	13.4	6.6	4.9	-8.5	13.4	
1.04688	0.4	8454	20.0	13.4	6.6	4.9	-8.5	13.4	
1.05078	0.3	8454	20.0	13.4	6.6	4.9	-8.5	13.4	
1.05469	0.3	8454	20.0	13.4	6.6	4.9	-8.5	13.4	
1.05859	0.4	8454	20.0	13.4	6.6	4.9	-8.5	13.4	
1.06250	0.3	8454	20.0	13.4	6.6	4.9	-8.5	13.4	
1.06641	0.3	8454	19.9	13.4	6.5	4.9	-8.5	13.4	
1.07031	0.3	8454	19.9	13.4	6.5	4.9	-8.5	13.4	
1.07422	0.2	8454	19.9	13.4	6.5	4.9	-8.5	13.4	
1.07812	0.2	8454	19.9	13.4	6.5	4.9	-8.5	13.4	
1.08203	0.1	8454	20.0	13.4	6.6	4.9	-8.5	13.4	
1.08594	-0.0	8454	20.0	13.4	6.6	4.9	-8.5	13.4	
1.08984	-0.1	8454	20.0	13.4	6.6	4.9	-8.5	13.4	
1.09375	-0.1	8454	20.1	13.4	6.7	4.9	-8.5	13.4	
1.09766	-0.2	8454	20.1	13.4	6.7	5.0	-8.4	13.4	
1.10156	-0.3	8454	20.2	13.4	6.8	5.0	-8.4	13.4	
1.10547	-0.3	8454	20.2	13.4	6.8	5.0	-8.4	13.4	
1.10938	-0.4	8454	20.3	13.4	6.9	5.0	-8.4	13.4	
1.11328	-0.4	8454	20.4	13.4	7.0	5.0	-8.4	13.4	
1.11719	-0.3	8454	20.4	13.4	7.0	5.0	-8.4	13.4	
1.12109	-0.3	8454	20.5	13.4	7.1	5.0	-8.4	13.4	
1.12500	-0.2	8454	20.6	13.4	7.2	5.0	-8.4	13.4	
1.12891	-0.1	8454	20.6	13.4	7.2	5.0	-8.4	13.4	
1.13281	0.0	8454	20.7	13.4	7.3	5.0	-8.4	13.4	
1.13672	0.1	8454	20.7	13.4	7.3	5.0	-8.4	13.4	
1.14062	0.2	8454	20.7	13.4	7.3	5.0	-8.4	13.4	
1.14453	0.3	8454	20.7	13.4	7.3	5.0	-8.4	13.4	
1.14844	0.3	8454	20.7	13.4	7.3	5.0	-8.4	13.4	
1.15234	0.4	8454	20.7	13.4	7.3	5.0	-8.4	13.4	
1.15625	0.5	8454	20.6	13.4	7.2	5.0	-8.4	13.4	
1.16016	0.5	8454	20.6	13.4	7.2	5.0	-8.4	13.4	
1.16406	0.5	8454	20.6	13.4	7.2	5.0	-8.4	13.4	
1.16797	0.6	8454	20.6	13.4	7.2	5.0	-8.4	13.4	
1.17188	0.5	8454	20.5	13.4	7.1	5.0	-8.4	13.4	
1.17578	0.5	8454	20.5	13.4	7.1	5.0	-8.4	13.4	
1.17969	0.5	8454	20.5	13.4	7.1	5.0	-8.4	13.4	
1.18359	0.5	8454	20.4	13.4	7.0	5.0	-8.4	13.4	
1.18750	0.4	8454	20.4	13.4	7.0	5.0	-8.4	13.4	
1.19141	0.3	8454	20.4	13.4	7.0	5.0	-8.4	13.4	
1.19531	0.3	8454	20.4	13.4	7.0	5.0	-8.4	13.4	
1.19922	0.3	8454	20.4	13.4	7.0	5.0	-8.4	13.4	
1.20312	0.2	8454	20.4	13.4	7.0	5.0	-8.4	13.4	
1.20703	0.2	8454	20.4	13.4	7.0	5.0	-8.4	13.4	
1.21094	0.2	8454	20.4	13.4	7.0	5.0	-8.4	13.4	
1.21484	0.1	8454	20.4	13.4	7.0	5.0	-8.4	13.4	
1.21875	0.1	8454	20.4	13.4	7.0	5.0	-8.4	13.4	
1.22266	0.1	8454	20.4	13.4	7.0	5.0	-8.4	13.4	
1.22656	0.1	8454	20.5	13.4	7.1	5.0	-8.4	13.4	
1.23047	0.2	8454	20.5	13.4	7.1	5.0	-8.4	13.4	
1.23438	0.1	8454	20.5	13.4	7.1	5.0	-8.4	13.4	
1.23828	0.2	8454	20.5	13.4	7.1	5.0	-8.4	13.4	
1.24219	0.2	8454	20.5	13.4	7.1	5.0	-8.4	13.4	
1.24609	0.2	8454	20.6	13.4	7.2	5.0	-8.4	13.4	
1.25000	0.3	8454	20.5	13.4	7.1	5.0	-8.4	13.4	
1.25391	0.3	8454	20.6	13.4	7.2	5.0	-8.4	13.4	
1.25781	0.3	8454	20.6	13.4	7.2	5.0	-8.4	13.4	
1.26172	0.3	8454	20.5	13.4	7.1	5.0	-8.4	13.4	
1.26562	0.3	8454	20.5	13.4	7.1	5.0	-8.4	13.4	
1.26953	0.4	8454	20.5	13.4	7.1	5.0	-8.4	13.4	
1.27344	0.4	8454	20.5	13.4	7.1	5.0	-8.4	13.4	
1.27734	0.4	8454	20.5	13.4	7.1	5.0	-8.4	13.4	
1.28125	0.4	8454	20.4	13.4	7.0	5.0	-8.4	13.4	
1.28516	0.4	8454	20.4	13.4	7.0	5.0	-8.4	13.4	
1.28906	0.4	8454	20.4	13.4	7.0	5.0	-8.4	13.4	
1.29297	0.4	8455	20.3	13.4	6.9	5.0	-8.4	13.4	
1.29688	0.4	8455	20.3	13.4	6.9	5.0	-8.4	13.4	
1.30078	0.3	8455	20.3	13.4	6.9	5.0	-8.4	13.4	
1.30469	0.3	8455	20.3	13.4	6.9	5.0	-8.4	13.4	
1.30859	0.3	8455	20.3	13.5	6.8	5.0	-8.5	13.5	
1.31250	0.3	8455	20.2	13.5	6.7	5.0	-8.5	13.5	
1.31641	0.3	8455	20.2	13.5	6.7	5.0	-8.5	13.5	
1.32031	0.3	8455	20.2	13.5	6.7	5.0	-8.5	13.5	
1.32422	0.2	8455	20.2	13.5	6.7	5.0	-8.5	13.5	
1.32812	0.2	8455	20.2	13.5	6.7	5.0	-8.5	13.5	
1.33203	0.2	8455	20.2	13.5	6.7	5.0	-8.5	13.5	
1.33594	0.2	8455	20.3	13.5	6.8	5.0	-8.5	13.5	
1.33984	0.2	8455	20.3	13.5	6.8	5.0	-8.5	13.5	
1.34375	0.2	8455	20.3	13.5	6.8	5.0	-8.5	13.5	
1.34766	0.2	8455	20.3	13.5	6.8	5.0	-8.5	13.5	
1.35156	0.2	8455	20.3	13.5	6.8	5.0	-8.5	13.5	
1.35547	0.3	8455	20.3	13.5	6.8	5.0	-8.5	13.5	
1.35938	0.3	8455	20.3	13.5	6.8	5.0	-8.5	13.5	
1.36328	0.2	8455	20.3	13.5	6.8	5.0	-8.5	13.5	
1.36719	0.3	8455	20.3	13.5	6.8	5.0	-8.5	13.5	
1.37109	0.3	8455	20.3	13.5	6.8	5.0	-8.5	13.5	
1.37500	0.3	8455	20.2	13.5	6.7	5.0	-8.5	13.5	
1.37891	0.3	8455	20.2	13.5	6.7	5.0	-8.5	13.5	
1.38281	0.3	8455	20.3	13.5	6.8	5.0	-8.5	13.5	
1.38672	0.3	8455	20.2	13.5	6.7	5.0	-8.5	13.5	
1.39062	0.3	8455	20.2	13.5	6.7	5.0	-8.5	13.5	
1.39453	0.3	8455	20.2	13.5	6.7	5.0	-8.5	13.5	
1.39844	0.3	8455	20.2	13.5	6.7	5.0	-8.5	13.5	
1.40234	0.3	8455	20.2	13.5	6.7	5.0	-8.5	13.5	
1.40625	0.3	8455	20.2	13.5	6.7	5.0	-8.5	13.5	
1.41016	0.2	8455	20.2	13.5	6.7	5.0	-8.5	13.5	
1.41406	0.2	8455	20.2	13.5	6.7	5.0	-8.5	13.5	
1.41797	0.2	8455	20.2	13.5	6.7	5.0	-8.5	13.5	
1.42188	0.2	8455	20.2	13.5	6.7	5.0	-8.5	13.5	
1.42578	0.2	8455	20.2	13.5	6.7	5.0	-8.5	13.5	
1.42969	0.2	8455	20.2	13.5	6.7	5.0	-8.5	13.5	
1.43359	0.2	8455	20.2	13.5	6.7	5.0	-8.5	13.5	
1.43750	0.2	8455	20.2	13.5	6.7	5.0	-8.5	13.5	
1.44141	0.2	8455	20.3	13.5	6.8	5.0	-8.5	13.5	
1.44531	0.2	8455	20.3	13.5	6.8	5.0	-8.5	13.5	
1.44922	0.2	8455	20.3	13.5	6.8	5.0	-8.5	13.5	
1.45312	0.2	8455	20.3	13.5	6.8	5.0	-8.5	13.5	
1.45703	0.2	8455	20.3	13.6	6.7	5.0	-8.6	13.6	
1.46094	0.2	8455	20.3	13.6	6.7	5.0	-8.6	13.6	
1.46484	0.2	8455	20.4	13.6	6.8	5.0	-8.6	13.6	
1.46875	0.2	8455	20.4	13.6	6.8	5.0	-8.6	13.6	
1.47266	0.2	8455	20.4	13.6	6.8	5.0	-8.6	13.6	
1.47656	0.2	8455	20.4	13.6	6.8	5.0	-8.6	13.6	
1.48047	0.2	8455	20.4	13.6	6.8	5.0	-8.6	13.6	
1.48438	0.2	8455	20.4	13.6	6.8	5.0	-8.6	13.6	
1.48828	0.2	8455	20.4	13.6	6.8	5.0	-8.6	13.6	
1.49219	0.2	8455	20.4	13.6	6.8	5.0	-8.6	13.6	
1.49609	0.2	8455	20.4	13.6	6.8	5.0	-8.6	13.6	
1.50000	0.3	8455	20.4	13.6	6.8	5.0	-8.6	13.6	
1.50391	0.3	8455	20.4	13.6	6.8	5.0	-8.6	13.6	
1.50781	0.2	8455	20.5	13.6	6.9	5.0	-8.6	13.6	
1.51172	0.2	8455	20.5	13.6	6.9	5.0	-8.6	13.6	
1.51562	0.2	8455	20.5	13.6	6.9	5.0	-8.6	13.6	
1.51953	0.3	8455	20.5	13.6	6.9	5.0	-8.6	13.6	
1.52344	0.3	8455	20.5	13.6	6.9	5.0	-8.6	13.6	
1.52734	0.3	8455	20.5	13.6	6.9	5.0	-8.6	13.6	
1.53125	0.2	8455	20.5	13.6	6.9	5.0	-8.6	13.6	
1.53516	0.2	8455	20.5	13.6	6.9	5.0	-8.6	13.6	
1.53906	0.2	8455	20.5	13.6	6.9	5.0	-8.6	13.6	
1.54297	0.2	8456	20.5	13.6	6.9	5.0	-8.6	13.6	
1.54688	0.2	8456	20.5	13.6	6.9	5.0	-8.6	13.6	
1.55078	0.2	8456	20.5	13.7	6.8	5.0	-8.7	13.7	
1.55469	0.2	8456	20.5	13.7	6.8	5.0	-8.7	13.7	
1.55859	0.2	8456	20.5	13.7	6.8	5.0	-8.7	13.7	
1.56250	0.2	8456	20.5	13.7	6.8	5.0	-8.7	13.7	
1.56641	0.3	8456	20.5	13.7	6.8	5.0	-8.7	13.7	
1.57031	0.3	8456	20.5	13.6	6.9	5.0	-8.6	13.6	
1.57422	0.2	8456	20.6	13.7	6.9	5.0	-8.7	13.7	
1.57812	0.2	8456	20.6	13.7	6.9	5.0	-8.7	13.7	
1.58203	0.3	8456	20.5	13.7	6.8	5.0	-8.7	13.7	
1.58594	0.3	8456	20.6	13.7	6.9	5.0	-8.7	13.7	
1.58984	0.3	8456	20.6	13.7	6.9	5.0	-8.7	13.7	
1.59375	0.3	8456	20.6	13.7	6.9	5.0	-8.7	13.7	
1.59766	0.2	8456	20.6	13.7	6.9	5.0	-8.7	13.7	
1.60156	0.2	8456	20.6	13.7	6.9	5.0	-8.7	13.7	
1.60547	0.3	8456	20.6	13.7	6.9	5.0	-8.7	13.7	
1.60938	0.3	8456	20.6	13.7	6.9	5.0	-8.7	13.7	
1.61328	0.2	8456	20.6	13.7	6.9	5.0	-8.7	13.7	
1.61719	0.2	8456	20.6	13.7	6.9	5.0	-8.7	13.7	
1.62109	0.3	8456	20.6	13.7	6.9	5.0	-8.7	13.7	
1.62500	0.3	8456	20.5	13.7	6.8	5.0	-8.7	13.7	
1.62891	0.3	8456	20.6	13.7	6.9	5.0	-8.7	13.7	
1.63281	0.3	8456	20.6	13.7	6.9	5.0	-8.7	13.7	
1.63672	0.3	8456	20.6	13.7	6.9	5.0	-8.7	13.7	
1.64062	0.3	8456	20.6	13.7	6.9	5.0	-8.7	13.7	
1.64453	0.2	8456	20.6	13.7	6.9	5.0	-8.7	13.7	
1.64844	0.2	8456	20.6	13.7	6.9	5.0	-8.7	13.7	
1.65234	0.2	8456	20.6	13.7	6.9	5.0	-8.7	13.7	
1.65625	0.2	8456	20.6	13.7	6.9	5.0	-8.7	13.7	
1.66016	0.3	8456	20.6	13.7	6.9	5.0	-8.7	13.7	
1.66406	0.2	8456	20.6	13.7	6.9	5.0	-8.7	13.7	
1.66797	0.2	8456	20.6	13.7	6.9	5.0	-8.7	13.7	
1.67188	0.2	8456	20.6	13.7	6.9	5.0	-8.7	13.7	
1.67578	0.2	8456	20.6	13.7	6.9	5.0	-8.7	13.7	
1.67969	0.2	8456	20.6	13.7	6.9	5.0	-8.7	13.7	
1.68359	0.3	8456	20.6	13.7	6.9	5.0	-8.7	13.7	
1.68750	0.2	8456	20.6	13.7	6.9	5.0	-8.7	13.7	
1.69141	0.2	8456	20.6	13.7	6.9	5.0	-8.7	13.7	
1.69531	0.3	8456	20.6	13.8	6.8	5.0	-8.8	13.8	
1.69922	0.3	8456	20.6	13.8	6.8	5.0	-8.8	13.8	
1.70312	0.2	8456	20.6	13.8	6.8	5.0	-8.8	13.8	
1.70703	0.2	8456	20.6	13.8	6.8	5.0	-8.8	13.8	
1.71094	0.2	8456	20.6	13.8	6.8	5.0	-8.8	13.8	
1.71484	0.2	8456	20.7	13.8	6.9	5.0	-8.8	13.8	
1.71875	0.2	8456	20.7	13.8	6.9	5.0	-8.8	13.8	
1.72266	0.2	8456	20.7	13.8	6.9	5.0	-8.8	13.8	
1.72656	0.2	8456	20.7	13.8	6.9	5.0	-8.8	13.8	
1.73047	0.2	8456	20.7	13.8	6.9	5.0	-8.8	13.8	
1.73438	0.2	8456	20.7	13.8	6.9	5.0	-8.8	13.8	
1.73828	0.2	8456	20.7	13.8	6.9	5.0	-8.8	13.8	
1.74219	0.2	8456	20.7	13.8	6.9	5.0	-8.8	13.8	
1.74609	0.3	8456	20.7	13.8	6.9	5.0	-8.8	13.8	
1.75000	0.3	8456	20.7	13.8	6.9	5.0	-8.8	13.8	
1.75391	0.3	8456	20.7	13.8	6.9	5.0	-8.8	13.8	
1.75781	0.3	8456	20.7	13.8	6.9	5.0	-8.8	13.8	
1.76172	0.4	8456	20.7	13.8	6.9	5.0	-8.8	13.8	
1.76562	0.3	8456	20.7	13.8	6.9	5.0	-8.8	13.8	
1.76953	0.3	8456	20.7	13.8	6.9	5.0	-8.8	13.8	
1.77344	0.3	8456	20.7	13.8	6.9	5.0	-8.8	13.8	
1.77734	0.3	8456	20.6	13.8	6.8	5.0	-8.8	13.8	
1.78125	0.4	8456	20.6	13.8	6.8	5.0	-8.8	13.8	
1.78516	0.3	8457	20.6	13.8	6.8	5.0	-8.8	13.8	
1.78906	0.3	8457	20.6	13.8	6.8	5.0	-8.8	13.8	
1.79297	0.2	8457	20.6	13.8	6.8	5.0	-8.8	13.8	
1.79688	0.2	8457	20.6	13.8	6.8	5.0	-8.8	13.8	
1.80078	0.1	8457	20.6	13.8	6.8	5.0	-8.8	13.8	
1.80469	-0.0	8457	20.7	13.8	6.9	5.0	-8.8	13.8	
1.80859	-0.1	8457	20.7	13.8	6.9	5.0	-8.8	13.8	
1.81250	-0.2	8457	20.8	13.8	7.0	5.0	-8.8	13.8	
1.81641	-0.3	8457	20.8	13.8	7.0	5.0	-8.8	13.8	
1.82031	-0.3	8457	20.9	13.8	7.1	5.0	-8.8	13.8	
1.82422	-0.4	8456	21.0	13.8	7.2	5.0	-8.8	13.8	
1.82812	-0.3	8456	21.0	13.8	7.2	5.0	-8.8	13.8	
1.83203	-0.3	8456	21.1	13.8	7.3	5.0	-8.8	13.8	
1.83594	-0.3	8456	21.1	13.8	7.3	5.0	-8.8	13.8	
1.83984	-0.2	8456	21.2	13.8	7.4	5.0	-8.8	13.8	
1.84375	-0.2	8456	21.3	13.8	7.5	5.0	-8.8	13.8	
1.84766	-0.1	8456	21.3	13.8	7.5	5.0	-8.8	13.8	
1.85156	-0.0	8456	21.3	13.8	7.5	5.0	-8.8	13.8	
1.85547	0.1	8456	21.3	13.8	7.5	5.0	-8.8	13.8	
1.85938	0.2	8456	21.4	13.8	7.6	5.0	-8.8	13.8	
1.86328	0.3	8456	21.4	13.8	7.6	5.0	-8.8	13.8	
1.86719	0.4	8456	21.3	13.8	7.5	5.0	-8.8	13.8	
1.87109	0.4	8456	21.3	13.8	7.5	5.0	-8.8	13.8	
1.87500	0.5	8457	21.3	13.8	7.5	5.0	-8.8	13.8	
1.87891	0.5	8457	21.3	13.8	7.5	5.0	-8.8	13.8	
1.88281	0.5	8457	21.2	13.8	7.4	5.0	-8.8	13.8	
1.88672	0.5	8457	21.2	13.8	7.4	5.0	-8.8	13.8	
1.89062	0.5	8457	21.2	13.8	7.4	5.0	-8.8	13.8	
1.89453	0.5	8457	21.1	13.8	7.3	5.0	-8.8	13.8	
1.89844	0.4	8457	21.1	13.8	7.3	5.0	-8.8	13.8	
1.90234	0.4	8457	21.1	13.8	7.3	5.0	-8.8	13.8	
1.90625	0.4	8457	21.0	13.8	7.2	5.0	-8.8	13.8	
1.91016	0.3	8457	21.0	13.8	7.2	5.0	-8.8	13.8	
1.91406	0.3	8457	21.0	13.8	7.2	5.0	-8.8	13.8	
1.91797	0.3	8457	21.0	13.8	7.2	5.0	-8.8	13.8	
1.92188	0.2	8457	21.0	13.8	7.2	5.0	-8.8	13.8	
1.92578	0.2	8457	21.0	13.8	7.2	5.0	-8.8	13.8	
1.92969	0.2	8457	21.0	13.8	7.2	5.0	-8.8	13.8	
1.93359	0.2	8457	21.0	13.8	7.2	5.0	-8.8	13.8	
1.93750	0.2	8457	21.0	13.8	7.2	5.0	-8.8	13.8	
1.94141	0.2	8457	21.1	13.8	7.3	5.0	-8.8	13.8	
1.94531	0.2	8457	21.1	13.9	7.2	5.0	-8.9	13.9	
1.94922	0.2	8457	21.1	13.9	7.2	5.0	-8.9	13.9	
1.95312	0.2	8457	21.1	13.8	7.3	5.0	-8.8	13.8	
1.95703	0.2	8457	21.1	13.8	7.3	5.0	-8.8	13.8	
1.96094	0.2	8457	21.1	13.9	7.2	5.0	-8.9	13.9	
1.96484	0.3	8457	21.1	13.9	7.2	5.0	-8.9	13.9	
1.96875	0.3	8457	21.1	13.9	7.2	5.0	-8.9	13.9	
1.97266	0.3	8457	21.1	13.9	7.2	5.0	-8.9	13.9	
1.97656	0.4	8457	21.1	13.9	7.2	5.0	-8.9	13.9	
1.98047	0.4	8457	21.1	13.9	7.2	5.0	-8.9	13.9	
1.98438	0.4	8457	21.0	13.9	7.1	5.0	-8.9	13.9	
1.98828	0.5	8457	21.0	13.9	7.1	5.0	-8.9	13.9	
1.99219	0.4	8457	21.0	13.9	7.1	5.0	-8.9	13.9	
1.99609	0.5	8457	21.0	13.9	7.1	5.0	-8.9	13.9	
2.00000	0.5	8457	20.9	13.9	7.0	5.0	-8.9	13.9	
2.00391	0.5	8457	20.9	13.9	7.0	5.0	-8.9	13.9	
2.00781	0.4	8457	20.9	13.9	7.0	5.0	-8.9	13.9	
2.01172	0.4	8457	20.8	13.9	6.9	5.0	-8.9	13.9	
2.01562	0.4	8457	20.8	13.9	6.9	5.0	-8.9	13.9	
2.01953	0.3	8457	20.8	13.9	6.9	5.0	-8.9	13.9	
2.02344	0.3	8457	20.8	13.9	6.9	5.0	-8.9	13.9	
2.02734	0.3	8457	20.8	13.9	6.9	5.0	-8.9	13.9	
2.03125	0.2	8457	20.8	13.9	6.9	5.0	-8.9	13.9	
2.03516	0.2	8457	20.8	13.9	6.9	5.0	-8.9	13.9	
2.03906	0.2	8457	20.7	13.9	6.8	5.0	-8.9	13.9	
2.04297	0.2	8457	20.8	13.9	6.9	5.0	-8.9	13.9	
2.04688	0.2	8457	20.8	13.9	6.9	5.0	-8.9	13.9	
2.05078	0.2	8457	20.8	13.9	6.9	5.0	-8.9	13.9	
2.05469	0.2	8457	20.8	13.9	6.9	5.0	-8.9	13.9	
2.05859	0.2	8457	20.8	13.9	6.9	5.0	-8.9	13.9	
2.06250	0.2	8458	20.8	13.9	6.9	5.0	-8.9	13.9	
2.06641	0.2	8458	20.8	13.9	6.9	5.0	-8.9	13.9	
2.07031	0.3	8458	20.8	13.9	6.9	5.0	-8.9	13.9	
2.07422	0.3	8458	20.8	13.9	6.9	5.0	-8.9	13.9	
2.07812	0.3	8458	20.8	13.9	6.9	5.0	-8.9	13.9	
2.08203	0.3	8458	20.8	13.9	6.9	5.0	-8.9	13.9	
2.08594	0.3	8458	20.8	13.9	6.9	5.0	-8.9	13.9	
2.08984	0.3	8458	20.8	14.0	6.8	5.0	-9.0	14.0	
2.09375	0.3	8458	20.8	13.9	6.9	5.0	-8.9	13.9	
2.09766	0.3	8458	20.8	14.0	6.8	5.0	-9.0	14.0	
2.10156	0.3	8458	20.8	14.0	6.8	5.0	-9.0	14.0	
2.10547	0.3	8458	20.7	14.0	6.7	5.0	-9.0	14.0	
2.10938	0.3	8458	20.7	14.0	6.7	5.0	-9.0	14.0	
2.11328	0.3	8458	20.7	14.0	6.7	5.0	-9.0	14.0	
2.11719	0.3	8458	20.7	14.0	6.7	5.0	-9.0	14.0	
2.12109	0.3	8458	20.7	14.0	6.7	5.0	-9.0	14.0	
2.12500	0.3	8458	20.7	14.0	6.7	5.0	-9.0	14.0	
2.12891	0.3	8458	20.7	14.0	6.7	5.0	-9.0	14.0	
2.13281	0.2	8458	20.7	14.0	6.7	5.0	-9.0	14.0	
2.13672	0.2	8458	20.7	14.0	6.7	5.0	-9.0	14.0	
2.14062	0.2	8458	20.7	14.0	6.7	5.0	-9.0	14.0	
2.14453	0.2	8458	20.7	14.0	6.7	5.0	-9.0	14.0	
2.14844	0.2	8458	20.7	14.0	6.7	5.0	-9.0	14.0	
2.15234	0.2	8458	20.7	14.0	6.7	5.0	-9.0	14.0	
2.15625	0.2	8458	20.7	14.0	6.7	5.0	-9.0	14.0	
2.16016	0.2	8458	20.7	14.0	6.7	5.0	-9.0	14.0	
2.16406	0.2	8458	20.7	14.0	6.7	5.0	-9.0	14.0	
2.16797	0.2	8458	20.8	14.0	6.8	5.0	-9.0	14.0	
2.17188	0.2	8458	20.8	14.0	6.8	5.0	-9.0	14.0	
2.17578	0.2	8458	20.8	14.0	6.8	5.0	-9.0	14.0	
2.17969	0.2	8458	20.8	14.0	6.8	5.0	-9.0	14.0	
2.18359	0.2	8458	20.8	14.0	6.8	5.0	-9.0	14.0	
2.18750	0.2	8458	20.8	14.0	6.8	5.0	-9.0	14.0	
2.19141	0.2	8458	20.8	14.0	6.8	5.0	-9.0	14.0	
2.19531	0.2	8458	20.9	14.0	6.9	5.0	-9.0	14.0	
2.19922	0.2	8458	20.9	14.0	6.9	5.0	-9.0	14.0	
2.20312	0.2	8458	20.9	14.0	6.9	5.0	-9.0	14.0	
2.20703	0.2	8458	20.9	14.0	6.9	5.0	-9.0	14.0	
2.21094	0.3	8458	20.9	14.0	6.9	5.0	-9.0	14.0	
2.21484	0.3	8458	20.9	14.0	6.9	5.0	-9.0	14.0	
2.21875	0.2	8458	20.9	14.1	6.8	5.0	-9.1	14.1	
2.22266	0.3	8458	20.9	14.1	6.8	5.0	-9.1	14.1	
2.22656	0.3	8458	20.9	14.1	6.8	5.0	-9.1	14.1	
2.23047	0.3	8458	20.9	14.1	6.8	5.0	-9.1	14.1	
2.23438	0.3	8458	20.9	14.1	6.8	5.0	-9.1	14.1	
2.23828	0.3	8458	20.9	14.1	6.8	5.0	-9.1	14.1	
2.24219	0.2	8458	20.9	14.1	6.8	5.0	-9.1	14.1	
2.24609	0.3	8458	20.9	14.1	6.8	5.0	-9.1	14.1	
2.25000	0.3	8458	20.9	14.1	6.8	5.0	-9.1	14.1	
2.25391	0.3	8458	20.9	14.1	6.8	5.0	-9.1	14.1	
2.25781	0.2	8458	20.9	14.1	6.8	5.0	-9.1	14.1	
2.26172	0.3	8458	20.9	14.1	6.8	5.0	-9.1	14.1	
2.26562	0.3	8458	20.9	14.1	6.8	5.0	-9.1	14.1	
2.26953	0.2	8458	20.9	14.1	6.8	5.0	-9.1	14.1	
2.27344	0.2	8458	20.9	14.1	6.8	5.0	-9.1	14.1	
2.27734	0.2	8458	21.0	14.1	6.9	5.0	-9.1	14.1	
2.28125	0.3	8458	21.0	14.1	6.9	5.0	-9.1	14.1	
2.28516	0.3	8458	20.9	14.1	6.8	5.0	-9.1	14.1	
2.28906	0.3	8458	20.9	14.1	6.8	5.0	-9.1	14.1	
2.29297	0.3	8458	21.0	14.1	6.9	5.0	-9.1	14.1	
2.29688	0.3	8459	20.9	14.1	6.8	5.0	-9.1	14.1	
2.30078	0.3	8459	20.9	14.1	6.8	5.0	-9.1	14.1	
2.30469	0.3	8459	21.0	14.1	6.9	5.0	-9.1	14.1	
2.30859	0.3	8459	21.0	14.1	6.9	5.0	-9.1	14.1	
2.31250	0.3	8459	21.0	14.1	6.9	5.0	-9.1	14.1	
2.31641	0.3	8459	21.0	14.1	6.9	5.0	-9.1	14.1	
2.32031	0.3	8459	20.9	14.1	6.8	5.0	-9.1	14.1	
2.32422	0.3	8459	20.9	14.1	6.8	5.0	-9.1	14.1	
2.32812	0.3	8459	20.9	14.1	6.8	5.0	-9.1	14.1	
2.33203	0.3	8459	20.9	14.1	6.8	5.0	-9.1	14.1	
2.33594	0.3	8459	20.9	14.1	6.8	5.0	-9.1	14.1	
2.33984	0.3	8459	20.9	14.1	6.8	5.0	-9.1	14.1	
2.34375	0.3	8459	20.9	14.1	6.8	5.0	-9.1	14.1	
2.34766	0.3	8459	20.9	14.1	6.8	5.0	-9.1	14.1	
2.35156	0.3	8459	20.9	14.1	6.8	5.0	-9.1	14.1	
2.35547	0.3	8459	20.8	14.1	6.7	5.0	-9.1	14.1	
2.35938	0.3	8459	20.8	14.1	6.7	5.0	-9.1	14.1	
2.36328	0.3	8459	20.8	14.1	6.7	5.0	-9.1	14.1	
2.36719	0.3	8459	20.8	14.1	6.7	5.0	-9.1	14.1	
2.37109	0.3	8459	20.8	14.1	6.7	5.0	-9.1	14.1	
2.37500	0.3	8459	20.8	14.1	6.7	5.0	-9.1	14.1	
2.37891	0.3	8459	20.8	14.1	6.7	5.0	-9.1	14.1	
2.38281	0.3	8459	20.8	14.1	6.7	5.0	-9.1	14.1	
2.38672	0.3	8459	20.8	14.2	6.6	5.0	-9.2	14.2	
2.39062	0.3	8459	20.8	14.2	6.6	5.0	-9.2	14.2	
2.39453	0.2	8459	20.8	14.2	6.6	5.0	-9.2	14.2	
2.39844	0.2	8459	20.8	14.2	6.6	5.0	-9.2	14.2	
2.40234	0.3	8459	20.8	14.2	6.6	5.0	-9.2	14.2	
2.40625	0.2	8459	20.9	14.2	6.7	5.0	-9.2	14.2	
2.41016	0.3	8459	20.9	14.2	6.7	5.0	-9.2	14.2	
2.41406	0.3	8459	20.9	14.2	6.7	5.0	-9.2	14.2	
2.41797	0.2	8459	20.9	14.2	6.7	5.0	-9.2	14.2	
2.42188	0.2	8459	20.9	14.2	6.7	5.0	-9.2	14.2	
2.42578	0.2	8459	20.9	14.2	6.7	5.0	-9.2	14.2	
2.42969	0.3	8459	20.9	14.2	6.7	5.0	-9.2	14.2	
2.43359	0.2	8459	20.9	14.2	6.7	5.0	-9.2	14.2	
2.43750	0.2	8459	20.9	14.2	6.7	5.0	-9.2	14.2	
2.44141	0.2	8459	20.9	14.2	6.7	5.0	-9.2	14.2	
2.44531	0.2	8459	20.9	14.2	6.7	5.0	-9.2	14.2	
2.44922	0.2	8459	20.9	14.2	6.7	5.0	-9.2	14.2	
2.45312	0.3	8459	20.9	14.2	6.7	5.0	-9.2	14.2	
2.45703	0.3	8459	20.9	14.2	6.7	5.0	-9.2	14.2	
2.46094	0.3	8459	20.9	14.2	6.7	5.0	-9.2	14.2	
2.46484	0.3	8459	20.9	14.2	6.7	5.0	-9.2	14.2	
2.46875	0.4	8459	20.9	14.2	6.7	5.0	-9.2	14.2	
2.47266	0.3	8459	20.9	14.2	6.7	5.0	-9.2	14.2	
2.47656	0.3	8459	20.9	14.2	6.7	5.0	-9.2	14.2	
2.48047	0.3	8459	20.9	14.2	6.7	5.0	-9.2	14.2	
2.48438	0.4	8459	20.9	14.2	6.7	5.0	-9.2	14.2	
2.48828	0.3	8459	20.8	14.2	6.6	5.0	-9.2	14.2	
2.49219	0.3	8459	20.8	14.2	6.6	5.0	-9.2	14.2	
2.49609	0.3	8459	20.8	14.2	6.6	5.0	-9.2	14.2	
2.50000	0.3	8459	20.8	14.2	6.6	5.0	-9.2	14.2	
2.50391	0.3	8459	20.8	14.2	6.6	5.0	-9.2	14.2	
2.50781	0.2	8459	20.8	14.2	6.6	5.0	-9.2	14.2	
2.51172	0.1	8459	20.8	14.2	6.6	5.0	-9.2	14.2	
2.51562	0.1	8460	20.9	14.2	6.7	5.0	-9.2	14.2	
2.51953	-0.0	8460	20.9	14.2	6.7	5.0	-9.2	14.2	
2.52344	-0.1	8459	20.9	14.2	6.7	5.0	-9.2	14.2	
2.52734	-0.2	8459	21.0	14.2	6.8	5.0	-9.2	14.2	
2.53125	-0.3	8459	21.0	14.2	6.8	5.0	-9.2	14.2	
2.53516	-0.3	8459	21.1	14.2	6.9	5.0	-9.2	14.2	
2.53906	-0.3	8459	21.2	14.2	7.0	5.0	-9.2	14.2	
2.54297	-0.3	8459	21.2	14.2	7.0	5.0	-9.2	14.2	
2.54688	-0.3	8459	21.3	14.2	7.1	5.0	-9.2	14.2	
2.55078	-0.3	8459	21.3	14.2	7.1	5.0	-9.2	14.2	
2.55469	-0.2	8459	21.4	14.2	7.2	5.0	-9.2	14.2	
2.55859	-0.1	8459	21.5	14.2	7.3	5.0	-9.2	14.2	
2.56250	-0.0	8459	21.5	14.2	7.3	5.0	-9.2	14.2	
2.56641	0.1	8459	21.5	14.2	7.3	5.0	-9.2	14.2	
2.57031	0.2	8459	21.5	14.2	7.3	5.0	-9.2	14.2	
2.57422	0.2	8459	21.5	14.2	7.3	5.0	-9.2	14.2	
2.57812	0.3	8459	21.5	14.2	7.3	5.0	-9.2	14.2	
2.58203	0.4	8459	21.5	14.2	7.3	5.0	-9.2	14.2	
2.58594	0.4	8459	21.5	14.2	7.3	5.0	-9.2	14.2	
2.58984	0.5	8459	21.5	14.2	7.3	5.0	-9.2	14.2	
2.59375	0.5	8460	21.4	14.2	7.2	5.0	-9.2	14.2	
2.59766	0.5	8460	21.4	14.2	7.2	5.0	-9.2	14.2	
2.60156	0.5	8460	21.4	14.2	7.2	5.0	-9.2	14.2	
2.60547	0.6	8460	21.3	14.2	7.1	5.0	-9.2	14.2	
2.60938	0.5	8460	21.3	14.2	7.1	5.0	-9.2	14.2	
2.61328	0.5	8460	21.3	14.2	7.1	5.0	-9.2	14.2	
2.61719	0.4	8460	21.2	14.2	7.0	5.0	-9.2	14.2	
2.62109	0.3	8460	21.2	14.2	7.0	5.0	-9.2	14.2	
2.62500	0.3	8460	21.2	14.2	7.0	5.0	-9.2	14.2	
2.62891	0.2	8460	21.2	14.2	7.0	5.0	-9.2	14.2	
2.63281	0.2	8460	21.2	14.2	7.0	5.0	-9.2	14.2	
2.63672	0.1	8460	21.2	14.2	7.0	5.0	-9.2	14.2	
2.64062	0.1	8460	21.2	14.2	7.0	5.0	-9.2	14.2	
2.64453	0.1	8460	21.2	14.2	7.0	5.0	-9.2	14.2	
2.64844	0.1	8460	21.3	14.2	7.1	5.0	-9.2	14.2	
2.65234	0.1	8460	21.3	14.2	7.1	5.0	-9.2	14.2	
2.65625	0.1	8460	21.3	14.2	7.1	5.0	-9.2	14.2	
2.66016	0.1	8460	21.3	14.2	7.1	5.0	-9.2	14.2	
2.66406	0.1	8460	21.3	14.2	7.1	5.0	-9.2	14.2	
2.66797	0.1	8460	21.4	14.2	7.2	5.0	-9.2	14.2	
2.67188	0.1	8460	21.4	14.2	7.2	5.0	-9.2	14.2	
2.67578	0.2	8460	21.4	14.2	7.2	5.0	-9.2	14.2	
2.67969	0.2	8460	21.4	14.2	7.2	5.0	-9.2	14.2	
2.68359	0.3	8460	21.4	14.2	7.2	5.0	-9.2	14.2	
2.68750	0.3	8460	21.4	14.2	7.2	5.0	-9.2	14.2	
2.69141	0.4	8460	21.4	14.2	7.2	5.0	-9.2	14.2	
2.69531	0.4	8460	21.4	14.2	7.2	5.0	-9.2	14.2	
2.69922	0.4	8460	21.4	14.2	7.2	5.0	-9.2	14.2	
2.70312	0.5	8460	21.3	14.2	7.1	5.0	-9.2	14.2	
2.70703	0.5	8460	21.3	14.2	7.1	5.0	-9.2	14.2	
2.71094	0.5	8460	21.3	14.2	7.1	5.0	-9.2	14.2	
2.71484	0.5	8460	21.2	14.2	7.0	5.0	-9.2	14.2	
2.71875	0.5	8460	21.2	14.2	7.0	5.0	-9.2	14.2	
2.72266	0.5	8460	21.2	14.2	7.0	5.0	-9.2	14.2	
2.72656	0.4	8460	21.1	14.2	6.9	5.0	-9.2	14.2	
2.73047	0.4	8460	21.1	14.2	6.9	5.0	-9.2	14.2	
2.73438	0.3	8460	21.1	14.3	6.8	5.0	-9.3	14.3	
2.73828	0.3	8460	21.1	14.2	6.9	5.0	-9.2	14.2	
2.74219	0.3	8460	21.0	14.2	6.8	5.0	-9.2	14.2	
2.74609	0.3	8460	21.0	14.3	6.7	5.0	-9.3	14.3	
2.75000	0.3	8460	21.0	14.3	6.7	5.0	-9.3	14.3	
2.75391	0.2	8460	21.0	14.2	6.8	5.0	-9.2	14.2	
2.75781	0.2	8460	21.0	14.3	6.7	5.0	-9.3	14.3	
2.76172	0.2	8460	21.0	14.3	6.7	5.0	-9.3	14.3	
2.76562	0.2	8460	21.0	14.2	6.8	5.0	-9.2	14.2	
2.76953	0.2	8460	21.0	14.3	6.7	5.0	-9.3	14.3	
2.77344	0.2	8460	21.1	14.3	6.8	5.0	-9.3	14.3	
2.77734	0.2	8460	21.1	14.3	6.8	5.0	-9.3	14.3	
2.78125	0.2	8460	21.1	14.3	6.8	5.0	-9.3	14.3	
2.78516	0.3	8460	21.1	14.3	6.8	5.0	-9.3	14.3	
2.78906	0.3	8460	21.1	14.3	6.8	5.0	-9.3	14.3	
2.79297	0.3	8460	21.1	14.3	6.8	5.0	-9.3	14.3	
2.79688	0.3	8461	21.1	14.3	6.8	5.0	-9.3	14.3	
2.80078	0.3	8461	21.1	14.3	6.8	5.0	-9.3	14.3	
2.80469	0.3	8461	21.1	14.3	6.8	5.0	-9.3	14.3	
2.80859	0.3	8461	21.1	14.3	6.8	5.0	-9.3	14.3	
2.81250	0.3	8461	21.0	14.3	6.7	5.0	-9.3	14.3	
2.81641	0.3	8461	21.0	14.3	6.7	5.0	-9.3	14.3	
2.82031	0.3	8461	21.0	14.3	6.7	5.0	-9.3	14.3	
2.82422	0.3	8461	21.0	14.3	6.7	5.0	-9.3	14.3	
2.82812	0.3	8461	21.0	14.3	6.7	5.0	-9.3	14.3	
2.83203	0.3	8461	21.0	14.3	6.7	5.0	-9.3	14.3	
2.83594	0.3	8461	21.0	14.3	6.7	5.0	-9.3	14.3	
2.83984	0.3	8461	20.9	14.3	6.6	5.0	-9.3	14.3	
2.84375	0.3	8461	20.9	14.3	6.6	5.0	-9.3	14.3	
2.84766	0.2	8461	20.9	14.3	6.6	5.0	-9.3	14.3	
2.85156	0.2	8461	20.9	14.3	6.6	5.0	-9.3	14.3	
2.85547	0.2	8461	20.9	14.3	6.6	5.0	-9.3	14.3	
2.85938	0.2	8461	20.9	14.3	6.6	5.0	-9.3	14.3	
2.86328	0.2	8461	20.9	14.3	6.6	5.0	-9.3	14.3	
2.86719	0.2	8461	21.0	14.3	6.7	5.0	-9.3	14.3	
2.87109	0.2	8461	21.0	14.3	6.7	5.0	-9.3	14.3	
2.87500	0.2	8461	21.0	14.3	6.7	5.0	-9.3	14.3	
2.87891	0.2	8461	21.0	14.3	6.7	5.0	-9.3	14.3	
2.88281	0.2	8461	21.0	14.3	6.7	5.0	-9.3	14.3	
2.88672	0.2	8461	21.0	14.3	6.7	5.0	-9.3	14.3	
2.89062	0.2	8461	21.0	14.3	6.7	5.0	-9.3	14.3	
2.89453	0.2	8461	21.0	14.4	6.6	5.0	-9.4	14.4	
2.89844	0.2	8461	21.0	14.4	6.6	5.0	-9.4	14.4	
2.90234	0.2	8461	21.1	14.4	6.7	5.0	-9.4	14.4	
2.90625	0.2	8461	21.1	14.4	6.7	5.0	-9.4	14.4	
2.91016	0.3	8461	21.1	14.4	6.7	5.0	-9.4	14.4	
2.91406	0.2	8461	21.1	14.4	6.7	5.0	-9.4	14.4	
2.91797	0.3	8461	21.1	14.4	6.7	5.0	-9.4	14.4	
2.92188	0.3	8461	21.1	14.4	6.7	5.0	-9.4	14.4	
2.92578	0.2	8461	21.1	14.4	6.7	5.0	-9.4	14.4	
2.92969	0.3	8461	21.1	14.4	6.7	5.0	-9.4	14.4	
2.93359	0.3	8461	21.1	14.4	6.7	5.0	-9.4	14.4	
2.93750	0.2	8461	21.1	14.4	6.7	5.0	-9.4	14.4	
2.94141	0.3	8461	21.1	14.4	6.7	5.0	-9.4	14.4	
2.94531	0.2	8461	21.1	14.4	6.7	5.0	-9.4	14.4	
2.94922	0.2	8461	21.1	14.4	6.7	5.0	-9.4	14.4	
2.95312	0.3	8461	21.1	14.4	6.7	5.0	-9.4	14.4	
2.95703	0.3	8461	21.1	14.4	6.7	5.0	-9.4	14.4	
2.96094	0.2	8461	21.1	14.4	6.7	5.0	-9.4	14.4	
2.96484	0.2	8461	21.1	14.4	6.7	5.0	-9.4	14.4	
2.96875	0.2	8461	21.1	14.4	6.7	5.0	-9.4	14.4	
2.97266	0.2	8461	21.1	14.4	6.7	5.0	-9.4	14.4	
2.97656	0.2	8461	21.1	14.4	6.7	5.0	-9.4	14.4	
2.98047	0.2	8461	21.1	14.4	6.7	5.0	-9.4	14.4	
2.98438	0.2	8461	21.1	14.4	6.7	5.0	-9.4	14.4	
2.98828	0.2	8461	21.1	14.4	6.7	5.0	-9.4	14.4	
2.99219	0.2	8461	21.1	14.4	6.7	5.0	-9.4	14.4	
2.99609	0.3	8461	21.1	14.4	6.7	5.0	-9.4	14.4	
3.00000	0.2	8461	21.1	14.4	6.7	5.0	-9.4	14.4	
3.00391	0.3	8461	21.1	14.4	6.7	5.0	-9.4	14.4	
3.00781	0.3	8461	21.1	14.4	6.7	5.0	-9.4	14.4	
3.01172	0.3	8461	21.1	14.4	6.7	5.0	-9.4	14.4	
3.01562	0.3	8461	21.1	14.4	6.7	5.0	-9.4	14.4	
3.01953	0.3	8461	21.1	14.4	6.7	5.0	-9.4	14.4	
3.02344	0.3	8461	21.1	14.4	6.7	5.0	-9.4	14.4	
3.02734	0.3	8461	21.1	14.4	6.7	5.0	-9.4	14.4	
3.03125	0.3	8461	21.1	14.4	6.7	5.0	-9.4	14.4	
3.03516	0.3	8462	21.1	14.4	6.7	5.0	-9.4	14.4	
3.03906	0.3	8462	21.1	14.4	6.7	5.0	-9.4	14.4	
3.04297	0.3	8462	21.1	14.4	6.7	5.0	-9.4	14.4	
3.04688	0.3	8462	21.1	14.4	6.7	5.0	-9.4	14.4	
3.05078	0.3	8462	21.0	14.4	6.6	5.0	-9.4	14.4	
3.05469	0.3	8462	21.0	14.4	6.6	5.0	-9.4	14.4	
3.05859	0.3	8462	21.0	14.4	6.6	5.0	-9.4	14.4	
3.06250	0.3	8462	21.0	14.4	6.6	5.0	-9.4	14.4	
3.06641	0.3	8462	21.0	14.4	6.6	5.0	-9.4	14.4	
3.07031	0.3	8462	21.0	14.4	6.6	5.0	-9.4	14.4	
3.07422	0.2	8462	21.0	14.4	6.6	5.0	-9.4	14.4	
3.07812	0.3	8462	21.0	14.4	6.6	5.0	-9.4	14.4	
3.08203	0.3	8462	21.0	14.4	6.6	5.0	-9.4	14.4	
3.08594	0.2	8462	21.0	14.4	6.6	5.0	-9.4	14.4	
3.08984	0.2	8462	21.0	14.4	6.6	5.0	-9.4	14.4	
3.09375	0.2	8462	21.0	14.4	6.6	5.0	-9.4	14.4	
3.09766	0.2	8462	21.0	14.4	6.6	5.0	-9.4	14.4	
3.10156	0.2	8462	21.0	14.4	6.6	5.0	-9.4	14.4	
3.10547	0.2	8462	21.0	14.5	6.5	5.0	-9.5	14.5	
3.10938	0.2	8462	21.0	14.4	6.6	5.0	-9.4	14.4	
3.11328	0.2	8462	21.0	14.5	6.5	5.0	-9.5	14.5	
3.11719	0.2	8462	21.0	14.5	6.5	5.0	-9.5	14.5	
3.12109	0.2	8462	21.0	14.5	6.5	5.0	-9.5	14.5	
3.12500	0.2	8462	21.1	14.5	6.6	5.0	-9.5	14.5	
3.12891	0.2	8462	21.1	14.5	6.6	5.0	-9.5	14.5	
3.13281	0.2	8462	21.1	14.5	6.6	5.0	-9.5	14.5	
3.13672	0.2	8462	21.1	14.5	6.6	5.0	-9.5	14.5	
3.14062	0.2	8462	21.1	14.5	6.6	5.0	-9.5	14.5	
3.14453	0.2	8462	21.1	14.5	6.6	5.0	-9.5	14.5	
3.14844	0.2	8462	21.1	14.5	6.6	5.0	-9.5	14.5	
3.15234	0.2	8462	21.2	14.5	6.7	5.0	-9.5	14.5	
3.15625	0.2	8462	21.2	14.5	6.7	5.0	-9.5	14.5	
3.16016	0.3	8462	21.2	14.5	6.7	5.0	-9.5	14.5	
3.16406	0.2	8462	21.2	14.5	6.7	5.0	-9.5	14.5	
3.16797	0.2	8462	21.2	14.5	6.7	5.0	-9.5	14.5	
3.17188	0.3	8462	21.2	14.5	6.7	5.0	-9.5	14.5	
3.17578	0.3	8462	21.2	14.5	6.7	5.0	-9.5	14.5	
3.17969	0.3	8462	21.2	14.5	6.7	5.0	-9.5	14.5	
3.18359	0.3	8462	21.2	14.5	6.7	5.0	-9.5	14.5	
3.18750	0.3	8462	21.2	14.5	6.7	5.0	-9.5	14.5	
3.19141	0.3	8462	21.2	14.5	6.7	5.0	-9.5	14.5	
3.19531	0.4	8462	21.2	14.5	6.7	5.0	-9.5	14.5	
3.19922	0.4	8462	21.1	14.5	6.6	5.0	-9.5	14.5	
3.20312	0.4	8462	21.1	14.5	6.6	5.0	-9.5	14.5	
3.20703	0.4	8462	21.1	14.5	6.6	5.0	-9.5	14.5	
3.21094	0.3	8462	21.1	14.5	6.6	5.0	-9.5	14.5	
3.21484	0.3	8462	21.1	14.5	6.6	5.0	-9.5	14.5	
3.21875	0.3	8462	21.1	14.5	6.6	5.0	-9.5	14.5	
3.22266	0.2	8462	21.1	14.5	6.6	5.0	-9.5	14.5	
3.22656	0.1	8462	21.1	14.5	6.6	5.0	-9.5	14.5	
3.23047	0.0	8462	21.1	14.5	6.6	5.0	-9.5	14.5	
3.23438	-0.1	8462	21.2	14.5	6.7	5.0	-9.5	14.5	
3.23828	-0.2	8462	21.2	14.5	6.7	5.0	-9.5	14.5	
3.24219	-0.3	8462	21.3	14.5	6.8	5.0	-9.5	14.5	
3.24609	-0.4	8462	21.3	14.4	6.9	5.0	-9.4	14.4	
3.25000	-0.5	8462	21.4	14.5	6.9	5.0	-9.5	14.5	
3.25391	-0.6	8462	21.5	14.5	7.0	5.0	-9.5	14.5	
3.25781	-0.6	8462	21.6	14.5	7.1	5.0	-9.5	14.5	
3.26172	-0.6	8462	21.6	14.5	7.1	5.0	-9.5	14.5	
3.26562	-0.5	8462	21.7	14.5	7.2	5.0	-9.5	14.5	
3.26953	-0.4	8462	21.8	14.5	7.3	5.0	-9.5	14.5	
3.27344	-0.3	8462	21.8	14.5	7.3	5.0	-9.5	14.5	
3.27734	-0.3	8462	21.9	14.5	7.4	5.0	-9.5	14.5	
3.28125	-0.1	8462	21.9	14.5	7.4	5.0	-9.5	14.5	
3.28516	-0.0	8462	22.0	14.5	7.5	5.0	-9.5	14.5	
3.28906	0.1	8462	22.0	14.5	7.5	5.0	-9.5	14.5	
3.29297	0.2	8462	22.0	14.5	7.5	5.0	-9.5	14.5	
3.29688	0.3	8462	22.0	14.5	7.5	5.0	-9.5	14.5	
3.30078	0.4	8462	22.0	14.5	7.5	5.0	-9.5	14.5	
3.30469	0.4	8462	22.0	14.5	7.5	5.0	-9.5	14.5	
3.30859	0.5	8462	21.9	14.5	7.4	5.0	-9.5	14.5	
3.31250	0.5	8462	21.9	14.5	7.4	5.0	-9.5	14.5	
3.31641	0.5	8462	21.9	14.5	7.4	5.0	-9.5	14.5	
3.32031	0.5	8462	21.8	14.5	7.3	5.0	-9.5	14.5	
3.32422	0.5	8462	21.8	14.5	7.3	5.0	-9.5	14.5	
3.32812	0.4	8462	21.8	14.5	7.3	5.0	-9.5	14.5	
3.33203	0.4	8462	21.8	14.5	7.3	5.0	-9.5	14.5	
3.33594	0.3	8462	21.7	14.5	7.2	5.0	-9.5	14.5	
3.33984	0.3	8462	21.8	14.5	7.3	5.0	-9.5	14.5	
3.34375	0.2	8462	21.7	14.5	7.2	5.0	-9.5	14.5	
3.34766	0.1	8462	21.8	14.5	7.3	5.0	-9.5	14.5	
3.35156	0.0	8462	21.8	14.5	7.3	5.0	-9.5	14.5	
3.35547	0.1	8462	21.8	14.5	7.3	5.0	-9.5	14.5	
3.35938	-0.0	8462	21.8	14.5	7.3	5.0	-9.5	14.5	
3.36328	-0.0	8462	21.9	14.5	7.4	5.0	-9.5	14.5	
3.36719	-0.0	8462	21.9	14.5	7.4	5.0	-9.5	14.5	
3.37109	-0.1	8462	22.0	14.5	7.5	5.0	-9.5	14.5	
3.37500	-0.0	8462	22.0	14.5	7.5	5.0	-9.5	14.5	
3.37891	-0.0	8462	22.1	14.5	7.6	5.0	-9.5	14.5	
3.38281	-0.0	8462	22.1	14.6	7.5	5.0	-9.6	14.6	
3.38672	0.1	8462	22.1	14.6	7.5	5.0	-9.6	14.6	
3.39062	0.1	8462	22.2	14.6	7.6	5.0	-9.6	14.6	
3.39453	0.1	8462	22.2	14.6	7.6	5.0	-9.6	14.6	
3.39844	0.1	8462	22.2	14.6	7.6	5.0	-9.6	14.6	
3.40234	0.2	8462	22.3	14.6	7.7	5.0	-9.6	14.6	
3.40625	0.2	8462	22.3	14.6	7.7	5.0	-9.6	14.6	
3.41016	0.2	8462	22.3	14.6	7.7	5.0	-9.6	14.6	
3.41406	0.2	8462	22.3	14.6	7.7	5.0	-9.6	14.6	
3.41797	0.3	8462	22.3	14.6	7.7	5.0	-9.6	14.6	
3.42188	0.3	8462	22.3	14.6	7.7	5.0	-9.6	14.6	
3.42578	0.2	8463	22.4	14.6	7.8	5.0	-9.6	14.6	
3.42969	0.2	8463	22.4	14.6	7.8	5.0	-9.6	14.6	
3.43359	0.2	8463	22.4	14.6	7.8	5.0	-9.6	14.6	
3.43750	0.1	8463	22.4	14.6	7.8	5.0	-9.6	14.6	
3.44141	0.0	8463	22.5	14.7	7.8	5.0	-9.7	14.7	
3.44531	0.0	8463	22.5	14.7	7.8	5.0	-9.7	14.7	
3.44922	-0.0	8463	22.5	14.7	7.8	5.0	-9.7	14.7	
3.45312	-0.1	8463	22.6	14.7	7.9	5.0	-9.7	14.7	
3.45703	-0.1	8463	22.6	14.7	7.9	5.0	-9.7	14.7	
3.46094	-0.2	8463	22.7	14.7	8.0	5.0	-9.7	14.7	
3.46484	-0.2	8462	22.7	14.7	8.0	5.0	-9.7	14.7	
3.46875	-0.2	8462	22.8	14.7	8.1	5.0	-9.7	14.7	
3.47266	-0.2	8462	22.8	14.7	8.1	5.0	-9.7	14.7	
3.47656	-0.2	8462	22.9	14.8	8.1	5.0	-9.8	14.8	
3.48047	-0.1	8462	22.9	14.8	8.1	5.0	-9.8	14.8	
3.48438	-0.1	8462	23.0	14.8	8.2	5.0	-9.8	14.8	
3.48828	-0.1	8462	23.0	14.8	8.2	5.0	-9.8	14.8	
3.49219	-0.0	8462	23.1	14.8	8.3	5.0	-9.8	14.8	
3.49609	-0.0	8462	23.1	14.8	8.3	5.0	-9.8	14.8	
3.50000	-0.0	8462	23.2	14.8	8.4	5.0	-9.8	14.8	
3.50391	0.0	8462	23.2	14.8	8.4	5.0	-9.8	14.8	
3.50781	0.0	8462	23.3	14.8	8.5	5.0	-9.8	14.8	
3.51172	0.0	8462	23.3	14.9	8.4	5.0	-9.9	14.9	
3.51562	-0.0	8462	23.3	14.9	8.4	5.0	-9.9	14.9	
3.51953	-0.0	8462	23.4	14.9	8.5	5.0	-9.9	14.9	
3.52344	-0.1	8462	23.4	14.9	8.5	5.0	-9.9	14.9	
3.52734	-0.1	8462	23.5	14.9	8.6	5.0	-9.9	14.9	
3.53125	-0.1	8462	23.5	14.9	8.6	5.0	-9.9	14.9	
3.53516	-0.2	8462	23.6	14.9	8.7	5.0	-9.9	14.9	
3.53906	-0.2	8462	23.6	14.9	8.7	5.0	-9.9	14.9	
3.54297	-0.3	8462	23.7	15.0	8.7	5.0	-10.0	15.0	
3.54688	-0.3	8462	23.8	15.0	8.8	5.0	-10.0	15.0	
3.55078	-0.3	8462	23.8	15.0	8.8	5.0	-10.0	15.0	
3.55469	-0.4	8462	23.9	15.0	8.9	5.0	-10.0	15.0	
3.55859	-0.4	8462	24.0	15.0	9.0	5.0	-10.0	15.0	
3.56250	-0.5	8462	24.0	15.1	8.9	5.0	-10.1	15.1	
3.56641	-0.5	8462	24.1	15.1	9.0	5.0	-10.1	15.1	
3.57031	-0.5	8462	24.2	15.1	9.1	5.0	-10.1	15.1	
3.57422	-0.4	8462	24.2	15.1	9.1	5.0	-10.1	15.1	
3.57812	-0.5	8462	24.3	15.1	9.2	5.0	-10.1	15.1	
3.58203	-0.5	8462	24.4	15.1	9.3	5.0	-10.1	15.1	
3.58594	-0.4	8462	24.5	15.1	9.4	5.0	-10.1	15.1	
3.58984	-0.4	8462	24.5	15.2	9.3	5.0	-10.2	15.2	
3.59375	-0.4	8462	24.6	15.2	9.4	5.0	-10.2	15.2	
3.59766	-0.4	8462	24.7	15.2	9.5	5.0	-10.2	15.2	
3.60156	-0.4	8462	24.7	15.2	9.5	5.0	-10.2	15.2	
3.60547	-0.4	8462	24.8	15.3	9.5	5.0	-10.3	15.3	
3.60938	-0.5	8462	24.9	15.3	9.6	5.0	-10.3	15.3	
3.61328	-0.5	8462	25.0	15.3	9.7	5.0	-10.3	15.3	
3.61719	-0.5	8462	25.0	15.3	9.7	5.0	-10.3	15.3	
3.62109	-0.6	8462	25.1	15.3	9.8	5.0	-10.3	15.3	
3.62500	-0.6	8462	25.2	15.4	9.8	5.0	-10.4	15.4	
3.62891	-0.6	8462	25.3	15.4	9.9	5.0	-10.4	15.4	
3.63281	-0.6	8462	25.4	15.4	10.0	5.0	-10.4	15.4	
3.63672	-0.6	8462	25.4	15.4	10.0	5.0	-10.4	15.4	
3.64062	-0.6	8462	25.5	15.4	10.1	5.0	-10.4	15.4	
3.64453	-0.6	8462	25.6	15.5	10.1	5.0	-10.5	15.5	
3.64844	-0.5	8462	25.6	15.5	10.1	5.0	-10.5	15.5	
3.65234	-0.5	8461	25.7	15.5	10.2	5.0	-10.5	15.5	
3.65625	-0.5	8461	25.8	15.6	10.2	5.0	-10.6	15.6	
3.66016	-0.5	8461	25.9	15.6	10.3	5.0	-10.6	15.6	
3.66406	-0.4	8461	25.9	15.6	10.3	5.0	-10.6	15.6	
3.66797	-0.3	8461	26.0	15.6	10.4	5.0	-10.6	15.6	
3.67188	-0.3	8461	26.0	15.6	10.4	5.0	-10.6	15.6	
3.67578	-0.3	8461	26.1	15.7	10.4	5.0	-10.7	15.7	
3.67969	-0.3	8461	26.2	15.7	10.5	5.0	-10.7	15.7	
3.68359	-0.4	8461	26.2	15.7	10.5	5.0	-10.7	15.7	
3.68750	-0.4	8461	26.3	15.7	10.6	5.0	-10.7	15.7	
3.69141	-0.5	8461	26.4	15.7	10.7	5.0	-10.7	15.7	
3.69531	-0.5	8461	26.5	15.8	10.7	5.0	-10.8	15.8	
3.69922	-0.6	8461	26.5	15.8	10.7	5.0	-10.8	15.8	
3.70312	-0.6	8461	26.6	15.8	10.8	5.0	-10.8	15.8	
3.70703	-0.7	8461	26.7	15.8	10.9	5.0	-10.8	15.8	
3.71094	-0.8	8461	26.8	15.9	10.9	5.0	-10.9	15.9	
3.71484	-0.8	8461	26.9	15.9	11.0	5.0	-10.9	15.9	
3.71875	-0.8	8461	26.9	15.9	11.0	5.0	-10.9	15.9	
3.72266	-0.9	8461	27.0	15.9	11.1	5.0	-10.9	15.9	
3.72656	-0.9	8461	27.1	16.0	11.1	5.0	-11.0	16.0	
3.73047	-0.9	8461	27.2	16.0	11.2	5.0	-11.0	16.0	
3.73438	-0.9	8461	27.3	16.0	11.3	5.0	-11.0	16.0	
3.73828	-0.9	8461	27.4	16.0	11.4	5.0	-11.0	16.0	
3.74219	-0.9	8461	27.5	16.1	11.4	5.0	-11.1	16.1	
3.74609	-0.9	8461	27.6	16.1	11.5	5.0	-11.1	16.1	
3.75000	-1.0	8460	27.7	16.1	11.6	5.0	-11.1	16.1	
3.75391	-1.0	8460	27.8	16.1	11.7	5.0	-11.1	16.1	
3.75781	-1.0	8460	27.9	16.2	11.7	5.0	-11.2	16.2	
3.76172	-1.1	8460	28.0	16.2	11.8	5.0	-11.2	16.2	
3.76562	-1.1	8460	28.1	16.2	11.9	5.0	-11.2	16.2	
3.76953	-1.2	8460	28.2	16.3	11.9	5.0	-11.3	16.3	
3.77344	-1.2	8460	28.3	16.3	12.0	5.0	-11.3	16.3	
3.77734	-1.3	8460	28.4	16.3	12.1	5.0	-11.3	16.3	
3.78125	-1.3	8460	28.5	16.4	12.1	5.0	-11.4	16.4	
3.78516	-1.3	8460	28.6	16.4	12.2	5.0	-11.4	16.4	
3.78906	-1.3	8460	28.7	16.4	12.3	5.0	-11.4	16.4	
3.79297	-1.2	8460	28.8	16.4	12.4	5.0	-11.4	16.4	
3.79688	-1.1	8460	28.9	16.5	12.4	5.0	-11.5	16.5	
3.80078	-1.0	8459	29.0	16.5	12.5	5.0	-11.5	16.5	
3.80469	-0.9	8459	29.0	16.5	12.5	5.0	-11.5	16.5	
3.80859	-0.8	8459	29.1	16.6	12.5	5.0	-11.6	16.6	
3.81250	-0.7	8459	29.2	16.6	12.6	5.0	-11.6	16.6	
3.81641	-0.6	8459	29.3	16.6	12.7	5.0	-11.6	16.6	
3.82031	-0.6	8459	29.4	16.7	12.7	5.0	-11.7	16.7	
3.82422	-0.6	8459	29.4	16.7	12.7	5.0	-11.7	16.7	
3.82812	-0.6	8459	29.5	16.7	12.8	5.0	-11.7	16.7	
3.83203	-0.6	8459	29.6	16.8	12.8	5.0	-11.8	16.8	
3.83594	-0.6	8459	29.7	16.8	12.9	5.0	-11.8	16.8	
3.83984	-0.7	8459	29.8	16.8	13.0	5.0	-11.8	16.8	
3.84375	-0.8	8459	29.8	16.9	12.9	5.0	-11.9	16.9	
3.84766	-0.9	8459	29.9	16.9	13.0	5.0	-11.9	16.9	
3.85156	-1.0	8459	30.0	16.9	13.1	5.0	-11.9	16.9	
3.85547	-1.1	8459	30.1	17.0	13.1	5.0	-12.0	17.0	
3.85938	-1.1	8459	30.2	17.0	13.2	5.0	-12.0	17.0	
3.86328	-1.1	8459	30.3	17.0	13.3	5.0	-12.0	17.0	
3.86719	-1.0	8459	30.4	17.1	13.3	5.0	-12.1	17.1	
3.87109	-1.0	8459	30.5	17.1	13.4	5.0	-12.1	17.1	
3.87500	-0.9	8458	30.6	17.2	13.4	5.0	-12.2	17.2	
3.87891	-0.7	8458	30.6	17.2	13.4	5.0	-12.2	17.2	
3.88281	-0.6	8458	30.7	17.2	13.5	5.0	-12.2	17.2	
3.88672	-0.5	8458	30.7	17.3	13.4	5.0	-12.3	17.3	
3.89062	-0.3	8458	30.8	17.3	13.5	5.0	-12.3	17.3	
3.89453	-0.2	8458	30.8	17.3	13.5	5.0	-12.3	17.3	
3.89844	-0.1	8458	30.9	17.3	13.6	5.0	-12.3	17.3	
3.90234	0.0	8458	30.9	17.4	13.5	5.0	-12.4	17.4	
3.90625	0.0	8458	30.9	17.4	13.5	5.0	-12.4	17.4	
3.91016	0.0	8458	31.0	17.4	13.6	5.0	-12.4	17.4	
3.91406	-0.0	8458	31.0	17.5	13.5	5.0	-12.5	17.5	
3.91797	-0.1	8458	31.1	17.5	13.6	5.0	-12.5	17.5	
3.92188	-0.2	8458	31.1	17.5	13.6	5.0	-12.5	17.5	
3.92578	-0.4	8458	31.2	17.6	13.6	5.0	-12.6	17.6	
3.92969	-0.6	8458	31.3	17.6	13.7	5.0	-12.6	17.6	
3.93359	-0.8	8458	31.3	17.6	13.7	5.0	-12.6	17.6	
3.93750	-1.0	8458	31.4	17.7	13.7	5.0	-12.7	17.7	
3.94141	-1.3	8458	31.6	17.7	13.9	5.0	-12.7	17.7	
3.94531	-1.6	8458	31.7	17.7	14.0	5.0	-12.7	17.7	
3.94922	-1.8	8458	31.8	17.8	14.0	5.0	-12.8	17.8	
3.95312	-2.0	8458	31.9	17.8	14.1	5.0	-12.8	17.8	
3.95703	-2.2	8458	32.1	17.8	14.3	5.0	-12.8	17.8	
3.96094	-2.3	8457	32.2	17.9	14.3	5.0	-12.9	17.9	
3.96484	-2.4	8457	32.4	17.9	14.5	5.0	-12.9	17.9	
3.96875	-2.5	8457	32.5	18.0	14.5	5.0	-13.0	18.0	
3.97266	-2.4	8457	32.7	18.0	14.7	5.0	-13.0	18.0	
3.97656	-2.4	8457	32.8	18.0	14.8	5.0	-13.0	18.0	
3.98047	-2.2	8457	33.0	18.1	14.9	5.0	-13.1	18.1	
3.98438	-2.0	8456	33.1	18.1	15.0	5.0	-13.1	18.1	
3.98828	-1.9	8456	33.2	18.1	15.1	5.0	-13.1	18.1	
3.99219	-1.6	8456	33.3	18.2	15.1	5.0	-13.2	18.2	
3.99609	-1.3	8456	33.4	18.2	15.2	5.0	-13.2	18.2	
4.00000	-1.0	8456	33.5	18.3	15.2	5.0	-13.3	18.3	
4.00391	-0.7	8456	33.5	18.3	15.2	5.0	-13.3	18.3	
4.00781	-0.4	8456	33.6	18.3	15.3	5.0	-13.3	18.3	
4.01172	-0.2	8456	33.6	18.4	15.2	5.0	-13.4	18.4	
4.01562	0.1	8456	33.6	18.4	15.2	5.0	-13.4	18.4	
4.01953	0.2	8456	33.6	18.5	15.1	5.0	-13.5	18.5	
4.02344	0.4	8456	33.6	18.5	15.1	5.0	-13.5	18.5	
4.02734	0.5	8456	33.6	18.6	15.0	5.0	-13.6	18.6	
4.03125	0.6	8456	33.6	18.6	15.0	5.0	-13.6	18.6	
4.03516	0.6	8456	33.5	18.6	14.9	5.0	-13.6	18.6	
4.03906	0.6	8456	33.5	18.7	14.8	5.0	-13.7	18.7	
4.04297	0.5	8456	33.5	18.7	14.8	5.0	-13.7	18.7	
4.04688	0.4	8456	33.5	18.7	14.8	5.0	-13.7	18.7	
4.05078	0.3	8456	33.5	18.8	14.7	5.0	-13.8	18.8	
4.05469	0.2	8456	33.5	18.8	14.7	5.0	-13.8	18.8	
4.05859	0.1	8456	33.5	18.9	14.6	5.0	-13.9	18.9	
4.06250	-0.0	8456	33.5	18.9	14.6	5.0	-13.9	18.9	
4.06641	-0.0	8456	33.5	18.9	14.6	5.0	-13.9	18.9	
4.07031	-0.1	8456	33.5	19.0	14.5	5.0	-14.0	19.0	
4.07422	-0.1	8456	33.5	19.0	14.5	5.0	-14.0	19.0	
4.07812	-0.1	8456	33.6	19.1	14.5	5.0	-14.1	19.1	
4.08203	-0.1	8456	33.6	19.1	14.5	5.0	-14.1	19.1	
4.08594	0.0	8456	33.6	19.1	14.5	5.0	-14.1	19.1	
4.08984	0.1	8456	33.6	19.2	14.4	5.0	-14.2	19.2	
4.09375	0.3	8456	33.6	19.2	14.4	5.0	-14.2	19.2	
4.09766	0.6	8456	33.5	19.2	14.3	5.0	-14.2	19.2	
4.10156	0.8	8456	33.5	19.3	14.2	5.0	-14.3	19.3	
4.10547	0.9	8456	33.4	19.3	14.1	5.0	-14.3	19.3	
4.10938	1.2	8457	33.4	19.3	14.1	5.0	-14.3	19.3	
4.11328	1.3	8457	33.3	19.4	13.9	5.0	-14.4	19.4	
4.11719	1.4	8457	33.2	19.4	13.8	5.0	-14.4	19.4	
4.12109	1.4	8457	33.1	19.4	13.7	5.0	-14.4	19.4	
4.12500	1.4	8457	33.0	19.5	13.5	5.0	-14.5	19.5	
4.12891	1.3	8457	32.9	19.5	13.4	5.0	-14.5	19.5	
4.13281	1.2	8457	32.9	19.5	13.4	5.0	-14.5	19.5	
4.13672	1.1	8457	32.8	19.6	13.2	5.0	-14.6	19.6	
4.14062	1.0	8457	32.7	19.6	13.1	5.0	-14.6	19.6	
4.14453	0.9	8457	32.6	19.6	13.0	5.0	-14.6	19.6	
4.14844	0.8	8457	32.6	19.7	12.9	5.0	-14.7	19.7	
4.15234	0.7	8457	32.5	19.7	12.8	5.0	-14.7	19.7	
4.15625	0.7	8457	32.4	19.7	12.7	5.0	-14.7	19.7	
4.16016	0.7	8457	32.3	19.7	12.6	5.0	-14.7	19.7	
4.16406	0.7	8457	32.3	19.8	12.5	5.0	-14.8	19.8	
4.16797	0.9	8458	32.2	19.8	12.4	5.0	-14.8	19.8	
4.17188	1.0	8458	32.1	19.8	12.3	5.0	-14.8	19.8	
4.17578	1.1	8458	32.0	19.9	12.1	5.0	-14.9	19.9	
4.17969	1.2	8458	31.9	19.9	12.0	5.0	-14.9	19.9	
4.18359	1.4	8458	31.9	19.9	12.0	5.0	-14.9	19.9	
4.18750	1.5	8458	31.8	19.9	11.9	5.0	-14.9	19.9	
4.19141	1.6	8458	31.6	20.0	11.6	5.0	-15.0	20.0	
4.19531	1.7	8458	31.5	20.0	11.5	5.0	-15.0	20.0	
4.19922	1.8	8458	31.4	20.0	11.4	5.0	-15.0	20.0	
4.20312	1.9	8458	31.3	20.0	11.3	5.0	-15.0	20.0	
4.20703	2.0	8459	31.2	20.0	11.2	5.0	-15.0	20.0	
4.21094	2.1	8459	31.0	20.1	10.9	5.0	-15.1	20.1	
4.21484	2.1	8459	30.9	20.1	10.8	5.0	-15.1	20.1	
4.21875	2.2	8459	30.8	20.1	10.7	5.0	-15.1	20.1	
4.22266	2.3	8459	30.6	20.1	10.5	5.0	-15.1	20.1	
4.22656	2.5	8459	30.5	20.1	10.4	5.0	-15.1	20.1	
4.23047	2.6	8459	30.3	20.1	10.2	5.0	-15.1	20.1	
4.23438	2.8	8460	30.2	20.2	10.0	5.0	-15.2	20.2	
4.23828	3.0	8460	30.0	20.2	9.8	5.0	-15.2	20.2	
4.24219	3.3	8460	29.8	20.2	9.6	5.0	-15.2	20.2	
4.24609	3.5	8460	29.6	20.2	9.4	5.0	-15.2	20.2	
4.25000	3.7	8460	29.4	20.2	9.2	5.0	-15.2	20.2	
4.25391	3.9	8461	29.2	20.2	9.0	5.0	-15.2	20.2	
4.25781	4.0	8461	29.0	20.3	8.7	5.0	-15.3	20.3	
4.26172	4.0	8461	28.8	20.3	8.5	5.0	-15.3	20.3	
4.26562	4.0	8462	28.6	20.3	8.3	5.0	-15.3	20.3	
4.26953	4.0	8462	28.4	20.3	8.1	5.0	-15.3	20.3	
4.27344	3.9	8462	28.3	20.3	8.0	5.0	-15.3	20.3	
4.27734	3.7	8462	28.1	20.3	7.8	5.0	-15.3	20.3	
4.28125	3.6	8463	27.9	20.3	7.6	5.0	-15.3	20.3	
4.28516	3.4	8463	27.8	20.3	7.5	5.0	-15.3	20.3	
4.28906	3.1	8463	27.6	20.3	7.3	5.0	-15.3	20.3	
4.29297	2.8	8463	27.5	20.3	7.2	5.0	-15.3	20.3	
4.29688	2.6	8463	27.4	20.3	7.1	5.0	-15.3	20.3	
4.30078	2.4	8463	27.2	20.3	6.9	5.0	-15.3	20.3	
4.30469	2.2	8464	27.1	20.3	6.8	5.0	-15.3	20.3	
4.30859	2.0	8464	27.0	20.3	6.7	5.0	-15.3	20.3	
4.31250	1.8	8464	26.9	20.3	6.6	5.0	-15.3	20.3	
4.31641	1.7	8464	26.8	20.3	6.5	5.0	-15.3	20.3	
4.32031	1.6	8464	26.8	20.3	6.5	5.0	-15.3	20.3	
4.32422	1.5	8464	26.7	20.3	6.4	5.0	-15.3	20.3	
4.32812	1.5	8464	26.6	20.3	6.3	5.0	-15.3	20.3	
4.33203	1.5	8464	26.5	20.3	6.2	5.0	-15.3	20.3	
4.33594	1.5	8464	26.4	20.3	6.1	5.0	-15.3	20.3	
4.33984	1.5	8465	26.4	20.3	6.1	5.0	-15.3	20.3	
4.34375	1.5	8465	26.3	20.3	6.0	5.0	-15.3	20.3	
4.34766	1.5	8465	26.2	20.3	5.9	5.0	-15.3	20.3	
4.35156	1.6	8465	26.1	20.3	5.8	5.0	-15.3	20.3	
4.35547	1.6	8465	26.0	20.3	5.7	5.0	-15.3	20.3	
4.35938	1.6	8465	26.0	20.3	5.7	5.0	-15.3	20.3	
4.36328	1.6	8465	25.9	20.2	5.7	5.0	-15.2	20.2	
4.36719	1.6	8465	25.8	20.3	5.5	5.0	-15.3	20.3	
4.37109	1.6	8465	25.7	20.2	5.5	5.0	-15.2	20.2	
4.37500	1.6	8465	25.6	20.2	5.4	5.0	-15.2	20.2	
4.37891	1.6	8466	25.5	20.2	5.3	5.0	-15.2	20.2	
4.38281	1.5	8466	25.5	20.2	5.3	5.0	-15.2	20.2	
4.38672	1.4	8466	25.4	20.2	5.2	5.0	-15.2	20.2	
4.39062	1.3	8466	25.3	20.2	5.1	5.0	-15.2	20.2	
4.39453	1.2	8466	25.2	20.2	5.0	5.0	-15.2	20.2	
4.39844	1.1	8466	25.2	20.2	5.0	5.0	-15.2	20.2	
4.40234	1.0	8466	25.1	20.2	4.9	5.0	-15.2	20.2	
4.40625	0.9	8466	25.1	20.2	4.9	5.0	-15.2	20.2	
4.41016	0.8	8466	25.0	20.2	4.8	5.0	-15.2	20.2	
4.41406	0.7	8466	25.0	20.1	4.9	5.0	-15.1	20.1	
4.41797	0.7	8466	24.9	20.1	4.8	5.0	-15.1	20.1	
4.42188	0.6	8466	24.9	20.1	4.8	5.0	-15.1	20.1	
4.42578	0.6	8466	24.8	20.1	4.7	5.0	-15.1	20.1	
4.42969	0.6	8466	24.8	20.1	4.7	5.0	-15.1	20.1	
4.43359	0.6	8466	24.8	20.1	4.7	5.0	-15.1	20.1	
4.43750	0.6	8466	24.7	20.1	4.6	5.0	-15.1	20.1	
4.44141	0.6	8466	24.7	20.0	4.7	5.0	-15.0	20.0	
4.44531	0.7	8467	24.6	20.0	4.6	5.0	-15.0	20.0	
4.44922	0.7	8467	24.6	20.0	4.6	5.0	-15.0	20.0	
4.45312	0.7	8467	24.5	20.0	4.5	5.0	-15.0	20.0	
4.45703	0.8	8467	24.5	20.0	4.5	5.0	-15.0	20.0	
4.46094	0.9	8467	24.4	20.0	4.4	5.0	-15.0	20.0	
4.46484	0.9	8467	24.4	20.0	4.4	5.0	-15.0	20.0	
4.46875	0.9	8467	24.3	20.0	4.3	5.0	-15.0	20.0	
4.47266	0.9	8467	24.3	19.9	4.4	5.0	-14.9	19.9	
4.47656	0.9	8467	24.2	19.9	4.3	5.0	-14.9	19.9	
4.48047	0.9	8467	24.1	19.9	4.2	5.0	-14.9	19.9	
4.48438	0.8	8467	24.1	19.9	4.2	5.0	-14.9	19.9	
4.48828	0.8	8467	24.1	19.9	4.2	5.0	-14.9	19.9	
4.49219	0.7	8467	24.0	19.9	4.1	5.0	-14.9	19.9	
4.49609	0.6	8467	24.0	19.9	4.1	5.0	-14.9	19.9	
4.50000	0.6	8467	23.9	19.9	4.0	5.0	-14.9	19.9	
4.50391	0.5	8467	23.9	19.8	4.1	5.0	-14.8	19.8	
4.50781	0.5	8467	23.9	19.8	4.1	5.0	-14.8	19.8	
4.51172	0.4	8467	23.9	19.8	4.1	5.0	-14.8	19.8	
4.51562	0.3	8467	23.8	19.8	4.0	5.0	-14.8	19.8	
4.51953	0.3	8467	23.8	19.8	4.0	5.0	-14.8	19.8	
4.52344	0.3	8467	23.8	19.8	4.0	5.0	-14.8	19.8	
4.52734	0.3	8467	23.8	19.8	4.0	5.0	-14.8	19.8	
4.53125	0.3	8467	23.8	19.7	4.1	5.0	-14.7	19.7	
4.53516	0.3	8467	23.8	19.7	4.1	5.0	-14.7	19.7	
4.53906	0.3	8467	23.8	19.7	4.1	5.0	-14.7	19.7	
4.54297	0.3	8468	23.8	19.7	4.1	5.0	-14.7	19.7	
4.54688	0.4	8468	23.7	19.7	4.0	5.0	-14.7	19.7	
4.55078	0.4	8468	23.7	19.7	4.0	5.0	-14.7	19.7	
4.55469	0.4	8468	23.7	19.7	4.0	5.0	-14.7	19.7	
4.55859	0.5	8468	23.7	19.7	4.0	5.0	-14.7	19.7	
4.56250	0.5	8468	23.7	19.7	4.0	5.0	-14.7	19.7	
4.56641	0.6	8468	23.6	19.7	3.9	5.0	-14.7	19.7	
4.57031	0.6	8468	23.6	19.6	4.0	5.0	-14.6	19.6	
4.57422	0.6	8468	23.5	19.6	3.9	5.0	-14.6	19.6	
4.57812	0.6	8468	23.5	19.6	3.9	5.0	-14.6	19.6	
4.58203	0.6	8468	23.5	19.6	3.9	5.0	-14.6	19.6	
4.58594	0.6	8468	23.4	19.6	3.8	5.0	-14.6	19.6	
4.58984	0.7	8468	23.4	19.6	3.8	5.0	-14.6	19.6	
4.59375	0.7	8468	23.3	19.5	3.8	5.0	-14.5	19.5	
4.59766	0.6	8468	23.3	19.5	3.8	5.0	-14.5	19.5	
4.60156	0.7	8468	23.2	19.5	3.7	5.0	-14.5	19.5	
4.60547	0.7	8468	23.2	19.5	3.7	5.0	-14.5	19.5	
4.60938	0.7	8468	23.1	19.5	3.6	5.0	-14.5	19.5	
4.61328	0.8	8468	23.1	19.5	3.6	5.0	-14.5	19.5	
4.61719	0.8	8468	23.0	19.4	3.6	5.0	-14.4	19.4	
4.62109	0.8	8468	23.0	19.4	3.6	5.0	-14.4	19.4	
4.62500	0.9	8468	22.9	19.4	3.5	5.0	-14.4	19.4	
4.62891	0.9	8468	22.8	19.3	3.5	5.0	-14.3	19.3	
4.63281	1.0	8468	22.8	19.3	3.5	5.0	-14.3	19.3	
4.63672	1.0	8469	22.7	19.3	3.4	5.0	-14.3	19.3	
4.64062	1.0	8469	22.7	19.3	3.4	5.0	-14.3	19.3	
4.64453	0.9	8469	22.6	19.3	3.3	5.0	-14.3	19.3	
4.64844	0.9	8469	22.5	19.3	3.2	5.0	-14.3	19.3	
4.65234	0.8	8469	22.5	19.2	3.3	5.0	-14.2	19.2	
4.65625	0.7	8469	22.5	19.2	3.3	5.0	-14.2	19.2	
4.66016	0.5	8469	22.4	19.2	3.2	5.0	-14.2	19.2	
4.66406	0.5	8469	22.4	19.2	3.2	5.0	-14.2	19.2	
4.66797	0.4	8469	22.4	19.2	3.2	5.0	-14.2	19.2	
4.67188	0.3	8469	22.4	19.1	3.3	5.0	-14.1	19.1	
4.67578	0.2	8469	22.4	19.1	3.3	5.0	-14.1	19.1	
4.67969	0.2	8469	22.4	19.1	3.3	5.0	-14.1	19.1	
4.68359	0.1	8469	22.5	19.1	3.4	5.0	-14.1	19.1	
4.68750	0.1	8469	22.5	19.0	3.5	5.0	-14.0	19.0	
4.69141	0.1	8469	22.5	19.0	3.5	5.0	-14.0	19.0	
4.69531	0.1	8469	22.5	19.0	3.5	5.0	-14.0	19.0	
4.69922	0.1	8469	22.6	19.0	3.6	5.0	-14.0	19.0	
4.70312	0.1	8469	22.6	18.9	3.7	5.0	-13.9	18.9	
4.70703	0.2	8469	22.6	18.9	3.7	5.0	-13.9	18.9	
4.71094	0.2	8469	22.6	18.9	3.7	5.0	-13.9	18.9	
4.71484	0.3	8469	22.6	18.9	3.7	5.0	-13.9	18.9	
4.71875	0.3	8469	22.6	18.9	3.7	5.0	-13.9	18.9	
4.72266	0.4	8469	22.6	18.9	3.7	5.0	-13.9	18.9	
4.72656	0.5	8469	22.6	18.9	3.7	5.0	-13.9	18.9	
4.73047	0.5	8469	22.6	18.8	3.8	5.0	-13.8	18.8	
4.73438	0.6	8469	22.5	18.8	3.7	5.0	-13.8	18.8	
4.73828	0.6	8469	22.5	18.8	3.7	5.0	-13.8	18.8	
4.74219	0.6	8469	22.5	18.8	3.7	5.0	-13.8	18.8	
4.74609	0.6	8469	22.4	18.8	3.6	5.0	-13.8	18.8	
4.75000	0.6	8469	22.4	18.7	3.7	5.0	-13.7	18.7	
4.75391	0.6	8469	22.3	18.7	3.6	5.0	-13.7	18.7	
4.75781	0.6	8469	22.3	18.7	3.6	5.0	-13.7	18.7	
4.76172	0.5	8469	22.3	18.7	3.6	5.0	-13.7	18.7	
4.76562	0.5	8469	22.2	18.7	3.5	5.0	-13.7	18.7	
4.76953	0.4	8470	22.2	18.6	3.6	5.0	-13.6	18.6	
4.77344	0.4	8470	22.2	18.6	3.6	5.0	-13.6	18.6	
4.77734	0.3	8470	22.2	18.6	3.6	5.0	-13.6	18.6	
4.78125	0.3	8470	22.2	18.6	3.6	5.0	-13.6	18.6	
4.78516	0.2	8470	22.2	18.6	3.6	5.0	-13.6	18.6	
4.78906	0.2	8470	22.2	18.6	3.6	5.0	-13.6	18.6	
4.79297	0.2	8470	22.2	18.5	3.7	5.0	-13.5	18.5	
4.79688	0.2	8470	22.2	18.5	3.7	5.0	-13.5	18.5	
4.80078	0.2	8470	22.2	18.5	3.7	5.0	-13.5	18.5	
4.80469	0.2	8470	22.2	18.5	3.7	5.0	-13.5	18.5	
4.80859	0.2	8470	22.2	18.5	3.7	5.0	-13.5	18.5	
4.81250	0.2	8470	22.2	18.4	3.8	5.0	-13.4	18.4	
4.81641	0.3	8470	22.2	18.4	3.8	5.0	-13.4	18.4	
4.82031	0.3	8470	22.3	18.4	3.9	5.0	-13.4	18.4	
4.82422	0.3	8470	22.3	18.4	3.9	5.0	-13.4	18.4	
4.82812	0.3	8470	22.2	18.4	3.8	5.0	-13.4	18.4	
4.83203	0.3	8470	22.2	18.4	3.8	5.0	-13.4	18.4	
4.83594	0.4	8470	22.2	18.4	3.8	5.0	-13.4	18.4	
4.83984	0.4	8470	22.2	18.3	3.9	5.0	-13.3	18.3	
4.84375	0.4	8470	22.2	18.3	3.9	5.0	-13.3	18.3	
4.84766	0.5	8470	22.2	18.3	3.9	5.0	-13.3	18.3	
4.85156	0.5	8470	22.1	18.3	3.8	5.0	-13.3	18.3	
4.85547	0.5	8470	22.1	18.3	3.8	5.0	-13.3	18.3	
4.85938	0.5	8470	22.1	18.2	3.9	5.0	-13.2	18.2	
4.86328	0.5	8470	22.0	18.2	3.8	5.0	-13.2	18.2	
4.86719	0.5	8470	22.0	18.2	3.8	5.0	-13.2	18.2	
4.87109	0.5	8470	22.0	18.2	3.8	5.0	-13.2	18.2	
4.87500	0.5	8470	22.0	18.2	3.8	5.0	-13.2	18.2	
4.87891	0.4	8470	21.9	18.2	3.7	5.0	-13.2	18.2	
4.88281	0.4	8470	21.9	18.2	3.7	5.0	-13.2	18.2	
4.88672	0.4	8470	21.9	18.1	3.8	5.0	-13.1	18.1	
4.89062	0.3	8470	21.9	18.1	3.8	5.0	-13.1	18.1	
4.89453	0.3	8470	21.9	18.1	3.8	5.0	-13.1	18.1	
4.89844	0.3	8470	21.9	18.1	3.8	5.0	-13.1	18.1	
4.90234	0.3	8470	21.9	18.1	3.8	5.0	-13.1	18.1	
4.90625	0.3	8470	21.9	18.1	3.8	5.0	-13.1	18.1	
4.91016	0.3	8470	21.9	18.0	3.9	5.0	-13.0	18.0	
4.91406	0.3	8470	21.8	18.0	3.8	5.0	-13.0	18.0	
4.91797	0.3	8470	21.8	18.0	3.8	5.0	-13.0	18.0	
4.92188	0.3	8470	21.8	18.0	3.8	5.0	-13.0	18.0	
4.92578	0.3	8470	21.8	18.0	3.8	5.0	-13.0	18.0	
4.92969	0.4	8470	21.8	18.0	3.8	5.0	-13.0	18.0	
4.93359	0.4	8470	21.8	18.0	3.8	5.0	-13.0	18.0	
4.93750	0.4	8470	21.8	18.0	3.8	5.0	-13.0	18.0	
4.94141	0.4	8471	21.8	17.9	3.9	5.0	-12.9	17.9	
4.94531	0.4	8471	21.7	17.9	3.8	5.0	-12.9	17.9	
4.94922	0.4	8471	21.7	17.9	3.8	5.0	-12.9	17.9	
4.95312	0.4	8471	21.7	17.9	3.8	5.0	-12.9	17.9	
4.95703	0.5	8471	21.7	17.9	3.8	5.0	-12.9	17.9	
4.96094	0.4	8471	21.6	17.9	3.7	5.0	-12.9	17.9	
4.96484	0.4	8471	21.6	17.9	3.7	5.0	-12.9	17.9	
4.96875	0.4	8471	21.6	17.8	3.8	5.0	-12.8	17.8	
4.97266	0.4	8471	21.6	17.8	3.8	5.0	-12.8	17.8	
4.97656	0.4	8471	21.5	17.8	3.7	5.0	-12.8	17.8	
4.98047	0.4	8471	21.5	17.8	3.7	5.0	-12.8	17.8	
4.98438	0.4	8471	21.5	17.8	3.7	5.0	-12.8	17.8	
4.98828	0.3	8471	21.5	17.8	3.7	5.0	-12.8	17.8	
4.99219	0.3	8471	21.5	17.8	3.7	5.0	-12.8	17.8	
4.99609	0.3	8471	21.4	17.7	3.7	5.0	-12.7	17.7	
5.00000	0.3	8471	21.4	17.7	3.7	5.0	-12.7	17.7	
5.00391	0.3	8471	21.4	17.7	3.7	5.0	-12.7	17.7	
5.00781	0.3	8471	21.4	17.7	3.7	5.0	-12.7	17.7	
5.01172	0.3	8471	21.4	17.7	3.7	5.0	-12.7	17.7	
5.01562	0.2	8471	21.4	17.7	3.7	5.0	-12.7	17.7	
5.01953	0.2	8471	21.4	17.7	3.7	5.0	-12.7	17.7	
5.02344	0.2	8471	21.4	17.7	3.7	5.0	-12.7	17.7	
5.02734	0.2	8471	21.4	17.6	3.8	5.0	-12.6	17.6	
5.03125	0.2	8471	21.4	17.6	3.8	5.0	-12.6	17.6	
5.03516	0.2	8471	21.4	17.6	3.8	5.0	-12.6	17.6	
5.03906	0.2	8471	21.4	17.6	3.8	5.0	-12.6	17.6	
5.04297	0.3	8471	21.4	17.6	3.8	5.0	-12.6	17.6	
5.04688	0.2	8471	21.4	17.6	3.8	5.0	-12.6	17.6	
5.05078	0.2	8471	21.5	17.6	3.9	5.0	-12.6	17.6	
5.05469	0.2	8471	21.5	17.5	4.0	5.0	-12.5	17.5	
5.05859	0.2	8471	21.5	17.5	4.0	5.0	-12.5	17.5	
5.06250	0.2	8471	21.5	17.5	4.0	5.0	-12.5	17.5	
5.06641	0.2	8471	21.5	17.5	4.0	5.0	-12.5	17.5	
5.07031	0.2	8471	21.5	17.5	4.0	5.0	-12.5	17.5	
5.07422	0.2	8471	21.5	17.5	4.0	5.0	-12.5	17.5	
5.07812	0.2	8471	21.6	17.5	4.1	5.0	-12.5	17.5	
5.08203	0.2	8471	21.6	17.5	4.1	5.0	-12.5	17.5	
5.08594	0.2	8471	21.6	17.4	4.2	5.0	-12.4	17.4	
5.08984	0.2	8471	21.6	17.4	4.2	5.0	-12.4	17.4	
5.09375	0.2	8471	21.6	17.4	4.2	5.0	-12.4	17.4	
5.09766	0.2	8471	21.6	17.4	4.2	5.0	-12.4	17.4	
5.10156	0.2	8471	21.7	17.4	4.3	5.0	-12.4	17.4	
5.10547	0.2	8471	21.7	17.4	4.3	5.0	-12.4	17.4	
5.10938	0.2	8471	21.7	17.4	4.3	5.0	-12.4	17.4	
5.11328	0.2	8471	21.7	17.4	4.3	5.0	-12.4	17.4	
5.11719	0.2	8471	21.7	17.4	4.3	5.0	-12.4	17.4	
5.12109	0.2	8471	21.7	17.4	4.3	5.0	-12.4	17.4	
5.12500	0.3	8471	21.7	17.3	4.4	5.0	-12.3	17.3	
5.12891	0.3	8471	21.7	17.3	4.4	5.0	-12.3	17.3	
5.13281	0.3	8471	21.7	17.3	4.4	5.0	-12.3	17.3	
5.13672	0.3	8471	21.7	17.3	4.4	5.0	-12.3	17.3	
5.14062	0.3	8471	21.7	17.3	4.4	5.0	-12.3	17.3	
5.14453	0.3	8471	21.7	17.3	4.4	5.0	-12.3	17.3	
5.14844	0.3	8471	21.7	17.3	4.4	5.0	-12.3	17.3	
5.15234	0.3	8471	21.7	17.3	4.4	5.0	-12.3	17.3	
5.15625	0.3	8471	21.7	17.3	4.4	5.0	-12.3	17.3	
5.16016	0.3	8472	21.7	17.2	4.5	5.0	-12.2	17.2	
5.16406	0.3	8472	21.7	17.2	4.5	5.0	-12.2	17.2	
5.16797	0.3	8472	21.7	17.2	4.5	5.0	-12.2	17.2	
5.17188	0.3	8472	21.7	17.2	4.5	5.0	-12.2	17.2	
5.17578	0.3	8472	21.7	17.2	4.5	5.0	-12.2	17.2	
5.17969	0.3	8472	21.7	17.2	4.5	5.0	-12.2	17.2	
5.18359	0.3	8472	21.7	17.2	4.5	5.0	-12.2	17.2	
5.18750	0.3	8472	21.7	17.2	4.5	5.0	-12.2	17.2	
5.19141	0.3	8472	21.6	17.2	4.4	5.0	-12.2	17.2	
5.19531	0.3	8472	21.6	17.1	4.5	5.0	-12.1	17.1	
5.19922	0.3	8472	21.6	17.1	4.5	5.0	-12.1	17.1	
5.20312	0.3	8472	21.6	17.1	4.5	5.0	-12.1	17.1	
5.20703	0.3	8472	21.6	17.1	4.5	5.0	-12.1	17.1	
5.21094	0.3	8472	21.6	17.1	4.5	5.0	-12.1	17.1	
5.21484	0.3	8472	21.6	17.1	4.5	5.0	-12.1	17.1	
5.21875	0.3	8472	21.6	17.1	4.5	5.0	-12.1	17.1	
5.22266	0.3	8472	21.6	17.1	4.5	5.0	-12.1	17.1	
5.22656	0.3	8472	21.6	17.0	4.6	5.0	-12.0	17.0	
5.23047	0.3	8472	21.6	17.0	4.6	5.0	-12.0	17.0	
5.23438	0.3	8472	21.5	17.0	4.5	5.0	-12.0	17.0	
5.23828	0.3	8472	21.5	17.0	4.5	5.0	-12.0	17.0	
5.24219	0.3	8472	21.5	17.0	4.5	5.0	-12.0	17.0	
5.24609	0.3	8472	21.5	17.0	4.5	5.0	-12.0	17.0	
5.25000	0.3	8472	21.5	17.0	4.5	5.0	-12.0	17.0	
5.25391	0.3	8472	21.5	17.0	4.5	5.0	-12.0	17.0	
5.25781	0.3	8472	21.5	17.0	4.5	5.0	-12.0	17.0	
5.26172	0.3	8472	21.5	17.0	4.5	5.0	-12.0	17.0	
5.26562	0.3	8472	21.5	17.0	4.5	5.0	-12.0	17.0	
5.26953	0.3	8472	21.5	17.0	4.5	5.0	-12.0	17.0	
5.27344	0.3	8472	21.5	16.9	4.6	5.0	-11.9	16.9	
5.27734	0.3	8472	21.5	17.0	4.5	5.0	-12.0	17.0	
5.28125	0.3	8472	21.5	17.0	4.5	5.0	-12.0	17.0	
5.28516	0.3	8472	21.5	16.9	4.6	5.0	-11.9	16.9	
5.28906	0.2	8472	21.5	16.9	4.6	5.0	-11.9	16.9	
5.29297	0.2	8472	21.5	16.9	4.6	5.0	-11.9	16.9	
5.29688	0.3	8472	21.5	16.9	4.6	5.0	-11.9	16.9	
5.30078	0.3	8472	21.5	16.9	4.6	5.0	-11.9	16.9	
5.30469	0.2	8472	21.5	16.9	4.6	5.0	-11.9	16.9	
5.30859	0.2	8472	21.5	16.9	4.6	5.0	-11.9	16.9	
5.31250	0.3	8472	21.5	16.9	4.6	5.0	-11.9	16.9	
5.31641	0.3	8472	21.5	16.9	4.6	5.0	-11.9	16.9	
5.32031	0.3	8472	21.5	16.8	4.7	5.0	-11.8	16.8	
5.32422	0.3	8472	21.5	16.8	4.7	5.0	-11.8	16.8	
5.32812	0.3	8472	21.5	16.8	4.7	5.0	-11.8	16.8	
5.33203	0.3	8472	21.4	16.8	4.6	5.0	-11.8	16.8	
5.33594	0.4	8472	21.4	16.8	4.6	5.0	-11.8	16.8	
5.33984	0.3	8472	21.4	16.8	4.6	5.0	-11.8	16.8	
5.34375	0.4	8472	21.4	16.8	4.6	5.0	-11.8	16.8	
5.34766	0.4	8472	21.4	16.8	4.6	5.0	-11.8	16.8	
5.35156	0.4	8472	21.3	16.8	4.5	5.0	-11.8	16.8	
5.35547	0.4	8472	21.3	16.7	4.6	5.0	-11.7	16.7	
5.35938	0.3	8473	21.3	16.7	4.6	5.0	-11.7	16.7	
5.36328	0.3	8473	21.3	16.7	4.6	5.0	-11.7	16.7	
5.36719	0.3	8473	21.3	16.7	4.6	5.0	-11.7	16.7	
5.37109	0.2	8473	21.3	16.7	4.6	5.0	-11.7	16.7	
5.37500	0.2	8473	21.3	16.7	4.6	5.0	-11.7	16.7	
5.37891	0.1	8473	21.3	16.7	4.6	5.0	-11.7	16.7	
5.38281	-0.0	8473	21.4	16.6	4.8	5.0	-11.6	16.6	
5.38672	-0.1	8473	21.4	16.6	4.8	5.0	-11.6	16.6	
5.39062	-0.1	8473	21.5	16.6	4.9	5.0	-11.6	16.6	
5.39453	-0.2	8473	21.5	16.6	4.9	5.0	-11.6	16.6	
5.39844	-0.2	8473	21.6	16.6	5.0	5.0	-11.6	16.6	
5.40234	-0.2	8473	21.6	16.6	5.0	5.0	-11.6	16.6	
5.40625	-0.2	8473	21.7	16.6	5.1	5.0	-11.6	16.6	
5.41016	-0.2	8473	21.7	16.6	5.1	5.0	-11.6	16.6	
5.41406	-0.1	8472	21.8	16.5	5.3	5.0	-11.5	16.5	
5.41797	-0.1	8472	21.9	16.5	5.4	5.0	-11.5	16.5	
5.42188	-0.0	8472	21.9	16.5	5.4	5.0	-11.5	16.5	
5.42578	0.1	8472	21.9	16.5	5.4	5.0	-11.5	16.5	
5.42969	0.2	8473	21.9	16.5	5.4	5.0	-11.5	16.5	
5.43359	0.2	8473	21.9	16.5	5.4	5.0	-11.5	16.5	
5.43750	0.3	8473	21.9	16.5	5.4	5.0	-11.5	16.5	
5.44141	0.4	8473	21.9	16.5	5.4	5.0	-11.5	16.5	
5.44531	0.5	8473	21.9	16.5	5.4	5.0	-11.5	16.5	
5.44922	0.5	8473	21.9	16.5	5.4	5.0	-11.5	16.5	
5.45312	0.6	8473	21.9	16.4	5.5	5.0	-11.4	16.4	
5.45703	0.6	8473	21.8	16.4	5.4	5.0	-11.4	16.4	
5.46094	0.6	8473	21.8	16.4	5.4	5.0	-11.4	16.4	
5.46484	0.6	8473	21.7	16.4	5.3	5.0	-11.4	16.4	
5.46875	0.6	8473	21.7	16.4	5.3	5.0	-11.4	16.4	
5.47266	0.6	8473	21.6	16.4	5.2	5.0	-11.4	16.4	
5.47656	0.5	8473	21.6	16.4	5.2	5.0	-11.4	16.4	
5.48047	0.5	8473	21.6	16.4	5.2	5.0	-11.4	16.4	
5.48438	0.4	8473	21.5	16.4	5.1	5.0	-11.4	16.4	
5.48828	0.4	8473	21.5	16.4	5.1	5.0	-11.4	16.4	
5.49219	0.3	8473	21.5	16.4	5.1	5.0	-11.4	16.4	
5.49609	0.3	8473	21.5	16.4	5.1	5.0	-11.4	16.4	
5.50000	0.2	8473	21.5	16.3	5.2	5.0	-11.3	16.3	
5.50391	0.2	8473	21.5	16.3	5.2	5.0	-11.3	16.3	
5.50781	0.2	8473	21.5	16.3	5.2	5.0	-11.3	16.3	
5.51172	0.2	8473	21.5	16.3	5.2	5.0	-11.3	16.3	
5.51562	0.1	8473	21.5	16.3	5.2	5.0	-11.3	16.3	
5.51953	0.2	8473	21.6	16.3	5.3	5.0	-11.3	16.3	
5.52344	0.2	8473	21.6	16.3	5.3	5.0	-11.3	16.3	
5.52734	0.2	8473	21.6	16.3	5.3	5.0	-11.3	16.3	
5.53125	0.2	8473	21.6	16.3	5.3	5.0	-11.3	16.3	
5.53516	0.2	8473	21.6	16.3	5.3	5.0	-11.3	16.3	
5.53906	0.3	8473	21.6	16.3	5.3	5.0	-11.3	16.3	
5.54297	0.3	8473	21.6	16.3	5.3	5.0	-11.3	16.3	
5.54688	0.3	8473	21.6	16.2	5.4	5.0	-11.2	16.2	
5.55078	0.4	8473	21.6	16.2	5.4	5.0	-11.2	16.2	
5.55469	0.4	8473	21.6	16.2	5.4	5.0	-11.2	16.2	
5.55859	0.4	8473	21.6	16.2	5.4	5.0	-11.2	16.2	
5.56250	0.5	8473	21.5	16.2	5.3	5.0	-11.2	16.2	
5.56641	0.5	8473	21.5	16.2	5.3	5.0	-11.2	16.2	
5.57031	0.5	8473	21.5	16.2	5.3	5.0	-11.2	16.2	
5.57422	0.5	8473	21.5	16.2	5.3	5.0	-11.2	16.2	
5.57812	0.5	8473	21.4	16.2	5.2	5.0	-11.2	16.2	
5.58203	0.4	8473	21.4	16.2	5.2	5.0	-11.2	16.2	
5.58594	0.4	8473	21.4	16.2	5.2	5.0	-11.2	16.2	
5.58984	0.3	8474	21.3	16.2	5.1	5.0	-11.2	16.2	
5.59375	0.3	8474	21.3	16.2	5.1	5.0	-11.2	16.2	
5.59766	0.3	8474	21.3	16.2	5.1	5.0	-11.2	16.2	
5.60156	0.3	8474	21.3	16.1	5.2	5.0	-11.1	16.1	
5.60547	0.2	8474	21.3	16.1	5.2	5.0	-11.1	16.1	
5.60938	0.2	8474	21.3	16.1	5.2	5.0	-11.1	16.1	
5.61328	0.2	8474	21.3	16.1	5.2	5.0	-11.1	16.1	
5.61719	0.2	8474	21.3	16.1	5.2	5.0	-11.1	16.1	
5.62109	0.2	8474	21.3	16.1	5.2	5.0	-11.1	16.1	
5.62500	0.2	8474	21.3	16.1	5.2	5.0	-11.1	16.1	
5.62891	0.2	8474	21.4	16.1	5.3	5.0	-11.1	16.1	
5.63281	0.2	8474	21.4	16.1	5.3	5.0	-11.1	16.1	
5.63672	0.2	8474	21.4	16.1	5.3	5.0	-11.1	16.1	
5.64062	0.2	8474	21.4	16.1	5.3	5.0	-11.1	16.1	
5.64453	0.2	8474	21.4	16.1	5.3	5.0	-11.1	16.1	
5.64844	0.2	8474	21.4	16.1	5.3	5.0	-11.1	16.1	
5.65234	0.2	8474	21.4	16.1	5.3	5.0	-11.1	16.1	
5.65625	0.3	8474	21.4	16.1	5.3	5.0	-11.1	16.1	
5.66016	0.3	8474	21.4	16.1	5.3	5.0	-11.1	16.1	
5.66406	0.3	8474	21.4	16.1	5.3	5.0	-11.1	16.1	
5.66797	0.3	8474	21.4	16.1	5.3	5.0	-11.1	16.1	
5.67188	0.3	8474	21.4	16.0	5.4	5.0	-11.0	16.0	
5.67578	0.3	8474	21.4	16.0	5.4	5.0	-11.0	16.0	
5.67969	0.3	8474	21.3	16.0	5.3	5.0	-11.0	16.0	
5.68359	0.3	8474	21.3	16.0	5.3	5.0	-11.0	16.0	
5.68750	0.3	8474	21.3	16.0	5.3	5.0	-11.0	16.0	
5.69141	0.2	8474	21.3	16.0	5.3	5.0	-11.0	16.0	
5.69531	0.3	8474	21.3	16.0	5.3	5.0	-11.0	16.0	
5.69922	0.3	8474	21.3	16.0	5.3	5.0	-11.0	16.0	
5.70312	0.2	8474	21.3	16.0	5.3	5.0	-11.0	16.0	
5.70703	0.2	8474	21.3	16.0	5.3	5.0	-11.0	16.0	
5.71094	0.2	8474	21.3	16.0	5.3	5.0	-11.0	16.0	
5.71484	0.2	8474	21.3	16.0	5.3	5.0	-11.0	16.0	
5.71875	0.2	8474	21.3	16.0	5.3	5.0	-11.0	16.0	
5.72266	0.2	8474	21.4	16.0	5.4	5.0	-11.0	16.0	
5.72656	0.2	8474	21.4	16.0	5.4	5.0	-11.0	16.0	
5.73047	0.2	8474	21.4	16.0	5.4	5.0	-11.0	16.0	
5.73438	0.2	8474	21.4	16.0	5.4	5.0	-11.0	16.0	
5.73828	0.2	8474	21.4	16.0	5.4	5.0	-11.0	16.0	
5.74219	0.2	8474	21.4	16.0	5.4	5.0	-11.0	16.0	
5.74609	0.2	8474	21.4	16.0	5.4	5.0	-11.0	16.0	
5.75000	0.2	8474	21.5	16.0	5.5	5.0	-11.0	16.0	
5.75391	0.2	8474	21.4	16.0	5.4	5.0	-11.0	16.0	
5.75781	0.2	8474	21.5	16.0	5.5	5.0	-11.0	16.0	
5.76172	0.3	8474	21.5	16.0	5.5	5.0	-11.0	16.0	
5.76562	0.2	8474	21.5	16.0	5.5	5.0	-11.0	16.0	
5.76953	0.2	8474	21.5	16.0	5.5	5.0	-11.0	16.0	
5.77344	0.2	8474	21.5	16.0	5.5	5.0	-11.0	16.0	
5.77734	0.2	8474	21.5	16.0	5.5	5.0	-11.0	16.0	
5.78125	0.3	8474	21.5	16.0	5.5	5.0	-11.0	16.0	
5.78516	0.3	8474	21.5	15.9	5.6	5.0	-10.9	15.9	
5.78906	0.3	8474	21.5	15.9	5.6	5.0	-10.9	15.9	
5.79297	0.2	8474	21.5	15.9	5.6	5.0	-10.9	15.9	
5.79688	0.2	8474	21.6	15.9	5.7	5.0	-10.9	15.9	
5.80078	0.2	8474	21.6	15.9	5.7	5.0	-10.9	15.9	
5.80469	0.2	8474	21.6	15.9	5.7	5.0	-10.9	15.9	
5.80859	0.2	8474	21.6	15.9	5.7	5.0	-10.9	15.9	
5.81250	0.2	8474	21.6	15.9	5.7	5.0	-10.9	15.9	
5.81641	0.2	8474	21.6	15.9	5.7	5.0	-10.9	15.9	
5.82031	0.2	8474	21.6	15.9	5.7	5.0	-10.9	15.9	
5.82422	0.2	8474	21.6	15.9	5.7	5.0	-10.9	15.9	
5.82812	0.2	8474	21.6	15.9	5.7	5.0	-10.9	15.9	
5.83203	0.2	8474	21.7	15.9	5.8	5.0	-10.9	15.9	
5.83594	0.2	8474	21.7	15.9	5.8	5.0	-10.9	15.9	
5.83984	0.3	8474	21.7	15.9	5.8	5.0	-10.9	15.9	
5.84375	0.2	8474	21.7	15.9	5.8	5.0	-10.9	15.9	
5.84766	0.2	8474	21.7	15.9	5.8	5.0	-10.9	15.9	
5.85156	0.2	8475	21.7	15.9	5.8	5.0	-10.9	15.9	
5.85547	0.2	8475	21.7	15.9	5.8	5.0	-10.9	15.9	
5.85938	0.2	8475	21.8	15.9	5.9	5.0	-10.9	15.9	
5.86328	0.2	8475	21.8	15.9	5.9	5.0	-10.9	15.9	
5.86719	0.2	8475	21.8	15.9	5.9	5.0	-10.9	15.9	
5.87109	0.2	8475	21.8	15.9	5.9	5.0	-10.9	15.9	
5.87500	0.3	8475	21.8	15.9	5.9	5.0	-10.9	15.9	
5.87891	0.3	8475	21.8	15.9	5.9	5.0	-10.9	15.9	
5.88281	0.3	8475	21.8	15.9	5.9	5.0	-10.9	15.9	
5.88672	0.3	8475	21.8	15.9	5.9	5.0	-10.9	15.9	
5.89062	0.3	8475	21.8	15.9	5.9	5.0	-10.9	15.9	
5.89453	0.3	8475	21.8	15.9	5.9	5.0	-10.9	15.9	
5.89844	0.3	8475	21.8	15.9	5.9	5.0	-10.9	15.9	
5.90234	0.3	8475	21.8	15.9	5.9	5.0	-10.9	15.9	
5.90625	0.3	8475	21.8	15.9	5.9	5.0	-10.9	15.9	
5.91016	0.3	8475	21.7	15.9	5.8	5.0	-10.9	15.9	
5.91406	0.3	8475	21.7	15.9	5.8	5.0	-10.9	15.9	
5.91797	0.3	8475	21.7	15.8	5.9	5.0	-10.8	15.8	
5.92188	0.3	8475	21.7	15.9	5.8	5.0	-10.9	15.9	
5.92578	0.2	8475	21.8	15.8	6.0	5.0	-10.8	15.8	
5.92969	0.2	8475	21.8	15.8	6.0	5.0	-10.8	15.8	
5.93359	0.2	8475	21.8	15.9	5.9	5.0	-10.9	15.9	
5.93750	0.2	8475	21.8	15.8	6.0	5.0	-10.8	15.8	
5.94141	0.2	8475	21.8	15.8	6.0	5.0	-10.8	15.8	
5.94531	0.2	8475	21.8	15.8	6.0	5.0	-10.8	15.8	
5.94922	0.2	8475	21.8	15.8	6.0	5.0	-10.8	15.8	
5.95312	0.2	8475	21.8	15.8	6.0	5.0	-10.8	15.8	
5.95703	0.2	8475	21.8	15.8	6.0	5.0	-10.8	15.8	
5.96094	0.2	8475	21.8	15.8	6.0	5.0	-10.8	15.8	
5.96484	0.2	8475	21.8	15.8	6.0	5.0	-10.8	15.8	
5.96875	0.2	8475	21.8	15.8	6.0	5.0	-10.8	15.8	
5.97266	0.2	8475	21.8	15.8	6.0	5.0	-10.8	15.8	
5.97656	0.2	8475	21.9	15.8	6.1	5.0	-10.8	15.8	
5.98047	0.2	8475	21.9	15.8	6.1	5.0	-10.8	15.8	
5.98438	0.2	8475	21.9	15.8	6.1	5.0	-10.8	15.8	
5.98828	0.2	8475	21.9	15.8	6.1	5.0	-10.8	15.8	
5.99219	0.2	8475	21.9	15.8	6.1	5.0	-10.8	15.8	
5.99609	0.2	8475	21.9	15.9	6.0	5.0	-10.9	15.9	
6.00000	0.2	8475	22.0	15.9	6.1	5.0	-10.9	15.9	
6.00391	0.2	8475	22.0	15.9	6.1	5.0	-10.9	15.9	
6.00781	0.2	8475	22.0	15.9	6.1	5.0	-10.9	15.9	
6.01172	0.2	8475	22.0	15.9	6.1	5.0	-10.9	15.9	
6.01562	0.2	8475	22.0	15.9	6.1	5.0	-10.9	15.9	
6.01953	0.2	8475	22.0	15.9	6.1	5.0	-10.9	15.9	
6.02344	0.3	8475	22.0	15.9	6.1	5.0	-10.9	15.9	
6.02734	0.3	8475	22.1	15.9	6.2	5.0	-10.9	15.9	
6.03125	0.3	8475	22.0	15.9	6.1	5.0	-10.9	15.9	
6.03516	0.3	8475	22.0	15.8	6.2	5.0	-10.8	15.8	
6.03906	0.3	8475	22.0	15.8	6.2	5.0	-10.8	15.8	
6.04297	0.4	8475	22.0	15.8	6.2	5.0	-10.8	15.8	
6.04688	0.4	8475	22.0	15.8	6.2	5.0	-10.8	15.8	
6.05078	0.4	8475	22.0	15.8	6.2	5.0	-10.8	15.8	
6.05469	0.4	8475	22.0	15.8	6.2	5.0	-10.8	15.8	
6.05859	0.4	8475	21.9	15.8	6.1	5.0	-10.8	15.8	
6.06250	0.4	8475	21.9	15.8	6.1	5.0	-10.8	15.8	
6.06641	0.4	8475	21.9	15.8	6.1	5.0	-10.8	15.8	
6.07031	0.3	8475	21.9	15.8	6.1	5.0	-10.8	15.8	
6.07422	0.3	8475	21.9	15.8	6.1	5.0	-10.8	15.8	
6.07812	0.3	8475	21.9	15.8	6.1	5.0	-10.8	15.8	
6.08203	0.3	8476	21.9	15.8	6.1	5.0	-10.8	15.8	
6.08594	0.2	8476	21.9	15.8	6.1	5.0	-10.8	15.8	
6.08984	0.1	8476	21.9	15.8	6.1	5.0	-10.8	15.8	
6.09375	0.1	8476	21.9	15.8	6.1	5.0	-10.8	15.8	
6.09766	-0.1	8476	22.0	15.8	6.2	5.0	-10.8	15.8	
6.10156	-0.1	8476	22.0	15.8	6.2	5.0	-10.8	15.8	
6.10547	-0.2	8476	22.0	15.8	6.2	5.0	-10.8	15.8	
6.10938	-0.3	8475	22.1	15.8	6.3	5.0	-10.8	15.8	
6.11328	-0.3	8475	22.1	15.7	6.4	5.0	-10.7	15.7	
6.11719	-0.3	8475	22.2	15.8	6.4	5.0	-10.8	15.8	
6.12109	-0.3	8475	22.3	15.8	6.5	5.0	-10.8	15.8	
6.12500	-0.2	8475	22.3	15.8	6.5	5.0	-10.8	15.8	
6.12891	-0.2	8475	22.4	15.8	6.6	5.0	-10.8	15.8	
6.13281	-0.1	8475	22.4	15.7	6.7	5.0	-10.7	15.7	
6.13672	-0.0	8475	22.5	15.7	6.8	5.0	-10.7	15.7	
6.14062	0.0	8475	22.5	15.7	6.8	5.0	-10.7	15.7	
6.14453	0.1	8475	22.5	15.7	6.8	5.0	-10.7	15.7	
6.14844	0.2	8475	22.5	15.8	6.7	5.0	-10.8	15.8	
6.15234	0.3	8475	22.5	15.8	6.7	5.0	-10.8	15.8	
6.15625	0.4	8475	22.5	15.7	6.8	5.0	-10.7	15.7	
6.16016	0.5	8476	22.5	15.7	6.8	5.0	-10.7	15.7	
6.16406	0.5	8476	22.4	15.7	6.7	5.0	-10.7	15.7	
6.16797	0.5	8476	22.4	15.7	6.7	5.0	-10.7	15.7	
6.17188	0.6	8476	22.4	15.7	6.7	5.0	-10.7	15.7	
6.17578	0.6	8476	22.3	15.7	6.6	5.0	-10.7	15.7	
6.17969	0.6	8476	22.3	15.7	6.6	5.0	-10.7	15.7	
6.18359	0.6	8476	22.3	15.7	6.6	5.0	-10.7	15.7	
6.18750	0.5	8476	22.2	15.7	6.5	5.0	-10.7	15.7	
6.19141	0.5	8476	22.2	15.7	6.5	5.0	-10.7	15.7	
6.19531	0.4	8476	22.2	15.7	6.5	5.0	-10.7	15.7	
6.19922	0.4	8476	22.1	15.7	6.4	5.0	-10.7	15.7	
6.20312	0.3	8476	22.1	15.7	6.4	5.0	-10.7	15.7	
6.20703	0.3	8476	22.1	15.7	6.4	5.0	-10.7	15.7	
6.21094	0.2	8476	22.1	15.7	6.4	5.0	-10.7	15.7	
6.21484	0.2	8476	22.1	15.7	6.4	5.0	-10.7	15.7	
6.21875	0.2	8476	22.1	15.7	6.4	5.0	-10.7	15.7	
6.22266	0.1	8476	22.1	15.7	6.4	5.0	-10.7	15.7	
6.22656	0.2	8476	22.1	15.7	6.4	5.0	-10.7	15.7	
6.23047	0.2	8476	22.2	15.7	6.5	5.0	-10.7	15.7	
6.23438	0.2	8476	22.2	15.7	6.5	5.0	-10.7	15.7	
6.23828	0.2	8476	22.2	15.7	6.5	5.0	-10.7	15.7	
6.24219	0.2	8476	22.2	15.7	6.5	5.0	-10.7	15.7	
6.24609	0.2	8476	22.2	15.7	6.5	5.0	-10.7	15.7	
6.25000	0.3	8476	22.2	15.7	6.5	5.0	-10.7	15.7	
6.25391	0.3	8476	22.2	15.7	6.5	5.0	-10.7	15.7	
6.25781	0.3	8476	22.2	15.7	6.5	5.0	-10.7	15.7	
6.26172	0.4	8476	22.2	15.7	6.5	5.0	-10.7	15.7	
6.26562	0.4	8476	22.2	15.7	6.5	5.0	-10.7	15.7	
6.26953	0.4	8476	22.2	15.7	6.5	5.0	-10.7	15.7	
6.27344	0.5	8476	22.2	15.7	6.5	5.0	-10.7	15.7	
6.27734	0.5	8476	22.1	15.7	6.4	5.0	-10.7	15.7	
6.28125	0.5	8476	22.1	15.7	6.4	5.0	-10.7	15.7	
6.28516	0.5	8476	22.1	15.7	6.4	5.0	-10.7	15.7	
6.28906	0.5	8476	22.0	15.7	6.3	5.0	-10.7	15.7	
6.29297	0.4	8476	22.0	15.7	6.3	5.0	-10.7	15.7	
6.29688	0.4	8476	22.0	15.7	6.3	5.0	-10.7	15.7	
6.30078	0.4	8476	21.9	15.7	6.2	5.0	-10.7	15.7	
6.30469	0.4	8476	21.9	15.7	6.2	5.0	-10.7	15.7	
6.30859	0.3	8476	21.9	15.7	6.2	5.0	-10.7	15.7	
6.31250	0.2	8476	21.9	15.7	6.2	5.0	-10.7	15.7	
6.31641	0.2	8476	21.9	15.7	6.2	5.0	-10.7	15.7	
6.32031	0.2	8476	21.9	15.7	6.2	5.0	-10.7	15.7	
6.32422	0.2	8476	21.9	15.7	6.2	5.0	-10.7	15.7	
6.32812	0.2	8476	21.9	15.7	6.2	5.0	-10.7	15.7	
6.33203	0.2	8477	21.9	15.7	6.2	5.0	-10.7	15.7	
6.33594	0.2	8477	21.9	15.7	6.2	5.0	-10.7	15.7	
6.33984	0.2	8477	21.9	15.7	6.2	5.0	-10.7	15.7	
6.34375	0.2	8477	21.9	15.7	6.2	5.0	-10.7	15.7	
6.34766	0.2	8477	21.9	15.7	6.2	5.0	-10.7	15.7	
6.35156	0.2	8477	22.0	15.7	6.3	5.0	-10.7	15.7	
6.35547	0.2	8477	22.0	15.7	6.3	5.0	-10.7	15.7	
6.35938	0.3	8477	21.9	15.7	6.2	5.0	-10.7	15.7	
6.36328	0.3	8477	21.9	15.7	6.2	5.0	-10.7	15.7	
6.36719	0.3	8477	22.0	15.7	6.3	5.0	-10.7	15.7	
6.37109	0.3	8477	21.9	15.7	6.2	5.0	-10.7	15.7	
6.37500	0.3	8477	21.9	15.7	6.2	5.0	-10.7	15.7	
6.37891	0.3	8477	21.9	15.7	6.2	5.0	-10.7	15.7	
6.38281	0.4	8477	21.9	15.7	6.2	5.0	-10.7	15.7	
6.38672	0.4	8477	21.9	15.7	6.2	5.0	-10.7	15.7	
6.39062	0.4	8477	21.9	15.7	6.2	5.0	-10.7	15.7	
6.39453	0.3	8477	21.8	15.7	6.1	5.0	-10.7	15.7	
6.39844	0.3	8477	21.8	15.7	6.1	5.0	-10.7	15.7	
6.40234	0.3	8477	21.8	15.7	6.1	5.0	-10.7	15.7	
6.40625	0.3	8477	21.8	15.7	6.1	5.0	-10.7	15.7	
6.41016	0.3	8477	21.8	15.7	6.1	5.0	-10.7	15.7	
6.41406	0.3	8477	21.8	15.7	6.1	5.0	-10.7	15.7	
6.41797	0.3	8477	21.8	15.7	6.1	5.0	-10.7	15.7	
6.42188	0.3	8477	21.8	15.7	6.1	5.0	-10.7	15.7	
6.42578	0.3	8477	21.8	15.7	6.1	5.0	-10.7	15.7	
6.42969	0.3	8477	21.8	15.7	6.1	5.0	-10.7	15.7	
6.43359	0.2	8477	21.8	15.7	6.1	5.0	-10.7	15.7	
6.43750	0.2	8477	21.8	15.7	6.1	5.0	-10.7	15.7	
6.44141	0.2	8477	21.8	15.7	6.1	5.0	-10.7	15.7	
6.44531	0.2	8477	21.8	15.7	6.1	5.0	-10.7	15.7	
6.44922	0.2	8477	21.8	15.7	6.1	5.0	-10.7	15.7	
6.45312	0.2	8477	21.8	15.7	6.1	5.0	-10.7	15.7	
6.45703	0.2	8477	21.9	15.7	6.2	5.0	-10.7	15.7	
6.46094	0.2	8477	21.9	15.7	6.2	5.0	-10.7	15.7	
6.46484	0.2	8477	21.9	15.7	6.2	5.0	-10.7	15.7	
6.46875	0.2	8477	21.9	15.7	6.2	5.0	-10.7	15.7	
6.47266	0.2	8477	21.9	15.7	6.2	5.0	-10.7	15.7	
6.47656	0.3	8477	21.9	15.7	6.2	5.0	-10.7	15.7	
6.48047	0.3	8477	21.9	15.7	6.2	5.0	-10.7	15.7	
6.48438	0.2	8477	22.0	15.7	6.3	5.0	-10.7	15.7	
6.48828	0.2	8477	22.0	15.7	6.3	5.0	-10.7	15.7	
6.49219	0.3	8477	22.0	15.7	6.3	5.0	-10.7	15.7	
6.49609	0.2	8477	22.0	15.7	6.3	5.0	-10.7	15.7	
6.50000	0.2	8477	22.0	15.7	6.3	5.0	-10.7	15.7	
6.50391	0.3	8477	22.0	15.7	6.3	5.0	-10.7	15.7	
6.50781	0.3	8477	22.0	15.7	6.3	5.0	-10.7	15.7	
6.51172	0.2	8477	22.0	15.7	6.3	5.0	-10.7	15.7	
6.51562	0.2	8477	22.0	15.7	6.3	5.0	-10.7	15.7	
6.51953	0.2	8477	22.0	15.7	6.3	5.0	-10.7	15.7	
6.52344	0.2	8477	22.1	15.7	6.4	5.0	-10.7	15.7	
6.52734	0.2	8477	22.1	15.7	6.4	5.0	-10.7	15.7	
6.53125	0.2	8477	22.1	15.7	6.4	5.0	-10.7	15.7	
6.53516	0.2	8477	22.1	15.7	6.4	5.0	-10.7	15.7	
6.53906	0.2	8477	22.1	15.7	6.4	5.0	-10.7	15.7	
6.54297	0.2	8477	22.1	15.7	6.4	5.0	-10.7	15.7	
6.54688	0.2	8477	22.1	15.7	6.4	5.0	-10.7	15.7	
6.55078	0.2	8477	22.1	15.8	6.3	5.0	-10.8	15.8	
6.55469	0.2	8477	22.1	15.7	6.4	5.0	-10.7	15.7	
6.55859	0.2	8477	22.1	15.7	6.4	5.0	-10.7	15.7	
6.56250	0.2	8477	22.2	15.7	6.5	5.0	-10.7	15.7	
6.56641	0.2	8477	22.2	15.7	6.5	5.0	-10.7	15.7	
6.57031	0.3	8477	22.2	15.7	6.5	5.0	-10.7	15.7	
6.57422	0.3	8478	22.2	15.7	6.5	5.0	-10.7	15.7	
6.57812	0.2	8478	22.2	15.7	6.5	5.0	-10.7	15.7	
6.58203	0.2	8478	22.2	15.7	6.5	5.0	-10.7	15.7	
6.58594	0.3	8478	22.2	15.7	6.5	5.0	-10.7	15.7	
6.58984	0.3	8478	22.2	15.7	6.5	5.0	-10.7	15.7	
6.59375	0.2	8478	22.2	15.7	6.5	5.0	-10.7	15.7	
6.59766	0.2	8478	22.2	15.7	6.5	5.0	-10.7	15.7	
6.60156	0.3	8478	22.2	15.7	6.5	5.0	-10.7	15.7	
6.60547	0.3	8478	22.2	15.7	6.5	5.0	-10.7	15.7	
6.60938	0.2	8478	22.2	15.7	6.5	5.0	-10.7	15.7	
6.61328	0.2	8478	22.2	15.7	6.5	5.0	-10.7	15.7	
6.61719	0.3	8478	22.2	15.7	6.5	5.0	-10.7	15.7	
6.62109	0.3	8478	22.2	15.7	6.5	5.0	-10.7	15.7	
6.62500	0.3	8478	22.2	15.8	6.4	5.0	-10.8	15.8	
6.62891	0.2	8478	22.2	15.7	6.5	5.0	-10.7	15.7	
6.63281	0.2	8478	22.2	15.7	6.5	5.0	-10.7	15.7	
6.63672	0.2	8478	22.2	15.7	6.5	5.0	-10.7	15.7	
6.64062	0.2	8478	22.2	15.8	6.4	5.0	-10.8	15.8	
6.64453	0.3	8478	22.2	15.8	6.4	5.0	-10.8	15.8	
6.64844	0.2	8478	22.3	15.7	6.6	5.0	-10.7	15.7	
6.65234	0.2	8478	22.3	15.8	6.5	5.0	-10.8	15.8	
6.65625	0.2	8478	22.3	15.8	6.5	5.0	-10.8	15.8	
6.66016	0.2	8478	22.3	15.8	6.5	5.0	-10.8	15.8	
6.66406	0.2	8478	22.3	15.8	6.5	5.0	-10.8	15.8	
6.66797	0.2	8478	22.3	15.8	6.5	5.0	-10.8	15.8	
6.67188	0.2	8478	22.3	15.8	6.5	5.0	-10.8	15.8	
6.67578	0.2	8478	22.4	15.8	6.6	5.0	-10.8	15.8	
6.67969	0.2	8478	22.4	15.8	6.6	5.0	-10.8	15.8	
6.68359	0.2	8478	22.4	15.8	6.6	5.0	-10.8	15.8	
6.68750	0.2	8478	22.4	15.8	6.6	5.0	-10.8	15.8	
6.69141	0.1	8478	22.4	15.8	6.6	5.0	-10.8	15.8	
6.69531	0.2	8478	22.5	15.8	6.7	5.0	-10.8	15.8	
6.69922	0.2	8478	22.5	15.8	6.7	5.0	-10.8	15.8	
6.70312	0.2	8478	22.5	15.8	6.7	5.0	-10.8	15.8	
6.70703	0.2	8478	22.5	15.8	6.7	5.0	-10.8	15.8	
6.71094	0.2	8478	22.5	15.8	6.7	5.0	-10.8	15.8	
6.71484	0.2	8478	22.6	15.8	6.8	5.0	-10.8	15.8	
6.71875	0.2	8478	22.6	15.8	6.8	5.0	-10.8	15.8	
6.72266	0.2	8478	22.6	15.8	6.8	5.0	-10.8	15.8	
6.72656	0.2	8478	22.6	15.8	6.8	5.0	-10.8	15.8	
6.73047	0.2	8478	22.6	15.8	6.8	5.0	-10.8	15.8	
6.73438	0.2	8478	22.7	15.8	6.9	5.0	-10.8	15.8	
6.73828	0.2	8478	22.7	15.9	6.8	5.0	-10.9	15.9	
6.74219	0.2	8478	22.7	15.9	6.8	5.0	-10.9	15.9	
6.74609	0.3	8478	22.7	15.9	6.8	5.0	-10.9	15.9	
6.75000	0.3	8478	22.7	15.9	6.8	5.0	-10.9	15.9	
6.75391	0.3	8478	22.7	15.9	6.8	5.0	-10.9	15.9	
6.75781	0.3	8478	22.7	15.9	6.8	5.0	-10.9	15.9	
6.76172	0.3	8478	22.7	15.9	6.8	5.0	-10.9	15.9	
6.76562	0.4	8478	22.6	15.9	6.7	5.0	-10.9	15.9	
6.76953	0.4	8478	22.6	15.8	6.8	5.0	-10.8	15.8	
6.77344	0.3	8478	22.6	15.8	6.8	5.0	-10.8	15.8	
6.77734	0.3	8478	22.6	15.8	6.8	5.0	-10.8	15.8	
6.78125	0.3	8478	22.6	15.8	6.8	5.0	-10.8	15.8	
6.78516	0.3	8478	22.6	15.8	6.8	5.0	-10.8	15.8	
6.78906	0.2	8478	22.6	15.8	6.8	5.0	-10.8	15.8	
6.79297	0.2	8478	22.6	15.9	6.7	5.0	-10.9	15.9	
6.79688	0.1	8478	22.6	15.9	6.7	5.0	-10.9	15.9	
6.80078	0.1	8478	22.7	15.8	6.9	5.0	-10.8	15.8	
6.80469	-0.0	8478	22.7	15.9	6.8	5.0	-10.9	15.9	
6.80859	-0.1	8478	22.7	15.8	6.9	5.0	-10.8	15.8	
6.81250	-0.2	8478	22.8	15.8	7.0	5.0	-10.8	15.8	
6.81641	-0.3	8478	22.9	15.8	7.1	5.0	-10.8	15.8	
6.82031	-0.3	8478	22.9	15.8	7.1	5.0	-10.8	15.8	
6.82422	-0.3	8478	23.0	15.8	7.2	5.0	-10.8	15.8	
6.82812	-0.3	8478	23.0	15.8	7.2	5.0	-10.8	15.8	
6.83203	-0.3	8478	23.1	15.8	7.3	5.0	-10.8	15.8	
6.83594	-0.3	8478	23.2	15.8	7.4	5.0	-10.8	15.8	
6.83984	-0.3	8478	23.2	15.8	7.4	5.0	-10.8	15.8	
6.84375	-0.1	8478	23.2	15.8	7.4	5.0	-10.8	15.8	
6.84766	-0.0	8478	23.3	15.9	7.4	5.0	-10.9	15.9	
6.85156	0.0	8478	23.3	15.8	7.5	5.0	-10.8	15.8	
6.85547	0.1	8478	23.3	15.8	7.5	5.0	-10.8	15.8	
6.85938	0.2	8478	23.3	15.9	7.4	5.0	-10.9	15.9	
6.86328	0.3	8478	23.4	15.9	7.5	5.0	-10.9	15.9	
6.86719	0.4	8478	23.4	15.8	7.6	5.0	-10.8	15.8	
6.87109	0.4	8478	23.3	15.9	7.4	5.0	-10.9	15.9	
6.87500	0.5	8478	23.3	15.9	7.4	5.0	-10.9	15.9	
6.87891	0.5	8478	23.3	15.9	7.4	5.0	-10.9	15.9	
6.88281	0.5	8478	23.2	15.9	7.3	5.0	-10.9	15.9	
6.88672	0.6	8478	23.2	15.9	7.3	5.0	-10.9	15.9	
6.89062	0.6	8478	23.1	15.9	7.2	5.0	-10.9	15.9	
6.89453	0.6	8479	23.1	15.9	7.2	5.0	-10.9	15.9	
6.89844	0.5	8479	23.1	15.9	7.2	5.0	-10.9	15.9	
6.90234	0.5	8479	23.0	15.9	7.1	5.0	-10.9	15.9	
6.90625	0.4	8479	23.0	15.9	7.1	5.0	-10.9	15.9	
6.91016	0.4	8479	23.0	15.9	7.1	5.0	-10.9	15.9	
6.91406	0.3	8479	22.9	15.9	7.0	5.0	-10.9	15.9	
6.91797	0.3	8479	22.9	15.9	7.0	5.0	-10.9	15.9	
6.92188	0.2	8479	22.9	15.9	7.0	5.0	-10.9	15.9	
6.92578	0.2	8479	22.9	15.9	7.0	5.0	-10.9	15.9	
6.92969	0.2	8479	22.9	15.9	7.0	5.0	-10.9	15.9	
6.93359	0.2	8479	22.9	15.9	7.0	5.0	-10.9	15.9	
6.93750	0.2	8479	22.9	15.9	7.0	5.0	-10.9	15.9	
6.94141	0.2	8479	22.9	15.9	7.0	5.0	-10.9	15.9	
6.94531	0.2	8479	22.9	15.9	7.0	5.0	-10.9	15.9	
6.94922	0.2	8479	23.0	15.9	7.1	5.0	-10.9	15.9	
6.95312	0.2	8479	23.0	15.9	7.1	5.0	-10.9	15.9	
6.95703	0.2	8479	23.0	15.9	7.1	5.0	-10.9	15.9	
6.96094	0.3	8479	23.0	15.9	7.1	5.0	-10.9	15.9	
6.96484	0.3	8479	23.0	15.9	7.1	5.0	-10.9	15.9	
6.96875	0.3	8479	22.9	15.9	7.0	5.0	-10.9	15.9	
6.97266	0.4	8479	22.9	15.9	7.0	5.0	-10.9	15.9	
6.97656	0.4	8479	22.9	15.9	7.0	5.0	-10.9	15.9	
6.98047	0.4	8479	22.9	15.9	7.0	5.0	-10.9	15.9	
6.98438	0.4	8479	22.9	15.9	7.0	5.0	-10.9	15.9	
6.98828	0.5	8479	22.9	15.9	7.0	5.0	-10.9	15.9	
6.99219	0.5	8479	22.8	15.9	6.9	5.0	-10.9	15.9	
6.99609	0.4	8479	22.8	15.9	6.9	5.0	-10.9	15.9	
7.00000	0.4	8479	22.8	15.9	6.9	5.0	-10.9	15.9	
7.00391	0.4	8479	22.7	15.9	6.8	5.0	-10.9	15.9	
7.00781	0.4	8479	22.7	15.9	6.8	5.0	-10.9	15.9	
7.01172	0.4	8479	22.7	15.9	6.8	5.0	-10.9	15.9	
7.01562	0.3	8479	22.7	15.9	6.8	5.0	-10.9	15.9	
7.01953	0.3	8479	22.6	15.9	6.7	5.0	-10.9	15.9	
7.02344	0.3	8479	22.7	15.9	6.8	5.0	-10.9	15.9	
7.02734	0.3	8479	22.7	15.9	6.8	5.0	-10.9	15.9	
7.03125	0.2	8479	22.6	15.9	6.7	5.0	-10.9	15.9	
7.03516	0.2	8479	22.6	15.9	6.7	5.0	-10.9	15.9	
7.03906	0.2	8479	22.6	15.9	6.7	5.0	-10.9	15.9	
7.04297	0.2	8479	22.6	16.0	6.6	5.0	-11.0	16.0	
7.04688	0.2	8479	22.7	16.0	6.7	5.0	-11.0	16.0	
7.05078	0.2	8479	22.7	16.0	6.7	5.0	-11.0	16.0	
7.05469	0.2	8479	22.7	16.0	6.7	5.0	-11.0	16.0	
7.05859	0.2	8479	22.7	16.0	6.7	5.0	-11.0	16.0	
7.06250	0.3	8479	22.7	15.9	6.8	5.0	-10.9	15.9	
7.06641	0.3	8479	22.7	16.0	6.7	5.0	-11.0	16.0	
7.07031	0.3	8479	22.7	16.0	6.7	5.0	-11.0	16.0	
7.07422	0.3	8479	22.7	16.0	6.7	5.0	-11.0	16.0	
7.07812	0.3	8479	22.7	16.0	6.7	5.0	-11.0	16.0	
7.08203	0.3	8479	22.7	16.0	6.7	5.0	-11.0	16.0	
7.08594	0.3	8479	22.7	16.0	6.7	5.0	-11.0	16.0	
7.08984	0.3	8479	22.7	16.0	6.7	5.0	-11.0	16.0	
7.09375	0.3	8480	22.7	16.0	6.7	5.0	-11.0	16.0	
7.09766	0.3	8480	22.6	16.0	6.6	5.1	-10.9	16.0	
7.10156	0.3	8480	22.6	16.0	6.6	5.1	-10.9	16.0	
7.10547	0.3	8480	22.6	16.0	6.6	5.1	-10.9	16.0	
