FluxView - FluxMed acquisition system
Signal file
Serial Number	:
W version:	1.20h-OX-CO2	File version:	1.13
Sampling rate:	256 Hz
Time	Flow	Volume	Paw	Pes	Ptpulm	Pga	Ptdiaf	CO2	
0.00391	-0.5	-474	17.5	18.5	-1.0	18.5	0.0	18.5	
0.00781	-0.4	-474	17.4	18.5	-1.1	18.5	0.0	18.5	
0.01172	-0.2	-474	17.3	18.5	-1.2	18.5	0.0	18.5	
0.01562	-0.1	-474	17.2	18.5	-1.3	18.5	0.0	18.5	
0.01953	0.1	-474	17.1	18.5	-1.4	18.5	0.0	18.5	
0.02344	0.2	-474	16.9	18.4	-1.5	18.4	0.0	18.4	
0.02734	0.4	-474	16.8	18.4	-1.6	18.4	0.0	18.4	
0.03125	0.6	-474	16.6	18.3	-1.7	18.3	0.0	18.3	
0.03516	0.8	-474	16.5	18.3	-1.8	18.3	0.0	18.3	
0.03906	1.0	-474	16.3	18.3	-2.0	18.3	0.0	18.3	
0.04297	1.3	-473	16.2	18.2	-2.0	18.2	0.0	18.2	
0.04688	1.6	-473	16.0	18.2	-2.2	18.2	0.0	18.2	
0.05078	1.8	-473	15.9	18.1	-2.2	18.1	0.0	18.1	
0.05469	2.1	-473	15.7	18.1	-2.4	18.1	0.0	18.1	
0.05859	2.3	-473	15.6	18.0	-2.4	18.0	0.0	18.0	
0.06250	2.6	-473	15.4	18.0	-2.6	18.0	0.0	18.0	
0.06641	2.9	-473	15.3	17.9	-2.6	17.9	0.0	17.9	
0.07031	3.2	-472	15.1	17.9	-2.8	17.9	0.0	17.9	
0.07422	3.4	-472	15.0	17.8	-2.8	17.8	0.0	17.8	
0.07812	3.6	-472	14.8	17.8	-3.0	17.8	0.0	17.8	
0.08203	3.8	-472	14.7	17.7	-3.0	17.7	0.0	17.7	
0.08594	3.9	-471	14.5	17.6	-3.1	17.6	0.0	17.6	
0.08984	4.0	-471	14.4	17.6	-3.2	17.6	0.0	17.6	
0.09375	4.2	-471	14.3	17.5	-3.2	17.5	0.0	17.5	
0.09766	4.2	-471	14.1	17.4	-3.3	17.4	0.0	17.4	
0.10156	4.2	-470	14.0	17.4	-3.4	17.4	0.0	17.4	
0.10547	4.3	-470	13.9	17.3	-3.4	17.3	0.0	17.3	
0.10938	4.2	-470	13.7	17.3	-3.6	17.3	0.0	17.3	
0.11328	4.1	-470	13.6	17.2	-3.6	17.2	0.0	17.2	
0.11719	3.9	-469	13.5	17.1	-3.6	17.1	0.0	17.1	
0.12109	3.7	-469	13.3	17.1	-3.8	17.1	0.0	17.1	
0.12500	3.5	-469	13.2	17.0	-3.8	17.0	0.0	17.0	
0.12891	3.2	-469	13.0	16.9	-3.9	16.9	0.0	16.9	
0.13281	2.9	-468	12.9	16.9	-4.0	16.9	0.0	16.9	
0.13672	2.6	-468	12.8	16.8	-4.0	16.8	0.0	16.8	
0.14062	2.3	-468	12.7	16.7	-4.0	16.7	0.0	16.7	
0.14453	1.9	-468	12.6	16.7	-4.1	16.7	0.0	16.7	
0.14844	1.7	-468	12.5	16.6	-4.1	16.6	0.0	16.6	
0.15234	1.4	-468	12.4	16.6	-4.2	16.6	0.0	16.6	
0.15625	1.2	-468	12.3	16.5	-4.2	16.5	0.0	16.5	
0.16016	1.1	-468	12.2	16.4	-4.2	16.4	0.0	16.4	
0.16406	0.9	-468	12.1	16.4	-4.3	16.4	0.0	16.4	
0.16797	0.8	-467	12.0	16.3	-4.3	16.3	0.0	16.3	
0.17188	0.8	-467	11.9	16.3	-4.4	16.3	0.0	16.3	
0.17578	0.8	-467	11.9	16.2	-4.3	16.2	0.0	16.2	
0.17969	0.8	-467	11.8	16.1	-4.3	16.1	0.0	16.1	
0.18359	0.8	-467	11.7	16.1	-4.4	16.1	0.0	16.1	
0.18750	0.9	-467	11.6	16.0	-4.4	16.0	0.0	16.0	
0.19141	0.9	-467	11.5	16.0	-4.5	16.0	0.0	16.0	
0.19531	0.9	-467	11.5	15.9	-4.4	15.9	0.0	15.9	
0.19922	1.0	-467	11.4	15.9	-4.5	15.9	0.0	15.9	
0.20312	1.0	-467	11.3	15.8	-4.5	15.8	0.0	15.8	
0.20703	1.0	-467	11.2	15.7	-4.5	15.7	0.0	15.7	
0.21094	1.0	-467	11.1	15.7	-4.6	15.7	0.0	15.7	
0.21484	1.0	-467	11.0	15.6	-4.6	15.6	0.0	15.6	
0.21875	1.0	-467	11.0	15.5	-4.5	15.5	0.0	15.5	
0.22266	1.0	-467	10.9	15.5	-4.6	15.5	0.0	15.5	
0.22656	0.9	-467	10.8	15.4	-4.6	15.4	0.0	15.4	
0.23047	0.9	-467	10.7	15.4	-4.7	15.4	0.0	15.4	
0.23438	0.8	-466	10.7	15.3	-4.6	15.3	0.0	15.3	
0.23828	0.7	-466	10.6	15.2	-4.6	15.2	0.0	15.2	
0.24219	0.6	-466	10.5	15.1	-4.6	15.1	0.0	15.1	
0.24609	0.5	-466	10.5	15.1	-4.6	15.1	0.0	15.1	
0.25000	0.5	-466	10.4	15.0	-4.6	15.0	0.0	15.0	
0.25391	0.5	-466	10.3	15.0	-4.7	15.0	0.0	15.0	
0.25781	0.4	-466	10.3	14.9	-4.6	14.9	0.0	14.9	
0.26172	0.4	-466	10.2	14.8	-4.6	14.8	0.0	14.8	
0.26562	0.4	-466	10.2	14.7	-4.5	14.7	0.0	14.7	
0.26953	0.3	-466	10.1	14.6	-4.5	14.6	0.0	14.6	
0.27344	0.2	-466	10.1	14.6	-4.5	14.6	0.0	14.6	
0.27734	0.2	-466	10.0	14.5	-4.5	14.5	0.0	14.5	
0.28125	0.2	-466	10.0	14.4	-4.4	14.4	0.0	14.4	
0.28516	0.1	-466	10.0	14.3	-4.3	14.3	0.0	14.3	
0.28906	0.1	-466	9.9	14.3	-4.4	14.3	0.0	14.3	
0.29297	0.0	-466	9.8	14.2	-4.4	14.2	0.0	14.2	
0.29688	0.0	-466	9.8	14.1	-4.3	14.1	0.0	14.1	
0.30078	-0.0	-466	9.8	14.0	-4.2	14.0	0.0	14.0	
0.30469	-0.1	-466	9.7	14.0	-4.3	14.0	0.0	14.0	
0.30859	-0.0	-466	9.7	13.9	-4.2	13.9	0.0	13.9	
0.31250	-0.0	-466	9.7	13.8	-4.1	13.8	0.0	13.8	
0.31641	-0.1	-466	9.6	13.8	-4.2	13.8	0.0	13.8	
0.32031	-0.0	-466	9.6	13.7	-4.1	13.7	0.0	13.7	
0.32422	-0.0	-466	9.5	13.6	-4.1	13.6	0.0	13.6	
0.32812	-0.0	-466	9.5	13.6	-4.1	13.6	0.0	13.6	
0.33203	-0.0	-466	9.5	13.5	-4.0	13.5	0.0	13.5	
0.33594	-0.0	-466	9.4	13.4	-4.0	13.4	0.0	13.4	
0.33984	-0.0	-466	9.4	13.4	-4.0	13.4	0.0	13.4	
0.34375	0.0	-466	9.3	13.3	-4.0	13.3	0.0	13.3	
0.34766	-0.0	-466	9.3	13.2	-3.9	13.2	0.0	13.2	
0.35156	-0.0	-466	9.3	13.2	-3.9	13.2	0.0	13.2	
0.35547	0.0	-466	9.2	13.1	-3.9	13.1	0.0	13.1	
0.35938	0.0	-466	9.2	13.1	-3.9	13.1	0.0	13.1	
0.36328	-0.0	-466	9.1	13.0	-3.9	13.0	0.0	13.0	
0.36719	0.0	-466	9.1	13.0	-3.9	13.0	0.0	13.0	
0.37109	0.0	-466	9.0	12.9	-3.9	12.9	0.0	12.9	
0.37500	0.0	-466	9.0	12.9	-3.9	12.9	0.0	12.9	
0.37891	0.1	-466	8.9	12.8	-3.9	12.8	0.0	12.8	
0.38281	0.1	-466	8.9	12.8	-3.9	12.8	0.0	12.8	
0.38672	0.1	-466	8.8	12.7	-3.9	12.7	0.0	12.7	
0.39062	0.2	-466	8.8	12.7	-3.9	12.7	0.0	12.7	
0.39453	0.2	-466	8.7	12.6	-3.9	12.6	0.0	12.6	
0.39844	0.2	-466	8.7	12.6	-3.9	12.6	0.0	12.6	
0.40234	0.2	-466	8.6	12.6	-4.0	12.6	0.0	12.6	
0.40625	0.3	-466	8.6	12.5	-3.9	12.5	0.0	12.5	
0.41016	0.3	-466	8.5	12.5	-4.0	12.5	0.0	12.5	
0.41406	0.4	-466	8.4	12.4	-4.0	12.4	0.0	12.4	
0.41797	0.5	-466	8.4	12.4	-4.0	12.4	0.0	12.4	
0.42188	0.6	-466	8.3	12.3	-4.0	12.3	0.0	12.3	
0.42578	0.6	-466	8.2	12.3	-4.1	12.3	0.0	12.3	
0.42969	0.7	-466	8.1	12.2	-4.1	12.2	0.0	12.2	
0.43359	0.8	-466	8.1	12.2	-4.1	12.2	0.0	12.2	
0.43750	0.8	-466	8.0	12.1	-4.1	12.1	0.0	12.1	
0.44141	0.9	-466	7.9	12.1	-4.2	12.1	0.0	12.1	
0.44531	1.0	-466	7.8	12.0	-4.2	12.0	0.0	12.0	
0.44922	1.0	-466	7.7	12.0	-4.3	12.0	0.0	12.0	
0.45312	1.1	-466	7.6	11.9	-4.3	11.9	0.0	11.9	
0.45703	1.1	-465	7.5	11.8	-4.3	11.8	0.0	11.8	
0.46094	1.0	-465	7.4	11.8	-4.4	11.8	0.0	11.8	
0.46484	1.0	-465	7.4	11.7	-4.3	11.7	0.0	11.7	
0.46875	1.0	-465	7.3	11.6	-4.3	11.6	0.0	11.6	
0.47266	0.9	-465	7.2	11.6	-4.4	11.6	0.0	11.6	
0.47656	0.8	-465	7.1	11.5	-4.4	11.5	0.0	11.5	
0.48047	0.7	-465	7.1	11.4	-4.3	11.4	0.0	11.4	
0.48438	0.6	-465	7.0	11.3	-4.3	11.3	0.0	11.3	
0.48828	0.4	-465	6.9	11.3	-4.4	11.3	0.0	11.3	
0.49219	0.3	-465	6.9	11.2	-4.3	11.2	0.0	11.2	
0.49609	0.2	-465	6.9	11.1	-4.2	11.1	0.0	11.1	
0.50000	0.1	-465	6.8	11.1	-4.3	11.1	0.0	11.1	
0.50391	-0.0	-465	6.8	11.0	-4.2	11.0	0.0	11.0	
0.50781	-0.1	-465	6.8	10.9	-4.1	10.9	0.0	10.9	
0.51172	-0.2	-465	6.7	10.9	-4.2	10.9	0.0	10.9	
0.51562	-0.2	-465	6.7	10.8	-4.1	10.8	0.0	10.8	
0.51953	-0.2	-465	6.7	10.8	-4.1	10.8	0.0	10.8	
0.52344	-0.2	-465	6.6	10.7	-4.1	10.7	0.0	10.7	
0.52734	-0.1	-465	6.6	10.6	-4.0	10.6	0.0	10.6	
0.53125	-0.0	-465	6.5	10.6	-4.1	10.6	0.0	10.6	
0.53516	0.1	-465	6.5	10.5	-4.0	10.5	0.0	10.5	
0.53906	0.2	-465	6.4	10.5	-4.1	10.5	0.0	10.5	
0.54297	0.3	-465	6.4	10.4	-4.0	10.4	0.0	10.4	
0.54688	0.4	-465	6.3	10.4	-4.1	10.4	0.0	10.4	
0.55078	0.5	-465	6.2	10.3	-4.1	10.3	0.0	10.3	
0.55469	0.6	-465	6.2	10.3	-4.1	10.3	0.0	10.3	
0.55859	0.7	-465	6.1	10.2	-4.1	10.2	0.0	10.2	
0.56250	0.8	-465	6.0	10.2	-4.2	10.2	0.0	10.2	
0.56641	0.9	-465	5.9	10.1	-4.2	10.1	0.0	10.1	
0.57031	0.9	-465	5.8	10.1	-4.3	10.1	0.0	10.1	
0.57422	0.9	-465	5.8	10.0	-4.2	10.0	0.0	10.0	
0.57812	0.9	-465	5.7	9.9	-4.2	9.9	0.0	9.9	
0.58203	0.9	-465	5.6	9.9	-4.3	9.9	0.0	9.9	
0.58594	0.8	-464	5.5	9.8	-4.3	9.8	0.0	9.8	
0.58984	0.8	-464	5.5	9.8	-4.3	9.8	0.0	9.8	
0.59375	0.7	-464	5.4	9.7	-4.3	9.7	0.0	9.7	
0.59766	0.6	-464	5.3	9.6	-4.3	9.6	0.0	9.6	
0.60156	0.6	-464	5.3	9.6	-4.3	9.6	0.0	9.6	
0.60547	0.5	-464	5.2	9.6	-4.4	9.6	0.0	9.6	
0.60938	0.5	-464	5.1	9.5	-4.4	9.5	0.0	9.5	
0.61328	0.4	-464	5.1	9.4	-4.3	9.4	0.0	9.4	
0.61719	0.4	-464	5.0	9.4	-4.4	9.4	0.0	9.4	
0.62109	0.4	-464	4.9	9.3	-4.4	9.3	0.0	9.3	
0.62500	0.4	-464	4.9	9.3	-4.4	9.3	0.0	9.3	
0.62891	0.4	-464	4.8	9.2	-4.4	9.2	0.0	9.2	
0.63281	0.3	-464	4.8	9.2	-4.4	9.2	0.0	9.2	
0.63672	0.3	-464	4.7	9.1	-4.4	9.1	0.0	9.1	
0.64062	0.3	-464	4.7	9.1	-4.4	9.1	0.0	9.1	
0.64453	0.3	-464	4.6	9.1	-4.5	9.1	0.0	9.1	
0.64844	0.3	-464	4.6	9.0	-4.4	9.0	0.0	9.0	
0.65234	0.3	-464	4.5	9.0	-4.5	9.0	0.0	9.0	
0.65625	0.2	-464	4.5	8.9	-4.4	8.9	0.0	8.9	
0.66016	0.2	-464	4.4	8.9	-4.5	8.9	0.0	8.9	
0.66406	0.2	-464	4.4	8.9	-4.5	8.9	0.0	8.9	
0.66797	0.1	-464	4.3	8.8	-4.5	8.8	0.0	8.8	
0.67188	0.0	-464	4.3	8.8	-4.5	8.8	0.0	8.8	
0.67578	-0.0	-464	4.3	8.8	-4.5	8.8	0.0	8.8	
0.67969	-0.1	-464	4.2	8.7	-4.5	8.7	0.0	8.7	
0.68359	-0.1	-464	4.2	8.7	-4.5	8.7	0.0	8.7	
0.68750	-0.2	-464	4.2	8.7	-4.5	8.7	0.0	8.7	
0.69141	-0.2	-464	4.1	8.6	-4.5	8.6	0.0	8.6	
0.69531	-0.3	-464	4.1	8.6	-4.5	8.6	0.0	8.6	
0.69922	-0.3	-464	4.1	8.6	-4.5	8.6	0.0	8.6	
0.70312	-0.3	-464	4.0	8.5	-4.5	8.5	0.0	8.5	
0.70703	-0.3	-464	4.0	8.5	-4.5	8.5	0.0	8.5	
0.71094	-0.3	-464	4.0	8.5	-4.5	8.5	0.0	8.5	
0.71484	-0.3	-464	4.0	8.4	-4.4	8.4	0.0	8.4	
0.71875	-0.3	-464	4.0	8.4	-4.4	8.4	0.0	8.4	
0.72266	-0.3	-464	3.9	8.4	-4.5	8.4	0.0	8.4	
0.72656	-0.3	-464	3.9	8.4	-4.5	8.4	0.0	8.4	
0.73047	-0.3	-464	3.9	8.3	-4.4	8.3	0.0	8.3	
0.73438	-0.3	-464	3.8	8.3	-4.5	8.3	0.0	8.3	
0.73828	-0.3	-464	3.8	8.3	-4.5	8.3	0.0	8.3	
0.74219	-0.3	-464	3.8	8.3	-4.5	8.3	0.0	8.3	
0.74609	-0.3	-464	3.8	8.2	-4.4	8.2	0.0	8.2	
0.75000	-0.2	-464	3.7	8.2	-4.5	8.2	0.0	8.2	
0.75391	-0.3	-464	3.7	8.2	-4.5	8.2	0.0	8.2	
0.75781	-0.3	-464	3.7	8.1	-4.4	8.1	0.0	8.1	
0.76172	-0.3	-464	3.7	8.1	-4.4	8.1	0.0	8.1	
0.76562	-0.4	-464	3.7	8.1	-4.4	8.1	0.0	8.1	
0.76953	-0.4	-464	3.7	8.0	-4.3	8.0	0.0	8.0	
0.77344	-0.4	-464	3.6	8.0	-4.4	8.0	0.0	8.0	
0.77734	-0.5	-464	3.6	7.9	-4.3	7.9	0.0	7.9	
0.78125	-0.5	-464	3.6	7.9	-4.3	7.9	0.0	7.9	
0.78516	-0.5	-464	3.7	7.9	-4.2	7.9	0.0	7.9	
0.78906	-0.6	-465	3.7	7.8	-4.1	7.8	0.0	7.8	
0.79297	-0.6	-465	3.7	7.7	-4.0	7.7	0.0	7.7	
0.79688	-0.6	-465	3.7	7.7	-4.0	7.7	0.0	7.7	
0.80078	-0.7	-465	3.7	7.7	-4.0	7.7	0.0	7.7	
0.80469	-0.7	-465	3.8	7.6	-3.8	7.6	0.0	7.6	
0.80859	-0.8	-465	3.8	7.6	-3.8	7.6	0.0	7.6	
0.81250	-0.8	-465	3.9	7.6	-3.7	7.6	0.0	7.6	
0.81641	-0.9	-465	3.9	7.5	-3.6	7.5	0.0	7.5	
0.82031	-0.9	-465	4.0	7.5	-3.5	7.5	0.0	7.5	
0.82422	-1.0	-465	4.1	7.5	-3.4	7.5	0.0	7.5	
0.82812	-1.1	-465	4.2	7.5	-3.3	7.5	0.0	7.5	
0.83203	-1.3	-465	4.2	7.4	-3.2	7.4	0.0	7.4	
0.83594	-1.4	-465	4.3	7.4	-3.1	7.4	0.0	7.4	
0.83984	-1.6	-465	4.5	7.4	-2.9	7.4	0.0	7.4	
0.84375	-1.8	-465	4.6	7.4	-2.8	7.4	0.0	7.4	
0.84766	-2.1	-466	4.7	7.4	-2.7	7.4	0.0	7.4	
0.85156	-2.3	-466	4.8	7.4	-2.6	7.4	0.0	7.4	
0.85547	-2.6	-466	5.0	7.4	-2.4	7.4	0.0	7.4	
0.85938	-2.9	-466	5.2	7.4	-2.2	7.4	0.0	7.4	
0.86328	-3.3	-466	5.4	7.4	-2.0	7.4	0.0	7.4	
0.86719	-3.7	-467	5.6	7.4	-1.8	7.4	0.0	7.4	
0.87109	-4.1	-467	5.8	7.4	-1.6	7.4	0.0	7.4	
0.87500	-4.5	-467	6.0	7.5	-1.5	7.5	0.0	7.5	
0.87891	-4.9	-467	6.2	7.5	-1.3	7.5	0.0	7.5	
0.88281	-5.4	-468	6.5	7.5	-1.0	7.5	0.0	7.5	
0.88672	-5.9	-468	6.8	7.6	-0.8	7.6	0.0	7.6	
0.89062	-6.3	-469	7.0	7.6	-0.6	7.6	0.0	7.6	
0.89453	-6.7	-469	7.3	7.7	-0.4	7.7	0.0	7.7	
0.89844	-7.2	-469	7.6	7.7	-0.1	7.7	0.0	7.7	
0.90234	-7.6	-470	8.0	7.8	0.2	7.8	0.0	7.8	
0.90625	-7.9	-470	8.3	7.9	0.4	7.9	0.0	7.9	
0.91016	-8.4	-471	8.6	8.0	0.6	8.0	0.0	8.0	
0.91406	-8.7	-472	9.0	8.1	0.9	8.1	0.0	8.1	
0.91797	-8.9	-472	9.3	8.2	1.1	8.2	0.0	8.2	
0.92188	-9.2	-473	9.7	8.3	1.4	8.3	0.0	8.3	
0.92578	-9.3	-473	10.0	8.4	1.6	8.4	0.0	8.4	
0.92969	-9.3	-474	10.4	8.5	1.9	8.5	0.0	8.5	
0.93359	-9.3	-475	10.7	8.6	2.1	8.6	0.0	8.6	
0.93750	-9.2	-475	11.0	8.7	2.3	8.7	0.0	8.7	
0.94141	-9.1	-476	11.4	8.8	2.6	8.8	0.0	8.8	
0.94531	-8.9	-476	11.7	8.9	2.8	8.9	0.0	8.9	
0.94922	-8.7	-477	12.0	9.0	3.0	9.0	0.0	9.0	
0.95312	-8.5	-477	12.3	9.1	3.2	9.1	0.0	9.1	
0.95703	-8.2	-478	12.6	9.2	3.4	9.2	0.0	9.2	
0.96094	-7.9	-479	12.9	9.3	3.6	9.3	0.0	9.3	
0.96484	-7.6	-479	13.2	9.4	3.8	9.4	0.0	9.4	
0.96875	-7.2	-480	13.4	9.5	3.9	9.5	0.0	9.5	
0.97266	-6.8	-480	13.7	9.6	4.1	9.6	0.0	9.6	
0.97656	-6.6	-480	13.9	9.7	4.2	9.7	0.0	9.7	
0.98047	-6.3	-481	14.1	9.8	4.3	9.8	0.0	9.8	
0.98438	-6.1	-481	14.4	9.9	4.5	9.9	0.0	9.9	
0.98828	-5.9	-482	14.6	10.0	4.6	10.0	0.0	10.0	
0.99219	-5.7	-482	14.8	10.1	4.7	10.1	0.0	10.1	
0.99609	-5.5	-482	15.0	10.2	4.8	10.2	0.0	10.2	
1.00000	-5.3	-483	15.2	10.3	4.9	10.3	0.0	10.3	
1.00391	-5.1	-483	15.4	10.4	5.0	10.4	0.0	10.4	
1.00781	-4.9	-483	15.6	10.5	5.1	10.5	0.0	10.5	
1.01172	-4.8	-484	15.7	10.6	5.1	10.6	0.0	10.6	
1.01562	-4.6	-484	15.9	10.8	5.1	10.8	0.0	10.8	
1.01953	-4.4	-484	16.1	10.9	5.2	10.9	0.0	10.9	
1.02344	-4.2	-484	16.2	11.0	5.2	11.0	0.0	11.0	
1.02734	-4.0	-485	16.4	11.1	5.3	11.1	0.0	11.1	
1.03125	-3.8	-485	16.5	11.2	5.3	11.2	0.0	11.2	
1.03516	-3.5	-485	16.7	11.4	5.3	11.4	0.0	11.4	
1.03906	-3.3	-485	16.8	11.5	5.3	11.5	0.0	11.5	
1.04297	-3.0	-486	16.9	11.6	5.3	11.6	0.0	11.6	
1.04688	-2.8	-486	17.0	11.7	5.3	11.7	0.0	11.7	
1.05078	-2.5	-486	17.1	11.8	5.3	11.8	0.0	11.8	
1.05469	-2.2	-486	17.1	11.9	5.2	11.9	0.0	11.9	
1.05859	-2.0	-486	17.2	12.0	5.2	12.0	0.0	12.0	
1.06250	-1.8	-486	17.2	12.1	5.1	12.1	0.0	12.1	
1.06641	-1.5	-486	17.3	12.2	5.1	12.2	0.0	12.2	
1.07031	-1.4	-487	17.3	12.4	4.9	12.4	0.0	12.4	
1.07422	-1.2	-487	17.4	12.5	4.9	12.5	0.0	12.5	
1.07812	-1.0	-487	17.4	12.6	4.8	12.6	0.0	12.6	
1.08203	-0.9	-487	17.4	12.7	4.7	12.7	0.0	12.7	
1.08594	-0.8	-487	17.4	12.8	4.6	12.8	0.0	12.8	
1.08984	-0.7	-487	17.4	12.9	4.5	12.9	0.0	12.9	
1.09375	-0.6	-487	17.4	13.0	4.4	13.0	0.0	13.0	
1.09766	-0.6	-487	17.4	13.0	4.4	13.0	0.0	13.0	
1.10156	-0.5	-487	17.4	13.1	4.3	13.1	0.0	13.1	
1.10547	-0.5	-487	17.4	13.2	4.2	13.2	0.0	13.2	
1.10938	-0.5	-487	17.4	13.3	4.1	13.3	0.0	13.3	
1.11328	-0.5	-487	17.4	13.4	4.0	13.4	0.0	13.4	
1.11719	-0.5	-487	17.4	13.5	3.9	13.5	0.0	13.5	
1.12109	-0.6	-487	17.4	13.6	3.8	13.6	0.0	13.6	
1.12500	-0.5	-487	17.4	13.7	3.7	13.7	0.0	13.7	
1.12891	-0.5	-487	17.4	13.7	3.7	13.7	0.0	13.7	
1.13281	-0.5	-487	17.3	13.8	3.5	13.8	0.0	13.8	
1.13672	-0.5	-487	17.3	13.9	3.4	13.9	0.0	13.9	
1.14062	-0.6	-487	17.3	14.0	3.3	14.0	0.0	14.0	
1.14453	-0.5	-487	17.3	14.1	3.2	14.1	0.0	14.1	
1.14844	-0.5	-487	17.3	14.1	3.2	14.1	0.0	14.1	
1.15234	-0.5	-487	17.3	14.2	3.1	14.2	0.0	14.2	
1.15625	-0.6	-487	17.2	14.3	2.9	14.3	0.0	14.3	
1.16016	-0.6	-487	17.2	14.4	2.8	14.4	0.0	14.4	
1.16406	-0.6	-487	17.2	14.4	2.8	14.4	0.0	14.4	
1.16797	-0.6	-488	17.2	14.5	2.7	14.5	0.0	14.5	
1.17188	-0.6	-488	17.2	14.5	2.7	14.5	0.0	14.5	
1.17578	-0.6	-488	17.2	14.6	2.6	14.6	0.0	14.6	
1.17969	-0.6	-488	17.2	14.7	2.5	14.7	0.0	14.7	
1.18359	-0.6	-488	17.2	14.7	2.5	14.7	0.0	14.7	
1.18750	-0.6	-488	17.2	14.8	2.4	14.8	0.0	14.8	
1.19141	-0.7	-488	17.2	14.9	2.3	14.9	0.0	14.9	
1.19531	-0.7	-488	17.2	14.9	2.3	14.9	0.0	14.9	
1.19922	-0.7	-488	17.2	15.0	2.2	15.0	0.0	15.0	
1.20312	-0.7	-488	17.2	15.0	2.2	15.0	0.0	15.0	
1.20703	-0.7	-488	17.3	15.1	2.2	15.1	0.0	15.1	
1.21094	-0.7	-488	17.3	15.1	2.2	15.1	0.0	15.1	
1.21484	-0.7	-488	17.3	15.2	2.1	15.2	0.0	15.2	
1.21875	-0.7	-488	17.3	15.2	2.1	15.2	0.0	15.2	
1.22266	-0.7	-488	17.3	15.3	2.0	15.3	0.0	15.3	
1.22656	-0.8	-488	17.4	15.3	2.1	15.3	0.0	15.3	
1.23047	-0.7	-488	17.4	15.4	2.0	15.4	0.0	15.4	
1.23438	-0.7	-488	17.4	15.4	2.0	15.4	0.0	15.4	
1.23828	-0.7	-488	17.4	15.5	1.9	15.5	0.0	15.5	
1.24219	-0.7	-488	17.4	15.5	1.9	15.5	0.0	15.5	
1.24609	-0.7	-488	17.5	15.6	1.9	15.6	0.0	15.6	
1.25000	-0.7	-488	17.5	15.6	1.9	15.6	0.0	15.6	
1.25391	-0.6	-489	17.5	15.7	1.8	15.7	0.0	15.7	
1.25781	-0.6	-489	17.5	15.7	1.8	15.7	0.0	15.7	
1.26172	-0.6	-489	17.5	15.8	1.7	15.8	0.0	15.8	
1.26562	-0.6	-489	17.5	15.8	1.7	15.8	0.0	15.8	
1.26953	-0.6	-489	17.5	15.8	1.7	15.8	0.0	15.8	
1.27344	-0.6	-489	17.5	15.9	1.6	15.9	0.0	15.9	
1.27734	-0.6	-489	17.5	15.9	1.6	15.9	0.0	15.9	
1.28125	-0.6	-489	17.5	16.0	1.5	16.0	0.0	16.0	
1.28516	-0.6	-489	17.5	16.0	1.5	16.0	0.0	16.0	
1.28906	-0.6	-489	17.5	16.1	1.4	16.1	0.0	16.1	
1.29297	-0.5	-489	17.5	16.1	1.4	16.1	0.0	16.1	
1.29688	-0.6	-489	17.5	16.2	1.3	16.2	0.0	16.2	
1.30078	-0.6	-489	17.5	16.2	1.3	16.2	0.0	16.2	
1.30469	-0.6	-489	17.5	16.2	1.3	16.2	0.0	16.2	
1.30859	-0.6	-489	17.5	16.3	1.2	16.3	0.0	16.3	
1.31250	-0.6	-489	17.5	16.3	1.2	16.3	0.0	16.3	
1.31641	-0.6	-489	17.5	16.3	1.2	16.3	0.0	16.3	
1.32031	-0.6	-489	17.5	16.4	1.1	16.4	0.0	16.4	
1.32422	-0.6	-489	17.5	16.4	1.1	16.4	0.0	16.4	
1.32812	-0.6	-489	17.5	16.4	1.1	16.4	0.0	16.4	
1.33203	-0.6	-489	17.5	16.5	1.0	16.5	0.0	16.5	
1.33594	-0.6	-489	17.5	16.5	1.0	16.5	0.0	16.5	
1.33984	-0.6	-489	17.5	16.5	1.0	16.5	0.0	16.5	
1.34375	-0.6	-489	17.6	16.6	1.0	16.6	0.0	16.6	
1.34766	-0.7	-489	17.6	16.6	1.0	16.6	0.0	16.6	
1.35156	-0.7	-489	17.6	16.6	1.0	16.6	0.0	16.6	
1.35547	-0.7	-490	17.6	16.6	1.0	16.6	0.0	16.6	
1.35938	-0.6	-490	17.6	16.6	1.0	16.6	0.0	16.6	
1.36328	-0.6	-490	17.6	16.6	1.0	16.6	0.0	16.6	
1.36719	-0.6	-490	17.6	16.7	0.9	16.7	0.0	16.7	
1.37109	-0.6	-490	17.6	16.7	0.9	16.7	0.0	16.7	
1.37500	-0.6	-490	17.6	16.7	0.9	16.7	0.0	16.7	
1.37891	-0.6	-490	17.6	16.7	0.9	16.7	0.0	16.7	
1.38281	-0.6	-490	17.6	16.8	0.8	16.8	0.0	16.8	
1.38672	-0.6	-490	17.6	16.8	0.8	16.8	0.0	16.8	
1.39062	-0.6	-490	17.6	16.8	0.8	16.8	0.0	16.8	
1.39453	-0.6	-490	17.6	16.8	0.8	16.8	0.0	16.8	
1.39844	-0.6	-490	17.6	16.8	0.8	16.8	0.0	16.8	
1.40234	-0.5	-490	17.6	16.8	0.8	16.8	0.0	16.8	
1.40625	-0.6	-490	17.6	16.8	0.8	16.8	0.0	16.8	
1.41016	-0.6	-490	17.6	16.8	0.8	16.8	0.0	16.8	
1.41406	-0.6	-490	17.6	16.9	0.7	16.9	0.0	16.9	
1.41797	-0.6	-490	17.6	16.9	0.7	16.9	0.0	16.9	
1.42188	-0.6	-490	17.6	16.9	0.7	16.9	0.0	16.9	
1.42578	-0.6	-490	17.6	16.9	0.7	16.9	0.0	16.9	
1.42969	-0.6	-490	17.7	16.9	0.8	16.9	0.0	16.9	
1.43359	-0.6	-490	17.7	16.9	0.8	16.9	0.0	16.9	
1.43750	-0.6	-490	17.7	16.9	0.8	16.9	0.0	16.9	
1.44141	-0.6	-490	17.7	17.0	0.7	17.0	0.0	17.0	
1.44531	-0.7	-490	17.7	17.0	0.7	17.0	0.0	17.0	
1.44922	-0.7	-490	17.7	17.0	0.7	17.0	0.0	17.0	
1.45312	-0.6	-491	17.7	17.0	0.7	17.0	0.0	17.0	
1.45703	-0.7	-491	17.7	17.0	0.7	17.0	0.0	17.0	
1.46094	-0.7	-491	17.8	17.0	0.8	17.0	0.0	17.0	
1.46484	-0.7	-491	17.8	17.1	0.7	17.1	0.0	17.1	
1.46875	-0.7	-491	17.8	17.1	0.7	17.1	0.0	17.1	
1.47266	-0.7	-491	17.8	17.1	0.7	17.1	0.0	17.1	
1.47656	-0.6	-491	17.8	17.2	0.6	17.2	0.0	17.2	
1.48047	-0.6	-491	17.8	17.2	0.6	17.2	0.0	17.2	
1.48438	-0.6	-491	17.8	17.2	0.6	17.2	0.0	17.2	
1.48828	-0.5	-491	17.8	17.2	0.6	17.2	0.0	17.2	
1.49219	-0.5	-491	17.8	17.3	0.5	17.3	0.0	17.3	
1.49609	-0.5	-491	17.8	17.3	0.5	17.3	0.0	17.3	
1.50000	-0.5	-491	17.8	17.3	0.5	17.3	0.0	17.3	
1.50391	-0.5	-491	17.8	17.3	0.5	17.3	0.0	17.3	
1.50781	-0.4	-491	17.7	17.3	0.4	17.3	0.0	17.3	
1.51172	-0.4	-491	17.7	17.4	0.3	17.4	0.0	17.4	
1.51562	-0.4	-491	17.7	17.4	0.3	17.4	0.0	17.4	
1.51953	-0.4	-491	17.7	17.4	0.3	17.4	0.0	17.4	
1.52344	-0.4	-491	17.6	17.4	0.2	17.4	0.0	17.4	
1.52734	-0.5	-491	17.6	17.4	0.2	17.4	0.0	17.4	
1.53125	-0.5	-491	17.6	17.4	0.2	17.4	0.0	17.4	
1.53516	-0.5	-491	17.6	17.4	0.2	17.4	0.0	17.4	
1.53906	-0.5	-491	17.6	17.4	0.2	17.4	0.0	17.4	
1.54297	-0.6	-491	17.6	17.4	0.2	17.4	0.0	17.4	
1.54688	-0.6	-491	17.6	17.4	0.2	17.4	0.0	17.4	
1.55078	-0.7	-491	17.6	17.4	0.2	17.4	0.0	17.4	
1.55469	-0.8	-491	17.6	17.4	0.2	17.4	0.0	17.4	
1.55859	-0.8	-492	17.7	17.4	0.3	17.4	0.0	17.4	
1.56250	-0.8	-492	17.7	17.4	0.3	17.4	0.0	17.4	
1.56641	-0.9	-492	17.7	17.4	0.3	17.4	0.0	17.4	
1.57031	-0.9	-492	17.8	17.4	0.4	17.4	0.0	17.4	
1.57422	-1.0	-492	17.8	17.4	0.4	17.4	0.0	17.4	
1.57812	-1.0	-492	17.9	17.3	0.6	17.3	0.0	17.3	
1.58203	-0.9	-492	17.9	17.4	0.5	17.4	0.0	17.4	
1.58594	-1.0	-492	18.0	17.4	0.6	17.4	0.0	17.4	
1.58984	-0.9	-492	18.0	17.4	0.6	17.4	0.0	17.4	
1.59375	-0.8	-492	18.1	17.4	0.7	17.4	0.0	17.4	
1.59766	-0.8	-492	18.1	17.4	0.7	17.4	0.0	17.4	
1.60156	-0.8	-492	18.1	17.4	0.7	17.4	0.0	17.4	
1.60547	-0.7	-492	18.1	17.4	0.7	17.4	0.0	17.4	
1.60938	-0.7	-492	18.1	17.4	0.7	17.4	0.0	17.4	
1.61328	-0.6	-492	18.2	17.4	0.8	17.4	0.0	17.4	
1.61719	-0.6	-492	18.2	17.5	0.7	17.5	0.0	17.5	
1.62109	-0.6	-492	18.2	17.5	0.7	17.5	0.0	17.5	
1.62500	-0.5	-492	18.2	17.5	0.7	17.5	0.0	17.5	
1.62891	-0.5	-492	18.2	17.5	0.7	17.5	0.0	17.5	
1.63281	-0.5	-492	18.1	17.5	0.6	17.5	0.0	17.5	
1.63672	-0.5	-492	18.1	17.5	0.6	17.5	0.0	17.5	
1.64062	-0.5	-493	18.1	17.6	0.5	17.6	0.0	17.6	
1.64453	-0.5	-493	18.1	17.6	0.5	17.6	0.0	17.6	
1.64844	-0.5	-493	18.1	17.6	0.5	17.6	0.0	17.6	
1.65234	-0.5	-493	18.1	17.6	0.5	17.6	0.0	17.6	
1.65625	-0.6	-493	18.1	17.6	0.5	17.6	0.0	17.6	
1.66016	-0.5	-493	18.1	17.6	0.5	17.6	0.0	17.6	
1.66406	-0.6	-493	18.1	17.6	0.5	17.6	0.0	17.6	
1.66797	-0.6	-493	18.1	17.7	0.4	17.7	0.0	17.7	
1.67188	-0.6	-493	18.1	17.7	0.4	17.7	0.0	17.7	
1.67578	-0.6	-493	18.1	17.7	0.4	17.7	0.0	17.7	
1.67969	-0.6	-493	18.1	17.7	0.4	17.7	0.0	17.7	
1.68359	-0.6	-493	18.1	17.7	0.4	17.7	0.0	17.7	
1.68750	-0.7	-493	18.1	17.7	0.4	17.7	0.0	17.7	
1.69141	-0.6	-493	18.1	17.8	0.3	17.8	0.0	17.8	
1.69531	-0.6	-493	18.1	17.8	0.3	17.8	0.0	17.8	
1.69922	-0.6	-493	18.1	17.8	0.3	17.8	0.0	17.8	
1.70312	-0.6	-493	18.1	17.8	0.3	17.8	0.0	17.8	
1.70703	-0.6	-493	18.1	17.8	0.3	17.8	0.0	17.8	
1.71094	-0.6	-493	18.1	17.8	0.3	17.8	0.0	17.8	
1.71484	-0.5	-493	18.1	17.9	0.2	17.9	0.0	17.9	
1.71875	-0.6	-493	18.1	17.9	0.2	17.9	0.0	17.9	
1.72266	-0.6	-493	18.1	17.9	0.2	17.9	0.0	17.9	
1.72656	-0.5	-493	18.1	17.9	0.2	17.9	0.0	17.9	
1.73047	-0.5	-493	18.1	17.9	0.2	17.9	0.0	17.9	
1.73438	-0.5	-493	18.1	17.9	0.2	17.9	0.0	17.9	
1.73828	-0.5	-493	18.1	17.9	0.2	17.9	0.0	17.9	
1.74219	-0.5	-493	18.1	17.9	0.2	17.9	0.0	17.9	
1.74609	-0.5	-494	18.1	18.0	0.1	18.0	0.0	18.0	
1.75000	-0.6	-494	18.1	18.0	0.1	18.0	0.0	18.0	
1.75391	-0.6	-494	18.1	18.0	0.1	18.0	0.0	18.0	
1.75781	-0.6	-494	18.1	18.0	0.1	18.0	0.0	18.0	
1.76172	-0.6	-494	18.1	18.0	0.1	18.0	0.0	18.0	
1.76562	-0.6	-494	18.1	18.0	0.1	18.0	0.0	18.0	
1.76953	-0.6	-494	18.1	18.0	0.1	18.0	0.0	18.0	
1.77344	-0.6	-494	18.1	18.0	0.1	18.0	0.0	18.0	
1.77734	-0.6	-494	18.1	18.0	0.1	18.0	0.0	18.0	
1.78125	-0.6	-494	18.1	18.0	0.1	18.0	0.0	18.0	
1.78516	-0.6	-494	18.1	18.0	0.1	18.0	0.0	18.0	
1.78906	-0.6	-494	18.1	18.0	0.1	18.0	0.0	18.0	
1.79297	-0.6	-494	18.1	18.0	0.1	18.0	0.0	18.0	
1.79688	-0.6	-494	18.1	18.0	0.1	18.0	0.0	18.0	
1.80078	-0.6	-494	18.1	18.0	0.1	18.0	0.0	18.0	
1.80469	-0.6	-494	18.2	18.0	0.2	18.0	0.0	18.0	
1.80859	-0.6	-494	18.2	18.1	0.1	18.1	0.0	18.1	
1.81250	-0.6	-494	18.2	18.1	0.1	18.1	0.0	18.1	
1.81641	-0.6	-494	18.2	18.1	0.1	18.1	0.0	18.1	
1.82031	-0.6	-494	18.2	18.1	0.1	18.1	0.0	18.1	
1.82422	-0.6	-494	18.2	18.1	0.1	18.1	0.0	18.1	
1.82812	-0.6	-494	18.2	18.1	0.1	18.1	0.0	18.1	
1.83203	-0.6	-494	18.2	18.1	0.1	18.1	0.0	18.1	
1.83594	-0.6	-494	18.2	18.2	0.0	18.2	0.0	18.2	
1.83984	-0.5	-494	18.2	18.2	0.0	18.2	0.0	18.2	
1.84375	-0.6	-494	18.2	18.2	0.0	18.2	0.0	18.2	
1.84766	-0.6	-495	18.2	18.2	0.0	18.2	0.0	18.2	
1.85156	-0.5	-495	18.2	18.2	0.0	18.2	0.0	18.2	
1.85547	-0.6	-495	18.2	18.2	0.0	18.2	0.0	18.2	
1.85938	-0.6	-495	18.3	18.2	0.1	18.2	0.0	18.2	
1.86328	-0.5	-495	18.3	18.2	0.1	18.2	0.0	18.2	
1.86719	-0.6	-495	18.2	18.2	0.0	18.2	0.0	18.2	
1.87109	-0.6	-495	18.3	18.3	0.0	18.3	0.0	18.3	
1.87500	-0.5	-495	18.3	18.3	0.0	18.3	0.0	18.3	
1.87891	-0.6	-495	18.3	18.3	0.0	18.3	0.0	18.3	
1.88281	-0.6	-495	18.3	18.3	0.0	18.3	0.0	18.3	
1.88672	-0.6	-495	18.2	18.3	-0.1	18.3	0.0	18.3	
1.89062	-0.6	-495	18.2	18.3	-0.1	18.3	0.0	18.3	
1.89453	-0.5	-495	18.3	18.3	0.0	18.3	0.0	18.3	
1.89844	-0.6	-495	18.3	18.3	0.0	18.3	0.0	18.3	
1.90234	-0.6	-495	18.3	18.3	0.0	18.3	0.0	18.3	
1.90625	-0.6	-495	18.3	18.3	0.0	18.3	0.0	18.3	
1.91016	-0.6	-495	18.3	18.3	0.0	18.3	0.0	18.3	
1.91406	-0.6	-495	18.3	18.3	0.0	18.3	0.0	18.3	
1.91797	-0.6	-495	18.3	18.3	0.0	18.3	0.0	18.3	
1.92188	-0.5	-495	18.3	18.3	0.0	18.3	0.0	18.3	
1.92578	-0.6	-495	18.3	18.3	0.0	18.3	0.0	18.3	
1.92969	-0.6	-495	18.3	18.2	0.1	18.2	0.0	18.2	
1.93359	-0.6	-495	18.3	18.2	0.1	18.2	0.0	18.2	
1.93750	-0.5	-495	18.3	18.3	0.0	18.3	0.0	18.3	
1.94141	-0.6	-495	18.3	18.3	0.0	18.3	0.0	18.3	
1.94531	-0.5	-495	18.3	18.3	0.0	18.3	0.0	18.3	
1.94922	-0.5	-495	18.3	18.2	0.1	18.2	0.0	18.2	
1.95312	-0.5	-496	18.3	18.2	0.1	18.2	0.0	18.2	
1.95703	-0.5	-496	18.3	18.2	0.1	18.2	0.0	18.2	
1.96094	-0.5	-496	18.3	18.2	0.1	18.2	0.0	18.2	
1.96484	-0.5	-496	18.3	18.2	0.1	18.2	0.0	18.2	
1.96875	-0.6	-496	18.3	18.2	0.1	18.2	0.0	18.2	
1.97266	-0.6	-496	18.3	18.2	0.1	18.2	0.0	18.2	
1.97656	-0.6	-496	18.3	18.2	0.1	18.2	0.0	18.2	
1.98047	-0.6	-496	18.3	18.2	0.1	18.2	0.0	18.2	
1.98438	-0.6	-496	18.3	18.2	0.1	18.2	0.0	18.2	
1.98828	-0.6	-496	18.3	18.2	0.1	18.2	0.0	18.2	
1.99219	-0.6	-496	18.3	18.2	0.1	18.2	0.0	18.2	
1.99609	-0.6	-496	18.3	18.2	0.1	18.2	0.0	18.2	
2.00000	-0.6	-496	18.3	18.2	0.1	18.2	0.0	18.2	
2.00391	-0.6	-496	18.3	18.2	0.1	18.2	0.0	18.2	
2.00781	-0.6	-496	18.3	18.2	0.1	18.2	0.0	18.2	
2.01172	-0.6	-496	18.3	18.2	0.1	18.2	0.0	18.2	
2.01562	-0.6	-496	18.4	18.2	0.2	18.2	0.0	18.2	
2.01953	-0.6	-496	18.4	18.2	0.2	18.2	0.0	18.2	
2.02344	-0.6	-496	18.4	18.2	0.2	18.2	0.0	18.2	
2.02734	-0.6	-496	18.4	18.2	0.2	18.2	0.0	18.2	
2.03125	-0.6	-496	18.4	18.3	0.1	18.3	0.0	18.3	
2.03516	-0.5	-496	18.4	18.3	0.1	18.3	0.0	18.3	
2.03906	-0.5	-496	18.4	18.3	0.1	18.3	0.0	18.3	
2.04297	-0.5	-496	18.4	18.3	0.1	18.3	0.0	18.3	
2.04688	-0.5	-496	18.4	18.3	0.1	18.3	0.0	18.3	
2.05078	-0.5	-496	18.3	18.3	0.0	18.3	0.0	18.3	
2.05469	-0.4	-496	18.3	18.3	0.0	18.3	0.0	18.3	
2.05859	-0.4	-496	18.3	18.4	-0.1	18.4	0.0	18.4	
2.06250	-0.4	-497	18.3	18.3	0.0	18.3	0.0	18.3	
2.06641	-0.4	-497	18.2	18.4	-0.2	18.4	0.0	18.4	
2.07031	-0.4	-497	18.2	18.4	-0.2	18.4	0.0	18.4	
2.07422	-0.4	-497	18.2	18.4	-0.2	18.4	0.0	18.4	
2.07812	-0.4	-497	18.1	18.4	-0.3	18.4	0.0	18.4	
2.08203	-0.5	-497	18.1	18.3	-0.2	18.3	0.0	18.3	
2.08594	-0.5	-497	18.1	18.3	-0.2	18.3	0.0	18.3	
2.08984	-0.6	-497	18.1	18.3	-0.2	18.3	0.0	18.3	
2.09375	-0.6	-497	18.1	18.3	-0.2	18.3	0.0	18.3	
2.09766	-0.6	-497	18.1	18.3	-0.2	18.3	0.0	18.3	
2.10156	-0.7	-497	18.1	18.3	-0.2	18.3	0.0	18.3	
2.10547	-0.8	-497	18.1	18.3	-0.2	18.3	0.0	18.3	
2.10938	-0.8	-497	18.2	18.3	-0.1	18.3	0.0	18.3	
2.11328	-0.8	-497	18.2	18.3	-0.1	18.3	0.0	18.3	
2.11719	-0.9	-497	18.3	18.2	0.1	18.2	0.0	18.2	
2.12109	-0.9	-497	18.3	18.3	0.0	18.3	0.0	18.3	
2.12500	-0.9	-497	18.3	18.3	0.0	18.3	0.0	18.3	
2.12891	-1.0	-497	18.4	18.2	0.2	18.2	0.0	18.2	
2.13281	-0.9	-497	18.4	18.2	0.2	18.2	0.0	18.2	
2.13672	-0.9	-497	18.5	18.2	0.3	18.2	0.0	18.2	
2.14062	-0.8	-497	18.5	18.2	0.3	18.2	0.0	18.2	
2.14453	-0.8	-497	18.5	18.2	0.3	18.2	0.0	18.2	
2.14844	-0.8	-498	18.6	18.2	0.4	18.2	0.0	18.2	
2.15234	-0.8	-498	18.6	18.2	0.4	18.2	0.0	18.2	
2.15625	-0.7	-498	18.6	18.2	0.4	18.2	0.0	18.2	
2.16016	-0.7	-498	18.7	18.2	0.5	18.2	0.0	18.2	
2.16406	-0.6	-498	18.7	18.3	0.4	18.3	0.0	18.3	
2.16797	-0.6	-498	18.7	18.3	0.4	18.3	0.0	18.3	
2.17188	-0.6	-498	18.7	18.3	0.4	18.3	0.0	18.3	
2.17578	-0.6	-498	18.7	18.3	0.4	18.3	0.0	18.3	
2.17969	-0.5	-498	18.7	18.3	0.4	18.3	0.0	18.3	
2.18359	-0.5	-498	18.7	18.3	0.4	18.3	0.0	18.3	
2.18750	-0.5	-498	18.7	18.3	0.4	18.3	0.0	18.3	
2.19141	-0.5	-498	18.7	18.3	0.4	18.3	0.0	18.3	
2.19531	-0.5	-498	18.7	18.3	0.4	18.3	0.0	18.3	
2.19922	-0.5	-498	18.7	18.4	0.3	18.4	0.0	18.4	
2.20312	-0.5	-498	18.7	18.4	0.3	18.4	0.0	18.4	
2.20703	-0.6	-498	18.7	18.4	0.3	18.4	0.0	18.4	
2.21094	-0.6	-498	18.7	18.4	0.3	18.4	0.0	18.4	
2.21484	-0.6	-498	18.7	18.4	0.3	18.4	0.0	18.4	
2.21875	-0.6	-498	18.7	18.4	0.3	18.4	0.0	18.4	
2.22266	-0.6	-498	18.7	18.4	0.3	18.4	0.0	18.4	
2.22656	-0.6	-498	18.7	18.4	0.3	18.4	0.0	18.4	
2.23047	-0.6	-498	18.7	18.4	0.3	18.4	0.0	18.4	
2.23438	-0.6	-498	18.7	18.4	0.3	18.4	0.0	18.4	
2.23828	-0.6	-498	18.7	18.5	0.2	18.5	0.0	18.5	
2.24219	-0.6	-498	18.7	18.5	0.2	18.5	0.0	18.5	
2.24609	-0.6	-498	18.7	18.5	0.2	18.5	0.0	18.5	
2.25000	-0.6	-499	18.7	18.5	0.2	18.5	0.0	18.5	
2.25391	-0.6	-499	18.7	18.5	0.2	18.5	0.0	18.5	
2.25781	-0.6	-499	18.7	18.5	0.2	18.5	0.0	18.5	
2.26172	-0.6	-499	18.7	18.5	0.2	18.5	0.0	18.5	
2.26562	-0.5	-499	18.6	18.6	0.0	18.6	0.0	18.6	
2.26953	-0.5	-499	18.6	18.6	0.0	18.6	0.0	18.6	
2.27344	-0.5	-499	18.6	18.6	0.0	18.6	0.0	18.6	
2.27734	-0.5	-499	18.6	18.6	0.0	18.6	0.0	18.6	
2.28125	-0.5	-499	18.6	18.6	0.0	18.6	0.0	18.6	
2.28516	-0.5	-499	18.6	18.6	0.0	18.6	0.0	18.6	
2.28906	-0.6	-499	18.6	18.6	0.0	18.6	0.0	18.6	
2.29297	-0.6	-499	18.6	18.6	0.0	18.6	0.0	18.6	
2.29688	-0.5	-499	18.6	18.6	0.0	18.6	0.0	18.6	
2.30078	-0.6	-499	18.5	18.6	-0.1	18.6	0.0	18.6	
2.30469	-0.6	-499	18.5	18.6	-0.1	18.6	0.0	18.6	
2.30859	-0.5	-499	18.5	18.6	-0.1	18.6	0.0	18.6	
2.31250	-0.6	-499	18.5	18.6	-0.1	18.6	0.0	18.6	
2.31641	-0.6	-499	18.5	18.6	-0.1	18.6	0.0	18.6	
2.32031	-0.5	-499	18.5	18.6	-0.1	18.6	0.0	18.6	
2.32422	-0.6	-499	18.5	18.6	-0.1	18.6	0.0	18.6	
2.32812	-0.6	-499	18.5	18.6	-0.1	18.6	0.0	18.6	
2.33203	-0.6	-499	18.5	18.6	-0.1	18.6	0.0	18.6	
2.33594	-0.6	-499	18.5	18.7	-0.2	18.7	0.0	18.7	
2.33984	-0.6	-499	18.5	18.7	-0.2	18.7	0.0	18.7	
2.34375	-0.6	-499	18.6	18.7	-0.1	18.7	0.0	18.7	
2.34766	-0.6	-499	18.6	18.7	-0.1	18.7	0.0	18.7	
2.35156	-0.6	-499	18.6	18.7	-0.1	18.7	0.0	18.7	
2.35547	-0.6	-500	18.6	18.7	-0.1	18.7	0.0	18.7	
2.35938	-0.6	-500	18.6	18.7	-0.1	18.7	0.0	18.7	
2.36328	-0.6	-500	18.6	18.7	-0.1	18.7	0.0	18.7	
2.36719	-0.6	-500	18.6	18.7	-0.1	18.7	0.0	18.7	
2.37109	-0.6	-500	18.7	18.7	0.0	18.7	0.0	18.7	
2.37500	-0.6	-500	18.6	18.7	-0.1	18.7	0.0	18.7	
2.37891	-0.6	-500	18.7	18.7	0.0	18.7	0.0	18.7	
2.38281	-0.6	-500	18.7	18.7	0.0	18.7	0.0	18.7	
2.38672	-0.6	-500	18.7	18.7	0.0	18.7	0.0	18.7	
2.39062	-0.5	-500	18.7	18.7	0.0	18.7	0.0	18.7	
2.39453	-0.6	-500	18.7	18.7	0.0	18.7	0.0	18.7	
2.39844	-0.6	-500	18.7	18.8	-0.1	18.8	0.0	18.8	
2.40234	-0.6	-500	18.7	18.8	-0.1	18.8	0.0	18.8	
2.40625	-0.5	-500	18.7	18.8	-0.1	18.8	0.0	18.8	
2.41016	-0.5	-500	18.7	18.8	-0.1	18.8	0.0	18.8	
2.41406	-0.5	-500	18.7	18.8	-0.1	18.8	0.0	18.8	
2.41797	-0.5	-500	18.7	18.8	-0.1	18.8	0.0	18.8	
2.42188	-0.6	-500	18.7	18.8	-0.1	18.8	0.0	18.8	
2.42578	-0.6	-500	18.7	18.8	-0.1	18.8	0.0	18.8	
2.42969	-0.6	-500	18.7	18.8	-0.1	18.8	0.0	18.8	
2.43359	-0.6	-500	18.7	18.8	-0.1	18.8	0.0	18.8	
2.43750	-0.6	-500	18.7	18.8	-0.1	18.8	0.0	18.8	
2.44141	-0.6	-500	18.7	18.8	-0.1	18.8	0.0	18.8	
2.44531	-0.6	-500	18.7	18.8	-0.1	18.8	0.0	18.8	
2.44922	-0.6	-500	18.7	18.8	-0.1	18.8	0.0	18.8	
2.45312	-0.6	-500	18.7	18.8	-0.1	18.8	0.0	18.8	
2.45703	-0.6	-501	18.7	18.8	-0.1	18.8	0.0	18.8	
2.46094	-0.6	-501	18.7	18.8	-0.1	18.8	0.0	18.8	
2.46484	-0.6	-501	18.7	18.8	-0.1	18.8	0.0	18.8	
2.46875	-0.6	-501	18.7	18.8	-0.1	18.8	0.0	18.8	
2.47266	-0.6	-501	18.7	18.8	-0.1	18.8	0.0	18.8	
2.47656	-0.6	-501	18.7	18.8	-0.1	18.8	0.0	18.8	
2.48047	-0.6	-501	18.7	18.8	-0.1	18.8	0.0	18.8	
2.48438	-0.6	-501	18.7	18.7	0.0	18.7	0.0	18.7	
2.48828	-0.6	-501	18.7	18.7	0.0	18.7	0.0	18.7	
2.49219	-0.6	-501	18.7	18.7	0.0	18.7	0.0	18.7	
2.49609	-0.6	-501	18.8	18.7	0.1	18.7	0.0	18.7	
2.50000	-0.5	-501	18.8	18.7	0.1	18.7	0.0	18.7	
2.50391	-0.6	-501	18.8	18.7	0.1	18.7	0.0	18.7	
2.50781	-0.6	-501	18.8	18.7	0.1	18.7	0.0	18.7	
2.51172	-0.6	-501	18.8	18.7	0.1	18.7	0.0	18.7	
2.51562	-0.5	-501	18.8	18.7	0.1	18.7	0.0	18.7	
2.51953	-0.6	-501	18.8	18.7	0.1	18.7	0.0	18.7	
2.52344	-0.6	-501	18.8	18.7	0.1	18.7	0.0	18.7	
2.52734	-0.6	-501	18.8	18.7	0.1	18.7	0.0	18.7	
2.53125	-0.6	-501	18.8	18.7	0.1	18.7	0.0	18.7	
2.53516	-0.6	-501	18.8	18.7	0.1	18.7	0.0	18.7	
2.53906	-0.6	-501	18.8	18.7	0.1	18.7	0.0	18.7	
2.54297	-0.6	-501	18.8	18.7	0.1	18.7	0.0	18.7	
2.54688	-0.6	-501	18.8	18.7	0.1	18.7	0.0	18.7	
2.55078	-0.6	-501	18.8	18.7	0.1	18.7	0.0	18.7	
2.55469	-0.6	-501	18.8	18.7	0.1	18.7	0.0	18.7	
2.55859	-0.6	-502	18.9	18.7	0.2	18.7	0.0	18.7	
2.56250	-0.6	-502	18.9	18.7	0.2	18.7	0.0	18.7	
2.56641	-0.6	-502	18.9	18.7	0.2	18.7	0.0	18.7	
2.57031	-0.6	-502	18.9	18.7	0.2	18.7	0.0	18.7	
2.57422	-0.6	-502	18.9	18.7	0.2	18.7	0.0	18.7	
2.57812	-0.5	-502	18.9	18.7	0.2	18.7	0.0	18.7	
2.58203	-0.5	-502	18.9	18.7	0.2	18.7	0.0	18.7	
2.58594	-0.6	-502	18.9	18.7	0.2	18.7	0.0	18.7	
2.58984	-0.5	-502	18.9	18.8	0.1	18.8	0.0	18.8	
2.59375	-0.5	-502	18.8	18.8	0.0	18.8	0.0	18.8	
2.59766	-0.5	-502	18.8	18.8	0.0	18.8	0.0	18.8	
2.60156	-0.5	-502	18.8	18.8	0.0	18.8	0.0	18.8	
2.60547	-0.4	-502	18.8	18.8	0.0	18.8	0.0	18.8	
2.60938	-0.4	-502	18.8	18.8	0.0	18.8	0.0	18.8	
2.61328	-0.4	-502	18.7	18.8	-0.1	18.8	0.0	18.8	
2.61719	-0.4	-502	18.7	18.8	-0.1	18.8	0.0	18.8	
2.62109	-0.4	-502	18.7	18.8	-0.1	18.8	0.0	18.8	
2.62500	-0.5	-502	18.7	18.8	-0.1	18.8	0.0	18.8	
2.62891	-0.4	-502	18.6	18.8	-0.2	18.8	0.0	18.8	
2.63281	-0.4	-502	18.6	18.8	-0.2	18.8	0.0	18.8	
2.63672	-0.5	-502	18.6	18.8	-0.2	18.8	0.0	18.8	
2.64062	-0.6	-502	18.6	18.8	-0.2	18.8	0.0	18.8	
2.64453	-0.6	-502	18.6	18.7	-0.1	18.7	0.0	18.7	
2.64844	-0.6	-502	18.6	18.7	-0.1	18.7	0.0	18.7	
2.65234	-0.7	-502	18.6	18.7	-0.1	18.7	0.0	18.7	
2.65625	-0.8	-502	18.7	18.7	0.0	18.7	0.0	18.7	
2.66016	-0.8	-502	18.7	18.7	0.0	18.7	0.0	18.7	
2.66406	-0.9	-502	18.7	18.7	0.0	18.7	0.0	18.7	
2.66797	-0.8	-503	18.8	18.7	0.1	18.7	0.0	18.7	
2.67188	-0.9	-503	18.8	18.7	0.1	18.7	0.0	18.7	
2.67578	-0.9	-503	18.9	18.7	0.2	18.7	0.0	18.7	
2.67969	-0.9	-503	18.9	18.7	0.2	18.7	0.0	18.7	
2.68359	-0.9	-503	18.9	18.7	0.2	18.7	0.0	18.7	
2.68750	-0.9	-503	19.0	18.7	0.3	18.7	0.0	18.7	
2.69141	-0.8	-503	19.0	18.6	0.4	18.6	0.0	18.6	
2.69531	-0.8	-503	19.0	18.6	0.4	18.6	0.0	18.6	
2.69922	-0.7	-503	19.1	18.6	0.5	18.6	0.0	18.6	
2.70312	-0.7	-503	19.1	18.7	0.4	18.7	0.0	18.7	
2.70703	-0.7	-503	19.1	18.7	0.4	18.7	0.0	18.7	
2.71094	-0.6	-503	19.1	18.7	0.4	18.7	0.0	18.7	
2.71484	-0.6	-503	19.2	18.7	0.5	18.7	0.0	18.7	
2.71875	-0.6	-503	19.2	18.7	0.5	18.7	0.0	18.7	
2.72266	-0.5	-503	19.2	18.7	0.5	18.7	0.0	18.7	
2.72656	-0.5	-503	19.2	18.7	0.5	18.7	0.0	18.7	
2.73047	-0.5	-503	19.2	18.7	0.5	18.7	0.0	18.7	
2.73438	-0.5	-503	19.1	18.7	0.4	18.7	0.0	18.7	
2.73828	-0.5	-503	19.1	18.7	0.4	18.7	0.0	18.7	
2.74219	-0.5	-503	19.1	18.7	0.4	18.7	0.0	18.7	
2.74609	-0.5	-503	19.1	18.8	0.3	18.8	0.0	18.8	
2.75000	-0.5	-503	19.1	18.8	0.3	18.8	0.0	18.8	
2.75391	-0.5	-503	19.1	18.8	0.3	18.8	0.0	18.8	
2.75781	-0.5	-503	19.1	18.8	0.3	18.8	0.0	18.8	
2.76172	-0.6	-504	19.0	18.8	0.2	18.8	0.0	18.8	
2.76562	-0.6	-504	19.0	18.8	0.2	18.8	0.0	18.8	
2.76953	-0.6	-504	19.0	18.8	0.2	18.8	0.0	18.8	
2.77344	-0.5	-504	19.0	18.8	0.2	18.8	0.0	18.8	
2.77734	-0.5	-504	19.0	18.8	0.2	18.8	0.0	18.8	
2.78125	-0.6	-504	19.0	18.8	0.2	18.8	0.0	18.8	
2.78516	-0.6	-504	19.0	18.8	0.2	18.8	0.0	18.8	
2.78906	-0.6	-504	19.0	18.8	0.2	18.8	0.0	18.8	
2.79297	-0.5	-504	19.0	18.8	0.2	18.8	0.0	18.8	
2.79688	-0.5	-504	19.0	18.9	0.1	18.9	0.0	18.9	
2.80078	-0.6	-504	19.0	18.9	0.1	18.9	0.0	18.9	
2.80469	-0.6	-504	19.0	18.9	0.1	18.9	0.0	18.9	
2.80859	-0.5	-504	19.0	18.9	0.1	18.9	0.0	18.9	
2.81250	-0.6	-504	19.0	18.9	0.1	18.9	0.0	18.9	
2.81641	-0.5	-504	18.9	18.9	0.0	18.9	0.0	18.9	
2.82031	-0.5	-504	18.9	18.9	0.0	18.9	0.0	18.9	
2.82422	-0.5	-504	18.9	18.9	0.0	18.9	0.0	18.9	
2.82812	-0.5	-504	18.9	18.9	0.0	18.9	0.0	18.9	
2.83203	-0.5	-504	18.9	18.9	0.0	18.9	0.0	18.9	
2.83594	-0.5	-504	18.9	19.0	-0.1	19.0	0.0	19.0	
2.83984	-0.5	-504	18.8	19.0	-0.2	19.0	0.0	19.0	
2.84375	-0.5	-504	18.8	18.9	-0.1	18.9	0.0	18.9	
2.84766	-0.5	-504	18.8	18.9	-0.1	18.9	0.0	18.9	
2.85156	-0.5	-504	18.8	19.0	-0.2	19.0	0.0	19.0	
2.85547	-0.6	-504	18.8	18.9	-0.1	18.9	0.0	18.9	
2.85938	-0.5	-504	18.8	18.9	-0.1	18.9	0.0	18.9	
2.86328	-0.6	-504	18.8	19.0	-0.2	19.0	0.0	19.0	
2.86719	-0.6	-504	18.8	19.0	-0.2	19.0	0.0	19.0	
2.87109	-0.5	-505	18.8	18.9	-0.1	18.9	0.0	18.9	
2.87500	-0.6	-505	18.8	19.0	-0.2	19.0	0.0	19.0	
2.87891	-0.6	-505	18.8	19.0	-0.2	19.0	0.0	19.0	
2.88281	-0.6	-505	18.8	19.0	-0.2	19.0	0.0	19.0	
2.88672	-0.6	-505	18.8	19.0	-0.2	19.0	0.0	19.0	
2.89062	-0.6	-505	18.8	19.0	-0.2	19.0	0.0	19.0	
2.89453	-0.6	-505	18.8	19.0	-0.2	19.0	0.0	19.0	
2.89844	-0.6	-505	18.8	19.0	-0.2	19.0	0.0	19.0	
2.90234	-0.6	-505	18.8	19.0	-0.2	19.0	0.0	19.0	
2.90625	-0.6	-505	18.8	19.0	-0.2	19.0	0.0	19.0	
2.91016	-0.6	-505	18.8	19.0	-0.2	19.0	0.0	19.0	
2.91406	-0.6	-505	18.8	19.0	-0.2	19.0	0.0	19.0	
2.91797	-0.6	-505	18.8	19.0	-0.2	19.0	0.0	19.0	
2.92188	-0.5	-505	18.8	19.0	-0.2	19.0	0.0	19.0	
2.92578	-0.6	-505	18.8	19.0	-0.2	19.0	0.0	19.0	
2.92969	-0.6	-505	18.8	19.0	-0.2	19.0	0.0	19.0	
2.93359	-0.6	-505	18.8	19.0	-0.2	19.0	0.0	19.0	
2.93750	-0.5	-505	18.8	19.0	-0.2	19.0	0.0	19.0	
2.94141	-0.5	-505	18.8	19.0	-0.2	19.0	0.0	19.0	
2.94531	-0.5	-505	18.8	19.0	-0.2	19.0	0.0	19.0	
2.94922	-0.5	-505	18.8	19.0	-0.2	19.0	0.0	19.0	
2.95312	-0.5	-505	18.8	19.0	-0.2	19.0	0.0	19.0	
2.95703	-0.5	-505	18.8	19.0	-0.2	19.0	0.0	19.0	
2.96094	-0.5	-505	18.8	19.0	-0.2	19.0	0.0	19.0	
2.96484	-0.5	-505	18.8	19.0	-0.2	19.0	0.0	19.0	
2.96875	-0.5	-505	18.7	19.1	-0.4	19.1	0.0	19.1	
2.97266	-0.5	-505	18.7	19.0	-0.3	19.0	0.0	19.0	
2.97656	-0.5	-505	18.7	19.0	-0.3	19.0	0.0	19.0	
2.98047	-0.5	-506	18.7	19.0	-0.3	19.0	0.0	19.0	
2.98438	-0.5	-506	18.7	19.0	-0.3	19.0	0.0	19.0	
2.98828	-0.5	-506	18.7	19.0	-0.3	19.0	0.0	19.0	
2.99219	-0.5	-506	18.7	19.0	-0.3	19.0	0.0	19.0	
2.99609	-0.6	-506	18.7	19.0	-0.3	19.0	0.0	19.0	
3.00000	-0.6	-506	18.6	19.0	-0.4	19.0	0.0	19.0	
3.00391	-0.6	-506	18.6	19.0	-0.4	19.0	0.0	19.0	
3.00781	-0.6	-506	18.6	19.0	-0.4	19.0	0.0	19.0	
3.01172	-0.6	-506	18.6	19.0	-0.4	19.0	0.0	19.0	
3.01562	-0.5	-506	18.6	18.9	-0.3	18.9	0.0	18.9	
3.01953	-0.5	-506	18.6	18.9	-0.3	18.9	0.0	18.9	
3.02344	-0.6	-506	18.6	18.9	-0.3	18.9	0.0	18.9	
3.02734	-0.6	-506	18.6	18.9	-0.3	18.9	0.0	18.9	
3.03125	-0.6	-506	18.6	18.9	-0.3	18.9	0.0	18.9	
3.03516	-0.5	-506	18.6	18.9	-0.3	18.9	0.0	18.9	
3.03906	-0.5	-506	18.6	18.9	-0.3	18.9	0.0	18.9	
3.04297	-0.6	-506	18.6	18.9	-0.3	18.9	0.0	18.9	
3.04688	-0.5	-506	18.6	18.8	-0.2	18.8	0.0	18.8	
3.05078	-0.5	-506	18.6	18.8	-0.2	18.8	0.0	18.8	
3.05469	-0.5	-506	18.5	18.8	-0.3	18.8	0.0	18.8	
3.05859	-0.5	-506	18.5	18.8	-0.3	18.8	0.0	18.8	
3.06250	-0.5	-506	18.5	18.8	-0.3	18.8	0.0	18.8	
3.06641	-0.5	-506	18.5	18.8	-0.3	18.8	0.0	18.8	
3.07031	-0.5	-506	18.5	18.8	-0.3	18.8	0.0	18.8	
3.07422	-0.6	-506	18.5	18.7	-0.2	18.7	0.0	18.7	
3.07812	-0.5	-506	18.5	18.7	-0.2	18.7	0.0	18.7	
3.08203	-0.5	-506	18.5	18.7	-0.2	18.7	0.0	18.7	
3.08594	-0.6	-506	18.5	18.7	-0.2	18.7	0.0	18.7	
3.08984	-0.6	-507	18.4	18.7	-0.3	18.7	0.0	18.7	
3.09375	-0.6	-507	18.4	18.7	-0.3	18.7	0.0	18.7	
3.09766	-0.6	-507	18.4	18.7	-0.3	18.7	0.0	18.7	
3.10156	-0.5	-507	18.4	18.7	-0.3	18.7	0.0	18.7	
3.10547	-0.6	-507	18.4	18.7	-0.3	18.7	0.0	18.7	
3.10938	-0.6	-507	18.4	18.7	-0.3	18.7	0.0	18.7	
3.11328	-0.6	-507	18.4	18.7	-0.3	18.7	0.0	18.7	
3.11719	-0.6	-507	18.4	18.7	-0.3	18.7	0.0	18.7	
3.12109	-0.5	-507	18.4	18.7	-0.3	18.7	0.0	18.7	
3.12500	-0.5	-507	18.4	18.7	-0.3	18.7	0.0	18.7	
3.12891	-0.5	-507	18.4	18.7	-0.3	18.7	0.0	18.7	
3.13281	-0.4	-507	18.3	18.7	-0.4	18.7	0.0	18.7	
3.13672	-0.3	-507	18.3	18.7	-0.4	18.7	0.0	18.7	
3.14062	-0.3	-507	18.2	18.7	-0.5	18.7	0.0	18.7	
3.14453	-0.2	-507	18.2	18.7	-0.5	18.7	0.0	18.7	
3.14844	-0.0	-507	18.1	18.7	-0.6	18.7	0.0	18.7	
3.15234	0.1	-507	18.0	18.6	-0.6	18.6	0.0	18.6	
3.15625	0.2	-507	18.0	18.6	-0.6	18.6	0.0	18.6	
3.16016	0.3	-507	17.9	18.6	-0.7	18.6	0.0	18.6	
3.16406	0.4	-507	17.8	18.6	-0.8	18.6	0.0	18.6	
3.16797	0.6	-507	17.7	18.6	-0.9	18.6	0.0	18.6	
3.17188	0.7	-507	17.6	18.6	-1.0	18.6	0.0	18.6	
3.17578	0.8	-507	17.5	18.5	-1.0	18.5	0.0	18.5	
3.17969	0.9	-507	17.4	18.5	-1.1	18.5	0.0	18.5	
3.18359	1.0	-507	17.3	18.5	-1.2	18.5	0.0	18.5	
3.18750	1.0	-507	17.2	18.4	-1.2	18.4	0.0	18.4	
3.19141	1.1	-506	17.1	18.4	-1.3	18.4	0.0	18.4	
3.19531	1.1	-506	17.0	18.3	-1.3	18.3	0.0	18.3	
3.19922	1.2	-506	16.9	18.3	-1.4	18.3	0.0	18.3	
3.20312	1.2	-506	16.8	18.2	-1.4	18.2	0.0	18.2	
3.20703	1.2	-506	16.6	18.2	-1.6	18.2	0.0	18.2	
3.21094	1.2	-506	16.5	18.1	-1.6	18.1	0.0	18.1	
3.21484	1.3	-506	16.4	18.1	-1.7	18.1	0.0	18.1	
3.21875	1.4	-506	16.3	18.0	-1.7	18.0	0.0	18.0	
3.22266	1.4	-506	16.2	18.0	-1.8	18.0	0.0	18.0	
3.22656	1.5	-506	16.0	17.9	-1.9	17.9	0.0	17.9	
3.23047	1.6	-506	15.9	17.9	-2.0	17.9	0.0	17.9	
3.23438	1.7	-506	15.8	17.8	-2.0	17.8	0.0	17.8	
3.23828	1.9	-505	15.7	17.8	-2.1	17.8	0.0	17.8	
3.24219	2.0	-505	15.5	17.7	-2.2	17.7	0.0	17.7	
3.24609	2.1	-505	15.4	17.7	-2.3	17.7	0.0	17.7	
3.25000	2.3	-505	15.2	17.6	-2.4	17.6	0.0	17.6	
3.25391	2.4	-505	15.1	17.5	-2.4	17.5	0.0	17.5	
3.25781	2.5	-505	14.9	17.5	-2.6	17.5	0.0	17.5	
3.26172	2.6	-505	14.8	17.5	-2.7	17.5	0.0	17.5	
3.26562	2.7	-504	14.6	17.4	-2.8	17.4	0.0	17.4	
3.26953	2.8	-504	14.5	17.3	-2.8	17.3	0.0	17.3	
3.27344	2.9	-504	14.3	17.3	-3.0	17.3	0.0	17.3	
3.27734	2.8	-504	14.1	17.2	-3.1	17.2	0.0	17.2	
3.28125	2.8	-504	14.0	17.2	-3.2	17.2	0.0	17.2	
3.28516	2.8	-503	13.8	17.1	-3.3	17.1	0.0	17.1	
3.28906	2.7	-503	13.7	17.0	-3.3	17.0	0.0	17.0	
3.29297	2.6	-503	13.5	16.9	-3.4	16.9	0.0	16.9	
3.29688	2.5	-503	13.4	16.9	-3.5	16.9	0.0	16.9	
3.30078	2.5	-503	13.2	16.8	-3.6	16.8	0.0	16.8	
3.30469	2.4	-503	13.1	16.7	-3.6	16.7	0.0	16.7	
3.30859	2.3	-502	13.0	16.6	-3.6	16.6	0.0	16.6	
3.31250	2.2	-502	12.8	16.5	-3.7	16.5	0.0	16.5	
3.31641	2.2	-502	12.7	16.5	-3.8	16.5	0.0	16.5	
3.32031	2.0	-502	12.5	16.4	-3.9	16.4	0.0	16.4	
3.32422	2.0	-502	12.4	16.3	-3.9	16.3	0.0	16.3	
3.32812	1.9	-502	12.3	16.2	-3.9	16.2	0.0	16.2	
3.33203	1.9	-502	12.2	16.1	-3.9	16.1	0.0	16.1	
3.33594	1.8	-502	12.0	16.0	-4.0	16.0	0.0	16.0	
3.33984	1.7	-501	11.9	16.0	-4.1	16.0	0.0	16.0	
3.34375	1.7	-501	11.8	15.9	-4.1	15.9	0.0	15.9	
3.34766	1.7	-501	11.7	15.8	-4.1	15.8	0.0	15.8	
3.35156	1.6	-501	11.6	15.7	-4.1	15.7	0.0	15.7	
3.35547	1.5	-501	11.5	15.6	-4.1	15.6	0.0	15.6	
3.35938	1.4	-501	11.4	15.5	-4.1	15.5	0.0	15.5	
3.36328	1.3	-501	11.3	15.4	-4.1	15.4	0.0	15.4	
3.36719	1.3	-501	11.2	15.4	-4.2	15.4	0.0	15.4	
3.37109	1.2	-501	11.1	15.3	-4.2	15.3	0.0	15.3	
3.37500	1.0	-501	11.0	15.2	-4.2	15.2	0.0	15.2	
3.37891	0.8	-501	10.9	15.1	-4.2	15.1	0.0	15.1	
3.38281	0.8	-500	10.8	15.0	-4.2	15.0	0.0	15.0	
3.38672	0.7	-500	10.8	15.0	-4.2	15.0	0.0	15.0	
3.39062	0.5	-500	10.7	14.9	-4.2	14.9	0.0	14.9	
3.39453	0.5	-500	10.6	14.8	-4.2	14.8	0.0	14.8	
3.39844	0.4	-500	10.6	14.8	-4.2	14.8	0.0	14.8	
3.40234	0.4	-500	10.5	14.7	-4.2	14.7	0.0	14.7	
3.40625	0.3	-500	10.5	14.6	-4.1	14.6	0.0	14.6	
3.41016	0.3	-500	10.4	14.6	-4.2	14.6	0.0	14.6	
3.41406	0.3	-500	10.3	14.5	-4.2	14.5	0.0	14.5	
3.41797	0.3	-500	10.3	14.5	-4.2	14.5	0.0	14.5	
3.42188	0.3	-500	10.2	14.4	-4.2	14.4	0.0	14.4	
3.42578	0.3	-500	10.2	14.3	-4.1	14.3	0.0	14.3	
3.42969	0.3	-500	10.1	14.3	-4.2	14.3	0.0	14.3	
3.43359	0.4	-500	10.0	14.2	-4.2	14.2	0.0	14.2	
3.43750	0.4	-500	10.0	14.2	-4.2	14.2	0.0	14.2	
3.44141	0.5	-500	9.9	14.1	-4.2	14.1	0.0	14.1	
3.44531	0.5	-500	9.8	14.1	-4.3	14.1	0.0	14.1	
3.44922	0.5	-500	9.8	14.0	-4.2	14.0	0.0	14.0	
3.45312	0.6	-500	9.7	14.0	-4.3	14.0	0.0	14.0	
3.45703	0.7	-500	9.6	13.9	-4.3	13.9	0.0	13.9	
3.46094	0.7	-500	9.5	13.9	-4.4	13.9	0.0	13.9	
3.46484	0.8	-500	9.4	13.8	-4.4	13.8	0.0	13.8	
3.46875	0.9	-500	9.3	13.8	-4.5	13.8	0.0	13.8	
3.47266	0.9	-500	9.2	13.7	-4.5	13.7	0.0	13.7	
3.47656	0.9	-500	9.2	13.7	-4.5	13.7	0.0	13.7	
3.48047	1.0	-500	9.1	13.6	-4.5	13.6	0.0	13.6	
3.48438	1.1	-500	9.0	13.5	-4.5	13.5	0.0	13.5	
3.48828	1.1	-499	8.9	13.5	-4.6	13.5	0.0	13.5	
3.49219	1.2	-499	8.8	13.4	-4.6	13.4	0.0	13.4	
3.49609	1.3	-499	8.7	13.4	-4.7	13.4	0.0	13.4	
3.50000	1.2	-499	8.6	13.3	-4.7	13.3	0.0	13.3	
3.50391	1.3	-499	8.5	13.2	-4.7	13.2	0.0	13.2	
3.50781	1.3	-499	8.4	13.2	-4.8	13.2	0.0	13.2	
3.51172	1.2	-499	8.3	13.1	-4.8	13.1	0.0	13.1	
3.51562	1.3	-499	8.2	13.0	-4.8	13.0	0.0	13.0	
3.51953	1.2	-499	8.1	13.0	-4.9	13.0	0.0	13.0	
3.52344	1.2	-499	8.0	12.9	-4.9	12.9	0.0	12.9	
3.52734	1.2	-499	7.9	12.9	-5.0	12.9	0.0	12.9	
3.53125	1.1	-499	7.8	12.8	-5.0	12.8	0.0	12.8	
3.53516	1.1	-499	7.7	12.7	-5.0	12.7	0.0	12.7	
3.53906	1.1	-498	7.6	12.7	-5.1	12.7	0.0	12.7	
3.54297	1.2	-498	7.5	12.6	-5.1	12.6	0.0	12.6	
3.54688	1.1	-498	7.4	12.5	-5.1	12.5	0.0	12.5	
3.55078	1.1	-498	7.3	12.5	-5.2	12.5	0.0	12.5	
3.55469	1.1	-498	7.2	12.4	-5.2	12.4	0.0	12.4	
3.55859	1.1	-498	7.1	12.4	-5.3	12.4	0.0	12.4	
3.56250	1.1	-498	7.1	12.3	-5.2	12.3	0.0	12.3	
3.56641	1.1	-498	7.0	12.2	-5.2	12.2	0.0	12.2	
3.57031	1.1	-498	6.9	12.2	-5.3	12.2	0.0	12.2	
3.57422	1.0	-498	6.8	12.1	-5.3	12.1	0.0	12.1	
3.57812	1.0	-498	6.7	12.0	-5.3	12.0	0.0	12.0	
3.58203	1.0	-498	6.6	12.0	-5.4	12.0	0.0	12.0	
3.58594	1.0	-498	6.5	11.9	-5.4	11.9	0.0	11.9	
3.58984	0.9	-498	6.5	11.9	-5.4	11.9	0.0	11.9	
3.59375	0.9	-497	6.4	11.8	-5.4	11.8	0.0	11.8	
3.59766	0.8	-497	6.3	11.7	-5.4	11.7	0.0	11.7	
3.60156	0.8	-497	6.3	11.7	-5.4	11.7	0.0	11.7	
3.60547	0.7	-497	6.2	11.6	-5.4	11.6	0.0	11.6	
3.60938	0.6	-497	6.1	11.6	-5.5	11.6	0.0	11.6	
3.61328	0.5	-497	6.0	11.5	-5.5	11.5	0.0	11.5	
3.61719	0.4	-497	6.0	11.4	-5.4	11.4	0.0	11.4	
3.62109	0.4	-497	5.9	11.4	-5.5	11.4	0.0	11.4	
3.62500	0.3	-497	5.9	11.3	-5.4	11.3	0.0	11.3	
3.62891	0.3	-497	5.8	11.3	-5.5	11.3	0.0	11.3	
3.63281	0.2	-497	5.7	11.2	-5.5	11.2	0.0	11.2	
3.63672	0.2	-497	5.7	11.2	-5.5	11.2	0.0	11.2	
3.64062	0.2	-497	5.7	11.1	-5.4	11.1	0.0	11.1	
3.64453	0.2	-497	5.6	11.0	-5.4	11.0	0.0	11.0	
3.64844	0.2	-497	5.5	11.0	-5.5	11.0	0.0	11.0	
3.65234	0.2	-497	5.5	11.0	-5.5	11.0	0.0	11.0	
3.65625	0.2	-497	5.4	10.9	-5.5	10.9	0.0	10.9	
3.66016	0.2	-497	5.4	10.8	-5.4	10.8	0.0	10.8	
3.66406	0.2	-497	5.3	10.8	-5.5	10.8	0.0	10.8	
3.66797	0.2	-497	5.3	10.7	-5.4	10.7	0.0	10.7	
3.67188	0.2	-497	5.2	10.7	-5.5	10.7	0.0	10.7	
3.67578	0.2	-497	5.2	10.6	-5.4	10.6	0.0	10.6	
3.67969	0.2	-497	5.1	10.6	-5.5	10.6	0.0	10.6	
3.68359	0.2	-497	5.1	10.5	-5.4	10.5	0.0	10.5	
3.68750	0.2	-497	5.0	10.5	-5.5	10.5	0.0	10.5	
3.69141	0.2	-497	4.9	10.4	-5.5	10.4	0.0	10.4	
3.69531	0.2	-497	4.9	10.4	-5.5	10.4	0.0	10.4	
3.69922	0.1	-497	4.9	10.3	-5.4	10.3	0.0	10.3	
3.70312	0.1	-497	4.8	10.3	-5.5	10.3	0.0	10.3	
3.70703	0.1	-497	4.7	10.2	-5.5	10.2	0.0	10.2	
3.71094	0.1	-497	4.7	10.2	-5.5	10.2	0.0	10.2	
3.71484	0.1	-497	4.7	10.1	-5.4	10.1	0.0	10.1	
3.71875	0.0	-497	4.6	10.1	-5.5	10.1	0.0	10.1	
3.72266	0.0	-497	4.6	10.0	-5.4	10.0	0.0	10.0	
3.72656	0.0	-497	4.5	10.0	-5.5	10.0	0.0	10.0	
3.73047	0.0	-497	4.5	9.9	-5.4	9.9	0.0	9.9	
3.73438	0.0	-497	4.4	9.9	-5.5	9.9	0.0	9.9	
3.73828	0.0	-497	4.4	9.8	-5.4	9.8	0.0	9.8	
3.74219	0.0	-497	4.3	9.8	-5.5	9.8	0.0	9.8	
3.74609	0.0	-497	4.3	9.8	-5.5	9.8	0.0	9.8	
3.75000	-0.0	-497	4.2	9.7	-5.5	9.7	0.0	9.7	
3.75391	-0.0	-497	4.2	9.7	-5.5	9.7	0.0	9.7	
3.75781	-0.0	-497	4.2	9.6	-5.4	9.6	0.0	9.6	
3.76172	-0.0	-497	4.1	9.6	-5.5	9.6	0.0	9.6	
3.76562	-0.0	-497	4.1	9.6	-5.5	9.6	0.0	9.6	
3.76953	-0.1	-497	4.0	9.5	-5.5	9.5	0.0	9.5	
3.77344	-0.1	-497	4.0	9.5	-5.5	9.5	0.0	9.5	
3.77734	-0.1	-497	3.9	9.4	-5.5	9.4	0.0	9.4	
3.78125	-0.1	-497	3.9	9.4	-5.5	9.4	0.0	9.4	
3.78516	-0.1	-497	3.9	9.3	-5.4	9.3	0.0	9.3	
3.78906	-0.1	-497	3.8	9.3	-5.5	9.3	0.0	9.3	
3.79297	-0.1	-497	3.8	9.3	-5.5	9.3	0.0	9.3	
3.79688	-0.1	-497	3.8	9.2	-5.4	9.2	0.0	9.2	
3.80078	-0.2	-497	3.7	9.2	-5.5	9.2	0.0	9.2	
3.80469	-0.2	-497	3.7	9.2	-5.5	9.2	0.0	9.2	
3.80859	-0.2	-497	3.7	9.1	-5.4	9.1	0.0	9.1	
3.81250	-0.2	-497	3.6	9.1	-5.5	9.1	0.0	9.1	
3.81641	-0.2	-497	3.6	9.0	-5.4	9.0	0.0	9.0	
3.82031	-0.3	-497	3.6	9.0	-5.4	9.0	0.0	9.0	
3.82422	-0.3	-497	3.5	9.0	-5.5	9.0	0.0	9.0	
3.82812	-0.3	-497	3.5	8.9	-5.4	8.9	0.0	8.9	
3.83203	-0.3	-497	3.5	8.9	-5.4	8.9	0.0	8.9	
3.83594	-0.3	-497	3.5	8.9	-5.4	8.9	0.0	8.9	
3.83984	-0.3	-497	3.5	8.8	-5.3	8.8	0.0	8.8	
3.84375	-0.4	-497	3.4	8.8	-5.4	8.8	0.0	8.8	
3.84766	-0.3	-497	3.4	8.8	-5.4	8.8	0.0	8.8	
3.85156	-0.3	-497	3.4	8.7	-5.3	8.7	0.0	8.7	
3.85547	-0.4	-497	3.4	8.7	-5.3	8.7	0.0	8.7	
3.85938	-0.3	-497	3.3	8.7	-5.4	8.7	0.0	8.7	
3.86328	-0.3	-497	3.3	8.6	-5.3	8.6	0.0	8.6	
3.86719	-0.4	-497	3.3	8.6	-5.3	8.6	0.0	8.6	
3.87109	-0.4	-497	3.3	8.6	-5.3	8.6	0.0	8.6	
3.87500	-0.3	-497	3.3	8.5	-5.2	8.5	0.0	8.5	
3.87891	-0.4	-497	3.2	8.5	-5.3	8.5	0.0	8.5	
3.88281	-0.4	-497	3.2	8.5	-5.3	8.5	0.0	8.5	
3.88672	-0.4	-497	3.2	8.5	-5.3	8.5	0.0	8.5	
3.89062	-0.4	-497	3.2	8.4	-5.2	8.4	0.0	8.4	
3.89453	-0.4	-497	3.2	8.4	-5.2	8.4	0.0	8.4	
3.89844	-0.4	-498	3.1	8.4	-5.3	8.4	0.0	8.4	
3.90234	-0.4	-498	3.1	8.3	-5.2	8.3	0.0	8.3	
3.90625	-0.5	-498	3.1	8.3	-5.2	8.3	0.0	8.3	
3.91016	-0.4	-498	3.1	8.3	-5.2	8.3	0.0	8.3	
3.91406	-0.4	-498	3.1	8.2	-5.1	8.2	0.0	8.2	
3.91797	-0.4	-498	3.1	8.2	-5.1	8.2	0.0	8.2	
3.92188	-0.4	-498	3.0	8.1	-5.1	8.1	0.0	8.1	
3.92578	-0.4	-498	3.0	8.1	-5.1	8.1	0.0	8.1	
3.92969	-0.4	-498	3.0	8.0	-5.0	8.0	0.0	8.0	
3.93359	-0.4	-498	3.0	8.0	-5.0	8.0	0.0	8.0	
3.93750	-0.4	-498	3.0	8.0	-5.0	8.0	0.0	8.0	
3.94141	-0.4	-498	3.0	7.9	-4.9	7.9	0.0	7.9	
3.94531	-0.5	-498	3.0	7.9	-4.9	7.9	0.0	7.9	
3.94922	-0.5	-498	3.0	7.8	-4.8	7.8	0.0	7.8	
3.95312	-0.5	-498	3.0	7.7	-4.7	7.7	0.0	7.7	
3.95703	-0.5	-498	3.0	7.7	-4.7	7.7	0.0	7.7	
3.96094	-0.5	-498	2.9	7.6	-4.7	7.6	0.0	7.6	
3.96484	-0.5	-498	2.9	7.6	-4.7	7.6	0.0	7.6	
3.96875	-0.5	-498	3.0	7.5	-4.5	7.5	0.0	7.5	
3.97266	-0.6	-498	3.0	7.5	-4.5	7.5	0.0	7.5	
3.97656	-0.6	-498	2.9	7.4	-4.5	7.4	0.0	7.4	
3.98047	-0.6	-498	3.0	7.4	-4.4	7.4	0.0	7.4	
3.98438	-0.6	-498	3.0	7.3	-4.3	7.3	0.0	7.3	
3.98828	-0.6	-498	3.0	7.3	-4.3	7.3	0.0	7.3	
3.99219	-0.6	-498	3.0	7.2	-4.2	7.2	0.0	7.2	
3.99609	-0.7	-498	3.0	7.2	-4.2	7.2	0.0	7.2	
4.00000	-0.7	-498	3.1	7.1	-4.0	7.1	0.0	7.1	
4.00391	-0.8	-498	3.1	7.1	-4.0	7.1	0.0	7.1	
4.00781	-0.8	-498	3.2	7.1	-3.9	7.1	0.0	7.1	
4.01172	-1.0	-499	3.3	7.0	-3.7	7.0	0.0	7.0	
4.01562	-1.1	-499	3.3	7.0	-3.7	7.0	0.0	7.0	
4.01953	-1.2	-499	3.4	7.0	-3.6	7.0	0.0	7.0	
4.02344	-1.4	-499	3.5	6.9	-3.4	6.9	0.0	6.9	
4.02734	-1.5	-499	3.6	6.9	-3.3	6.9	0.0	6.9	
4.03125	-1.7	-499	3.7	6.9	-3.2	6.9	0.0	6.9	
4.03516	-1.8	-499	3.8	6.9	-3.1	6.9	0.0	6.9	
4.03906	-2.0	-499	3.9	6.9	-3.0	6.9	0.0	6.9	
4.04297	-2.1	-499	4.0	6.9	-2.9	6.9	0.0	6.9	
4.04688	-2.4	-500	4.2	6.9	-2.7	6.9	0.0	6.9	
4.05078	-2.6	-500	4.3	6.9	-2.6	6.9	0.0	6.9	
4.05469	-2.8	-500	4.5	6.9	-2.4	6.9	0.0	6.9	
4.05859	-3.0	-500	4.6	6.9	-2.3	6.9	0.0	6.9	
4.06250	-3.2	-500	4.8	6.9	-2.1	6.9	0.0	6.9	
4.06641	-3.5	-501	5.0	6.9	-1.9	6.9	0.0	6.9	
4.07031	-3.8	-501	5.2	7.0	-1.8	7.0	0.0	7.0	
4.07422	-4.1	-501	5.4	7.0	-1.6	7.0	0.0	7.0	
4.07812	-4.4	-501	5.6	7.0	-1.4	7.0	0.0	7.0	
4.08203	-4.8	-502	5.8	7.0	-1.2	7.0	0.0	7.0	
4.08594	-5.2	-502	6.1	7.1	-1.0	7.1	0.0	7.1	
4.08984	-5.6	-502	6.3	7.1	-0.8	7.1	0.0	7.1	
4.09375	-6.1	-503	6.6	7.2	-0.6	7.2	0.0	7.2	
4.09766	-6.5	-503	6.9	7.2	-0.3	7.2	0.0	7.2	
4.10156	-7.0	-504	7.2	7.2	0.0	7.2	0.0	7.2	
4.10547	-7.6	-504	7.5	7.3	0.2	7.3	0.0	7.3	
4.10938	-8.0	-505	7.8	7.4	0.4	7.4	0.0	7.4	
4.11328	-8.6	-505	8.2	7.4	0.8	7.4	0.0	7.4	
4.11719	-9.1	-506	8.5	7.5	1.0	7.5	0.0	7.5	
4.12109	-9.5	-506	8.9	7.5	1.4	7.5	0.0	7.5	
4.12500	-9.9	-507	9.3	7.6	1.7	7.6	0.0	7.6	
4.12891	-10.2	-508	9.7	7.7	2.0	7.7	0.0	7.7	
4.13281	-10.4	-508	10.1	7.8	2.3	7.8	0.0	7.8	
4.13672	-10.6	-509	10.5	7.8	2.7	7.8	0.0	7.8	
4.14062	-10.6	-510	10.9	7.9	3.0	7.9	0.0	7.9	
4.14453	-10.6	-510	11.3	8.0	3.3	8.0	0.0	8.0	
4.14844	-10.6	-511	11.7	8.1	3.6	8.1	0.0	8.1	
4.15234	-10.4	-512	12.0	8.2	3.8	8.2	0.0	8.2	
4.15625	-10.3	-512	12.4	8.3	4.1	8.3	0.0	8.3	
4.16016	-10.1	-513	12.8	8.4	4.4	8.4	0.0	8.4	
4.16406	-9.8	-514	13.2	8.6	4.6	8.6	0.0	8.6	
4.16797	-9.5	-514	13.5	8.7	4.8	8.7	0.0	8.7	
4.17188	-9.2	-515	13.8	8.8	5.0	8.8	0.0	8.8	
4.17578	-8.8	-516	14.1	8.9	5.2	8.9	0.0	8.9	
4.17969	-8.4	-516	14.4	9.0	5.4	9.0	0.0	9.0	
4.18359	-8.0	-517	14.7	9.2	5.5	9.2	0.0	9.2	
4.18750	-7.6	-517	15.0	9.3	5.7	9.3	0.0	9.3	
4.19141	-7.1	-518	15.2	9.4	5.8	9.4	0.0	9.4	
4.19531	-6.7	-518	15.4	9.6	5.8	9.6	0.0	9.6	
4.19922	-6.2	-518	15.6	9.7	5.9	9.7	0.0	9.7	
4.20312	-5.6	-519	15.8	9.8	6.0	9.8	0.0	9.8	
4.20703	-5.1	-519	16.0	10.0	6.0	10.0	0.0	10.0	
4.21094	-4.7	-519	16.2	10.1	6.1	10.1	0.0	10.1	
4.21484	-4.2	-520	16.3	10.2	6.1	10.2	0.0	10.2	
4.21875	-3.8	-520	16.4	10.4	6.0	10.4	0.0	10.4	
4.22266	-3.4	-520	16.6	10.5	6.1	10.5	0.0	10.5	
4.22656	-3.0	-520	16.7	10.6	6.1	10.6	0.0	10.6	
4.23047	-2.7	-521	16.7	10.7	6.0	10.7	0.0	10.7	
4.23438	-2.4	-521	16.8	10.9	5.9	10.9	0.0	10.9	
4.23828	-2.2	-521	16.9	11.0	5.9	11.0	0.0	11.0	
4.24219	-1.9	-521	17.0	11.1	5.9	11.1	0.0	11.1	
4.24609	-1.8	-521	17.0	11.2	5.8	11.2	0.0	11.2	
4.25000	-1.6	-521	17.1	11.3	5.8	11.3	0.0	11.3	
4.25391	-1.4	-521	17.1	11.5	5.6	11.5	0.0	11.5	
4.25781	-1.3	-521	17.2	11.6	5.6	11.6	0.0	11.6	
4.26172	-1.3	-521	17.2	11.7	5.5	11.7	0.0	11.7	
4.26562	-1.2	-522	17.3	11.8	5.5	11.8	0.0	11.8	
4.26953	-1.1	-522	17.3	11.9	5.4	11.9	0.0	11.9	
4.27344	-1.0	-522	17.3	12.0	5.3	12.0	0.0	12.0	
4.27734	-0.9	-522	17.3	12.1	5.2	12.1	0.0	12.1	
4.28125	-0.9	-522	17.3	12.2	5.1	12.2	0.0	12.2	
4.28516	-0.8	-522	17.3	12.3	5.0	12.3	0.0	12.3	
4.28906	-0.8	-522	17.3	12.5	4.8	12.5	0.0	12.5	
4.29297	-0.7	-522	17.3	12.6	4.7	12.6	0.0	12.6	
4.29688	-0.7	-522	17.4	12.7	4.7	12.7	0.0	12.7	
4.30078	-0.7	-522	17.4	12.7	4.7	12.7	0.0	12.7	
4.30469	-0.6	-522	17.3	12.9	4.4	12.9	0.0	12.9	
4.30859	-0.6	-522	17.3	13.0	4.3	13.0	0.0	13.0	
4.31250	-0.6	-522	17.3	13.0	4.3	13.0	0.0	13.0	
4.31641	-0.6	-522	17.3	13.1	4.2	13.1	0.0	13.1	
4.32031	-0.6	-522	17.3	13.2	4.1	13.2	0.0	13.2	
4.32422	-0.6	-522	17.3	13.3	4.0	13.3	0.0	13.3	
4.32812	-0.6	-522	17.3	13.4	3.9	13.4	0.0	13.4	
4.33203	-0.6	-522	17.3	13.5	3.8	13.5	0.0	13.5	
4.33594	-0.6	-522	17.3	13.6	3.7	13.6	0.0	13.6	
4.33984	-0.6	-522	17.3	13.6	3.7	13.6	0.0	13.6	
4.34375	-0.6	-522	17.3	13.7	3.6	13.7	0.0	13.7	
4.34766	-0.6	-522	17.3	13.8	3.5	13.8	0.0	13.8	
4.35156	-0.6	-523	17.3	13.9	3.4	13.9	0.0	13.9	
4.35547	-0.6	-523	17.3	14.0	3.3	14.0	0.0	14.0	
4.35938	-0.7	-523	17.3	14.0	3.3	14.0	0.0	14.0	
4.36328	-0.7	-523	17.3	14.1	3.2	14.1	0.0	14.1	
4.36719	-0.7	-523	17.3	14.2	3.1	14.2	0.0	14.2	
4.37109	-0.7	-523	17.3	14.2	3.1	14.2	0.0	14.2	
4.37500	-0.7	-523	17.3	14.3	3.0	14.3	0.0	14.3	
4.37891	-0.7	-523	17.3	14.4	2.9	14.4	0.0	14.4	
4.38281	-0.7	-523	17.3	14.4	2.9	14.4	0.0	14.4	
4.38672	-0.7	-523	17.3	14.5	2.8	14.5	0.0	14.5	
4.39062	-0.7	-523	17.3	14.6	2.7	14.6	0.0	14.6	
4.39453	-0.7	-523	17.3	14.6	2.7	14.6	0.0	14.6	
4.39844	-0.7	-523	17.3	14.7	2.6	14.7	0.0	14.7	
4.40234	-0.7	-523	17.3	14.7	2.6	14.7	0.0	14.7	
4.40625	-0.6	-523	17.4	14.8	2.6	14.8	0.0	14.8	
4.41016	-0.6	-523	17.4	14.8	2.6	14.8	0.0	14.8	
4.41406	-0.6	-523	17.4	14.9	2.5	14.9	0.0	14.9	
4.41797	-0.6	-523	17.4	15.0	2.4	15.0	0.0	15.0	
4.42188	-0.6	-523	17.3	15.0	2.3	15.0	0.0	15.0	
4.42578	-0.6	-523	17.4	15.1	2.3	15.1	0.0	15.1	
4.42969	-0.6	-523	17.4	15.1	2.3	15.1	0.0	15.1	
4.43359	-0.6	-523	17.4	15.2	2.2	15.2	0.0	15.2	
4.43750	-0.6	-523	17.4	15.3	2.1	15.3	0.0	15.3	
4.44141	-0.6	-524	17.4	15.3	2.1	15.3	0.0	15.3	
4.44531	-0.6	-524	17.4	15.4	2.0	15.4	0.0	15.4	
4.44922	-0.6	-524	17.4	15.4	2.0	15.4	0.0	15.4	
4.45312	-0.6	-524	17.4	15.5	1.9	15.5	0.0	15.5	
4.45703	-0.7	-524	17.4	15.5	1.9	15.5	0.0	15.5	
4.46094	-0.7	-524	17.4	15.6	1.8	15.6	0.0	15.6	
4.46484	-0.6	-524	17.4	15.6	1.8	15.6	0.0	15.6	
4.46875	-0.6	-524	17.4	15.7	1.7	15.7	0.0	15.7	
4.47266	-0.6	-524	17.4	15.7	1.7	15.7	0.0	15.7	
4.47656	-0.6	-524	17.4	15.8	1.6	15.8	0.0	15.8	
4.48047	-0.6	-524	17.4	15.8	1.6	15.8	0.0	15.8	
4.48438	-0.7	-524	17.4	15.9	1.5	15.9	0.0	15.9	
4.48828	-0.7	-524	17.4	15.9	1.5	15.9	0.0	15.9	
4.49219	-0.6	-524	17.4	15.9	1.5	15.9	0.0	15.9	
4.49609	-0.6	-524	17.5	15.9	1.6	15.9	0.0	15.9	
4.50000	-0.6	-524	17.5	16.0	1.5	16.0	0.0	16.0	
4.50391	-0.7	-524	17.5	16.0	1.5	16.0	0.0	16.0	
4.50781	-0.6	-524	17.5	16.1	1.4	16.1	0.0	16.1	
4.51172	-0.6	-524	17.5	16.1	1.4	16.1	0.0	16.1	
4.51562	-0.6	-524	17.5	16.1	1.4	16.1	0.0	16.1	
4.51953	-0.6	-524	17.5	16.1	1.4	16.1	0.0	16.1	
4.52344	-0.6	-524	17.5	16.2	1.3	16.2	0.0	16.2	
4.52734	-0.6	-524	17.5	16.2	1.3	16.2	0.0	16.2	
4.53125	-0.6	-524	17.5	16.2	1.3	16.2	0.0	16.2	
4.53516	-0.6	-524	17.5	16.3	1.2	16.3	0.0	16.3	
4.53906	-0.6	-525	17.5	16.3	1.2	16.3	0.0	16.3	
4.54297	-0.6	-525	17.5	16.3	1.2	16.3	0.0	16.3	
4.54688	-0.6	-525	17.5	16.3	1.2	16.3	0.0	16.3	
4.55078	-0.6	-525	17.5	16.3	1.2	16.3	0.0	16.3	
4.55469	-0.6	-525	17.5	16.4	1.1	16.4	0.0	16.4	
4.55859	-0.6	-525	17.5	16.4	1.1	16.4	0.0	16.4	
4.56250	-0.6	-525	17.5	16.4	1.1	16.4	0.0	16.4	
4.56641	-0.6	-525	17.5	16.4	1.1	16.4	0.0	16.4	
4.57031	-0.6	-525	17.5	16.5	1.0	16.5	0.0	16.5	
4.57422	-0.6	-525	17.5	16.5	1.0	16.5	0.0	16.5	
4.57812	-0.6	-525	17.5	16.5	1.0	16.5	0.0	16.5	
4.58203	-0.6	-525	17.6	16.5	1.1	16.5	0.0	16.5	
4.58594	-0.6	-525	17.6	16.5	1.1	16.5	0.0	16.5	
4.58984	-0.7	-525	17.6	16.5	1.1	16.5	0.0	16.5	
4.59375	-0.7	-525	17.6	16.5	1.1	16.5	0.0	16.5	
4.59766	-0.6	-525	17.6	16.6	1.0	16.6	0.0	16.6	
4.60156	-0.6	-525	17.6	16.6	1.0	16.6	0.0	16.6	
4.60547	-0.6	-525	17.6	16.6	1.0	16.6	0.0	16.6	
4.60938	-0.7	-525	17.6	16.6	1.0	16.6	0.0	16.6	
4.61328	-0.7	-525	17.6	16.6	1.0	16.6	0.0	16.6	
4.61719	-0.6	-525	17.6	16.7	0.9	16.7	0.0	16.7	
4.62109	-0.6	-525	17.7	16.7	1.0	16.7	0.0	16.7	
4.62500	-0.6	-525	17.7	16.7	1.0	16.7	0.0	16.7	
4.62891	-0.7	-525	17.7	16.8	0.9	16.8	0.0	16.8	
4.63281	-0.7	-525	17.7	16.8	0.9	16.8	0.0	16.8	
4.63672	-0.6	-526	17.7	16.8	0.9	16.8	0.0	16.8	
4.64062	-0.6	-526	17.7	16.9	0.8	16.9	0.0	16.9	
4.64453	-0.6	-526	17.7	16.9	0.8	16.9	0.0	16.9	
4.64844	-0.6	-526	17.7	16.9	0.8	16.9	0.0	16.9	
4.65234	-0.6	-526	17.7	17.0	0.7	17.0	0.0	17.0	
4.65625	-0.5	-526	17.7	17.0	0.7	17.0	0.0	17.0	
4.66016	-0.5	-526	17.7	17.0	0.7	17.0	0.0	17.0	
4.66406	-0.5	-526	17.7	17.0	0.7	17.0	0.0	17.0	
4.66797	-0.5	-526	17.6	17.1	0.5	17.1	0.0	17.1	
4.67188	-0.5	-526	17.6	17.1	0.5	17.1	0.0	17.1	
4.67578	-0.5	-526	17.6	17.1	0.5	17.1	0.0	17.1	
4.67969	-0.5	-526	17.6	17.1	0.5	17.1	0.0	17.1	
4.68359	-0.4	-526	17.6	17.2	0.4	17.2	0.0	17.2	
4.68750	-0.4	-526	17.5	17.2	0.3	17.2	0.0	17.2	
4.69141	-0.5	-526	17.5	17.2	0.3	17.2	0.0	17.2	
4.69531	-0.5	-526	17.5	17.2	0.3	17.2	0.0	17.2	
4.69922	-0.6	-526	17.5	17.2	0.3	17.2	0.0	17.2	
4.70312	-0.6	-526	17.5	17.2	0.3	17.2	0.0	17.2	
4.70703	-0.6	-526	17.5	17.2	0.3	17.2	0.0	17.2	
4.71094	-0.6	-526	17.5	17.2	0.3	17.2	0.0	17.2	
4.71484	-0.7	-526	17.5	17.2	0.3	17.2	0.0	17.2	
4.71875	-0.7	-526	17.5	17.2	0.3	17.2	0.0	17.2	
4.72266	-0.7	-526	17.5	17.2	0.3	17.2	0.0	17.2	
4.72656	-0.7	-526	17.5	17.2	0.3	17.2	0.0	17.2	
4.73047	-0.8	-526	17.6	17.2	0.4	17.2	0.0	17.2	
4.73438	-0.8	-526	17.6	17.2	0.4	17.2	0.0	17.2	
4.73828	-0.9	-527	17.6	17.2	0.4	17.2	0.0	17.2	
4.74219	-0.8	-527	17.7	17.2	0.5	17.2	0.0	17.2	
4.74609	-0.8	-527	17.7	17.2	0.5	17.2	0.0	17.2	
4.75000	-0.8	-527	17.8	17.2	0.6	17.2	0.0	17.2	
4.75391	-0.8	-527	17.8	17.2	0.6	17.2	0.0	17.2	
4.75781	-0.8	-527	17.8	17.3	0.5	17.3	0.0	17.3	
4.76172	-0.8	-527	17.8	17.3	0.5	17.3	0.0	17.3	
4.76562	-0.7	-527	17.9	17.3	0.6	17.3	0.0	17.3	
4.76953	-0.7	-527	17.9	17.3	0.6	17.3	0.0	17.3	
4.77344	-0.6	-527	17.9	17.3	0.6	17.3	0.0	17.3	
4.77734	-0.6	-527	17.9	17.3	0.6	17.3	0.0	17.3	
4.78125	-0.6	-527	17.9	17.3	0.6	17.3	0.0	17.3	
4.78516	-0.6	-527	17.9	17.4	0.5	17.4	0.0	17.4	
4.78906	-0.5	-527	17.9	17.4	0.5	17.4	0.0	17.4	
4.79297	-0.5	-527	17.9	17.4	0.5	17.4	0.0	17.4	
4.79688	-0.5	-527	17.9	17.4	0.5	17.4	0.0	17.4	
4.80078	-0.5	-527	17.9	17.4	0.5	17.4	0.0	17.4	
4.80469	-0.5	-527	17.9	17.4	0.5	17.4	0.0	17.4	
4.80859	-0.5	-527	17.9	17.4	0.5	17.4	0.0	17.4	
4.81250	-0.5	-527	17.9	17.5	0.4	17.5	0.0	17.5	
4.81641	-0.5	-527	17.9	17.5	0.4	17.5	0.0	17.5	
4.82031	-0.6	-527	17.9	17.5	0.4	17.5	0.0	17.5	
4.82422	-0.6	-527	17.9	17.5	0.4	17.5	0.0	17.5	
4.82812	-0.6	-527	17.9	17.5	0.4	17.5	0.0	17.5	
4.83203	-0.5	-528	17.9	17.5	0.4	17.5	0.0	17.5	
4.83594	-0.6	-528	17.9	17.6	0.3	17.6	0.0	17.6	
4.83984	-0.6	-528	17.9	17.6	0.3	17.6	0.0	17.6	
4.84375	-0.5	-528	17.9	17.6	0.3	17.6	0.0	17.6	
4.84766	-0.6	-528	17.9	17.6	0.3	17.6	0.0	17.6	
4.85156	-0.6	-528	17.9	17.6	0.3	17.6	0.0	17.6	
4.85547	-0.6	-528	17.9	17.6	0.3	17.6	0.0	17.6	
4.85938	-0.6	-528	17.9	17.6	0.3	17.6	0.0	17.6	
4.86328	-0.6	-528	17.9	17.7	0.2	17.7	0.0	17.7	
4.86719	-0.6	-528	17.9	17.7	0.2	17.7	0.0	17.7	
4.87109	-0.6	-528	17.9	17.7	0.2	17.7	0.0	17.7	
4.87500	-0.5	-528	17.9	17.7	0.2	17.7	0.0	17.7	
4.87891	-0.6	-528	17.9	17.7	0.2	17.7	0.0	17.7	
4.88281	-0.6	-528	17.9	17.7	0.2	17.7	0.0	17.7	
4.88672	-0.6	-528	17.9	17.8	0.1	17.8	0.0	17.8	
4.89062	-0.6	-528	17.9	17.8	0.1	17.8	0.0	17.8	
4.89453	-0.5	-528	17.9	17.8	0.1	17.8	0.0	17.8	
4.89844	-0.5	-528	17.8	17.8	0.0	17.8	0.0	17.8	
4.90234	-0.6	-528	17.9	17.8	0.1	17.8	0.0	17.8	
4.90625	-0.5	-528	17.9	17.8	0.1	17.8	0.0	17.8	
4.91016	-0.5	-528	17.9	17.8	0.1	17.8	0.0	17.8	
4.91406	-0.6	-528	17.8	17.8	0.0	17.8	0.0	17.8	
4.91797	-0.6	-528	17.8	17.8	0.0	17.8	0.0	17.8	
4.92188	-0.6	-528	17.9	17.8	0.1	17.8	0.0	17.8	
4.92578	-0.6	-528	17.9	17.9	0.0	17.9	0.0	17.9	
4.92969	-0.6	-528	17.9	17.9	0.0	17.9	0.0	17.9	
4.93359	-0.6	-528	17.9	17.9	0.0	17.9	0.0	17.9	
4.93750	-0.6	-529	17.9	17.9	0.0	17.9	0.0	17.9	
4.94141	-0.6	-529	17.9	17.9	0.0	17.9	0.0	17.9	
4.94531	-0.6	-529	17.9	17.9	0.0	17.9	0.0	17.9	
4.94922	-0.6	-529	17.9	17.9	0.0	17.9	0.0	17.9	
4.95312	-0.6	-529	18.0	17.9	0.1	17.9	0.0	17.9	
4.95703	-0.6	-529	18.0	17.9	0.1	17.9	0.0	17.9	
4.96094	-0.7	-529	18.0	17.9	0.1	17.9	0.0	17.9	
4.96484	-0.7	-529	18.0	17.9	0.1	17.9	0.0	17.9	
4.96875	-0.6	-529	18.0	17.9	0.1	17.9	0.0	17.9	
4.97266	-0.6	-529	18.0	17.9	0.1	17.9	0.0	17.9	
4.97656	-0.6	-529	18.0	17.9	0.1	17.9	0.0	17.9	
4.98047	-0.6	-529	18.0	17.9	0.1	17.9	0.0	17.9	
4.98438	-0.6	-529	18.1	18.0	0.1	18.0	0.0	18.0	
4.98828	-0.6	-529	18.1	18.0	0.1	18.0	0.0	18.0	
4.99219	-0.6	-529	18.1	18.0	0.1	18.0	0.0	18.0	
4.99609	-0.6	-529	18.1	18.0	0.1	18.0	0.0	18.0	
5.00000	-0.6	-529	18.1	18.0	0.1	18.0	0.0	18.0	
5.00391	-0.6	-529	18.1	18.0	0.1	18.0	0.0	18.0	
5.00781	-0.6	-529	18.1	18.0	0.1	18.0	0.0	18.0	
5.01172	-0.6	-529	18.1	18.0	0.1	18.0	0.0	18.0	
5.01562	-0.6	-529	18.1	18.0	0.1	18.0	0.0	18.0	
5.01953	-0.6	-529	18.1	18.1	0.0	18.1	0.0	18.1	
5.02344	-0.6	-529	18.1	18.1	0.0	18.1	0.0	18.1	
5.02734	-0.6	-529	18.1	18.1	0.0	18.1	0.0	18.1	
5.03125	-0.6	-529	18.1	18.1	0.0	18.1	0.0	18.1	
5.03516	-0.5	-529	18.1	18.1	0.0	18.1	0.0	18.1	
5.03906	-0.6	-530	18.1	18.1	0.0	18.1	0.0	18.1	
5.04297	-0.6	-530	18.1	18.1	0.0	18.1	0.0	18.1	
5.04688	-0.6	-530	18.1	18.1	0.0	18.1	0.0	18.1	
5.05078	-0.6	-530	18.1	18.1	0.0	18.1	0.0	18.1	
5.05469	-0.6	-530	18.1	18.1	0.0	18.1	0.0	18.1	
5.05859	-0.6	-530	18.1	18.1	0.0	18.1	0.0	18.1	
5.06250	-0.6	-530	18.2	18.1	0.1	18.1	0.0	18.1	
5.06641	-0.7	-530	18.2	18.1	0.1	18.1	0.0	18.1	
5.07031	-0.7	-530	18.2	18.1	0.1	18.1	0.0	18.1	
5.07422	-0.6	-530	18.2	18.1	0.1	18.1	0.0	18.1	
5.07812	-0.6	-530	18.2	18.1	0.1	18.1	0.0	18.1	
5.08203	-0.6	-530	18.2	18.1	0.1	18.1	0.0	18.1	
5.08594	-0.6	-530	18.2	18.1	0.1	18.1	0.0	18.1	
5.08984	-0.6	-530	18.3	18.1	0.2	18.1	0.0	18.1	
5.09375	-0.6	-530	18.3	18.1	0.2	18.1	0.0	18.1	
5.09766	-0.6	-530	18.3	18.1	0.2	18.1	0.0	18.1	
5.10156	-0.6	-530	18.3	18.1	0.2	18.1	0.0	18.1	
5.10547	-0.7	-530	18.3	18.1	0.2	18.1	0.0	18.1	
5.10938	-0.6	-530	18.3	18.1	0.2	18.1	0.0	18.1	
5.11328	-0.5	-530	18.3	18.1	0.2	18.1	0.0	18.1	
5.11719	-0.6	-530	18.3	18.1	0.2	18.1	0.0	18.1	
5.12109	-0.6	-530	18.3	18.1	0.2	18.1	0.0	18.1	
5.12500	-0.5	-530	18.3	18.1	0.2	18.1	0.0	18.1	
