FluxView - FluxMed acquisition system
Signal file
Serial Number	:
W version:	1.20h-OX-CO2	File version:	1.13
Sampling rate:	256 Hz
Time	Flow	Volume	Paw	Pes	Ptpulm	Pga	Ptdiaf	CO2	
0.00391	-5.0	200	13.3	14.1	-0.8	14.1	0.0	14.1	
0.00781	-4.9	200	13.3	14.1	-0.8	14.1	0.0	14.1	
0.01172	-4.8	200	13.3	14.1	-0.8	14.1	0.0	14.1	
0.01562	-4.8	199	13.3	14.1	-0.8	14.1	0.0	14.1	
0.01953	-4.8	199	13.3	14.1	-0.8	14.1	0.0	14.1	
0.02344	-4.7	199	13.3	14.1	-0.8	14.1	0.0	14.1	
0.02734	-4.6	198	13.3	14.1	-0.8	14.1	0.0	14.1	
0.03125	-4.6	198	13.3	14.1	-0.8	14.1	0.0	14.1	
0.03516	-4.5	198	13.3	14.0	-0.7	14.0	0.0	14.0	
0.03906	-4.5	197	13.3	14.0	-0.7	14.0	0.0	14.0	
0.04297	-4.5	197	13.3	14.0	-0.7	14.0	0.0	14.0	
0.04688	-4.4	197	13.2	14.0	-0.8	14.0	0.0	14.0	
0.05078	-4.4	197	13.2	14.0	-0.8	14.0	0.0	14.0	
0.05469	-4.4	196	13.2	14.0	-0.8	14.0	0.0	14.0	
0.05859	-4.4	196	13.2	14.0	-0.8	14.0	0.0	14.0	
0.06250	-4.4	196	13.3	14.0	-0.7	14.0	0.0	14.0	
0.06641	-4.4	195	13.3	14.0	-0.7	14.0	0.0	14.0	
0.07031	-4.4	195	13.3	14.0	-0.7	14.0	0.0	14.0	
0.07422	-4.4	195	13.3	14.0	-0.7	14.0	0.0	14.0	
0.07812	-4.3	195	13.3	14.0	-0.7	14.0	0.0	14.0	
0.08203	-4.3	194	13.3	14.0	-0.7	14.0	0.0	14.0	
0.08594	-4.3	194	13.3	14.0	-0.7	14.0	0.0	14.0	
0.08984	-4.3	194	13.3	14.0	-0.7	14.0	0.0	14.0	
0.09375	-4.2	193	13.3	14.0	-0.7	14.0	0.0	14.0	
0.09766	-4.2	193	13.3	14.0	-0.7	14.0	0.0	14.0	
0.10156	-4.1	193	13.3	14.0	-0.7	14.0	0.0	14.0	
0.10547	-4.1	193	13.3	14.0	-0.7	14.0	0.0	14.0	
0.10938	-4.0	192	13.3	14.0	-0.7	14.0	0.0	14.0	
0.11328	-3.9	192	13.3	14.0	-0.7	14.0	0.0	14.0	
0.11719	-3.9	192	13.3	14.0	-0.7	14.0	0.0	14.0	
0.12109	-3.9	192	13.3	14.0	-0.7	14.0	0.0	14.0	
0.12500	-3.9	191	13.3	14.0	-0.7	14.0	0.0	14.0	
0.12891	-3.8	191	13.2	14.0	-0.8	14.0	0.0	14.0	
0.13281	-3.8	191	13.2	14.0	-0.8	14.0	0.0	14.0	
0.13672	-3.8	191	13.2	14.1	-0.9	14.1	0.0	14.1	
0.14062	-3.8	190	13.2	14.1	-0.9	14.1	0.0	14.1	
0.14453	-3.7	190	13.2	14.1	-0.9	14.1	0.0	14.1	
0.14844	-3.7	190	13.2	14.1	-0.9	14.1	0.0	14.1	
0.15234	-3.7	190	13.2	14.1	-0.9	14.1	0.0	14.1	
0.15625	-3.6	189	13.2	14.1	-0.9	14.1	0.0	14.1	
0.16016	-3.6	189	13.2	14.1	-0.9	14.1	0.0	14.1	
0.16406	-3.7	189	13.2	14.1	-0.9	14.1	0.0	14.1	
0.16797	-3.6	189	13.2	14.1	-0.9	14.1	0.0	14.1	
0.17188	-3.6	188	13.2	14.2	-1.0	14.2	0.0	14.2	
0.17578	-3.6	188	13.2	14.2	-1.0	14.2	0.0	14.2	
0.17969	-3.5	188	13.2	14.2	-1.0	14.2	0.0	14.2	
0.18359	-3.5	188	13.2	14.2	-1.0	14.2	0.0	14.2	
0.18750	-3.4	188	13.2	14.2	-1.0	14.2	0.0	14.2	
0.19141	-3.2	187	13.2	14.1	-0.9	14.1	0.0	14.1	
0.19531	-3.2	187	13.2	14.1	-0.9	14.1	0.0	14.1	
0.19922	-3.1	187	13.1	14.1	-1.0	14.1	0.0	14.1	
0.20312	-2.9	187	13.1	14.1	-1.0	14.1	0.0	14.1	
0.20703	-2.8	187	13.1	14.1	-1.0	14.1	0.0	14.1	
0.21094	-2.7	186	13.1	14.1	-1.0	14.1	0.0	14.1	
0.21484	-2.5	186	13.1	14.1	-1.0	14.1	0.0	14.1	
0.21875	-2.3	186	13.0	14.1	-1.1	14.1	0.0	14.1	
0.22266	-2.2	186	13.0	14.0	-1.0	14.0	0.0	14.0	
0.22656	-2.1	186	13.0	14.0	-1.0	14.0	0.0	14.0	
0.23047	-2.1	186	13.0	14.0	-1.0	14.0	0.0	14.0	
0.23438	-2.0	186	12.9	14.0	-1.1	14.0	0.0	14.0	
0.23828	-2.0	185	12.9	14.0	-1.1	14.0	0.0	14.0	
0.24219	-2.0	185	12.9	14.0	-1.1	14.0	0.0	14.0	
0.24609	-2.0	185	12.9	13.9	-1.0	13.9	0.0	13.9	
0.25000	-2.0	185	12.9	13.9	-1.0	13.9	0.0	13.9	
0.25391	-2.0	185	12.9	13.9	-1.0	13.9	0.0	13.9	
0.25781	-2.0	185	12.9	13.9	-1.0	13.9	0.0	13.9	
0.26172	-2.1	185	12.9	13.9	-1.0	13.9	0.0	13.9	
0.26562	-2.1	184	12.9	13.9	-1.0	13.9	0.0	13.9	
0.26953	-2.2	184	12.9	13.9	-1.0	13.9	0.0	13.9	
0.27344	-2.2	184	12.9	13.9	-1.0	13.9	0.0	13.9	
0.27734	-2.3	184	13.0	13.9	-0.9	13.9	0.0	13.9	
0.28125	-2.3	184	13.0	13.9	-0.9	13.9	0.0	13.9	
0.28516	-2.3	184	13.0	13.9	-0.9	13.9	0.0	13.9	
0.28906	-2.2	184	13.0	13.9	-0.9	13.9	0.0	13.9	
0.29297	-2.2	183	13.0	13.9	-0.9	13.9	0.0	13.9	
0.29688	-2.2	183	13.0	13.9	-0.9	13.9	0.0	13.9	
0.30078	-2.1	183	13.0	14.0	-1.0	14.0	0.0	14.0	
0.30469	-2.1	183	13.0	14.0	-1.0	14.0	0.0	14.0	
0.30859	-2.0	183	13.0	14.0	-1.0	14.0	0.0	14.0	
0.31250	-1.9	183	13.0	14.0	-1.0	14.0	0.0	14.0	
0.31641	-1.9	183	13.0	14.0	-1.0	14.0	0.0	14.0	
0.32031	-1.8	183	13.1	14.0	-0.9	14.0	0.0	14.0	
0.32422	-1.7	182	13.0	14.0	-1.0	14.0	0.0	14.0	
0.32812	-1.7	182	13.0	14.0	-1.0	14.0	0.0	14.0	
0.33203	-1.6	182	13.0	14.0	-1.0	14.0	0.0	14.0	
0.33594	-1.6	182	13.0	14.0	-1.0	14.0	0.0	14.0	
0.33984	-1.6	182	13.0	14.0	-1.0	14.0	0.0	14.0	
0.34375	-1.5	182	13.0	14.0	-1.0	14.0	0.0	14.0	
0.34766	-1.5	182	13.0	14.0	-1.0	14.0	0.0	14.0	
0.35156	-1.5	182	13.0	14.0	-1.0	14.0	0.0	14.0	
0.35547	-1.5	182	13.0	14.0	-1.0	14.0	0.0	14.0	
0.35938	-1.6	182	13.0	14.0	-1.0	14.0	0.0	14.0	
0.36328	-1.6	181	13.0	14.0	-1.0	14.0	0.0	14.0	
0.36719	-1.7	181	13.0	14.0	-1.0	14.0	0.0	14.0	
0.37109	-1.7	181	13.0	14.0	-1.0	14.0	0.0	14.0	
0.37500	-1.8	181	13.0	14.0	-1.0	14.0	0.0	14.0	
0.37891	-1.8	181	13.0	14.0	-1.0	14.0	0.0	14.0	
0.38281	-1.9	181	13.1	14.1	-1.0	14.1	0.0	14.1	
0.38672	-1.9	181	13.1	14.1	-1.0	14.1	0.0	14.1	
0.39062	-2.0	181	13.1	14.1	-1.0	14.1	0.0	14.1	
0.39453	-2.0	180	13.1	14.1	-1.0	14.1	0.0	14.1	
0.39844	-2.0	180	13.1	14.1	-1.0	14.1	0.0	14.1	
0.40234	-2.0	180	13.1	14.1	-1.0	14.1	0.0	14.1	
0.40625	-2.0	180	13.1	14.1	-1.0	14.1	0.0	14.1	
0.41016	-1.9	180	13.2	14.1	-0.9	14.1	0.0	14.1	
0.41406	-1.8	180	13.2	14.1	-0.9	14.1	0.0	14.1	
0.41797	-1.7	180	13.2	14.1	-0.9	14.1	0.0	14.1	
0.42188	-1.7	180	13.2	14.0	-0.8	14.0	0.0	14.0	
0.42578	-1.6	180	13.2	14.0	-0.8	14.0	0.0	14.0	
0.42969	-1.6	179	13.2	14.0	-0.8	14.0	0.0	14.0	
0.43359	-1.5	179	13.2	14.0	-0.8	14.0	0.0	14.0	
0.43750	-1.5	179	13.1	14.0	-0.9	14.0	0.0	14.0	
0.44141	-1.4	179	13.1	14.0	-0.9	14.0	0.0	14.0	
0.44531	-1.4	179	13.1	13.9	-0.8	13.9	0.0	13.9	
0.44922	-1.4	179	13.1	13.9	-0.8	13.9	0.0	13.9	
0.45312	-1.4	179	13.1	13.9	-0.8	13.9	0.0	13.9	
0.45703	-1.4	179	13.1	13.9	-0.8	13.9	0.0	13.9	
0.46094	-1.4	179	13.1	13.9	-0.8	13.9	0.0	13.9	
0.46484	-1.4	179	13.1	13.9	-0.8	13.9	0.0	13.9	
0.46875	-1.4	178	13.1	13.9	-0.8	13.9	0.0	13.9	
0.47266	-1.4	178	13.1	13.8	-0.7	13.8	0.0	13.8	
0.47656	-1.4	178	13.1	13.8	-0.7	13.8	0.0	13.8	
0.48047	-1.5	178	13.1	13.8	-0.7	13.8	0.0	13.8	
0.48438	-1.5	178	13.0	13.8	-0.8	13.8	0.0	13.8	
0.48828	-1.5	178	13.0	13.8	-0.8	13.8	0.0	13.8	
0.49219	-1.5	178	13.1	13.8	-0.7	13.8	0.0	13.8	
0.49609	-1.5	178	13.1	13.8	-0.7	13.8	0.0	13.8	
0.50000	-1.5	178	13.1	13.8	-0.7	13.8	0.0	13.8	
0.50391	-1.5	178	13.1	13.8	-0.7	13.8	0.0	13.8	
0.50781	-1.5	178	13.1	13.8	-0.7	13.8	0.0	13.8	
0.51172	-1.4	177	13.1	13.8	-0.7	13.8	0.0	13.8	
0.51562	-1.4	177	13.1	13.8	-0.7	13.8	0.0	13.8	
0.51953	-1.4	177	13.1	13.8	-0.7	13.8	0.0	13.8	
0.52344	-1.3	177	13.2	13.8	-0.6	13.8	0.0	13.8	
0.52734	-1.1	177	13.2	13.8	-0.6	13.8	0.0	13.8	
0.53125	-1.0	177	13.3	13.8	-0.5	13.8	0.0	13.8	
0.53516	-0.9	177	13.3	13.8	-0.5	13.8	0.0	13.8	
0.53906	-0.7	177	13.3	13.8	-0.5	13.8	0.0	13.8	
0.54297	-0.5	177	13.3	13.8	-0.5	13.8	0.0	13.8	
0.54688	-0.4	177	13.4	13.8	-0.4	13.8	0.0	13.8	
0.55078	-0.4	177	13.4	13.8	-0.4	13.8	0.0	13.8	
0.55469	-0.3	177	13.4	13.9	-0.5	13.9	0.0	13.9	
0.55859	-0.2	177	13.5	13.9	-0.4	13.9	0.0	13.9	
0.56250	-0.1	177	13.5	13.9	-0.4	13.9	0.0	13.9	
0.56641	-0.1	177	13.5	13.9	-0.4	13.9	0.0	13.9	
0.57031	-0.1	177	13.5	13.9	-0.4	13.9	0.0	13.9	
0.57422	-0.1	177	13.4	13.9	-0.5	13.9	0.0	13.9	
0.57812	-0.0	177	13.4	13.9	-0.5	13.9	0.0	13.9	
0.58203	-0.0	177	13.4	13.9	-0.5	13.9	0.0	13.9	
0.58594	-0.0	177	13.4	13.9	-0.5	13.9	0.0	13.9	
0.58984	-0.1	177	13.4	13.9	-0.5	13.9	0.0	13.9	
0.59375	-0.1	177	13.4	13.9	-0.5	13.9	0.0	13.9	
0.59766	-0.1	177	13.3	13.9	-0.6	13.9	0.0	13.9	
0.60156	-0.2	177	13.3	13.9	-0.6	13.9	0.0	13.9	
0.60547	-0.2	177	13.3	13.9	-0.6	13.9	0.0	13.9	
0.60938	-0.2	177	13.3	13.9	-0.6	13.9	0.0	13.9	
0.61328	-0.2	177	13.3	13.9	-0.6	13.9	0.0	13.9	
0.61719	-0.2	177	13.3	13.9	-0.6	13.9	0.0	13.9	
0.62109	-0.3	177	13.3	13.9	-0.6	13.9	0.0	13.9	
0.62500	-0.3	177	13.3	13.9	-0.6	13.9	0.0	13.9	
0.62891	-0.3	177	13.3	13.9	-0.6	13.9	0.0	13.9	
0.63281	-0.3	177	13.3	13.9	-0.6	13.9	0.0	13.9	
0.63672	-0.3	177	13.3	13.9	-0.6	13.9	0.0	13.9	
0.64062	-0.3	177	13.3	13.9	-0.6	13.9	0.0	13.9	
0.64453	-0.3	177	13.3	13.9	-0.6	13.9	0.0	13.9	
0.64844	-0.3	177	13.3	13.9	-0.6	13.9	0.0	13.9	
0.65234	-0.3	177	13.3	13.9	-0.6	13.9	0.0	13.9	
0.65625	-0.3	176	13.3	13.9	-0.6	13.9	0.0	13.9	
0.66016	-0.3	176	13.3	13.9	-0.6	13.9	0.0	13.9	
0.66406	-0.3	176	13.3	13.9	-0.6	13.9	0.0	13.9	
0.66797	-0.2	176	13.4	13.9	-0.5	13.9	0.0	13.9	
0.67188	-0.3	176	13.4	13.9	-0.5	13.9	0.0	13.9	
0.67578	-0.3	176	13.4	13.9	-0.5	13.9	0.0	13.9	
0.67969	-0.3	176	13.4	13.9	-0.5	13.9	0.0	13.9	
0.68359	-0.3	176	13.4	13.9	-0.5	13.9	0.0	13.9	
0.68750	-0.3	176	13.4	13.9	-0.5	13.9	0.0	13.9	
0.69141	-0.3	176	13.4	13.9	-0.5	13.9	0.0	13.9	
0.69531	-0.3	176	13.4	13.9	-0.5	13.9	0.0	13.9	
0.69922	-0.3	176	13.4	13.9	-0.5	13.9	0.0	13.9	
0.70312	-0.3	176	13.4	13.9	-0.5	13.9	0.0	13.9	
0.70703	-0.2	176	13.4	13.9	-0.5	13.9	0.0	13.9	
0.71094	-0.2	176	13.4	13.9	-0.5	13.9	0.0	13.9	
0.71484	-0.2	176	13.4	14.0	-0.6	14.0	0.0	14.0	
0.71875	-0.2	176	13.4	14.0	-0.6	14.0	0.0	14.0	
0.72266	-0.2	176	13.4	14.0	-0.6	14.0	0.0	14.0	
0.72656	-0.2	176	13.4	14.0	-0.6	14.0	0.0	14.0	
0.73047	-0.2	176	13.4	14.0	-0.6	14.0	0.0	14.0	
0.73438	-0.3	176	13.4	14.0	-0.6	14.0	0.0	14.0	
0.73828	-0.3	176	13.4	14.1	-0.7	14.1	0.0	14.1	
0.74219	-0.2	176	13.4	14.1	-0.7	14.1	0.0	14.1	
0.74609	-0.2	176	13.4	14.1	-0.7	14.1	0.0	14.1	
0.75000	-0.3	176	13.4	14.1	-0.7	14.1	0.0	14.1	
0.75391	-0.3	176	13.4	14.1	-0.7	14.1	0.0	14.1	
0.75781	-0.3	176	13.4	14.1	-0.7	14.1	0.0	14.1	
0.76172	-0.3	176	13.4	14.1	-0.7	14.1	0.0	14.1	
0.76562	-0.2	176	13.4	14.1	-0.7	14.1	0.0	14.1	
0.76953	-0.2	176	13.4	14.1	-0.7	14.1	0.0	14.1	
0.77344	-0.2	176	13.4	14.1	-0.7	14.1	0.0	14.1	
0.77734	-0.2	176	13.4	14.2	-0.8	14.2	0.0	14.2	
0.78125	-0.2	176	13.4	14.2	-0.8	14.2	0.0	14.2	
0.78516	-0.2	176	13.4	14.1	-0.7	14.1	0.0	14.1	
0.78906	-0.2	176	13.4	14.1	-0.7	14.1	0.0	14.1	
0.79297	-0.2	176	13.4	14.1	-0.7	14.1	0.0	14.1	
0.79688	-0.2	176	13.4	14.1	-0.7	14.1	0.0	14.1	
0.80078	-0.1	176	13.4	14.1	-0.7	14.1	0.0	14.1	
0.80469	-0.0	176	13.4	14.1	-0.7	14.1	0.0	14.1	
0.80859	-0.1	176	13.4	14.1	-0.7	14.1	0.0	14.1	
0.81250	-0.0	176	13.3	14.1	-0.8	14.1	0.0	14.1	
0.81641	-0.0	176	13.3	14.0	-0.7	14.0	0.0	14.0	
0.82031	-0.1	176	13.3	14.0	-0.7	14.0	0.0	14.0	
0.82422	-0.1	176	13.3	14.0	-0.7	14.0	0.0	14.0	
0.82812	-0.1	176	13.3	14.0	-0.7	14.0	0.0	14.0	
0.83203	-0.1	176	13.2	14.0	-0.8	14.0	0.0	14.0	
0.83594	-0.2	176	13.2	14.0	-0.8	14.0	0.0	14.0	
0.83984	-0.2	176	13.2	14.0	-0.8	14.0	0.0	14.0	
0.84375	-0.2	176	13.2	14.0	-0.8	14.0	0.0	14.0	
0.84766	-0.2	176	13.2	14.0	-0.8	14.0	0.0	14.0	
0.85156	-0.3	176	13.2	14.0	-0.8	14.0	0.0	14.0	
0.85547	-0.4	176	13.2	14.0	-0.8	14.0	0.0	14.0	
0.85938	-0.4	176	13.2	14.0	-0.8	14.0	0.0	14.0	
0.86328	-0.5	176	13.3	14.0	-0.7	14.0	0.0	14.0	
0.86719	-0.5	176	13.3	14.0	-0.7	14.0	0.0	14.0	
0.87109	-0.5	176	13.3	14.0	-0.7	14.0	0.0	14.0	
0.87500	-0.6	176	13.4	14.0	-0.6	14.0	0.0	14.0	
0.87891	-0.6	176	13.4	14.1	-0.7	14.1	0.0	14.1	
0.88281	-0.6	176	13.5	14.1	-0.6	14.1	0.0	14.1	
0.88672	-0.6	175	13.5	14.1	-0.6	14.1	0.0	14.1	
0.89062	-0.6	175	13.5	14.1	-0.6	14.1	0.0	14.1	
0.89453	-0.5	175	13.6	14.1	-0.5	14.1	0.0	14.1	
0.89844	-0.5	175	13.6	14.1	-0.5	14.1	0.0	14.1	
0.90234	-0.4	175	13.6	14.1	-0.5	14.1	0.0	14.1	
0.90625	-0.4	175	13.7	14.1	-0.4	14.1	0.0	14.1	
0.91016	-0.4	175	13.7	14.1	-0.4	14.1	0.0	14.1	
0.91406	-0.3	175	13.7	14.2	-0.5	14.2	0.0	14.2	
0.91797	-0.3	175	13.7	14.2	-0.5	14.2	0.0	14.2	
0.92188	-0.3	175	13.7	14.2	-0.5	14.2	0.0	14.2	
0.92578	-0.2	175	13.7	14.2	-0.5	14.2	0.0	14.2	
0.92969	-0.2	175	13.7	14.2	-0.5	14.2	0.0	14.2	
0.93359	-0.2	175	13.7	14.2	-0.5	14.2	0.0	14.2	
0.93750	-0.3	175	13.7	14.2	-0.5	14.2	0.0	14.2	
0.94141	-0.3	175	13.7	14.2	-0.5	14.2	0.0	14.2	
0.94531	-0.4	175	13.8	14.3	-0.5	14.3	0.0	14.3	
0.94922	-0.4	175	13.8	14.3	-0.5	14.3	0.0	14.3	
0.95312	-0.5	175	13.8	14.3	-0.5	14.3	0.0	14.3	
0.95703	-0.6	175	13.9	14.3	-0.4	14.3	0.0	14.3	
0.96094	-0.7	175	13.9	14.3	-0.4	14.3	0.0	14.3	
0.96484	-0.8	175	13.9	14.3	-0.4	14.3	0.0	14.3	
0.96875	-0.8	175	14.0	14.4	-0.4	14.4	0.0	14.4	
0.97266	-0.9	175	14.1	14.4	-0.3	14.4	0.0	14.4	
0.97656	-1.0	175	14.1	14.4	-0.3	14.4	0.0	14.4	
0.98047	-1.0	175	14.2	14.4	-0.2	14.4	0.0	14.4	
0.98438	-1.0	175	14.2	14.5	-0.3	14.5	0.0	14.5	
0.98828	-1.0	175	14.3	14.5	-0.2	14.5	0.0	14.5	
0.99219	-1.0	175	14.4	14.5	-0.1	14.5	0.0	14.5	
0.99609	-0.9	174	14.4	14.5	-0.1	14.5	0.0	14.5	
1.00000	-0.9	174	14.5	14.5	0.0	14.5	0.0	14.5	
1.00391	-0.7	174	14.5	14.5	0.0	14.5	0.0	14.5	
1.00781	-0.7	174	14.6	14.5	0.1	14.5	0.0	14.5	
1.01172	-0.6	174	14.6	14.6	0.0	14.6	0.0	14.6	
1.01562	-0.5	174	14.7	14.6	0.1	14.6	0.0	14.6	
1.01953	-0.4	174	14.7	14.6	0.1	14.6	0.0	14.6	
1.02344	-0.4	174	14.7	14.6	0.1	14.6	0.0	14.6	
1.02734	-0.4	174	14.7	14.6	0.1	14.6	0.0	14.6	
1.03125	-0.4	174	14.8	14.6	0.2	14.6	0.0	14.6	
1.03516	-0.4	174	14.8	14.6	0.2	14.6	0.0	14.6	
1.03906	-0.4	174	14.8	14.6	0.2	14.6	0.0	14.6	
1.04297	-0.5	174	14.9	14.6	0.3	14.6	0.0	14.6	
1.04688	-0.5	174	14.9	14.6	0.3	14.6	0.0	14.6	
1.05078	-0.6	174	14.9	14.6	0.3	14.6	0.0	14.6	
1.05469	-0.7	174	15.0	14.6	0.4	14.6	0.0	14.6	
1.05859	-0.7	174	15.0	14.7	0.3	14.7	0.0	14.7	
1.06250	-0.8	174	15.1	14.7	0.4	14.7	0.0	14.7	
1.06641	-0.8	174	15.1	14.7	0.4	14.7	0.0	14.7	
1.07031	-0.9	174	15.2	14.7	0.5	14.7	0.0	14.7	
1.07422	-0.9	174	15.2	14.7	0.5	14.7	0.0	14.7	
1.07812	-0.9	174	15.3	14.8	0.5	14.8	0.0	14.8	
1.08203	-0.9	174	15.3	14.8	0.5	14.8	0.0	14.8	
1.08594	-0.8	173	15.4	14.8	0.6	14.8	0.0	14.8	
1.08984	-0.8	173	15.4	14.8	0.6	14.8	0.0	14.8	
1.09375	-0.8	173	15.5	14.9	0.6	14.9	0.0	14.9	
1.09766	-0.8	173	15.5	14.9	0.6	14.9	0.0	14.9	
1.10156	-0.8	173	15.6	14.9	0.7	14.9	0.0	14.9	
1.10547	-0.7	173	15.6	14.9	0.7	14.9	0.0	14.9	
1.10938	-0.7	173	15.6	15.0	0.6	15.0	0.0	15.0	
1.11328	-0.7	173	15.7	15.0	0.7	15.0	0.0	15.0	
1.11719	-0.7	173	15.7	15.0	0.7	15.0	0.0	15.0	
1.12109	-0.7	173	15.8	15.1	0.7	15.1	0.0	15.1	
1.12500	-0.7	173	15.8	15.1	0.7	15.1	0.0	15.1	
1.12891	-0.8	173	15.9	15.1	0.8	15.1	0.0	15.1	
1.13281	-0.8	173	15.9	15.2	0.7	15.2	0.0	15.2	
1.13672	-0.9	173	16.0	15.2	0.8	15.2	0.0	15.2	
1.14062	-0.9	173	16.0	15.2	0.8	15.2	0.0	15.2	
1.14453	-0.9	173	16.1	15.3	0.8	15.3	0.0	15.3	
1.14844	-1.0	173	16.1	15.3	0.8	15.3	0.0	15.3	
1.15234	-1.0	173	16.2	15.4	0.8	15.4	0.0	15.4	
1.15625	-1.0	173	16.3	15.4	0.9	15.4	0.0	15.4	
1.16016	-1.1	172	16.3	15.4	0.9	15.4	0.0	15.4	
1.16406	-1.1	172	16.4	15.5	0.9	15.5	0.0	15.5	
1.16797	-1.1	172	16.5	15.5	1.0	15.5	0.0	15.5	
1.17188	-1.1	172	16.5	15.6	0.9	15.6	0.0	15.6	
1.17578	-1.1	172	16.6	15.6	1.0	15.6	0.0	15.6	
1.17969	-1.1	172	16.7	15.7	1.0	15.7	0.0	15.7	
1.18359	-1.1	172	16.7	15.7	1.0	15.7	0.0	15.7	
1.18750	-1.1	172	16.8	15.8	1.0	15.8	0.0	15.8	
1.19141	-1.0	172	16.8	15.8	1.0	15.8	0.0	15.8	
1.19531	-1.0	172	16.9	15.9	1.0	15.9	0.0	15.9	
1.19922	-0.9	172	17.0	15.9	1.1	15.9	0.0	15.9	
1.20312	-0.9	172	17.0	15.9	1.1	15.9	0.0	15.9	
1.20703	-0.8	172	17.1	16.0	1.1	16.0	0.0	16.0	
1.21094	-0.8	172	17.1	16.0	1.1	16.0	0.0	16.0	
1.21484	-0.7	172	17.2	16.0	1.2	16.0	0.0	16.0	
1.21875	-0.7	172	17.2	16.1	1.1	16.1	0.0	16.1	
1.22266	-0.7	171	17.3	16.1	1.2	16.1	0.0	16.1	
1.22656	-0.7	171	17.3	16.2	1.1	16.2	0.0	16.2	
1.23047	-0.7	171	17.3	16.2	1.1	16.2	0.0	16.2	
1.23438	-0.7	171	17.4	16.3	1.1	16.3	0.0	16.3	
1.23828	-0.7	171	17.5	16.3	1.2	16.3	0.0	16.3	
1.24219	-0.8	171	17.5	16.3	1.2	16.3	0.0	16.3	
1.24609	-0.8	171	17.5	16.4	1.1	16.4	0.0	16.4	
1.25000	-0.8	171	17.6	16.4	1.2	16.4	0.0	16.4	
1.25391	-1.0	171	17.6	16.4	1.2	16.4	0.0	16.4	
1.25781	-1.1	171	17.7	16.5	1.2	16.5	0.0	16.5	
1.26172	-1.2	171	17.8	16.6	1.2	16.6	0.0	16.6	
1.26562	-1.3	171	17.8	16.6	1.2	16.6	0.0	16.6	
1.26953	-1.4	171	17.9	16.6	1.3	16.6	0.0	16.6	
1.27344	-1.5	171	18.0	16.7	1.3	16.7	0.0	16.7	
1.27734	-1.5	171	18.1	16.7	1.4	16.7	0.0	16.7	
1.28125	-1.6	170	18.2	16.8	1.4	16.8	0.0	16.8	
1.28516	-1.6	170	18.2	16.8	1.4	16.8	0.0	16.8	
1.28906	-1.6	170	18.3	16.9	1.4	16.9	0.0	16.9	
1.29297	-1.5	170	18.4	17.0	1.4	17.0	0.0	17.0	
1.29688	-1.5	170	18.5	17.0	1.5	17.0	0.0	17.0	
1.30078	-1.4	170	18.5	17.1	1.4	17.1	0.0	17.1	
1.30469	-1.3	170	18.6	17.1	1.5	17.1	0.0	17.1	
1.30859	-1.2	170	18.7	17.2	1.5	17.2	0.0	17.2	
1.31250	-1.0	170	18.7	17.3	1.4	17.3	0.0	17.3	
1.31641	-0.9	170	18.8	17.4	1.4	17.4	0.0	17.4	
1.32031	-0.8	170	18.8	17.5	1.3	17.5	0.0	17.5	
1.32422	-0.7	170	18.9	17.5	1.4	17.5	0.0	17.5	
1.32812	-0.6	170	18.9	17.6	1.3	17.6	0.0	17.6	
1.33203	-0.6	169	18.9	17.7	1.2	17.7	0.0	17.7	
1.33594	-0.6	169	19.0	17.7	1.3	17.7	0.0	17.7	
1.33984	-0.6	169	19.0	17.8	1.2	17.8	0.0	17.8	
1.34375	-0.6	169	19.0	17.9	1.1	17.9	0.0	17.9	
1.34766	-0.6	169	19.1	17.9	1.2	17.9	0.0	17.9	
1.35156	-0.7	169	19.1	18.0	1.1	18.0	0.0	18.0	
1.35547	-0.7	169	19.2	18.0	1.2	18.0	0.0	18.0	
1.35938	-0.8	169	19.2	18.1	1.1	18.1	0.0	18.1	
1.36328	-0.9	169	19.2	18.1	1.1	18.1	0.0	18.1	
1.36719	-1.0	169	19.3	18.2	1.1	18.2	0.0	18.2	
1.37109	-1.1	169	19.4	18.3	1.1	18.3	0.0	18.3	
1.37500	-1.1	169	19.4	18.3	1.1	18.3	0.0	18.3	
1.37891	-1.1	169	19.5	18.4	1.1	18.4	0.0	18.4	
1.38281	-1.1	169	19.5	18.4	1.1	18.4	0.0	18.4	
1.38672	-1.2	169	19.6	18.4	1.2	18.4	0.0	18.4	
1.39062	-1.1	169	19.7	18.5	1.2	18.5	0.0	18.5	
1.39453	-1.0	169	19.7	18.5	1.2	18.5	0.0	18.5	
1.39844	-1.0	169	19.7	18.6	1.1	18.6	0.0	18.6	
1.40234	-0.9	168	19.8	18.6	1.2	18.6	0.0	18.6	
1.40625	-0.8	168	19.8	18.6	1.2	18.6	0.0	18.6	
1.41016	-0.7	168	19.9	18.7	1.2	18.7	0.0	18.7	
1.41406	-0.7	168	19.9	18.7	1.2	18.7	0.0	18.7	
1.41797	-0.6	168	20.0	18.8	1.2	18.8	0.0	18.8	
1.42188	-0.5	168	20.0	18.8	1.2	18.8	0.0	18.8	
1.42578	-0.5	168	20.0	18.9	1.1	18.9	0.0	18.9	
1.42969	-0.4	168	20.1	18.9	1.2	18.9	0.0	18.9	
1.43359	-0.3	168	20.1	19.0	1.1	19.0	0.0	19.0	
1.43750	-0.4	168	20.1	19.0	1.1	19.0	0.0	19.0	
1.44141	-0.3	168	20.1	19.1	1.0	19.1	0.0	19.1	
1.44531	-0.3	168	20.1	19.1	1.0	19.1	0.0	19.1	
1.44922	-0.3	168	20.2	19.1	1.1	19.1	0.0	19.1	
1.45312	-0.4	168	20.2	19.2	1.0	19.2	0.0	19.2	
1.45703	-0.3	168	20.2	19.3	0.9	19.3	0.0	19.3	
1.46094	-0.4	168	20.2	19.3	0.9	19.3	0.0	19.3	
1.46484	-0.4	168	20.3	19.4	0.9	19.4	0.0	19.4	
1.46875	-0.4	168	20.3	19.4	0.9	19.4	0.0	19.4	
1.47266	-0.4	168	20.3	19.4	0.9	19.4	0.0	19.4	
1.47656	-0.4	168	20.3	19.5	0.8	19.5	0.0	19.5	
1.48047	-0.4	168	20.3	19.5	0.8	19.5	0.0	19.5	
1.48438	-0.4	168	20.4	19.6	0.8	19.6	0.0	19.6	
1.48828	-0.5	168	20.4	19.6	0.8	19.6	0.0	19.6	
1.49219	-0.4	168	20.4	19.7	0.7	19.7	0.0	19.7	
1.49609	-0.4	168	20.4	19.7	0.7	19.7	0.0	19.7	
1.50000	-0.4	168	20.4	19.7	0.7	19.7	0.0	19.7	
1.50391	-0.4	168	20.5	19.8	0.7	19.8	0.0	19.8	
1.50781	-0.3	168	20.5	19.8	0.7	19.8	0.0	19.8	
1.51172	-0.3	168	20.5	19.9	0.6	19.9	0.0	19.9	
1.51562	-0.3	168	20.5	19.9	0.6	19.9	0.0	19.9	
1.51953	-0.2	168	20.5	20.0	0.5	20.0	0.0	20.0	
1.52344	-0.2	168	20.5	20.0	0.5	20.0	0.0	20.0	
1.52734	-0.2	168	20.5	20.0	0.5	20.0	0.0	20.0	
1.53125	-0.2	168	20.5	20.1	0.4	20.1	0.0	20.1	
1.53516	-0.2	168	20.4	20.1	0.3	20.1	0.0	20.1	
1.53906	-0.2	168	20.4	20.1	0.3	20.1	0.0	20.1	
1.54297	-0.2	168	20.4	20.2	0.2	20.2	0.0	20.2	
1.54688	-0.3	168	20.4	20.2	0.2	20.2	0.0	20.2	
1.55078	-0.3	168	20.4	20.2	0.2	20.2	0.0	20.2	
1.55469	-0.3	167	20.4	20.2	0.2	20.2	0.0	20.2	
1.55859	-0.4	167	20.4	20.3	0.1	20.3	0.0	20.3	
1.56250	-0.5	167	20.5	20.3	0.2	20.3	0.0	20.3	
1.56641	-0.6	167	20.5	20.3	0.2	20.3	0.0	20.3	
1.57031	-0.7	167	20.5	20.3	0.2	20.3	0.0	20.3	
1.57422	-0.7	167	20.5	20.4	0.1	20.4	0.0	20.4	
1.57812	-0.8	167	20.6	20.4	0.2	20.4	0.0	20.4	
1.58203	-0.9	167	20.6	20.4	0.2	20.4	0.0	20.4	
1.58594	-0.9	167	20.7	20.4	0.3	20.4	0.0	20.4	
1.58984	-0.9	167	20.7	20.4	0.3	20.4	0.0	20.4	
1.59375	-0.9	167	20.8	20.4	0.4	20.4	0.0	20.4	
1.59766	-0.9	167	20.8	20.4	0.4	20.4	0.0	20.4	
1.60156	-0.8	167	20.9	20.4	0.5	20.4	0.0	20.4	
1.60547	-0.7	167	20.9	20.4	0.5	20.4	0.0	20.4	
1.60938	-0.7	167	20.9	20.4	0.5	20.4	0.0	20.4	
1.61328	-0.6	167	21.0	20.4	0.6	20.4	0.0	20.4	
1.61719	-0.5	167	21.0	20.4	0.6	20.4	0.0	20.4	
1.62109	-0.5	167	21.0	20.4	0.6	20.4	0.0	20.4	
1.62500	-0.4	167	21.0	20.4	0.6	20.4	0.0	20.4	
1.62891	-0.3	167	21.1	20.4	0.7	20.4	0.0	20.4	
1.63281	-0.2	167	21.1	20.4	0.7	20.4	0.0	20.4	
1.63672	-0.2	167	21.1	20.4	0.7	20.4	0.0	20.4	
1.64062	-0.2	167	21.1	20.4	0.7	20.4	0.0	20.4	
1.64453	-0.2	167	21.1	20.5	0.6	20.5	0.0	20.5	
1.64844	-0.2	167	21.1	20.5	0.6	20.5	0.0	20.5	
1.65234	-0.2	167	21.1	20.5	0.6	20.5	0.0	20.5	
1.65625	-0.2	167	21.1	20.5	0.6	20.5	0.0	20.5	
1.66016	-0.2	167	21.1	20.5	0.6	20.5	0.0	20.5	
1.66406	-0.2	167	21.0	20.5	0.5	20.5	0.0	20.5	
1.66797	-0.2	167	21.0	20.6	0.4	20.6	0.0	20.6	
1.67188	-0.2	167	21.1	20.6	0.5	20.6	0.0	20.6	
1.67578	-0.2	167	21.0	20.6	0.4	20.6	0.0	20.6	
1.67969	-0.2	166	21.0	20.6	0.4	20.6	0.0	20.6	
1.68359	-0.2	166	21.0	20.6	0.4	20.6	0.0	20.6	
1.68750	-0.2	166	21.0	20.6	0.4	20.6	0.0	20.6	
1.69141	-0.2	166	21.0	20.6	0.4	20.6	0.0	20.6	
1.69531	-0.2	166	21.0	20.7	0.3	20.7	0.0	20.7	
1.69922	-0.2	166	21.0	20.7	0.3	20.7	0.0	20.7	
1.70312	-0.2	166	21.0	20.7	0.3	20.7	0.0	20.7	
1.70703	-0.1	166	21.0	20.7	0.3	20.7	0.0	20.7	
1.71094	-0.1	166	21.0	20.7	0.3	20.7	0.0	20.7	
1.71484	-0.1	166	20.9	20.7	0.2	20.7	0.0	20.7	
1.71875	0.0	166	20.9	20.7	0.2	20.7	0.0	20.7	
1.72266	-0.0	166	20.9	20.7	0.2	20.7	0.0	20.7	
1.72656	0.1	166	20.8	20.7	0.1	20.7	0.0	20.7	
1.73047	0.2	166	20.8	20.7	0.1	20.7	0.0	20.7	
1.73438	0.2	166	20.7	20.7	0.0	20.7	0.0	20.7	
1.73828	0.4	166	20.7	20.8	-0.1	20.8	0.0	20.8	
1.74219	0.5	166	20.6	20.7	-0.1	20.7	0.0	20.7	
1.74609	0.6	167	20.5	20.7	-0.2	20.7	0.0	20.7	
1.75000	0.7	167	20.5	20.7	-0.2	20.7	0.0	20.7	
1.75391	0.9	167	20.4	20.7	-0.3	20.7	0.0	20.7	
1.75781	1.0	167	20.3	20.7	-0.4	20.7	0.0	20.7	
1.76172	1.2	167	20.2	20.7	-0.5	20.7	0.0	20.7	
1.76562	1.4	167	20.1	20.7	-0.6	20.7	0.0	20.7	
1.76953	1.5	167	20.0	20.6	-0.6	20.6	0.0	20.6	
1.77344	1.7	167	19.9	20.6	-0.7	20.6	0.0	20.6	
1.77734	1.8	167	19.8	20.6	-0.8	20.6	0.0	20.6	
1.78125	1.8	167	19.7	20.6	-0.9	20.6	0.0	20.6	
1.78516	1.8	167	19.6	20.5	-0.9	20.5	0.0	20.5	
1.78906	1.8	168	19.5	20.5	-1.0	20.5	0.0	20.5	
1.79297	1.7	168	19.4	20.5	-1.1	20.5	0.0	20.5	
1.79688	1.6	168	19.3	20.4	-1.1	20.4	0.0	20.4	
1.80078	1.4	168	19.2	20.4	-1.2	20.4	0.0	20.4	
1.80469	1.2	168	19.1	20.4	-1.3	20.4	0.0	20.4	
1.80859	1.0	168	19.0	20.3	-1.3	20.3	0.0	20.3	
1.81250	0.8	168	19.0	20.3	-1.3	20.3	0.0	20.3	
1.81641	0.5	168	18.9	20.2	-1.3	20.2	0.0	20.2	
1.82031	0.3	168	18.9	20.2	-1.3	20.2	0.0	20.2	
1.82422	0.2	168	18.8	20.1	-1.3	20.1	0.0	20.1	
1.82812	0.1	168	18.8	20.1	-1.3	20.1	0.0	20.1	
1.83203	-0.0	168	18.7	20.1	-1.4	20.1	0.0	20.1	
1.83594	-0.0	168	18.7	20.0	-1.3	20.0	0.0	20.0	
1.83984	0.1	168	18.7	20.0	-1.3	20.0	0.0	20.0	
1.84375	0.3	168	18.6	19.9	-1.3	19.9	0.0	19.9	
1.84766	0.6	168	18.5	19.9	-1.4	19.9	0.0	19.9	
1.85156	0.9	168	18.5	19.8	-1.3	19.8	0.0	19.8	
1.85547	1.2	168	18.4	19.8	-1.4	19.8	0.0	19.8	
1.85938	1.6	168	18.3	19.7	-1.4	19.7	0.0	19.7	
1.86328	2.1	169	18.1	19.7	-1.6	19.7	0.0	19.7	
1.86719	2.4	169	18.0	19.6	-1.6	19.6	0.0	19.6	
1.87109	2.8	169	17.9	19.5	-1.6	19.5	0.0	19.5	
1.87500	3.1	169	17.7	19.5	-1.8	19.5	0.0	19.5	
1.87891	3.4	169	17.6	19.4	-1.8	19.4	0.0	19.4	
1.88281	3.6	170	17.4	19.3	-1.9	19.3	0.0	19.3	
1.88672	3.7	170	17.2	19.3	-2.1	19.3	0.0	19.3	
1.89062	3.7	170	17.1	19.2	-2.1	19.2	0.0	19.2	
1.89453	3.6	170	16.9	19.2	-2.3	19.2	0.0	19.2	
1.89844	3.5	171	16.8	19.1	-2.3	19.1	0.0	19.1	
1.90234	3.2	171	16.6	19.0	-2.4	19.0	0.0	19.0	
1.90625	3.0	171	16.5	19.0	-2.5	19.0	0.0	19.0	
1.91016	2.7	171	16.3	18.9	-2.6	18.9	0.0	18.9	
1.91406	2.5	171	16.2	18.9	-2.7	18.9	0.0	18.9	
1.91797	2.2	171	16.1	18.8	-2.7	18.8	0.0	18.8	
1.92188	2.0	172	16.0	18.7	-2.7	18.7	0.0	18.7	
1.92578	1.7	172	15.9	18.7	-2.8	18.7	0.0	18.7	
1.92969	1.5	172	15.8	18.6	-2.8	18.6	0.0	18.6	
1.93359	1.4	172	15.7	18.6	-2.9	18.6	0.0	18.6	
1.93750	1.3	172	15.6	18.5	-2.9	18.5	0.0	18.5	
1.94141	1.3	172	15.5	18.4	-2.9	18.4	0.0	18.4	
1.94531	1.3	172	15.5	18.4	-2.9	18.4	0.0	18.4	
1.94922	1.3	172	15.4	18.3	-2.9	18.3	0.0	18.3	
1.95312	1.3	172	15.3	18.2	-2.9	18.2	0.0	18.2	
1.95703	1.5	172	15.2	18.2	-3.0	18.2	0.0	18.2	
1.96094	1.6	172	15.1	18.1	-3.0	18.1	0.0	18.1	
1.96484	1.6	173	15.0	18.0	-3.0	18.0	0.0	18.0	
1.96875	1.7	173	14.9	17.9	-3.0	17.9	0.0	17.9	
1.97266	1.8	173	14.8	17.8	-3.0	17.8	0.0	17.8	
1.97656	1.9	173	14.7	17.7	-3.0	17.7	0.0	17.7	
1.98047	1.9	173	14.6	17.7	-3.1	17.7	0.0	17.7	
1.98438	1.8	173	14.5	17.6	-3.1	17.6	0.0	17.6	
1.98828	1.7	173	14.4	17.5	-3.1	17.5	0.0	17.5	
1.99219	1.6	173	14.3	17.4	-3.1	17.4	0.0	17.4	
1.99609	1.4	173	14.2	17.3	-3.1	17.3	0.0	17.3	
2.00000	1.2	174	14.1	17.2	-3.1	17.2	0.0	17.2	
2.00391	0.9	174	14.1	17.2	-3.1	17.2	0.0	17.2	
2.00781	0.7	174	14.0	17.1	-3.1	17.1	0.0	17.1	
2.01172	0.4	174	14.0	17.0	-3.0	17.0	0.0	17.0	
2.01562	0.2	174	13.9	16.9	-3.0	16.9	0.0	16.9	
2.01953	0.0	174	13.9	16.9	-3.0	16.9	0.0	16.9	
2.02344	-0.1	174	13.9	16.8	-2.9	16.8	0.0	16.8	
2.02734	-0.2	174	13.9	16.7	-2.8	16.7	0.0	16.7	
2.03125	-0.3	174	13.9	16.7	-2.8	16.7	0.0	16.7	
2.03516	-0.4	174	13.9	16.6	-2.7	16.6	0.0	16.6	
2.03906	-0.4	174	13.9	16.6	-2.7	16.6	0.0	16.6	
2.04297	-0.4	174	13.9	16.5	-2.6	16.5	0.0	16.5	
2.04688	-0.4	174	13.9	16.5	-2.6	16.5	0.0	16.5	
2.05078	-0.3	174	13.9	16.4	-2.5	16.4	0.0	16.4	
2.05469	-0.3	173	13.9	16.4	-2.5	16.4	0.0	16.4	
2.05859	-0.3	173	13.9	16.3	-2.4	16.3	0.0	16.3	
2.06250	-0.2	173	13.9	16.3	-2.4	16.3	0.0	16.3	
2.06641	-0.1	173	13.9	16.3	-2.4	16.3	0.0	16.3	
2.07031	-0.1	173	13.9	16.2	-2.3	16.2	0.0	16.2	
2.07422	-0.0	173	13.8	16.2	-2.4	16.2	0.0	16.2	
2.07812	0.0	173	13.8	16.1	-2.3	16.1	0.0	16.1	
2.08203	0.0	173	13.8	16.1	-2.3	16.1	0.0	16.1	
2.08594	0.0	173	13.8	16.0	-2.2	16.0	0.0	16.0	
2.08984	-0.0	173	13.8	16.0	-2.2	16.0	0.0	16.0	
2.09375	-0.0	173	13.7	16.0	-2.3	16.0	0.0	16.0	
2.09766	-0.0	173	13.7	15.9	-2.2	15.9	0.0	15.9	
2.10156	-0.1	173	13.7	15.9	-2.2	15.9	0.0	15.9	
2.10547	-0.1	173	13.7	15.9	-2.2	15.9	0.0	15.9	
2.10938	-0.1	173	13.7	15.8	-2.1	15.8	0.0	15.8	
2.11328	-0.1	173	13.7	15.8	-2.1	15.8	0.0	15.8	
2.11719	-0.2	173	13.7	15.8	-2.1	15.8	0.0	15.8	
2.12109	-0.2	173	13.7	15.8	-2.1	15.8	0.0	15.8	
2.12500	-0.2	173	13.7	15.7	-2.0	15.7	0.0	15.7	
2.12891	-0.2	173	13.7	15.7	-2.0	15.7	0.0	15.7	
2.13281	-0.3	173	13.7	15.7	-2.0	15.7	0.0	15.7	
2.13672	-0.3	173	13.7	15.7	-2.0	15.7	0.0	15.7	
2.14062	-0.3	173	13.7	15.7	-2.0	15.7	0.0	15.7	
2.14453	-0.3	173	13.7	15.6	-1.9	15.6	0.0	15.6	
2.14844	-0.4	173	13.7	15.6	-1.9	15.6	0.0	15.6	
2.15234	-0.3	173	13.7	15.6	-1.9	15.6	0.0	15.6	
2.15625	-0.3	173	13.7	15.6	-1.9	15.6	0.0	15.6	
2.16016	-0.4	173	13.8	15.6	-1.8	15.6	0.0	15.6	
2.16406	-0.4	173	13.8	15.6	-1.8	15.6	0.0	15.6	
2.16797	-0.4	173	13.8	15.5	-1.7	15.5	0.0	15.5	
2.17188	-0.4	173	13.8	15.5	-1.7	15.5	0.0	15.5	
2.17578	-0.4	173	13.8	15.5	-1.7	15.5	0.0	15.5	
2.17969	-0.3	173	13.8	15.5	-1.7	15.5	0.0	15.5	
2.18359	-0.3	173	13.9	15.4	-1.5	15.4	0.0	15.4	
2.18750	-0.4	173	13.9	15.4	-1.5	15.4	0.0	15.4	
2.19141	-0.3	173	13.9	15.4	-1.5	15.4	0.0	15.4	
2.19531	-0.3	173	13.9	15.3	-1.4	15.3	0.0	15.3	
2.19922	-0.3	173	13.9	15.3	-1.4	15.3	0.0	15.3	
2.20312	-0.3	173	14.0	15.3	-1.3	15.3	0.0	15.3	
2.20703	-0.2	173	14.0	15.3	-1.3	15.3	0.0	15.3	
2.21094	-0.2	173	14.0	15.2	-1.2	15.2	0.0	15.2	
2.21484	-0.2	173	14.0	15.2	-1.2	15.2	0.0	15.2	
2.21875	-0.2	173	14.0	15.2	-1.2	15.2	0.0	15.2	
2.22266	-0.2	173	14.0	15.1	-1.1	15.1	0.0	15.1	
2.22656	-0.2	173	14.0	15.1	-1.1	15.1	0.0	15.1	
2.23047	-0.2	173	14.0	15.1	-1.1	15.1	0.0	15.1	
2.23438	-0.2	173	14.0	15.1	-1.1	15.1	0.0	15.1	
2.23828	-0.2	173	14.0	15.0	-1.0	15.0	0.0	15.0	
2.24219	-0.2	173	14.0	15.0	-1.0	15.0	0.0	15.0	
2.24609	-0.2	173	14.0	15.0	-1.0	15.0	0.0	15.0	
2.25000	-0.2	173	14.0	15.0	-1.0	15.0	0.0	15.0	
2.25391	-0.2	173	14.0	15.0	-1.0	15.0	0.0	15.0	
2.25781	-0.2	173	14.0	14.9	-0.9	14.9	0.0	14.9	
2.26172	-0.2	173	14.0	14.9	-0.9	14.9	0.0	14.9	
2.26562	-0.2	173	13.9	14.9	-1.0	14.9	0.0	14.9	
2.26953	-0.2	173	13.9	14.9	-1.0	14.9	0.0	14.9	
2.27344	-0.2	173	13.9	14.9	-1.0	14.9	0.0	14.9	
2.27734	-0.2	173	13.9	14.9	-1.0	14.9	0.0	14.9	
2.28125	-0.3	173	13.9	14.8	-0.9	14.8	0.0	14.8	
2.28516	-0.2	173	13.9	14.8	-0.9	14.8	0.0	14.8	
2.28906	-0.2	173	13.9	14.8	-0.9	14.8	0.0	14.8	
2.29297	-0.3	173	13.9	14.8	-0.9	14.8	0.0	14.8	
2.29688	-0.3	173	13.9	14.8	-0.9	14.8	0.0	14.8	
2.30078	-0.3	173	13.9	14.8	-0.9	14.8	0.0	14.8	
2.30469	-0.3	173	13.9	14.8	-0.9	14.8	0.0	14.8	
2.30859	-0.3	173	13.9	14.8	-0.9	14.8	0.0	14.8	
2.31250	-0.3	173	13.9	14.8	-0.9	14.8	0.0	14.8	
2.31641	-0.3	173	13.9	14.8	-0.9	14.8	0.0	14.8	
2.32031	-0.2	172	13.9	14.8	-0.9	14.8	0.0	14.8	
2.32422	-0.3	172	13.9	14.7	-0.8	14.7	0.0	14.7	
2.32812	-0.3	172	13.9	14.7	-0.8	14.7	0.0	14.7	
2.33203	-0.3	172	14.0	14.8	-0.8	14.8	0.0	14.8	
2.33594	-0.3	172	14.0	14.8	-0.8	14.8	0.0	14.8	
2.33984	-0.2	172	14.0	14.7	-0.7	14.7	0.0	14.7	
2.34375	-0.2	172	14.0	14.8	-0.8	14.8	0.0	14.8	
2.34766	-0.2	172	14.0	14.7	-0.7	14.7	0.0	14.7	
2.35156	-0.2	172	14.0	14.7	-0.7	14.7	0.0	14.7	
2.35547	-0.2	172	14.0	14.7	-0.7	14.7	0.0	14.7	
2.35938	-0.2	172	14.0	14.7	-0.7	14.7	0.0	14.7	
2.36328	-0.2	172	14.0	14.7	-0.7	14.7	0.0	14.7	
2.36719	-0.2	172	14.0	14.7	-0.7	14.7	0.0	14.7	
2.37109	-0.2	172	14.0	14.7	-0.7	14.7	0.0	14.7	
2.37500	-0.2	172	14.0	14.7	-0.7	14.7	0.0	14.7	
2.37891	-0.2	172	13.9	14.7	-0.8	14.7	0.0	14.7	
2.38281	-0.2	172	13.9	14.7	-0.8	14.7	0.0	14.7	
2.38672	-0.2	172	13.9	14.7	-0.8	14.7	0.0	14.7	
2.39062	-0.2	172	13.9	14.7	-0.8	14.7	0.0	14.7	
2.39453	-0.2	172	13.9	14.7	-0.8	14.7	0.0	14.7	
2.39844	-0.3	172	13.9	14.7	-0.8	14.7	0.0	14.7	
2.40234	-0.2	172	13.9	14.7	-0.8	14.7	0.0	14.7	
2.40625	-0.2	172	13.9	14.6	-0.7	14.6	0.0	14.6	
2.41016	-0.3	172	13.9	14.6	-0.7	14.6	0.0	14.6	
2.41406	-0.3	172	13.9	14.6	-0.7	14.6	0.0	14.6	
2.41797	-0.3	172	13.9	14.6	-0.7	14.6	0.0	14.6	
2.42188	-0.3	172	13.9	14.6	-0.7	14.6	0.0	14.6	
2.42578	-0.3	172	13.9	14.6	-0.7	14.6	0.0	14.6	
2.42969	-0.3	172	13.9	14.6	-0.7	14.6	0.0	14.6	
2.43359	-0.3	172	14.0	14.6	-0.6	14.6	0.0	14.6	
2.43750	-0.3	172	14.0	14.6	-0.6	14.6	0.0	14.6	
2.44141	-0.3	172	14.0	14.6	-0.6	14.6	0.0	14.6	
2.44531	-0.3	172	14.0	14.6	-0.6	14.6	0.0	14.6	
2.44922	-0.3	172	14.0	14.6	-0.6	14.6	0.0	14.6	
2.45312	-0.3	172	14.0	14.6	-0.6	14.6	0.0	14.6	
2.45703	-0.3	172	14.0	14.6	-0.6	14.6	0.0	14.6	
2.46094	-0.2	172	14.0	14.6	-0.6	14.6	0.0	14.6	
2.46484	-0.2	172	14.0	14.6	-0.6	14.6	0.0	14.6	
2.46875	-0.3	172	14.0	14.6	-0.6	14.6	0.0	14.6	
2.47266	-0.2	172	14.0	14.6	-0.6	14.6	0.0	14.6	
2.47656	-0.2	172	14.0	14.6	-0.6	14.6	0.0	14.6	
2.48047	-0.2	172	14.0	14.6	-0.6	14.6	0.0	14.6	
2.48438	-0.2	172	14.0	14.6	-0.6	14.6	0.0	14.6	
2.48828	-0.2	172	14.0	14.6	-0.6	14.6	0.0	14.6	
2.49219	-0.2	172	14.0	14.6	-0.6	14.6	0.0	14.6	
2.49609	-0.2	172	14.0	14.6	-0.6	14.6	0.0	14.6	
2.50000	-0.2	172	14.0	14.6	-0.6	14.6	0.0	14.6	
2.50391	-0.2	172	14.0	14.7	-0.7	14.7	0.0	14.7	
2.50781	-0.2	172	14.0	14.7	-0.7	14.7	0.0	14.7	
2.51172	-0.2	172	14.0	14.7	-0.7	14.7	0.0	14.7	
2.51562	-0.2	172	14.0	14.7	-0.7	14.7	0.0	14.7	
2.51953	-0.2	172	14.0	14.7	-0.7	14.7	0.0	14.7	
2.52344	-0.2	172	13.9	14.7	-0.8	14.7	0.0	14.7	
2.52734	-0.2	172	14.0	14.7	-0.7	14.7	0.0	14.7	
2.53125	-0.2	172	13.9	14.7	-0.8	14.7	0.0	14.7	
2.53516	-0.3	172	13.9	14.7	-0.8	14.7	0.0	14.7	
2.53906	-0.2	172	13.9	14.7	-0.8	14.7	0.0	14.7	
2.54297	-0.2	172	14.0	14.7	-0.7	14.7	0.0	14.7	
2.54688	-0.3	172	14.0	14.7	-0.7	14.7	0.0	14.7	
2.55078	-0.2	172	13.9	14.7	-0.8	14.7	0.0	14.7	
2.55469	-0.2	172	13.9	14.7	-0.8	14.7	0.0	14.7	
2.55859	-0.2	172	13.9	14.7	-0.8	14.7	0.0	14.7	
2.56250	-0.2	172	13.9	14.7	-0.8	14.7	0.0	14.7	
2.56641	-0.1	172	13.9	14.7	-0.8	14.7	0.0	14.7	
2.57031	-0.1	172	13.9	14.7	-0.8	14.7	0.0	14.7	
2.57422	-0.1	172	13.9	14.7	-0.8	14.7	0.0	14.7	
2.57812	-0.1	172	13.8	14.7	-0.9	14.7	0.0	14.7	
2.58203	-0.0	172	13.8	14.7	-0.9	14.7	0.0	14.7	
2.58594	-0.0	172	13.8	14.6	-0.8	14.6	0.0	14.6	
2.58984	-0.0	172	13.8	14.6	-0.8	14.6	0.0	14.6	
2.59375	-0.0	172	13.7	14.6	-0.9	14.6	0.0	14.6	
2.59766	-0.0	172	13.7	14.6	-0.9	14.6	0.0	14.6	
2.60156	-0.0	172	13.7	14.5	-0.8	14.5	0.0	14.5	
2.60547	-0.1	172	13.7	14.5	-0.8	14.5	0.0	14.5	
2.60938	-0.1	172	13.6	14.5	-0.9	14.5	0.0	14.5	
2.61328	-0.1	172	13.6	14.5	-0.9	14.5	0.0	14.5	
2.61719	-0.2	171	13.6	14.5	-0.9	14.5	0.0	14.5	
2.62109	-0.2	171	13.6	14.5	-0.9	14.5	0.0	14.5	
2.62500	-0.2	171	13.6	14.5	-0.9	14.5	0.0	14.5	
2.62891	-0.3	171	13.6	14.5	-0.9	14.5	0.0	14.5	
2.63281	-0.4	171	13.6	14.5	-0.9	14.5	0.0	14.5	
2.63672	-0.3	171	13.6	14.5	-0.9	14.5	0.0	14.5	
2.64062	-0.4	171	13.6	14.5	-0.9	14.5	0.0	14.5	
2.64453	-0.4	171	13.6	14.5	-0.9	14.5	0.0	14.5	
2.64844	-0.4	171	13.7	14.5	-0.8	14.5	0.0	14.5	
2.65234	-0.4	171	13.7	14.5	-0.8	14.5	0.0	14.5	
2.65625	-0.4	171	13.7	14.5	-0.8	14.5	0.0	14.5	
2.66016	-0.4	171	13.8	14.5	-0.7	14.5	0.0	14.5	
2.66406	-0.3	171	13.8	14.5	-0.7	14.5	0.0	14.5	
