FluxView - FluxMed acquisition system
Signal file
Serial Number	:
W version:	1.20h-OX-CO2	File version:	1.13
Sampling rate:	256 Hz
Time	Flow	Volume	Paw	Pes	Ptpulm	Pga	Ptdiaf	CO2	
0.00391	-0.1	949	19.0	16.9	2.1	1.1	-15.8	16.9	
0.00781	-0.2	949	19.1	17.0	2.1	1.1	-15.9	17.0	
0.01172	-0.2	948	19.1	17.0	2.1	1.1	-15.9	17.0	
0.01562	-0.2	948	19.1	16.9	2.2	1.1	-15.8	16.9	
0.01953	-0.2	948	19.2	17.0	2.2	1.1	-15.9	17.0	
0.02344	-0.1	948	19.2	17.0	2.2	1.1	-15.9	17.0	
0.02734	-0.1	948	19.3	16.9	2.4	1.1	-15.8	16.9	
0.03125	0.0	948	19.3	17.0	2.3	1.1	-15.9	17.0	
0.03516	0.1	948	19.3	16.9	2.4	1.1	-15.8	16.9	
0.03906	0.1	948	19.4	16.9	2.5	1.1	-15.8	16.9	
0.04297	0.2	948	19.4	17.0	2.4	1.1	-15.9	17.0	
0.04688	0.2	948	19.4	16.9	2.5	1.1	-15.8	16.9	
0.05078	0.2	949	19.4	16.9	2.5	1.1	-15.8	16.9	
0.05469	0.3	949	19.4	17.0	2.4	1.1	-15.9	17.0	
0.05859	0.3	949	19.4	17.0	2.4	1.1	-15.9	17.0	
0.06250	0.3	949	19.4	16.9	2.5	1.1	-15.8	16.9	
0.06641	0.3	949	19.4	17.0	2.4	1.1	-15.9	17.0	
0.07031	0.3	949	19.4	17.0	2.4	1.1	-15.9	17.0	
0.07422	0.3	949	19.4	17.0	2.4	1.1	-15.9	17.0	
0.07812	0.3	949	19.4	17.0	2.4	1.1	-15.9	17.0	
0.08203	0.3	949	19.4	16.9	2.5	1.1	-15.8	16.9	
0.08594	0.3	949	19.4	16.9	2.5	1.1	-15.8	16.9	
0.08984	0.2	949	19.4	17.0	2.4	1.1	-15.9	17.0	
0.09375	0.2	949	19.4	17.0	2.4	1.1	-15.9	17.0	
0.09766	0.2	949	19.4	17.0	2.4	1.1	-15.9	17.0	
0.10156	0.2	949	19.4	17.0	2.4	1.1	-15.9	17.0	
0.10547	0.2	949	19.4	17.0	2.4	1.1	-15.9	17.0	
0.10938	0.2	949	19.4	17.0	2.4	1.1	-15.9	17.0	
0.11328	0.2	949	19.4	16.9	2.5	1.1	-15.8	16.9	
0.11719	0.2	949	19.4	17.0	2.4	1.1	-15.9	17.0	
0.12109	0.2	949	19.4	17.0	2.4	1.1	-15.9	17.0	
0.12500	0.2	949	19.4	17.0	2.4	1.1	-15.9	17.0	
0.12891	0.2	949	19.4	16.9	2.5	1.1	-15.8	16.9	
0.13281	0.2	949	19.5	17.0	2.5	1.1	-15.9	17.0	
0.13672	0.2	949	19.5	16.9	2.6	1.1	-15.8	16.9	
0.14062	0.3	949	19.5	16.9	2.6	1.1	-15.8	16.9	
0.14453	0.3	949	19.5	16.9	2.6	1.1	-15.8	16.9	
0.14844	0.3	949	19.5	16.9	2.6	1.1	-15.8	16.9	
0.15234	0.3	949	19.5	16.9	2.6	1.1	-15.8	16.9	
0.15625	0.3	949	19.4	16.9	2.5	1.1	-15.8	16.9	
0.16016	0.3	949	19.4	16.9	2.5	1.1	-15.8	16.9	
0.16406	0.3	949	19.4	16.9	2.5	1.1	-15.8	16.9	
0.16797	0.3	949	19.4	16.9	2.5	1.1	-15.8	16.9	
0.17188	0.3	949	19.4	16.9	2.5	1.1	-15.8	16.9	
0.17578	0.3	949	19.4	16.9	2.5	1.1	-15.8	16.9	
0.17969	0.3	949	19.4	16.9	2.5	1.1	-15.8	16.9	
0.18359	0.3	949	19.4	16.9	2.5	1.1	-15.8	16.9	
0.18750	0.2	949	19.4	16.9	2.5	1.1	-15.8	16.9	
0.19141	0.2	949	19.4	16.9	2.5	1.1	-15.8	16.9	
0.19531	0.2	949	19.4	16.9	2.5	1.1	-15.8	16.9	
0.19922	0.2	949	19.4	16.9	2.5	1.1	-15.8	16.9	
0.20312	0.2	949	19.4	16.9	2.5	1.1	-15.8	16.9	
0.20703	0.2	949	19.4	16.9	2.5	1.1	-15.8	16.9	
0.21094	0.2	949	19.4	16.9	2.5	1.1	-15.8	16.9	
0.21484	0.2	949	19.4	16.9	2.5	1.1	-15.8	16.9	
0.21875	0.2	949	19.4	17.0	2.4	1.1	-15.9	17.0	
0.22266	0.2	949	19.5	16.9	2.6	1.1	-15.8	16.9	
0.22656	0.2	949	19.5	16.9	2.6	1.1	-15.8	16.9	
0.23047	0.2	949	19.5	17.0	2.5	1.1	-15.9	17.0	
0.23438	0.2	949	19.5	17.0	2.5	1.1	-15.9	17.0	
0.23828	0.2	949	19.5	17.0	2.5	1.1	-15.9	17.0	
0.24219	0.2	949	19.5	17.0	2.5	1.1	-15.9	17.0	
0.24609	0.2	949	19.6	16.9	2.7	1.1	-15.8	16.9	
0.25000	0.2	949	19.6	17.0	2.6	1.1	-15.9	17.0	
0.25391	0.2	949	19.6	17.0	2.6	1.1	-15.9	17.0	
0.25781	0.2	949	19.6	17.0	2.6	1.1	-15.9	17.0	
0.26172	0.2	949	19.6	17.0	2.6	1.1	-15.9	17.0	
0.26562	0.2	949	19.6	17.0	2.6	1.1	-15.9	17.0	
0.26953	0.3	949	19.6	17.0	2.6	1.1	-15.9	17.0	
0.27344	0.3	949	19.6	17.0	2.6	1.1	-15.9	17.0	
0.27734	0.3	949	19.6	17.0	2.6	1.1	-15.9	17.0	
0.28125	0.3	949	19.6	17.0	2.6	1.1	-15.9	17.0	
0.28516	0.3	949	19.6	16.9	2.7	1.1	-15.8	16.9	
0.28906	0.3	949	19.6	16.9	2.7	1.1	-15.8	16.9	
0.29297	0.4	949	19.5	17.0	2.5	1.1	-15.9	17.0	
0.29688	0.4	950	19.5	16.9	2.6	1.1	-15.8	16.9	
0.30078	0.4	950	19.5	16.9	2.6	1.1	-15.8	16.9	
0.30469	0.4	950	19.5	16.9	2.6	1.1	-15.8	16.9	
0.30859	0.4	950	19.4	16.9	2.5	1.1	-15.8	16.9	
0.31250	0.3	950	19.4	16.9	2.5	1.1	-15.8	16.9	
0.31641	0.3	950	19.4	16.9	2.5	1.1	-15.8	16.9	
0.32031	0.3	950	19.4	16.9	2.5	1.1	-15.8	16.9	
0.32422	0.2	950	19.4	16.9	2.5	1.1	-15.8	16.9	
0.32812	0.1	950	19.4	16.9	2.5	1.1	-15.8	16.9	
0.33203	0.1	950	19.5	16.9	2.6	1.1	-15.8	16.9	
0.33594	-0.1	950	19.5	16.9	2.6	1.1	-15.8	16.9	
0.33984	-0.2	950	19.6	16.9	2.7	1.1	-15.8	16.9	
0.34375	-0.3	950	19.6	16.9	2.7	1.1	-15.8	16.9	
0.34766	-0.3	950	19.6	16.9	2.7	1.1	-15.8	16.9	
0.35156	-0.4	950	19.7	16.9	2.8	1.1	-15.8	16.9	
0.35547	-0.4	950	19.8	16.9	2.9	1.1	-15.8	16.9	
0.35938	-0.5	950	19.9	16.9	3.0	1.1	-15.8	16.9	
0.36328	-0.4	950	19.9	16.9	3.0	1.1	-15.8	16.9	
0.36719	-0.3	949	20.0	16.9	3.1	1.1	-15.8	16.9	
0.37109	-0.3	949	20.0	16.9	3.1	1.1	-15.8	16.9	
0.37500	-0.2	949	20.1	16.9	3.2	1.1	-15.8	16.9	
0.37891	-0.1	949	20.1	16.9	3.2	1.1	-15.8	16.9	
0.38281	0.0	949	20.2	16.9	3.3	1.1	-15.8	16.9	
0.38672	0.1	949	20.2	16.9	3.3	1.1	-15.8	16.9	
0.39062	0.2	949	20.2	16.9	3.3	1.1	-15.8	16.9	
0.39453	0.3	949	20.2	16.8	3.4	1.1	-15.7	16.8	
0.39844	0.4	950	20.2	16.8	3.4	1.1	-15.7	16.8	
0.40234	0.4	950	20.1	16.9	3.2	1.1	-15.8	16.9	
0.40625	0.5	950	20.1	16.9	3.2	1.1	-15.8	16.9	
0.41016	0.6	950	20.1	16.9	3.2	1.1	-15.8	16.9	
0.41406	0.6	950	20.0	16.9	3.1	1.1	-15.8	16.9	
0.41797	0.5	950	20.0	16.9	3.1	1.1	-15.8	16.9	
0.42188	0.5	950	19.9	16.9	3.0	1.1	-15.8	16.9	
0.42578	0.5	950	19.9	16.9	3.0	1.1	-15.8	16.9	
0.42969	0.5	950	19.9	16.9	3.0	1.1	-15.8	16.9	
0.43359	0.5	950	19.8	16.9	2.9	1.1	-15.8	16.9	
0.43750	0.4	950	19.8	16.9	2.9	1.1	-15.8	16.9	
0.44141	0.3	950	19.8	16.9	2.9	1.1	-15.8	16.9	
0.44531	0.3	950	19.8	16.9	2.9	1.1	-15.8	16.9	
0.44922	0.2	950	19.8	16.9	2.9	1.1	-15.8	16.9	
0.45312	0.2	950	19.8	16.9	2.9	1.1	-15.8	16.9	
0.45703	0.1	950	19.8	16.9	2.9	1.1	-15.8	16.9	
0.46094	0.1	950	19.8	16.9	2.9	1.1	-15.8	16.9	
0.46484	0.1	950	19.8	16.9	2.9	1.1	-15.8	16.9	
0.46875	0.2	950	19.8	16.9	2.9	1.1	-15.8	16.9	
0.47266	0.2	950	19.9	16.9	3.0	1.1	-15.8	16.9	
0.47656	0.1	950	19.9	16.9	3.0	1.1	-15.8	16.9	
0.48047	0.2	950	19.9	16.9	3.0	1.1	-15.8	16.9	
0.48438	0.2	950	19.9	16.9	3.0	1.1	-15.8	16.9	
0.48828	0.2	950	19.9	16.9	3.0	1.1	-15.8	16.9	
0.49219	0.2	950	19.9	16.9	3.0	1.1	-15.8	16.9	
0.49609	0.3	950	19.9	16.9	3.0	1.1	-15.8	16.9	
0.50000	0.3	950	19.9	16.9	3.0	1.1	-15.8	16.9	
0.50391	0.3	950	19.9	16.9	3.0	1.1	-15.8	16.9	
0.50781	0.4	950	19.9	16.9	3.0	1.1	-15.8	16.9	
0.51172	0.4	950	19.9	16.9	3.0	1.1	-15.8	16.9	
0.51562	0.4	950	19.8	16.9	2.9	1.1	-15.8	16.9	
0.51953	0.4	950	19.8	16.9	2.9	1.1	-15.8	16.9	
0.52344	0.4	950	19.8	16.9	2.9	1.1	-15.8	16.9	
0.52734	0.4	950	19.8	16.9	2.9	1.1	-15.8	16.9	
0.53125	0.3	950	19.7	16.9	2.8	1.1	-15.8	16.9	
0.53516	0.3	950	19.7	16.9	2.8	1.1	-15.8	16.9	
0.53906	0.3	950	19.7	16.9	2.8	1.1	-15.8	16.9	
0.54297	0.3	950	19.7	16.9	2.8	1.1	-15.8	16.9	
0.54688	0.3	950	19.7	16.9	2.8	1.1	-15.8	16.9	
0.55078	0.3	950	19.7	16.9	2.8	1.1	-15.8	16.9	
0.55469	0.2	950	19.7	16.9	2.8	1.1	-15.8	16.9	
0.55859	0.2	950	19.7	16.9	2.8	1.1	-15.8	16.9	
0.56250	0.2	950	19.7	16.9	2.8	1.1	-15.8	16.9	
0.56641	0.2	950	19.7	16.9	2.8	1.1	-15.8	16.9	
0.57031	0.2	950	19.7	16.9	2.8	1.1	-15.8	16.9	
0.57422	0.2	950	19.7	16.9	2.8	1.1	-15.8	16.9	
0.57812	0.2	950	19.7	16.9	2.8	1.1	-15.8	16.9	
0.58203	0.2	950	19.7	16.9	2.8	1.1	-15.8	16.9	
0.58594	0.2	950	19.7	16.9	2.8	1.1	-15.8	16.9	
0.58984	0.2	950	19.7	16.9	2.8	1.1	-15.8	16.9	
0.59375	0.2	950	19.8	16.9	2.9	1.1	-15.8	16.9	
0.59766	0.3	951	19.7	16.9	2.8	1.1	-15.8	16.9	
0.60156	0.3	951	19.8	16.9	2.9	1.1	-15.8	16.9	
0.60547	0.2	951	19.8	16.9	2.9	1.1	-15.8	16.9	
0.60938	0.3	951	19.8	16.9	2.9	1.1	-15.8	16.9	
0.61328	0.3	951	19.8	16.9	2.9	1.1	-15.8	16.9	
0.61719	0.3	951	19.8	16.9	2.9	1.1	-15.8	16.9	
0.62109	0.3	951	19.8	16.9	2.9	1.1	-15.8	16.9	
0.62500	0.3	951	19.7	16.9	2.8	1.1	-15.8	16.9	
0.62891	0.3	951	19.7	16.9	2.8	1.1	-15.8	16.9	
0.63281	0.3	951	19.7	16.9	2.8	1.1	-15.8	16.9	
0.63672	0.3	951	19.7	16.9	2.8	1.1	-15.8	16.9	
0.64062	0.2	951	19.7	16.9	2.8	1.1	-15.8	16.9	
0.64453	0.3	951	19.7	16.9	2.8	1.1	-15.8	16.9	
0.64844	0.3	951	19.7	16.9	2.8	1.1	-15.8	16.9	
0.65234	0.3	951	19.7	16.9	2.8	1.1	-15.8	16.9	
0.65625	0.2	951	19.7	16.9	2.8	1.1	-15.8	16.9	
0.66016	0.2	951	19.7	16.9	2.8	1.1	-15.8	16.9	
0.66406	0.2	951	19.7	16.9	2.8	1.1	-15.8	16.9	
0.66797	0.2	951	19.7	16.9	2.8	1.1	-15.8	16.9	
0.67188	0.2	951	19.7	16.9	2.8	1.1	-15.8	16.9	
0.67578	0.2	951	19.7	16.9	2.8	1.1	-15.8	16.9	
0.67969	0.2	951	19.7	16.9	2.8	1.1	-15.8	16.9	
0.68359	0.2	951	19.7	16.9	2.8	1.1	-15.8	16.9	
0.68750	0.2	951	19.7	16.9	2.8	1.1	-15.8	16.9	
0.69141	0.2	951	19.7	16.9	2.8	1.1	-15.8	16.9	
0.69531	0.2	951	19.7	16.9	2.8	1.1	-15.8	16.9	
0.69922	0.2	951	19.8	16.9	2.9	1.1	-15.8	16.9	
0.70312	0.2	951	19.8	16.9	2.9	1.1	-15.8	16.9	
0.70703	0.2	951	19.8	16.9	2.9	1.1	-15.8	16.9	
0.71094	0.2	951	19.8	16.9	2.9	1.1	-15.8	16.9	
0.71484	0.2	951	19.8	16.9	2.9	1.1	-15.8	16.9	
0.71875	0.2	951	19.8	16.9	2.9	1.1	-15.8	16.9	
0.72266	0.2	951	19.8	16.9	2.9	1.1	-15.8	16.9	
0.72656	0.2	951	19.9	16.9	3.0	1.1	-15.8	16.9	
0.73047	0.2	951	19.9	16.9	3.0	1.1	-15.8	16.9	
0.73438	0.2	951	19.9	16.9	3.0	1.1	-15.8	16.9	
0.73828	0.2	951	19.9	16.9	3.0	1.1	-15.8	16.9	
0.74219	0.2	951	19.9	17.0	2.9	1.1	-15.9	17.0	
0.74609	0.2	951	19.9	17.0	2.9	1.1	-15.9	17.0	
0.75000	0.2	951	19.9	17.0	2.9	1.1	-15.9	17.0	
0.75391	0.2	951	19.9	16.9	3.0	1.1	-15.8	16.9	
0.75781	0.2	951	19.9	16.9	3.0	1.1	-15.8	16.9	
0.76172	0.3	951	19.9	17.0	2.9	1.1	-15.9	17.0	
0.76562	0.2	951	19.9	17.0	2.9	1.1	-15.9	17.0	
0.76953	0.2	951	19.9	17.0	2.9	1.1	-15.9	17.0	
0.77344	0.3	951	19.9	17.0	2.9	1.1	-15.9	17.0	
0.77734	0.2	951	19.9	17.0	2.9	1.1	-15.9	17.0	
0.78125	0.2	951	19.9	17.0	2.9	1.1	-15.9	17.0	
0.78516	0.3	951	19.9	17.0	2.9	1.1	-15.9	17.0	
0.78906	0.3	951	19.9	17.0	2.9	1.1	-15.9	17.0	
0.79297	0.3	951	19.9	17.0	2.9	1.1	-15.9	17.0	
0.79688	0.2	951	19.9	17.0	2.9	1.1	-15.9	17.0	
0.80078	0.2	951	19.9	17.0	2.9	1.1	-15.9	17.0	
0.80469	0.2	951	19.9	17.0	2.9	1.1	-15.9	17.0	
0.80859	0.2	951	19.9	17.0	2.9	1.1	-15.9	17.0	
0.81250	0.2	951	19.9	17.0	2.9	1.1	-15.9	17.0	
0.81641	0.3	951	19.9	17.0	2.9	1.1	-15.9	17.0	
0.82031	0.2	951	19.9	17.0	2.9	1.1	-15.9	17.0	
0.82422	0.2	951	19.9	17.0	2.9	1.1	-15.9	17.0	
0.82812	0.3	951	19.9	17.0	2.9	1.1	-15.9	17.0	
0.83203	0.3	951	19.9	17.0	2.9	1.1	-15.9	17.0	
0.83594	0.3	951	19.9	17.0	2.9	1.1	-15.9	17.0	
0.83984	0.3	951	19.9	17.0	2.9	1.1	-15.9	17.0	
0.84375	0.3	951	19.9	17.0	2.9	1.1	-15.9	17.0	
0.84766	0.3	952	19.9	17.0	2.9	1.1	-15.9	17.0	
0.85156	0.3	952	19.9	17.0	2.9	1.1	-15.9	17.0	
0.85547	0.3	952	19.9	17.0	2.9	1.1	-15.9	17.0	
0.85938	0.3	952	19.9	17.0	2.9	1.1	-15.9	17.0	
0.86328	0.3	952	19.9	17.0	2.9	1.1	-15.9	17.0	
0.86719	0.3	952	19.9	17.0	2.9	1.1	-15.9	17.0	
0.87109	0.3	952	19.8	17.0	2.8	1.1	-15.9	17.0	
0.87500	0.3	952	19.8	17.0	2.8	1.1	-15.9	17.0	
0.87891	0.2	952	19.8	17.0	2.8	1.1	-15.9	17.0	
0.88281	0.3	952	19.8	17.0	2.8	1.1	-15.9	17.0	
0.88672	0.2	952	19.8	17.0	2.8	1.1	-15.9	17.0	
0.89062	0.2	952	19.8	17.0	2.8	1.1	-15.9	17.0	
0.89453	0.2	952	19.8	17.0	2.8	1.1	-15.9	17.0	
0.89844	0.2	952	19.8	17.0	2.8	1.1	-15.9	17.0	
0.90234	0.2	952	19.8	17.0	2.8	1.1	-15.9	17.0	
0.90625	0.2	952	19.8	17.0	2.8	1.1	-15.9	17.0	
0.91016	0.2	952	19.9	17.0	2.9	1.1	-15.9	17.0	
0.91406	0.2	952	19.9	17.0	2.9	1.1	-15.9	17.0	
0.91797	0.2	952	19.9	17.0	2.9	1.1	-15.9	17.0	
0.92188	0.2	952	19.9	17.0	2.9	1.1	-15.9	17.0	
0.92578	0.2	952	19.9	17.0	2.9	1.1	-15.9	17.0	
0.92969	0.2	952	19.9	17.0	2.9	1.1	-15.9	17.0	
0.93359	0.2	952	19.9	17.0	2.9	1.1	-15.9	17.0	
0.93750	0.2	952	19.9	17.0	2.9	1.1	-15.9	17.0	
0.94141	0.2	952	20.0	17.0	3.0	1.1	-15.9	17.0	
0.94531	0.2	952	20.0	17.0	3.0	1.1	-15.9	17.0	
0.94922	0.2	952	20.0	17.0	3.0	1.1	-15.9	17.0	
0.95312	0.2	952	20.0	17.0	3.0	1.1	-15.9	17.0	
0.95703	0.2	952	20.0	17.0	3.0	1.1	-15.9	17.0	
0.96094	0.2	952	20.0	17.0	3.0	1.1	-15.9	17.0	
0.96484	0.2	952	20.0	17.0	3.0	1.1	-15.9	17.0	
0.96875	0.3	952	20.0	17.0	3.0	1.1	-15.9	17.0	
0.97266	0.3	952	20.0	17.0	3.0	1.1	-15.9	17.0	
0.97656	0.3	952	20.0	17.0	3.0	1.1	-15.9	17.0	
0.98047	0.3	952	20.0	17.0	3.0	1.1	-15.9	17.0	
0.98438	0.3	952	20.0	17.0	3.0	1.1	-15.9	17.0	
0.98828	0.4	952	20.0	17.0	3.0	1.1	-15.9	17.0	
0.99219	0.4	952	20.0	17.0	3.0	1.1	-15.9	17.0	
0.99609	0.4	952	19.9	17.0	2.9	1.1	-15.9	17.0	
1.00000	0.4	952	19.9	17.0	2.9	1.1	-15.9	17.0	
1.00391	0.4	952	19.9	17.0	2.9	1.1	-15.9	17.0	
1.00781	0.3	952	19.9	17.0	2.9	1.1	-15.9	17.0	
1.01172	0.3	952	19.9	17.0	2.9	1.1	-15.9	17.0	
1.01562	0.3	952	19.9	17.0	2.9	1.1	-15.9	17.0	
1.01953	0.2	952	19.9	17.0	2.9	1.1	-15.9	17.0	
1.02344	0.1	952	19.9	17.0	2.9	1.1	-15.9	17.0	
1.02734	0.0	952	19.9	17.0	2.9	1.1	-15.9	17.0	
1.03125	-0.1	952	19.9	17.0	2.9	1.1	-15.9	17.0	
1.03516	-0.1	952	20.0	17.0	3.0	1.1	-15.9	17.0	
1.03906	-0.2	952	20.0	17.0	3.0	1.1	-15.9	17.0	
1.04297	-0.3	952	20.1	17.0	3.1	1.1	-15.9	17.0	
1.04688	-0.4	952	20.1	17.0	3.1	1.1	-15.9	17.0	
1.05078	-0.4	952	20.2	17.0	3.2	1.1	-15.9	17.0	
1.05469	-0.4	952	20.3	17.0	3.3	1.1	-15.9	17.0	
1.05859	-0.4	952	20.3	17.0	3.3	1.1	-15.9	17.0	
1.06250	-0.3	952	20.4	17.0	3.4	1.1	-15.9	17.0	
1.06641	-0.3	952	20.5	17.0	3.5	1.1	-15.9	17.0	
1.07031	-0.2	952	20.5	17.0	3.5	1.1	-15.9	17.0	
1.07422	-0.1	952	20.6	17.0	3.6	1.1	-15.9	17.0	
1.07812	0.0	952	20.6	17.0	3.6	1.1	-15.9	17.0	
1.08203	0.1	952	20.6	17.0	3.6	1.1	-15.9	17.0	
1.08594	0.2	952	20.6	17.0	3.6	1.1	-15.9	17.0	
1.08984	0.3	952	20.6	17.0	3.6	1.1	-15.9	17.0	
1.09375	0.4	952	20.6	17.0	3.6	1.1	-15.9	17.0	
1.09766	0.4	952	20.6	17.0	3.6	1.1	-15.9	17.0	
1.10156	0.5	952	20.5	17.0	3.5	1.1	-15.9	17.0	
1.10547	0.5	952	20.5	17.0	3.5	1.1	-15.9	17.0	
1.10938	0.5	952	20.5	17.0	3.5	1.1	-15.9	17.0	
1.11328	0.5	952	20.4	17.0	3.4	1.1	-15.9	17.0	
1.11719	0.5	952	20.4	17.0	3.4	1.1	-15.9	17.0	
1.12109	0.5	952	20.4	17.0	3.4	1.1	-15.9	17.0	
1.12500	0.5	952	20.3	17.0	3.3	1.1	-15.9	17.0	
1.12891	0.4	952	20.3	17.0	3.3	1.1	-15.9	17.0	
1.13281	0.4	952	20.3	17.0	3.3	1.1	-15.9	17.0	
1.13672	0.3	952	20.2	17.0	3.2	1.1	-15.9	17.0	
1.14062	0.3	952	20.2	17.0	3.2	1.1	-15.9	17.0	
1.14453	0.3	952	20.2	17.0	3.2	1.1	-15.9	17.0	
1.14844	0.2	952	20.2	17.0	3.2	1.1	-15.9	17.0	
1.15234	0.2	953	20.2	17.0	3.2	1.1	-15.9	17.0	
1.15625	0.1	953	20.2	17.0	3.2	1.1	-15.9	17.0	
1.16016	0.1	953	20.2	17.0	3.2	1.1	-15.9	17.0	
1.16406	0.1	953	20.3	17.0	3.3	1.1	-15.9	17.0	
1.16797	0.1	953	20.3	17.0	3.3	1.1	-15.9	17.0	
1.17188	0.2	953	20.3	17.0	3.3	1.1	-15.9	17.0	
1.17578	0.2	953	20.3	17.0	3.3	1.1	-15.9	17.0	
1.17969	0.2	953	20.3	17.0	3.3	1.1	-15.9	17.0	
1.18359	0.2	953	20.3	17.0	3.3	1.1	-15.9	17.0	
1.18750	0.2	953	20.3	17.0	3.3	1.1	-15.9	17.0	
1.19141	0.3	953	20.3	17.0	3.3	1.1	-15.9	17.0	
1.19531	0.3	953	20.3	17.0	3.3	1.1	-15.9	17.0	
1.19922	0.3	953	20.3	17.0	3.3	1.1	-15.9	17.0	
1.20312	0.4	953	20.3	17.0	3.3	1.1	-15.9	17.0	
1.20703	0.4	953	20.3	17.0	3.3	1.1	-15.9	17.0	
1.21094	0.4	953	20.3	17.0	3.3	1.1	-15.9	17.0	
1.21484	0.4	953	20.2	17.0	3.2	1.1	-15.9	17.0	
1.21875	0.4	953	20.2	17.0	3.2	1.1	-15.9	17.0	
1.22266	0.4	953	20.2	17.0	3.2	1.1	-15.9	17.0	
1.22656	0.4	953	20.1	17.0	3.1	1.1	-15.9	17.0	
1.23047	0.4	953	20.1	17.0	3.1	1.1	-15.9	17.0	
1.23438	0.4	953	20.1	17.0	3.1	1.1	-15.9	17.0	
1.23828	0.3	953	20.1	17.0	3.1	1.1	-15.9	17.0	
1.24219	0.3	953	20.0	17.0	3.0	1.1	-15.9	17.0	
1.24609	0.3	953	20.0	17.0	3.0	1.1	-15.9	17.0	
1.25000	0.3	953	20.0	17.1	2.9	1.1	-16.0	17.1	
1.25391	0.2	953	20.0	17.1	2.9	1.1	-16.0	17.1	
1.25781	0.2	953	20.0	17.1	2.9	1.1	-16.0	17.1	
1.26172	0.2	953	20.0	17.1	2.9	1.1	-16.0	17.1	
1.26562	0.2	953	20.0	17.1	2.9	1.1	-16.0	17.1	
1.26953	0.2	953	20.0	17.1	2.9	1.1	-16.0	17.1	
1.27344	0.2	953	20.0	17.1	2.9	1.1	-16.0	17.1	
1.27734	0.2	953	20.0	17.1	2.9	1.1	-16.0	17.1	
1.28125	0.2	953	20.0	17.1	2.9	1.1	-16.0	17.1	
1.28516	0.2	953	20.1	17.1	3.0	1.1	-16.0	17.1	
1.28906	0.2	953	20.1	17.1	3.0	1.1	-16.0	17.1	
1.29297	0.2	953	20.1	17.1	3.0	1.1	-16.0	17.1	
1.29688	0.2	953	20.1	17.1	3.0	1.1	-16.0	17.1	
1.30078	0.2	953	20.1	17.1	3.0	1.1	-16.0	17.1	
1.30469	0.3	953	20.1	17.1	3.0	1.1	-16.0	17.1	
1.30859	0.3	953	20.1	17.1	3.0	1.1	-16.0	17.1	
1.31250	0.3	953	20.1	17.1	3.0	1.1	-16.0	17.1	
1.31641	0.3	953	20.1	17.1	3.0	1.1	-16.0	17.1	
1.32031	0.3	953	20.1	17.1	3.0	1.1	-16.0	17.1	
1.32422	0.3	953	20.0	17.1	2.9	1.1	-16.0	17.1	
1.32812	0.3	953	20.0	17.1	2.9	1.1	-16.0	17.1	
1.33203	0.3	953	20.0	17.1	2.9	1.1	-16.0	17.1	
1.33594	0.3	953	20.0	17.1	2.9	1.1	-16.0	17.1	
1.33984	0.3	953	20.0	17.1	2.9	1.1	-16.0	17.1	
1.34375	0.3	953	20.0	17.1	2.9	1.1	-16.0	17.1	
1.34766	0.2	953	20.0	17.1	2.9	1.1	-16.0	17.1	
1.35156	0.2	953	20.0	17.1	2.9	1.1	-16.0	17.1	
1.35547	0.2	953	20.0	17.1	2.9	1.1	-16.0	17.1	
1.35938	0.2	953	20.0	17.1	2.9	1.1	-16.0	17.1	
1.36328	0.2	953	20.0	17.1	2.9	1.1	-16.0	17.1	
1.36719	0.2	953	20.0	17.1	2.9	1.1	-16.0	17.1	
1.37109	0.2	953	20.0	17.1	2.9	1.1	-16.0	17.1	
1.37500	0.2	953	20.0	17.1	2.9	1.1	-16.0	17.1	
1.37891	0.2	953	20.0	17.1	2.9	1.1	-16.0	17.1	
1.38281	0.2	953	20.0	17.1	2.9	1.1	-16.0	17.1	
1.38672	0.2	953	20.0	17.1	2.9	1.1	-16.0	17.1	
1.39062	0.2	954	20.1	17.1	3.0	1.1	-16.0	17.1	
1.39453	0.2	954	20.1	17.1	3.0	1.1	-16.0	17.1	
1.39844	0.2	954	20.1	17.1	3.0	1.1	-16.0	17.1	
1.40234	0.2	954	20.1	17.1	3.0	1.1	-16.0	17.1	
1.40625	0.2	954	20.1	17.1	3.0	1.1	-16.0	17.1	
1.41016	0.2	954	20.1	17.1	3.0	1.1	-16.0	17.1	
1.41406	0.2	954	20.1	17.1	3.0	1.1	-16.0	17.1	
1.41797	0.2	954	20.2	17.1	3.1	1.1	-16.0	17.1	
1.42188	0.2	954	20.2	17.1	3.1	1.1	-16.0	17.1	
1.42578	0.2	954	20.2	17.1	3.1	1.1	-16.0	17.1	
1.42969	0.2	954	20.2	17.1	3.1	1.1	-16.0	17.1	
1.43359	0.2	954	20.2	17.1	3.1	1.1	-16.0	17.1	
1.43750	0.2	954	20.2	17.1	3.1	1.1	-16.0	17.1	
1.44141	0.2	954	20.2	17.1	3.1	1.1	-16.0	17.1	
1.44531	0.2	954	20.2	17.1	3.1	1.1	-16.0	17.1	
1.44922	0.2	954	20.3	17.1	3.2	1.1	-16.0	17.1	
1.45312	0.2	954	20.3	17.1	3.2	1.1	-16.0	17.1	
1.45703	0.2	954	20.3	17.1	3.2	1.1	-16.0	17.1	
1.46094	0.2	954	20.3	17.1	3.2	1.1	-16.0	17.1	
1.46484	0.2	954	20.3	17.1	3.2	1.1	-16.0	17.1	
1.46875	0.2	954	20.3	17.1	3.2	1.1	-16.0	17.1	
1.47266	0.2	954	20.3	17.1	3.2	1.1	-16.0	17.1	
1.47656	0.2	954	20.3	17.1	3.2	1.1	-16.0	17.1	
1.48047	0.2	954	20.3	17.1	3.2	1.1	-16.0	17.1	
1.48438	0.2	954	20.4	17.2	3.2	1.1	-16.1	17.2	
1.48828	0.1	954	20.4	17.1	3.3	1.1	-16.0	17.1	
1.49219	0.2	954	20.4	17.1	3.3	1.1	-16.0	17.1	
1.49609	0.1	954	20.4	17.1	3.3	1.1	-16.0	17.1	
1.50000	0.1	954	20.4	17.1	3.3	1.1	-16.0	17.1	
1.50391	0.1	954	20.4	17.2	3.2	1.1	-16.1	17.2	
1.50781	0.1	954	20.5	17.2	3.3	1.1	-16.1	17.2	
1.51172	0.1	954	20.5	17.2	3.3	1.1	-16.1	17.2	
1.51562	0.1	954	20.5	17.2	3.3	1.1	-16.1	17.2	
1.51953	0.2	954	20.5	17.2	3.3	1.1	-16.1	17.2	
1.52344	0.2	954	20.6	17.2	3.4	1.1	-16.1	17.2	
1.52734	0.2	954	20.6	17.2	3.4	1.1	-16.1	17.2	
1.53125	0.2	954	20.6	17.2	3.4	1.1	-16.1	17.2	
1.53516	0.2	954	20.6	17.2	3.4	1.1	-16.1	17.2	
1.53906	0.3	954	20.6	17.2	3.4	1.1	-16.1	17.2	
1.54297	0.3	954	20.6	17.2	3.4	1.1	-16.1	17.2	
1.54688	0.3	954	20.6	17.2	3.4	1.1	-16.1	17.2	
1.55078	0.3	954	20.6	17.2	3.4	1.1	-16.1	17.2	
1.55469	0.3	954	20.6	17.2	3.4	1.1	-16.1	17.2	
1.55859	0.3	954	20.6	17.2	3.4	1.1	-16.1	17.2	
1.56250	0.3	954	20.6	17.2	3.4	1.1	-16.1	17.2	
1.56641	0.3	954	20.5	17.2	3.3	1.1	-16.1	17.2	
1.57031	0.3	954	20.5	17.2	3.3	1.1	-16.1	17.2	
1.57422	0.3	954	20.5	17.2	3.3	1.1	-16.1	17.2	
1.57812	0.3	954	20.5	17.2	3.3	1.1	-16.1	17.2	
1.58203	0.3	954	20.5	17.2	3.3	1.1	-16.1	17.2	
1.58594	0.2	954	20.5	17.2	3.3	1.1	-16.1	17.2	
1.58984	0.2	954	20.5	17.2	3.3	1.1	-16.1	17.2	
1.59375	0.2	954	20.5	17.2	3.3	1.1	-16.1	17.2	
1.59766	0.2	954	20.6	17.2	3.4	1.1	-16.1	17.2	
1.60156	0.2	954	20.6	17.2	3.4	1.1	-16.1	17.2	
1.60547	0.2	954	20.6	17.2	3.4	1.1	-16.1	17.2	
1.60938	0.2	954	20.6	17.2	3.4	1.1	-16.1	17.2	
1.61328	0.2	954	20.6	17.2	3.4	1.1	-16.1	17.2	
1.61719	0.2	954	20.6	17.2	3.4	1.1	-16.1	17.2	
1.62109	0.2	954	20.6	17.2	3.4	1.1	-16.1	17.2	
1.62500	0.2	954	20.6	17.3	3.3	1.1	-16.2	17.3	
1.62891	0.2	954	20.6	17.3	3.3	1.1	-16.2	17.3	
1.63281	0.2	954	20.7	17.3	3.4	1.1	-16.2	17.3	
1.63672	0.2	954	20.7	17.3	3.4	1.1	-16.2	17.3	
1.64062	0.2	954	20.7	17.3	3.4	1.1	-16.2	17.3	
1.64453	0.2	954	20.7	17.3	3.4	1.1	-16.2	17.3	
1.64844	0.1	954	20.7	17.3	3.4	1.1	-16.2	17.3	
1.65234	0.1	954	20.8	17.3	3.5	1.1	-16.2	17.3	
1.65625	0.1	954	20.8	17.3	3.5	1.1	-16.2	17.3	
1.66016	0.1	954	20.8	17.3	3.5	1.1	-16.2	17.3	
1.66406	0.2	954	20.8	17.3	3.5	1.1	-16.2	17.3	
1.66797	0.1	954	20.8	17.3	3.5	1.1	-16.2	17.3	
1.67188	0.1	954	20.9	17.3	3.6	1.1	-16.2	17.3	
1.67578	0.2	954	20.9	17.3	3.6	1.1	-16.2	17.3	
1.67969	0.2	954	20.9	17.3	3.6	1.1	-16.2	17.3	
1.68359	0.2	954	20.9	17.3	3.6	1.1	-16.2	17.3	
1.68750	0.2	954	20.9	17.3	3.6	1.1	-16.2	17.3	
1.69141	0.2	954	20.9	17.3	3.6	1.1	-16.2	17.3	
1.69531	0.3	955	20.9	17.3	3.6	1.1	-16.2	17.3	
1.69922	0.2	955	21.0	17.3	3.7	1.1	-16.2	17.3	
1.70312	0.2	955	21.0	17.3	3.7	1.1	-16.2	17.3	
1.70703	0.2	955	21.0	17.3	3.7	1.1	-16.2	17.3	
1.71094	0.2	955	21.0	17.3	3.7	1.1	-16.2	17.3	
1.71484	0.1	955	21.0	17.3	3.7	1.1	-16.2	17.3	
1.71875	0.1	955	21.1	17.3	3.8	1.1	-16.2	17.3	
1.72266	-0.1	955	21.1	17.3	3.8	1.1	-16.2	17.3	
1.72656	-0.2	955	21.1	17.3	3.8	1.1	-16.2	17.3	
1.73047	-0.3	955	21.2	17.3	3.9	1.1	-16.2	17.3	
1.73438	-0.5	955	21.3	17.3	4.0	1.1	-16.2	17.3	
1.73828	-0.6	954	21.4	17.3	4.1	1.1	-16.2	17.3	
1.74219	-0.8	954	21.4	17.3	4.1	1.1	-16.2	17.3	
1.74609	-0.9	954	21.5	17.3	4.2	1.1	-16.2	17.3	
1.75000	-1.1	954	21.6	17.4	4.2	1.1	-16.3	17.4	
1.75391	-1.1	954	21.8	17.4	4.4	1.1	-16.3	17.4	
1.75781	-1.2	954	21.9	17.4	4.5	1.1	-16.3	17.4	
1.76172	-1.2	954	22.0	17.4	4.6	1.1	-16.3	17.4	
1.76562	-1.1	954	22.1	17.4	4.7	1.1	-16.3	17.4	
1.76953	-1.1	954	22.2	17.4	4.8	1.1	-16.3	17.4	
1.77344	-0.9	954	22.3	17.4	4.9	1.1	-16.3	17.4	
1.77734	-0.8	954	22.3	17.4	4.9	1.1	-16.3	17.4	
1.78125	-0.6	954	22.4	17.4	5.0	1.1	-16.3	17.4	
1.78516	-0.4	954	22.5	17.4	5.1	1.1	-16.3	17.4	
1.78906	-0.3	954	22.5	17.4	5.1	1.1	-16.3	17.4	
1.79297	-0.1	954	22.5	17.4	5.1	1.1	-16.3	17.4	
1.79688	0.0	954	22.6	17.5	5.1	1.1	-16.4	17.5	
1.80078	0.2	954	22.6	17.5	5.1	1.1	-16.4	17.5	
1.80469	0.3	954	22.6	17.5	5.1	1.1	-16.4	17.5	
1.80859	0.4	954	22.6	17.5	5.1	1.1	-16.4	17.5	
1.81250	0.4	954	22.6	17.5	5.1	1.1	-16.4	17.5	
1.81641	0.4	954	22.6	17.5	5.1	1.1	-16.4	17.5	
1.82031	0.4	954	22.6	17.5	5.1	1.1	-16.4	17.5	
1.82422	0.4	954	22.6	17.5	5.1	1.1	-16.4	17.5	
1.82812	0.3	954	22.6	17.6	5.0	1.1	-16.5	17.6	
1.83203	0.3	954	22.6	17.6	5.0	1.1	-16.5	17.6	
1.83594	0.3	954	22.6	17.6	5.0	1.1	-16.5	17.6	
1.83984	0.2	954	22.6	17.6	5.0	1.1	-16.5	17.6	
1.84375	0.2	954	22.6	17.6	5.0	1.1	-16.5	17.6	
1.84766	0.2	954	22.6	17.6	5.0	1.1	-16.5	17.6	
1.85156	0.1	954	22.6	17.6	5.0	1.1	-16.5	17.6	
1.85547	0.1	954	22.7	17.6	5.1	1.1	-16.5	17.6	
1.85938	0.0	954	22.7	17.7	5.0	1.1	-16.6	17.7	
1.86328	0.0	954	22.8	17.7	5.1	1.1	-16.6	17.7	
1.86719	-0.0	954	22.8	17.7	5.1	1.1	-16.6	17.7	
1.87109	-0.0	954	22.8	17.7	5.1	1.1	-16.6	17.7	
1.87500	-0.0	954	22.8	17.7	5.1	1.1	-16.6	17.7	
1.87891	-0.0	954	22.9	17.7	5.2	1.1	-16.6	17.7	
1.88281	-0.0	954	22.9	17.7	5.2	1.1	-16.6	17.7	
1.88672	-0.0	954	23.0	17.7	5.3	1.1	-16.6	17.7	
1.89062	-0.0	954	23.0	17.8	5.2	1.1	-16.7	17.8	
1.89453	0.0	954	23.1	17.8	5.3	1.1	-16.7	17.8	
1.89844	0.0	954	23.1	17.8	5.3	1.1	-16.7	17.8	
1.90234	0.1	954	23.1	17.8	5.3	1.1	-16.7	17.8	
1.90625	0.1	954	23.2	17.8	5.4	1.1	-16.7	17.8	
1.91016	0.2	954	23.2	17.8	5.4	1.1	-16.7	17.8	
1.91406	0.1	954	23.2	17.9	5.3	1.1	-16.8	17.9	
1.91797	0.1	954	23.2	17.9	5.3	1.1	-16.8	17.9	
1.92188	0.1	954	23.2	17.9	5.3	1.1	-16.8	17.9	
1.92578	0.2	954	23.3	17.9	5.4	1.1	-16.8	17.9	
1.92969	0.2	954	23.3	17.9	5.4	1.1	-16.8	17.9	
1.93359	0.2	954	23.3	17.9	5.4	1.1	-16.8	17.9	
1.93750	0.1	954	23.3	17.9	5.4	1.1	-16.8	17.9	
1.94141	0.1	954	23.4	18.0	5.4	1.1	-16.9	18.0	
1.94531	0.1	954	23.4	18.0	5.4	1.1	-16.9	18.0	
1.94922	0.1	954	23.4	18.0	5.4	1.1	-16.9	18.0	
1.95312	0.1	954	23.5	18.0	5.5	1.1	-16.9	18.0	
1.95703	0.1	954	23.5	18.0	5.5	1.1	-16.9	18.0	
1.96094	0.1	954	23.5	18.0	5.5	1.1	-16.9	18.0	
1.96484	0.1	954	23.5	18.0	5.5	1.1	-16.9	18.0	
1.96875	0.0	954	23.6	18.1	5.5	1.1	-17.0	18.1	
1.97266	0.1	954	23.6	18.1	5.5	1.1	-17.0	18.1	
1.97656	0.1	954	23.6	18.1	5.5	1.1	-17.0	18.1	
1.98047	0.1	954	23.7	18.1	5.6	1.1	-17.0	18.1	
1.98438	0.1	954	23.7	18.1	5.6	1.1	-17.0	18.1	
1.98828	0.1	954	23.7	18.1	5.6	1.1	-17.0	18.1	
1.99219	0.1	954	23.8	18.2	5.6	1.1	-17.1	18.2	
1.99609	0.1	954	23.8	18.2	5.6	1.1	-17.1	18.2	
2.00000	0.1	954	23.8	18.2	5.6	1.1	-17.1	18.2	
2.00391	0.1	954	23.8	18.2	5.6	1.1	-17.1	18.2	
2.00781	0.1	954	23.9	18.2	5.7	1.1	-17.1	18.2	
2.01172	0.1	954	23.9	18.2	5.7	1.1	-17.1	18.2	
2.01562	0.0	954	23.9	18.3	5.6	1.1	-17.2	18.3	
2.01953	0.0	954	24.0	18.3	5.7	1.1	-17.2	18.3	
2.02344	-0.0	954	24.0	18.3	5.7	1.1	-17.2	18.3	
2.02734	-0.1	954	24.1	18.3	5.8	1.1	-17.2	18.3	
2.03125	-0.1	954	24.1	18.3	5.8	1.1	-17.2	18.3	
2.03516	-0.1	954	24.2	18.3	5.9	1.1	-17.2	18.3	
2.03906	-0.2	954	24.2	18.4	5.8	1.1	-17.3	18.4	
2.04297	-0.2	954	24.3	18.4	5.9	1.1	-17.3	18.4	
2.04688	-0.3	954	24.3	18.4	5.9	1.1	-17.3	18.4	
2.05078	-0.3	954	24.4	18.4	6.0	1.1	-17.3	18.4	
2.05469	-0.3	954	24.4	18.4	6.0	1.1	-17.3	18.4	
2.05859	-0.3	954	24.5	18.4	6.1	1.1	-17.3	18.4	
2.06250	-0.3	954	24.6	18.5	6.1	1.1	-17.4	18.5	
2.06641	-0.3	954	24.6	18.5	6.1	1.1	-17.4	18.5	
2.07031	-0.3	954	24.7	18.5	6.2	1.1	-17.4	18.5	
2.07422	-0.3	954	24.7	18.5	6.2	1.1	-17.4	18.5	
2.07812	-0.3	954	24.8	18.5	6.3	1.1	-17.4	18.5	
2.08203	-0.3	954	24.9	18.6	6.3	1.1	-17.5	18.6	
2.08594	-0.2	954	24.9	18.6	6.3	1.1	-17.5	18.6	
2.08984	-0.2	954	25.0	18.6	6.4	1.1	-17.5	18.6	
2.09375	-0.2	954	25.0	18.6	6.4	1.1	-17.5	18.6	
2.09766	-0.2	954	25.1	18.6	6.5	1.1	-17.5	18.6	
2.10156	-0.2	954	25.1	18.7	6.4	1.1	-17.6	18.7	
2.10547	-0.1	954	25.2	18.7	6.5	1.1	-17.6	18.7	
2.10938	-0.1	954	25.2	18.7	6.5	1.1	-17.6	18.7	
2.11328	-0.1	954	25.3	18.7	6.6	1.1	-17.6	18.7	
2.11719	-0.1	954	25.3	18.7	6.6	1.1	-17.6	18.7	
2.12109	-0.1	954	25.4	18.7	6.7	1.1	-17.6	18.7	
2.12500	-0.1	954	25.4	18.8	6.6	1.1	-17.7	18.8	
2.12891	-0.1	954	25.5	18.8	6.7	1.1	-17.7	18.8	
2.13281	-0.1	954	25.5	18.8	6.7	1.1	-17.7	18.8	
2.13672	-0.1	954	25.6	18.8	6.8	1.1	-17.7	18.8	
2.14062	-0.1	954	25.6	18.9	6.7	1.1	-17.8	18.9	
2.14453	-0.1	954	25.6	18.9	6.7	1.1	-17.8	18.9	
2.14844	-0.1	954	25.7	18.9	6.8	1.1	-17.8	18.9	
2.15234	-0.1	954	25.7	18.9	6.8	1.1	-17.8	18.9	
2.15625	-0.0	954	25.8	18.9	6.9	1.1	-17.8	18.9	
2.16016	-0.0	954	25.8	19.0	6.8	1.1	-17.9	19.0	
2.16406	-0.0	954	25.8	19.0	6.8	1.1	-17.9	19.0	
2.16797	-0.0	954	25.9	19.0	6.9	1.1	-17.9	19.0	
2.17188	0.0	954	25.9	19.0	6.9	1.1	-17.9	19.0	
2.17578	0.0	954	25.9	19.1	6.8	1.1	-18.0	19.1	
2.17969	0.1	954	26.0	19.1	6.9	1.1	-18.0	19.1	
2.18359	0.1	954	26.0	19.1	6.9	1.1	-18.0	19.1	
2.18750	0.1	954	26.0	19.1	6.9	1.1	-18.0	19.1	
2.19141	0.1	954	26.0	19.2	6.8	1.1	-18.1	19.2	
2.19531	0.1	954	26.1	19.2	6.9	1.1	-18.1	19.2	
2.19922	0.2	954	26.1	19.2	6.9	1.1	-18.1	19.2	
2.20312	0.2	954	26.1	19.2	6.9	1.1	-18.1	19.2	
2.20703	0.1	954	26.1	19.2	6.9	1.1	-18.1	19.2	
2.21094	0.1	954	26.1	19.2	6.9	1.1	-18.1	19.2	
2.21484	0.1	954	26.2	19.3	6.9	1.1	-18.2	19.3	
2.21875	0.1	954	26.2	19.3	6.9	1.1	-18.2	19.3	
2.22266	0.1	954	26.2	19.3	6.9	1.1	-18.2	19.3	
2.22656	0.1	954	26.3	19.3	7.0	1.1	-18.2	19.3	
2.23047	0.1	954	26.3	19.4	6.9	1.1	-18.3	19.4	
2.23438	0.1	954	26.3	19.4	6.9	1.1	-18.3	19.4	
2.23828	0.1	954	26.3	19.4	6.9	1.1	-18.3	19.4	
2.24219	0.1	954	26.4	19.4	7.0	1.1	-18.3	19.4	
2.24609	0.1	954	26.4	19.4	7.0	1.1	-18.3	19.4	
2.25000	0.1	954	26.4	19.4	7.0	1.1	-18.3	19.4	
2.25391	0.1	954	26.4	19.5	6.9	1.1	-18.4	19.5	
2.25781	0.1	954	26.4	19.5	6.9	1.1	-18.4	19.5	
2.26172	0.2	954	26.5	19.5	7.0	1.1	-18.4	19.5	
2.26562	0.2	954	26.5	19.5	7.0	1.1	-18.4	19.5	
2.26953	0.2	954	26.5	19.5	7.0	1.1	-18.4	19.5	
2.27344	0.2	954	26.5	19.6	6.9	1.1	-18.5	19.6	
2.27734	0.3	954	26.5	19.6	6.9	1.1	-18.5	19.6	
2.28125	0.2	954	26.5	19.6	6.9	1.1	-18.5	19.6	
2.28516	0.2	954	26.5	19.6	6.9	1.1	-18.5	19.6	
2.28906	0.2	954	26.5	19.7	6.8	1.1	-18.6	19.7	
2.29297	0.2	954	26.5	19.7	6.8	1.1	-18.6	19.7	
2.29688	0.2	954	26.5	19.7	6.8	1.1	-18.6	19.7	
2.30078	0.2	954	26.5	19.7	6.8	1.1	-18.6	19.7	
2.30469	0.2	954	26.5	19.7	6.8	1.1	-18.6	19.7	
2.30859	0.3	954	26.5	19.8	6.7	1.1	-18.7	19.8	
2.31250	0.3	954	26.6	19.8	6.8	1.1	-18.7	19.8	
2.31641	0.2	954	26.6	19.8	6.8	1.1	-18.7	19.8	
2.32031	0.2	954	26.6	19.9	6.7	1.1	-18.8	19.9	
2.32422	0.2	954	26.6	19.9	6.7	1.1	-18.8	19.9	
2.32812	0.2	954	26.6	19.9	6.7	1.1	-18.8	19.9	
2.33203	0.2	954	26.6	19.9	6.7	1.1	-18.8	19.9	
2.33594	0.3	954	26.6	19.9	6.7	1.1	-18.8	19.9	
2.33984	0.2	954	26.6	20.0	6.6	1.1	-18.9	20.0	
2.34375	0.3	954	26.6	20.0	6.6	1.1	-18.9	20.0	
2.34766	0.3	954	26.6	20.0	6.6	1.1	-18.9	20.0	
2.35156	0.3	954	26.6	20.0	6.6	1.1	-18.9	20.0	
2.35547	0.3	954	26.6	20.1	6.5	1.1	-19.0	20.1	
2.35938	0.2	954	26.6	20.1	6.5	1.1	-19.0	20.1	
2.36328	0.2	954	26.6	20.1	6.5	1.1	-19.0	20.1	
2.36719	0.2	954	26.7	20.1	6.6	1.1	-19.0	20.1	
2.37109	0.2	954	26.7	20.1	6.6	1.1	-19.0	20.1	
2.37500	0.2	954	26.7	20.1	6.6	1.1	-19.0	20.1	
2.37891	0.2	954	26.7	20.2	6.5	1.1	-19.1	20.2	
2.38281	0.2	954	26.7	20.2	6.5	1.1	-19.1	20.2	
2.38672	0.2	954	26.7	20.2	6.5	1.1	-19.1	20.2	
2.39062	0.2	954	26.7	20.2	6.5	1.1	-19.1	20.2	
2.39453	0.2	954	26.7	20.2	6.5	1.1	-19.1	20.2	
2.39844	0.3	954	26.7	20.2	6.5	1.1	-19.1	20.2	
2.40234	0.3	955	26.7	20.2	6.5	1.1	-19.1	20.2	
2.40625	0.3	955	26.7	20.3	6.4	1.1	-19.2	20.3	
2.41016	0.3	955	26.7	20.3	6.4	1.1	-19.2	20.3	
2.41406	0.3	955	26.7	20.3	6.4	1.1	-19.2	20.3	
2.41797	0.2	955	26.7	20.3	6.4	1.1	-19.2	20.3	
2.42188	0.2	955	26.7	20.3	6.4	1.1	-19.2	20.3	
2.42578	0.2	955	26.7	20.3	6.4	1.1	-19.2	20.3	
2.42969	0.1	955	26.7	20.4	6.3	1.1	-19.3	20.4	
2.43359	0.1	955	26.8	20.4	6.4	1.1	-19.3	20.4	
2.43750	-0.0	955	26.8	20.4	6.4	1.1	-19.3	20.4	
2.44141	-0.1	955	26.8	20.4	6.4	1.1	-19.3	20.4	
2.44531	-0.1	955	26.9	20.4	6.5	1.1	-19.3	20.4	
2.44922	-0.1	955	26.9	20.4	6.5	1.1	-19.3	20.4	
2.45312	-0.1	955	26.9	20.4	6.5	1.1	-19.3	20.4	
2.45703	-0.0	955	27.0	20.5	6.5	1.1	-19.4	20.5	
2.46094	0.0	955	27.0	20.5	6.5	1.1	-19.4	20.5	
2.46484	0.1	955	27.0	20.5	6.5	1.1	-19.4	20.5	
2.46875	0.2	955	27.0	20.5	6.5	1.1	-19.4	20.5	
2.47266	0.2	955	27.0	20.5	6.5	1.1	-19.4	20.5	
2.47656	0.3	955	27.0	20.6	6.4	1.1	-19.5	20.6	
2.48047	0.4	955	27.0	20.6	6.4	1.1	-19.5	20.6	
2.48438	0.5	955	27.0	20.6	6.4	1.1	-19.5	20.6	
2.48828	0.6	955	27.0	20.6	6.4	1.1	-19.5	20.6	
2.49219	0.7	955	26.9	20.6	6.3	1.1	-19.5	20.6	
2.49609	0.7	955	26.8	20.6	6.2	1.1	-19.5	20.6	
2.50000	0.7	955	26.8	20.7	6.1	1.1	-19.6	20.7	
2.50391	0.8	955	26.7	20.7	6.0	1.1	-19.6	20.7	
2.50781	0.8	955	26.7	20.7	6.0	1.1	-19.6	20.7	
2.51172	0.8	955	26.6	20.7	5.9	1.1	-19.6	20.7	
2.51562	0.8	955	26.5	20.7	5.8	1.1	-19.6	20.7	
2.51953	0.8	955	26.5	20.7	5.8	1.1	-19.6	20.7	
2.52344	0.7	955	26.4	20.7	5.7	1.1	-19.6	20.7	
2.52734	0.7	955	26.3	20.8	5.5	1.1	-19.7	20.8	
2.53125	0.7	955	26.3	20.8	5.5	1.1	-19.7	20.8	
2.53516	0.6	955	26.2	20.8	5.4	1.1	-19.7	20.8	
2.53906	0.6	955	26.2	20.8	5.4	1.1	-19.7	20.8	
2.54297	0.6	955	26.1	20.8	5.3	1.1	-19.7	20.8	
2.54688	0.5	955	26.1	20.8	5.3	1.1	-19.7	20.8	
2.55078	0.5	955	26.0	20.8	5.2	1.1	-19.7	20.8	
2.55469	0.5	955	26.0	20.9	5.1	1.1	-19.8	20.9	
2.55859	0.4	956	26.0	20.9	5.1	1.1	-19.8	20.9	
2.56250	0.4	956	25.9	20.9	5.0	1.1	-19.8	20.9	
2.56641	0.4	956	25.9	20.9	5.0	1.1	-19.8	20.9	
2.57031	0.4	956	25.9	20.9	5.0	1.1	-19.8	20.9	
2.57422	0.4	956	25.8	20.9	4.9	1.1	-19.8	20.9	
2.57812	0.4	956	25.8	20.9	4.9	1.1	-19.8	20.9	
2.58203	0.5	956	25.8	20.9	4.9	1.1	-19.8	20.9	
2.58594	0.5	956	25.7	21.0	4.7	1.1	-19.9	21.0	
2.58984	0.6	956	25.7	21.0	4.7	1.1	-19.9	21.0	
2.59375	0.7	956	25.6	21.0	4.6	1.1	-19.9	21.0	
2.59766	0.9	956	25.5	21.0	4.5	1.1	-19.9	21.0	
2.60156	1.1	956	25.5	21.0	4.5	1.1	-19.9	21.0	
2.60547	1.3	956	25.4	21.0	4.4	1.1	-19.9	21.0	
2.60938	1.4	956	25.3	21.0	4.3	1.1	-19.9	21.0	
2.61328	1.7	956	25.2	21.0	4.2	1.1	-19.9	21.0	
2.61719	1.9	956	25.0	21.0	4.0	1.1	-19.9	21.0	
2.62109	2.1	956	24.9	21.0	3.9	1.1	-19.9	21.0	
2.62500	2.4	957	24.8	21.0	3.8	1.1	-19.9	21.0	
2.62891	2.6	957	24.6	21.0	3.6	1.1	-19.9	21.0	
2.63281	2.8	957	24.4	21.0	3.4	1.1	-19.9	21.0	
2.63672	2.9	957	24.3	21.0	3.3	1.1	-19.9	21.0	
2.64062	3.0	957	24.1	21.0	3.1	1.1	-19.9	21.0	
2.64453	3.1	958	24.0	21.0	3.0	1.1	-19.9	21.0	
2.64844	3.1	958	23.8	21.0	2.8	1.1	-19.9	21.0	
2.65234	3.1	958	23.7	21.0	2.7	1.1	-19.9	21.0	
2.65625	3.0	958	23.5	21.0	2.5	1.1	-19.9	21.0	
2.66016	2.9	958	23.4	21.0	2.4	1.1	-19.9	21.0	
2.66406	2.8	959	23.2	21.0	2.2	1.1	-19.9	21.0	
2.66797	2.6	959	23.1	21.0	2.1	1.1	-19.9	21.0	
2.67188	2.5	959	23.0	21.0	2.0	1.1	-19.9	21.0	
2.67578	2.3	959	22.9	21.0	1.9	1.1	-19.9	21.0	
2.67969	2.1	959	22.8	21.0	1.8	1.1	-19.9	21.0	
2.68359	1.9	959	22.7	21.0	1.7	1.1	-19.9	21.0	
2.68750	1.8	959	22.6	21.0	1.6	1.1	-19.9	21.0	
2.69141	1.7	960	22.5	20.9	1.6	1.1	-19.8	20.9	
2.69531	1.5	960	22.4	20.9	1.5	1.1	-19.8	20.9	
2.69922	1.4	960	22.4	20.9	1.5	1.1	-19.8	20.9	
2.70312	1.3	960	22.3	20.9	1.4	1.1	-19.8	20.9	
2.70703	1.2	960	22.2	20.9	1.3	1.1	-19.8	20.9	
2.71094	1.1	960	22.2	20.9	1.3	1.1	-19.8	20.9	
2.71484	1.0	960	22.1	20.9	1.2	1.1	-19.8	20.9	
2.71875	0.9	960	22.1	20.9	1.2	1.1	-19.8	20.9	
2.72266	0.8	960	22.0	20.8	1.2	1.1	-19.7	20.8	
2.72656	0.8	960	22.0	20.8	1.2	1.1	-19.7	20.8	
2.73047	0.7	960	21.9	20.8	1.1	1.1	-19.7	20.8	
2.73438	0.7	960	21.9	20.8	1.1	1.1	-19.7	20.8	
2.73828	0.6	960	21.8	20.8	1.0	1.1	-19.7	20.8	
2.74219	0.6	960	21.8	20.8	1.0	1.1	-19.7	20.8	
2.74609	0.6	960	21.7	20.8	0.9	1.1	-19.7	20.8	
2.75000	0.6	960	21.7	20.8	0.9	1.1	-19.7	20.8	
2.75391	0.6	960	21.6	20.8	0.8	1.1	-19.7	20.8	
2.75781	0.6	960	21.6	20.7	0.9	1.1	-19.6	20.7	
2.76172	0.6	961	21.6	20.7	0.9	1.1	-19.6	20.7	
2.76562	0.6	961	21.5	20.7	0.8	1.1	-19.6	20.7	
2.76953	0.6	961	21.5	20.7	0.8	1.1	-19.6	20.7	
2.77344	0.6	961	21.4	20.7	0.7	1.1	-19.6	20.7	
2.77734	0.6	961	21.4	20.7	0.7	1.1	-19.6	20.7	
2.78125	0.6	961	21.4	20.7	0.7	1.1	-19.6	20.7	
2.78516	0.6	961	21.3	20.7	0.6	1.1	-19.6	20.7	
2.78906	0.6	961	21.3	20.6	0.7	1.1	-19.5	20.6	
2.79297	0.5	961	21.3	20.6	0.7	1.1	-19.5	20.6	
2.79688	0.5	961	21.2	20.6	0.6	1.1	-19.5	20.6	
2.80078	0.5	961	21.2	20.6	0.6	1.1	-19.5	20.6	
2.80469	0.5	961	21.2	20.6	0.6	1.1	-19.5	20.6	
2.80859	0.4	961	21.1	20.6	0.5	1.1	-19.5	20.6	
2.81250	0.4	961	21.1	20.6	0.5	1.1	-19.5	20.6	
2.81641	0.4	961	21.1	20.5	0.6	1.1	-19.4	20.5	
2.82031	0.4	961	21.1	20.5	0.6	1.1	-19.4	20.5	
2.82422	0.4	961	21.0	20.5	0.5	1.1	-19.4	20.5	
2.82812	0.4	961	21.0	20.5	0.5	1.1	-19.4	20.5	
2.83203	0.4	961	21.0	20.5	0.5	1.1	-19.4	20.5	
2.83594	0.4	961	21.0	20.5	0.5	1.1	-19.4	20.5	
2.83984	0.4	961	21.0	20.5	0.5	1.1	-19.4	20.5	
2.84375	0.4	961	20.9	20.4	0.5	1.1	-19.3	20.4	
2.84766	0.4	961	20.9	20.4	0.5	1.1	-19.3	20.4	
2.85156	0.5	961	20.9	20.4	0.5	1.1	-19.3	20.4	
2.85547	0.5	961	20.9	20.4	0.5	1.1	-19.3	20.4	
2.85938	0.5	961	20.8	20.4	0.4	1.1	-19.3	20.4	
2.86328	0.5	961	20.8	20.4	0.4	1.1	-19.3	20.4	
2.86719	0.5	961	20.8	20.3	0.5	1.1	-19.2	20.3	
2.87109	0.5	961	20.7	20.3	0.4	1.1	-19.2	20.3	
2.87500	0.6	961	20.7	20.3	0.4	1.1	-19.2	20.3	
2.87891	0.6	961	20.6	20.3	0.3	1.1	-19.2	20.3	
2.88281	0.5	962	20.6	20.3	0.3	1.1	-19.2	20.3	
2.88672	0.5	962	20.6	20.3	0.3	1.1	-19.2	20.3	
2.89062	0.5	962	20.6	20.2	0.4	1.1	-19.1	20.2	
2.89453	0.5	962	20.5	20.2	0.3	1.1	-19.1	20.2	
2.89844	0.5	962	20.5	20.2	0.3	1.1	-19.1	20.2	
2.90234	0.5	962	20.5	20.2	0.3	1.1	-19.1	20.2	
2.90625	0.4	962	20.4	20.2	0.2	1.1	-19.1	20.2	
2.91016	0.4	962	20.4	20.2	0.2	1.1	-19.1	20.2	
2.91406	0.4	962	20.4	20.1	0.3	1.1	-19.0	20.1	
2.91797	0.4	962	20.4	20.1	0.3	1.1	-19.0	20.1	
2.92188	0.3	962	20.4	20.1	0.3	1.1	-19.0	20.1	
2.92578	0.3	962	20.3	20.1	0.2	1.1	-19.0	20.1	
2.92969	0.3	962	20.3	20.1	0.2	1.1	-19.0	20.1	
2.93359	0.3	962	20.3	20.1	0.2	1.1	-19.0	20.1	
2.93750	0.4	962	20.3	20.0	0.3	1.1	-18.9	20.0	
2.94141	0.4	962	20.2	20.0	0.2	1.1	-18.9	20.0	
2.94531	0.3	962	20.2	20.0	0.2	1.1	-18.9	20.0	
2.94922	0.4	962	20.2	20.0	0.2	1.1	-18.9	20.0	
2.95312	0.4	962	20.2	20.0	0.2	1.1	-18.9	20.0	
2.95703	0.4	962	20.2	20.0	0.2	1.1	-18.9	20.0	
2.96094	0.4	962	20.2	19.9	0.3	1.1	-18.8	19.9	
2.96484	0.4	962	20.1	19.9	0.2	1.1	-18.8	19.9	
2.96875	0.4	962	20.1	19.9	0.2	1.1	-18.8	19.9	
2.97266	0.4	962	20.1	19.9	0.2	1.1	-18.8	19.9	
2.97656	0.4	962	20.0	19.9	0.1	1.1	-18.8	19.9	
2.98047	0.4	962	20.0	19.8	0.2	1.1	-18.7	19.8	
2.98438	0.4	962	20.0	19.8	0.2	1.1	-18.7	19.8	
2.98828	0.4	962	20.0	19.8	0.2	1.1	-18.7	19.8	
2.99219	0.4	962	20.0	19.8	0.2	1.1	-18.7	19.8	
2.99609	0.4	962	19.9	19.8	0.1	1.1	-18.7	19.8	
3.00000	0.3	962	19.9	19.8	0.1	1.1	-18.7	19.8	
3.00391	0.3	962	19.9	19.8	0.1	1.1	-18.7	19.8	
3.00781	0.3	962	19.9	19.7	0.2	1.1	-18.6	19.7	
3.01172	0.3	962	19.9	19.7	0.2	1.1	-18.6	19.7	
3.01562	0.3	962	19.9	19.7	0.2	1.1	-18.6	19.7	
3.01953	0.2	962	19.9	19.7	0.2	1.1	-18.6	19.7	
3.02344	0.2	962	19.9	19.7	0.2	1.1	-18.6	19.7	
3.02734	0.2	962	19.9	19.7	0.2	1.1	-18.6	19.7	
3.03125	0.2	962	19.9	19.7	0.2	1.1	-18.6	19.7	
3.03516	0.2	962	19.9	19.7	0.2	1.1	-18.6	19.7	
3.03906	0.2	962	19.9	19.6	0.3	1.1	-18.5	19.6	
3.04297	0.2	962	19.9	19.6	0.3	1.1	-18.5	19.6	
3.04688	0.2	962	19.9	19.6	0.3	1.1	-18.5	19.6	
3.05078	0.3	962	19.9	19.6	0.3	1.1	-18.5	19.6	
3.05469	0.3	963	19.9	19.6	0.3	1.1	-18.5	19.6	
3.05859	0.3	963	19.9	19.6	0.3	1.1	-18.5	19.6	
3.06250	0.3	963	19.9	19.6	0.3	1.1	-18.5	19.6	
3.06641	0.3	963	19.9	19.5	0.4	1.1	-18.4	19.5	
3.07031	0.4	963	19.9	19.5	0.4	1.1	-18.4	19.5	
3.07422	0.4	963	19.9	19.5	0.4	1.1	-18.4	19.5	
3.07812	0.4	963	19.9	19.5	0.4	1.1	-18.4	19.5	
3.08203	0.4	963	19.9	19.5	0.4	1.1	-18.4	19.5	
3.08594	0.5	963	19.8	19.4	0.4	1.1	-18.3	19.4	
3.08984	0.5	963	19.8	19.4	0.4	1.1	-18.3	19.4	
3.09375	0.5	963	19.7	19.4	0.3	1.1	-18.3	19.4	
3.09766	0.5	963	19.7	19.4	0.3	1.1	-18.3	19.4	
3.10156	0.5	963	19.7	19.4	0.3	1.1	-18.3	19.4	
3.10547	0.4	963	19.7	19.4	0.3	1.1	-18.3	19.4	
3.10938	0.4	963	19.6	19.3	0.3	1.1	-18.2	19.3	
3.11328	0.4	963	19.6	19.3	0.3	1.1	-18.2	19.3	
3.11719	0.4	963	19.6	19.3	0.3	1.1	-18.2	19.3	
3.12109	0.3	963	19.6	19.3	0.3	1.1	-18.2	19.3	
3.12500	0.2	963	19.6	19.2	0.4	1.1	-18.1	19.2	
3.12891	0.2	963	19.6	19.2	0.4	1.1	-18.1	19.2	
3.13281	0.0	963	19.6	19.2	0.4	1.1	-18.1	19.2	
3.13672	0.0	963	19.7	19.2	0.5	1.1	-18.1	19.2	
3.14062	-0.1	963	19.7	19.2	0.5	1.1	-18.1	19.2	
3.14453	-0.2	963	19.8	19.2	0.6	1.1	-18.1	19.2	
3.14844	-0.2	963	19.8	19.2	0.6	1.1	-18.1	19.2	
3.15234	-0.2	963	19.9	19.1	0.8	1.1	-18.0	19.1	
3.15625	-0.3	963	19.9	19.1	0.8	1.1	-18.0	19.1	
3.16016	-0.2	963	20.0	19.1	0.9	1.1	-18.0	19.1	
3.16406	-0.2	963	20.1	19.1	1.0	1.1	-18.0	19.1	
3.16797	-0.2	963	20.1	19.1	1.0	1.1	-18.0	19.1	
3.17188	-0.1	963	20.2	19.0	1.2	1.1	-17.9	19.0	
3.17578	-0.0	963	20.2	19.0	1.2	1.1	-17.9	19.0	
3.17969	0.1	963	20.3	19.0	1.3	1.1	-17.9	19.0	
3.18359	0.1	963	20.3	19.0	1.3	1.1	-17.9	19.0	
3.18750	0.2	963	20.3	19.0	1.3	1.1	-17.9	19.0	
3.19141	0.3	963	20.3	19.0	1.3	1.1	-17.9	19.0	
3.19531	0.3	963	20.3	19.0	1.3	1.1	-17.9	19.0	
3.19922	0.4	963	20.3	19.0	1.3	1.1	-17.9	19.0	
3.20312	0.4	963	20.3	18.9	1.4	1.1	-17.8	18.9	
3.20703	0.5	963	20.2	18.9	1.3	1.1	-17.8	18.9	
3.21094	0.5	963	20.2	18.9	1.3	1.1	-17.8	18.9	
3.21484	0.5	963	20.2	18.9	1.3	1.1	-17.8	18.9	
3.21875	0.5	963	20.2	18.9	1.3	1.1	-17.8	18.9	
3.22266	0.5	963	20.1	18.9	1.2	1.1	-17.8	18.9	
3.22656	0.4	963	20.1	18.9	1.2	1.1	-17.8	18.9	
3.23047	0.4	963	20.1	18.9	1.2	1.1	-17.8	18.9	
3.23438	0.4	963	20.1	18.9	1.2	1.1	-17.8	18.9	
3.23828	0.4	963	20.0	18.8	1.2	1.1	-17.7	18.8	
3.24219	0.3	963	20.0	18.8	1.2	1.1	-17.7	18.8	
3.24609	0.2	963	20.0	18.8	1.2	1.1	-17.7	18.8	
3.25000	0.2	963	20.0	18.8	1.2	1.1	-17.7	18.8	
3.25391	0.2	963	20.0	18.8	1.2	1.1	-17.7	18.8	
3.25781	0.2	963	20.0	18.8	1.2	1.1	-17.7	18.8	
3.26172	0.2	963	20.0	18.8	1.2	1.1	-17.7	18.8	
3.26562	0.2	963	20.0	18.7	1.3	1.1	-17.6	18.7	
3.26953	0.2	963	20.1	18.7	1.4	1.1	-17.6	18.7	
3.27344	0.2	963	20.1	18.7	1.4	1.1	-17.6	18.7	
3.27734	0.2	963	20.1	18.7	1.4	1.1	-17.6	18.7	
3.28125	0.2	963	20.1	18.7	1.4	1.1	-17.6	18.7	
3.28516	0.2	963	20.1	18.7	1.4	1.1	-17.6	18.7	
3.28906	0.3	963	20.1	18.7	1.4	1.1	-17.6	18.7	
3.29297	0.3	963	20.1	18.7	1.4	1.1	-17.6	18.7	
3.29688	0.3	963	20.1	18.7	1.4	1.1	-17.6	18.7	
3.30078	0.4	964	20.1	18.6	1.5	1.1	-17.5	18.6	
3.30469	0.4	964	20.1	18.6	1.5	1.1	-17.5	18.6	
3.30859	0.4	964	20.1	18.6	1.5	1.1	-17.5	18.6	
3.31250	0.4	964	20.0	18.6	1.4	1.1	-17.5	18.6	
3.31641	0.4	964	20.0	18.6	1.4	1.1	-17.5	18.6	
3.32031	0.5	964	20.0	18.6	1.4	1.1	-17.5	18.6	
3.32422	0.4	964	20.0	18.6	1.4	1.1	-17.5	18.6	
3.32812	0.4	964	19.9	18.6	1.3	1.1	-17.5	18.6	
3.33203	0.4	964	19.9	18.6	1.3	1.1	-17.5	18.6	
3.33594	0.4	964	19.9	18.6	1.3	1.1	-17.5	18.6	
3.33984	0.4	964	19.9	18.6	1.3	1.1	-17.5	18.6	
3.34375	0.3	964	19.8	18.6	1.2	1.1	-17.5	18.6	
3.34766	0.3	964	19.8	18.5	1.3	1.1	-17.4	18.5	
3.35156	0.3	964	19.8	18.5	1.3	1.1	-17.4	18.5	
3.35547	0.3	964	19.8	18.5	1.3	1.1	-17.4	18.5	
3.35938	0.2	964	19.8	18.5	1.3	1.1	-17.4	18.5	
3.36328	0.2	964	19.8	18.5	1.3	1.1	-17.4	18.5	
3.36719	0.2	964	19.8	18.5	1.3	1.1	-17.4	18.5	
3.37109	0.2	964	19.8	18.5	1.3	1.1	-17.4	18.5	
3.37500	0.2	964	19.8	18.5	1.3	1.1	-17.4	18.5	
3.37891	0.2	964	19.8	18.5	1.3	1.1	-17.4	18.5	
3.38281	0.2	964	19.8	18.5	1.3	1.1	-17.4	18.5	
3.38672	0.3	964	19.9	18.5	1.4	1.1	-17.4	18.5	
3.39062	0.2	964	19.8	18.4	1.4	1.1	-17.3	18.4	
3.39453	0.2	964	19.8	18.4	1.4	1.1	-17.3	18.4	
3.39844	0.3	964	19.9	18.4	1.5	1.1	-17.3	18.4	
3.40234	0.3	964	19.9	18.4	1.5	1.1	-17.3	18.4	
3.40625	0.3	964	19.8	18.4	1.4	1.1	-17.3	18.4	
3.41016	0.3	964	19.8	18.4	1.4	1.1	-17.3	18.4	
3.41406	0.3	964	19.8	18.4	1.4	1.1	-17.3	18.4	
3.41797	0.3	964	19.8	18.4	1.4	1.1	-17.3	18.4	
3.42188	0.3	964	19.8	18.4	1.4	1.1	-17.3	18.4	
3.42578	0.3	964	19.8	18.4	1.4	1.1	-17.3	18.4	
3.42969	0.3	964	19.8	18.3	1.5	1.1	-17.2	18.3	
3.43359	0.3	964	19.8	18.3	1.5	1.1	-17.2	18.3	
3.43750	0.3	964	19.8	18.3	1.5	1.1	-17.2	18.3	
3.44141	0.3	964	19.8	18.3	1.5	1.1	-17.2	18.3	
3.44531	0.3	964	19.8	18.3	1.5	1.1	-17.2	18.3	
3.44922	0.3	964	19.8	18.3	1.5	1.1	-17.2	18.3	
3.45312	0.3	964	19.8	18.3	1.5	1.1	-17.2	18.3	
3.45703	0.2	964	19.8	18.3	1.5	1.1	-17.2	18.3	
3.46094	0.2	964	19.8	18.3	1.5	1.1	-17.2	18.3	
3.46484	0.2	964	19.8	18.3	1.5	1.1	-17.2	18.3	
3.46875	0.3	964	19.8	18.3	1.5	1.1	-17.2	18.3	
3.47266	0.2	964	19.8	18.3	1.5	1.1	-17.2	18.3	
3.47656	0.2	964	19.8	18.2	1.6	1.1	-17.1	18.2	
3.48047	0.2	964	19.8	18.2	1.6	1.1	-17.1	18.2	
3.48438	0.2	964	19.8	18.2	1.6	1.1	-17.1	18.2	
3.48828	0.2	964	19.8	18.2	1.6	1.1	-17.1	18.2	
3.49219	0.2	964	19.8	18.2	1.6	1.1	-17.1	18.2	
3.49609	0.2	964	19.8	18.2	1.6	1.1	-17.1	18.2	
3.50000	0.2	964	19.9	18.2	1.7	1.1	-17.1	18.2	
3.50391	0.2	964	19.9	18.2	1.7	1.1	-17.1	18.2	
3.50781	0.2	964	19.9	18.2	1.7	1.1	-17.1	18.2	
3.51172	0.2	964	19.9	18.2	1.7	1.1	-17.1	18.2	
3.51562	0.2	964	19.9	18.2	1.7	1.1	-17.1	18.2	
3.51953	0.2	965	19.9	18.2	1.7	1.1	-17.1	18.2	
3.52344	0.2	965	19.9	18.2	1.7	1.1	-17.1	18.2	
3.52734	0.2	965	19.9	18.2	1.7	1.1	-17.1	18.2	
3.53125	0.2	965	20.0	18.1	1.9	1.1	-17.0	18.1	
3.53516	0.2	965	20.0	18.1	1.9	1.1	-17.0	18.1	
3.53906	0.3	965	20.0	18.1	1.9	1.1	-17.0	18.1	
3.54297	0.2	965	20.0	18.1	1.9	1.1	-17.0	18.1	
3.54688	0.2	965	20.0	18.1	1.9	1.1	-17.0	18.1	
3.55078	0.2	965	20.0	18.1	1.9	1.1	-17.0	18.1	
3.55469	0.3	965	20.0	18.1	1.9	1.1	-17.0	18.1	
3.55859	0.3	965	20.0	18.1	1.9	1.1	-17.0	18.1	
3.56250	0.3	965	20.0	18.1	1.9	1.1	-17.0	18.1	
3.56641	0.2	965	20.0	18.1	1.9	1.1	-17.0	18.1	
3.57031	0.2	965	20.0	18.1	1.9	1.1	-17.0	18.1	
3.57422	0.3	965	20.0	18.1	1.9	1.1	-17.0	18.1	
3.57812	0.2	965	20.1	18.1	2.0	1.1	-17.0	18.1	
3.58203	0.2	965	20.1	18.1	2.0	1.1	-17.0	18.1	
3.58594	0.2	965	20.1	18.1	2.0	1.1	-17.0	18.1	
3.58984	0.2	965	20.1	18.1	2.0	1.1	-17.0	18.1	
3.59375	0.3	965	20.1	18.1	2.0	1.1	-17.0	18.1	
3.59766	0.2	965	20.1	18.0	2.1	1.1	-16.9	18.0	
3.60156	0.2	965	20.1	18.1	2.0	1.1	-17.0	18.1	
3.60547	0.2	965	20.1	18.0	2.1	1.1	-16.9	18.0	
3.60938	0.2	965	20.1	18.0	2.1	1.1	-16.9	18.0	
3.61328	0.2	965	20.1	18.0	2.1	1.1	-16.9	18.0	
3.61719	0.2	965	20.1	18.0	2.1	1.1	-16.9	18.0	
3.62109	0.3	965	20.1	18.0	2.1	1.1	-16.9	18.0	
3.62500	0.2	965	20.1	18.0	2.1	1.1	-16.9	18.0	
3.62891	0.3	965	20.1	18.0	2.1	1.1	-16.9	18.0	
3.63281	0.3	965	20.1	18.0	2.1	1.1	-16.9	18.0	
3.63672	0.3	965	20.1	18.0	2.1	1.1	-16.9	18.0	
3.64062	0.3	965	20.1	18.0	2.1	1.1	-16.9	18.0	
3.64453	0.3	965	20.1	18.0	2.1	1.1	-16.9	18.0	
3.64844	0.3	965	20.1	18.0	2.1	1.1	-16.9	18.0	
3.65234	0.3	965	20.1	18.0	2.1	1.1	-16.9	18.0	
3.65625	0.3	965	20.1	18.0	2.1	1.1	-16.9	18.0	
3.66016	0.2	965	20.1	18.0	2.1	1.1	-16.9	18.0	
3.66406	0.3	965	20.1	18.0	2.1	1.1	-16.9	18.0	
3.66797	0.3	965	20.1	17.9	2.2	1.1	-16.8	17.9	
3.67188	0.3	965	20.1	17.9	2.2	1.1	-16.8	17.9	
3.67578	0.2	965	20.1	17.9	2.2	1.1	-16.8	17.9	
3.67969	0.2	965	20.1	17.9	2.2	1.1	-16.8	17.9	
3.68359	0.3	965	20.1	17.9	2.2	1.1	-16.8	17.9	
3.68750	0.3	965	20.1	17.9	2.2	1.1	-16.8	17.9	
3.69141	0.3	965	20.1	17.9	2.2	1.1	-16.8	17.9	
3.69531	0.3	965	20.1	17.9	2.2	1.1	-16.8	17.9	
3.69922	0.2	965	20.1	17.9	2.2	1.1	-16.8	17.9	
3.70312	0.2	965	20.1	17.9	2.2	1.1	-16.8	17.9	
3.70703	0.2	965	20.1	17.9	2.2	1.1	-16.8	17.9	
3.71094	0.2	965	20.1	17.9	2.2	1.1	-16.8	17.9	
3.71484	0.2	965	20.1	17.9	2.2	1.1	-16.8	17.9	
3.71875	0.2	965	20.1	17.9	2.2	1.1	-16.8	17.9	
3.72266	0.2	965	20.1	17.9	2.2	1.1	-16.8	17.9	
3.72656	0.2	965	20.1	17.9	2.2	1.1	-16.8	17.9	
3.73047	0.2	965	20.1	17.9	2.2	1.1	-16.8	17.9	
3.73438	0.2	965	20.1	17.9	2.2	1.1	-16.8	17.9	
3.73828	0.2	965	20.1	17.9	2.2	1.1	-16.8	17.9	
3.74219	0.2	965	20.2	17.9	2.3	1.1	-16.8	17.9	
3.74609	0.2	965	20.2	17.9	2.3	1.1	-16.8	17.9	
3.75000	0.2	965	20.2	17.9	2.3	1.1	-16.8	17.9	
3.75391	0.2	965	20.2	17.9	2.3	1.1	-16.8	17.9	
3.75781	0.2	965	20.2	17.9	2.3	1.1	-16.8	17.9	
3.76172	0.2	965	20.2	17.9	2.3	1.1	-16.8	17.9	
3.76562	0.3	965	20.2	17.9	2.3	1.1	-16.8	17.9	
3.76953	0.3	966	20.2	17.9	2.3	1.1	-16.8	17.9	
3.77344	0.3	966	20.2	17.9	2.3	1.1	-16.8	17.9	
3.77734	0.3	966	20.2	17.9	2.3	1.1	-16.8	17.9	
3.78125	0.3	966	20.2	17.8	2.4	1.1	-16.7	17.8	
3.78516	0.4	966	20.2	17.8	2.4	1.1	-16.7	17.8	
3.78906	0.4	966	20.2	17.8	2.4	1.1	-16.7	17.8	
3.79297	0.4	966	20.2	17.8	2.4	1.1	-16.7	17.8	
3.79688	0.4	966	20.1	17.8	2.3	1.1	-16.7	17.8	
3.80078	0.4	966	20.1	17.8	2.3	1.1	-16.7	17.8	
3.80469	0.4	966	20.1	17.8	2.3	1.1	-16.7	17.8	
3.80859	0.4	966	20.1	17.8	2.3	1.1	-16.7	17.8	
3.81250	0.3	966	20.0	17.8	2.2	1.1	-16.7	17.8	
3.81641	0.3	966	20.0	17.8	2.2	1.1	-16.7	17.8	
3.82031	0.3	966	20.0	17.8	2.2	1.1	-16.7	17.8	
3.82422	0.2	966	20.0	17.7	2.3	1.1	-16.6	17.7	
3.82812	0.1	966	20.1	17.7	2.4	1.1	-16.6	17.7	
3.83203	0.0	966	20.1	17.7	2.4	1.1	-16.6	17.7	
3.83594	-0.1	966	20.1	17.7	2.4	1.2	-16.5	17.7	
3.83984	-0.1	966	20.2	17.7	2.5	1.2	-16.5	17.7	
3.84375	-0.2	966	20.2	17.7	2.5	1.2	-16.5	17.7	
3.84766	-0.3	966	20.3	17.7	2.6	1.2	-16.5	17.7	
3.85156	-0.4	966	20.3	17.7	2.6	1.2	-16.5	17.7	
3.85547	-0.4	966	20.4	17.7	2.7	1.2	-16.5	17.7	
3.85938	-0.4	966	20.5	17.7	2.8	1.2	-16.5	17.7	
3.86328	-0.3	966	20.5	17.7	2.8	1.2	-16.5	17.7	
3.86719	-0.2	966	20.6	17.7	2.9	1.2	-16.5	17.7	
3.87109	-0.1	966	20.6	17.7	2.9	1.2	-16.5	17.7	
3.87500	-0.1	966	20.7	17.7	3.0	1.2	-16.5	17.7	
3.87891	0.0	966	20.7	17.6	3.1	1.2	-16.4	17.6	
3.88281	0.1	966	20.7	17.6	3.1	1.2	-16.4	17.6	
3.88672	0.2	966	20.7	17.6	3.1	1.2	-16.4	17.6	
3.89062	0.3	966	20.7	17.6	3.1	1.2	-16.4	17.6	
3.89453	0.4	966	20.7	17.6	3.1	1.2	-16.4	17.6	
3.89844	0.5	966	20.7	17.6	3.1	1.2	-16.4	17.6	
3.90234	0.5	966	20.7	17.6	3.1	1.2	-16.4	17.6	
3.90625	0.5	966	20.7	17.6	3.1	1.2	-16.4	17.6	
3.91016	0.5	966	20.6	17.6	3.0	1.2	-16.4	17.6	
3.91406	0.6	966	20.6	17.6	3.0	1.2	-16.4	17.6	
3.91797	0.5	966	20.5	17.6	2.9	1.2	-16.4	17.6	
3.92188	0.5	966	20.5	17.6	2.9	1.2	-16.4	17.6	
3.92578	0.5	966	20.5	17.6	2.9	1.2	-16.4	17.6	
3.92969	0.4	966	20.4	17.6	2.8	1.2	-16.4	17.6	
3.93359	0.4	966	20.4	17.6	2.8	1.2	-16.4	17.6	
3.93750	0.3	966	20.4	17.6	2.8	1.2	-16.4	17.6	
3.94141	0.3	966	20.4	17.6	2.8	1.2	-16.4	17.6	
3.94531	0.2	966	20.4	17.6	2.8	1.2	-16.4	17.6	
3.94922	0.2	966	20.4	17.6	2.8	1.2	-16.4	17.6	
3.95312	0.2	966	20.4	17.6	2.8	1.2	-16.4	17.6	
3.95703	0.1	966	20.4	17.6	2.8	1.2	-16.4	17.6	
3.96094	0.1	966	20.4	17.6	2.8	1.2	-16.4	17.6	
3.96484	0.1	966	20.4	17.6	2.8	1.2	-16.4	17.6	
3.96875	0.2	966	20.4	17.6	2.8	1.2	-16.4	17.6	
3.97266	0.1	966	20.4	17.6	2.8	1.2	-16.4	17.6	
3.97656	0.2	966	20.5	17.6	2.9	1.2	-16.4	17.6	
3.98047	0.2	966	20.5	17.6	2.9	1.2	-16.4	17.6	
3.98438	0.2	966	20.5	17.6	2.9	1.2	-16.4	17.6	
3.98828	0.2	966	20.5	17.6	2.9	1.2	-16.4	17.6	
3.99219	0.3	966	20.5	17.6	2.9	1.2	-16.4	17.6	
3.99609	0.4	966	20.5	17.6	2.9	1.2	-16.4	17.6	
4.00000	0.4	966	20.5	17.6	2.9	1.2	-16.4	17.6	
4.00391	0.4	966	20.4	17.6	2.8	1.2	-16.4	17.6	
4.00781	0.4	966	20.4	17.6	2.8	1.2	-16.4	17.6	
4.01172	0.5	966	20.4	17.6	2.8	1.2	-16.4	17.6	
4.01562	0.5	966	20.3	17.5	2.8	1.2	-16.3	17.5	
4.01953	0.5	966	20.3	17.5	2.8	1.2	-16.3	17.5	
4.02344	0.5	966	20.3	17.6	2.7	1.2	-16.4	17.6	
4.02734	0.4	966	20.3	17.6	2.7	1.2	-16.4	17.6	
4.03125	0.4	967	20.2	17.5	2.7	1.2	-16.3	17.5	
4.03516	0.4	967	20.2	17.5	2.7	1.2	-16.3	17.5	
4.03906	0.3	967	20.2	17.5	2.7	1.2	-16.3	17.5	
4.04297	0.3	967	20.2	17.5	2.7	1.2	-16.3	17.5	
4.04688	0.3	967	20.2	17.6	2.6	1.2	-16.4	17.6	
4.05078	0.2	967	20.1	17.6	2.5	1.2	-16.4	17.6	
4.05469	0.2	967	20.1	17.5	2.6	1.2	-16.3	17.5	
4.05859	0.2	967	20.2	17.5	2.7	1.2	-16.3	17.5	
4.06250	0.2	967	20.2	17.5	2.7	1.2	-16.3	17.5	
4.06641	0.1	967	20.2	17.5	2.7	1.2	-16.3	17.5	
4.07031	0.2	967	20.2	17.5	2.7	1.2	-16.3	17.5	
4.07422	0.2	967	20.2	17.5	2.7	1.2	-16.3	17.5	
4.07812	0.2	967	20.2	17.5	2.7	1.2	-16.3	17.5	
4.08203	0.2	967	20.2	17.5	2.7	1.2	-16.3	17.5	
4.08594	0.2	967	20.2	17.5	2.7	1.2	-16.3	17.5	
4.08984	0.3	967	20.2	17.5	2.7	1.2	-16.3	17.5	
4.09375	0.2	967	20.2	17.5	2.7	1.2	-16.3	17.5	
4.09766	0.2	967	20.2	17.5	2.7	1.2	-16.3	17.5	
4.10156	0.3	967	20.2	17.5	2.7	1.2	-16.3	17.5	
4.10547	0.3	967	20.2	17.5	2.7	1.2	-16.3	17.5	
4.10938	0.3	967	20.2	17.5	2.7	1.2	-16.3	17.5	
4.11328	0.3	967	20.2	17.5	2.7	1.2	-16.3	17.5	
4.11719	0.3	967	20.2	17.5	2.7	1.2	-16.3	17.5	
4.12109	0.3	967	20.2	17.5	2.7	1.2	-16.3	17.5	
4.12500	0.3	967	20.1	17.5	2.6	1.2	-16.3	17.5	
4.12891	0.3	967	20.1	17.5	2.6	1.2	-16.3	17.5	
4.13281	0.3	967	20.1	17.5	2.6	1.2	-16.3	17.5	
4.13672	0.3	967	20.1	17.5	2.6	1.2	-16.3	17.5	
4.14062	0.3	967	20.1	17.5	2.6	1.2	-16.3	17.5	
4.14453	0.2	967	20.1	17.5	2.6	1.2	-16.3	17.5	
4.14844	0.2	967	20.1	17.5	2.6	1.2	-16.3	17.5	
4.15234	0.2	967	20.1	17.5	2.6	1.2	-16.3	17.5	
4.15625	0.2	967	20.1	17.5	2.6	1.2	-16.3	17.5	
4.16016	0.2	967	20.1	17.5	2.6	1.2	-16.3	17.5	
4.16406	0.3	967	20.1	17.5	2.6	1.2	-16.3	17.5	
4.16797	0.2	967	20.1	17.5	2.6	1.2	-16.3	17.5	
4.17188	0.2	967	20.1	17.5	2.6	1.2	-16.3	17.5	
4.17578	0.2	967	20.1	17.5	2.6	1.2	-16.3	17.5	
4.17969	0.2	967	20.2	17.5	2.7	1.2	-16.3	17.5	
4.18359	0.2	967	20.2	17.5	2.7	1.2	-16.3	17.5	
4.18750	0.2	967	20.2	17.5	2.7	1.2	-16.3	17.5	
4.19141	0.2	967	20.2	17.5	2.7	1.2	-16.3	17.5	
4.19531	0.2	967	20.2	17.5	2.7	1.2	-16.3	17.5	
4.19922	0.2	967	20.2	17.5	2.7	1.2	-16.3	17.5	
4.20312	0.2	967	20.2	17.5	2.7	1.2	-16.3	17.5	
4.20703	0.2	967	20.2	17.5	2.7	1.2	-16.3	17.5	
4.21094	0.2	967	20.3	17.5	2.8	1.2	-16.3	17.5	
4.21484	0.2	967	20.3	17.5	2.8	1.2	-16.3	17.5	
4.21875	0.2	967	20.3	17.5	2.8	1.2	-16.3	17.5	
4.22266	0.2	967	20.3	17.5	2.8	1.2	-16.3	17.5	
4.22656	0.2	967	20.3	17.5	2.8	1.2	-16.3	17.5	
4.23047	0.3	967	20.3	17.5	2.8	1.2	-16.3	17.5	
4.23438	0.2	967	20.3	17.5	2.8	1.2	-16.3	17.5	
4.23828	0.2	967	20.3	17.5	2.8	1.2	-16.3	17.5	
4.24219	0.2	967	20.3	17.5	2.8	1.2	-16.3	17.5	
4.24609	0.2	967	20.4	17.5	2.9	1.2	-16.3	17.5	
4.25000	0.2	967	20.3	17.5	2.8	1.2	-16.3	17.5	
4.25391	0.2	967	20.4	17.5	2.9	1.2	-16.3	17.5	
4.25781	0.3	967	20.4	17.5	2.9	1.2	-16.3	17.5	
4.26172	0.2	967	20.4	17.5	2.9	1.2	-16.3	17.5	
4.26562	0.2	967	20.4	17.5	2.9	1.2	-16.3	17.5	
4.26953	0.2	967	20.4	17.5	2.9	1.2	-16.3	17.5	
4.27344	0.3	967	20.4	17.5	2.9	1.2	-16.3	17.5	
4.27734	0.3	967	20.4	17.5	2.9	1.2	-16.3	17.5	
4.28125	0.2	967	20.4	17.5	2.9	1.2	-16.3	17.5	
4.28516	0.2	967	20.4	17.5	2.9	1.2	-16.3	17.5	
4.28906	0.3	968	20.4	17.5	2.9	1.2	-16.3	17.5	
4.29297	0.2	968	20.4	17.5	2.9	1.2	-16.3	17.5	
4.29688	0.2	968	20.4	17.5	2.9	1.2	-16.3	17.5	
4.30078	0.3	968	20.4	17.5	2.9	1.2	-16.3	17.5	
4.30469	0.3	968	20.4	17.5	2.9	1.2	-16.3	17.5	
4.30859	0.3	968	20.4	17.5	2.9	1.2	-16.3	17.5	
4.31250	0.2	968	20.4	17.5	2.9	1.2	-16.3	17.5	
4.31641	0.2	968	20.4	17.5	2.9	1.2	-16.3	17.5	
4.32031	0.3	968	20.4	17.4	3.0	1.2	-16.2	17.4	
4.32422	0.2	968	20.4	17.5	2.9	1.2	-16.3	17.5	
4.32812	0.2	968	20.4	17.5	2.9	1.2	-16.3	17.5	
4.33203	0.3	968	20.4	17.4	3.0	1.2	-16.2	17.4	
4.33594	0.3	968	20.4	17.5	2.9	1.2	-16.3	17.5	
4.33984	0.3	968	20.4	17.5	2.9	1.2	-16.3	17.5	
4.34375	0.3	968	20.4	17.4	3.0	1.2	-16.2	17.4	
4.34766	0.3	968	20.3	17.4	2.9	1.2	-16.2	17.4	
4.35156	0.3	968	20.4	17.4	3.0	1.2	-16.2	17.4	
4.35547	0.3	968	20.4	17.4	3.0	1.2	-16.2	17.4	
4.35938	0.3	968	20.3	17.4	2.9	1.2	-16.2	17.4	
4.36328	0.3	968	20.3	17.4	2.9	1.2	-16.2	17.4	
4.36719	0.3	968	20.3	17.4	2.9	1.2	-16.2	17.4	
4.37109	0.3	968	20.3	17.4	2.9	1.2	-16.2	17.4	
4.37500	0.3	968	20.3	17.4	2.9	1.2	-16.2	17.4	
4.37891	0.3	968	20.3	17.4	2.9	1.2	-16.2	17.4	
4.38281	0.2	968	20.3	17.4	2.9	1.2	-16.2	17.4	
4.38672	0.2	968	20.3	17.4	2.9	1.2	-16.2	17.4	
4.39062	0.3	968	20.3	17.4	2.9	1.2	-16.2	17.4	
4.39453	0.3	968	20.3	17.4	2.9	1.2	-16.2	17.4	
4.39844	0.2	968	20.3	17.4	2.9	1.2	-16.2	17.4	
4.40234	0.2	968	20.3	17.4	2.9	1.2	-16.2	17.4	
4.40625	0.2	968	20.3	17.4	2.9	1.2	-16.2	17.4	
4.41016	0.2	968	20.3	17.4	2.9	1.2	-16.2	17.4	
4.41406	0.2	968	20.3	17.4	2.9	1.2	-16.2	17.4	
4.41797	0.2	968	20.3	17.4	2.9	1.2	-16.2	17.4	
4.42188	0.2	968	20.3	17.4	2.9	1.2	-16.2	17.4	
4.42578	0.2	968	20.3	17.4	2.9	1.2	-16.2	17.4	
4.42969	0.2	968	20.4	17.4	3.0	1.2	-16.2	17.4	
4.43359	0.2	968	20.4	17.5	2.9	1.2	-16.3	17.5	
4.43750	0.2	968	20.4	17.4	3.0	1.2	-16.2	17.4	
4.44141	0.2	968	20.4	17.4	3.0	1.2	-16.2	17.4	
4.44531	0.2	968	20.4	17.5	2.9	1.2	-16.3	17.5	
4.44922	0.2	968	20.4	17.5	2.9	1.2	-16.3	17.5	
4.45312	0.2	968	20.4	17.5	2.9	1.2	-16.3	17.5	
4.45703	0.2	968	20.4	17.5	2.9	1.2	-16.3	17.5	
4.46094	0.2	968	20.5	17.5	3.0	1.2	-16.3	17.5	
4.46484	0.3	968	20.5	17.5	3.0	1.2	-16.3	17.5	
4.46875	0.3	968	20.5	17.5	3.0	1.2	-16.3	17.5	
4.47266	0.3	968	20.5	17.5	3.0	1.2	-16.3	17.5	
4.47656	0.3	968	20.4	17.5	2.9	1.2	-16.3	17.5	
4.48047	0.4	968	20.4	17.5	2.9	1.2	-16.3	17.5	
4.48438	0.4	968	20.4	17.4	3.0	1.2	-16.2	17.4	
4.48828	0.3	968	20.4	17.4	3.0	1.2	-16.2	17.4	
4.49219	0.4	968	20.4	17.4	3.0	1.2	-16.2	17.4	
4.49609	0.4	968	20.3	17.4	2.9	1.2	-16.2	17.4	
4.50000	0.4	968	20.3	17.4	2.9	1.2	-16.2	17.4	
4.50391	0.4	968	20.3	17.4	2.9	1.2	-16.2	17.4	
4.50781	0.3	968	20.3	17.4	2.9	1.2	-16.2	17.4	
4.51172	0.3	969	20.3	17.4	2.9	1.2	-16.2	17.4	
4.51562	0.3	969	20.2	17.4	2.8	1.2	-16.2	17.4	
4.51953	0.3	969	20.2	17.4	2.8	1.2	-16.2	17.4	
4.52344	0.2	969	20.2	17.4	2.8	1.2	-16.2	17.4	
4.52734	0.1	969	20.3	17.4	2.9	1.2	-16.2	17.4	
4.53125	-0.0	969	20.3	17.4	2.9	1.2	-16.2	17.4	
4.53516	-0.1	969	20.3	17.4	2.9	1.2	-16.2	17.4	
4.53906	-0.2	969	20.4	17.4	3.0	1.2	-16.2	17.4	
4.54297	-0.2	969	20.4	17.4	3.0	1.2	-16.2	17.4	
4.54688	-0.3	969	20.5	17.3	3.2	1.2	-16.1	17.3	
4.55078	-0.3	968	20.5	17.3	3.2	1.2	-16.1	17.3	
4.55469	-0.4	968	20.6	17.3	3.3	1.2	-16.1	17.3	
4.55859	-0.4	968	20.7	17.4	3.3	1.2	-16.2	17.4	
4.56250	-0.3	968	20.7	17.3	3.4	1.2	-16.1	17.3	
4.56641	-0.3	968	20.8	17.3	3.5	1.2	-16.1	17.3	
4.57031	-0.2	968	20.8	17.3	3.5	1.2	-16.1	17.3	
4.57422	-0.1	968	20.9	17.3	3.6	1.2	-16.1	17.3	
4.57812	-0.0	968	20.9	17.3	3.6	1.2	-16.1	17.3	
4.58203	0.1	968	20.9	17.3	3.6	1.2	-16.1	17.3	
4.58594	0.2	968	20.9	17.3	3.6	1.2	-16.1	17.3	
4.58984	0.3	968	20.9	17.3	3.6	1.2	-16.1	17.3	
4.59375	0.3	968	20.9	17.3	3.6	1.2	-16.1	17.3	
4.59766	0.4	968	20.9	17.3	3.6	1.2	-16.1	17.3	
4.60156	0.5	968	20.9	17.3	3.6	1.2	-16.1	17.3	
4.60547	0.5	969	20.8	17.4	3.4	1.2	-16.2	17.4	
4.60938	0.6	969	20.8	17.3	3.5	1.2	-16.1	17.3	
4.61328	0.6	969	20.8	17.3	3.5	1.2	-16.1	17.3	
4.61719	0.6	969	20.7	17.3	3.4	1.2	-16.1	17.3	
4.62109	0.6	969	20.7	17.3	3.4	1.2	-16.1	17.3	
4.62500	0.5	969	20.6	17.3	3.3	1.2	-16.1	17.3	
4.62891	0.5	969	20.6	17.3	3.3	1.2	-16.1	17.3	
4.63281	0.5	969	20.6	17.3	3.3	1.2	-16.1	17.3	
4.63672	0.4	969	20.5	17.3	3.2	1.2	-16.1	17.3	
4.64062	0.4	969	20.5	17.3	3.2	1.2	-16.1	17.3	
4.64453	0.3	969	20.5	17.3	3.2	1.2	-16.1	17.3	
4.64844	0.2	969	20.5	17.3	3.2	1.2	-16.1	17.3	
4.65234	0.2	969	20.5	17.3	3.2	1.2	-16.1	17.3	
4.65625	0.2	969	20.5	17.3	3.2	1.2	-16.1	17.3	
4.66016	0.1	969	20.5	17.3	3.2	1.2	-16.1	17.3	
4.66406	0.1	969	20.5	17.3	3.2	1.2	-16.1	17.3	
4.66797	0.1	969	20.5	17.3	3.2	1.2	-16.1	17.3	
4.67188	0.1	969	20.5	17.3	3.2	1.2	-16.1	17.3	
4.67578	0.2	969	20.5	17.3	3.2	1.2	-16.1	17.3	
4.67969	0.2	969	20.6	17.3	3.3	1.2	-16.1	17.3	
4.68359	0.3	969	20.6	17.3	3.3	1.2	-16.1	17.3	
4.68750	0.3	969	20.6	17.3	3.3	1.2	-16.1	17.3	
4.69141	0.3	969	20.6	17.3	3.3	1.2	-16.1	17.3	
4.69531	0.4	969	20.5	17.3	3.2	1.2	-16.1	17.3	
4.69922	0.4	969	20.5	17.3	3.2	1.2	-16.1	17.3	
4.70312	0.4	969	20.5	17.3	3.2	1.2	-16.1	17.3	
4.70703	0.5	969	20.5	17.3	3.2	1.2	-16.1	17.3	
4.71094	0.5	969	20.4	17.3	3.1	1.2	-16.1	17.3	
4.71484	0.6	969	20.4	17.3	3.1	1.2	-16.1	17.3	
4.71875	0.6	969	20.4	17.3	3.1	1.2	-16.1	17.3	
4.72266	0.5	969	20.3	17.3	3.0	1.2	-16.1	17.3	
4.72656	0.5	969	20.3	17.3	3.0	1.2	-16.1	17.3	
4.73047	0.5	969	20.2	17.3	2.9	1.2	-16.1	17.3	
4.73438	0.4	969	20.2	17.3	2.9	1.2	-16.1	17.3	
4.73828	0.4	969	20.2	17.3	2.9	1.2	-16.1	17.3	
4.74219	0.4	969	20.1	17.3	2.8	1.2	-16.1	17.3	
4.74609	0.4	969	20.1	17.3	2.8	1.2	-16.1	17.3	
4.75000	0.3	969	20.1	17.3	2.8	1.2	-16.1	17.3	
4.75391	0.3	969	20.1	17.3	2.8	1.2	-16.1	17.3	
4.75781	0.3	969	20.1	17.3	2.8	1.2	-16.1	17.3	
4.76172	0.3	970	20.0	17.3	2.7	1.2	-16.1	17.3	
4.76562	0.2	970	20.0	17.3	2.7	1.2	-16.1	17.3	
4.76953	0.2	970	20.0	17.3	2.7	1.2	-16.1	17.3	
4.77344	0.3	970	20.0	17.3	2.7	1.2	-16.1	17.3	
4.77734	0.3	970	20.0	17.3	2.7	1.2	-16.1	17.3	
4.78125	0.3	970	20.0	17.3	2.7	1.2	-16.1	17.3	
4.78516	0.3	970	20.0	17.3	2.7	1.2	-16.1	17.3	
4.78906	0.3	970	20.0	17.3	2.7	1.2	-16.1	17.3	
4.79297	0.3	970	20.0	17.3	2.7	1.2	-16.1	17.3	
4.79688	0.3	970	19.9	17.3	2.6	1.2	-16.1	17.3	
4.80078	0.3	970	19.9	17.3	2.6	1.2	-16.1	17.3	
4.80469	0.4	970	19.9	17.3	2.6	1.2	-16.1	17.3	
4.80859	0.4	970	19.9	17.3	2.6	1.2	-16.1	17.3	
4.81250	0.4	970	19.9	17.3	2.6	1.2	-16.1	17.3	
4.81641	0.4	970	19.8	17.3	2.5	1.2	-16.1	17.3	
4.82031	0.5	970	19.8	17.3	2.5	1.2	-16.1	17.3	
4.82422	0.5	970	19.7	17.3	2.4	1.2	-16.1	17.3	
4.82812	0.5	970	19.7	17.3	2.4	1.2	-16.1	17.3	
4.83203	0.5	970	19.7	17.3	2.4	1.2	-16.1	17.3	
4.83594	0.5	970	19.6	17.3	2.3	1.2	-16.1	17.3	
4.83984	0.5	970	19.6	17.3	2.3	1.2	-16.1	17.3	
4.84375	0.5	970	19.6	17.3	2.3	1.2	-16.1	17.3	
4.84766	0.5	970	19.5	17.3	2.2	1.2	-16.1	17.3	
4.85156	0.5	970	19.5	17.3	2.2	1.2	-16.1	17.3	
4.85547	0.4	970	19.5	17.3	2.2	1.2	-16.1	17.3	
4.85938	0.4	970	19.4	17.2	2.2	1.2	-16.0	17.2	
4.86328	0.4	970	19.4	17.2	2.2	1.2	-16.0	17.2	
4.86719	0.4	970	19.4	17.2	2.2	1.2	-16.0	17.2	
4.87109	0.4	970	19.4	17.2	2.2	1.2	-16.0	17.2	
4.87500	0.4	970	19.3	17.2	2.1	1.2	-16.0	17.2	
4.87891	0.3	970	19.3	17.2	2.1	1.2	-16.0	17.2	
4.88281	0.4	970	19.3	17.2	2.1	1.2	-16.0	17.2	
4.88672	0.4	970	19.2	17.2	2.0	1.2	-16.0	17.2	
4.89062	0.4	970	19.2	17.2	2.0	1.2	-16.0	17.2	
4.89453	0.4	970	19.2	17.2	2.0	1.2	-16.0	17.2	
4.89844	0.4	970	19.2	17.2	2.0	1.2	-16.0	17.2	
4.90234	0.4	970	19.2	17.2	2.0	1.2	-16.0	17.2	
4.90625	0.4	970	19.1	17.2	1.9	1.2	-16.0	17.2	
4.91016	0.4	970	19.1	17.2	1.9	1.2	-16.0	17.2	
4.91406	0.5	971	19.1	17.2	1.9	1.2	-16.0	17.2	
4.91797	0.5	971	19.0	17.2	1.8	1.2	-16.0	17.2	
4.92188	0.5	971	19.0	17.2	1.8	1.2	-16.0	17.2	
4.92578	0.6	971	18.9	17.2	1.7	1.2	-16.0	17.2	
4.92969	0.6	971	18.9	17.2	1.7	1.2	-16.0	17.2	
4.93359	0.6	971	18.9	17.2	1.7	1.2	-16.0	17.2	
4.93750	0.6	971	18.8	17.1	1.7	1.2	-15.9	17.1	
4.94141	0.6	971	18.7	17.1	1.6	1.2	-15.9	17.1	
4.94531	0.6	971	18.7	17.1	1.6	1.2	-15.9	17.1	
4.94922	0.7	971	18.7	17.1	1.6	1.2	-15.9	17.1	
4.95312	0.7	971	18.6	17.1	1.5	1.2	-15.9	17.1	
4.95703	0.7	971	18.5	17.1	1.4	1.2	-15.9	17.1	
4.96094	0.7	971	18.5	17.1	1.4	1.2	-15.9	17.1	
4.96484	0.8	971	18.4	17.1	1.3	1.2	-15.9	17.1	
4.96875	0.8	971	18.4	17.1	1.3	1.2	-15.9	17.1	
4.97266	0.8	971	18.3	17.1	1.2	1.2	-15.9	17.1	
4.97656	0.8	971	18.2	17.1	1.1	1.2	-15.9	17.1	
4.98047	0.8	971	18.2	17.1	1.1	1.2	-15.9	17.1	
4.98438	0.8	971	18.1	17.1	1.0	1.2	-15.9	17.1	
4.98828	0.8	971	18.1	17.0	1.1	1.2	-15.8	17.0	
4.99219	0.8	971	18.0	17.0	1.0	1.2	-15.8	17.0	
4.99609	0.8	971	17.9	17.0	0.9	1.2	-15.8	17.0	
5.00000	0.8	972	17.9	17.0	0.9	1.2	-15.8	17.0	
5.00391	0.9	972	17.8	17.0	0.8	1.2	-15.8	17.0	
5.00781	0.9	972	17.8	17.0	0.8	1.2	-15.8	17.0	
5.01172	0.9	972	17.7	17.0	0.7	1.2	-15.8	17.0	
5.01562	0.9	972	17.6	17.0	0.6	1.2	-15.8	17.0	
5.01953	0.9	972	17.6	16.9	0.7	1.2	-15.7	16.9	
5.02344	0.9	972	17.5	16.9	0.6	1.2	-15.7	16.9	
5.02734	0.9	972	17.4	16.9	0.5	1.2	-15.7	16.9	
5.03125	0.9	972	17.4	16.9	0.5	1.2	-15.7	16.9	
5.03516	0.9	972	17.3	16.9	0.4	1.2	-15.7	16.9	
5.03906	0.9	972	17.2	16.9	0.3	1.2	-15.7	16.9	
5.04297	0.9	972	17.2	16.9	0.3	1.2	-15.7	16.9	
5.04688	0.9	972	17.1	16.8	0.3	1.2	-15.6	16.8	
5.05078	0.9	972	17.0	16.8	0.2	1.2	-15.6	16.8	
5.05469	0.9	972	17.0	16.8	0.2	1.2	-15.6	16.8	
5.05859	0.9	972	16.9	16.8	0.1	1.2	-15.6	16.8	
5.06250	0.9	972	16.9	16.8	0.1	1.2	-15.6	16.8	
5.06641	0.9	973	16.8	16.8	0.0	1.2	-15.6	16.8	
5.07031	0.9	973	16.7	16.7	0.0	1.2	-15.5	16.7	
5.07422	0.8	973	16.7	16.7	0.0	1.2	-15.5	16.7	
5.07812	0.8	973	16.6	16.7	-0.1	1.2	-15.5	16.7	
5.08203	0.8	973	16.6	16.7	-0.1	1.2	-15.5	16.7	
5.08594	0.8	973	16.5	16.7	-0.2	1.2	-15.5	16.7	
5.08984	0.8	973	16.5	16.7	-0.2	1.2	-15.5	16.7	
5.09375	0.7	973	16.4	16.7	-0.3	1.2	-15.5	16.7	
5.09766	0.7	973	16.4	16.6	-0.2	1.2	-15.4	16.6	
5.10156	0.7	973	16.3	16.6	-0.3	1.2	-15.4	16.6	
5.10547	0.7	973	16.3	16.6	-0.3	1.2	-15.4	16.6	
5.10938	0.7	973	16.2	16.6	-0.4	1.2	-15.4	16.6	
5.11328	0.7	973	16.2	16.6	-0.4	1.2	-15.4	16.6	
5.11719	0.6	973	16.1	16.6	-0.5	1.2	-15.4	16.6	
5.12109	0.6	973	16.1	16.6	-0.5	1.2	-15.4	16.6	
5.12500	0.6	973	16.0	16.5	-0.5	1.2	-15.3	16.5	
5.12891	0.6	973	16.0	16.5	-0.5	1.2	-15.3	16.5	
5.13281	0.6	973	16.0	16.5	-0.5	1.2	-15.3	16.5	
5.13672	0.6	973	15.9	16.5	-0.6	1.2	-15.3	16.5	
5.14062	0.6	973	15.9	16.5	-0.6	1.2	-15.3	16.5	
5.14453	0.6	973	15.8	16.5	-0.7	1.2	-15.3	16.5	
5.14844	0.6	973	15.8	16.5	-0.7	1.2	-15.3	16.5	
5.15234	0.6	973	15.8	16.5	-0.7	1.2	-15.3	16.5	
5.15625	0.5	974	15.7	16.4	-0.7	1.2	-15.2	16.4	
5.16016	0.5	974	15.7	16.4	-0.7	1.2	-15.2	16.4	
5.16406	0.5	974	15.6	16.4	-0.8	1.2	-15.2	16.4	
5.16797	0.5	974	15.6	16.4	-0.8	1.2	-15.2	16.4	
5.17188	0.5	974	15.5	16.4	-0.9	1.2	-15.2	16.4	
5.17578	0.6	974	15.5	16.4	-0.9	1.2	-15.2	16.4	
5.17969	0.6	974	15.5	16.3	-0.8	1.2	-15.1	16.3	
5.18359	0.6	974	15.4	16.3	-0.9	1.2	-15.1	16.3	
5.18750	0.7	974	15.4	16.3	-0.9	1.2	-15.1	16.3	
5.19141	0.8	974	15.3	16.3	-1.0	1.2	-15.1	16.3	
5.19531	0.8	974	15.3	16.2	-0.9	1.2	-15.0	16.2	
5.19922	0.8	974	15.2	16.2	-1.0	1.2	-15.0	16.2	
5.20312	0.8	974	15.2	16.2	-1.0	1.2	-15.0	16.2	
5.20703	0.9	974	15.1	16.2	-1.1	1.2	-15.0	16.2	
5.21094	0.9	974	15.0	16.1	-1.1	1.2	-14.9	16.1	
5.21484	0.8	974	15.0	16.1	-1.1	1.2	-14.9	16.1	
5.21875	0.8	974	14.9	16.1	-1.2	1.2	-14.9	16.1	
5.22266	0.7	974	14.9	16.1	-1.2	1.2	-14.9	16.1	
5.22656	0.7	974	14.9	16.0	-1.1	1.2	-14.8	16.0	
5.23047	0.6	974	14.8	16.0	-1.2	1.2	-14.8	16.0	
5.23438	0.5	974	14.8	16.0	-1.2	1.2	-14.8	16.0	
5.23828	0.4	974	14.8	16.0	-1.2	1.2	-14.8	16.0	
5.24219	0.3	974	14.8	16.0	-1.2	1.2	-14.8	16.0	
5.24609	0.3	974	14.8	15.9	-1.1	1.2	-14.7	15.9	
5.25000	0.2	974	14.7	15.9	-1.2	1.2	-14.7	15.9	
5.25391	0.2	974	14.7	15.9	-1.2	1.2	-14.7	15.9	
5.25781	0.2	975	14.7	15.9	-1.2	1.2	-14.7	15.9	
5.26172	0.2	975	14.7	15.9	-1.2	1.2	-14.7	15.9	
5.26562	0.2	975	14.7	15.8	-1.1	1.2	-14.6	15.8	
5.26953	0.2	975	14.7	15.8	-1.1	1.2	-14.6	15.8	
5.27344	0.3	975	14.7	15.8	-1.1	1.2	-14.6	15.8	
5.27734	0.3	975	14.7	15.8	-1.1	1.2	-14.6	15.8	
5.28125	0.4	975	14.7	15.8	-1.1	1.2	-14.6	15.8	
5.28516	0.5	975	14.7	15.7	-1.0	1.2	-14.5	15.7	
5.28906	0.6	975	14.6	15.7	-1.1	1.2	-14.5	15.7	
5.29297	0.8	975	14.6	15.7	-1.1	1.2	-14.5	15.7	
5.29688	0.9	975	14.6	15.7	-1.1	1.2	-14.5	15.7	
5.30078	0.9	975	14.5	15.7	-1.2	1.2	-14.5	15.7	
5.30469	1.1	975	14.4	15.6	-1.2	1.2	-14.4	15.6	
5.30859	1.2	975	14.3	15.6	-1.3	1.2	-14.4	15.6	
5.31250	1.3	975	14.3	15.6	-1.3	1.2	-14.4	15.6	
5.31641	1.4	975	14.2	15.6	-1.4	1.2	-14.4	15.6	
5.32031	1.3	975	14.1	15.6	-1.5	1.2	-14.4	15.6	
5.32422	1.3	975	14.0	15.5	-1.5	1.2	-14.3	15.5	
5.32812	1.4	975	13.9	15.5	-1.6	1.2	-14.3	15.5	
5.33203	1.3	976	13.8	15.5	-1.7	1.2	-14.3	15.5	
5.33594	1.2	976	13.8	15.5	-1.7	1.2	-14.3	15.5	
5.33984	1.2	976	13.7	15.4	-1.7	1.2	-14.2	15.4	
5.34375	1.1	976	13.6	15.4	-1.8	1.2	-14.2	15.4	
5.34766	0.9	976	13.6	15.4	-1.8	1.2	-14.2	15.4	
5.35156	0.9	976	13.5	15.4	-1.9	1.2	-14.2	15.4	
5.35547	0.7	976	13.5	15.4	-1.9	1.2	-14.2	15.4	
5.35938	0.6	976	13.4	15.3	-1.9	1.2	-14.1	15.3	
5.36328	0.6	976	13.4	15.3	-1.9	1.2	-14.1	15.3	
5.36719	0.6	976	13.3	15.3	-2.0	1.2	-14.1	15.3	
5.37109	0.5	976	13.3	15.3	-2.0	1.2	-14.1	15.3	
5.37500	0.5	976	13.2	15.3	-2.1	1.2	-14.1	15.3	
5.37891	0.6	976	13.2	15.2	-2.0	1.2	-14.0	15.2	
5.38281	0.6	976	13.1	15.2	-2.1	1.2	-14.0	15.2	
5.38672	0.6	976	13.1	15.2	-2.1	1.2	-14.0	15.2	
5.39062	0.7	976	13.0	15.2	-2.2	1.2	-14.0	15.2	
5.39453	0.8	976	13.0	15.1	-2.1	1.2	-13.9	15.1	
5.39844	0.8	976	13.0	15.1	-2.1	1.2	-13.9	15.1	
5.40234	0.9	976	12.9	15.1	-2.2	1.2	-13.9	15.1	
5.40625	1.0	976	12.8	15.1	-2.3	1.2	-13.9	15.1	
5.41016	1.0	977	12.7	15.1	-2.4	1.2	-13.9	15.1	
5.41406	1.1	977	12.7	15.0	-2.3	1.2	-13.8	15.0	
5.41797	1.1	977	12.6	15.0	-2.4	1.2	-13.8	15.0	
5.42188	1.2	977	12.5	15.0	-2.5	1.2	-13.8	15.0	
5.42578	1.1	977	12.5	15.0	-2.5	1.2	-13.8	15.0	
5.42969	1.1	977	12.4	14.9	-2.5	1.2	-13.7	14.9	
5.43359	1.1	977	12.3	14.9	-2.6	1.2	-13.7	14.9	
5.43750	1.1	977	12.3	14.9	-2.6	1.2	-13.7	14.9	
5.44141	1.1	977	12.2	14.9	-2.7	1.2	-13.7	14.9	
5.44531	1.1	977	12.1	14.8	-2.7	1.2	-13.6	14.8	
5.44922	1.0	977	12.0	14.8	-2.8	1.2	-13.6	14.8	
5.45312	1.0	977	12.0	14.8	-2.8	1.2	-13.6	14.8	
5.45703	0.9	977	11.9	14.7	-2.8	1.2	-13.5	14.7	
5.46094	0.9	977	11.9	14.7	-2.8	1.2	-13.5	14.7	
5.46484	0.9	978	11.8	14.7	-2.9	1.2	-13.5	14.7	
5.46875	0.9	978	11.7	14.6	-2.9	1.2	-13.4	14.6	
5.47266	0.8	978	11.7	14.6	-2.9	1.2	-13.4	14.6	
5.47656	0.8	978	11.6	14.5	-2.9	1.2	-13.3	14.5	
5.48047	0.8	978	11.6	14.5	-2.9	1.2	-13.3	14.5	
5.48438	0.8	978	11.5	14.4	-2.9	1.2	-13.2	14.4	
5.48828	0.8	978	11.5	14.4	-2.9	1.2	-13.2	14.4	
5.49219	0.8	978	11.4	14.4	-3.0	1.2	-13.2	14.4	
5.49609	0.8	978	11.4	14.3	-2.9	1.2	-13.1	14.3	
5.50000	0.8	978	11.3	14.3	-3.0	1.2	-13.1	14.3	
5.50391	0.8	978	11.3	14.2	-2.9	1.2	-13.0	14.2	
5.50781	0.7	978	11.2	14.2	-3.0	1.2	-13.0	14.2	
5.51172	0.7	978	11.2	14.2	-3.0	1.2	-13.0	14.2	
5.51562	0.7	978	11.1	14.1	-3.0	1.2	-12.9	14.1	
5.51953	0.7	978	11.1	14.1	-3.0	1.2	-12.9	14.1	
5.52344	0.7	978	11.0	14.0	-3.0	1.2	-12.8	14.0	
5.52734	0.7	978	11.0	14.0	-3.0	1.2	-12.8	14.0	
5.53125	0.7	978	11.0	13.9	-2.9	1.2	-12.7	13.9	
5.53516	0.6	978	10.9	13.9	-3.0	1.2	-12.7	13.9	
5.53906	0.6	978	10.9	13.9	-3.0	1.2	-12.7	13.9	
5.54297	0.6	978	10.8	13.8	-3.0	1.2	-12.6	13.8	
5.54688	0.5	979	10.8	13.8	-3.0	1.2	-12.6	13.8	
5.55078	0.5	979	10.8	13.7	-2.9	1.2	-12.5	13.7	
5.55469	0.5	979	10.8	13.7	-2.9	1.2	-12.5	13.7	
5.55859	0.4	979	10.7	13.7	-3.0	1.2	-12.5	13.7	
5.56250	0.4	979	10.7	13.6	-2.9	1.2	-12.4	13.6	
5.56641	0.4	979	10.7	13.6	-2.9	1.2	-12.4	13.6	
5.57031	0.4	979	10.7	13.5	-2.8	1.2	-12.3	13.5	
5.57422	0.3	979	10.7	13.5	-2.8	1.2	-12.3	13.5	
5.57812	0.3	979	10.6	13.4	-2.8	1.2	-12.2	13.4	
5.58203	0.3	979	10.6	13.4	-2.8	1.2	-12.2	13.4	
5.58594	0.3	979	10.6	13.3	-2.7	1.2	-12.1	13.3	
5.58984	0.3	979	10.6	13.3	-2.7	1.2	-12.1	13.3	
5.59375	0.2	979	10.6	13.3	-2.7	1.2	-12.1	13.3	
5.59766	0.2	979	10.6	13.2	-2.6	1.2	-12.0	13.2	
5.60156	0.3	979	10.6	13.2	-2.6	1.2	-12.0	13.2	
5.60547	0.3	979	10.6	13.2	-2.6	1.2	-12.0	13.2	
5.60938	0.3	979	10.6	13.1	-2.5	1.2	-11.9	13.1	
5.61328	0.2	979	10.6	13.1	-2.5	1.2	-11.9	13.1	
5.61719	0.3	979	10.6	13.0	-2.4	1.2	-11.8	13.0	
5.62109	0.2	979	10.6	13.0	-2.4	1.2	-11.8	13.0	
5.62500	0.2	979	10.6	13.0	-2.4	1.2	-11.8	13.0	
5.62891	0.3	979	10.5	12.9	-2.4	1.2	-11.7	12.9	
5.63281	0.3	979	10.5	12.9	-2.4	1.2	-11.7	12.9	
5.63672	0.3	979	10.5	12.8	-2.3	1.2	-11.6	12.8	
5.64062	0.3	979	10.5	12.8	-2.3	1.2	-11.6	12.8	
5.64453	0.3	979	10.5	12.8	-2.3	1.2	-11.6	12.8	
5.64844	0.3	979	10.5	12.7	-2.2	1.2	-11.5	12.7	
5.65234	0.3	979	10.5	12.7	-2.2	1.2	-11.5	12.7	
5.65625	0.3	979	10.5	12.6	-2.1	1.2	-11.4	12.6	
5.66016	0.3	979	10.5	12.6	-2.1	1.2	-11.4	12.6	
5.66406	0.2	979	10.5	12.6	-2.1	1.2	-11.4	12.6	
5.66797	0.2	979	10.6	12.5	-1.9	1.2	-11.3	12.5	
5.67188	0.2	979	10.5	12.5	-2.0	1.2	-11.3	12.5	
5.67578	0.2	979	10.6	12.5	-1.9	1.2	-11.3	12.5	
5.67969	0.2	979	10.6	12.4	-1.8	1.2	-11.2	12.4	
5.68359	0.1	979	10.6	12.4	-1.8	1.2	-11.2	12.4	
5.68750	0.2	979	10.6	12.4	-1.8	1.2	-11.2	12.4	
5.69141	0.2	979	10.6	12.3	-1.7	1.2	-11.1	12.3	
5.69531	0.1	979	10.7	12.3	-1.6	1.2	-11.1	12.3	
5.69922	0.1	979	10.7	12.2	-1.5	1.2	-11.0	12.2	
5.70312	0.1	979	10.7	12.2	-1.5	1.2	-11.0	12.2	
5.70703	0.0	979	10.8	12.2	-1.4	1.2	-11.0	12.2	
5.71094	0.0	979	10.8	12.1	-1.3	1.2	-10.9	12.1	
5.71484	-0.0	979	10.9	12.1	-1.2	1.2	-10.9	12.1	
5.71875	-0.1	979	10.9	12.1	-1.2	1.2	-10.9	12.1	
5.72266	-0.1	979	11.0	12.0	-1.0	1.2	-10.8	12.0	
5.72656	-0.1	979	11.0	12.0	-1.0	1.2	-10.8	12.0	
5.73047	-0.2	979	11.1	12.0	-0.9	1.2	-10.8	12.0	
5.73438	-0.3	979	11.2	11.9	-0.7	1.2	-10.7	11.9	
5.73828	-0.3	979	11.3	11.9	-0.6	1.2	-10.7	11.9	
5.74219	-0.4	979	11.3	11.9	-0.6	1.2	-10.7	11.9	
5.74609	-0.4	979	11.4	11.9	-0.5	1.2	-10.7	11.9	
5.75000	-0.5	979	11.5	11.8	-0.3	1.2	-10.6	11.8	
5.75391	-0.5	979	11.6	11.8	-0.2	1.2	-10.6	11.8	
5.75781	-0.6	979	11.7	11.8	-0.1	1.2	-10.6	11.8	
5.76172	-0.7	979	11.8	11.8	0.0	1.2	-10.6	11.8	
5.76562	-0.8	979	11.9	11.8	0.1	1.2	-10.6	11.8	
5.76953	-0.8	979	12.0	11.8	0.2	1.2	-10.6	11.8	
5.77344	-0.9	979	12.1	11.7	0.4	1.2	-10.5	11.7	
5.77734	-0.9	979	12.1	11.7	0.4	1.2	-10.5	11.7	
5.78125	-0.9	979	12.3	11.7	0.6	1.2	-10.5	11.7	
5.78516	-0.9	979	12.4	11.7	0.7	1.2	-10.5	11.7	
5.78906	-0.9	979	12.5	11.7	0.8	1.2	-10.5	11.7	
5.79297	-0.9	978	12.6	11.7	0.9	1.2	-10.5	11.7	
5.79688	-0.8	978	12.7	11.7	1.0	1.2	-10.5	11.7	
5.80078	-0.7	978	12.7	11.7	1.0	1.2	-10.5	11.7	
5.80469	-0.7	978	12.8	11.7	1.1	1.2	-10.5	11.7	
5.80859	-0.6	978	12.9	11.7	1.2	1.2	-10.5	11.7	
5.81250	-0.5	978	13.0	11.7	1.3	1.2	-10.5	11.7	
5.81641	-0.5	978	13.1	11.7	1.4	1.2	-10.5	11.7	
5.82031	-0.5	978	13.1	11.7	1.4	1.2	-10.5	11.7	
5.82422	-0.4	978	13.2	11.7	1.5	1.2	-10.5	11.7	
5.82812	-0.3	978	13.3	11.7	1.6	1.2	-10.5	11.7	
5.83203	-0.3	978	13.4	11.7	1.7	1.2	-10.5	11.7	
5.83594	-0.3	978	13.4	11.8	1.6	1.2	-10.6	11.8	
5.83984	-0.3	978	13.5	11.8	1.7	1.2	-10.6	11.8	
5.84375	-0.2	978	13.6	11.8	1.8	1.2	-10.6	11.8	
