FluxView - FluxMed acquisition system
Signal file
Serial Number	:
W version:	1.20h-OX-CO2	File version:	1.13
Sampling rate:	256 Hz
Time	Flow	Volume	Paw	Pes	Ptpulm	Pga	Ptdiaf	CO2	
0.00391	-0.0	998	8.5	12.8	-4.3	12.8	0.0	12.8	
0.00781	-0.1	998	8.4	12.8	-4.4	12.8	0.0	12.8	
0.01172	-0.2	998	8.4	12.7	-4.3	12.7	0.0	12.7	
0.01562	-0.2	998	8.4	12.7	-4.3	12.7	0.0	12.7	
0.01953	-0.2	998	8.4	12.7	-4.3	12.7	0.0	12.7	
0.02344	-0.2	998	8.4	12.7	-4.3	12.7	0.0	12.7	
0.02734	-0.2	998	8.4	12.7	-4.3	12.7	0.0	12.7	
0.03125	-0.2	998	8.4	12.7	-4.3	12.7	0.0	12.7	
0.03516	-0.1	998	8.4	12.6	-4.2	12.6	0.0	12.6	
0.03906	-0.1	998	8.4	12.6	-4.2	12.6	0.0	12.6	
0.04297	-0.1	998	8.3	12.6	-4.3	12.6	0.0	12.6	
0.04688	-0.0	998	8.3	12.6	-4.3	12.6	0.0	12.6	
0.05078	-0.0	998	8.3	12.6	-4.3	12.6	0.0	12.6	
0.05469	-0.0	998	8.3	12.5	-4.2	12.5	0.0	12.5	
0.05859	-0.0	998	8.3	12.5	-4.2	12.5	0.0	12.5	
0.06250	-0.1	998	8.3	12.5	-4.2	12.5	0.0	12.5	
0.06641	-0.1	998	8.2	12.5	-4.3	12.5	0.0	12.5	
0.07031	-0.1	998	8.2	12.5	-4.3	12.5	0.0	12.5	
0.07422	-0.1	998	8.2	12.5	-4.3	12.5	0.0	12.5	
0.07812	-0.2	998	8.2	12.5	-4.3	12.5	0.0	12.5	
0.08203	-0.2	998	8.2	12.5	-4.3	12.5	0.0	12.5	
0.08594	-0.2	998	8.2	12.5	-4.3	12.5	0.0	12.5	
0.08984	-0.3	997	8.2	12.5	-4.3	12.5	0.0	12.5	
0.09375	-0.3	997	8.3	12.6	-4.3	12.6	0.0	12.6	
0.09766	-0.4	997	8.3	12.6	-4.3	12.6	0.0	12.6	
0.10156	-0.4	997	8.3	12.6	-4.3	12.6	0.0	12.6	
0.10547	-0.4	997	8.4	12.6	-4.2	12.6	0.0	12.6	
0.10938	-0.4	997	8.4	12.6	-4.2	12.6	0.0	12.6	
0.11328	-0.4	997	8.4	12.6	-4.2	12.6	0.0	12.6	
0.11719	-0.4	997	8.4	12.6	-4.2	12.6	0.0	12.6	
0.12109	-0.4	997	8.5	12.6	-4.1	12.6	0.0	12.6	
0.12500	-0.3	997	8.5	12.6	-4.1	12.6	0.0	12.6	
0.12891	-0.4	997	8.5	12.7	-4.2	12.7	0.0	12.7	
0.13281	-0.3	997	8.6	12.7	-4.1	12.7	0.0	12.7	
0.13672	-0.3	997	8.6	12.7	-4.1	12.7	0.0	12.7	
0.14062	-0.3	997	8.6	12.7	-4.1	12.7	0.0	12.7	
0.14453	-0.2	997	8.6	12.7	-4.1	12.7	0.0	12.7	
0.14844	-0.2	997	8.6	12.7	-4.1	12.7	0.0	12.7	
0.15234	-0.3	997	8.6	12.7	-4.1	12.7	0.0	12.7	
0.15625	-0.2	997	8.7	12.7	-4.0	12.7	0.0	12.7	
0.16016	-0.2	997	8.7	12.7	-4.0	12.7	0.0	12.7	
0.16406	-0.2	997	8.7	12.7	-4.0	12.7	0.0	12.7	
0.16797	-0.2	997	8.7	12.8	-4.1	12.8	0.0	12.8	
0.17188	-0.2	997	8.7	12.8	-4.1	12.8	0.0	12.8	
0.17578	-0.3	997	8.7	12.7	-4.0	12.7	0.0	12.7	
0.17969	-0.3	997	8.7	12.8	-4.1	12.8	0.0	12.8	
0.18359	-0.2	997	8.7	12.8	-4.1	12.8	0.0	12.8	
0.18750	-0.3	997	8.7	12.8	-4.1	12.8	0.0	12.8	
0.19141	-0.3	997	8.8	12.8	-4.0	12.8	0.0	12.8	
0.19531	-0.2	997	8.8	12.8	-4.0	12.8	0.0	12.8	
0.19922	-0.2	997	8.8	12.8	-4.0	12.8	0.0	12.8	
0.20312	-0.2	997	8.8	12.8	-4.0	12.8	0.0	12.8	
0.20703	-0.2	997	8.8	12.7	-3.9	12.7	0.0	12.7	
0.21094	-0.2	997	8.8	12.7	-3.9	12.7	0.0	12.7	
0.21484	-0.2	997	8.8	12.7	-3.9	12.7	0.0	12.7	
0.21875	-0.2	997	8.8	12.7	-3.9	12.7	0.0	12.7	
0.22266	-0.2	997	8.8	12.7	-3.9	12.7	0.0	12.7	
0.22656	-0.2	997	8.8	12.7	-3.9	12.7	0.0	12.7	
0.23047	-0.1	997	8.8	12.7	-3.9	12.7	0.0	12.7	
0.23438	-0.1	997	8.8	12.7	-3.9	12.7	0.0	12.7	
0.23828	-0.2	997	8.8	12.7	-3.9	12.7	0.0	12.7	
0.24219	-0.2	997	8.8	12.7	-3.9	12.7	0.0	12.7	
0.24609	-0.2	997	8.7	12.7	-4.0	12.7	0.0	12.7	
0.25000	-0.2	997	8.7	12.7	-4.0	12.7	0.0	12.7	
0.25391	-0.2	997	8.7	12.7	-4.0	12.7	0.0	12.7	
0.25781	-0.2	997	8.7	12.7	-4.0	12.7	0.0	12.7	
0.26172	-0.2	997	8.7	12.7	-4.0	12.7	0.0	12.7	
0.26562	-0.2	997	8.7	12.7	-4.0	12.7	0.0	12.7	
0.26953	-0.2	997	8.7	12.7	-4.0	12.7	0.0	12.7	
0.27344	-0.2	997	8.7	12.7	-4.0	12.7	0.0	12.7	
0.27734	-0.2	997	8.7	12.7	-4.0	12.7	0.0	12.7	
0.28125	-0.2	997	8.7	12.7	-4.0	12.7	0.0	12.7	
0.28516	-0.2	997	8.7	12.7	-4.0	12.7	0.0	12.7	
0.28906	-0.2	997	8.7	12.7	-4.0	12.7	0.0	12.7	
0.29297	-0.2	997	8.7	12.7	-4.0	12.7	0.0	12.7	
0.29688	-0.2	997	8.7	12.7	-4.0	12.7	0.0	12.7	
0.30078	-0.2	997	8.7	12.7	-4.0	12.7	0.0	12.7	
0.30469	-0.2	997	8.7	12.7	-4.0	12.7	0.0	12.7	
0.30859	-0.2	997	8.7	12.6	-3.9	12.6	0.0	12.6	
0.31250	-0.2	997	8.7	12.6	-3.9	12.6	0.0	12.6	
0.31641	-0.2	997	8.7	12.6	-3.9	12.6	0.0	12.6	
0.32031	-0.2	997	8.7	12.6	-3.9	12.6	0.0	12.6	
0.32422	-0.2	997	8.7	12.6	-3.9	12.6	0.0	12.6	
0.32812	-0.2	997	8.7	12.6	-3.9	12.6	0.0	12.6	
0.33203	-0.2	997	8.7	12.6	-3.9	12.6	0.0	12.6	
0.33594	-0.2	997	8.7	12.6	-3.9	12.6	0.0	12.6	
0.33984	-0.2	997	8.7	12.6	-3.9	12.6	0.0	12.6	
0.34375	-0.2	996	8.7	12.6	-3.9	12.6	0.0	12.6	
0.34766	-0.3	996	8.7	12.6	-3.9	12.6	0.0	12.6	
0.35156	-0.3	996	8.7	12.6	-3.9	12.6	0.0	12.6	
0.35547	-0.2	996	8.7	12.6	-3.9	12.6	0.0	12.6	
0.35938	-0.3	996	8.7	12.6	-3.9	12.6	0.0	12.6	
0.36328	-0.2	996	8.7	12.6	-3.9	12.6	0.0	12.6	
0.36719	-0.2	996	8.7	12.6	-3.9	12.6	0.0	12.6	
0.37109	-0.2	996	8.7	12.6	-3.9	12.6	0.0	12.6	
0.37500	-0.2	996	8.7	12.6	-3.9	12.6	0.0	12.6	
0.37891	-0.2	996	8.7	12.6	-3.9	12.6	0.0	12.6	
0.38281	-0.2	996	8.7	12.6	-3.9	12.6	0.0	12.6	
0.38672	-0.2	996	8.7	12.6	-3.9	12.6	0.0	12.6	
0.39062	-0.2	996	8.8	12.6	-3.8	12.6	0.0	12.6	
0.39453	-0.2	996	8.7	12.6	-3.9	12.6	0.0	12.6	
0.39844	-0.2	996	8.7	12.6	-3.9	12.6	0.0	12.6	
0.40234	-0.2	996	8.7	12.6	-3.9	12.6	0.0	12.6	
0.40625	-0.2	996	8.7	12.6	-3.9	12.6	0.0	12.6	
0.41016	-0.1	996	8.7	12.6	-3.9	12.6	0.0	12.6	
0.41406	-0.1	996	8.7	12.6	-3.9	12.6	0.0	12.6	
0.41797	-0.1	996	8.7	12.6	-3.9	12.6	0.0	12.6	
0.42188	-0.1	996	8.7	12.6	-3.9	12.6	0.0	12.6	
0.42578	-0.1	996	8.6	12.6	-4.0	12.6	0.0	12.6	
0.42969	-0.1	996	8.6	12.6	-4.0	12.6	0.0	12.6	
0.43359	-0.1	996	8.6	12.6	-4.0	12.6	0.0	12.6	
0.43750	-0.1	996	8.6	12.6	-4.0	12.6	0.0	12.6	
0.44141	-0.1	996	8.6	12.6	-4.0	12.6	0.0	12.6	
0.44531	-0.1	996	8.5	12.6	-4.1	12.6	0.0	12.6	
0.44922	-0.1	996	8.5	12.6	-4.1	12.6	0.0	12.6	
0.45312	-0.1	996	8.5	12.6	-4.1	12.6	0.0	12.6	
0.45703	-0.1	996	8.5	12.6	-4.1	12.6	0.0	12.6	
0.46094	-0.2	996	8.5	12.6	-4.1	12.6	0.0	12.6	
0.46484	-0.2	996	8.5	12.6	-4.1	12.6	0.0	12.6	
0.46875	-0.1	996	8.4	12.6	-4.2	12.6	0.0	12.6	
0.47266	-0.2	996	8.4	12.6	-4.2	12.6	0.0	12.6	
0.47656	-0.1	996	8.4	12.6	-4.2	12.6	0.0	12.6	
0.48047	-0.2	996	8.4	12.5	-4.1	12.5	0.0	12.5	
0.48438	-0.2	996	8.4	12.5	-4.1	12.5	0.0	12.5	
0.48828	-0.1	996	8.4	12.5	-4.1	12.5	0.0	12.5	
0.49219	-0.0	996	8.4	12.5	-4.1	12.5	0.0	12.5	
0.49609	-0.1	996	8.3	12.5	-4.2	12.5	0.0	12.5	
0.50000	-0.0	996	8.3	12.5	-4.2	12.5	0.0	12.5	
0.50391	-0.0	996	8.3	12.4	-4.1	12.4	0.0	12.4	
0.50781	0.0	996	8.3	12.4	-4.1	12.4	0.0	12.4	
0.51172	-0.0	996	8.2	12.4	-4.2	12.4	0.0	12.4	
0.51562	-0.1	996	8.2	12.4	-4.2	12.4	0.0	12.4	
0.51953	-0.1	996	8.2	12.4	-4.2	12.4	0.0	12.4	
0.52344	-0.1	996	8.2	12.4	-4.2	12.4	0.0	12.4	
0.52734	-0.1	996	8.2	12.4	-4.2	12.4	0.0	12.4	
0.53125	-0.2	996	8.2	12.4	-4.2	12.4	0.0	12.4	
0.53516	-0.2	996	8.2	12.4	-4.2	12.4	0.0	12.4	
0.53906	-0.3	996	8.2	12.4	-4.2	12.4	0.0	12.4	
0.54297	-0.4	996	8.2	12.4	-4.2	12.4	0.0	12.4	
0.54688	-0.4	996	8.2	12.4	-4.2	12.4	0.0	12.4	
0.55078	-0.4	996	8.3	12.4	-4.1	12.4	0.0	12.4	
0.55469	-0.4	996	8.3	12.4	-4.1	12.4	0.0	12.4	
0.55859	-0.5	996	8.3	12.5	-4.2	12.5	0.0	12.5	
0.56250	-0.5	996	8.4	12.5	-4.1	12.5	0.0	12.5	
0.56641	-0.5	996	8.4	12.5	-4.1	12.5	0.0	12.5	
0.57031	-0.5	996	8.5	12.5	-4.0	12.5	0.0	12.5	
0.57422	-0.4	996	8.5	12.5	-4.0	12.5	0.0	12.5	
0.57812	-0.4	996	8.5	12.5	-4.0	12.5	0.0	12.5	
0.58203	-0.4	996	8.6	12.5	-3.9	12.5	0.0	12.5	
0.58594	-0.4	996	8.6	12.5	-3.9	12.5	0.0	12.5	
0.58984	-0.3	996	8.6	12.6	-4.0	12.6	0.0	12.6	
0.59375	-0.3	996	8.6	12.6	-4.0	12.6	0.0	12.6	
0.59766	-0.3	996	8.7	12.6	-3.9	12.6	0.0	12.6	
0.60156	-0.3	996	8.7	12.6	-3.9	12.6	0.0	12.6	
0.60547	-0.3	996	8.7	12.6	-3.9	12.6	0.0	12.6	
0.60938	-0.2	996	8.7	12.6	-3.9	12.6	0.0	12.6	
0.61328	-0.2	996	8.7	12.6	-3.9	12.6	0.0	12.6	
0.61719	-0.2	996	8.7	12.6	-3.9	12.6	0.0	12.6	
0.62109	-0.2	996	8.7	12.7	-4.0	12.7	0.0	12.7	
0.62500	-0.2	996	8.8	12.7	-3.9	12.7	0.0	12.7	
0.62891	-0.3	995	8.8	12.7	-3.9	12.7	0.0	12.7	
0.63281	-0.2	995	8.8	12.7	-3.9	12.7	0.0	12.7	
0.63672	-0.3	995	8.8	12.7	-3.9	12.7	0.0	12.7	
0.64062	-0.3	995	8.8	12.7	-3.9	12.7	0.0	12.7	
0.64453	-0.2	995	8.8	12.7	-3.9	12.7	0.0	12.7	
0.64844	-0.3	995	8.8	12.7	-3.9	12.7	0.0	12.7	
0.65234	-0.2	995	8.8	12.7	-3.9	12.7	0.0	12.7	
0.65625	-0.2	995	8.8	12.7	-3.9	12.7	0.0	12.7	
0.66016	-0.2	995	8.8	12.7	-3.9	12.7	0.0	12.7	
0.66406	-0.2	995	8.8	12.7	-3.9	12.7	0.0	12.7	
0.66797	-0.2	995	8.8	12.7	-3.9	12.7	0.0	12.7	
0.67188	-0.1	995	8.8	12.7	-3.9	12.7	0.0	12.7	
0.67578	-0.1	995	8.8	12.7	-3.9	12.7	0.0	12.7	
0.67969	-0.1	995	8.8	12.6	-3.8	12.6	0.0	12.6	
0.68359	-0.1	995	8.8	12.6	-3.8	12.6	0.0	12.6	
0.68750	-0.1	995	8.8	12.6	-3.8	12.6	0.0	12.6	
0.69141	-0.1	995	8.7	12.6	-3.9	12.6	0.0	12.6	
0.69531	-0.1	995	8.7	12.6	-3.9	12.6	0.0	12.6	
0.69922	-0.1	995	8.7	12.6	-3.9	12.6	0.0	12.6	
0.70312	-0.1	995	8.7	12.6	-3.9	12.6	0.0	12.6	
0.70703	-0.1	995	8.7	12.6	-3.9	12.6	0.0	12.6	
0.71094	-0.2	995	8.7	12.6	-3.9	12.6	0.0	12.6	
0.71484	-0.2	995	8.6	12.6	-4.0	12.6	0.0	12.6	
0.71875	-0.2	995	8.6	12.6	-4.0	12.6	0.0	12.6	
0.72266	-0.2	995	8.6	12.6	-4.0	12.6	0.0	12.6	
0.72656	-0.2	995	8.6	12.6	-4.0	12.6	0.0	12.6	
0.73047	-0.2	995	8.6	12.6	-4.0	12.6	0.0	12.6	
0.73438	-0.2	995	8.6	12.6	-4.0	12.6	0.0	12.6	
0.73828	-0.2	995	8.6	12.6	-4.0	12.6	0.0	12.6	
0.74219	-0.2	995	8.6	12.6	-4.0	12.6	0.0	12.6	
0.74609	-0.3	995	8.6	12.6	-4.0	12.6	0.0	12.6	
0.75000	-0.3	995	8.6	12.6	-4.0	12.6	0.0	12.6	
0.75391	-0.2	995	8.7	12.6	-3.9	12.6	0.0	12.6	
0.75781	-0.2	995	8.7	12.6	-3.9	12.6	0.0	12.6	
0.76172	-0.2	995	8.7	12.6	-3.9	12.6	0.0	12.6	
0.76562	-0.2	995	8.7	12.6	-3.9	12.6	0.0	12.6	
0.76953	-0.3	995	8.7	12.6	-3.9	12.6	0.0	12.6	
0.77344	-0.3	995	8.7	12.5	-3.8	12.5	0.0	12.5	
0.77734	-0.2	995	8.7	12.5	-3.8	12.5	0.0	12.5	
0.78125	-0.2	995	8.7	12.5	-3.8	12.5	0.0	12.5	
0.78516	-0.3	995	8.7	12.5	-3.8	12.5	0.0	12.5	
0.78906	-0.3	995	8.7	12.5	-3.8	12.5	0.0	12.5	
0.79297	-0.2	995	8.7	12.5	-3.8	12.5	0.0	12.5	
0.79688	-0.2	995	8.7	12.5	-3.8	12.5	0.0	12.5	
0.80078	-0.3	995	8.7	12.5	-3.8	12.5	0.0	12.5	
0.80469	-0.3	995	8.7	12.5	-3.8	12.5	0.0	12.5	
0.80859	-0.3	995	8.7	12.5	-3.8	12.5	0.0	12.5	
0.81250	-0.2	995	8.7	12.5	-3.8	12.5	0.0	12.5	
0.81641	-0.2	995	8.8	12.5	-3.7	12.5	0.0	12.5	
0.82031	-0.3	995	8.8	12.5	-3.7	12.5	0.0	12.5	
0.82422	-0.3	995	8.8	12.5	-3.7	12.5	0.0	12.5	
0.82812	-0.3	995	8.8	12.5	-3.7	12.5	0.0	12.5	
0.83203	-0.3	995	8.8	12.5	-3.7	12.5	0.0	12.5	
0.83594	-0.3	995	8.8	12.5	-3.7	12.5	0.0	12.5	
0.83984	-0.3	995	8.8	12.5	-3.7	12.5	0.0	12.5	
0.84375	-0.2	995	8.8	12.5	-3.7	12.5	0.0	12.5	
0.84766	-0.2	995	8.8	12.5	-3.7	12.5	0.0	12.5	
0.85156	-0.2	995	8.8	12.5	-3.7	12.5	0.0	12.5	
0.85547	-0.2	995	8.8	12.5	-3.7	12.5	0.0	12.5	
0.85938	-0.2	995	8.8	12.5	-3.7	12.5	0.0	12.5	
0.86328	-0.2	995	8.8	12.5	-3.7	12.5	0.0	12.5	
0.86719	-0.1	995	8.8	12.5	-3.7	12.5	0.0	12.5	
0.87109	-0.1	995	8.8	12.6	-3.8	12.6	0.0	12.6	
0.87500	-0.1	995	8.8	12.6	-3.8	12.6	0.0	12.6	
0.87891	-0.1	995	8.8	12.6	-3.8	12.6	0.0	12.6	
0.88281	-0.1	995	8.8	12.6	-3.8	12.6	0.0	12.6	
0.88672	-0.1	995	8.7	12.6	-3.9	12.6	0.0	12.6	
0.89062	-0.1	995	8.7	12.6	-3.9	12.6	0.0	12.6	
0.89453	-0.1	995	8.7	12.6	-3.9	12.6	0.0	12.6	
0.89844	-0.1	995	8.7	12.6	-3.9	12.6	0.0	12.6	
0.90234	-0.1	995	8.7	12.6	-3.9	12.6	0.0	12.6	
0.90625	-0.2	995	8.7	12.6	-3.9	12.6	0.0	12.6	
0.91016	-0.2	995	8.6	12.6	-4.0	12.6	0.0	12.6	
0.91406	-0.2	995	8.7	12.6	-3.9	12.6	0.0	12.6	
0.91797	-0.2	995	8.6	12.6	-4.0	12.6	0.0	12.6	
0.92188	-0.2	995	8.6	12.6	-4.0	12.6	0.0	12.6	
0.92578	-0.2	995	8.6	12.6	-4.0	12.6	0.0	12.6	
0.92969	-0.2	995	8.6	12.6	-4.0	12.6	0.0	12.6	
0.93359	-0.2	994	8.6	12.5	-3.9	12.5	0.0	12.5	
0.93750	-0.2	994	8.6	12.6	-4.0	12.6	0.0	12.6	
0.94141	-0.2	994	8.6	12.5	-3.9	12.5	0.0	12.5	
0.94531	-0.1	994	8.6	12.5	-3.9	12.5	0.0	12.5	
0.94922	-0.1	994	8.5	12.5	-4.0	12.5	0.0	12.5	
0.95312	-0.0	994	8.5	12.5	-4.0	12.5	0.0	12.5	
0.95703	0.0	994	8.5	12.4	-3.9	12.4	0.0	12.4	
0.96094	0.0	994	8.5	12.4	-3.9	12.4	0.0	12.4	
0.96484	0.0	994	8.4	12.4	-4.0	12.4	0.0	12.4	
0.96875	0.0	994	8.4	12.4	-4.0	12.4	0.0	12.4	
0.97266	0.0	994	8.4	12.4	-4.0	12.4	0.0	12.4	
0.97656	0.0	994	8.3	12.4	-4.1	12.4	0.0	12.4	
0.98047	-0.1	994	8.3	12.4	-4.1	12.4	0.0	12.4	
0.98438	-0.1	994	8.3	12.4	-4.1	12.4	0.0	12.4	
0.98828	-0.1	994	8.3	12.4	-4.1	12.4	0.0	12.4	
0.99219	-0.2	994	8.3	12.4	-4.1	12.4	0.0	12.4	
0.99609	-0.2	994	8.3	12.4	-4.1	12.4	0.0	12.4	
1.00000	-0.3	994	8.3	12.4	-4.1	12.4	0.0	12.4	
1.00391	-0.3	994	8.3	12.4	-4.1	12.4	0.0	12.4	
1.00781	-0.4	994	8.3	12.4	-4.1	12.4	0.0	12.4	
1.01172	-0.4	994	8.3	12.4	-4.1	12.4	0.0	12.4	
1.01562	-0.4	994	8.4	12.5	-4.1	12.5	0.0	12.5	
1.01953	-0.4	994	8.4	12.5	-4.1	12.5	0.0	12.5	
1.02344	-0.5	994	8.4	12.5	-4.1	12.5	0.0	12.5	
1.02734	-0.5	994	8.5	12.5	-4.0	12.5	0.0	12.5	
1.03125	-0.4	994	8.5	12.5	-4.0	12.5	0.0	12.5	
1.03516	-0.4	994	8.5	12.5	-4.0	12.5	0.0	12.5	
1.03906	-0.4	994	8.6	12.5	-3.9	12.5	0.0	12.5	
1.04297	-0.4	994	8.6	12.5	-3.9	12.5	0.0	12.5	
1.04688	-0.3	994	8.6	12.6	-4.0	12.6	0.0	12.6	
1.05078	-0.3	994	8.6	12.6	-4.0	12.6	0.0	12.6	
1.05469	-0.3	994	8.7	12.6	-3.9	12.6	0.0	12.6	
1.05859	-0.3	994	8.7	12.6	-3.9	12.6	0.0	12.6	
1.06250	-0.3	994	8.7	12.6	-3.9	12.6	0.0	12.6	
1.06641	-0.2	994	8.7	12.6	-3.9	12.6	0.0	12.6	
1.07031	-0.2	994	8.7	12.6	-3.9	12.6	0.0	12.6	
1.07422	-0.2	994	8.8	12.6	-3.8	12.6	0.0	12.6	
1.07812	-0.3	994	8.8	12.6	-3.8	12.6	0.0	12.6	
1.08203	-0.3	994	8.8	12.6	-3.8	12.6	0.0	12.6	
1.08594	-0.3	994	8.8	12.7	-3.9	12.7	0.0	12.7	
1.08984	-0.3	994	8.8	12.7	-3.9	12.7	0.0	12.7	
1.09375	-0.3	994	8.8	12.7	-3.9	12.7	0.0	12.7	
1.09766	-0.3	994	8.8	12.7	-3.9	12.7	0.0	12.7	
1.10156	-0.3	994	8.8	12.7	-3.9	12.7	0.0	12.7	
1.10547	-0.3	994	8.9	12.7	-3.8	12.7	0.0	12.7	
1.10938	-0.3	994	8.9	12.7	-3.8	12.7	0.0	12.7	
1.11328	-0.3	994	8.9	12.7	-3.8	12.7	0.0	12.7	
1.11719	-0.2	994	8.9	12.7	-3.8	12.7	0.0	12.7	
1.12109	-0.3	994	8.9	12.7	-3.8	12.7	0.0	12.7	
1.12500	-0.3	994	9.0	12.7	-3.7	12.7	0.0	12.7	
1.12891	-0.3	994	9.0	12.7	-3.7	12.7	0.0	12.7	
1.13281	-0.2	994	9.0	12.7	-3.7	12.7	0.0	12.7	
1.13672	-0.2	994	9.0	12.7	-3.7	12.7	0.0	12.7	
1.14062	-0.2	994	9.0	12.7	-3.7	12.7	0.0	12.7	
1.14453	-0.2	994	9.0	12.7	-3.7	12.7	0.0	12.7	
1.14844	-0.2	994	9.0	12.7	-3.7	12.7	0.0	12.7	
1.15234	-0.2	994	9.0	12.7	-3.7	12.7	0.0	12.7	
1.15625	-0.2	994	9.0	12.7	-3.7	12.7	0.0	12.7	
1.16016	-0.2	994	9.0	12.7	-3.7	12.7	0.0	12.7	
1.16406	-0.2	994	9.0	12.7	-3.7	12.7	0.0	12.7	
1.16797	-0.2	994	9.0	12.7	-3.7	12.7	0.0	12.7	
1.17188	-0.2	994	9.0	12.7	-3.7	12.7	0.0	12.7	
1.17578	-0.2	994	9.0	12.7	-3.7	12.7	0.0	12.7	
1.17969	-0.2	994	9.0	12.7	-3.7	12.7	0.0	12.7	
1.18359	-0.2	994	9.0	12.7	-3.7	12.7	0.0	12.7	
1.18750	-0.3	993	9.0	12.7	-3.7	12.7	0.0	12.7	
1.19141	-0.3	993	9.0	12.7	-3.7	12.7	0.0	12.7	
1.19531	-0.2	993	9.0	12.7	-3.7	12.7	0.0	12.7	
1.19922	-0.3	993	9.0	12.7	-3.7	12.7	0.0	12.7	
1.20312	-0.3	993	9.0	12.7	-3.7	12.7	0.0	12.7	
1.20703	-0.3	993	9.0	12.7	-3.7	12.7	0.0	12.7	
1.21094	-0.3	993	9.0	12.7	-3.7	12.7	0.0	12.7	
1.21484	-0.3	993	9.0	12.7	-3.7	12.7	0.0	12.7	
1.21875	-0.3	993	9.0	12.7	-3.7	12.7	0.0	12.7	
1.22266	-0.3	993	9.0	12.7	-3.7	12.7	0.0	12.7	
1.22656	-0.3	993	9.1	12.7	-3.6	12.7	0.0	12.7	
1.23047	-0.3	993	9.1	12.7	-3.6	12.7	0.0	12.7	
1.23438	-0.3	993	9.1	12.7	-3.6	12.7	0.0	12.7	
1.23828	-0.3	993	9.1	12.7	-3.6	12.7	0.0	12.7	
1.24219	-0.3	993	9.1	12.7	-3.6	12.7	0.0	12.7	
1.24609	-0.4	993	9.2	12.7	-3.5	12.7	0.0	12.7	
1.25000	-0.4	993	9.2	12.7	-3.5	12.7	0.0	12.7	
1.25391	-0.4	993	9.2	12.7	-3.5	12.7	0.0	12.7	
1.25781	-0.4	993	9.3	12.7	-3.4	12.7	0.0	12.7	
1.26172	-0.4	993	9.3	12.7	-3.4	12.7	0.0	12.7	
1.26562	-0.4	993	9.3	12.7	-3.4	12.7	0.0	12.7	
1.26953	-0.4	993	9.4	12.7	-3.3	12.7	0.0	12.7	
1.27344	-0.4	993	9.4	12.7	-3.3	12.7	0.0	12.7	
1.27734	-0.4	993	9.4	12.7	-3.3	12.7	0.0	12.7	
1.28125	-0.3	993	9.4	12.7	-3.3	12.7	0.0	12.7	
1.28516	-0.3	993	9.5	12.7	-3.2	12.7	0.0	12.7	
1.28906	-0.3	993	9.5	12.7	-3.2	12.7	0.0	12.7	
1.29297	-0.3	993	9.5	12.8	-3.3	12.8	0.0	12.8	
1.29688	-0.3	993	9.5	12.8	-3.3	12.8	0.0	12.8	
1.30078	-0.2	993	9.5	12.8	-3.3	12.8	0.0	12.8	
1.30469	-0.2	993	9.5	12.8	-3.3	12.8	0.0	12.8	
1.30859	-0.2	993	9.5	12.8	-3.3	12.8	0.0	12.8	
1.31250	-0.2	993	9.5	12.8	-3.3	12.8	0.0	12.8	
1.31641	-0.2	993	9.5	12.8	-3.3	12.8	0.0	12.8	
1.32031	-0.2	993	9.5	12.8	-3.3	12.8	0.0	12.8	
1.32422	-0.2	993	9.5	12.8	-3.3	12.8	0.0	12.8	
1.32812	-0.2	993	9.5	12.8	-3.3	12.8	0.0	12.8	
1.33203	-0.1	993	9.5	12.8	-3.3	12.8	0.0	12.8	
1.33594	-0.1	993	9.5	12.9	-3.4	12.9	0.0	12.9	
1.33984	-0.2	993	9.5	12.9	-3.4	12.9	0.0	12.9	
1.34375	-0.2	993	9.5	12.9	-3.4	12.9	0.0	12.9	
1.34766	-0.2	993	9.5	12.9	-3.4	12.9	0.0	12.9	
1.35156	-0.2	993	9.5	12.9	-3.4	12.9	0.0	12.9	
1.35547	-0.2	993	9.4	12.9	-3.5	12.9	0.0	12.9	
1.35938	-0.2	993	9.4	13.0	-3.6	13.0	0.0	13.0	
1.36328	-0.2	993	9.4	13.0	-3.6	13.0	0.0	13.0	
1.36719	-0.2	993	9.4	12.9	-3.5	12.9	0.0	12.9	
1.37109	-0.2	993	9.4	13.0	-3.6	13.0	0.0	13.0	
1.37500	-0.2	993	9.4	13.0	-3.6	13.0	0.0	13.0	
1.37891	-0.2	993	9.4	12.9	-3.5	12.9	0.0	12.9	
1.38281	-0.2	993	9.4	12.9	-3.5	12.9	0.0	12.9	
1.38672	-0.2	993	9.4	12.9	-3.5	12.9	0.0	12.9	
1.39062	-0.2	993	9.4	12.9	-3.5	12.9	0.0	12.9	
1.39453	-0.1	993	9.4	12.9	-3.5	12.9	0.0	12.9	
1.39844	-0.1	993	9.4	12.9	-3.5	12.9	0.0	12.9	
1.40234	-0.1	993	9.4	12.9	-3.5	12.9	0.0	12.9	
1.40625	-0.1	993	9.4	12.9	-3.5	12.9	0.0	12.9	
1.41016	0.0	993	9.3	12.9	-3.6	12.9	0.0	12.9	
1.41406	0.0	993	9.3	12.8	-3.5	12.8	0.0	12.8	
1.41797	-0.0	993	9.3	12.8	-3.5	12.8	0.0	12.8	
1.42188	0.0	993	9.3	12.8	-3.5	12.8	0.0	12.8	
1.42578	0.1	993	9.2	12.8	-3.6	12.8	0.0	12.8	
1.42969	-0.0	993	9.2	12.8	-3.6	12.8	0.0	12.8	
1.43359	-0.1	993	9.2	12.8	-3.6	12.8	0.0	12.8	
1.43750	-0.1	993	9.2	12.8	-3.6	12.8	0.0	12.8	
1.44141	-0.1	993	9.2	12.8	-3.6	12.8	0.0	12.8	
1.44531	-0.2	993	9.2	12.8	-3.6	12.8	0.0	12.8	
1.44922	-0.3	993	9.2	12.8	-3.6	12.8	0.0	12.8	
1.45312	-0.4	992	9.2	12.9	-3.7	12.9	0.0	12.9	
1.45703	-0.5	992	9.2	12.9	-3.7	12.9	0.0	12.9	
1.46094	-0.6	992	9.2	12.9	-3.7	12.9	0.0	12.9	
1.46484	-0.8	992	9.3	12.9	-3.6	12.9	0.0	12.9	
1.46875	-0.9	992	9.4	12.9	-3.5	12.9	0.0	12.9	
1.47266	-1.0	992	9.4	12.9	-3.5	12.9	0.0	12.9	
1.47656	-1.1	992	9.5	13.0	-3.5	13.0	0.0	13.0	
1.48047	-1.2	992	9.6	13.0	-3.4	13.0	0.0	13.0	
1.48438	-1.2	992	9.7	13.0	-3.3	13.0	0.0	13.0	
1.48828	-1.2	992	9.8	13.0	-3.2	13.0	0.0	13.0	
1.49219	-1.3	992	9.8	13.1	-3.3	13.1	0.0	13.1	
1.49609	-1.2	992	9.9	13.1	-3.2	13.1	0.0	13.1	
1.50000	-1.1	992	10.0	13.1	-3.1	13.1	0.0	13.1	
1.50391	-1.1	992	10.1	13.2	-3.1	13.2	0.0	13.2	
1.50781	-1.0	992	10.2	13.2	-3.0	13.2	0.0	13.2	
1.51172	-1.0	992	10.2	13.2	-3.0	13.2	0.0	13.2	
1.51562	-0.9	991	10.3	13.2	-2.9	13.2	0.0	13.2	
1.51953	-0.8	991	10.4	13.2	-2.8	13.2	0.0	13.2	
1.52344	-0.8	991	10.4	13.3	-2.9	13.3	0.0	13.3	
1.52734	-0.8	991	10.5	13.3	-2.8	13.3	0.0	13.3	
1.53125	-0.7	991	10.5	13.3	-2.8	13.3	0.0	13.3	
1.53516	-0.7	991	10.6	13.3	-2.7	13.3	0.0	13.3	
1.53906	-0.8	991	10.6	13.4	-2.8	13.4	0.0	13.4	
1.54297	-0.7	991	10.7	13.4	-2.7	13.4	0.0	13.4	
1.54688	-0.7	991	10.7	13.4	-2.7	13.4	0.0	13.4	
1.55078	-0.8	991	10.8	13.4	-2.6	13.4	0.0	13.4	
1.55469	-0.7	991	10.8	13.5	-2.7	13.5	0.0	13.5	
1.55859	-0.8	991	10.9	13.5	-2.6	13.5	0.0	13.5	
1.56250	-0.8	991	11.0	13.5	-2.5	13.5	0.0	13.5	
1.56641	-0.8	991	11.0	13.5	-2.5	13.5	0.0	13.5	
1.57031	-0.8	991	11.1	13.5	-2.4	13.5	0.0	13.5	
1.57422	-0.7	991	11.1	13.5	-2.4	13.5	0.0	13.5	
1.57812	-0.7	991	11.2	13.6	-2.4	13.6	0.0	13.6	
1.58203	-0.6	991	11.2	13.6	-2.4	13.6	0.0	13.6	
1.58594	-0.6	991	11.3	13.6	-2.3	13.6	0.0	13.6	
1.58984	-0.6	991	11.3	13.6	-2.3	13.6	0.0	13.6	
1.59375	-0.6	991	11.4	13.6	-2.2	13.6	0.0	13.6	
1.59766	-0.6	990	11.4	13.6	-2.2	13.6	0.0	13.6	
1.60156	-0.5	990	11.5	13.7	-2.2	13.7	0.0	13.7	
1.60547	-0.5	990	11.5	13.7	-2.2	13.7	0.0	13.7	
1.60938	-0.6	990	11.5	13.7	-2.2	13.7	0.0	13.7	
1.61328	-0.7	990	11.6	13.7	-2.1	13.7	0.0	13.7	
1.61719	-0.7	990	11.6	13.8	-2.2	13.8	0.0	13.8	
1.62109	-0.8	990	11.7	13.8	-2.1	13.8	0.0	13.8	
1.62500	-0.8	990	11.8	13.8	-2.0	13.8	0.0	13.8	
1.62891	-0.9	990	11.8	13.8	-2.0	13.8	0.0	13.8	
1.63281	-1.0	990	11.9	13.9	-2.0	13.9	0.0	13.9	
1.63672	-1.1	990	12.0	13.9	-1.9	13.9	0.0	13.9	
1.64062	-1.2	990	12.0	13.9	-1.9	13.9	0.0	13.9	
1.64453	-1.2	990	12.1	13.9	-1.8	13.9	0.0	13.9	
1.64844	-1.2	990	12.2	14.0	-1.8	14.0	0.0	14.0	
1.65234	-1.2	990	12.2	14.0	-1.8	14.0	0.0	14.0	
1.65625	-1.2	990	12.3	14.0	-1.7	14.0	0.0	14.0	
1.66016	-1.1	990	12.4	14.1	-1.7	14.1	0.0	14.1	
1.66406	-1.0	989	12.4	14.1	-1.7	14.1	0.0	14.1	
1.66797	-1.0	989	12.5	14.1	-1.6	14.1	0.0	14.1	
1.67188	-0.9	989	12.5	14.2	-1.7	14.2	0.0	14.2	
1.67578	-0.8	989	12.6	14.2	-1.6	14.2	0.0	14.2	
1.67969	-0.7	989	12.7	14.2	-1.5	14.2	0.0	14.2	
1.68359	-0.7	989	12.7	14.2	-1.5	14.2	0.0	14.2	
1.68750	-0.6	989	12.7	14.2	-1.5	14.2	0.0	14.2	
1.69141	-0.5	989	12.8	14.3	-1.5	14.3	0.0	14.3	
1.69531	-0.5	989	12.8	14.3	-1.5	14.3	0.0	14.3	
1.69922	-0.5	989	12.9	14.3	-1.4	14.3	0.0	14.3	
1.70312	-0.6	989	12.9	14.4	-1.5	14.4	0.0	14.4	
1.70703	-0.6	989	13.0	14.4	-1.4	14.4	0.0	14.4	
1.71094	-0.6	989	13.0	14.4	-1.4	14.4	0.0	14.4	
1.71484	-0.7	989	13.0	14.5	-1.5	14.5	0.0	14.5	
1.71875	-0.7	989	13.1	14.5	-1.4	14.5	0.0	14.5	
1.72266	-0.7	989	13.1	14.5	-1.4	14.5	0.0	14.5	
1.72656	-0.7	989	13.2	14.5	-1.3	14.5	0.0	14.5	
1.73047	-0.8	989	13.3	14.6	-1.3	14.6	0.0	14.6	
1.73438	-0.8	989	13.3	14.6	-1.3	14.6	0.0	14.6	
1.73828	-0.8	989	13.4	14.6	-1.2	14.6	0.0	14.6	
1.74219	-0.7	989	13.4	14.7	-1.3	14.7	0.0	14.7	
1.74609	-0.7	988	13.5	14.7	-1.2	14.7	0.0	14.7	
1.75000	-0.7	988	13.5	14.7	-1.2	14.7	0.0	14.7	
1.75391	-0.7	988	13.6	14.7	-1.1	14.7	0.0	14.7	
1.75781	-0.6	988	13.6	14.8	-1.2	14.8	0.0	14.8	
1.76172	-0.5	988	13.6	14.8	-1.2	14.8	0.0	14.8	
1.76562	-0.5	988	13.7	14.8	-1.1	14.8	0.0	14.8	
1.76953	-0.4	988	13.7	14.9	-1.2	14.9	0.0	14.9	
1.77344	-0.4	988	13.7	14.9	-1.2	14.9	0.0	14.9	
1.77734	-0.3	988	13.7	14.9	-1.2	14.9	0.0	14.9	
1.78125	-0.3	988	13.7	15.0	-1.3	15.0	0.0	15.0	
1.78516	-0.3	988	13.8	15.0	-1.2	15.0	0.0	15.0	
1.78906	-0.2	988	13.8	15.1	-1.3	15.1	0.0	15.1	
1.79297	-0.2	988	13.8	15.1	-1.3	15.1	0.0	15.1	
1.79688	-0.2	988	13.8	15.2	-1.4	15.2	0.0	15.2	
1.80078	-0.2	988	13.8	15.2	-1.4	15.2	0.0	15.2	
1.80469	-0.2	988	13.8	15.3	-1.5	15.3	0.0	15.3	
1.80859	-0.2	988	13.8	15.3	-1.5	15.3	0.0	15.3	
1.81250	-0.2	988	13.8	15.3	-1.5	15.3	0.0	15.3	
1.81641	-0.2	988	13.8	15.4	-1.6	15.4	0.0	15.4	
1.82031	-0.3	988	13.8	15.4	-1.6	15.4	0.0	15.4	
1.82422	-0.4	988	13.8	15.4	-1.6	15.4	0.0	15.4	
1.82812	-0.4	988	13.8	15.5	-1.7	15.5	0.0	15.5	
1.83203	-0.4	988	13.8	15.5	-1.7	15.5	0.0	15.5	
1.83594	-0.5	988	13.9	15.6	-1.7	15.6	0.0	15.6	
1.83984	-0.5	988	13.9	15.6	-1.7	15.6	0.0	15.6	
1.84375	-0.5	988	13.9	15.6	-1.7	15.6	0.0	15.6	
1.84766	-0.6	988	13.9	15.6	-1.7	15.6	0.0	15.6	
1.85156	-0.6	988	14.0	15.6	-1.6	15.6	0.0	15.6	
1.85547	-0.6	988	14.0	15.6	-1.6	15.6	0.0	15.6	
1.85938	-0.6	988	14.1	15.7	-1.6	15.7	0.0	15.7	
1.86328	-0.6	988	14.1	15.7	-1.6	15.7	0.0	15.7	
1.86719	-0.7	988	14.2	15.7	-1.5	15.7	0.0	15.7	
1.87109	-0.7	988	14.2	15.7	-1.5	15.7	0.0	15.7	
1.87500	-0.6	988	14.3	15.8	-1.5	15.8	0.0	15.8	
1.87891	-0.6	988	14.3	15.8	-1.5	15.8	0.0	15.8	
1.88281	-0.6	987	14.4	15.8	-1.4	15.8	0.0	15.8	
1.88672	-0.7	987	14.4	15.9	-1.5	15.9	0.0	15.9	
1.89062	-0.7	987	14.5	15.9	-1.4	15.9	0.0	15.9	
1.89453	-0.7	987	14.5	16.0	-1.5	16.0	0.0	16.0	
1.89844	-0.8	987	14.6	16.0	-1.4	16.0	0.0	16.0	
1.90234	-0.8	987	14.6	16.0	-1.4	16.0	0.0	16.0	
1.90625	-0.8	987	14.7	16.1	-1.4	16.1	0.0	16.1	
1.91016	-0.8	987	14.8	16.2	-1.4	16.2	0.0	16.2	
1.91406	-0.9	987	14.8	16.2	-1.4	16.2	0.0	16.2	
1.91797	-0.9	987	14.8	16.3	-1.5	16.3	0.0	16.3	
1.92188	-0.9	987	14.9	16.3	-1.4	16.3	0.0	16.3	
1.92578	-0.8	987	15.0	16.4	-1.4	16.4	0.0	16.4	
1.92969	-0.9	987	15.0	16.4	-1.4	16.4	0.0	16.4	
1.93359	-0.8	987	15.1	16.5	-1.4	16.5	0.0	16.5	
1.93750	-0.7	987	15.1	16.5	-1.4	16.5	0.0	16.5	
1.94141	-0.7	987	15.2	16.6	-1.4	16.6	0.0	16.6	
1.94531	-0.7	987	15.2	16.6	-1.4	16.6	0.0	16.6	
1.94922	-0.6	987	15.2	16.6	-1.4	16.6	0.0	16.6	
1.95312	-0.5	987	15.3	16.7	-1.4	16.7	0.0	16.7	
1.95703	-0.4	987	15.3	16.7	-1.4	16.7	0.0	16.7	
1.96094	-0.4	987	15.3	16.8	-1.5	16.8	0.0	16.8	
1.96484	-0.4	987	15.3	16.8	-1.5	16.8	0.0	16.8	
1.96875	-0.4	986	15.4	16.9	-1.5	16.9	0.0	16.9	
1.97266	-0.4	986	15.4	16.9	-1.5	16.9	0.0	16.9	
1.97656	-0.4	986	15.4	16.9	-1.5	16.9	0.0	16.9	
1.98047	-0.4	986	15.5	17.0	-1.5	17.0	0.0	17.0	
1.98438	-0.4	986	15.5	17.0	-1.5	17.0	0.0	17.0	
1.98828	-0.5	986	15.5	17.0	-1.5	17.0	0.0	17.0	
1.99219	-0.5	986	15.5	17.1	-1.6	17.1	0.0	17.1	
1.99609	-0.6	986	15.6	17.1	-1.5	17.1	0.0	17.1	
2.00000	-0.7	986	15.6	17.1	-1.5	17.1	0.0	17.1	
2.00391	-0.7	986	15.6	17.1	-1.5	17.1	0.0	17.1	
2.00781	-0.7	986	15.7	17.1	-1.4	17.1	0.0	17.1	
2.01172	-0.7	986	15.7	17.2	-1.5	17.2	0.0	17.2	
2.01562	-0.7	986	15.8	17.2	-1.4	17.2	0.0	17.2	
2.01953	-0.7	986	15.8	17.2	-1.4	17.2	0.0	17.2	
2.02344	-0.7	986	15.9	17.2	-1.3	17.2	0.0	17.2	
2.02734	-0.6	986	15.9	17.2	-1.3	17.2	0.0	17.2	
2.03125	-0.6	986	15.9	17.2	-1.3	17.2	0.0	17.2	
2.03516	-0.5	986	15.9	17.2	-1.3	17.2	0.0	17.2	
2.03906	-0.4	986	16.0	17.2	-1.2	17.2	0.0	17.2	
2.04297	-0.3	986	16.0	17.3	-1.3	17.3	0.0	17.3	
2.04688	-0.3	986	16.0	17.3	-1.3	17.3	0.0	17.3	
2.05078	-0.2	986	16.0	17.3	-1.3	17.3	0.0	17.3	
2.05469	-0.3	986	16.0	17.3	-1.3	17.3	0.0	17.3	
2.05859	-0.2	986	16.0	17.3	-1.3	17.3	0.0	17.3	
2.06250	-0.2	986	16.0	17.3	-1.3	17.3	0.0	17.3	
2.06641	-0.1	986	16.0	17.3	-1.3	17.3	0.0	17.3	
2.07031	-0.1	986	16.0	17.3	-1.3	17.3	0.0	17.3	
2.07422	-0.1	986	16.0	17.4	-1.4	17.4	0.0	17.4	
2.07812	-0.2	986	16.0	17.4	-1.4	17.4	0.0	17.4	
2.08203	-0.2	986	16.0	17.4	-1.4	17.4	0.0	17.4	
2.08594	-0.1	986	15.9	17.4	-1.5	17.4	0.0	17.4	
2.08984	-0.1	986	15.9	17.4	-1.5	17.4	0.0	17.4	
2.09375	-0.1	986	15.9	17.4	-1.5	17.4	0.0	17.4	
2.09766	-0.2	986	15.9	17.5	-1.6	17.5	0.0	17.5	
2.10156	-0.2	986	15.9	17.5	-1.6	17.5	0.0	17.5	
2.10547	-0.2	986	15.9	17.5	-1.6	17.5	0.0	17.5	
2.10938	-0.2	986	15.8	17.5	-1.7	17.5	0.0	17.5	
2.11328	-0.2	986	15.8	17.5	-1.7	17.5	0.0	17.5	
2.11719	-0.2	986	15.8	17.5	-1.7	17.5	0.0	17.5	
2.12109	-0.2	986	15.8	17.5	-1.7	17.5	0.0	17.5	
2.12500	-0.3	986	15.8	17.5	-1.7	17.5	0.0	17.5	
2.12891	-0.3	986	15.8	17.5	-1.7	17.5	0.0	17.5	
2.13281	-0.2	986	15.8	17.5	-1.7	17.5	0.0	17.5	
2.13672	-0.3	985	15.8	17.5	-1.7	17.5	0.0	17.5	
2.14062	-0.4	985	15.8	17.5	-1.7	17.5	0.0	17.5	
2.14453	-0.4	985	15.9	17.6	-1.7	17.6	0.0	17.6	
2.14844	-0.4	985	15.9	17.6	-1.7	17.6	0.0	17.6	
2.15234	-0.4	985	15.9	17.6	-1.7	17.6	0.0	17.6	
2.15625	-0.5	985	15.9	17.6	-1.7	17.6	0.0	17.6	
2.16016	-0.5	985	16.0	17.6	-1.6	17.6	0.0	17.6	
2.16406	-0.6	985	16.0	17.6	-1.6	17.6	0.0	17.6	
2.16797	-0.6	985	16.0	17.6	-1.6	17.6	0.0	17.6	
2.17188	-0.6	985	16.1	17.6	-1.5	17.6	0.0	17.6	
2.17578	-0.6	985	16.2	17.6	-1.4	17.6	0.0	17.6	
2.17969	-0.7	985	16.2	17.6	-1.4	17.6	0.0	17.6	
2.18359	-0.7	985	16.2	17.6	-1.4	17.6	0.0	17.6	
2.18750	-0.7	985	16.3	17.7	-1.4	17.7	0.0	17.7	
2.19141	-0.6	985	16.3	17.7	-1.4	17.7	0.0	17.7	
2.19531	-0.6	985	16.4	17.7	-1.3	17.7	0.0	17.7	
2.19922	-0.6	985	16.4	17.7	-1.3	17.7	0.0	17.7	
2.20312	-0.5	985	16.4	17.7	-1.3	17.7	0.0	17.7	
2.20703	-0.5	985	16.4	17.7	-1.3	17.7	0.0	17.7	
2.21094	-0.4	985	16.5	17.7	-1.2	17.7	0.0	17.7	
2.21484	-0.3	985	16.5	17.7	-1.2	17.7	0.0	17.7	
2.21875	-0.3	985	16.5	17.8	-1.3	17.8	0.0	17.8	
2.22266	-0.3	985	16.5	17.8	-1.3	17.8	0.0	17.8	
2.22656	-0.2	985	16.5	17.8	-1.3	17.8	0.0	17.8	
2.23047	-0.1	985	16.5	17.8	-1.3	17.8	0.0	17.8	
2.23438	-0.1	985	16.5	17.9	-1.4	17.9	0.0	17.9	
2.23828	-0.1	985	16.5	17.9	-1.4	17.9	0.0	17.9	
2.24219	-0.1	985	16.5	17.9	-1.4	17.9	0.0	17.9	
2.24609	-0.1	985	16.5	18.0	-1.5	18.0	0.0	18.0	
2.25000	-0.1	985	16.4	18.0	-1.6	18.0	0.0	18.0	
2.25391	-0.1	985	16.4	18.0	-1.6	18.0	0.0	18.0	
2.25781	-0.2	985	16.4	18.1	-1.7	18.1	0.0	18.1	
2.26172	-0.2	985	16.4	18.1	-1.7	18.1	0.0	18.1	
2.26562	-0.2	985	16.4	18.2	-1.8	18.2	0.0	18.2	
2.26953	-0.3	985	16.3	18.2	-1.9	18.2	0.0	18.2	
2.27344	-0.3	985	16.4	18.3	-1.9	18.3	0.0	18.3	
2.27734	-0.3	985	16.4	18.3	-1.9	18.3	0.0	18.3	
2.28125	-0.3	985	16.4	18.3	-1.9	18.3	0.0	18.3	
2.28516	-0.4	985	16.4	18.4	-2.0	18.4	0.0	18.4	
2.28906	-0.4	985	16.4	18.4	-2.0	18.4	0.0	18.4	
2.29297	-0.4	985	16.4	18.4	-2.0	18.4	0.0	18.4	
2.29688	-0.4	984	16.4	18.4	-2.0	18.4	0.0	18.4	
2.30078	-0.4	984	16.5	18.4	-1.9	18.4	0.0	18.4	
2.30469	-0.4	984	16.5	18.4	-1.9	18.4	0.0	18.4	
2.30859	-0.4	984	16.5	18.4	-1.9	18.4	0.0	18.4	
2.31250	-0.3	984	16.5	18.4	-1.9	18.4	0.0	18.4	
2.31641	-0.3	984	16.5	18.5	-2.0	18.5	0.0	18.5	
2.32031	-0.3	984	16.6	18.5	-1.9	18.5	0.0	18.5	
2.32422	-0.3	984	16.6	18.5	-1.9	18.5	0.0	18.5	
2.32812	-0.3	984	16.6	18.5	-1.9	18.5	0.0	18.5	
2.33203	-0.3	984	16.6	18.5	-1.9	18.5	0.0	18.5	
2.33594	-0.3	984	16.6	18.5	-1.9	18.5	0.0	18.5	
2.33984	-0.3	984	16.6	18.5	-1.9	18.5	0.0	18.5	
2.34375	-0.3	984	16.6	18.5	-1.9	18.5	0.0	18.5	
2.34766	-0.2	984	16.6	18.6	-2.0	18.6	0.0	18.6	
2.35156	-0.2	984	16.6	18.6	-2.0	18.6	0.0	18.6	
2.35547	-0.2	984	16.6	18.6	-2.0	18.6	0.0	18.6	
2.35938	-0.1	984	16.6	18.7	-2.1	18.7	0.0	18.7	
2.36328	-0.1	984	16.6	18.7	-2.1	18.7	0.0	18.7	
2.36719	-0.0	984	16.6	18.7	-2.1	18.7	0.0	18.7	
2.37109	0.1	984	16.5	18.8	-2.3	18.8	0.0	18.8	
2.37500	0.2	984	16.5	18.8	-2.3	18.8	0.0	18.8	
2.37891	0.2	984	16.5	18.8	-2.3	18.8	0.0	18.8	
2.38281	0.4	984	16.4	18.8	-2.4	18.8	0.0	18.8	
2.38672	0.4	984	16.3	18.8	-2.5	18.8	0.0	18.8	
2.39062	0.5	984	16.3	18.9	-2.6	18.9	0.0	18.9	
2.39453	0.6	984	16.2	18.9	-2.7	18.9	0.0	18.9	
2.39844	0.6	984	16.1	18.9	-2.8	18.9	0.0	18.9	
2.40234	0.7	984	16.1	18.9	-2.8	18.9	0.0	18.9	
2.40625	0.7	984	16.0	18.9	-2.9	18.9	0.0	18.9	
2.41016	0.7	985	15.9	18.9	-3.0	18.9	0.0	18.9	
2.41406	0.7	985	15.8	18.9	-3.1	18.9	0.0	18.9	
2.41797	0.6	985	15.8	18.9	-3.1	18.9	0.0	18.9	
2.42188	0.6	985	15.7	18.8	-3.1	18.8	0.0	18.8	
2.42578	0.6	985	15.6	18.8	-3.2	18.8	0.0	18.8	
2.42969	0.6	985	15.5	18.8	-3.3	18.8	0.0	18.8	
2.43359	0.6	985	15.5	18.8	-3.3	18.8	0.0	18.8	
2.43750	0.6	985	15.4	18.8	-3.4	18.8	0.0	18.8	
2.44141	0.7	985	15.3	18.8	-3.5	18.8	0.0	18.8	
2.44531	0.7	985	15.2	18.8	-3.6	18.8	0.0	18.8	
2.44922	0.8	985	15.1	18.7	-3.6	18.7	0.0	18.7	
2.45312	0.9	985	15.0	18.7	-3.7	18.7	0.0	18.7	
2.45703	1.0	985	15.0	18.6	-3.6	18.6	0.0	18.6	
2.46094	1.1	985	14.9	18.6	-3.7	18.6	0.0	18.6	
2.46484	1.3	985	14.7	18.5	-3.8	18.5	0.0	18.5	
2.46875	1.4	985	14.6	18.5	-3.9	18.5	0.0	18.5	
2.47266	1.6	985	14.5	18.4	-3.9	18.4	0.0	18.4	
2.47656	1.8	986	14.4	18.4	-4.0	18.4	0.0	18.4	
2.48047	2.0	986	14.2	18.3	-4.1	18.3	0.0	18.3	
2.48438	2.1	986	14.1	18.3	-4.2	18.3	0.0	18.3	
2.48828	2.3	986	14.0	18.2	-4.2	18.2	0.0	18.2	
2.49219	2.6	986	13.8	18.2	-4.4	18.2	0.0	18.2	
2.49609	2.8	986	13.7	18.1	-4.4	18.1	0.0	18.1	
2.50000	3.0	986	13.5	18.0	-4.5	18.0	0.0	18.0	
2.50391	3.3	987	13.3	18.0	-4.7	18.0	0.0	18.0	
2.50781	3.5	987	13.1	17.9	-4.8	17.9	0.0	17.9	
2.51172	3.7	987	12.9	17.9	-5.0	17.9	0.0	17.9	
2.51562	4.0	987	12.7	17.8	-5.1	17.8	0.0	17.8	
2.51953	4.3	988	12.5	17.7	-5.2	17.7	0.0	17.7	
2.52344	4.4	988	12.3	17.7	-5.4	17.7	0.0	17.7	
2.52734	4.6	988	12.1	17.6	-5.5	17.6	0.0	17.6	
2.53125	4.7	989	11.9	17.5	-5.6	17.5	0.0	17.5	
2.53516	4.8	989	11.7	17.4	-5.7	17.4	0.0	17.4	
2.53906	4.8	989	11.5	17.4	-5.9	17.4	0.0	17.4	
2.54297	4.7	990	11.2	17.3	-6.1	17.3	0.0	17.3	
2.54688	4.5	990	11.0	17.2	-6.2	17.2	0.0	17.2	
2.55078	4.3	990	10.8	17.1	-6.3	17.1	0.0	17.1	
2.55469	4.0	990	10.7	17.1	-6.4	17.1	0.0	17.1	
2.55859	3.6	991	10.5	17.0	-6.5	17.0	0.0	17.0	
2.56250	3.1	991	10.4	16.9	-6.5	16.9	0.0	16.9	
2.56641	2.6	991	10.2	16.8	-6.6	16.8	0.0	16.8	
2.57031	2.2	991	10.1	16.7	-6.6	16.7	0.0	16.7	
2.57422	1.7	991	10.0	16.7	-6.7	16.7	0.0	16.7	
2.57812	1.3	991	9.9	16.6	-6.7	16.6	0.0	16.6	
2.58203	0.9	991	9.8	16.5	-6.7	16.5	0.0	16.5	
2.58594	0.6	991	9.8	16.4	-6.6	16.4	0.0	16.4	
2.58984	0.3	991	9.7	16.4	-6.7	16.4	0.0	16.4	
2.59375	0.1	991	9.7	16.3	-6.6	16.3	0.0	16.3	
2.59766	0.0	991	9.6	16.2	-6.6	16.2	0.0	16.2	
2.60156	0.0	991	9.6	16.1	-6.5	16.1	0.0	16.1	
2.60547	0.0	991	9.6	16.1	-6.5	16.1	0.0	16.1	
2.60938	0.1	991	9.5	16.0	-6.5	16.0	0.0	16.0	
2.61328	0.3	991	9.5	15.9	-6.4	15.9	0.0	15.9	
2.61719	0.5	991	9.4	15.8	-6.4	15.8	0.0	15.8	
2.62109	0.6	992	9.4	15.8	-6.4	15.8	0.0	15.8	
2.62500	0.9	992	9.3	15.7	-6.4	15.7	0.0	15.7	
2.62891	1.1	992	9.2	15.6	-6.4	15.6	0.0	15.6	
2.63281	1.2	992	9.2	15.6	-6.4	15.6	0.0	15.6	
2.63672	1.3	992	9.1	15.5	-6.4	15.5	0.0	15.5	
2.64062	1.4	992	9.0	15.4	-6.4	15.4	0.0	15.4	
2.64453	1.5	992	8.9	15.4	-6.5	15.4	0.0	15.4	
2.64844	1.4	992	8.8	15.3	-6.5	15.3	0.0	15.3	
2.65234	1.3	992	8.7	15.3	-6.6	15.3	0.0	15.3	
2.65625	1.2	992	8.6	15.2	-6.6	15.2	0.0	15.2	
2.66016	0.9	992	8.6	15.1	-6.5	15.1	0.0	15.1	
2.66406	0.8	992	8.5	15.1	-6.6	15.1	0.0	15.1	
2.66797	0.6	992	8.5	15.0	-6.5	15.0	0.0	15.0	
2.67188	0.4	992	8.4	15.0	-6.6	15.0	0.0	15.0	
2.67578	0.2	992	8.4	14.9	-6.5	14.9	0.0	14.9	
2.67969	0.0	992	8.4	14.8	-6.4	14.8	0.0	14.8	
2.68359	-0.1	992	8.4	14.8	-6.4	14.8	0.0	14.8	
2.68750	-0.2	992	8.4	14.8	-6.4	14.8	0.0	14.8	
2.69141	-0.3	992	8.4	14.7	-6.3	14.7	0.0	14.7	
2.69531	-0.4	992	8.4	14.7	-6.3	14.7	0.0	14.7	
2.69922	-0.4	992	8.4	14.6	-6.2	14.6	0.0	14.6	
2.70312	-0.4	992	8.4	14.6	-6.2	14.6	0.0	14.6	
2.70703	-0.4	992	8.4	14.6	-6.2	14.6	0.0	14.6	
2.71094	-0.4	992	8.4	14.5	-6.1	14.5	0.0	14.5	
2.71484	-0.3	992	8.4	14.5	-6.1	14.5	0.0	14.5	
2.71875	-0.3	992	8.5	14.4	-5.9	14.4	0.0	14.4	
2.72266	-0.3	992	8.5	14.4	-5.9	14.4	0.0	14.4	
2.72656	-0.2	992	8.5	14.4	-5.9	14.4	0.0	14.4	
2.73047	-0.1	992	8.5	14.4	-5.9	14.4	0.0	14.4	
2.73438	-0.1	992	8.5	14.3	-5.8	14.3	0.0	14.3	
2.73828	-0.1	992	8.5	14.3	-5.8	14.3	0.0	14.3	
2.74219	-0.1	992	8.5	14.3	-5.8	14.3	0.0	14.3	
2.74609	-0.1	992	8.5	14.2	-5.7	14.2	0.0	14.2	
2.75000	-0.1	992	8.5	14.2	-5.7	14.2	0.0	14.2	
2.75391	-0.1	992	8.5	14.2	-5.7	14.2	0.0	14.2	
2.75781	-0.1	992	8.5	14.1	-5.6	14.1	0.0	14.1	
2.76172	-0.1	992	8.5	14.1	-5.6	14.1	0.0	14.1	
2.76562	-0.2	992	8.4	14.0	-5.6	14.0	0.0	14.0	
2.76953	-0.1	992	8.4	14.0	-5.6	14.0	0.0	14.0	
2.77344	-0.1	992	8.4	13.9	-5.5	13.9	0.0	13.9	
2.77734	-0.2	992	8.4	13.9	-5.5	13.9	0.0	13.9	
2.78125	-0.2	992	8.4	13.9	-5.5	13.9	0.0	13.9	
2.78516	-0.1	992	8.4	13.8	-5.4	13.8	0.0	13.8	
2.78906	-0.1	992	8.4	13.8	-5.4	13.8	0.0	13.8	
2.79297	-0.1	992	8.4	13.8	-5.4	13.8	0.0	13.8	
2.79688	-0.1	992	8.4	13.7	-5.3	13.7	0.0	13.7	
2.80078	-0.1	992	8.3	13.7	-5.4	13.7	0.0	13.7	
2.80469	-0.2	992	8.3	13.6	-5.3	13.6	0.0	13.6	
2.80859	-0.2	992	8.3	13.6	-5.3	13.6	0.0	13.6	
2.81250	-0.2	992	8.3	13.6	-5.3	13.6	0.0	13.6	
2.81641	-0.2	992	8.3	13.5	-5.2	13.5	0.0	13.5	
2.82031	-0.2	992	8.3	13.5	-5.2	13.5	0.0	13.5	
2.82422	-0.2	992	8.3	13.5	-5.2	13.5	0.0	13.5	
2.82812	-0.2	992	8.3	13.5	-5.2	13.5	0.0	13.5	
2.83203	-0.3	992	8.3	13.5	-5.2	13.5	0.0	13.5	
2.83594	-0.3	992	8.3	13.4	-5.1	13.4	0.0	13.4	
2.83984	-0.3	992	8.4	13.4	-5.0	13.4	0.0	13.4	
2.84375	-0.3	992	8.4	13.4	-5.0	13.4	0.0	13.4	
2.84766	-0.3	992	8.4	13.4	-5.0	13.4	0.0	13.4	
2.85156	-0.3	992	8.4	13.4	-5.0	13.4	0.0	13.4	
2.85547	-0.3	992	8.5	13.4	-4.9	13.4	0.0	13.4	
2.85938	-0.3	992	8.5	13.4	-4.9	13.4	0.0	13.4	
2.86328	-0.3	992	8.5	13.4	-4.9	13.4	0.0	13.4	
2.86719	-0.3	992	8.6	13.4	-4.8	13.4	0.0	13.4	
2.87109	-0.3	992	8.6	13.4	-4.8	13.4	0.0	13.4	
2.87500	-0.3	992	8.6	13.4	-4.8	13.4	0.0	13.4	
2.87891	-0.3	992	8.6	13.4	-4.8	13.4	0.0	13.4	
2.88281	-0.3	992	8.7	13.4	-4.7	13.4	0.0	13.4	
2.88672	-0.3	992	8.7	13.4	-4.7	13.4	0.0	13.4	
2.89062	-0.2	992	8.7	13.3	-4.6	13.3	0.0	13.3	
2.89453	-0.2	992	8.7	13.4	-4.7	13.4	0.0	13.4	
2.89844	-0.2	992	8.7	13.4	-4.7	13.4	0.0	13.4	
2.90234	-0.2	992	8.7	13.4	-4.7	13.4	0.0	13.4	
2.90625	-0.2	992	8.7	13.4	-4.7	13.4	0.0	13.4	
2.91016	-0.2	992	8.7	13.3	-4.6	13.3	0.0	13.3	
2.91406	-0.2	992	8.7	13.3	-4.6	13.3	0.0	13.3	
2.91797	-0.2	992	8.7	13.3	-4.6	13.3	0.0	13.3	
2.92188	-0.2	992	8.7	13.3	-4.6	13.3	0.0	13.3	
2.92578	-0.1	992	8.7	13.3	-4.6	13.3	0.0	13.3	
2.92969	-0.1	992	8.7	13.3	-4.6	13.3	0.0	13.3	
2.93359	-0.1	992	8.7	13.3	-4.6	13.3	0.0	13.3	
2.93750	-0.1	992	8.7	13.3	-4.6	13.3	0.0	13.3	
2.94141	-0.1	992	8.7	13.3	-4.6	13.3	0.0	13.3	
2.94531	-0.1	992	8.6	13.3	-4.7	13.3	0.0	13.3	
2.94922	-0.1	992	8.6	13.2	-4.6	13.2	0.0	13.2	
2.95312	-0.1	992	8.6	13.2	-4.6	13.2	0.0	13.2	
2.95703	-0.1	992	8.6	13.2	-4.6	13.2	0.0	13.2	
2.96094	-0.1	992	8.6	13.2	-4.6	13.2	0.0	13.2	
2.96484	-0.1	992	8.5	13.2	-4.7	13.2	0.0	13.2	
2.96875	-0.1	991	8.5	13.2	-4.7	13.2	0.0	13.2	
2.97266	-0.1	991	8.5	13.2	-4.7	13.2	0.0	13.2	
2.97656	-0.1	991	8.5	13.2	-4.7	13.2	0.0	13.2	
2.98047	-0.1	991	8.5	13.1	-4.6	13.1	0.0	13.1	
2.98438	-0.1	991	8.5	13.1	-4.6	13.1	0.0	13.1	
2.98828	-0.1	991	8.5	13.1	-4.6	13.1	0.0	13.1	
2.99219	-0.1	991	8.4	13.1	-4.7	13.1	0.0	13.1	
2.99609	-0.2	991	8.4	13.1	-4.7	13.1	0.0	13.1	
3.00000	-0.2	991	8.4	13.1	-4.7	13.1	0.0	13.1	
3.00391	-0.2	991	8.4	13.0	-4.6	13.0	0.0	13.0	
3.00781	-0.2	991	8.4	13.0	-4.6	13.0	0.0	13.0	
3.01172	-0.2	991	8.4	13.0	-4.6	13.0	0.0	13.0	
3.01562	-0.3	991	8.4	13.0	-4.6	13.0	0.0	13.0	
3.01953	-0.3	991	8.4	13.0	-4.6	13.0	0.0	13.0	
3.02344	-0.3	991	8.5	13.0	-4.5	13.0	0.0	13.0	
3.02734	-0.3	991	8.5	13.0	-4.5	13.0	0.0	13.0	
3.03125	-0.3	991	8.5	13.0	-4.5	13.0	0.0	13.0	
3.03516	-0.3	991	8.5	13.0	-4.5	13.0	0.0	13.0	
3.03906	-0.3	991	8.5	13.0	-4.5	13.0	0.0	13.0	
3.04297	-0.3	991	8.5	12.9	-4.4	12.9	0.0	12.9	
3.04688	-0.3	991	8.5	12.9	-4.4	12.9	0.0	12.9	
3.05078	-0.3	991	8.5	12.9	-4.4	12.9	0.0	12.9	
3.05469	-0.3	991	8.5	12.9	-4.4	12.9	0.0	12.9	
3.05859	-0.3	991	8.6	12.9	-4.3	12.9	0.0	12.9	
3.06250	-0.3	991	8.6	12.9	-4.3	12.9	0.0	12.9	
3.06641	-0.3	991	8.6	12.9	-4.3	12.9	0.0	12.9	
3.07031	-0.3	991	8.6	12.9	-4.3	12.9	0.0	12.9	
3.07422	-0.3	991	8.6	12.9	-4.3	12.9	0.0	12.9	
3.07812	-0.3	991	8.6	12.9	-4.3	12.9	0.0	12.9	
3.08203	-0.3	991	8.7	12.9	-4.2	12.9	0.0	12.9	
3.08594	-0.3	991	8.7	12.8	-4.1	12.8	0.0	12.8	
3.08984	-0.4	991	8.7	12.8	-4.1	12.8	0.0	12.8	
3.09375	-0.3	991	8.7	12.8	-4.1	12.8	0.0	12.8	
3.09766	-0.3	991	8.7	12.9	-4.2	12.9	0.0	12.9	
3.10156	-0.3	991	8.8	12.9	-4.1	12.9	0.0	12.9	
3.10547	-0.3	991	8.8	12.9	-4.1	12.9	0.0	12.9	
3.10938	-0.4	991	8.8	12.9	-4.1	12.9	0.0	12.9	
3.11328	-0.3	991	8.8	12.9	-4.1	12.9	0.0	12.9	
3.11719	-0.3	991	8.8	12.9	-4.1	12.9	0.0	12.9	
3.12109	-0.3	991	8.9	12.9	-4.0	12.9	0.0	12.9	
3.12500	-0.2	991	8.9	12.9	-4.0	12.9	0.0	12.9	
3.12891	-0.2	991	8.9	12.9	-4.0	12.9	0.0	12.9	
3.13281	-0.2	991	8.9	12.9	-4.0	12.9	0.0	12.9	
3.13672	-0.2	991	8.9	12.9	-4.0	12.9	0.0	12.9	
3.14062	-0.2	991	8.9	12.9	-4.0	12.9	0.0	12.9	
3.14453	-0.2	991	8.9	12.9	-4.0	12.9	0.0	12.9	
3.14844	-0.1	991	8.9	12.9	-4.0	12.9	0.0	12.9	
3.15234	-0.1	991	8.8	12.9	-4.1	12.9	0.0	12.9	
3.15625	-0.1	991	8.8	12.9	-4.1	12.9	0.0	12.9	
3.16016	-0.1	991	8.8	12.9	-4.1	12.9	0.0	12.9	
3.16406	-0.1	991	8.8	12.9	-4.1	12.9	0.0	12.9	
3.16797	-0.1	991	8.8	12.9	-4.1	12.9	0.0	12.9	
3.17188	-0.1	991	8.7	12.9	-4.2	12.9	0.0	12.9	
3.17578	-0.1	991	8.7	12.9	-4.2	12.9	0.0	12.9	
3.17969	-0.1	991	8.7	12.9	-4.2	12.9	0.0	12.9	
3.18359	-0.1	991	8.6	12.9	-4.3	12.9	0.0	12.9	
3.18750	-0.1	991	8.6	12.9	-4.3	12.9	0.0	12.9	
3.19141	-0.1	991	8.6	12.9	-4.3	12.9	0.0	12.9	
3.19531	-0.2	991	8.6	12.9	-4.3	12.9	0.0	12.9	
3.19922	-0.2	991	8.6	12.9	-4.3	12.9	0.0	12.9	
3.20312	-0.2	991	8.6	12.9	-4.3	12.9	0.0	12.9	
3.20703	-0.2	991	8.5	12.9	-4.4	12.9	0.0	12.9	
3.21094	-0.2	991	8.5	12.8	-4.3	12.8	0.0	12.8	
3.21484	-0.2	991	8.5	12.8	-4.3	12.8	0.0	12.8	
3.21875	-0.2	991	8.5	12.8	-4.3	12.8	0.0	12.8	
3.22266	-0.2	991	8.5	12.8	-4.3	12.8	0.0	12.8	
3.22656	-0.1	991	8.5	12.8	-4.3	12.8	0.0	12.8	
3.23047	-0.1	991	8.5	12.8	-4.3	12.8	0.0	12.8	
3.23438	-0.0	991	8.5	12.7	-4.2	12.7	0.0	12.7	
3.23828	-0.0	991	8.4	12.7	-4.3	12.7	0.0	12.7	
3.24219	0.0	991	8.4	12.7	-4.3	12.7	0.0	12.7	
3.24609	0.1	991	8.4	12.7	-4.3	12.7	0.0	12.7	
3.25000	0.1	991	8.3	12.6	-4.3	12.6	0.0	12.6	
3.25391	0.1	991	8.3	12.6	-4.3	12.6	0.0	12.6	
3.25781	0.1	991	8.3	12.6	-4.3	12.6	0.0	12.6	
3.26172	0.1	991	8.2	12.6	-4.4	12.6	0.0	12.6	
3.26562	0.0	991	8.2	12.6	-4.4	12.6	0.0	12.6	
3.26953	-0.0	991	8.2	12.6	-4.4	12.6	0.0	12.6	
3.27344	-0.1	991	8.2	12.6	-4.4	12.6	0.0	12.6	
3.27734	-0.1	991	8.2	12.6	-4.4	12.6	0.0	12.6	
3.28125	-0.2	991	8.2	12.6	-4.4	12.6	0.0	12.6	
3.28516	-0.3	991	8.2	12.6	-4.4	12.6	0.0	12.6	
3.28906	-0.3	991	8.2	12.6	-4.4	12.6	0.0	12.6	
3.29297	-0.4	991	8.2	12.6	-4.4	12.6	0.0	12.6	
3.29688	-0.4	990	8.2	12.6	-4.4	12.6	0.0	12.6	
3.30078	-0.5	990	8.2	12.6	-4.4	12.6	0.0	12.6	
3.30469	-0.6	990	8.3	12.6	-4.3	12.6	0.0	12.6	
3.30859	-0.6	990	8.3	12.6	-4.3	12.6	0.0	12.6	
3.31250	-0.5	990	8.3	12.6	-4.3	12.6	0.0	12.6	
3.31641	-0.5	990	8.4	12.7	-4.3	12.7	0.0	12.7	
3.32031	-0.5	990	8.4	12.7	-4.3	12.7	0.0	12.7	
3.32422	-0.5	990	8.5	12.7	-4.2	12.7	0.0	12.7	
3.32812	-0.4	990	8.5	12.7	-4.2	12.7	0.0	12.7	
3.33203	-0.4	990	8.6	12.7	-4.1	12.7	0.0	12.7	
3.33594	-0.4	990	8.6	12.7	-4.1	12.7	0.0	12.7	
3.33984	-0.4	990	8.6	12.8	-4.2	12.8	0.0	12.8	
3.34375	-0.4	990	8.6	12.8	-4.2	12.8	0.0	12.8	
3.34766	-0.4	990	8.7	12.8	-4.1	12.8	0.0	12.8	
3.35156	-0.3	990	8.7	12.8	-4.1	12.8	0.0	12.8	
3.35547	-0.3	990	8.7	12.8	-4.1	12.8	0.0	12.8	
3.35938	-0.3	990	8.7	12.8	-4.1	12.8	0.0	12.8	
3.36328	-0.2	990	8.8	12.8	-4.0	12.8	0.0	12.8	
3.36719	-0.2	990	8.8	12.8	-4.0	12.8	0.0	12.8	
3.37109	-0.3	990	8.8	12.8	-4.0	12.8	0.0	12.8	
3.37500	-0.3	990	8.8	12.8	-4.0	12.8	0.0	12.8	
3.37891	-0.3	990	8.8	12.8	-4.0	12.8	0.0	12.8	
3.38281	-0.3	990	8.8	12.9	-4.1	12.9	0.0	12.9	
3.38672	-0.2	990	8.8	12.9	-4.1	12.9	0.0	12.9	
3.39062	-0.2	990	8.8	12.9	-4.1	12.9	0.0	12.9	
3.39453	-0.2	990	8.8	12.9	-4.1	12.9	0.0	12.9	
3.39844	-0.2	990	8.8	12.9	-4.1	12.9	0.0	12.9	
3.40234	-0.2	990	8.9	12.9	-4.0	12.9	0.0	12.9	
3.40625	-0.2	990	8.8	12.9	-4.1	12.9	0.0	12.9	
3.41016	-0.2	990	8.8	12.9	-4.1	12.9	0.0	12.9	
3.41406	-0.2	990	8.8	12.9	-4.1	12.9	0.0	12.9	
3.41797	-0.2	990	8.8	12.9	-4.1	12.9	0.0	12.9	
3.42188	-0.2	990	8.8	12.9	-4.1	12.9	0.0	12.9	
3.42578	-0.2	990	8.8	12.9	-4.1	12.9	0.0	12.9	
3.42969	-0.2	990	8.8	12.9	-4.1	12.9	0.0	12.9	
3.43359	-0.2	990	8.8	12.9	-4.1	12.9	0.0	12.9	
3.43750	-0.2	990	8.8	12.9	-4.1	12.9	0.0	12.9	
3.44141	-0.2	990	8.8	12.9	-4.1	12.9	0.0	12.9	
3.44531	-0.2	990	8.8	12.9	-4.1	12.9	0.0	12.9	
3.44922	-0.2	990	8.8	12.9	-4.1	12.9	0.0	12.9	
3.45312	-0.2	990	8.8	12.9	-4.1	12.9	0.0	12.9	
3.45703	-0.2	990	8.8	12.9	-4.1	12.9	0.0	12.9	
3.46094	-0.2	990	8.8	12.9	-4.1	12.9	0.0	12.9	
3.46484	-0.2	990	8.8	12.8	-4.0	12.8	0.0	12.8	
3.46875	-0.2	990	8.7	12.8	-4.1	12.8	0.0	12.8	
3.47266	-0.2	990	8.7	12.8	-4.1	12.8	0.0	12.8	
3.47656	-0.2	990	8.8	12.8	-4.0	12.8	0.0	12.8	
3.48047	-0.2	990	8.7	12.8	-4.1	12.8	0.0	12.8	
3.48438	-0.2	990	8.7	12.8	-4.1	12.8	0.0	12.8	
3.48828	-0.2	990	8.7	12.8	-4.1	12.8	0.0	12.8	
3.49219	-0.2	990	8.7	12.8	-4.1	12.8	0.0	12.8	
3.49609	-0.2	990	8.7	12.8	-4.1	12.8	0.0	12.8	
3.50000	-0.2	990	8.7	12.8	-4.1	12.8	0.0	12.8	
3.50391	-0.2	990	8.7	12.8	-4.1	12.8	0.0	12.8	
3.50781	-0.2	989	8.7	12.8	-4.1	12.8	0.0	12.8	
3.51172	-0.2	989	8.7	12.8	-4.1	12.8	0.0	12.8	
3.51562	-0.2	989	8.7	12.8	-4.1	12.8	0.0	12.8	
3.51953	-0.2	989	8.7	12.8	-4.1	12.8	0.0	12.8	
3.52344	-0.2	989	8.6	12.8	-4.2	12.8	0.0	12.8	
3.52734	-0.2	989	8.6	12.7	-4.1	12.7	0.0	12.7	
3.53125	-0.2	989	8.6	12.7	-4.1	12.7	0.0	12.7	
3.53516	-0.2	989	8.6	12.7	-4.1	12.7	0.0	12.7	
3.53906	-0.2	989	8.6	12.7	-4.1	12.7	0.0	12.7	
3.54297	-0.3	989	8.6	12.7	-4.1	12.7	0.0	12.7	
3.54688	-0.3	989	8.6	12.7	-4.1	12.7	0.0	12.7	
3.55078	-0.3	989	8.6	12.7	-4.1	12.7	0.0	12.7	
3.55469	-0.3	989	8.7	12.7	-4.0	12.7	0.0	12.7	
3.55859	-0.3	989	8.7	12.7	-4.0	12.7	0.0	12.7	
3.56250	-0.3	989	8.6	12.7	-4.1	12.7	0.0	12.7	
3.56641	-0.3	989	8.7	12.7	-4.0	12.7	0.0	12.7	
3.57031	-0.3	989	8.7	12.7	-4.0	12.7	0.0	12.7	
3.57422	-0.3	989	8.7	12.7	-4.0	12.7	0.0	12.7	
3.57812	-0.3	989	8.7	12.7	-4.0	12.7	0.0	12.7	
3.58203	-0.3	989	8.7	12.7	-4.0	12.7	0.0	12.7	
3.58594	-0.3	989	8.7	12.7	-4.0	12.7	0.0	12.7	
3.58984	-0.2	989	8.7	12.7	-4.0	12.7	0.0	12.7	
3.59375	-0.2	989	8.7	12.7	-4.0	12.7	0.0	12.7	
3.59766	-0.2	989	8.7	12.7	-4.0	12.7	0.0	12.7	
3.60156	-0.2	989	8.7	12.7	-4.0	12.7	0.0	12.7	
3.60547	-0.2	989	8.7	12.7	-4.0	12.7	0.0	12.7	
3.60938	-0.2	989	8.7	12.7	-4.0	12.7	0.0	12.7	
3.61328	-0.2	989	8.7	12.7	-4.0	12.7	0.0	12.7	
3.61719	-0.1	989	8.7	12.7	-4.0	12.7	0.0	12.7	
3.62109	-0.1	989	8.7	12.7	-4.0	12.7	0.0	12.7	
3.62500	-0.1	989	8.7	12.7	-4.0	12.7	0.0	12.7	
3.62891	-0.1	989	8.6	12.7	-4.1	12.7	0.0	12.7	
3.63281	-0.1	989	8.6	12.7	-4.1	12.7	0.0	12.7	
3.63672	-0.1	989	8.6	12.7	-4.1	12.7	0.0	12.7	
3.64062	-0.1	989	8.6	12.8	-4.2	12.8	0.0	12.8	
3.64453	-0.1	989	8.5	12.7	-4.2	12.7	0.0	12.7	
3.64844	-0.1	989	8.5	12.7	-4.2	12.7	0.0	12.7	
3.65234	-0.1	989	8.5	12.8	-4.3	12.8	0.0	12.8	
3.65625	-0.1	989	8.5	12.8	-4.3	12.8	0.0	12.8	
3.66016	-0.2	989	8.5	12.7	-4.2	12.7	0.0	12.7	
3.66406	-0.2	989	8.5	12.7	-4.2	12.7	0.0	12.7	
3.66797	-0.2	989	8.5	12.7	-4.2	12.7	0.0	12.7	
3.67188	-0.2	989	8.5	12.7	-4.2	12.7	0.0	12.7	
3.67578	-0.2	989	8.4	12.7	-4.3	12.7	0.0	12.7	
3.67969	-0.2	989	8.4	12.7	-4.3	12.7	0.0	12.7	
3.68359	-0.1	989	8.4	12.6	-4.2	12.6	0.0	12.6	
3.68750	-0.2	989	8.4	12.6	-4.2	12.6	0.0	12.6	
3.69141	-0.1	989	8.4	12.6	-4.2	12.6	0.0	12.6	
3.69531	-0.1	989	8.4	12.6	-4.2	12.6	0.0	12.6	
3.69922	-0.0	989	8.3	12.6	-4.3	12.6	0.0	12.6	
3.70312	-0.0	989	8.3	12.5	-4.2	12.5	0.0	12.5	
3.70703	-0.0	989	8.3	12.5	-4.2	12.5	0.0	12.5	
3.71094	-0.0	989	8.3	12.5	-4.2	12.5	0.0	12.5	
3.71484	-0.1	989	8.2	12.5	-4.3	12.5	0.0	12.5	
3.71875	-0.1	989	8.2	12.5	-4.3	12.5	0.0	12.5	
3.72266	-0.1	989	8.2	12.5	-4.3	12.5	0.0	12.5	
3.72656	-0.2	989	8.2	12.5	-4.3	12.5	0.0	12.5	
3.73047	-0.2	989	8.2	12.5	-4.3	12.5	0.0	12.5	
3.73438	-0.2	989	8.2	12.5	-4.3	12.5	0.0	12.5	
3.73828	-0.3	989	8.2	12.5	-4.3	12.5	0.0	12.5	
3.74219	-0.4	989	8.2	12.5	-4.3	12.5	0.0	12.5	
3.74609	-0.4	989	8.2	12.5	-4.3	12.5	0.0	12.5	
3.75000	-0.4	989	8.2	12.5	-4.3	12.5	0.0	12.5	
3.75391	-0.5	989	8.3	12.5	-4.2	12.5	0.0	12.5	
3.75781	-0.5	989	8.3	12.5	-4.2	12.5	0.0	12.5	
3.76172	-0.5	989	8.3	12.5	-4.2	12.5	0.0	12.5	
3.76562	-0.6	989	8.4	12.5	-4.1	12.5	0.0	12.5	
3.76953	-0.6	989	8.4	12.6	-4.2	12.6	0.0	12.6	
3.77344	-0.5	989	8.4	12.6	-4.2	12.6	0.0	12.6	
3.77734	-0.5	988	8.5	12.6	-4.1	12.6	0.0	12.6	
3.78125	-0.5	988	8.5	12.6	-4.1	12.6	0.0	12.6	
3.78516	-0.4	988	8.6	12.6	-4.0	12.6	0.0	12.6	
3.78906	-0.4	988	8.6	12.6	-4.0	12.6	0.0	12.6	
3.79297	-0.4	988	8.6	12.7	-4.1	12.7	0.0	12.7	
3.79688	-0.4	988	8.7	12.7	-4.0	12.7	0.0	12.7	
3.80078	-0.3	988	8.7	12.7	-4.0	12.7	0.0	12.7	
3.80469	-0.3	988	8.7	12.7	-4.0	12.7	0.0	12.7	
3.80859	-0.3	988	8.7	12.7	-4.0	12.7	0.0	12.7	
3.81250	-0.2	988	8.8	12.7	-3.9	12.7	0.0	12.7	
3.81641	-0.3	988	8.8	12.8	-4.0	12.8	0.0	12.8	
3.82031	-0.3	988	8.8	12.8	-4.0	12.8	0.0	12.8	
3.82422	-0.2	988	8.8	12.8	-4.0	12.8	0.0	12.8	
3.82812	-0.2	988	8.8	12.8	-4.0	12.8	0.0	12.8	
3.83203	-0.3	988	8.8	12.8	-4.0	12.8	0.0	12.8	
3.83594	-0.2	988	8.8	12.8	-4.0	12.8	0.0	12.8	
3.83984	-0.2	988	8.8	12.8	-4.0	12.8	0.0	12.8	
3.84375	-0.2	988	8.8	12.8	-4.0	12.8	0.0	12.8	
3.84766	-0.3	988	8.8	12.8	-4.0	12.8	0.0	12.8	
3.85156	-0.2	988	8.8	12.8	-4.0	12.8	0.0	12.8	
3.85547	-0.2	988	8.8	12.8	-4.0	12.8	0.0	12.8	
3.85938	-0.2	988	8.8	12.8	-4.0	12.8	0.0	12.8	
3.86328	-0.2	988	8.8	12.8	-4.0	12.8	0.0	12.8	
3.86719	-0.2	988	8.8	12.8	-4.0	12.8	0.0	12.8	
3.87109	-0.2	988	8.8	12.8	-4.0	12.8	0.0	12.8	
3.87500	-0.1	988	8.8	12.8	-4.0	12.8	0.0	12.8	
3.87891	-0.1	988	8.7	12.8	-4.1	12.8	0.0	12.8	
3.88281	-0.1	988	8.7	12.8	-4.1	12.8	0.0	12.8	
3.88672	-0.1	988	8.7	12.8	-4.1	12.8	0.0	12.8	
3.89062	-0.1	988	8.7	12.8	-4.1	12.8	0.0	12.8	
3.89453	-0.1	988	8.6	12.8	-4.2	12.8	0.0	12.8	
3.89844	-0.1	988	8.6	12.8	-4.2	12.8	0.0	12.8	
3.90234	-0.1	988	8.6	12.8	-4.2	12.8	0.0	12.8	
3.90625	-0.1	988	8.6	12.7	-4.1	12.7	0.0	12.7	
3.91016	-0.1	988	8.6	12.8	-4.2	12.8	0.0	12.8	
3.91406	-0.1	988	8.5	12.8	-4.3	12.8	0.0	12.8	
3.91797	-0.2	988	8.5	12.7	-4.2	12.7	0.0	12.7	
3.92188	-0.2	988	8.5	12.7	-4.2	12.7	0.0	12.7	
3.92578	-0.2	988	8.5	12.7	-4.2	12.7	0.0	12.7	
3.92969	-0.2	988	8.5	12.7	-4.2	12.7	0.0	12.7	
3.93359	-0.2	988	8.5	12.7	-4.2	12.7	0.0	12.7	
3.93750	-0.2	988	8.5	12.7	-4.2	12.7	0.0	12.7	
3.94141	-0.2	988	8.5	12.7	-4.2	12.7	0.0	12.7	
3.94531	-0.2	988	8.5	12.7	-4.2	12.7	0.0	12.7	
3.94922	-0.2	988	8.5	12.7	-4.2	12.7	0.0	12.7	
3.95312	-0.2	988	8.5	12.7	-4.2	12.7	0.0	12.7	
3.95703	-0.2	988	8.5	12.7	-4.2	12.7	0.0	12.7	
3.96094	-0.2	988	8.5	12.7	-4.2	12.7	0.0	12.7	
3.96484	-0.3	988	8.5	12.7	-4.2	12.7	0.0	12.7	
3.96875	-0.2	988	8.5	12.6	-4.1	12.6	0.0	12.6	
3.97266	-0.2	988	8.5	12.6	-4.1	12.6	0.0	12.6	
3.97656	-0.3	988	8.5	12.6	-4.1	12.6	0.0	12.6	
3.98047	-0.3	988	8.5	12.6	-4.1	12.6	0.0	12.6	
3.98438	-0.2	988	8.6	12.6	-4.0	12.6	0.0	12.6	
3.98828	-0.2	988	8.6	12.6	-4.0	12.6	0.0	12.6	
3.99219	-0.3	988	8.6	12.6	-4.0	12.6	0.0	12.6	
3.99609	-0.3	988	8.6	12.6	-4.0	12.6	0.0	12.6	
4.00000	-0.2	988	8.7	12.6	-3.9	12.6	0.0	12.6	
4.00391	-0.2	988	8.7	12.6	-3.9	12.6	0.0	12.6	
4.00781	-0.1	988	8.8	12.6	-3.8	12.6	0.0	12.6	
4.01172	0.0	988	8.9	12.6	-3.7	12.6	0.0	12.6	
4.01562	0.3	988	9.1	12.6	-3.5	12.6	0.0	12.6	
4.01953	0.8	988	9.4	12.6	-3.2	12.6	0.0	12.6	
4.02344	1.5	988	9.7	12.6	-2.9	12.6	0.0	12.6	
4.02734	2.6	988	10.0	12.6	-2.6	12.6	0.0	12.6	
4.03125	4.0	988	10.3	12.6	-2.3	12.6	0.0	12.6	
4.03516	5.6	989	10.7	12.6	-1.9	12.6	0.0	12.6	
4.03906	7.3	989	11.0	12.6	-1.6	12.6	0.0	12.6	
4.04297	9.1	990	11.4	12.6	-1.2	12.6	0.0	12.6	
4.04688	10.9	990	11.7	12.6	-0.9	12.6	0.0	12.6	
4.05078	12.6	991	12.0	12.7	-0.7	12.7	0.0	12.7	
4.05469	14.3	992	12.3	12.7	-0.4	12.7	0.0	12.7	
4.05859	15.9	993	12.6	12.7	-0.1	12.7	0.0	12.7	
4.06250	17.3	994	12.9	12.7	0.2	12.7	0.0	12.7	
4.06641	18.6	996	13.2	12.7	0.5	12.7	0.0	12.7	
4.07031	19.8	997	13.4	12.7	0.7	12.7	0.0	12.7	
4.07422	20.8	998	13.7	12.7	1.0	12.7	0.0	12.7	
4.07812	21.6	1000	14.0	12.8	1.2	12.8	0.0	12.8	
4.08203	22.4	1001	14.2	12.8	1.4	12.8	0.0	12.8	
4.08594	23.2	1003	14.5	12.8	1.7	12.8	0.0	12.8	
4.08984	23.8	1004	14.8	12.8	2.0	12.8	0.0	12.8	
4.09375	24.3	1006	15.1	12.8	2.3	12.8	0.0	12.8	
