FluxView - FluxMed acquisition system
Signal file
Serial Number	:
W version:	1.20h-OX-CO2	File version:	1.13
Sampling rate:	256 Hz
Time	Flow	Volume	Paw	Pes	Ptpulm	Pga	Ptdiaf	CO2	
0.00391	-4.0	11620	14.1	17.1	-3.0	0.1	-17.0	0.0	
0.00781	-5.1	11620	14.1	17.3	-3.2	0.1	-17.2	0.0	
0.01172	-5.6	11619	14.5	17.3	-2.8	0.1	-17.2	0.0	
0.01562	-5.6	11619	14.8	17.4	-2.6	0.1	-17.3	0.0	
0.01953	-5.5	11619	14.8	17.5	-2.7	0.1	-17.4	0.0	
0.02344	-5.5	11618	15.0	17.6	-2.6	0.1	-17.5	0.0	
0.02734	-5.5	11618	15.3	17.8	-2.5	0.1	-17.7	0.0	
0.03125	-5.5	11618	15.5	17.9	-2.4	0.1	-17.8	0.0	
0.03516	-5.5	11617	15.5	18.0	-2.5	0.1	-17.9	0.0	
0.03906	-5.4	11617	15.8	18.1	-2.3	0.1	-18.0	0.0	
0.04297	-5.1	11617	15.9	18.5	-2.6	0.1	-18.4	0.0	
0.04688	-4.8	11616	16.1	18.8	-2.7	0.1	-18.7	0.0	
0.05078	-4.5	11616	16.3	18.8	-2.5	0.1	-18.7	0.0	
0.05469	-4.4	11616	16.4	19.0	-2.6	0.1	-18.9	0.0	
0.05859	-4.4	11615	16.4	19.1	-2.7	0.1	-19.0	0.0	
0.06250	-4.4	11615	16.5	19.3	-2.8	0.1	-19.2	0.0	
0.06641	-4.1	11615	16.6	19.3	-2.7	0.1	-19.2	0.0	
0.07031	-3.3	11615	16.5	19.3	-2.8	0.1	-19.2	0.0	
0.07422	-1.6	11614	16.6	19.3	-2.7	0.1	-19.2	0.0	
0.07812	-0.1	11614	16.8	19.4	-2.6	0.1	-19.3	0.0	
0.08203	0.5	11614	16.9	19.5	-2.6	0.1	-19.4	0.0	
0.08594	0.8	11615	16.9	19.5	-2.6	0.1	-19.4	0.0	
0.08984	0.8	11615	16.9	19.4	-2.5	0.1	-19.3	0.0	
0.09375	0.5	11615	16.9	19.3	-2.4	0.1	-19.2	0.0	
0.09766	0.3	11615	16.9	19.4	-2.5	0.1	-19.3	0.0	
0.10156	0.0	11615	16.9	19.4	-2.5	0.1	-19.3	0.0	
0.10547	0.0	11615	17.0	19.4	-2.4	0.1	-19.3	0.0	
0.10938	0.0	11615	17.1	19.3	-2.2	0.1	-19.2	0.0	
0.11328	0.0	11615	17.3	19.3	-2.0	0.1	-19.2	0.0	
0.11719	-0.3	11615	17.3	19.3	-2.0	0.1	-19.2	0.0	
0.12109	-1.1	11615	17.3	19.1	-1.8	0.1	-19.0	0.0	
0.12500	-1.6	11614	17.3	19.1	-1.8	0.1	-19.0	0.0	
0.12891	-1.4	11614	17.3	19.1	-1.8	0.1	-19.0	0.0	
0.13281	-0.8	11614	17.3	19.1	-1.8	0.1	-19.0	0.0	
0.13672	-0.8	11614	17.3	19.1	-1.8	0.1	-19.0	0.0	
0.14062	-1.1	11614	17.3	19.1	-1.8	0.1	-19.0	0.0	
0.14453	-1.1	11614	17.3	19.1	-1.8	0.1	-19.0	0.0	
0.14844	-0.9	11614	17.4	19.3	-1.9	0.1	-19.2	0.0	
0.15234	-1.3	11614	17.5	19.3	-1.8	0.1	-19.2	0.0	
0.15625	-1.6	11614	17.6	19.3	-1.7	0.1	-19.2	0.0	
0.16016	-1.4	11614	17.6	19.4	-1.8	0.1	-19.3	0.0	
0.16406	-0.8	11614	17.6	19.5	-1.9	0.1	-19.4	0.0	
0.16797	-0.5	11614	17.6	19.5	-1.9	0.1	-19.4	0.0	
0.17188	-1.0	11614	17.6	19.4	-1.8	0.1	-19.3	0.0	
0.17578	-1.8	11614	17.6	19.4	-1.8	0.1	-19.3	0.0	
0.17969	-2.4	11613	17.6	19.5	-1.9	0.1	-19.4	0.0	
0.18359	-2.6	11613	17.8	19.6	-1.8	0.1	-19.5	0.0	
0.18750	-2.6	11613	17.9	19.5	-1.6	0.1	-19.4	0.0	
0.19141	-2.4	11613	18.0	19.5	-1.5	0.1	-19.4	0.0	
0.19531	-1.6	11613	18.0	19.5	-1.5	0.1	-19.4	0.0	
0.19922	-1.0	11613	18.0	19.6	-1.6	0.1	-19.5	0.0	
0.20312	-1.0	11613	17.9	19.6	-1.7	0.1	-19.5	0.0	
0.20703	-0.9	11613	17.9	19.6	-1.7	0.1	-19.5	0.0	
0.21094	-0.5	11613	18.0	19.6	-1.6	0.1	-19.5	0.0	
0.21484	-0.1	11613	18.0	19.6	-1.6	0.1	-19.5	0.0	
0.21875	-0.3	11613	18.0	19.6	-1.6	0.1	-19.5	0.0	
0.22266	-0.8	11612	18.0	19.8	-1.8	0.1	-19.7	0.0	
0.22656	-1.0	11612	18.0	19.8	-1.8	0.1	-19.7	0.0	
0.23047	-0.6	11612	18.0	19.8	-1.8	0.1	-19.7	0.0	
0.23438	-0.3	11612	18.0	19.6	-1.6	0.1	-19.5	0.0	
0.23828	0.0	11612	18.0	19.6	-1.6	0.1	-19.5	0.0	
0.24219	0.0	11612	18.1	19.8	-1.7	0.1	-19.7	0.0	
0.24609	0.0	11612	18.3	19.8	-1.5	0.1	-19.7	0.0	
0.25000	-0.1	11612	18.1	19.8	-1.7	0.1	-19.7	0.0	
0.25391	-0.3	11612	18.3	19.6	-1.3	0.1	-19.5	0.0	
0.25781	-0.1	11612	18.3	19.6	-1.3	0.1	-19.5	0.0	
0.26172	-0.3	11612	18.1	19.6	-1.5	0.1	-19.5	0.0	
0.26562	-0.6	11612	18.3	19.6	-1.3	0.1	-19.5	0.0	
0.26953	-0.8	11612	18.3	19.6	-1.3	0.1	-19.5	0.0	
0.27344	-0.5	11612	18.1	19.8	-1.7	0.1	-19.7	0.0	
0.27734	-0.3	11612	18.1	19.9	-1.8	0.1	-19.8	0.0	
0.28125	0.0	11612	18.1	20.0	-1.9	0.1	-19.9	0.0	
0.28516	0.0	11612	18.4	20.0	-1.6	0.1	-19.9	0.0	
0.28906	-0.1	11612	18.4	20.0	-1.6	0.1	-19.9	0.0	
0.29297	-0.6	11612	18.4	20.0	-1.6	0.1	-19.9	0.0	
0.29688	-0.9	11612	18.4	20.0	-1.6	0.1	-19.9	0.0	
0.30078	-0.9	11612	18.4	20.0	-1.6	0.1	-19.9	0.0	
0.30469	-0.8	11612	18.4	20.0	-1.6	0.1	-19.9	0.0	
0.30859	-0.6	11612	18.4	20.0	-1.6	0.1	-19.9	0.0	
0.31250	-0.6	11612	18.4	20.0	-1.6	0.1	-19.9	0.0	
0.31641	-0.6	11612	18.4	20.0	-1.6	0.1	-19.9	0.0	
0.32031	-0.4	11612	18.4	20.0	-1.6	0.1	-19.9	0.0	
0.32422	0.0	11612	18.4	20.0	-1.6	0.1	-19.9	0.0	
0.32812	0.3	11612	18.4	20.1	-1.7	0.1	-20.0	0.0	
0.33203	0.3	11612	18.4	20.1	-1.7	0.1	-20.0	0.0	
0.33594	0.3	11612	18.5	20.1	-1.6	0.1	-20.0	0.0	
0.33984	0.0	11612	18.5	20.1	-1.6	0.1	-20.0	0.0	
0.34375	-0.4	11612	18.6	20.1	-1.5	0.1	-20.0	0.0	
0.34766	-0.5	11612	18.8	20.1	-1.3	0.1	-20.0	0.0	
0.35156	-0.4	11612	18.9	20.1	-1.2	0.1	-20.0	0.0	
0.35547	-0.3	11612	18.8	20.1	-1.3	0.1	-20.0	0.0	
0.35938	0.0	11612	18.5	20.1	-1.6	0.1	-20.0	0.0	
0.36328	0.0	11612	18.5	20.1	-1.6	0.1	-20.0	0.0	
0.36719	0.0	11612	18.6	20.1	-1.5	0.1	-20.0	0.0	
0.37109	0.0	11612	18.6	20.1	-1.5	0.1	-20.0	0.0	
0.37500	0.0	11612	18.5	20.1	-1.6	0.1	-20.0	0.0	
0.37891	0.0	11612	18.6	20.1	-1.5	0.1	-20.0	0.0	
0.38281	-0.1	11612	18.6	20.1	-1.5	0.1	-20.0	0.0	
0.38672	-0.1	11612	18.5	20.1	-1.6	0.1	-20.0	0.0	
0.39062	-0.1	11612	18.6	20.1	-1.5	0.1	-20.0	0.0	
0.39453	0.0	11612	18.8	20.1	-1.3	0.1	-20.0	0.0	
0.39844	0.0	11612	18.8	19.9	-1.1	0.1	-19.8	0.0	
0.40234	0.0	11612	18.5	19.8	-1.3	0.1	-19.7	0.0	
0.40625	0.0	11612	18.5	19.8	-1.3	0.1	-19.7	0.0	
0.41016	0.0	11612	18.5	20.0	-1.5	0.1	-19.9	0.0	
0.41406	0.0	11612	18.5	20.0	-1.5	0.1	-19.9	0.0	
0.41797	0.0	11612	18.5	20.0	-1.5	0.1	-19.9	0.0	
0.42188	0.1	11612	18.5	20.0	-1.5	0.1	-19.9	0.0	
0.42578	0.3	11612	18.5	20.0	-1.5	0.1	-19.9	0.0	
0.42969	0.3	11612	18.5	20.0	-1.5	0.1	-19.9	0.0	
0.43359	0.4	11612	18.5	20.0	-1.5	0.1	-19.9	0.0	
0.43750	0.4	11612	18.4	20.0	-1.6	0.1	-19.9	0.0	
0.44141	0.3	11612	18.3	20.0	-1.7	0.1	-19.9	0.0	
0.44531	0.1	11612	18.4	20.0	-1.6	0.1	-19.9	0.0	
0.44922	0.0	11612	18.4	20.0	-1.6	0.1	-19.9	0.0	
0.45312	0.0	11612	18.4	20.0	-1.6	0.1	-19.9	0.0	
0.45703	0.0	11612	18.4	20.1	-1.7	0.1	-20.0	0.0	
0.46094	0.0	11612	18.4	20.1	-1.7	0.1	-20.0	0.0	
0.46484	0.0	11612	18.3	20.1	-1.8	0.1	-20.0	0.0	
0.46875	0.0	11612	18.4	20.1	-1.7	0.1	-20.0	0.0	
0.47266	0.0	11612	18.4	20.4	-2.0	0.1	-20.3	0.0	
0.47656	0.0	11612	18.4	20.4	-2.0	0.1	-20.3	0.0	
0.48047	0.0	11612	18.4	20.4	-2.0	0.1	-20.3	0.0	
0.48438	0.0	11612	18.3	20.4	-2.1	0.1	-20.3	0.0	
0.48828	0.0	11612	18.4	20.4	-2.0	0.1	-20.3	0.0	
0.49219	0.0	11612	18.4	20.4	-2.0	0.1	-20.3	0.0	
0.49609	0.0	11612	18.4	20.4	-2.0	0.1	-20.3	0.0	
0.50000	0.0	11612	18.4	20.4	-2.0	0.1	-20.3	0.0	
0.50391	-0.3	11612	18.4	20.4	-2.0	0.1	-20.3	0.0	
0.50781	-0.5	11612	18.6	20.4	-1.8	0.1	-20.3	0.0	
0.51172	-0.8	11612	18.6	20.5	-1.9	0.1	-20.4	0.0	
0.51562	-0.8	11612	18.5	20.8	-2.3	0.1	-20.7	0.0	
0.51953	-0.6	11612	18.6	20.8	-2.2	0.1	-20.7	0.0	
0.52344	-0.4	11612	18.6	20.8	-2.2	0.1	-20.7	0.0	
0.52734	-0.1	11612	18.5	20.8	-2.3	0.1	-20.7	0.0	
0.53125	0.0	11612	18.6	20.8	-2.2	0.1	-20.7	0.0	
0.53516	0.0	11612	18.8	20.8	-2.0	0.1	-20.7	0.0	
0.53906	0.1	11612	18.8	20.8	-2.0	0.1	-20.7	0.0	
0.54297	0.3	11612	18.5	20.8	-2.3	0.1	-20.7	0.0	
0.54688	0.0	11612	18.6	21.0	-2.4	0.1	-20.9	0.0	
0.55078	-0.4	11612	18.8	21.1	-2.3	0.1	-21.0	0.0	
0.55469	-0.8	11612	18.9	21.3	-2.4	0.1	-21.2	0.0	
0.55859	-1.0	11611	18.8	21.3	-2.5	0.1	-21.2	0.0	
0.56250	-1.0	11611	18.6	21.3	-2.7	0.1	-21.2	0.0	
0.56641	-0.9	11611	18.8	21.3	-2.5	0.1	-21.2	0.0	
0.57031	-0.5	11611	18.9	21.3	-2.4	0.1	-21.2	0.0	
0.57422	-0.1	11611	18.9	21.3	-2.4	0.1	-21.2	0.0	
0.57812	0.0	11611	19.0	21.3	-2.3	0.1	-21.2	0.0	
0.58203	0.0	11611	19.0	21.3	-2.3	0.1	-21.2	0.0	
0.58594	-0.1	11611	19.0	21.3	-2.3	0.1	-21.2	0.0	
0.58984	-0.3	11611	18.9	21.3	-2.4	0.1	-21.2	0.0	
0.59375	-0.1	11611	19.0	21.3	-2.3	0.1	-21.2	0.0	
0.59766	0.0	11611	19.0	21.3	-2.3	0.1	-21.2	0.0	
0.60156	0.0	11611	19.0	21.3	-2.3	0.1	-21.2	0.0	
0.60547	0.0	11611	19.0	21.4	-2.4	0.1	-21.3	0.0	
0.60938	0.0	11611	19.0	21.5	-2.5	0.1	-21.4	0.0	
0.61328	0.0	11611	19.1	21.6	-2.5	0.1	-21.5	0.0	
0.61719	0.0	11611	19.3	21.5	-2.2	0.1	-21.4	0.0	
0.62109	-0.1	11611	19.3	21.5	-2.2	0.1	-21.4	0.0	
0.62500	-0.6	11611	19.3	21.5	-2.2	0.1	-21.4	0.0	
0.62891	-1.0	11611	19.3	21.6	-2.3	0.1	-21.5	0.0	
0.63281	-1.1	11611	19.3	21.6	-2.3	0.1	-21.5	0.0	
0.63672	-1.0	11611	19.3	21.6	-2.3	0.1	-21.5	0.0	
0.64062	-0.6	11611	19.3	21.6	-2.3	0.1	-21.5	0.0	
0.64453	-0.3	11611	19.3	21.6	-2.3	0.1	-21.5	0.0	
0.64844	0.0	11611	19.3	21.6	-2.3	0.1	-21.5	0.0	
0.65234	0.0	11611	19.3	21.6	-2.3	0.1	-21.5	0.0	
0.65625	0.0	11611	19.3	21.6	-2.3	0.1	-21.5	0.0	
0.66016	0.0	11611	19.3	21.8	-2.5	0.1	-21.7	0.0	
0.66406	0.0	11611	19.3	21.8	-2.5	0.1	-21.7	0.0	
0.66797	0.0	11611	19.3	21.8	-2.5	0.1	-21.7	0.0	
0.67188	0.0	11611	19.3	21.6	-2.3	0.1	-21.5	0.0	
0.67578	0.0	11611	19.4	21.8	-2.4	0.1	-21.7	0.0	
0.67969	0.0	11611	19.5	22.0	-2.5	0.1	-21.9	0.0	
0.68359	0.0	11611	19.5	22.0	-2.5	0.1	-21.9	0.0	
0.68750	0.0	11611	19.5	22.0	-2.5	0.1	-21.9	0.0	
0.69141	0.0	11611	19.5	22.0	-2.5	0.1	-21.9	0.0	
0.69531	0.0	11611	19.4	21.9	-2.5	0.1	-21.8	0.0	
0.69922	0.0	11611	19.3	21.9	-2.6	0.1	-21.8	0.0	
0.70312	0.0	11611	19.4	22.0	-2.6	0.1	-21.9	0.0	
0.70703	0.0	11611	19.4	22.0	-2.6	0.1	-21.9	0.0	
0.71094	0.1	11611	19.4	22.0	-2.6	0.1	-21.9	0.0	
0.71484	0.3	11611	19.3	22.0	-2.7	0.1	-21.9	0.0	
0.71875	0.5	11611	19.3	22.0	-2.7	0.1	-21.9	0.0	
0.72266	0.4	11611	19.4	22.1	-2.7	0.1	-22.0	0.0	
0.72656	0.3	11611	19.4	22.3	-2.9	0.1	-22.2	0.0	
0.73047	0.3	11611	19.4	22.1	-2.7	0.1	-22.0	0.0	
0.73438	0.8	11611	19.4	22.3	-2.9	0.1	-22.2	0.0	
0.73828	1.1	11611	19.5	22.3	-2.8	0.1	-22.2	0.0	
0.74219	0.9	11611	19.6	22.3	-2.7	0.1	-22.2	0.0	
0.74609	0.8	11611	19.5	22.4	-2.9	0.1	-22.3	0.0	
0.75000	0.5	11611	19.5	22.4	-2.9	0.1	-22.3	0.0	
0.75391	0.3	11611	19.5	22.4	-2.9	0.1	-22.3	0.0	
0.75781	0.5	11611	19.4	22.4	-3.0	0.1	-22.3	0.0	
0.76172	0.6	11611	19.3	22.1	-2.8	0.1	-22.0	0.0	
0.76562	0.6	11612	19.3	22.1	-2.8	0.1	-22.0	0.0	
0.76953	0.3	11612	19.3	22.1	-2.8	0.1	-22.0	0.0	
0.77344	0.1	11612	19.3	22.1	-2.8	0.1	-22.0	0.0	
0.77734	0.0	11612	19.3	22.1	-2.8	0.1	-22.0	0.0	
0.78125	0.0	11612	19.3	22.1	-2.8	0.1	-22.0	0.0	
0.78516	0.0	11612	19.3	21.9	-2.6	0.1	-21.8	0.0	
0.78906	-0.4	11612	19.3	21.6	-2.3	0.1	-21.5	0.0	
0.79297	-1.3	11611	19.1	21.6	-2.5	0.1	-21.5	0.0	
0.79688	-2.4	11611	19.1	21.6	-2.5	0.1	-21.5	0.0	
0.80078	-3.3	11611	19.1	21.5	-2.4	0.1	-21.4	0.0	
0.80469	-3.6	11611	19.3	21.4	-2.1	0.1	-21.3	0.0	
0.80859	-3.8	11611	19.3	21.3	-2.0	0.1	-21.2	0.0	
0.81250	-3.8	11610	19.3	21.3	-2.0	0.1	-21.2	0.0	
0.81641	-3.5	11610	19.3	21.3	-2.0	0.1	-21.2	0.0	
0.82031	-3.0	11610	19.3	21.3	-2.0	0.1	-21.2	0.0	
0.82422	-1.9	11610	19.3	21.3	-2.0	0.1	-21.2	0.0	
0.82812	-0.9	11610	19.4	21.3	-1.9	0.1	-21.2	0.0	
0.83203	-0.6	11610	19.5	21.3	-1.8	0.1	-21.2	0.0	
0.83594	-0.5	11610	19.5	21.3	-1.8	0.1	-21.2	0.0	
0.83984	-0.3	11610	19.5	21.3	-1.8	0.1	-21.2	0.0	
0.84375	0.0	11610	19.5	21.3	-1.8	0.1	-21.2	0.0	
0.84766	0.0	11610	19.6	21.3	-1.7	0.1	-21.2	0.0	
0.85156	0.3	11610	19.6	21.4	-1.8	0.1	-21.3	0.0	
0.85547	0.3	11610	19.6	21.5	-1.9	0.1	-21.4	0.0	
0.85938	0.4	11610	19.6	21.5	-1.9	0.1	-21.4	0.0	
0.86328	0.4	11610	19.5	21.5	-2.0	0.1	-21.4	0.0	
0.86719	0.3	11610	19.5	21.5	-2.0	0.1	-21.4	0.0	
0.87109	0.1	11610	19.5	21.4	-1.9	0.1	-21.3	0.0	
0.87500	0.0	11610	19.6	21.3	-1.7	0.1	-21.2	0.0	
0.87891	0.0	11610	19.6	21.4	-1.8	0.1	-21.3	0.0	
0.88281	0.1	11610	19.6	21.4	-1.8	0.1	-21.3	0.0	
0.88672	0.6	11610	19.6	21.4	-1.8	0.1	-21.3	0.0	
0.89062	0.9	11610	19.6	21.5	-1.9	0.1	-21.4	0.0	
0.89453	0.8	11610	19.6	21.5	-1.9	0.1	-21.4	0.0	
0.89844	0.4	11610	19.6	21.5	-1.9	0.1	-21.4	0.0	
0.90234	0.0	11610	19.6	21.5	-1.9	0.1	-21.4	0.0	
0.90625	-0.3	11610	19.6	21.4	-1.8	0.1	-21.3	0.0	
0.91016	-0.3	11610	19.5	21.4	-1.9	0.1	-21.3	0.0	
0.91406	-0.1	11610	19.5	21.5	-2.0	0.1	-21.4	0.0	
0.91797	0.0	11610	19.5	21.6	-2.1	0.1	-21.5	0.0	
0.92188	0.0	11610	19.6	21.5	-1.9	0.1	-21.4	0.0	
0.92578	0.0	11610	19.6	21.4	-1.8	0.1	-21.3	0.0	
0.92969	0.0	11610	19.6	21.4	-1.8	0.1	-21.3	0.0	
0.93359	0.0	11610	19.6	21.5	-1.9	0.1	-21.4	0.0	
0.93750	0.0	11610	19.6	21.5	-1.9	0.1	-21.4	0.0	
0.94141	0.0	11610	19.6	21.4	-1.8	0.1	-21.3	0.0	
0.94531	0.0	11610	19.6	21.3	-1.7	0.1	-21.2	0.0	
0.94922	0.0	11610	19.6	21.4	-1.8	0.1	-21.3	0.0	
0.95312	0.0	11610	19.8	21.5	-1.7	0.1	-21.4	0.0	
0.95703	0.0	11610	19.9	21.6	-1.7	0.1	-21.5	0.0	
0.96094	0.0	11610	20.0	21.6	-1.6	0.1	-21.5	0.0	
0.96484	0.0	11610	19.9	21.6	-1.7	0.1	-21.5	0.0	
0.96875	0.0	11610	19.9	21.6	-1.7	0.1	-21.5	0.0	
0.97266	0.0	11610	19.9	21.6	-1.7	0.1	-21.5	0.0	
0.97656	0.0	11610	19.9	21.6	-1.7	0.1	-21.5	0.0	
0.98047	0.0	11610	20.0	21.6	-1.6	0.1	-21.5	0.0	
0.98438	0.0	11610	20.0	21.6	-1.6	0.1	-21.5	0.0	
0.98828	0.0	11610	20.0	21.6	-1.6	0.1	-21.5	0.0	
0.99219	0.0	11610	20.0	21.6	-1.6	0.1	-21.5	0.0	
0.99609	0.1	11610	20.0	21.6	-1.6	0.1	-21.5	0.0	
1.00000	0.0	11610	20.0	21.5	-1.5	0.1	-21.4	0.0	
1.00391	0.0	11610	20.0	21.5	-1.5	0.1	-21.4	0.0	
1.00781	0.0	11610	20.0	21.5	-1.5	0.1	-21.4	0.0	
1.01172	-0.1	11610	20.0	21.5	-1.5	0.1	-21.4	0.0	
1.01562	-0.4	11610	20.0	21.5	-1.5	0.1	-21.4	0.0	
1.01953	-0.4	11610	19.9	21.5	-1.6	0.1	-21.4	0.0	
1.02344	-0.3	11610	19.9	21.5	-1.6	0.1	-21.4	0.0	
1.02734	-0.1	11610	20.0	21.5	-1.5	0.1	-21.4	0.0	
1.03125	0.0	11610	20.0	21.6	-1.6	0.1	-21.5	0.0	
1.03516	0.0	11610	19.9	21.6	-1.7	0.1	-21.5	0.0	
1.03906	0.0	11610	19.8	21.5	-1.7	0.1	-21.4	0.0	
1.04297	0.0	11610	19.8	21.4	-1.6	0.1	-21.3	0.0	
1.04688	0.0	11610	20.0	21.3	-1.3	0.1	-21.2	0.0	
1.05078	0.0	11610	20.0	21.3	-1.3	0.1	-21.2	0.0	
1.05469	0.0	11610	20.0	21.4	-1.4	0.1	-21.3	0.0	
1.05859	0.0	11610	20.0	21.5	-1.5	0.1	-21.4	0.0	
1.06250	-0.1	11610	20.0	21.5	-1.5	0.1	-21.4	0.0	
1.06641	-0.9	11610	20.0	21.5	-1.5	0.1	-21.4	0.0	
1.07031	-1.1	11610	20.0	21.5	-1.5	0.1	-21.4	0.0	
1.07422	-0.4	11610	20.0	21.6	-1.6	0.1	-21.5	0.0	
1.07812	0.4	11610	20.0	21.6	-1.6	0.1	-21.5	0.0	
1.08203	1.0	11610	20.0	21.6	-1.6	0.1	-21.5	0.0	
1.08594	1.0	11610	20.0	21.6	-1.6	0.1	-21.5	0.0	
1.08984	0.5	11610	20.0	21.6	-1.6	0.1	-21.5	0.0	
1.09375	0.3	11610	20.1	21.6	-1.5	0.1	-21.5	0.0	
1.09766	0.3	11610	20.1	21.6	-1.5	0.1	-21.5	0.0	
1.10156	0.3	11610	20.1	21.6	-1.5	0.1	-21.5	0.0	
1.10547	0.3	11610	20.1	21.6	-1.5	0.1	-21.5	0.0	
1.10938	0.1	11610	20.1	21.8	-1.7	0.1	-21.7	0.0	
1.11328	0.0	11610	20.1	21.9	-1.8	0.1	-21.8	0.0	
1.11719	0.0	11610	20.1	22.0	-1.9	0.1	-21.9	0.0	
1.12109	0.0	11610	20.1	21.9	-1.8	0.1	-21.8	0.0	
1.12500	-0.1	11610	20.1	21.9	-1.8	0.1	-21.8	0.0	
1.12891	-0.1	11610	20.1	22.0	-1.9	0.1	-21.9	0.0	
1.13281	-0.1	11610	20.1	22.0	-1.9	0.1	-21.9	0.0	
1.13672	0.0	11610	20.3	22.0	-1.7	0.1	-21.9	0.0	
1.14062	0.0	11610	20.1	21.9	-1.8	0.1	-21.8	0.0	
1.14453	0.0	11610	20.1	21.9	-1.8	0.1	-21.8	0.0	
1.14844	0.0	11610	20.1	22.0	-1.9	0.1	-21.9	0.0	
1.15234	0.0	11610	20.1	22.0	-1.9	0.1	-21.9	0.0	
1.15625	0.0	11610	20.1	22.0	-1.9	0.1	-21.9	0.0	
1.16016	0.0	11610	20.1	22.0	-1.9	0.1	-21.9	0.0	
1.16406	0.0	11610	20.1	22.0	-1.9	0.1	-21.9	0.0	
1.16797	0.0	11610	20.1	22.0	-1.9	0.1	-21.9	0.0	
1.17188	0.1	11610	20.1	22.0	-1.9	0.1	-21.9	0.0	
1.17578	0.0	11610	20.1	22.1	-2.0	0.1	-22.0	0.0	
1.17969	0.0	11610	20.1	22.4	-2.3	0.1	-22.3	0.0	
1.18359	0.0	11610	20.1	22.4	-2.3	0.1	-22.3	0.0	
1.18750	0.0	11610	20.1	22.4	-2.3	0.1	-22.3	0.0	
1.19141	0.0	11610	20.1	22.4	-2.3	0.1	-22.3	0.0	
1.19531	0.0	11610	20.1	22.4	-2.3	0.1	-22.3	0.0	
1.19922	0.1	11610	20.1	22.4	-2.3	0.1	-22.3	0.0	
1.20312	0.1	11610	20.1	22.3	-2.2	0.1	-22.2	0.0	
1.20703	0.1	11610	20.1	22.4	-2.3	0.1	-22.3	0.0	
1.21094	0.3	11610	20.1	22.4	-2.3	0.1	-22.3	0.0	
1.21484	0.1	11610	20.4	22.4	-2.0	0.1	-22.3	0.0	
1.21875	0.0	11610	20.3	22.4	-2.1	0.1	-22.3	0.0	
1.22266	0.0	11610	20.1	22.4	-2.3	0.1	-22.3	0.0	
1.22656	0.0	11610	20.3	22.4	-2.1	0.1	-22.3	0.0	
1.23047	0.0	11610	20.3	22.4	-2.1	0.1	-22.3	0.0	
1.23438	0.0	11610	20.3	22.4	-2.1	0.1	-22.3	0.0	
1.23828	0.0	11610	20.3	22.4	-2.1	0.1	-22.3	0.0	
1.24219	0.0	11610	20.3	22.4	-2.1	0.1	-22.3	0.0	
1.24609	0.0	11610	20.4	22.5	-2.1	0.1	-22.4	0.0	
1.25000	0.0	11610	20.3	22.6	-2.3	0.1	-22.5	0.0	
1.25391	0.0	11610	20.3	22.5	-2.2	0.1	-22.4	0.0	
1.25781	-0.3	11610	20.4	22.5	-2.1	0.1	-22.4	0.0	
1.26172	-0.9	11610	20.4	22.5	-2.1	0.1	-22.4	0.0	
1.26562	-0.8	11610	20.4	22.5	-2.1	0.1	-22.4	0.0	
1.26953	0.1	11610	20.3	22.6	-2.3	0.1	-22.5	0.0	
1.27344	0.6	11610	20.4	22.5	-2.1	0.1	-22.4	0.0	
1.27734	0.4	11610	20.4	22.6	-2.2	0.1	-22.5	0.0	
1.28125	0.0	11610	20.4	22.8	-2.4	0.1	-22.7	0.0	
1.28516	-0.3	11610	20.3	22.8	-2.5	0.1	-22.7	0.0	
1.28906	-0.3	11610	20.4	22.8	-2.4	0.1	-22.7	0.0	
1.29297	0.0	11610	20.4	22.8	-2.4	0.1	-22.7	0.0	
1.29688	0.1	11610	20.4	22.8	-2.4	0.1	-22.7	0.0	
1.30078	0.4	11610	20.4	22.8	-2.4	0.1	-22.7	0.0	
1.30469	0.5	11610	20.4	22.8	-2.4	0.1	-22.7	0.0	
1.30859	0.5	11610	20.4	22.8	-2.4	0.1	-22.7	0.0	
1.31250	0.5	11610	20.4	22.8	-2.4	0.1	-22.7	0.0	
1.31641	0.5	11610	20.4	22.8	-2.4	0.1	-22.7	0.0	
1.32031	0.4	11610	20.4	22.8	-2.4	0.1	-22.7	0.0	
1.32422	0.1	11610	20.4	22.8	-2.4	0.1	-22.7	0.0	
1.32812	0.0	11610	20.5	22.8	-2.3	0.1	-22.7	0.0	
1.33203	0.0	11610	20.6	22.9	-2.3	0.1	-22.8	0.0	
1.33594	0.0	11610	20.6	22.9	-2.3	0.1	-22.8	0.0	
1.33984	0.1	11610	20.6	23.0	-2.4	0.1	-22.9	0.0	
1.34375	0.4	11610	20.5	23.0	-2.5	0.1	-22.9	0.0	
1.34766	0.4	11610	20.5	22.9	-2.4	0.1	-22.8	0.0	
1.35156	0.3	11610	20.5	23.0	-2.5	0.1	-22.9	0.0	
1.35547	0.0	11610	20.6	23.0	-2.4	0.1	-22.9	0.0	
1.35938	0.0	11610	20.5	23.0	-2.5	0.1	-22.9	0.0	
1.36328	0.0	11610	20.5	23.1	-2.6	0.1	-23.0	0.0	
1.36719	0.0	11610	20.5	23.1	-2.6	0.1	-23.0	0.0	
1.37109	0.0	11610	20.5	22.9	-2.4	0.1	-22.8	0.0	
1.37500	0.0	11610	20.5	22.9	-2.4	0.1	-22.8	0.0	
1.37891	0.3	11610	20.5	23.0	-2.5	0.1	-22.9	0.0	
1.38281	0.4	11610	20.5	23.1	-2.6	0.1	-23.0	0.0	
1.38672	0.4	11610	20.5	23.3	-2.8	0.1	-23.2	0.0	
1.39062	0.6	11610	20.6	23.3	-2.7	0.1	-23.2	0.0	
1.39453	1.1	11610	20.5	23.1	-2.6	0.1	-23.0	0.0	
1.39844	1.4	11610	20.6	23.1	-2.5	0.1	-23.0	0.0	
1.40234	1.3	11610	20.6	23.1	-2.5	0.1	-23.0	0.0	
1.40625	1.1	11611	20.6	23.4	-2.8	0.1	-23.3	0.0	
1.41016	0.9	11611	20.6	23.4	-2.8	0.1	-23.3	0.0	
1.41406	0.6	11611	20.5	23.3	-2.8	0.1	-23.2	0.0	
1.41797	0.4	11611	20.5	23.3	-2.8	0.1	-23.2	0.0	
1.42188	0.1	11611	20.5	23.3	-2.8	0.1	-23.2	0.0	
1.42578	0.0	11611	20.5	23.3	-2.8	0.1	-23.2	0.0	
1.42969	0.0	11611	20.5	23.3	-2.8	0.1	-23.2	0.0	
1.43359	0.0	11611	20.5	23.3	-2.8	0.1	-23.2	0.0	
1.43750	0.0	11611	20.4	23.3	-2.9	0.1	-23.2	0.0	
1.44141	0.5	11611	20.3	23.3	-3.0	0.1	-23.2	0.0	
1.44531	1.5	11611	20.3	23.1	-2.8	0.1	-23.0	0.0	
1.44922	2.3	11611	20.3	23.0	-2.7	0.1	-22.9	0.0	
1.45312	2.1	11611	20.3	22.9	-2.6	0.1	-22.8	0.0	
1.45703	1.4	11611	20.1	22.9	-2.8	0.1	-22.8	0.0	
1.46094	0.5	11611	20.1	22.9	-2.8	0.1	-22.8	0.0	
1.46484	0.0	11611	20.1	22.9	-2.8	0.1	-22.8	0.0	
1.46875	0.0	11611	20.1	22.8	-2.7	0.1	-22.7	0.0	
1.47266	-0.1	11611	20.1	22.5	-2.4	0.1	-22.4	0.0	
1.47656	0.0	11611	20.1	22.3	-2.2	0.1	-22.2	0.0	
1.48047	-0.1	11611	19.9	22.1	-2.2	0.1	-22.0	0.0	
1.48438	-0.1	11611	19.9	22.1	-2.2	0.1	-22.0	0.0	
1.48828	-0.1	11611	20.0	22.1	-2.1	0.1	-22.0	0.0	
1.49219	-0.1	11611	20.0	22.0	-2.0	0.1	-21.9	0.0	
1.49609	0.0	11611	20.0	21.9	-1.9	0.1	-21.8	0.0	
1.50000	0.0	11611	20.0	22.0	-2.0	0.1	-21.9	0.0	
1.50391	0.0	11611	20.0	22.0	-2.0	0.1	-21.9	0.0	
1.50781	0.0	11611	19.9	21.9	-2.0	0.1	-21.8	0.0	
1.51172	0.0	11611	19.9	21.8	-1.9	0.1	-21.7	0.0	
1.51562	0.0	11611	20.0	21.6	-1.6	0.1	-21.5	0.0	
1.51953	0.0	11611	20.0	21.6	-1.6	0.1	-21.5	0.0	
1.52344	0.1	11611	20.0	21.6	-1.6	0.1	-21.5	0.0	
1.52734	0.6	11611	19.9	21.6	-1.7	0.1	-21.5	0.0	
1.53125	1.5	11611	19.8	21.6	-1.8	0.1	-21.5	0.0	
1.53516	2.1	11611	19.6	21.6	-2.0	0.1	-21.5	0.0	
1.53906	2.4	11612	19.6	21.6	-2.0	0.1	-21.5	0.0	
1.54297	2.6	11612	19.6	21.5	-1.9	0.1	-21.4	0.0	
1.54688	2.5	11612	19.5	21.4	-1.9	0.1	-21.3	0.0	
1.55078	2.3	11612	19.4	21.3	-1.9	0.1	-21.2	0.0	
1.55469	2.0	11612	19.3	21.3	-2.0	0.1	-21.2	0.0	
1.55859	2.0	11612	19.1	21.1	-2.0	0.1	-21.0	0.0	
1.56250	1.9	11613	19.0	21.1	-2.1	0.1	-21.0	0.0	
1.56641	2.0	11613	18.8	21.0	-2.2	0.1	-20.9	0.0	
1.57031	2.6	11613	18.8	20.9	-2.1	0.1	-20.8	0.0	
1.57422	3.5	11613	18.8	20.9	-2.1	0.1	-20.8	0.0	
1.57812	4.3	11613	18.8	20.9	-2.1	0.1	-20.8	0.0	
1.58203	4.6	11614	18.5	20.9	-2.4	0.1	-20.8	0.0	
1.58594	4.6	11614	18.4	20.8	-2.4	0.1	-20.7	0.0	
1.58984	4.4	11614	18.3	20.5	-2.2	0.1	-20.4	0.0	
1.59375	4.1	11614	18.1	20.4	-2.3	0.1	-20.3	0.0	
1.59766	4.1	11615	18.0	20.3	-2.3	0.1	-20.2	0.0	
1.60156	4.3	11615	17.8	20.1	-2.3	0.1	-20.0	0.0	
1.60547	4.1	11615	17.6	20.1	-2.5	0.1	-20.0	0.0	
1.60938	4.0	11616	17.4	20.1	-2.7	0.1	-20.0	0.0	
1.61328	3.8	11616	17.4	20.1	-2.7	0.1	-20.0	0.0	
1.61719	3.6	11616	17.4	19.9	-2.5	0.1	-19.8	0.0	
1.62109	3.6	11616	17.4	19.8	-2.4	0.1	-19.7	0.0	
1.62500	3.8	11616	17.1	19.6	-2.5	0.1	-19.5	0.0	
1.62891	3.8	11617	17.0	19.6	-2.6	0.1	-19.5	0.0	
1.63281	3.5	11617	16.9	19.6	-2.7	0.1	-19.5	0.0	
1.63672	3.3	11617	16.9	19.5	-2.6	0.1	-19.4	0.0	
1.64062	3.1	11617	16.8	19.5	-2.7	0.1	-19.4	0.0	
1.64453	3.1	11618	16.6	19.5	-2.9	0.1	-19.4	0.0	
1.64844	3.1	11618	16.5	19.4	-2.9	0.1	-19.3	0.0	
1.65234	3.1	11618	16.5	19.1	-2.6	0.1	-19.0	0.0	
1.65625	3.3	11618	16.4	19.0	-2.6	0.1	-18.9	0.0	
1.66016	3.4	11618	16.1	18.9	-2.8	0.1	-18.8	0.0	
1.66406	3.4	11619	16.1	18.9	-2.8	0.1	-18.8	0.0	
1.66797	3.1	11619	16.0	18.8	-2.8	0.1	-18.7	0.0	
1.67188	2.4	11619	15.8	18.6	-2.8	0.1	-18.5	0.0	
1.67578	1.5	11619	15.6	18.5	-2.9	0.1	-18.4	0.0	
1.67969	0.9	11619	15.6	18.5	-2.9	0.1	-18.4	0.0	
1.68359	0.6	11619	15.5	18.4	-2.9	0.1	-18.3	0.0	
1.68750	0.5	11619	15.4	18.1	-2.7	0.1	-18.0	0.0	
1.69141	0.9	11619	15.3	18.0	-2.7	0.1	-17.9	0.0	
1.69531	1.6	11619	15.1	17.8	-2.7	0.1	-17.7	0.0	
1.69922	2.6	11620	15.0	17.9	-2.9	0.1	-17.8	0.0	
1.70312	3.3	11620	14.9	17.9	-3.0	0.1	-17.8	0.0	
1.70703	3.5	11620	14.9	17.8	-2.9	0.1	-17.7	0.0	
1.71094	3.5	11620	14.8	17.5	-2.7	0.1	-17.4	0.0	
1.71484	3.4	11620	14.6	17.4	-2.8	0.1	-17.3	0.0	
1.71875	3.3	11621	14.4	17.3	-2.9	0.1	-17.2	0.0	
1.72266	3.0	11621	14.3	17.0	-2.7	0.1	-16.9	0.0	
1.72656	2.8	11621	14.3	17.0	-2.7	0.1	-16.9	0.0	
1.73047	3.0	11621	14.1	17.0	-2.9	0.1	-16.9	0.0	
1.73438	3.4	11621	14.0	17.0	-3.0	0.1	-16.9	0.0	
1.73828	3.4	11622	13.8	16.8	-3.0	0.1	-16.7	0.0	
1.74219	3.3	11622	13.8	16.8	-3.0	0.1	-16.7	0.0	
1.74609	3.1	11622	13.8	16.6	-2.8	0.1	-16.5	0.0	
1.75000	3.3	11622	13.6	16.5	-2.9	0.1	-16.4	0.0	
1.75391	3.5	11623	13.4	16.5	-3.1	0.1	-16.4	0.0	
1.75781	3.8	11623	13.3	16.5	-3.2	0.1	-16.4	0.0	
1.76172	3.8	11623	13.0	16.5	-3.5	0.1	-16.4	0.0	
1.76562	3.5	11623	12.9	16.4	-3.5	0.1	-16.3	0.0	
1.76953	3.0	11623	12.9	16.1	-3.2	0.1	-16.0	0.0	
1.77344	2.8	11624	12.8	16.3	-3.5	0.1	-16.2	0.0	
1.77734	2.9	11624	12.6	16.3	-3.7	0.1	-16.2	0.0	
1.78125	3.0	11624	12.5	16.1	-3.6	0.1	-16.0	0.0	
1.78516	3.1	11624	12.5	16.1	-3.6	0.1	-16.0	0.0	
1.78906	3.1	11624	12.4	16.1	-3.7	0.1	-16.0	0.0	
1.79297	3.0	11625	12.1	16.0	-3.9	0.1	-15.9	0.0	
1.79688	2.8	11625	12.1	15.8	-3.7	0.1	-15.7	0.0	
1.80078	2.6	11625	12.1	15.6	-3.5	0.1	-15.5	0.0	
1.80469	2.5	11625	12.0	15.8	-3.8	0.1	-15.7	0.0	
1.80859	2.5	11625	11.8	15.9	-4.1	0.1	-15.8	0.0	
1.81250	2.5	11625	11.8	15.6	-3.8	0.1	-15.5	0.0	
1.81641	2.4	11626	11.8	15.5	-3.7	0.1	-15.4	0.0	
1.82031	2.3	11626	11.8	15.6	-3.8	0.1	-15.5	0.0	
1.82422	2.3	11626	11.6	15.6	-4.0	0.1	-15.5	0.0	
1.82812	2.3	11626	11.4	15.5	-4.1	0.1	-15.4	0.0	
1.83203	2.0	11626	11.4	15.4	-4.0	0.1	-15.3	0.0	
1.83594	1.5	11626	11.5	15.3	-3.8	0.1	-15.2	0.0	
1.83984	1.4	11626	11.3	15.3	-4.0	0.1	-15.2	0.0	
1.84375	1.6	11627	11.0	15.1	-4.1	0.1	-15.0	0.0	
1.84766	2.1	11627	11.0	15.1	-4.1	0.1	-15.0	0.0	
1.85156	2.5	11627	11.0	15.1	-4.1	0.1	-15.0	0.0	
1.85547	2.6	11627	11.0	15.1	-4.1	0.1	-15.0	0.0	
1.85938	2.8	11627	10.9	15.0	-4.1	0.1	-14.9	0.0	
1.86328	2.5	11627	10.8	14.9	-4.1	0.1	-14.8	0.0	
1.86719	2.5	11627	10.6	14.9	-4.3	0.1	-14.8	0.0	
1.87109	2.5	11628	10.5	14.9	-4.4	0.1	-14.8	0.0	
1.87500	2.5	11628	10.5	14.8	-4.3	0.1	-14.7	0.0	
1.87891	2.5	11628	10.5	14.8	-4.3	0.1	-14.7	0.0	
1.88281	2.9	11628	10.4	14.6	-4.2	0.1	-14.5	0.0	
1.88672	2.9	11628	10.1	14.5	-4.4	0.1	-14.4	0.0	
1.89062	3.0	11629	10.0	14.5	-4.5	0.1	-14.4	0.0	
1.89453	3.3	11629	10.0	14.5	-4.5	0.1	-14.4	0.0	
1.89844	3.4	11629	9.9	14.5	-4.6	0.1	-14.4	0.0	
1.90234	3.5	11629	9.8	14.4	-4.6	0.1	-14.3	0.0	
1.90625	3.5	11629	9.8	14.1	-4.3	0.1	-14.0	0.0	
1.91016	3.4	11630	9.8	14.1	-4.3	0.1	-14.0	0.0	
1.91406	3.4	11630	9.6	14.1	-4.5	0.1	-14.0	0.0	
1.91797	3.4	11630	9.4	14.1	-4.7	0.1	-14.0	0.0	
1.92188	3.4	11630	9.3	14.0	-4.7	0.1	-13.9	0.0	
1.92578	3.4	11631	9.3	13.9	-4.6	0.1	-13.8	0.0	
1.92969	3.3	11631	9.1	13.9	-4.8	0.1	-13.8	0.0	
1.93359	3.3	11631	9.0	13.6	-4.6	0.1	-13.5	0.0	
1.93750	3.3	11631	8.9	13.4	-4.5	0.1	-13.3	0.0	
1.94141	3.4	11631	8.9	13.5	-4.6	0.1	-13.4	0.0	
1.94531	3.4	11632	8.9	13.5	-4.6	0.1	-13.4	0.0	
1.94922	3.6	11632	8.8	13.4	-4.6	0.1	-13.3	0.0	
1.95312	3.6	11632	8.6	13.3	-4.7	0.1	-13.2	0.0	
1.95703	3.5	11632	8.5	13.3	-4.8	0.1	-13.2	0.0	
1.96094	3.3	11633	8.5	13.3	-4.8	0.1	-13.2	0.0	
1.96484	2.9	11633	8.4	13.1	-4.7	0.1	-13.0	0.0	
1.96875	2.8	11633	8.3	13.0	-4.7	0.1	-12.9	0.0	
1.97266	2.9	11633	8.1	12.9	-4.8	0.1	-12.8	0.0	
1.97656	3.0	11633	8.0	12.9	-4.9	0.1	-12.8	0.0	
1.98047	3.1	11633	7.8	12.8	-5.0	0.1	-12.7	0.0	
1.98438	3.1	11634	7.8	12.5	-4.7	0.1	-12.4	0.0	
1.98828	3.4	11634	7.8	12.4	-4.6	0.1	-12.3	0.0	
1.99219	3.5	11634	7.6	12.4	-4.8	0.1	-12.3	0.0	
1.99609	3.4	11634	7.4	12.3	-4.9	0.1	-12.2	0.0	
2.00000	3.0	11635	7.4	12.1	-4.7	0.1	-12.0	0.0	
2.00391	2.5	11635	7.4	12.1	-4.7	0.1	-12.0	0.0	
2.00781	2.4	11635	7.4	12.1	-4.7	0.1	-12.0	0.0	
2.01172	2.5	11635	7.3	12.0	-4.7	0.1	-11.9	0.0	
2.01562	2.5	11635	7.0	11.8	-4.8	0.1	-11.7	0.0	
2.01953	2.3	11635	6.9	11.9	-5.0	0.1	-11.8	0.0	
2.02344	1.6	11635	6.9	11.9	-5.0	0.1	-11.8	0.0	
2.02734	1.0	11636	6.8	11.8	-5.0	0.1	-11.7	0.0	
2.03125	0.9	11636	6.8	11.6	-4.8	0.1	-11.5	0.0	
2.03516	1.3	11636	6.8	11.4	-4.6	0.1	-11.3	0.0	
2.03906	1.8	11636	6.6	11.3	-4.7	0.1	-11.2	0.0	
2.04297	1.9	11636	6.5	11.3	-4.8	0.1	-11.2	0.0	
2.04688	2.0	11636	6.5	11.3	-4.8	0.1	-11.2	0.0	
2.05078	2.0	11636	6.5	11.3	-4.8	0.1	-11.2	0.0	
2.05469	2.0	11636	6.4	11.3	-4.9	0.1	-11.2	0.0	
2.05859	2.0	11636	6.1	11.3	-5.2	0.1	-11.2	0.0	
2.06250	2.0	11637	6.0	11.3	-5.3	0.1	-11.2	0.0	
2.06641	2.0	11637	5.9	11.3	-5.4	0.1	-11.2	0.0	
2.07031	2.4	11637	5.8	11.3	-5.5	0.1	-11.2	0.0	
2.07422	2.9	11637	5.8	11.3	-5.5	0.1	-11.2	0.0	
2.07812	3.1	11637	5.8	11.4	-5.6	0.1	-11.3	0.0	
2.08203	3.3	11637	5.6	11.4	-5.8	0.1	-11.3	0.0	
2.08594	3.4	11638	5.4	11.4	-6.0	0.1	-11.3	0.0	
2.08984	3.4	11638	5.3	11.3	-6.0	0.1	-11.2	0.0	
2.09375	3.4	11638	5.1	11.3	-6.2	0.1	-11.2	0.0	
2.09766	3.4	11638	5.1	11.3	-6.2	0.1	-11.2	0.0	
2.10156	3.6	11639	5.0	11.1	-6.1	0.1	-11.0	0.0	
2.10547	3.8	11639	4.9	11.0	-6.1	0.1	-10.9	0.0	
2.10938	3.9	11639	4.9	10.9	-6.0	0.1	-10.8	0.0	
2.11328	3.8	11639	4.8	10.9	-6.1	0.1	-10.8	0.0	
2.11719	3.6	11640	4.6	10.8	-6.2	0.1	-10.7	0.0	
2.12109	3.6	11640	4.5	10.5	-6.0	0.1	-10.4	0.0	
2.12500	3.5	11640	4.4	10.3	-5.9	0.1	-10.2	0.0	
2.12891	3.3	11640	4.3	10.1	-5.8	0.1	-10.0	0.0	
2.13281	2.9	11640	4.1	9.9	-5.8	0.1	-9.8	0.0	
2.13672	2.8	11641	4.0	9.5	-5.5	0.1	-9.4	0.0	
2.14062	2.8	11641	3.8	9.4	-5.6	0.1	-9.3	0.0	
2.14453	2.6	11641	3.8	9.3	-5.5	0.1	-9.2	0.0	
2.14844	2.4	11641	3.6	9.1	-5.5	0.1	-9.0	0.0	
2.15234	2.3	11641	3.4	9.0	-5.6	0.1	-8.9	0.0	
2.15625	2.3	11641	3.5	8.9	-5.4	0.1	-8.8	0.0	
2.16016	2.5	11642	3.5	8.6	-5.1	0.1	-8.5	0.0	
2.16406	2.6	11642	3.4	8.4	-5.0	0.1	-8.3	0.0	
2.16797	2.6	11642	3.4	8.4	-5.0	0.1	-8.3	0.0	
2.17188	2.6	11642	3.4	8.4	-5.0	0.1	-8.3	0.0	
2.17578	2.8	11642	3.3	8.4	-5.1	0.1	-8.3	0.0	
2.17969	2.9	11642	3.0	8.1	-5.1	0.1	-8.0	0.0	
2.18359	3.0	11643	2.9	8.0	-5.1	0.1	-7.9	0.0	
2.18750	3.0	11643	2.9	7.9	-5.0	0.1	-7.8	0.0	
2.19141	2.8	11643	2.8	7.8	-5.0	0.1	-7.7	0.0	
2.19531	2.1	11643	2.6	7.8	-5.2	0.1	-7.7	0.0	
2.19922	2.1	11643	2.5	7.8	-5.3	0.1	-7.7	0.0	
2.20312	2.5	11643	2.4	7.8	-5.4	0.1	-7.7	0.0	
2.20703	2.9	11644	2.3	7.6	-5.3	0.1	-7.5	0.0	
2.21094	3.3	11644	2.1	7.4	-5.3	0.1	-7.3	0.0	
2.21484	3.3	11644	2.1	7.4	-5.3	0.1	-7.3	0.0	
2.21875	3.4	11644	2.1	7.3	-5.2	0.1	-7.2	0.0	
2.22266	3.4	11645	2.0	7.0	-5.0	0.1	-6.9	0.0	
2.22656	3.3	11645	1.9	6.9	-5.0	0.1	-6.8	0.0	
2.23047	2.8	11645	1.8	6.8	-5.0	0.1	-6.7	0.0	
2.23438	1.9	11645	1.8	6.6	-4.8	0.1	-6.5	0.0	
2.23828	1.4	11645	1.6	6.5	-4.9	0.1	-6.4	0.0	
2.24219	1.6	11645	1.4	6.4	-5.0	0.1	-6.3	0.0	
2.24609	2.1	11645	1.4	6.3	-4.9	0.1	-6.2	0.0	
2.25000	2.4	11646	1.4	6.1	-4.7	0.1	-6.0	0.0	
2.25391	2.4	11646	1.3	6.0	-4.7	0.1	-5.9	0.0	
2.25781	2.0	11646	1.0	5.8	-4.8	0.1	-5.7	0.0	
2.26172	1.5	11646	0.9	5.6	-4.7	0.1	-5.5	0.0	
2.26562	1.5	11646	0.9	5.5	-4.6	0.1	-5.4	0.0	
2.26953	1.9	11646	0.8	5.4	-4.6	0.1	-5.3	0.0	
2.27344	2.1	11646	0.6	5.4	-4.8	0.1	-5.3	0.0	
2.27734	2.1	11646	0.5	5.4	-4.9	0.1	-5.3	0.0	
2.28125	1.6	11647	0.5	5.3	-4.8	0.1	-5.2	0.0	
2.28516	1.0	11647	0.4	5.0	-4.6	0.1	-4.9	0.0	
2.28906	0.8	11647	0.4	5.0	-4.6	0.1	-4.9	0.0	
2.29297	0.5	11647	0.4	5.3	-4.9	0.1	-5.2	0.0	
2.29688	0.5	11647	0.4	5.1	-4.7	0.1	-5.0	0.0	
2.30078	0.5	11647	0.3	5.0	-4.7	0.1	-4.9	0.0	
2.30469	0.6	11647	0.1	5.0	-4.9	0.1	-4.9	0.0	
2.30859	0.6	11647	0.1	5.1	-5.0	0.1	-5.0	0.0	
2.31250	0.8	11647	0.1	5.0	-4.9	0.1	-4.9	0.0	
2.31641	0.6	11647	0.1	4.9	-4.8	0.1	-4.8	0.0	
2.32031	0.5	11647	0.1	4.9	-4.8	0.1	-4.8	0.0	
2.32422	0.5	11647	0.1	4.9	-4.8	0.1	-4.8	0.0	
2.32812	0.4	11647	0.0	4.9	-4.9	0.1	-4.8	0.0	
2.33203	0.3	11647	0.0	4.9	-4.9	0.1	-4.8	0.0	
2.33594	0.0	11647	0.0	4.8	-4.8	0.1	-4.7	0.0	
2.33984	0.0	11647	0.0	4.6	-4.6	0.1	-4.5	0.0	
2.34375	0.0	11647	-0.1	4.5	-4.6	0.1	-4.4	0.0	
2.34766	0.0	11647	-0.1	4.5	-4.6	0.1	-4.4	0.0	
2.35156	0.0	11647	-0.1	4.4	-4.5	0.1	-4.3	0.0	
2.35547	0.0	11647	-0.1	4.3	-4.4	0.1	-4.2	0.0	
2.35938	0.0	11647	-0.3	4.1	-4.4	0.1	-4.0	0.0	
2.36328	0.0	11647	-0.3	4.0	-4.3	0.1	-3.9	0.0	
2.36719	0.1	11647	-0.3	3.8	-4.1	0.1	-3.7	0.0	
2.37109	0.4	11647	-0.1	3.9	-4.0	0.1	-3.8	0.0	
2.37500	0.4	11647	-0.3	4.0	-4.3	0.1	-3.9	0.0	
2.37891	0.1	11647	-0.4	3.9	-4.3	0.1	-3.8	0.0	
2.38281	0.0	11647	-0.4	3.8	-4.2	0.1	-3.7	0.0	
2.38672	0.0	11647	-0.3	3.8	-4.1	0.1	-3.7	0.0	
2.39062	-0.1	11647	-0.3	3.8	-4.1	0.1	-3.7	0.0	
2.39453	-0.4	11647	-0.3	3.8	-4.1	0.1	-3.7	0.0	
2.39844	-0.6	11647	-0.3	3.8	-4.1	0.1	-3.7	0.0	
2.40234	-0.9	11647	-0.4	3.8	-4.2	0.1	-3.7	0.0	
2.40625	-1.3	11647	-0.4	3.8	-4.2	0.1	-3.7	0.0	
2.41016	-1.6	11647	-0.3	3.8	-4.1	0.1	-3.7	0.0	
2.41406	-1.8	11647	-0.1	3.8	-3.9	0.1	-3.7	0.0	
2.41797	-2.1	11647	-0.1	3.8	-3.9	0.1	-3.7	0.0	
2.42188	-2.9	11646	-0.1	4.0	-4.1	0.1	-3.9	0.0	
2.42578	-3.4	11646	0.0	4.0	-4.0	0.1	-3.9	0.0	
2.42969	-3.8	11646	0.0	4.1	-4.1	0.1	-4.0	0.0	
2.43359	-3.9	11646	0.1	4.3	-4.2	0.1	-4.2	0.0	
2.43750	-3.9	11645	0.3	4.3	-4.0	0.1	-4.2	0.0	
2.44141	-3.9	11645	0.5	4.4	-3.9	0.1	-4.3	0.0	
2.44531	-4.0	11645	0.8	4.6	-3.8	0.1	-4.5	0.0	
2.44922	-4.3	11645	0.8	4.8	-4.0	0.1	-4.7	0.0	
2.45312	-4.5	11644	0.9	4.9	-4.0	0.1	-4.8	0.0	
2.45703	-4.9	11644	1.0	5.0	-4.0	0.1	-4.9	0.0	
2.46094	-5.3	11644	1.3	5.1	-3.8	0.1	-5.0	0.0	
2.46484	-5.5	11643	1.5	5.4	-3.9	0.1	-5.3	0.0	
2.46875	-5.8	11643	1.8	5.5	-3.7	0.1	-5.4	0.0	
2.47266	-5.9	11642	2.0	5.8	-3.8	0.1	-5.7	0.0	
2.47656	-6.0	11642	2.1	5.9	-3.8	0.1	-5.8	0.0	
2.48047	-6.3	11642	2.4	6.1	-3.7	0.1	-6.0	0.0	
2.48438	-6.5	11641	2.6	6.4	-3.8	0.1	-6.3	0.0	
2.48828	-6.9	11641	3.1	6.5	-3.4	0.1	-6.4	0.0	
2.49219	-7.1	11640	3.5	7.0	-3.5	0.1	-6.9	0.0	
2.49609	-7.5	11640	3.8	7.4	-3.6	0.1	-7.3	0.0	
2.50000	-7.9	11639	4.0	7.6	-3.6	0.1	-7.5	0.0	
2.50391	-8.3	11639	4.4	7.8	-3.4	0.1	-7.7	0.0	
2.50781	-8.6	11638	4.9	8.1	-3.2	0.1	-8.0	0.0	
2.51172	-9.0	11638	5.3	8.8	-3.5	0.1	-8.7	0.0	
2.51562	-9.4	11637	5.6	9.0	-3.4	0.1	-8.9	0.0	
2.51953	-9.6	11636	6.0	9.3	-3.3	0.1	-9.2	0.0	
2.52344	-9.9	11636	6.4	9.6	-3.2	0.1	-9.5	0.0	
2.52734	-9.9	11635	6.8	10.0	-3.2	0.1	-9.9	0.0	
2.53125	-10.0	11634	7.3	10.3	-3.0	0.1	-10.2	0.0	
2.53516	-10.0	11634	7.6	10.6	-3.0	0.1	-10.5	0.0	
2.53906	-10.1	11633	8.0	11.1	-3.1	0.1	-11.0	0.0	
2.54297	-10.3	11632	8.3	11.6	-3.3	0.1	-11.5	0.0	
2.54688	-10.4	11632	8.5	11.9	-3.4	0.1	-11.8	0.0	
2.55078	-10.3	11631	9.0	12.1	-3.1	0.1	-12.0	0.0	
2.55469	-10.1	11630	9.4	12.4	-3.0	0.1	-12.3	0.0	
2.55859	-10.1	11630	9.6	12.8	-3.2	0.1	-12.7	0.0	
2.56250	-10.0	11629	10.0	13.0	-3.0	0.1	-12.9	0.0	
2.56641	-10.0	11629	10.4	13.3	-2.9	0.1	-13.2	0.0	
2.57031	-9.9	11628	10.8	13.6	-2.8	0.1	-13.5	0.0	
2.57422	-9.3	11627	11.0	13.9	-2.9	0.1	-13.8	0.0	
2.57812	-8.4	11627	11.1	14.0	-2.9	0.1	-13.9	0.0	
2.58203	-7.4	11626	11.4	14.1	-2.7	0.1	-14.0	0.0	
2.58594	-6.5	11626	11.6	14.5	-2.9	0.1	-14.4	0.0	
2.58984	-6.0	11625	11.9	15.0	-3.1	0.1	-14.9	0.0	
2.59375	-5.9	11625	12.1	15.1	-3.0	0.1	-15.0	0.0	
2.59766	-6.1	11625	12.4	15.3	-2.9	0.1	-15.2	0.0	
2.60156	-6.4	11624	12.8	15.5	-2.7	0.1	-15.4	0.0	
2.60547	-6.5	11624	12.8	15.8	-3.0	0.1	-15.7	0.0	
2.60938	-6.3	11623	12.9	15.9	-3.0	0.1	-15.8	0.0	
2.61328	-5.8	11623	13.1	16.1	-3.0	0.1	-16.0	0.0	
2.61719	-5.1	11623	13.5	16.3	-2.8	0.1	-16.2	0.0	
2.62109	-4.8	11622	13.6	16.4	-2.8	0.1	-16.3	0.0	
2.62500	-4.5	11622	13.6	16.4	-2.8	0.1	-16.3	0.0	
2.62891	-4.4	11622	13.8	16.5	-2.7	0.1	-16.4	0.0	
2.63281	-4.5	11622	14.0	16.9	-2.9	0.1	-16.8	0.0	
2.63672	-4.8	11621	14.0	17.1	-3.1	0.1	-17.0	0.0	
2.64062	-4.9	11621	14.0	17.1	-3.1	0.1	-17.0	0.0	
2.64453	-4.6	11621	14.1	17.3	-3.2	0.1	-17.2	0.0	
2.64844	-4.4	11620	14.4	17.3	-2.9	0.1	-17.2	0.0	
2.65234	-4.3	11620	14.4	17.3	-2.9	0.1	-17.2	0.0	
2.65625	-4.0	11620	14.5	17.4	-2.9	0.1	-17.3	0.0	
2.66016	-3.9	11619	14.9	17.6	-2.7	0.1	-17.5	0.0	
2.66406	-3.9	11619	15.0	17.9	-2.9	0.1	-17.8	0.0	
2.66797	-3.8	11619	14.9	18.0	-3.1	0.1	-17.9	0.0	
2.67188	-3.6	11619	15.0	18.0	-3.0	0.1	-17.9	0.0	
2.67578	-3.5	11619	15.1	18.1	-3.0	0.1	-18.0	0.0	
2.67969	-3.5	11618	15.3	18.4	-3.1	0.1	-18.3	0.0	
2.68359	-3.5	11618	15.4	18.4	-3.0	0.1	-18.3	0.0	
2.68750	-3.5	11618	15.5	18.4	-2.9	0.1	-18.3	0.0	
2.69141	-3.6	11618	15.6	18.5	-2.9	0.1	-18.4	0.0	
2.69531	-3.3	11617	15.8	18.8	-3.0	0.1	-18.7	0.0	
2.69922	-2.4	11617	15.9	18.9	-3.0	0.1	-18.8	0.0	
2.70312	-1.5	11617	16.0	19.0	-3.0	0.1	-18.9	0.0	
2.70703	-1.9	11617	16.0	18.9	-2.9	0.1	-18.8	0.0	
2.71094	-2.5	11617	16.0	18.9	-2.9	0.1	-18.8	0.0	
2.71484	-3.1	11617	16.0	19.0	-3.0	0.1	-18.9	0.0	
2.71875	-3.4	11616	16.1	19.1	-3.0	0.1	-19.0	0.0	
2.72266	-3.3	11616	16.4	19.3	-2.9	0.1	-19.2	0.0	
2.72656	-2.6	11616	16.4	19.3	-2.9	0.1	-19.2	0.0	
2.73047	-1.9	11616	16.4	19.4	-3.0	0.1	-19.3	0.0	
2.73438	-1.1	11616	16.5	19.5	-3.0	0.1	-19.4	0.0	
2.73828	-0.4	11616	16.6	19.8	-3.2	0.1	-19.7	0.0	
2.74219	-0.3	11616	16.5	19.9	-3.4	0.1	-19.8	0.0	
2.74609	-0.8	11616	16.6	20.0	-3.4	0.1	-19.9	0.0	
2.75000	-0.9	11616	16.8	20.1	-3.3	0.1	-20.0	0.0	
2.75391	-0.5	11616	16.8	20.4	-3.6	0.1	-20.3	0.0	
2.75781	-0.3	11616	16.6	20.4	-3.8	0.1	-20.3	0.0	
2.76172	0.0	11616	16.8	20.4	-3.6	0.1	-20.3	0.0	
2.76562	0.0	11616	16.9	20.4	-3.5	0.1	-20.3	0.0	
2.76953	-0.4	11616	16.9	20.4	-3.5	0.1	-20.3	0.0	
2.77344	-0.4	11616	16.9	20.4	-3.5	0.1	-20.3	0.0	
2.77734	-0.1	11616	16.9	20.4	-3.5	0.1	-20.3	0.0	
2.78125	0.1	11616	16.9	20.4	-3.5	0.1	-20.3	0.0	
2.78516	0.5	11616	16.9	20.4	-3.5	0.1	-20.3	0.0	
2.78906	0.5	11616	16.9	20.4	-3.5	0.1	-20.3	0.0	
2.79297	0.4	11616	16.9	20.4	-3.5	0.1	-20.3	0.0	
2.79688	0.1	11616	16.9	20.0	-3.1	0.1	-19.9	0.0	
2.80078	0.0	11616	16.9	19.9	-3.0	0.1	-19.8	0.0	
2.80469	0.0	11616	16.9	19.9	-3.0	0.1	-19.8	0.0	
2.80859	0.0	11616	16.9	19.9	-3.0	0.1	-19.8	0.0	
2.81250	0.0	11616	16.9	19.9	-3.0	0.1	-19.8	0.0	
2.81641	-0.1	11616	16.9	19.8	-2.9	0.1	-19.7	0.0	
2.82031	-0.3	11616	16.9	19.6	-2.7	0.1	-19.5	0.0	
2.82422	-0.6	11616	17.0	19.6	-2.6	0.1	-19.5	0.0	
2.82812	-1.4	11616	17.1	19.6	-2.5	0.1	-19.5	0.0	
2.83203	-2.1	11615	17.1	19.6	-2.5	0.1	-19.5	0.0	
2.83594	-2.4	11615	17.0	19.6	-2.6	0.1	-19.5	0.0	
2.83984	-2.3	11615	17.0	19.6	-2.6	0.1	-19.5	0.0	
2.84375	-2.0	11615	17.1	19.6	-2.5	0.1	-19.5	0.0	
2.84766	-1.9	11615	17.3	19.6	-2.3	0.1	-19.5	0.0	
2.85156	-1.9	11615	17.3	19.6	-2.3	0.1	-19.5	0.0	
2.85547	-2.1	11615	17.3	19.8	-2.5	0.1	-19.7	0.0	
2.85938	-2.0	11614	17.3	19.9	-2.6	0.1	-19.8	0.0	
2.86328	-1.6	11614	17.3	20.0	-2.7	0.1	-19.9	0.0	
2.86719	-1.3	11614	17.4	20.0	-2.6	0.1	-19.9	0.0	
2.87109	-0.9	11614	17.5	20.1	-2.6	0.1	-20.0	0.0	
2.87500	-0.8	11614	17.6	20.4	-2.8	0.1	-20.3	0.0	
2.87891	-1.1	11614	17.5	20.3	-2.8	0.1	-20.2	0.0	
2.88281	-1.3	11614	17.5	20.1	-2.6	0.1	-20.0	0.0	
2.88672	-0.9	11614	17.5	20.3	-2.8	0.1	-20.2	0.0	
2.89062	-0.4	11614	17.6	20.4	-2.8	0.1	-20.3	0.0	
2.89453	0.0	11614	17.6	20.4	-2.8	0.1	-20.3	0.0	
2.89844	0.0	11614	17.6	20.4	-2.8	0.1	-20.3	0.0	
2.90234	0.0	11614	17.8	20.4	-2.6	0.1	-20.3	0.0	
2.90625	0.0	11614	17.9	20.4	-2.5	0.1	-20.3	0.0	
2.91016	0.0	11614	17.9	20.4	-2.5	0.1	-20.3	0.0	
2.91406	0.0	11614	17.8	20.3	-2.5	0.1	-20.2	0.0	
2.91797	0.0	11614	17.8	20.4	-2.6	0.1	-20.3	0.0	
2.92188	0.1	11614	18.0	20.4	-2.4	0.1	-20.3	0.0	
2.92578	0.4	11614	18.0	20.4	-2.4	0.1	-20.3	0.0	
2.92969	0.5	11614	18.0	20.4	-2.4	0.1	-20.3	0.0	
2.93359	0.5	11614	18.0	20.4	-2.4	0.1	-20.3	0.0	
2.93750	0.5	11614	18.0	20.4	-2.4	0.1	-20.3	0.0	
2.94141	0.5	11614	18.0	20.4	-2.4	0.1	-20.3	0.0	
2.94531	0.3	11614	18.0	20.4	-2.4	0.1	-20.3	0.0	
2.94922	0.1	11614	18.0	20.4	-2.4	0.1	-20.3	0.0	
2.95312	0.0	11614	18.0	20.4	-2.4	0.1	-20.3	0.0	
2.95703	0.0	11614	18.0	20.4	-2.4	0.1	-20.3	0.0	
2.96094	0.0	11614	18.1	20.4	-2.3	0.1	-20.3	0.0	
2.96484	0.0	11614	18.4	20.5	-2.1	0.1	-20.4	0.0	
2.96875	0.0	11614	18.3	20.5	-2.2	0.1	-20.4	0.0	
2.97266	0.0	11614	18.1	20.5	-2.4	0.1	-20.4	0.0	
2.97656	0.0	11614	18.1	20.5	-2.4	0.1	-20.4	0.0	
2.98047	0.0	11614	18.3	20.5	-2.2	0.1	-20.4	0.0	
2.98438	0.0	11614	18.4	20.5	-2.1	0.1	-20.4	0.0	
2.98828	0.0	11614	18.4	20.5	-2.1	0.1	-20.4	0.0	
2.99219	0.1	11614	18.4	20.5	-2.1	0.1	-20.4	0.0	
2.99609	0.6	11614	18.4	20.5	-2.1	0.1	-20.4	0.0	
3.00000	0.8	11614	18.4	20.5	-2.1	0.1	-20.4	0.0	
3.00391	0.8	11614	18.4	20.5	-2.1	0.1	-20.4	0.0	
3.00781	0.8	11614	18.4	20.5	-2.1	0.1	-20.4	0.0	
3.01172	0.8	11614	18.1	20.6	-2.5	0.1	-20.5	0.0	
3.01562	0.4	11614	18.3	20.5	-2.2	0.1	-20.4	0.0	
3.01953	0.1	11614	18.3	20.5	-2.2	0.1	-20.4	0.0	
3.02344	0.0	11614	18.3	20.5	-2.2	0.1	-20.4	0.0	
3.02734	0.0	11614	18.4	20.6	-2.2	0.1	-20.5	0.0	
3.03125	0.0	11614	18.4	20.5	-2.1	0.1	-20.4	0.0	
3.03516	0.0	11614	18.4	20.5	-2.1	0.1	-20.4	0.0	
3.03906	0.1	11614	18.3	20.5	-2.2	0.1	-20.4	0.0	
3.04297	0.1	11614	18.4	20.5	-2.1	0.1	-20.4	0.0	
3.04688	0.1	11614	18.4	20.5	-2.1	0.1	-20.4	0.0	
3.05078	0.0	11614	18.4	20.5	-2.1	0.1	-20.4	0.0	
3.05469	0.0	11614	18.4	20.5	-2.1	0.1	-20.4	0.0	
3.05859	0.0	11614	18.4	20.5	-2.1	0.1	-20.4	0.0	
3.06250	0.0	11614	18.4	20.5	-2.1	0.1	-20.4	0.0	
3.06641	0.0	11614	18.4	20.5	-2.1	0.1	-20.4	0.0	
3.07031	0.0	11614	18.4	20.5	-2.1	0.1	-20.4	0.0	
3.07422	0.3	11614	18.4	20.5	-2.1	0.1	-20.4	0.0	
3.07812	0.3	11614	18.4	20.5	-2.1	0.1	-20.4	0.0	
3.08203	0.1	11614	18.4	20.5	-2.1	0.1	-20.4	0.0	
3.08594	0.1	11614	18.4	20.5	-2.1	0.1	-20.4	0.0	
3.08984	0.0	11614	18.5	20.5	-2.0	0.1	-20.4	0.0	
3.09375	-0.1	11614	18.5	20.5	-2.0	0.1	-20.4	0.0	
3.09766	0.0	11614	18.5	20.5	-2.0	0.1	-20.4	0.0	
3.10156	0.1	11614	18.6	20.5	-1.9	0.1	-20.4	0.0	
3.10547	0.4	11614	18.6	20.6	-2.0	0.1	-20.5	0.0	
3.10938	0.4	11615	18.5	20.5	-2.0	0.1	-20.4	0.0	
3.11328	0.3	11615	18.6	20.5	-1.9	0.1	-20.4	0.0	
3.11719	0.1	11615	18.6	20.5	-1.9	0.1	-20.4	0.0	
3.12109	0.3	11615	18.5	20.5	-2.0	0.1	-20.4	0.0	
3.12500	0.1	11615	18.4	20.5	-2.1	0.1	-20.4	0.0	
3.12891	0.0	11615	18.4	20.5	-2.1	0.1	-20.4	0.0	
3.13281	0.0	11615	18.5	20.8	-2.3	0.1	-20.7	0.0	
3.13672	-0.3	11615	18.6	20.8	-2.2	0.1	-20.7	0.0	
3.14062	-0.3	11615	18.6	20.8	-2.2	0.1	-20.7	0.0	
3.14453	-0.3	11614	18.5	20.8	-2.3	0.1	-20.7	0.0	
3.14844	-0.5	11614	18.5	20.6	-2.1	0.1	-20.5	0.0	
3.15234	-1.0	11614	18.6	20.8	-2.2	0.1	-20.7	0.0	
3.15625	-1.4	11614	18.6	20.8	-2.2	0.1	-20.7	0.0	
3.16016	-1.1	11614	18.5	20.8	-2.3	0.1	-20.7	0.0	
3.16406	-0.9	11614	18.6	20.9	-2.3	0.1	-20.8	0.0	
3.16797	-0.5	11614	18.8	21.0	-2.2	0.1	-20.9	0.0	
3.17188	-0.1	11614	18.9	21.0	-2.1	0.1	-20.9	0.0	
3.17578	0.0	11614	18.8	21.0	-2.2	0.1	-20.9	0.0	
3.17969	0.0	11614	18.6	21.0	-2.4	0.1	-20.9	0.0	
3.18359	0.0	11614	18.9	21.1	-2.2	0.1	-21.0	0.0	
3.18750	0.0	11614	19.0	21.3	-2.3	0.1	-21.2	0.0	
3.19141	0.0	11614	19.0	21.3	-2.3	0.1	-21.2	0.0	
3.19531	0.0	11614	19.1	21.3	-2.2	0.1	-21.2	0.0	
3.19922	0.0	11614	19.3	21.3	-2.0	0.1	-21.2	0.0	
3.20312	0.0	11614	19.3	21.3	-2.0	0.1	-21.2	0.0	
3.20703	0.0	11614	19.1	21.3	-2.2	0.1	-21.2	0.0	
3.21094	0.0	11614	19.0	21.4	-2.4	0.1	-21.3	0.0	
3.21484	0.0	11614	19.0	21.5	-2.5	0.1	-21.4	0.0	
3.21875	0.0	11614	19.1	21.6	-2.5	0.1	-21.5	0.0	
3.22266	0.0	11614	19.1	21.6	-2.5	0.1	-21.5	0.0	
3.22656	0.3	11614	19.1	21.6	-2.5	0.1	-21.5	0.0	
3.23047	0.4	11614	19.1	21.6	-2.5	0.1	-21.5	0.0	
3.23438	0.3	11614	19.3	21.6	-2.3	0.1	-21.5	0.0	
3.23828	0.0	11614	19.3	21.8	-2.5	0.1	-21.7	0.0	
3.24219	0.0	11614	19.3	21.9	-2.6	0.1	-21.8	0.0	
3.24609	0.0	11614	19.4	21.9	-2.5	0.1	-21.8	0.0	
3.25000	0.0	11614	19.4	21.8	-2.4	0.1	-21.7	0.0	
3.25391	0.0	11614	19.4	21.8	-2.4	0.1	-21.7	0.0	
3.25781	0.0	11614	19.3	21.9	-2.6	0.1	-21.8	0.0	
3.26172	0.0	11614	19.3	21.9	-2.6	0.1	-21.8	0.0	
3.26562	0.0	11614	19.3	22.0	-2.7	0.1	-21.9	0.0	
3.26953	0.0	11614	19.3	21.9	-2.6	0.1	-21.8	0.0	
3.27344	0.0	11614	19.3	21.9	-2.6	0.1	-21.8	0.0	
3.27734	0.0	11614	19.3	22.0	-2.7	0.1	-21.9	0.0	
3.28125	0.0	11614	19.3	21.9	-2.6	0.1	-21.8	0.0	
3.28516	0.0	11614	19.4	21.9	-2.5	0.1	-21.8	0.0	
3.28906	-0.1	11614	19.4	22.0	-2.6	0.1	-21.9	0.0	
3.29297	-0.5	11614	19.4	21.9	-2.5	0.1	-21.8	0.0	
3.29688	-0.6	11614	19.3	21.9	-2.6	0.1	-21.8	0.0	
3.30078	-0.5	11614	19.4	22.0	-2.6	0.1	-21.9	0.0	
3.30469	-0.4	11614	19.4	22.0	-2.6	0.1	-21.9	0.0	
3.30859	-0.3	11614	19.4	22.0	-2.6	0.1	-21.9	0.0	
3.31250	-0.3	11614	19.4	22.0	-2.6	0.1	-21.9	0.0	
3.31641	-0.3	11614	19.5	22.1	-2.6	0.1	-22.0	0.0	
3.32031	-0.1	11614	19.6	22.3	-2.7	0.1	-22.2	0.0	
3.32422	0.0	11614	19.6	22.1	-2.5	0.1	-22.0	0.0	
3.32812	0.0	11614	19.6	22.1	-2.5	0.1	-22.0	0.0	
3.33203	0.0	11614	19.6	22.1	-2.5	0.1	-22.0	0.0	
3.33594	0.0	11614	19.6	22.4	-2.8	0.1	-22.3	0.0	
3.33984	0.0	11614	19.6	22.4	-2.8	0.1	-22.3	0.0	
3.34375	0.0	11614	19.6	22.4	-2.8	0.1	-22.3	0.0	
3.34766	0.0	11614	19.6	22.4	-2.8	0.1	-22.3	0.0	
3.35156	0.0	11614	19.6	22.4	-2.8	0.1	-22.3	0.0	
3.35547	0.0	11614	19.6	22.4	-2.8	0.1	-22.3	0.0	
3.35938	0.0	11614	19.6	22.3	-2.7	0.1	-22.2	0.0	
3.36328	-0.1	11614	19.6	22.5	-2.9	0.1	-22.4	0.0	
3.36719	-0.3	11614	19.6	22.6	-3.0	0.1	-22.5	0.0	
3.37109	-0.5	11614	19.6	22.5	-2.9	0.1	-22.4	0.0	
3.37500	-0.5	11614	19.6	22.5	-2.9	0.1	-22.4	0.0	
3.37891	-0.3	11614	19.6	22.5	-2.9	0.1	-22.4	0.0	
3.38281	0.0	11614	19.6	22.5	-2.9	0.1	-22.4	0.0	
3.38672	0.0	11614	19.6	22.5	-2.9	0.1	-22.4	0.0	
3.39062	0.0	11614	19.6	22.5	-2.9	0.1	-22.4	0.0	
3.39453	0.1	11614	19.8	22.5	-2.7	0.1	-22.4	0.0	
3.39844	0.1	11614	19.8	22.5	-2.7	0.1	-22.4	0.0	
3.40234	0.1	11614	19.8	22.5	-2.7	0.1	-22.4	0.0	
3.40625	0.0	11614	19.6	22.5	-2.9	0.1	-22.4	0.0	
3.41016	0.0	11614	19.8	22.8	-3.0	0.1	-22.7	0.0	
3.41406	0.0	11614	19.8	22.8	-3.0	0.1	-22.7	0.0	
3.41797	0.0	11614	19.8	22.8	-3.0	0.1	-22.7	0.0	
3.42188	0.0	11614	19.6	22.8	-3.2	0.1	-22.7	0.0	
3.42578	0.0	11614	19.6	22.8	-3.2	0.1	-22.7	0.0	
3.42969	0.0	11614	19.6	22.8	-3.2	0.1	-22.7	0.0	
3.43359	0.0	11614	19.6	22.8	-3.2	0.1	-22.7	0.0	
3.43750	0.0	11614	19.6	22.8	-3.2	0.1	-22.7	0.0	
3.44141	0.0	11614	19.6	22.8	-3.2	0.1	-22.7	0.0	
3.44531	0.0	11614	19.6	22.8	-3.2	0.1	-22.7	0.0	
3.44922	0.4	11614	19.6	22.8	-3.2	0.1	-22.7	0.0	
3.45312	0.9	11614	19.6	22.8	-3.2	0.1	-22.7	0.0	
3.45703	0.9	11614	19.5	22.5	-3.0	0.1	-22.4	0.0	
3.46094	0.3	11614	19.5	22.4	-2.9	0.1	-22.3	0.0	
3.46484	-0.6	11614	19.5	22.3	-2.8	0.1	-22.2	0.0	
3.46875	-1.1	11614	19.4	22.4	-3.0	0.1	-22.3	0.0	
3.47266	-1.4	11614	19.4	22.3	-2.9	0.1	-22.2	0.0	
3.47656	-1.8	11614	19.5	22.1	-2.6	0.1	-22.0	0.0	
3.48047	-1.8	11614	19.5	22.1	-2.6	0.1	-22.0	0.0	
3.48438	-1.5	11614	19.5	22.1	-2.6	0.1	-22.0	0.0	
3.48828	-1.8	11613	19.5	22.0	-2.5	0.1	-21.9	0.0	
3.49219	-1.9	11613	19.5	21.8	-2.3	0.1	-21.7	0.0	
3.49609	-1.9	11613	19.4	21.6	-2.2	0.1	-21.5	0.0	
3.50000	-2.0	11613	19.4	21.8	-2.4	0.1	-21.7	0.0	
3.50391	-1.8	11613	19.5	21.9	-2.4	0.1	-21.8	0.0	
3.50781	-1.1	11613	19.6	21.8	-2.2	0.1	-21.7	0.0	
3.51172	-0.5	11613	19.6	21.6	-2.0	0.1	-21.5	0.0	
3.51562	-0.1	11613	19.6	21.8	-2.2	0.1	-21.7	0.0	
3.51953	0.0	11613	19.6	21.8	-2.2	0.1	-21.7	0.0	
3.52344	0.0	11613	19.6	21.8	-2.2	0.1	-21.7	0.0	
3.52734	0.0	11613	19.6	21.6	-2.0	0.1	-21.5	0.0	
3.53125	0.0	11613	19.8	21.6	-1.8	0.1	-21.5	0.0	
3.53516	0.0	11613	19.9	21.8	-1.9	0.1	-21.7	0.0	
3.53906	0.1	11613	19.9	21.9	-2.0	0.1	-21.8	0.0	
3.54297	0.1	11613	19.9	21.9	-2.0	0.1	-21.8	0.0	
3.54688	0.0	11613	20.0	21.9	-1.9	0.1	-21.8	0.0	
3.55078	0.0	11613	20.0	22.0	-2.0	0.1	-21.9	0.0	
3.55469	0.0	11613	20.0	22.0	-2.0	0.1	-21.9	0.0	
3.55859	0.0	11613	20.0	22.0	-2.0	0.1	-21.9	0.0	
3.56250	0.0	11613	20.0	22.0	-2.0	0.1	-21.9	0.0	
3.56641	0.1	11613	20.0	22.0	-2.0	0.1	-21.9	0.0	
3.57031	0.6	11613	20.0	22.0	-2.0	0.1	-21.9	0.0	
3.57422	1.0	11613	19.9	22.0	-2.1	0.1	-21.9	0.0	
3.57812	0.9	11613	19.9	22.0	-2.1	0.1	-21.9	0.0	
3.58203	0.5	11613	20.0	22.0	-2.0	0.1	-21.9	0.0	
3.58594	0.1	11613	19.9	22.0	-2.1	0.1	-21.9	0.0	
3.58984	0.0	11613	19.9	22.0	-2.1	0.1	-21.9	0.0	
3.59375	0.0	11613	20.0	22.0	-2.0	0.1	-21.9	0.0	
3.59766	-0.3	11613	20.0	22.1	-2.1	0.1	-22.0	0.0	
3.60156	-0.5	11613	20.0	21.9	-1.9	0.1	-21.8	0.0	
3.60547	-0.6	11613	19.9	21.8	-1.9	0.1	-21.7	0.0	
3.60938	-0.5	11613	19.9	21.8	-1.9	0.1	-21.7	0.0	
3.61328	-0.3	11613	20.0	22.0	-2.0	0.1	-21.9	0.0	
3.61719	0.0	11613	20.0	22.0	-2.0	0.1	-21.9	0.0	
3.62109	0.0	11613	20.0	21.9	-1.9	0.1	-21.8	0.0	
3.62500	0.0	11613	20.0	21.9	-1.9	0.1	-21.8	0.0	
3.62891	0.0	11613	20.1	22.0	-1.9	0.1	-21.9	0.0	
3.63281	0.0	11613	20.3	22.0	-1.7	0.1	-21.9	0.0	
3.63672	0.0	11613	20.1	22.0	-1.9	0.1	-21.9	0.0	
3.64062	0.0	11613	20.1	22.0	-1.9	0.1	-21.9	0.0	
3.64453	0.0	11613	20.1	22.0	-1.9	0.1	-21.9	0.0	
3.64844	0.0	11613	20.1	22.0	-1.9	0.1	-21.9	0.0	
3.65234	0.0	11613	20.1	22.0	-1.9	0.1	-21.9	0.0	
3.65625	0.0	11613	20.1	22.0	-1.9	0.1	-21.9	0.0	
3.66016	0.0	11613	20.1	22.0	-1.9	0.1	-21.9	0.0	
3.66406	0.0	11613	20.1	22.0	-1.9	0.1	-21.9	0.0	
3.66797	0.0	11613	20.1	21.9	-1.8	0.1	-21.8	0.0	
3.67188	0.0	11613	20.1	21.9	-1.8	0.1	-21.8	0.0	
3.67578	0.0	11613	20.1	22.0	-1.9	0.1	-21.9	0.0	
3.67969	0.0	11613	20.1	22.0	-1.9	0.1	-21.9	0.0	
3.68359	0.0	11613	20.1	22.0	-1.9	0.1	-21.9	0.0	
3.68750	0.1	11613	20.1	22.0	-1.9	0.1	-21.9	0.0	
3.69141	0.5	11613	20.1	22.0	-1.9	0.1	-21.9	0.0	
3.69531	0.9	11613	20.1	22.0	-1.9	0.1	-21.9	0.0	
3.69922	1.1	11613	20.1	21.9	-1.8	0.1	-21.8	0.0	
3.70312	1.1	11613	20.1	21.9	-1.8	0.1	-21.8	0.0	
3.70703	0.8	11613	20.1	22.0	-1.9	0.1	-21.9	0.0	
3.71094	0.4	11613	20.1	22.0	-1.9	0.1	-21.9	0.0	
3.71484	0.0	11613	20.1	22.0	-1.9	0.1	-21.9	0.0	
3.71875	-0.1	11613	20.1	22.0	-1.9	0.1	-21.9	0.0	
3.72266	-0.3	11613	20.1	22.0	-1.9	0.1	-21.9	0.0	
3.72656	-0.3	11613	20.1	21.9	-1.8	0.1	-21.8	0.0	
3.73047	0.0	11613	20.1	21.9	-1.8	0.1	-21.8	0.0	
3.73438	0.4	11613	20.1	22.0	-1.9	0.1	-21.9	0.0	
3.73828	0.5	11613	20.1	22.0	-1.9	0.1	-21.9	0.0	
3.74219	0.6	11613	20.1	22.0	-1.9	0.1	-21.9	0.0	
3.74609	0.6	11613	20.1	22.0	-1.9	0.1	-21.9	0.0	
3.75000	0.5	11613	20.1	21.9	-1.8	0.1	-21.8	0.0	
3.75391	0.5	11613	19.9	21.8	-1.9	0.1	-21.7	0.0	
3.75781	0.4	11613	19.8	21.8	-2.0	0.1	-21.7	0.0	
3.76172	0.3	11613	19.8	22.0	-2.2	0.1	-21.9	0.0	
3.76562	0.4	11613	20.0	22.0	-2.0	0.1	-21.9	0.0	
3.76953	0.4	11613	19.9	21.9	-2.0	0.1	-21.8	0.0	
3.77344	0.3	11613	19.9	21.8	-1.9	0.1	-21.7	0.0	
3.77734	0.1	11613	20.0	21.6	-1.6	0.1	-21.5	0.0	
3.78125	0.0	11613	19.9	21.6	-1.7	0.1	-21.5	0.0	
3.78516	0.0	11613	19.8	21.6	-1.8	0.1	-21.5	0.0	
3.78906	0.0	11613	19.6	21.6	-2.0	0.1	-21.5	0.0	
3.79297	0.0	11613	19.5	21.6	-2.1	0.1	-21.5	0.0	
3.79688	0.3	11614	19.5	21.6	-2.1	0.1	-21.5	0.0	
3.80078	0.5	11614	19.6	21.6	-2.0	0.1	-21.5	0.0	
3.80469	0.6	11614	19.5	21.5	-2.0	0.1	-21.4	0.0	
3.80859	0.8	11614	19.4	21.5	-2.1	0.1	-21.4	0.0	
3.81250	0.8	11614	19.3	21.5	-2.2	0.1	-21.4	0.0	
3.81641	0.6	11614	19.3	21.6	-2.3	0.1	-21.5	0.0	
3.82031	0.8	11614	19.3	21.5	-2.2	0.1	-21.4	0.0	
3.82422	1.3	11614	19.1	21.4	-2.3	0.1	-21.3	0.0	
3.82812	2.1	11614	19.0	21.3	-2.3	0.1	-21.2	0.0	
3.83203	2.9	11614	18.9	21.3	-2.4	0.1	-21.2	0.0	
3.83594	3.5	11614	18.8	21.3	-2.5	0.1	-21.2	0.0	
3.83984	3.9	11615	18.6	21.3	-2.7	0.1	-21.2	0.0	
3.84375	3.9	11615	18.5	21.3	-2.8	0.1	-21.2	0.0	
3.84766	4.0	11615	18.5	21.3	-2.8	0.1	-21.2	0.0	
3.85156	4.1	11615	18.4	21.1	-2.7	0.1	-21.0	0.0	
3.85547	4.4	11616	18.1	21.0	-2.9	0.1	-20.9	0.0	
3.85938	4.5	11616	18.0	20.9	-2.9	0.1	-20.8	0.0	
3.86328	4.5	11616	17.8	20.9	-3.1	0.1	-20.8	0.0	
3.86719	4.5	11617	17.6	20.8	-3.2	0.1	-20.7	0.0	
3.87109	4.5	11617	17.6	20.5	-2.9	0.1	-20.4	0.0	
3.87500	4.6	11617	17.5	20.5	-3.0	0.1	-20.4	0.0	
3.87891	4.5	11618	17.4	20.5	-3.1	0.1	-20.4	0.0	
3.88281	4.4	11618	17.3	20.5	-3.2	0.1	-20.4	0.0	
3.88672	4.3	11618	17.1	20.5	-3.4	0.1	-20.4	0.0	
3.89062	4.3	11618	17.0	20.5	-3.5	0.1	-20.4	0.0	
3.89453	4.1	11619	16.8	20.4	-3.6	0.1	-20.3	0.0	
3.89844	4.1	11619	16.6	20.1	-3.5	0.1	-20.0	0.0	
3.90234	4.1	11619	16.5	20.0	-3.5	0.1	-19.9	0.0	
3.90625	4.0	11619	16.5	19.8	-3.3	0.1	-19.7	0.0	
3.91016	3.9	11620	16.4	19.6	-3.2	0.1	-19.5	0.0	
3.91406	3.8	11620	16.1	19.6	-3.5	0.1	-19.5	0.0	
3.91797	3.8	11620	16.1	19.6	-3.5	0.1	-19.5	0.0	
3.92188	3.9	11620	16.0	19.6	-3.6	0.1	-19.5	0.0	
3.92578	4.0	11621	15.8	19.6	-3.8	0.1	-19.5	0.0	
3.92969	4.3	11621	15.6	19.5	-3.9	0.1	-19.4	0.0	
3.93359	4.3	11621	15.4	19.4	-4.0	0.1	-19.3	0.0	
3.93750	4.3	11622	15.3	19.3	-4.0	0.1	-19.2	0.0	
3.94141	4.3	11622	15.3	19.1	-3.8	0.1	-19.0	0.0	
3.94531	4.4	11622	15.1	19.0	-3.9	0.1	-18.9	0.0	
3.94922	4.4	11622	15.0	18.9	-3.9	0.1	-18.8	0.0	
3.95312	4.1	11623	14.9	18.9	-4.0	0.1	-18.8	0.0	
3.95703	4.0	11623	14.8	18.9	-4.1	0.1	-18.8	0.0	
3.96094	4.0	11623	14.6	18.9	-4.3	0.1	-18.8	0.0	
3.96484	4.0	11623	14.5	18.8	-4.3	0.1	-18.7	0.0	
3.96875	4.0	11624	14.4	18.6	-4.2	0.1	-18.5	0.0	
3.97266	4.0	11624	14.1	18.5	-4.4	0.1	-18.4	0.0	
3.97656	4.0	11624	14.1	18.4	-4.3	0.1	-18.3	0.0	
3.98047	4.0	11624	14.0	18.1	-4.1	0.1	-18.0	0.0	
3.98438	3.9	11625	13.8	18.1	-4.3	0.1	-18.0	0.0	
3.98828	3.6	11625	13.6	18.0	-4.4	0.1	-17.9	0.0	
3.99219	3.4	11625	13.4	17.8	-4.4	0.1	-17.7	0.0	
3.99609	3.3	11625	13.3	17.6	-4.3	0.1	-17.5	0.0	
4.00000	3.1	11626	13.3	17.5	-4.2	0.1	-17.4	0.0	
4.00391	3.1	11626	13.1	17.6	-4.5	0.1	-17.5	0.0	
4.00781	3.0	11626	13.0	17.5	-4.5	0.1	-17.4	0.0	
4.01172	2.8	11626	12.9	17.4	-4.5	0.1	-17.3	0.0	
4.01562	2.4	11626	12.9	17.3	-4.4	0.1	-17.2	0.0	
4.01953	2.4	11626	12.8	17.3	-4.5	0.1	-17.2	0.0	
4.02344	2.8	11627	12.6	17.1	-4.5	0.1	-17.0	0.0	
4.02734	3.1	11627	12.5	17.0	-4.5	0.1	-16.9	0.0	
4.03125	3.3	11627	12.4	16.9	-4.5	0.1	-16.8	0.0	
4.03516	3.3	11627	12.1	16.9	-4.8	0.1	-16.8	0.0	
4.03906	3.1	11627	12.1	16.9	-4.8	0.1	-16.8	0.0	
4.04297	2.9	11628	12.1	16.8	-4.7	0.1	-16.7	0.0	
4.04688	2.4	11628	12.1	16.6	-4.5	0.1	-16.5	0.0	
4.05078	1.8	11628	12.0	16.6	-4.6	0.1	-16.5	0.0	
4.05469	1.4	11628	11.8	16.6	-4.8	0.1	-16.5	0.0	
4.05859	1.3	11628	11.8	16.5	-4.7	0.1	-16.4	0.0	
4.06250	1.3	11628	11.8	16.5	-4.7	0.1	-16.4	0.0	
4.06641	1.3	11628	11.6	16.5	-4.9	0.1	-16.4	0.0	
4.07031	1.4	11628	11.4	16.5	-5.1	0.1	-16.4	0.0	
4.07422	1.8	11629	11.3	16.5	-5.2	0.1	-16.4	0.0	
4.07812	2.1	11629	11.3	16.6	-5.3	0.1	-16.5	0.0	
4.08203	2.3	11629	11.3	16.8	-5.5	0.1	-16.7	0.0	
4.08594	2.3	11629	11.1	16.8	-5.7	0.1	-16.7	0.0	
4.08984	2.3	11629	11.0	16.5	-5.5	0.1	-16.4	0.0	
4.09375	2.0	11629	10.9	16.5	-5.6	0.1	-16.4	0.0	
4.09766	1.9	11629	10.9	16.5	-5.6	0.1	-16.4	0.0	
4.10156	2.3	11629	10.8	16.5	-5.7	0.1	-16.4	0.0	
4.10547	2.4	11630	10.6	16.4	-5.8	0.1	-16.3	0.0	
4.10938	2.0	11630	10.5	16.1	-5.6	0.1	-16.0	0.0	
4.11328	1.5	11630	10.5	16.1	-5.6	0.1	-16.0	0.0	
4.11719	1.5	11630	10.5	16.1	-5.6	0.1	-16.0	0.0	
4.12109	2.0	11630	10.4	16.0	-5.6	0.1	-15.9	0.0	
4.12500	2.0	11630	10.4	15.8	-5.4	0.1	-15.7	0.0	
4.12891	2.0	11630	10.3	15.6	-5.3	0.1	-15.5	0.0	
4.13281	2.1	11631	10.0	15.3	-5.3	0.1	-15.2	0.0	
4.13672	2.0	11631	9.9	14.9	-5.0	0.1	-14.8	0.0	
4.14062	1.8	11631	9.8	14.6	-4.8	0.1	-14.5	0.0	
4.14453	1.6	11631	9.8	14.5	-4.7	0.1	-14.4	0.0	
4.14844	1.6	11631	9.8	14.4	-4.6	0.1	-14.3	0.0	
4.15234	1.9	11631	9.8	14.1	-4.3	0.0	-14.1	0.0	
4.15625	2.4	11631	9.5	14.0	-4.5	0.0	-14.0	0.0	
4.16016	2.5	11631	9.4	13.9	-4.5	0.0	-13.9	0.0	
4.16406	2.4	11632	9.3	13.8	-4.5	0.1	-13.7	0.0	
4.16797	2.0	11632	9.0	13.8	-4.8	0.1	-13.7	0.0	
4.17188	1.3	11632	8.9	13.6	-4.7	0.1	-13.5	0.0	
4.17578	0.5	11632	9.0	13.4	-4.4	0.1	-13.3	0.0	
4.17969	0.0	11632	9.0	13.3	-4.3	0.1	-13.2	0.0	
4.18359	0.0	11632	9.0	13.3	-4.3	0.1	-13.2	0.0	
4.18750	0.1	11632	8.9	13.3	-4.4	0.1	-13.2	0.0	
4.19141	1.1	11632	8.8	13.3	-4.5	0.1	-13.2	0.0	
4.19531	2.4	11632	8.6	13.1	-4.5	0.1	-13.0	0.0	
4.19922	3.3	11632	8.5	13.0	-4.5	0.1	-12.9	0.0	
4.20312	3.8	11633	8.5	12.9	-4.4	0.1	-12.8	0.0	
4.20703	3.9	11633	8.4	12.9	-4.5	0.1	-12.8	0.0	
4.21094	3.8	11633	8.3	12.8	-4.5	0.1	-12.7	0.0	
4.21484	3.6	11633	8.1	12.6	-4.5	0.1	-12.5	0.0	
4.21875	3.6	11633	8.1	12.5	-4.4	0.1	-12.4	0.0	
4.22266	3.6	11634	8.0	12.5	-4.5	0.1	-12.4	0.0	
4.22656	3.8	11634	7.8	12.4	-4.6	0.1	-12.3	0.0	
4.23047	3.8	11634	7.8	12.1	-4.3	0.1	-12.0	0.0	
4.23438	3.8	11634	7.8	12.1	-4.3	0.1	-12.0	0.0	
4.23828	3.6	11635	7.6	12.0	-4.4	0.1	-11.9	0.0	
4.24219	3.5	11635	7.3	11.8	-4.5	0.1	-11.7	0.0	
4.24609	3.6	11635	7.0	11.6	-4.6	0.1	-11.5	0.0	
4.25000	3.6	11635	7.0	11.4	-4.4	0.1	-11.3	0.0	
4.25391	3.8	11636	6.9	11.3	-4.4	0.1	-11.2	0.0	
4.25781	3.8	11636	6.9	11.1	-4.2	0.1	-11.0	0.0	
4.26172	3.8	11636	6.8	11.0	-4.2	0.1	-10.9	0.0	
4.26562	3.5	11636	6.6	10.9	-4.3	0.1	-10.8	0.0	
4.26953	3.3	11637	6.4	10.9	-4.5	0.1	-10.8	0.0	
4.27344	3.3	11637	6.3	10.8	-4.5	0.1	-10.7	0.0	
4.27734	3.3	11637	6.1	10.6	-4.5	0.1	-10.5	0.0	
4.28125	3.3	11637	6.1	10.4	-4.3	0.1	-10.3	0.0	
4.28516	2.8	11637	6.1	10.3	-4.2	0.1	-10.2	0.0	
4.28906	2.4	11638	6.0	10.0	-4.0	0.1	-9.9	0.0	
4.29297	2.4	11638	5.8	9.9	-4.1	0.1	-9.8	0.0	
4.29688	2.3	11638	5.8	9.9	-4.1	0.1	-9.8	0.0	
4.30078	2.0	11638	5.8	10.0	-4.2	0.1	-9.9	0.0	
4.30469	1.8	11638	5.6	10.0	-4.4	0.1	-9.9	0.0	
4.30859	1.6	11638	5.4	10.0	-4.6	0.1	-9.9	0.0	
4.31250	1.6	11638	5.4	9.8	-4.4	0.1	-9.7	0.0	
4.31641	1.8	11638	5.4	9.8	-4.4	0.1	-9.7	0.0	
4.32031	2.1	11639	5.3	9.8	-4.5	0.1	-9.7	0.0	
4.32422	2.4	11639	5.1	9.6	-4.5	0.1	-9.5	0.0	
4.32812	2.4	11639	5.1	9.5	-4.4	0.1	-9.4	0.0	
4.33203	2.4	11639	5.0	9.5	-4.5	0.1	-9.4	0.0	
4.33594	2.1	11639	4.8	9.3	-4.5	0.1	-9.2	0.0	
4.33984	1.8	11639	4.8	9.1	-4.3	0.1	-9.0	0.0	
4.34375	1.5	11639	4.8	9.1	-4.3	0.1	-9.0	0.0	
4.34766	1.6	11639	4.6	8.9	-4.3	0.1	-8.8	0.0	
4.35156	2.3	11640	4.4	8.6	-4.2	0.1	-8.5	0.0	
4.35547	2.5	11640	4.3	8.5	-4.2	0.1	-8.4	0.0	
4.35938	2.3	11640	4.1	8.5	-4.4	0.1	-8.4	0.0	
4.36328	1.8	11640	4.1	8.5	-4.4	0.1	-8.4	0.0	
4.36719	1.0	11640	4.1	8.4	-4.3	0.1	-8.3	0.0	
4.37109	0.5	11640	4.1	8.3	-4.2	0.1	-8.2	0.0	
4.37500	0.9	11640	4.0	8.0	-4.0	0.1	-7.9	0.0	
4.37891	1.3	11640	3.8	7.9	-4.1	0.1	-7.8	0.0	
4.38281	1.4	11640	3.8	7.9	-4.1	0.1	-7.8	0.0	
4.38672	1.3	11640	3.8	7.8	-4.0	0.1	-7.7	0.0	
4.39062	1.0	11641	3.6	7.8	-4.2	0.1	-7.7	0.0	
4.39453	0.9	11641	3.4	7.6	-4.2	0.1	-7.5	0.0	
4.39844	1.3	11641	3.3	7.5	-4.2	0.1	-7.4	0.0	
4.40234	1.9	11641	3.1	7.6	-4.5	0.1	-7.5	0.0	
4.40625	2.3	11641	3.3	7.5	-4.2	0.1	-7.4	0.0	
4.41016	2.1	11641	3.1	7.5	-4.4	0.1	-7.4	0.0	
4.41406	2.0	11641	3.0	7.5	-4.5	0.1	-7.4	0.0	
4.41797	2.0	11641	2.9	7.3	-4.4	0.1	-7.2	0.0	
4.42188	1.9	11641	2.9	7.0	-4.1	0.1	-6.9	0.0	
4.42578	1.5	11642	2.9	7.1	-4.2	0.1	-7.0	0.0	
4.42969	1.1	11642	2.9	7.1	-4.2	0.1	-7.0	0.0	
4.43359	0.9	11642	2.8	7.0	-4.2	0.1	-6.9	0.0	
4.43750	0.9	11642	2.5	6.9	-4.4	0.1	-6.8	0.0	
4.44141	0.9	11642	2.4	6.9	-4.5	0.1	-6.8	0.0	
4.44531	1.3	11642	2.4	6.9	-4.5	0.1	-6.8	0.0	
4.44922	1.9	11642	2.3	6.8	-4.5	0.1	-6.7	0.0	
4.45312	2.1	11642	2.1	6.6	-4.5	0.1	-6.5	0.0	
4.45703	2.0	11642	2.1	6.6	-4.5	0.1	-6.5	0.0	
4.46094	1.6	11642	2.1	6.6	-4.5	0.1	-6.5	0.0	
4.46484	1.4	11643	2.1	6.6	-4.5	0.1	-6.5	0.0	
4.46875	1.5	11643	2.0	6.4	-4.4	0.1	-6.3	0.0	
4.47266	1.9	11643	1.9	6.3	-4.4	0.1	-6.2	0.0	
4.47656	2.1	11643	1.8	6.1	-4.3	0.1	-6.0	0.0	
4.48047	2.0	11643	1.6	6.1	-4.5	0.1	-6.0	0.0	
4.48438	1.6	11643	1.4	6.1	-4.7	0.1	-6.0	0.0	
4.48828	1.1	11643	1.4	6.3	-4.9	0.1	-6.2	0.0	
4.49219	1.0	11643	1.4	6.3	-4.9	0.1	-6.2	0.0	
4.49609	0.9	11643	1.3	6.1	-4.8	0.1	-6.0	0.0	
4.50000	0.8	11643	1.0	6.1	-5.1	0.1	-6.0	0.0	
4.50391	0.6	11643	0.9	6.1	-5.2	0.1	-6.0	0.0	
4.50781	0.8	11643	0.9	6.1	-5.2	0.1	-6.0	0.0	
4.51172	1.0	11644	0.9	6.1	-5.2	0.1	-6.0	0.0	
4.51562	1.1	11644	0.8	6.0	-5.2	0.1	-5.9	0.0	
4.51953	1.1	11644	0.8	5.9	-5.1	0.1	-5.8	0.0	
4.52344	0.9	11644	0.8	5.9	-5.1	0.1	-5.8	0.0	
4.52734	0.8	11644	0.8	5.8	-5.0	0.1	-5.7	0.0	
4.53125	0.8	11644	0.6	5.8	-5.2	0.1	-5.7	0.0	
4.53516	0.9	11644	0.5	5.8	-5.3	0.1	-5.7	0.0	
4.53906	1.0	11644	0.5	5.9	-5.4	0.1	-5.8	0.0	
4.54297	1.0	11644	0.4	5.8	-5.4	0.1	-5.7	0.0	
4.54688	0.6	11644	0.3	5.8	-5.5	0.1	-5.7	0.0	
4.55078	0.4	11644	0.1	5.8	-5.7	0.1	-5.7	0.0	
4.55469	0.1	11644	0.1	5.8	-5.7	0.1	-5.7	0.0	
4.55859	0.1	11644	0.1	5.8	-5.7	0.1	-5.7	0.0	
4.56250	0.1	11644	0.0	5.8	-5.8	0.1	-5.7	0.0	
4.56641	0.3	11644	0.0	5.8	-5.8	0.1	-5.7	0.0	
4.57031	0.4	11644	-0.1	5.6	-5.7	0.1	-5.5	0.0	
4.57422	0.4	11644	0.0	5.4	-5.4	0.1	-5.3	0.0	
4.57812	0.3	11644	0.0	5.5	-5.5	0.1	-5.4	0.0	
4.58203	0.1	11644	0.0	5.5	-5.5	0.1	-5.4	0.0	
4.58594	0.3	11644	-0.1	5.5	-5.6	0.1	-5.4	0.0	
4.58984	0.3	11644	-0.1	5.5	-5.6	0.1	-5.4	0.0	
4.59375	0.1	11644	-0.1	5.5	-5.6	0.1	-5.4	0.0	
4.59766	-0.1	11644	-0.1	5.6	-5.7	0.1	-5.5	0.0	
4.60156	-1.3	11644	-0.1	5.6	-5.7	0.1	-5.5	0.0	
4.60547	-2.4	11644	-0.1	5.6	-5.7	0.1	-5.5	0.0	
4.60938	-3.0	11644	0.0	5.8	-5.8	0.1	-5.7	0.0	
4.61328	-2.6	11644	0.0	5.9	-5.9	0.1	-5.8	0.0	
4.61719	-2.1	11643	0.1	5.8	-5.7	0.1	-5.7	0.0	
4.62109	-1.9	11643	0.1	5.8	-5.7	0.1	-5.7	0.0	
4.62500	-2.1	11643	0.1	5.8	-5.7	0.1	-5.7	0.0	
4.62891	-2.4	11643	0.3	6.0	-5.7	0.1	-5.9	0.0	
4.63281	-2.6	11643	0.4	6.0	-5.6	0.1	-5.9	0.0	
4.63672	-3.1	11643	0.5	6.0	-5.5	0.1	-5.9	0.0	
4.64062	-3.6	11642	0.6	6.1	-5.5	0.1	-6.0	0.0	
4.64453	-3.9	11642	0.8	6.3	-5.5	0.1	-6.2	0.0	
4.64844	-4.0	11642	1.0	6.3	-5.3	0.1	-6.2	0.0	
4.65234	-4.1	11642	1.1	6.4	-5.3	0.1	-6.3	0.0	
4.65625	-4.4	11641	1.4	6.6	-5.2	0.1	-6.5	0.0	
4.66016	-4.6	11641	1.5	6.8	-5.3	0.1	-6.7	0.0	
4.66406	-4.9	11641	1.8	6.9	-5.1	0.1	-6.8	0.0	
4.66797	-5.3	11640	2.0	7.0	-5.0	0.1	-6.9	0.0	
4.67188	-5.8	11640	2.0	7.1	-5.1	0.1	-7.0	0.0	
4.67578	-6.0	11640	2.4	7.3	-4.9	0.1	-7.2	0.0	
4.67969	-6.1	11639	2.6	7.4	-4.8	0.1	-7.3	0.0	
4.68359	-6.1	11639	2.9	7.6	-4.7	0.1	-7.5	0.0	
4.68750	-6.1	11638	3.3	8.0	-4.7	0.1	-7.9	0.0	
4.69141	-6.1	11638	3.5	8.4	-4.9	0.1	-8.3	0.0	
4.69531	-6.3	11638	3.8	8.6	-4.8	0.1	-8.5	0.0	
4.69922	-6.9	11637	4.0	8.9	-4.9	0.1	-8.8	0.0	
4.70312	-7.6	11637	4.4	9.3	-4.9	0.1	-9.2	0.0	
4.70703	-8.3	11636	4.9	9.6	-4.7	0.1	-9.5	0.0	
4.71094	-8.8	11636	5.1	9.9	-4.8	0.1	-9.8	0.0	
4.71484	-8.9	11635	5.5	10.1	-4.6	0.1	-10.0	0.0	
4.71875	-8.9	11634	5.9	10.5	-4.6	0.1	-10.4	0.0	
4.72266	-8.8	11634	6.3	10.8	-4.5	0.1	-10.7	0.0	
4.72656	-8.9	11633	6.5	11.3	-4.8	0.1	-11.2	0.0	
4.73047	-9.0	11633	6.9	11.6	-4.7	0.1	-11.5	0.0	
4.73438	-9.3	11632	7.3	12.0	-4.7	0.1	-11.9	0.0	
4.73828	-9.5	11631	7.6	12.4	-4.8	0.1	-12.3	0.0	
4.74219	-9.9	11631	8.0	12.9	-4.9	0.1	-12.8	0.0	
4.74609	-10.3	11630	8.4	13.5	-5.1	0.1	-13.4	0.0	
4.75000	-10.3	11629	8.6	13.9	-5.3	0.1	-13.8	0.0	
4.75391	-9.8	11629	9.0	14.1	-5.1	0.1	-14.0	0.0	
4.75781	-9.3	11628	9.4	14.4	-5.0	0.1	-14.3	0.0	
4.76172	-8.6	11628	9.6	14.6	-5.0	0.1	-14.5	0.0	
4.76562	-8.1	11627	10.0	14.8	-4.8	0.1	-14.7	0.0	
4.76953	-7.6	11627	10.4	15.0	-4.6	0.1	-14.9	0.0	
4.77344	-7.4	11626	10.6	15.1	-4.5	0.1	-15.0	0.0	
4.77734	-7.4	11626	10.9	15.3	-4.4	0.1	-15.2	0.0	
4.78125	-7.3	11625	11.3	15.3	-4.0	0.1	-15.2	0.0	
4.78516	-7.0	11625	11.5	15.4	-3.9	0.1	-15.3	0.0	
4.78906	-6.8	11624	11.6	15.5	-3.9	0.1	-15.4	0.0	
4.79297	-6.3	11624	11.8	15.5	-3.7	0.1	-15.4	0.0	
4.79688	-5.9	11624	12.0	15.5	-3.5	0.1	-15.4	0.0	
4.80078	-5.5	11623	12.3	15.5	-3.2	0.1	-15.4	0.0	
4.80469	-5.4	11623	12.4	15.6	-3.2	0.1	-15.5	0.0	
4.80859	-5.4	11622	12.5	15.6	-3.1	0.1	-15.5	0.0	
4.81250	-5.4	11622	12.8	15.6	-2.8	0.1	-15.5	0.0	
4.81641	-5.5	11622	12.9	15.8	-2.9	0.1	-15.7	0.0	
4.82031	-5.5	11621	12.9	15.9	-3.0	0.1	-15.8	0.0	
4.82422	-5.1	11621	13.0	16.0	-3.0	0.1	-15.9	0.0	
4.82812	-4.8	11621	13.3	16.1	-2.8	0.1	-16.0	0.0	
4.83203	-4.4	11620	13.5	16.4	-2.9	0.1	-16.3	0.0	
4.83594	-4.4	11620	13.6	16.4	-2.8	0.1	-16.3	0.0	
4.83984	-4.4	11620	13.8	16.4	-2.6	0.1	-16.3	0.0	
4.84375	-4.4	11620	14.0	16.5	-2.5	0.1	-16.4	0.0	
4.84766	-4.4	11619	14.0	16.9	-2.9	0.1	-16.8	0.0	
4.85156	-4.4	11619	14.0	17.1	-3.1	0.1	-17.0	0.0	
4.85547	-4.4	11619	14.1	17.1	-3.0	0.1	-17.0	0.0	
4.85938	-4.4	11618	14.4	17.3	-2.9	0.1	-17.2	0.0	
4.86328	-4.5	11618	14.4	17.4	-3.0	0.1	-17.3	0.0	
4.86719	-4.4	11618	14.5	17.6	-3.1	0.1	-17.5	0.0	
4.87109	-4.3	11618	14.8	17.8	-3.0	0.1	-17.7	0.0	
4.87500	-4.1	11617	14.9	17.8	-2.9	0.1	-17.7	0.0	
4.87891	-3.8	11617	15.0	18.0	-3.0	0.1	-17.9	0.0	
4.88281	-3.4	11617	15.0	18.0	-3.0	0.1	-17.9	0.0	
4.88672	-3.1	11617	15.1	17.9	-2.8	0.1	-17.8	0.0	
4.89062	-3.1	11616	15.4	17.9	-2.5	0.1	-17.8	0.0	
4.89453	-3.3	11616	15.5	18.0	-2.5	0.1	-17.9	0.0	
4.89844	-3.4	11616	15.6	18.1	-2.5	0.1	-18.0	0.0	
4.90234	-3.4	11616	15.6	18.3	-2.7	0.1	-18.2	0.0	
4.90625	-3.0	11616	15.6	18.3	-2.7	0.1	-18.2	0.0	
4.91016	-2.1	11615	15.8	18.4	-2.6	0.1	-18.3	0.0	
4.91406	-1.5	11615	15.9	18.4	-2.5	0.1	-18.3	0.0	
4.91797	-1.3	11615	16.0	18.4	-2.4	0.1	-18.3	0.0	
4.92188	-1.6	11615	16.0	18.4	-2.4	0.1	-18.3	0.0	
4.92578	-2.1	11615	16.0	18.4	-2.4	0.1	-18.3	0.0	
4.92969	-2.5	11615	16.0	18.4	-2.4	0.1	-18.3	0.0	
4.93359	-2.6	11615	16.1	18.6	-2.5	0.1	-18.5	0.0	
4.93750	-2.6	11615	16.4	18.6	-2.2	0.1	-18.5	0.0	
4.94141	-2.5	11614	16.4	18.5	-2.1	0.1	-18.4	0.0	
4.94531	-2.0	11614	16.4	18.6	-2.2	0.1	-18.5	0.0	
4.94922	-1.3	11614	16.4	18.8	-2.4	0.1	-18.7	0.0	
4.95312	-0.6	11614	16.5	18.9	-2.4	0.1	-18.8	0.0	
4.95703	-0.6	11614	16.6	18.9	-2.3	0.1	-18.8	0.0	
4.96094	-0.8	11614	16.5	18.9	-2.4	0.1	-18.8	0.0	
4.96484	-1.1	11614	16.6	19.0	-2.4	0.1	-18.9	0.0	
4.96875	-1.3	11614	16.8	19.0	-2.2	0.1	-18.9	0.0	
4.97266	-1.1	11614	16.8	19.0	-2.2	0.1	-18.9	0.0	
4.97656	-0.9	11614	16.6	19.1	-2.5	0.1	-19.0	0.0	
4.98047	-0.3	11614	16.8	19.3	-2.5	0.1	-19.2	0.0	
4.98438	0.0	11614	16.9	19.3	-2.4	0.1	-19.2	0.0	
4.98828	0.1	11614	16.9	19.3	-2.4	0.1	-19.2	0.0	
4.99219	0.1	11614	16.9	19.3	-2.4	0.1	-19.2	0.0	
4.99609	0.0	11614	16.9	19.3	-2.4	0.1	-19.2	0.0	
5.00000	0.0	11614	17.0	19.3	-2.3	0.1	-19.2	0.0	
5.00391	0.0	11614	17.0	19.3	-2.3	0.1	-19.2	0.0	
5.00781	0.0	11614	17.0	19.3	-2.3	0.1	-19.2	0.0	
5.01172	0.0	11614	17.0	19.3	-2.3	0.1	-19.2	0.0	
5.01562	0.0	11614	17.0	19.3	-2.3	0.1	-19.2	0.0	
5.01953	-0.1	11614	17.1	19.3	-2.2	0.1	-19.2	0.0	
5.02344	-0.4	11614	17.3	19.3	-2.0	0.1	-19.2	0.0	
5.02734	-0.4	11614	17.3	19.3	-2.0	0.1	-19.2	0.0	
5.03125	-0.3	11614	17.3	19.3	-2.0	0.1	-19.2	0.0	
5.03516	-0.1	11614	17.3	19.3	-2.0	0.1	-19.2	0.0	
5.03906	-0.1	11614	17.3	19.4	-2.1	0.1	-19.3	0.0	
5.04297	-0.1	11614	17.3	19.5	-2.2	0.1	-19.4	0.0	
5.04688	0.0	11614	17.3	19.6	-2.3	0.1	-19.5	0.0	
5.05078	0.0	11614	17.3	19.5	-2.2	0.1	-19.4	0.0	
5.05469	0.0	11614	17.3	19.4	-2.1	0.1	-19.3	0.0	
5.05859	0.0	11614	17.4	19.4	-2.0	0.1	-19.3	0.0	
5.06250	0.0	11614	17.5	19.4	-1.9	0.1	-19.3	0.0	
5.06641	0.0	11614	17.6	19.4	-1.8	0.1	-19.3	0.0	
5.07031	0.0	11614	17.6	19.5	-1.9	0.1	-19.4	0.0	
5.07422	0.0	11614	17.6	19.6	-2.0	0.1	-19.5	0.0	
5.07812	-0.1	11614	17.6	19.6	-2.0	0.1	-19.5	0.0	
5.08203	-0.4	11614	17.6	19.6	-2.0	0.1	-19.5	0.0	
5.08594	-0.4	11614	17.6	19.6	-2.0	0.1	-19.5	0.0	
5.08984	-0.3	11614	17.6	19.6	-2.0	0.1	-19.5	0.0	
5.09375	-0.3	11614	17.6	19.6	-2.0	0.1	-19.5	0.0	
5.09766	-0.4	11614	17.6	19.6	-2.0	0.1	-19.5	0.0	
5.10156	-0.4	11614	17.8	19.8	-2.0	0.1	-19.7	0.0	
5.10547	-0.5	11613	17.8	19.9	-2.1	0.1	-19.8	0.0	
5.10938	-0.9	11613	17.8	19.9	-2.1	0.1	-19.8	0.0	
5.11328	-0.8	11613	17.6	19.9	-2.3	0.1	-19.8	0.0	
5.11719	-0.5	11613	17.6	20.0	-2.4	0.1	-19.9	0.0	
5.12109	-0.1	11613	17.6	20.0	-2.4	0.1	-19.9	0.0	
5.12500	0.0	11613	17.8	20.0	-2.2	0.1	-19.9	0.0	
5.12891	-0.1	11613	17.9	20.1	-2.2	0.1	-20.0	0.0	
5.13281	-0.3	11613	18.0	20.4	-2.4	0.1	-20.3	0.0	
5.13672	-0.4	11613	18.0	20.4	-2.4	0.1	-20.3	0.0	
5.14062	-0.4	11613	18.0	20.4	-2.4	0.1	-20.3	0.0	
5.14453	-0.4	11613	18.0	20.4	-2.4	0.1	-20.3	0.0	
5.14844	-0.8	11613	18.0	20.4	-2.4	0.1	-20.3	0.0	
5.15234	-0.9	11613	18.0	20.4	-2.4	0.1	-20.3	0.0	
5.15625	-0.8	11613	18.0	20.4	-2.4	0.1	-20.3	0.0	
5.16016	-0.5	11613	18.0	20.4	-2.4	0.1	-20.3	0.0	
5.16406	-0.3	11613	18.0	20.4	-2.4	0.1	-20.3	0.0	
5.16797	0.0	11613	18.0	20.5	-2.5	0.1	-20.4	0.0	
5.17188	0.0	11613	18.0	20.6	-2.6	0.1	-20.5	0.0	
5.17578	0.0	11613	18.0	20.5	-2.5	0.1	-20.4	0.0	
5.17969	0.0	11613	18.1	20.6	-2.5	0.1	-20.5	0.0	
5.18359	0.0	11613	18.4	20.8	-2.4	0.1	-20.7	0.0	
5.18750	0.0	11613	18.3	20.8	-2.5	0.1	-20.7	0.0	
5.19141	0.0	11613	18.1	20.8	-2.7	0.1	-20.7	0.0	
5.19531	0.0	11613	18.3	20.8	-2.5	0.1	-20.7	0.0	
5.19922	0.1	11613	18.4	21.0	-2.6	0.1	-20.9	0.0	
5.20312	0.3	11613	18.3	21.1	-2.8	0.1	-21.0	0.0	
5.20703	0.1	11613	18.1	21.1	-3.0	0.1	-21.0	0.0	
5.21094	0.0	11613	18.3	21.0	-2.7	0.1	-20.9	0.0	
5.21484	-0.3	11613	18.4	21.1	-2.7	0.1	-21.0	0.0	
5.21875	-0.8	11613	18.4	21.3	-2.9	0.1	-21.2	0.0	
5.22266	-1.0	11613	18.4	21.3	-2.9	0.1	-21.2	0.0	
5.22656	-0.8	11613	18.4	21.3	-2.9	0.1	-21.2	0.0	
5.23047	-1.0	11613	18.4	21.3	-2.9	0.1	-21.2	0.0	
5.23438	-1.3	11613	18.4	21.3	-2.9	0.1	-21.2	0.0	
5.23828	-1.1	11613	18.4	21.3	-2.9	0.1	-21.2	0.0	
5.24219	-0.6	11613	18.4	21.3	-2.9	0.1	-21.2	0.0	
5.24609	-0.1	11613	18.4	21.3	-2.9	0.1	-21.2	0.0	
5.25000	0.0	11613	18.3	21.1	-2.8	0.1	-21.0	0.0	
5.25391	0.0	11613	18.4	21.1	-2.7	0.1	-21.0	0.0	
5.25781	0.0	11613	18.4	21.1	-2.7	0.1	-21.0	0.0	
5.26172	0.0	11613	18.4	21.3	-2.9	0.1	-21.2	0.0	
5.26562	-0.3	11613	18.4	21.3	-2.9	0.1	-21.2	0.0	
5.26953	-0.3	11613	18.4	21.3	-2.9	0.1	-21.2	0.0	
5.27344	-0.1	11613	18.4	21.3	-2.9	0.1	-21.2	0.0	
5.27734	0.0	11613	18.4	21.4	-3.0	0.1	-21.3	0.0	
5.28125	0.4	11613	18.3	21.4	-3.1	0.1	-21.3	0.0	
5.28516	0.5	11613	18.4	21.4	-3.0	0.1	-21.3	0.0	
5.28906	0.3	11613	18.4	21.4	-3.0	0.1	-21.3	0.0	
5.29297	0.0	11613	18.5	21.4	-2.9	0.1	-21.3	0.0	
5.29688	-0.1	11613	18.6	21.4	-2.8	0.1	-21.3	0.0	
5.30078	-0.3	11613	18.5	21.5	-3.0	0.1	-21.4	0.0	
5.30469	-0.3	11613	18.6	21.6	-3.0	0.1	-21.5	0.0	
5.30859	-0.3	11613	18.6	21.6	-3.0	0.1	-21.5	0.0	
5.31250	-0.3	11613	18.5	21.5	-3.0	0.1	-21.4	0.0	
5.31641	-0.3	11613	18.5	21.5	-3.0	0.1	-21.4	0.0	
5.32031	-0.1	11613	18.6	21.5	-2.9	0.1	-21.4	0.0	
5.32422	-0.1	11613	18.8	21.6	-2.8	0.1	-21.5	0.0	
5.32812	-0.1	11612	18.9	21.6	-2.7	0.1	-21.5	0.0	
5.33203	-0.1	11612	18.9	21.6	-2.7	0.1	-21.5	0.0	
5.33594	0.0	11612	18.9	21.6	-2.7	0.1	-21.5	0.0	
5.33984	0.0	11612	18.9	21.6	-2.7	0.1	-21.5	0.0	
5.34375	-0.3	11612	18.9	21.8	-2.9	0.1	-21.7	0.0	
5.34766	-0.9	11612	18.9	21.9	-3.0	0.1	-21.8	0.0	
5.35156	-1.4	11612	18.9	22.0	-3.1	0.1	-21.9	0.0	
5.35547	-1.6	11612	18.9	22.0	-3.1	0.1	-21.9	0.0	
5.35938	-1.4	11612	19.0	22.0	-3.0	0.1	-21.9	0.0	
5.36328	-0.8	11612	19.1	22.0	-2.9	0.1	-21.9	0.0	
5.36719	-0.1	11612	19.3	22.0	-2.7	0.1	-21.9	0.0	
5.37109	0.0	11612	19.3	22.0	-2.7	0.1	-21.9	0.0	
5.37500	0.0	11612	19.1	22.0	-2.9	0.1	-21.9	0.0	
5.37891	0.0	11612	19.1	22.0	-2.9	0.1	-21.9	0.0	
5.38281	0.0	11612	19.1	22.1	-3.0	0.1	-22.0	0.0	
5.38672	0.0	11612	19.3	22.4	-3.1	0.1	-22.3	0.0	
5.39062	0.0	11612	19.3	22.4	-3.1	0.1	-22.3	0.0	
5.39453	0.0	11612	19.3	22.4	-3.1	0.1	-22.3	0.0	
5.39844	0.0	11612	19.3	22.4	-3.1	0.1	-22.3	0.0	
5.40234	0.0	11612	19.3	22.4	-3.1	0.1	-22.3	0.0	
5.40625	0.4	11612	19.3	22.4	-3.1	0.1	-22.3	0.0	
5.41016	0.5	11612	19.3	22.5	-3.2	0.1	-22.4	0.0	
5.41406	0.4	11612	19.3	22.6	-3.3	0.1	-22.5	0.0	
5.41797	0.3	11612	19.3	22.6	-3.3	0.1	-22.5	0.0	
5.42188	0.5	11612	19.3	22.6	-3.3	0.1	-22.5	0.0	
5.42578	0.9	11612	19.1	22.5	-3.4	0.1	-22.4	0.0	
5.42969	1.3	11612	19.1	22.5	-3.4	0.1	-22.4	0.0	
5.43359	1.4	11612	19.1	22.5	-3.4	0.1	-22.4	0.0	
5.43750	1.4	11613	19.1	22.5	-3.4	0.1	-22.4	0.0	
5.44141	1.3	11613	19.1	22.5	-3.4	0.1	-22.4	0.0	
5.44531	0.9	11613	19.1	22.5	-3.4	0.1	-22.4	0.0	
5.44922	0.5	11613	19.1	22.4	-3.3	0.1	-22.3	0.0	
5.45312	0.3	11613	19.1	22.1	-3.0	0.1	-22.0	0.0	
5.45703	0.0	11613	19.1	22.1	-3.0	0.1	-22.0	0.0	
5.46094	-0.8	11613	19.1	22.1	-3.0	0.1	-22.0	0.0	
5.46484	-1.5	11613	19.0	22.0	-3.0	0.1	-21.9	0.0	
5.46875	-1.9	11612	19.0	21.9	-2.9	0.1	-21.8	0.0	
5.47266	-1.6	11612	19.1	21.9	-2.8	0.1	-21.8	0.0	
5.47656	-1.0	11612	19.3	21.8	-2.5	0.1	-21.7	0.0	
5.48047	-0.4	11612	19.3	21.6	-2.3	0.1	-21.5	0.0	
5.48438	0.0	11612	19.3	21.6	-2.3	0.1	-21.5	0.0	
5.48828	0.0	11612	19.3	21.6	-2.3	0.1	-21.5	0.0	
5.49219	0.0	11612	19.4	21.6	-2.2	0.1	-21.5	0.0	
5.49609	0.0	11612	19.4	21.6	-2.2	0.1	-21.5	0.0	
5.50000	0.0	11612	19.4	21.6	-2.2	0.1	-21.5	0.0	
5.50391	0.0	11612	19.5	21.8	-2.3	0.1	-21.7	0.0	
5.50781	0.1	11612	19.6	21.8	-2.2	0.1	-21.7	0.0	
5.51172	0.3	11612	19.6	21.8	-2.2	0.1	-21.7	0.0	
5.51562	0.3	11612	19.6	21.8	-2.2	0.1	-21.7	0.0	
5.51953	0.3	11612	19.6	22.0	-2.4	0.1	-21.9	0.0	
5.52344	0.1	11612	19.6	22.0	-2.4	0.1	-21.9	0.0	
5.52734	0.0	11612	19.6	22.0	-2.4	0.1	-21.9	0.0	
5.53125	0.0	11612	19.6	22.0	-2.4	0.1	-21.9	0.0	
5.53516	0.0	11612	19.6	22.0	-2.4	0.1	-21.9	0.0	
5.53906	0.1	11612	19.6	22.0	-2.4	0.1	-21.9	0.0	
5.54297	0.1	11612	19.6	22.0	-2.4	0.1	-21.9	0.0	
5.54688	0.1	11612	19.6	22.0	-2.4	0.1	-21.9	0.0	
5.55078	0.0	11612	19.6	22.0	-2.4	0.1	-21.9	0.0	
5.55469	0.0	11612	19.6	21.9	-2.3	0.1	-21.8	0.0	
5.55859	0.0	11612	19.6	21.9	-2.3	0.1	-21.8	0.0	
5.56250	0.0	11612	19.6	22.0	-2.4	0.1	-21.9	0.0	
5.56641	0.0	11612	19.6	22.0	-2.4	0.1	-21.9	0.0	
5.57031	0.1	11612	19.6	22.0	-2.4	0.1	-21.9	0.0	
5.57422	0.5	11612	19.6	21.9	-2.3	0.1	-21.8	0.0	
5.57812	0.6	11612	19.8	21.9	-2.1	0.1	-21.8	0.0	
5.58203	0.4	11612	19.8	22.0	-2.2	0.1	-21.9	0.0	
5.58594	0.1	11612	19.8	22.0	-2.2	0.1	-21.9	0.0	
5.58984	0.0	11612	19.6	22.0	-2.4	0.1	-21.9	0.0	
5.59375	0.0	11612	19.6	22.0	-2.4	0.1	-21.9	0.0	
5.59766	0.0	11612	19.6	22.0	-2.4	0.1	-21.9	0.0	
5.60156	0.0	11612	19.6	21.9	-2.3	0.1	-21.8	0.0	
5.60547	0.0	11612	19.6	21.8	-2.2	0.1	-21.7	0.0	
5.60938	0.0	11612	19.6	21.6	-2.0	0.1	-21.5	0.0	
5.61328	0.0	11612	19.6	21.8	-2.2	0.1	-21.7	0.0	
5.61719	-0.3	11612	19.6	21.9	-2.3	0.1	-21.8	0.0	
5.62109	-0.8	11612	19.8	21.9	-2.1	0.1	-21.8	0.0	
5.62500	-0.9	11612	19.8	22.0	-2.2	0.1	-21.9	0.0	
5.62891	-0.5	11612	19.9	22.0	-2.1	0.1	-21.9	0.0	
5.63281	-0.3	11612	19.9	22.0	-2.1	0.1	-21.9	0.0	
5.63672	-0.3	11612	19.9	21.9	-2.0	0.1	-21.8	0.0	
5.64062	-0.6	11612	20.0	21.9	-1.9	0.1	-21.8	0.0	
5.64453	-0.6	11612	19.9	22.0	-2.1	0.1	-21.9	0.0	
5.64844	-0.8	11612	19.5	22.0	-2.5	0.1	-21.9	0.0	
5.65234	-2.1	11612	18.8	22.0	-3.2	0.1	-21.9	0.0	
5.65625	-4.5	11612	17.6	21.9	-4.3	0.1	-21.8	0.0	
5.66016	-6.8	11611	16.6	21.9	-5.3	0.1	-21.8	0.0	
5.66406	-8.9	11611	15.6	21.9	-6.3	0.1	-21.8	0.0	
5.66797	-11.1	11610	14.9	21.8	-6.9	0.1	-21.7	0.0	
5.67188	-13.5	11609	13.9	21.6	-7.7	0.1	-21.5	0.0	
5.67578	-15.3	11608	12.6	21.6	-9.0	0.1	-21.5	0.0	
5.67969	-16.3	11607	11.4	21.6	-10.2	0.1	-21.5	0.0	
5.68359	-16.5	11606	10.3	21.6	-11.3	0.1	-21.5	0.0	
5.68750	-16.5	11605	9.3	21.6	-12.3	0.1	-21.5	0.0	
5.69141	-16.6	11604	8.5	21.6	-13.1	0.1	-21.5	0.0	
5.69531	-17.9	11603	7.9	21.6	-13.7	0.1	-21.5	0.0	
5.69922	-20.0	11601	7.4	21.6	-14.2	0.1	-21.5	0.0	
5.70312	-21.4	11600	7.4	21.6	-14.2	0.1	-21.5	0.0	
5.70703	-22.4	11598	7.1	21.6	-14.5	0.1	-21.5	0.0	
