FluxView - FluxMed acquisition system
Signal file
Serial Number	:
W version:	1.20h-OX-CO2	File version:	1.13
Sampling rate:	256 Hz
Time	Flow	Volume	Paw	Pes	Ptpulm	Pga	Ptdiaf	CO2	
0.00391	-4.4	3520	11.2	18.0	-6.8	11.2	-6.8	11.2	
0.00781	-3.2	3520	11.1	18.0	-6.9	11.1	-6.9	11.1	
0.01172	-4.1	3520	11.1	18.0	-6.9	11.1	-6.9	11.1	
0.01562	-4.2	3519	11.1	18.1	-7.0	11.1	-7.0	11.1	
0.01953	-3.0	3519	11.1	18.1	-7.0	11.1	-7.0	11.1	
0.02344	-3.6	3519	11.1	18.0	-6.9	11.1	-6.9	11.1	
0.02734	-3.6	3519	11.1	18.0	-6.9	11.1	-6.9	11.1	
0.03125	-3.0	3518	11.1	18.1	-7.0	11.1	-7.0	11.1	
0.03516	-3.3	3518	11.1	18.1	-7.0	11.1	-7.0	11.1	
0.03906	-3.2	3518	11.1	18.0	-6.9	11.1	-6.9	11.1	
0.04297	-3.3	3518	11.1	18.0	-6.9	11.1	-6.9	11.1	
0.04688	-3.9	3518	11.1	18.0	-6.9	11.1	-6.9	11.1	
0.05078	-3.4	3517	11.1	18.1	-7.0	11.1	-7.0	11.1	
0.05469	-3.2	3517	11.1	18.1	-7.0	11.1	-7.0	11.1	
0.05859	-3.8	3517	11.1	18.0	-6.9	11.1	-6.9	11.1	
0.06250	-3.4	3517	11.0	18.0	-7.0	11.0	-7.0	11.0	
0.06641	-3.2	3516	11.0	18.0	-7.0	11.0	-7.0	11.0	
0.07031	-3.0	3516	11.0	18.0	-7.0	11.0	-7.0	11.0	
0.07422	-2.8	3516	11.0	18.0	-7.0	11.0	-7.0	11.0	
0.07812	-2.9	3516	11.1	18.1	-7.0	11.1	-7.0	11.1	
0.08203	-2.7	3516	11.0	18.0	-7.0	11.0	-7.0	11.0	
0.08594	-2.9	3515	11.0	18.0	-7.0	11.0	-7.0	11.0	
0.08984	-2.9	3515	11.0	18.0	-7.0	11.0	-7.0	11.0	
0.09375	-2.6	3515	11.0	18.0	-7.0	11.0	-7.0	11.0	
0.09766	-3.0	3515	11.0	18.0	-7.0	11.0	-7.0	11.0	
0.10156	-2.8	3515	11.0	18.0	-7.0	11.0	-7.0	11.0	
0.10547	-2.7	3515	11.0	18.0	-7.0	11.0	-7.0	11.0	
0.10938	-3.4	3514	11.0	18.0	-7.0	11.0	-7.0	11.0	
0.11328	-3.1	3514	11.0	18.0	-7.0	11.0	-7.0	11.0	
0.11719	-2.5	3514	11.0	18.0	-7.0	11.0	-7.0	11.0	
0.12109	-2.5	3514	10.9	18.0	-7.1	10.9	-7.1	10.9	
0.12500	-2.5	3514	10.9	18.0	-7.1	10.9	-7.1	10.9	
0.12891	-2.5	3513	10.9	18.0	-7.1	10.9	-7.1	10.9	
0.13281	-2.8	3513	11.0	18.0	-7.0	11.0	-7.0	11.0	
0.13672	-2.5	3513	11.0	18.0	-7.0	11.0	-7.0	11.0	
0.14062	-2.3	3513	11.0	18.0	-7.0	11.0	-7.0	11.0	
0.14453	-2.2	3513	11.0	18.0	-7.0	11.0	-7.0	11.0	
0.14844	-2.1	3513	11.0	18.0	-7.0	11.0	-7.0	11.0	
0.15234	-2.2	3513	11.0	18.1	-7.1	11.0	-7.1	11.0	
0.15625	-2.1	3512	10.9	18.1	-7.2	10.9	-7.2	10.9	
0.16016	-2.1	3512	10.9	18.1	-7.2	10.9	-7.2	10.9	
0.16406	-2.4	3512	11.0	18.1	-7.1	11.0	-7.1	11.0	
0.16797	-2.2	3512	10.9	18.1	-7.2	10.9	-7.2	10.9	
0.17188	-1.9	3512	10.9	18.2	-7.3	10.9	-7.3	10.9	
0.17578	-1.9	3512	11.0	18.2	-7.2	11.0	-7.2	11.0	
0.17969	-1.9	3512	10.9	18.2	-7.3	10.9	-7.3	10.9	
0.18359	-1.8	3512	10.9	18.2	-7.3	10.9	-7.3	10.9	
0.18750	-2.0	3511	11.0	18.2	-7.2	11.0	-7.2	11.0	
0.19141	-2.1	3511	11.0	18.2	-7.2	11.0	-7.2	11.0	
0.19531	-1.8	3511	10.9	18.2	-7.3	10.9	-7.3	10.9	
0.19922	-1.4	3511	11.0	18.2	-7.2	11.0	-7.2	11.0	
0.20312	-1.6	3511	11.0	18.2	-7.2	11.0	-7.2	11.0	
0.20703	-1.8	3511	10.9	18.2	-7.3	10.9	-7.3	10.9	
0.21094	-1.8	3511	10.9	18.2	-7.3	10.9	-7.3	10.9	
0.21484	-1.9	3511	10.9	18.3	-7.4	10.9	-7.4	10.9	
0.21875	-1.8	3510	10.9	18.3	-7.4	10.9	-7.4	10.9	
0.22266	-1.6	3510	10.9	18.3	-7.4	10.9	-7.4	10.9	
0.22656	-1.6	3510	10.9	18.3	-7.4	10.9	-7.4	10.9	
0.23047	-1.7	3510	10.9	18.3	-7.4	10.9	-7.4	10.9	
0.23438	-1.8	3510	10.9	18.2	-7.3	10.9	-7.3	10.9	
0.23828	-1.8	3510	10.9	18.3	-7.4	10.9	-7.4	10.9	
0.24219	-1.7	3510	10.9	18.3	-7.4	10.9	-7.4	10.9	
0.24609	-1.5	3510	10.8	18.3	-7.5	10.8	-7.5	10.8	
0.25000	-1.4	3510	10.9	18.3	-7.4	10.9	-7.4	10.9	
0.25391	-1.4	3510	10.9	18.3	-7.4	10.9	-7.4	10.9	
0.25781	-1.6	3509	10.9	18.3	-7.4	10.9	-7.4	10.9	
0.26172	-1.7	3509	10.9	18.3	-7.4	10.9	-7.4	10.9	
0.26562	-1.8	3509	10.9	18.4	-7.5	10.9	-7.5	10.9	
0.26953	-1.8	3509	10.8	18.4	-7.6	10.8	-7.6	10.8	
0.27344	-1.6	3509	10.9	18.4	-7.5	10.9	-7.5	10.9	
0.27734	-1.6	3509	10.9	18.4	-7.5	10.9	-7.5	10.9	
0.28125	-1.6	3509	10.8	18.4	-7.6	10.8	-7.6	10.8	
0.28516	-1.6	3509	10.9	18.4	-7.5	10.9	-7.5	10.9	
0.28906	-1.6	3509	10.9	18.5	-7.6	10.9	-7.6	10.9	
0.29297	-1.6	3508	10.9	18.5	-7.6	10.9	-7.6	10.9	
0.29688	-1.6	3508	10.9	18.5	-7.6	10.9	-7.6	10.9	
0.30078	-1.6	3508	10.9	18.5	-7.6	10.9	-7.6	10.9	
0.30469	-1.6	3508	10.9	18.5	-7.6	10.9	-7.6	10.9	
0.30859	-1.5	3508	10.9	18.6	-7.7	10.9	-7.7	10.9	
0.31250	-1.4	3508	10.8	18.6	-7.8	10.8	-7.8	10.8	
0.31641	-1.6	3508	10.9	18.6	-7.7	10.9	-7.7	10.9	
0.32031	-1.6	3508	10.9	18.6	-7.7	10.9	-7.7	10.9	
0.32422	-1.4	3508	10.8	18.6	-7.8	10.8	-7.8	10.8	
0.32812	-1.3	3508	10.9	18.6	-7.7	10.9	-7.7	10.9	
0.33203	-1.4	3507	10.9	18.7	-7.8	10.9	-7.8	10.9	
0.33594	-1.4	3507	10.8	18.6	-7.8	10.8	-7.8	10.8	
0.33984	-1.4	3507	10.8	18.6	-7.8	10.8	-7.8	10.8	
0.34375	-1.4	3507	10.9	18.7	-7.8	10.9	-7.8	10.9	
0.34766	-1.5	3507	10.8	18.6	-7.8	10.8	-7.8	10.8	
0.35156	-1.4	3507	10.8	18.6	-7.8	10.8	-7.8	10.8	
0.35547	-1.3	3507	10.8	18.6	-7.8	10.8	-7.8	10.8	
0.35938	-1.3	3507	10.8	18.6	-7.8	10.8	-7.8	10.8	
0.36328	-1.2	3507	10.8	18.6	-7.8	10.8	-7.8	10.8	
0.36719	-1.1	3507	10.8	18.6	-7.8	10.8	-7.8	10.8	
0.37109	-1.1	3507	10.8	18.6	-7.8	10.8	-7.8	10.8	
0.37500	-1.1	3507	10.8	18.5	-7.7	10.8	-7.7	10.8	
0.37891	-1.1	3506	10.7	18.5	-7.8	10.7	-7.8	10.7	
0.38281	-1.2	3506	10.7	18.5	-7.8	10.7	-7.8	10.7	
0.38672	-1.2	3506	10.7	18.5	-7.8	10.7	-7.8	10.7	
0.39062	-1.1	3506	10.7	18.5	-7.8	10.7	-7.8	10.7	
0.39453	-1.2	3506	10.7	18.5	-7.8	10.7	-7.8	10.7	
0.39844	-1.2	3506	10.7	18.4	-7.7	10.7	-7.7	10.7	
0.40234	-1.1	3506	10.7	18.4	-7.7	10.7	-7.7	10.7	
0.40625	-1.2	3506	10.7	18.3	-7.6	10.7	-7.6	10.7	
0.41016	-1.4	3506	10.7	18.3	-7.6	10.7	-7.6	10.7	
0.41406	-1.3	3506	10.7	18.3	-7.6	10.7	-7.6	10.7	
0.41797	-1.3	3506	10.8	18.3	-7.5	10.8	-7.5	10.8	
0.42188	-1.3	3506	10.8	18.2	-7.4	10.8	-7.4	10.8	
0.42578	-1.3	3505	10.8	18.2	-7.4	10.8	-7.4	10.8	
0.42969	-1.3	3505	10.8	18.2	-7.4	10.8	-7.4	10.8	
0.43359	-1.2	3505	10.8	18.2	-7.4	10.8	-7.4	10.8	
0.43750	-1.2	3505	10.8	18.2	-7.4	10.8	-7.4	10.8	
0.44141	-1.3	3505	10.8	18.2	-7.4	10.8	-7.4	10.8	
0.44531	-1.3	3505	10.8	18.2	-7.4	10.8	-7.4	10.8	
0.44922	-1.1	3505	10.8	18.2	-7.4	10.8	-7.4	10.8	
0.45312	-1.1	3505	10.8	18.2	-7.4	10.8	-7.4	10.8	
0.45703	-1.2	3505	10.9	18.1	-7.2	10.9	-7.2	10.9	
0.46094	-1.3	3505	10.8	18.2	-7.4	10.8	-7.4	10.8	
0.46484	-1.2	3505	10.8	18.2	-7.4	10.8	-7.4	10.8	
0.46875	-1.2	3505	10.8	18.1	-7.3	10.8	-7.3	10.8	
0.47266	-1.3	3505	10.9	18.1	-7.2	10.9	-7.2	10.9	
0.47656	-1.2	3504	10.9	18.2	-7.3	10.9	-7.3	10.9	
0.48047	-1.2	3504	10.9	18.1	-7.2	10.9	-7.2	10.9	
0.48438	-1.3	3504	10.9	18.1	-7.2	10.9	-7.2	10.9	
0.48828	-1.3	3504	10.9	18.2	-7.3	10.9	-7.3	10.9	
0.49219	-1.3	3504	10.9	18.1	-7.2	10.9	-7.2	10.9	
0.49609	-1.3	3504	10.9	18.1	-7.2	10.9	-7.2	10.9	
0.50000	-1.1	3504	10.8	18.2	-7.4	10.8	-7.4	10.8	
0.50391	-1.1	3504	10.9	18.2	-7.3	10.9	-7.3	10.9	
0.50781	-1.1	3504	10.9	18.2	-7.3	10.9	-7.3	10.9	
0.51172	-1.3	3504	10.9	18.2	-7.3	10.9	-7.3	10.9	
0.51562	-1.3	3504	10.9	18.2	-7.3	10.9	-7.3	10.9	
0.51953	-1.3	3504	10.9	18.2	-7.3	10.9	-7.3	10.9	
0.52344	-1.2	3503	10.9	18.2	-7.3	10.9	-7.3	10.9	
0.52734	-1.2	3503	10.9	18.2	-7.3	10.9	-7.3	10.9	
0.53125	-1.3	3503	10.9	18.2	-7.3	10.9	-7.3	10.9	
0.53516	-1.4	3503	10.9	18.3	-7.4	10.9	-7.4	10.9	
0.53906	-1.2	3503	10.9	18.2	-7.3	10.9	-7.3	10.9	
0.54297	-1.2	3503	10.9	18.3	-7.4	10.9	-7.4	10.9	
0.54688	-1.3	3503	10.9	18.3	-7.4	10.9	-7.4	10.9	
0.55078	-1.2	3503	10.9	18.3	-7.4	10.9	-7.4	10.9	
0.55469	-1.3	3503	10.9	18.3	-7.4	10.9	-7.4	10.9	
0.55859	-1.3	3503	10.9	18.3	-7.4	10.9	-7.4	10.9	
0.56250	-1.2	3503	10.9	18.3	-7.4	10.9	-7.4	10.9	
0.56641	-1.4	3503	10.9	18.4	-7.5	10.9	-7.5	10.9	
0.57031	-1.4	3502	10.9	18.4	-7.5	10.9	-7.5	10.9	
0.57422	-1.3	3502	10.9	18.4	-7.5	10.9	-7.5	10.9	
0.57812	-1.4	3502	10.9	18.5	-7.6	10.9	-7.6	10.9	
0.58203	-1.3	3502	10.9	18.5	-7.6	10.9	-7.6	10.9	
0.58594	-1.2	3502	10.9	18.5	-7.6	10.9	-7.6	10.9	
0.58984	-1.3	3502	10.9	18.5	-7.6	10.9	-7.6	10.9	
0.59375	-1.3	3502	10.8	18.6	-7.8	10.8	-7.8	10.8	
0.59766	-1.3	3502	10.9	18.6	-7.7	10.9	-7.7	10.9	
0.60156	-1.2	3502	10.9	18.6	-7.7	10.9	-7.7	10.9	
0.60547	-1.2	3502	10.8	18.6	-7.8	10.8	-7.8	10.8	
0.60938	-1.3	3502	10.8	18.7	-7.9	10.8	-7.9	10.8	
0.61328	-1.3	3502	10.9	18.7	-7.8	10.9	-7.8	10.9	
0.61719	-1.3	3501	10.8	18.6	-7.8	10.8	-7.8	10.8	
0.62109	-1.2	3501	10.8	18.6	-7.8	10.8	-7.8	10.8	
0.62500	-1.1	3501	10.8	18.7	-7.9	10.8	-7.9	10.8	
0.62891	-1.1	3501	10.7	18.7	-8.0	10.7	-8.0	10.7	
0.63281	-1.2	3501	10.8	18.8	-8.0	10.8	-8.0	10.8	
0.63672	-1.1	3501	10.7	18.7	-8.0	10.7	-8.0	10.7	
0.64062	-1.1	3501	10.7	18.7	-8.0	10.7	-8.0	10.7	
0.64453	-1.2	3501	10.7	18.7	-8.0	10.7	-8.0	10.7	
0.64844	-1.1	3501	10.7	18.7	-8.0	10.7	-8.0	10.7	
0.65234	-1.0	3501	10.8	18.8	-8.0	10.8	-8.0	10.8	
0.65625	-1.1	3501	10.7	18.7	-8.0	10.7	-8.0	10.7	
0.66016	-1.2	3501	10.7	18.6	-7.9	10.7	-7.9	10.7	
0.66406	-1.1	3501	10.8	18.7	-7.9	10.8	-7.9	10.8	
0.66797	-1.2	3501	10.7	18.7	-8.0	10.7	-8.0	10.7	
0.67188	-1.2	3500	10.7	18.7	-8.0	10.7	-8.0	10.7	
0.67578	-0.9	3500	10.7	18.6	-7.9	10.7	-7.9	10.7	
0.67969	-1.1	3500	10.7	18.6	-7.9	10.7	-7.9	10.7	
0.68359	-1.2	3500	10.7	18.6	-7.9	10.7	-7.9	10.7	
0.68750	-1.0	3500	10.8	18.6	-7.8	10.8	-7.8	10.8	
0.69141	-1.1	3500	10.7	18.5	-7.8	10.7	-7.8	10.7	
0.69531	-1.2	3500	10.7	18.5	-7.8	10.7	-7.8	10.7	
0.69922	-1.1	3500	10.7	18.5	-7.8	10.7	-7.8	10.7	
0.70312	-1.0	3500	10.7	18.5	-7.8	10.7	-7.8	10.7	
0.70703	-1.1	3500	10.7	18.4	-7.7	10.7	-7.7	10.7	
0.71094	-1.0	3500	10.7	18.4	-7.7	10.7	-7.7	10.7	
0.71484	-0.9	3500	10.7	18.3	-7.6	10.7	-7.6	10.7	
0.71875	-1.0	3500	10.7	18.3	-7.6	10.7	-7.6	10.7	
0.72266	-1.1	3500	10.7	18.3	-7.6	10.7	-7.6	10.7	
0.72656	-0.9	3500	10.7	18.3	-7.6	10.7	-7.6	10.7	
0.73047	-0.9	3499	10.7	18.2	-7.5	10.7	-7.5	10.7	
0.73438	-1.0	3499	10.7	18.1	-7.4	10.7	-7.4	10.7	
0.73828	-1.0	3499	10.7	18.1	-7.4	10.7	-7.4	10.7	
0.74219	-1.0	3499	10.7	18.2	-7.5	10.7	-7.5	10.7	
0.74609	-0.9	3499	10.7	18.1	-7.4	10.7	-7.4	10.7	
0.75000	-0.9	3499	10.7	18.1	-7.4	10.7	-7.4	10.7	
0.75391	-0.8	3499	10.7	18.1	-7.4	10.7	-7.4	10.7	
0.75781	-0.8	3499	10.7	18.0	-7.3	10.7	-7.3	10.7	
0.76172	-0.9	3499	10.7	17.9	-7.2	10.7	-7.2	10.7	
0.76562	-0.9	3499	10.7	18.0	-7.3	10.7	-7.3	10.7	
0.76953	-0.9	3499	10.6	18.0	-7.4	10.6	-7.4	10.6	
0.77344	-0.8	3499	10.7	17.9	-7.2	10.7	-7.2	10.7	
0.77734	-0.8	3499	10.7	17.9	-7.2	10.7	-7.2	10.7	
0.78125	-0.9	3499	10.6	17.9	-7.3	10.6	-7.3	10.6	
0.78516	-1.0	3499	10.7	17.9	-7.2	10.7	-7.2	10.7	
0.78906	-1.0	3499	10.7	17.9	-7.2	10.7	-7.2	10.7	
0.79297	-0.9	3499	10.6	17.9	-7.3	10.6	-7.3	10.6	
0.79688	-1.0	3498	10.6	17.9	-7.3	10.6	-7.3	10.6	
0.80078	-0.9	3498	10.7	17.9	-7.2	10.7	-7.2	10.7	
0.80469	-0.9	3498	10.7	17.9	-7.2	10.7	-7.2	10.7	
0.80859	-1.0	3498	10.6	17.9	-7.3	10.6	-7.3	10.6	
0.81250	-1.0	3498	10.7	17.9	-7.2	10.7	-7.2	10.7	
0.81641	-0.8	3498	10.7	17.8	-7.1	10.7	-7.1	10.7	
0.82031	-0.9	3498	10.7	17.8	-7.1	10.7	-7.1	10.7	
0.82422	-0.9	3498	10.8	17.8	-7.0	10.8	-7.0	10.8	
0.82812	-0.8	3498	10.8	17.8	-7.0	10.8	-7.0	10.8	
0.83203	-0.9	3498	10.7	17.8	-7.1	10.7	-7.1	10.7	
0.83594	-1.0	3498	10.8	17.8	-7.0	10.8	-7.0	10.8	
0.83984	-0.9	3498	10.8	17.9	-7.1	10.8	-7.1	10.8	
0.84375	-0.9	3498	10.8	17.9	-7.1	10.8	-7.1	10.8	
0.84766	-0.9	3498	10.8	17.8	-7.0	10.8	-7.0	10.8	
0.85156	-0.9	3498	10.8	17.8	-7.0	10.8	-7.0	10.8	
0.85547	-0.9	3498	10.8	17.8	-7.0	10.8	-7.0	10.8	
0.85938	-0.9	3497	10.8	17.9	-7.1	10.8	-7.1	10.8	
0.86328	-0.9	3497	10.8	17.9	-7.1	10.8	-7.1	10.8	
0.86719	-0.9	3497	10.8	17.9	-7.1	10.8	-7.1	10.8	
0.87109	-1.0	3497	10.8	17.9	-7.1	10.8	-7.1	10.8	
0.87500	-1.0	3497	10.8	17.9	-7.1	10.8	-7.1	10.8	
0.87891	-0.9	3497	10.8	17.9	-7.1	10.8	-7.1	10.8	
0.88281	-1.0	3497	10.9	17.9	-7.0	10.9	-7.0	10.9	
0.88672	-0.9	3497	10.8	17.9	-7.1	10.8	-7.1	10.8	
0.89062	-0.8	3497	10.9	17.9	-7.0	10.9	-7.0	10.9	
0.89453	-1.0	3497	10.9	18.0	-7.1	10.9	-7.1	10.9	
0.89844	-1.1	3497	10.9	18.0	-7.1	10.9	-7.1	10.9	
0.90234	-1.0	3497	10.9	17.9	-7.0	10.9	-7.0	10.9	
0.90625	-1.0	3497	10.9	18.0	-7.1	10.9	-7.1	10.9	
0.91016	-1.1	3497	10.9	18.0	-7.1	10.9	-7.1	10.9	
0.91406	-1.2	3497	11.0	18.0	-7.0	11.0	-7.0	11.0	
0.91797	-1.1	3497	11.0	18.0	-7.0	11.0	-7.0	11.0	
0.92188	-1.1	3496	10.9	18.1	-7.2	10.9	-7.2	10.9	
0.92578	-1.1	3496	10.9	18.1	-7.2	10.9	-7.2	10.9	
0.92969	-1.1	3496	11.0	18.1	-7.1	11.0	-7.1	11.0	
0.93359	-1.2	3496	11.0	18.1	-7.1	11.0	-7.1	11.0	
0.93750	-1.1	3496	11.0	18.1	-7.1	11.0	-7.1	11.0	
0.94141	-1.2	3496	11.0	18.1	-7.1	11.0	-7.1	11.0	
0.94531	-1.3	3496	11.0	18.1	-7.1	11.0	-7.1	11.0	
0.94922	-1.1	3496	11.0	18.2	-7.2	11.0	-7.2	11.0	
0.95312	-1.2	3496	11.0	18.2	-7.2	11.0	-7.2	11.0	
0.95703	-1.3	3496	10.9	18.2	-7.3	10.9	-7.3	10.9	
0.96094	-1.3	3496	10.9	18.2	-7.3	10.9	-7.3	10.9	
0.96484	-1.3	3496	10.9	18.2	-7.3	10.9	-7.3	10.9	
0.96875	-1.3	3496	10.9	18.2	-7.3	10.9	-7.3	10.9	
0.97266	-1.3	3495	10.9	18.3	-7.4	10.9	-7.4	10.9	
0.97656	-1.2	3495	11.0	18.3	-7.3	11.0	-7.3	11.0	
0.98047	-1.3	3495	10.9	18.4	-7.5	10.9	-7.5	10.9	
0.98438	-1.3	3495	10.9	18.4	-7.5	10.9	-7.5	10.9	
0.98828	-1.2	3495	10.9	18.4	-7.5	10.9	-7.5	10.9	
0.99219	-1.3	3495	10.8	18.4	-7.6	10.8	-7.6	10.8	
0.99609	-1.4	3495	10.8	18.4	-7.6	10.8	-7.6	10.8	
1.00000	-1.4	3495	10.9	18.5	-7.6	10.9	-7.6	10.9	
1.00391	-1.4	3495	10.9	18.5	-7.6	10.9	-7.6	10.9	
1.00781	-1.6	3495	10.9	18.5	-7.6	10.9	-7.6	10.9	
1.01172	-1.6	3495	10.9	18.5	-7.6	10.9	-7.6	10.9	
1.01562	-1.5	3494	10.9	18.5	-7.6	10.9	-7.6	10.9	
1.01953	-1.7	3494	10.9	18.6	-7.7	10.9	-7.7	10.9	
1.02344	-2.0	3494	11.0	18.7	-7.7	11.0	-7.7	11.0	
1.02734	-1.9	3494	11.0	18.6	-7.6	11.0	-7.6	11.0	
1.03125	-1.9	3494	11.0	18.6	-7.6	11.0	-7.6	11.0	
1.03516	-2.1	3494	11.1	18.7	-7.6	11.1	-7.6	11.1	
1.03906	-2.2	3494	11.2	18.8	-7.6	11.2	-7.6	11.2	
1.04297	-2.3	3494	11.2	18.7	-7.5	11.2	-7.5	11.2	
1.04688	-2.2	3493	11.2	18.8	-7.6	11.2	-7.6	11.2	
1.05078	-2.0	3493	11.2	18.8	-7.6	11.2	-7.6	11.2	
1.05469	-2.1	3493	11.2	18.8	-7.6	11.2	-7.6	11.2	
1.05859	-2.2	3493	11.2	18.9	-7.7	11.2	-7.7	11.2	
1.06250	-2.1	3493	11.2	18.9	-7.7	11.2	-7.7	11.2	
1.06641	-2.1	3493	11.2	19.0	-7.8	11.2	-7.8	11.2	
1.07031	-2.1	3493	11.2	19.0	-7.8	11.2	-7.8	11.2	
1.07422	-2.0	3492	11.2	19.0	-7.8	11.2	-7.8	11.2	
1.07812	-2.1	3492	11.2	19.1	-7.9	11.2	-7.9	11.2	
1.08203	-2.3	3492	11.1	19.1	-8.0	11.1	-8.0	11.1	
1.08594	-2.4	3492	11.2	19.1	-7.9	11.2	-7.9	11.2	
1.08984	-2.2	3492	11.1	19.2	-8.1	11.1	-8.1	11.1	
1.09375	-2.2	3492	11.1	19.2	-8.1	11.1	-8.1	11.1	
1.09766	-2.4	3492	11.1	19.2	-8.1	11.1	-8.1	11.1	
1.10156	-2.5	3491	11.1	19.3	-8.2	11.1	-8.2	11.1	
1.10547	-2.7	3491	11.1	19.4	-8.3	11.1	-8.3	11.1	
1.10938	-2.8	3491	11.1	19.3	-8.2	11.1	-8.2	11.1	
1.11328	-2.6	3491	11.2	19.4	-8.2	11.2	-8.2	11.2	
1.11719	-2.6	3491	11.1	19.4	-8.3	11.1	-8.3	11.1	
1.12109	-2.9	3490	11.2	19.5	-8.3	11.2	-8.3	11.2	
1.12500	-3.1	3490	11.2	19.5	-8.3	11.2	-8.3	11.2	
1.12891	-3.1	3490	11.2	19.6	-8.4	11.2	-8.4	11.2	
1.13281	-2.9	3490	11.2	19.6	-8.4	11.2	-8.4	11.2	
1.13672	-2.6	3490	11.2	19.7	-8.5	11.2	-8.5	11.2	
1.14062	-2.6	3490	11.2	19.7	-8.5	11.2	-8.5	11.2	
1.14453	-2.8	3489	11.2	19.7	-8.5	11.2	-8.5	11.2	
1.14844	-2.8	3489	11.2	19.8	-8.6	11.2	-8.6	11.2	
1.15234	-2.8	3489	11.3	19.9	-8.6	11.3	-8.6	11.3	
1.15625	-2.9	3489	11.2	19.9	-8.7	11.2	-8.7	11.2	
1.16016	-2.9	3489	11.2	19.9	-8.7	11.2	-8.7	11.2	
1.16406	-2.9	3488	11.3	20.0	-8.7	11.3	-8.7	11.3	
1.16797	-3.1	3488	11.2	20.0	-8.8	11.2	-8.8	11.2	
1.17188	-2.8	3488	11.2	20.0	-8.8	11.2	-8.8	11.2	
1.17578	-2.6	3488	11.2	20.0	-8.8	11.2	-8.8	11.2	
1.17969	-2.8	3488	11.1	20.0	-8.9	11.1	-8.9	11.1	
1.18359	-2.7	3488	11.2	20.0	-8.8	11.2	-8.8	11.2	
1.18750	-2.4	3487	11.2	20.1	-8.9	11.2	-8.9	11.2	
1.19141	-2.5	3487	11.1	20.1	-9.0	11.1	-9.0	11.1	
1.19531	-2.9	3487	11.1	20.1	-9.0	11.1	-9.0	11.1	
1.19922	-2.9	3487	11.2	20.1	-8.9	11.2	-8.9	11.2	
1.20312	-2.8	3487	11.1	20.0	-8.9	11.1	-8.9	11.1	
1.20703	-2.7	3486	11.0	20.1	-9.1	11.0	-9.1	11.0	
1.21094	-2.6	3486	11.1	20.1	-9.0	11.1	-9.0	11.1	
1.21484	-2.6	3486	11.0	20.0	-9.0	11.0	-9.0	11.0	
1.21875	-2.5	3486	11.0	20.0	-9.0	11.0	-9.0	11.0	
1.22266	-2.5	3486	11.0	20.0	-9.0	11.0	-9.0	11.0	
1.22656	-2.6	3486	11.1	20.1	-9.0	11.1	-9.0	11.1	
1.23047	-2.7	3485	11.1	20.0	-8.9	11.1	-8.9	11.1	
1.23438	-2.9	3485	11.0	20.0	-9.0	11.0	-9.0	11.0	
1.23828	-3.0	3485	11.1	20.0	-8.9	11.1	-8.9	11.1	
1.24219	-2.8	3485	11.1	20.0	-8.9	11.1	-8.9	11.1	
1.24609	-2.8	3485	11.1	20.0	-8.9	11.1	-8.9	11.1	
1.25000	-3.0	3485	11.2	19.9	-8.7	11.2	-8.7	11.2	
1.25391	-3.0	3484	11.2	19.9	-8.7	11.2	-8.7	11.2	
1.25781	-3.3	3484	11.1	19.9	-8.8	11.1	-8.8	11.1	
1.26172	-3.3	3484	11.2	19.9	-8.7	11.2	-8.7	11.2	
1.26562	-3.2	3484	11.3	20.0	-8.7	11.3	-8.7	11.3	
1.26953	-3.3	3483	11.3	20.0	-8.7	11.3	-8.7	11.3	
1.27344	-3.2	3483	11.3	19.9	-8.6	11.3	-8.6	11.3	
1.27734	-3.1	3483	11.3	20.0	-8.7	11.3	-8.7	11.3	
1.28125	-3.1	3483	11.4	20.0	-8.6	11.4	-8.6	11.4	
1.28516	-3.4	3483	11.4	20.0	-8.6	11.4	-8.6	11.4	
1.28906	-3.4	3482	11.4	20.0	-8.6	11.4	-8.6	11.4	
1.29297	-3.3	3482	11.4	20.0	-8.6	11.4	-8.6	11.4	
1.29688	-3.6	3482	11.4	20.0	-8.6	11.4	-8.6	11.4	
1.30078	-3.8	3482	11.5	20.0	-8.5	11.5	-8.5	11.5	
1.30469	-3.7	3481	11.5	20.0	-8.5	11.5	-8.5	11.5	
1.30859	-3.6	3481	11.4	20.1	-8.7	11.4	-8.7	11.4	
1.31250	-3.3	3481	11.5	20.1	-8.6	11.5	-8.6	11.5	
1.31641	-3.2	3481	11.4	20.1	-8.7	11.4	-8.7	11.4	
1.32031	-3.5	3481	11.4	20.1	-8.7	11.4	-8.7	11.4	
1.32422	-4.0	3480	11.4	20.2	-8.8	11.4	-8.8	11.4	
1.32812	-4.3	3480	11.4	20.2	-8.8	11.4	-8.8	11.4	
1.33203	-4.0	3480	11.4	20.2	-8.8	11.4	-8.8	11.4	
1.33594	-4.0	3480	11.4	20.2	-8.8	11.4	-8.8	11.4	
1.33984	-4.5	3479	11.4	20.2	-8.8	11.4	-8.8	11.4	
1.34375	-4.6	3479	11.4	20.3	-8.9	11.4	-8.9	11.4	
1.34766	-4.4	3479	11.4	20.3	-8.9	11.4	-8.9	11.4	
1.35156	-4.6	3478	11.4	20.3	-8.9	11.4	-8.9	11.4	
1.35547	-4.9	3478	11.4	20.3	-8.9	11.4	-8.9	11.4	
1.35938	-5.1	3478	11.5	20.4	-8.9	11.5	-8.9	11.5	
1.36328	-5.3	3477	11.5	20.4	-8.9	11.5	-8.9	11.5	
1.36719	-5.4	3477	11.4	20.5	-9.1	11.4	-9.1	11.4	
1.37109	-4.9	3477	11.9	20.5	-8.6	11.9	-8.6	11.9	
1.37500	-3.1	3476	12.8	20.5	-7.7	12.8	-7.7	12.8	
1.37891	-2.1	3476	12.9	20.6	-7.7	12.9	-7.7	12.9	
1.38281	-2.5	3476	12.6	20.7	-8.1	12.6	-8.1	12.6	
1.38672	-2.1	3476	12.7	20.7	-8.0	12.7	-8.0	12.7	
1.39062	-1.3	3476	13.0	20.8	-7.8	13.0	-7.8	13.0	
1.39453	-1.2	3476	13.2	20.8	-7.6	13.2	-7.6	13.2	
1.39844	-0.9	3476	13.2	20.8	-7.6	13.2	-7.6	13.2	
1.40234	-0.6	3476	13.2	20.9	-7.7	13.2	-7.7	13.2	
1.40625	-0.8	3476	13.2	21.0	-7.8	13.2	-7.8	13.2	
1.41016	-0.9	3476	13.3	21.0	-7.7	13.3	-7.7	13.3	
1.41406	-0.9	3476	13.4	21.1	-7.7	13.4	-7.7	13.4	
1.41797	-1.2	3476	13.4	21.2	-7.8	13.4	-7.8	13.4	
1.42188	-1.3	3475	13.4	21.3	-7.9	13.4	-7.9	13.4	
1.42578	-1.2	3475	13.6	21.3	-7.7	13.6	-7.7	13.6	
1.42969	-1.2	3475	13.7	21.4	-7.7	13.7	-7.7	13.7	
1.43359	-1.1	3475	13.7	21.5	-7.8	13.7	-7.8	13.7	
1.43750	-1.1	3475	13.8	21.5	-7.7	13.8	-7.7	13.8	
1.44141	-1.2	3475	13.8	21.5	-7.7	13.8	-7.7	13.8	
1.44531	-1.2	3475	13.8	21.6	-7.8	13.8	-7.8	13.8	
1.44922	-1.2	3475	13.9	21.6	-7.7	13.9	-7.7	13.9	
1.45312	-1.0	3475	13.9	21.7	-7.8	13.9	-7.8	13.9	
1.45703	-1.0	3475	14.0	21.7	-7.7	14.0	-7.7	14.0	
1.46094	-1.1	3475	14.0	21.8	-7.8	14.0	-7.8	14.0	
1.46484	-1.1	3475	14.0	21.9	-7.9	14.0	-7.9	14.0	
1.46875	-1.1	3475	14.1	21.9	-7.8	14.1	-7.8	14.1	
1.47266	-1.1	3475	14.2	21.9	-7.7	14.2	-7.7	14.2	
1.47656	-1.1	3474	14.2	22.0	-7.8	14.2	-7.8	14.2	
1.48047	-1.1	3474	14.3	22.0	-7.7	14.3	-7.7	14.3	
1.48438	-1.1	3474	14.4	22.0	-7.6	14.4	-7.6	14.4	
1.48828	-1.0	3474	14.5	22.0	-7.5	14.5	-7.5	14.5	
1.49219	-1.0	3474	14.5	22.1	-7.6	14.5	-7.6	14.5	
1.49609	-1.1	3474	14.5	22.1	-7.6	14.5	-7.6	14.5	
1.50000	-1.1	3474	14.6	22.1	-7.5	14.6	-7.5	14.6	
1.50391	-1.1	3474	14.7	22.1	-7.4	14.7	-7.4	14.7	
1.50781	-1.3	3474	14.8	22.2	-7.4	14.8	-7.4	14.8	
1.51172	-1.3	3474	14.9	22.2	-7.3	14.9	-7.3	14.9	
1.51562	-1.3	3474	14.9	22.2	-7.3	14.9	-7.3	14.9	
1.51953	-1.5	3474	15.0	22.2	-7.2	15.0	-7.2	15.0	
1.52344	-1.5	3474	15.2	22.3	-7.1	15.2	-7.1	15.2	
1.52734	-1.3	3473	15.3	22.3	-7.0	15.3	-7.0	15.3	
1.53125	-1.2	3473	15.4	22.3	-6.9	15.4	-6.9	15.4	
1.53516	-1.2	3473	15.4	22.3	-6.9	15.4	-6.9	15.4	
1.53906	-1.1	3473	15.5	22.4	-6.9	15.5	-6.9	15.5	
1.54297	-1.2	3473	15.6	22.4	-6.8	15.6	-6.8	15.6	
1.54688	-1.3	3473	15.7	22.4	-6.7	15.7	-6.7	15.7	
1.55078	-1.2	3473	15.7	22.4	-6.7	15.7	-6.7	15.7	
1.55469	-1.2	3473	15.8	22.4	-6.6	15.8	-6.6	15.8	
1.55859	-1.2	3473	15.8	22.4	-6.6	15.8	-6.6	15.8	
1.56250	-1.0	3473	15.9	22.4	-6.5	15.9	-6.5	15.9	
1.56641	-0.9	3473	16.0	22.4	-6.4	16.0	-6.4	16.0	
1.57031	-0.8	3473	16.0	22.5	-6.5	16.0	-6.5	16.0	
1.57422	-0.7	3473	16.1	22.5	-6.4	16.1	-6.4	16.1	
1.57812	-0.8	3473	16.1	22.6	-6.5	16.1	-6.5	16.1	
1.58203	-0.8	3472	16.1	22.6	-6.5	16.1	-6.5	16.1	
1.58594	-0.8	3472	16.2	22.6	-6.4	16.2	-6.4	16.2	
1.58984	-0.9	3472	16.3	22.7	-6.4	16.3	-6.4	16.3	
1.59375	-0.9	3472	16.3	22.8	-6.5	16.3	-6.5	16.3	
1.59766	-1.0	3472	16.3	22.8	-6.5	16.3	-6.5	16.3	
1.60156	-1.0	3472	16.3	22.8	-6.5	16.3	-6.5	16.3	
1.60547	-1.0	3472	16.4	22.9	-6.5	16.4	-6.5	16.4	
1.60938	-1.1	3472	16.5	22.9	-6.4	16.5	-6.4	16.5	
1.61328	-1.1	3472	16.6	23.0	-6.4	16.6	-6.4	16.6	
1.61719	-1.2	3472	16.6	23.1	-6.5	16.6	-6.5	16.6	
1.62109	-1.2	3472	16.7	23.1	-6.4	16.7	-6.4	16.7	
1.62500	-1.0	3472	16.8	23.2	-6.4	16.8	-6.4	16.8	
1.62891	-1.2	3472	16.9	23.3	-6.4	16.9	-6.4	16.9	
1.63281	-1.6	3472	16.9	23.3	-6.4	16.9	-6.4	16.9	
1.63672	-1.4	3471	17.1	23.4	-6.3	17.1	-6.3	17.1	
1.64062	-1.3	3471	17.2	23.4	-6.2	17.2	-6.2	17.2	
1.64453	-1.4	3471	17.3	23.5	-6.2	17.3	-6.2	17.3	
1.64844	-1.4	3471	17.4	23.6	-6.2	17.4	-6.2	17.4	
1.65234	-1.2	3471	17.4	23.6	-6.2	17.4	-6.2	17.4	
1.65625	-1.3	3471	17.5	23.7	-6.2	17.5	-6.2	17.5	
1.66016	-1.3	3471	17.6	23.8	-6.2	17.6	-6.2	17.6	
1.66406	-1.1	3471	17.8	23.8	-6.0	17.8	-6.0	17.8	
1.66797	-1.3	3471	17.8	24.0	-6.2	17.8	-6.2	17.8	
1.67188	-1.3	3471	17.9	24.0	-6.1	17.9	-6.1	17.9	
1.67578	-1.1	3471	18.0	24.1	-6.1	18.0	-6.1	18.0	
1.67969	-1.1	3471	18.1	24.2	-6.1	18.1	-6.1	18.1	
1.68359	-1.1	3470	18.1	24.2	-6.1	18.1	-6.1	18.1	
1.68750	-1.1	3470	18.2	24.3	-6.1	18.2	-6.1	18.2	
1.69141	-1.1	3470	18.3	24.4	-6.1	18.3	-6.1	18.3	
1.69531	-1.1	3470	18.4	24.5	-6.1	18.4	-6.1	18.4	
1.69922	-0.9	3470	18.5	24.5	-6.0	18.5	-6.0	18.5	
1.70312	-1.0	3470	18.5	24.7	-6.2	18.5	-6.2	18.5	
1.70703	-1.1	3470	18.5	24.7	-6.2	18.5	-6.2	18.5	
1.71094	-1.1	3470	18.7	24.7	-6.0	18.7	-6.0	18.7	
1.71484	-1.1	3470	18.8	24.8	-6.0	18.8	-6.0	18.8	
1.71875	-1.2	3470	18.8	24.9	-6.1	18.8	-6.1	18.8	
1.72266	-1.3	3470	18.9	25.0	-6.1	18.9	-6.1	18.9	
1.72656	-1.2	3470	18.9	25.0	-6.1	18.9	-6.1	18.9	
1.73047	-1.2	3470	19.0	25.1	-6.1	19.0	-6.1	19.0	
1.73438	-1.2	3470	19.1	25.2	-6.1	19.1	-6.1	19.1	
1.73828	-1.1	3469	19.1	25.3	-6.2	19.1	-6.2	19.1	
1.74219	-1.0	3469	19.1	25.3	-6.2	19.1	-6.2	19.1	
1.74609	-0.9	3469	19.2	25.4	-6.2	19.2	-6.2	19.2	
1.75000	-0.8	3469	19.2	25.4	-6.2	19.2	-6.2	19.2	
1.75391	-0.8	3469	19.3	25.5	-6.2	19.3	-6.2	19.3	
1.75781	-0.8	3469	19.3	25.6	-6.3	19.3	-6.3	19.3	
1.76172	-0.7	3469	19.3	25.6	-6.3	19.3	-6.3	19.3	
1.76562	-0.7	3469	19.3	25.7	-6.4	19.3	-6.4	19.3	
1.76953	-0.8	3469	19.4	25.8	-6.4	19.4	-6.4	19.4	
1.77344	-0.6	3469	19.4	25.8	-6.4	19.4	-6.4	19.4	
1.77734	-0.7	3469	19.3	25.8	-6.5	19.3	-6.5	19.3	
1.78125	-0.7	3469	19.3	25.8	-6.5	19.3	-6.5	19.3	
1.78516	-0.7	3469	19.3	25.9	-6.6	19.3	-6.6	19.3	
1.78906	-0.7	3469	19.4	26.0	-6.6	19.4	-6.6	19.4	
1.79297	-0.8	3469	19.4	26.0	-6.6	19.4	-6.6	19.4	
1.79688	-0.9	3469	19.4	26.1	-6.7	19.4	-6.7	19.4	
1.80078	-0.8	3469	19.4	26.1	-6.7	19.4	-6.7	19.4	
1.80469	-0.8	3469	19.5	26.1	-6.6	19.5	-6.6	19.5	
1.80859	-0.9	3469	19.4	26.2	-6.8	19.4	-6.8	19.4	
1.81250	-0.9	3468	19.5	26.3	-6.8	19.5	-6.8	19.5	
1.81641	-0.9	3468	19.5	26.3	-6.8	19.5	-6.8	19.5	
1.82031	-0.9	3468	19.5	26.3	-6.8	19.5	-6.8	19.5	
1.82422	-0.9	3468	19.6	26.4	-6.8	19.6	-6.8	19.6	
1.82812	-0.9	3468	19.6	26.5	-6.9	19.6	-6.9	19.6	
1.83203	-1.1	3468	19.7	26.5	-6.8	19.7	-6.8	19.7	
1.83594	-1.1	3468	19.8	26.6	-6.8	19.8	-6.8	19.8	
1.83984	-1.1	3468	19.8	26.7	-6.9	19.8	-6.9	19.8	
1.84375	-1.1	3468	19.8	26.7	-6.9	19.8	-6.9	19.8	
1.84766	-1.1	3468	19.9	26.8	-6.9	19.9	-6.9	19.9	
1.85156	-1.1	3468	19.9	26.8	-6.9	19.9	-6.9	19.9	
1.85547	-1.2	3468	20.0	26.8	-6.8	20.0	-6.8	20.0	
1.85938	-1.0	3468	20.1	26.9	-6.8	20.1	-6.8	20.1	
1.86328	-0.8	3468	20.1	27.0	-6.9	20.1	-6.9	20.1	
1.86719	-0.8	3468	20.1	27.0	-6.9	20.1	-6.9	20.1	
1.87109	-0.8	3468	20.2	27.0	-6.8	20.2	-6.8	20.2	
1.87500	-0.8	3467	20.3	27.1	-6.8	20.3	-6.8	20.3	
1.87891	-0.9	3467	20.3	27.1	-6.8	20.3	-6.8	20.3	
1.88281	-1.0	3467	20.4	27.2	-6.8	20.4	-6.8	20.4	
1.88672	-1.1	3467	20.5	27.3	-6.8	20.5	-6.8	20.5	
1.89062	-1.0	3467	20.6	27.3	-6.7	20.6	-6.7	20.6	
1.89453	-1.2	3467	20.6	27.4	-6.8	20.6	-6.8	20.6	
1.89844	-1.3	3467	20.7	27.5	-6.8	20.7	-6.8	20.7	
1.90234	-1.3	3467	20.8	27.6	-6.8	20.8	-6.8	20.8	
1.90625	-1.6	3467	20.9	27.6	-6.7	20.9	-6.7	20.9	
1.91016	-1.8	3467	21.1	27.7	-6.6	21.1	-6.6	21.1	
1.91406	-1.7	3467	21.2	27.8	-6.6	21.2	-6.6	21.2	
1.91797	-2.1	3467	21.4	27.9	-6.5	21.4	-6.5	21.4	
1.92188	-2.3	3466	21.5	28.1	-6.6	21.5	-6.6	21.5	
1.92578	-2.4	3466	21.7	28.1	-6.4	21.7	-6.4	21.7	
1.92969	-2.5	3466	21.9	28.3	-6.4	21.9	-6.4	21.9	
1.93359	-2.5	3466	22.0	28.4	-6.4	22.0	-6.4	22.0	
1.93750	-2.5	3466	22.2	28.5	-6.3	22.2	-6.3	22.2	
1.94141	-2.4	3466	22.4	28.7	-6.3	22.4	-6.3	22.4	
1.94531	-2.3	3465	22.5	28.7	-6.2	22.5	-6.2	22.5	
1.94922	-2.0	3465	22.7	28.9	-6.2	22.7	-6.2	22.7	
1.95312	-1.5	3465	22.7	29.0	-6.3	22.7	-6.3	22.7	
1.95703	-1.3	3465	22.8	29.1	-6.3	22.8	-6.3	22.8	
1.96094	-1.2	3465	22.9	29.1	-6.2	22.9	-6.2	22.9	
1.96484	-0.9	3465	23.0	29.3	-6.3	23.0	-6.3	23.0	
1.96875	-0.6	3465	23.0	29.4	-6.4	23.0	-6.4	23.0	
1.97266	-0.5	3465	23.0	29.5	-6.5	23.0	-6.5	23.0	
1.97656	-0.3	3465	23.0	29.5	-6.5	23.0	-6.5	23.0	
1.98047	-0.3	3465	22.9	29.6	-6.7	22.9	-6.7	22.9	
1.98438	-0.3	3465	22.9	29.7	-6.8	22.9	-6.8	22.9	
1.98828	-0.3	3465	22.7	29.7	-7.0	22.7	-7.0	22.7	
1.99219	-0.2	3465	22.6	29.8	-7.2	22.6	-7.2	22.6	
1.99609	0.1	3465	22.5	29.8	-7.3	22.5	-7.3	22.5	
2.00000	0.4	3465	22.4	29.9	-7.5	22.4	-7.5	22.4	
2.00391	0.4	3465	22.3	29.9	-7.6	22.3	-7.6	22.3	
2.00781	0.3	3465	22.2	29.9	-7.7	22.2	-7.7	22.2	
2.01172	0.3	3465	22.1	29.9	-7.8	22.1	-7.8	22.1	
2.01562	0.2	3465	22.0	30.0	-8.0	22.0	-8.0	22.0	
2.01953	-0.1	3465	21.9	30.0	-8.1	21.9	-8.1	21.9	
2.02344	-0.4	3465	21.8	30.0	-8.2	21.8	-8.2	21.8	
2.02734	-0.8	3465	21.8	30.1	-8.3	21.8	-8.3	21.8	
2.03125	-0.9	3465	21.7	30.1	-8.4	21.7	-8.4	21.7	
2.03516	-0.8	3465	21.6	30.1	-8.5	21.6	-8.5	21.6	
2.03906	-0.6	3465	21.6	30.1	-8.5	21.6	-8.5	21.6	
2.04297	-0.6	3465	21.6	30.1	-8.5	21.6	-8.5	21.6	
2.04688	-0.8	3465	21.5	30.1	-8.6	21.5	-8.6	21.5	
2.05078	-0.8	3465	21.5	30.1	-8.6	21.5	-8.6	21.5	
2.05469	-0.8	3464	21.5	30.1	-8.6	21.5	-8.6	21.5	
2.05859	-0.8	3464	21.4	30.0	-8.6	21.4	-8.6	21.4	
2.06250	-0.7	3464	21.4	30.0	-8.6	21.4	-8.6	21.4	
2.06641	-0.7	3464	21.3	30.0	-8.7	21.3	-8.7	21.3	
2.07031	-0.8	3464	21.3	29.9	-8.6	21.3	-8.6	21.3	
2.07422	-0.8	3464	21.3	29.9	-8.6	21.3	-8.6	21.3	
2.07812	-0.6	3464	21.2	29.8	-8.6	21.2	-8.6	21.2	
2.08203	-0.7	3464	21.2	29.7	-8.5	21.2	-8.5	21.2	
2.08594	-0.7	3464	21.2	29.7	-8.5	21.2	-8.5	21.2	
2.08984	-0.6	3464	21.2	29.7	-8.5	21.2	-8.5	21.2	
2.09375	-0.5	3464	21.1	29.6	-8.5	21.1	-8.5	21.1	
2.09766	-0.4	3464	21.0	29.6	-8.6	21.0	-8.6	21.0	
2.10156	-0.4	3464	20.9	29.5	-8.6	20.9	-8.6	20.9	
2.10547	-0.5	3464	20.8	29.5	-8.7	20.8	-8.7	20.8	
2.10938	-0.4	3464	20.8	29.4	-8.6	20.8	-8.6	20.8	
2.11328	-0.1	3464	20.6	29.4	-8.8	20.6	-8.8	20.6	
2.11719	-0.0	3464	20.5	29.3	-8.8	20.5	-8.8	20.5	
2.12109	-0.0	3464	20.4	29.2	-8.8	20.4	-8.8	20.4	
2.12500	0.3	3464	20.2	29.1	-8.9	20.2	-8.9	20.2	
2.12891	0.7	3464	20.0	29.1	-9.1	20.0	-9.1	20.0	
2.13281	0.9	3464	19.8	29.0	-9.2	19.8	-9.2	19.8	
2.13672	1.1	3464	19.7	28.9	-9.2	19.7	-9.2	19.7	
2.14062	1.4	3464	19.5	28.8	-9.3	19.5	-9.3	19.5	
2.14453	1.6	3464	19.3	28.6	-9.3	19.3	-9.3	19.3	
2.14844	1.9	3464	19.0	28.6	-9.6	19.0	-9.6	19.0	
2.15234	2.3	3465	18.9	28.5	-9.6	18.9	-9.6	18.9	
2.15625	2.1	3465	18.6	28.3	-9.7	18.6	-9.7	18.6	
2.16016	2.2	3465	18.4	28.2	-9.8	18.4	-9.8	18.4	
2.16406	2.7	3465	18.3	28.2	-9.9	18.3	-9.9	18.3	
2.16797	2.3	3465	18.1	28.1	-10.0	18.1	-10.0	18.1	
2.17188	1.7	3465	17.9	27.9	-10.0	17.9	-10.0	17.9	
2.17578	1.6	3465	17.7	27.9	-10.2	17.7	-10.2	17.7	
2.17969	1.7	3466	17.5	27.8	-10.3	17.5	-10.3	17.5	
2.18359	1.6	3466	17.3	27.6	-10.3	17.3	-10.3	17.3	
2.18750	1.5	3466	17.1	27.5	-10.4	17.1	-10.4	17.1	
2.19141	1.3	3466	16.9	27.4	-10.5	16.9	-10.5	16.9	
2.19531	1.4	3466	16.7	27.3	-10.6	16.7	-10.6	16.7	
2.19922	1.7	3466	16.6	27.2	-10.6	16.6	-10.6	16.6	
2.20312	1.5	3466	16.4	27.1	-10.7	16.4	-10.7	16.4	
2.20703	1.3	3466	16.2	27.0	-10.8	16.2	-10.8	16.2	
2.21094	1.5	3466	16.0	26.8	-10.8	16.0	-10.8	16.0	
2.21484	1.6	3466	15.8	26.7	-10.9	15.8	-10.9	15.8	
2.21875	1.4	3466	15.5	26.6	-11.1	15.5	-11.1	15.5	
2.22266	1.8	3467	15.3	26.5	-11.2	15.3	-11.2	15.3	
2.22656	2.1	3467	15.1	26.4	-11.3	15.1	-11.3	15.1	
2.23047	2.3	3467	14.8	26.2	-11.4	14.8	-11.4	14.8	
2.23438	2.5	3467	14.5	26.0	-11.5	14.5	-11.5	14.5	
2.23828	2.7	3467	14.3	25.9	-11.6	14.3	-11.6	14.3	
2.24219	2.9	3467	14.0	25.8	-11.8	14.0	-11.8	14.0	
2.24609	3.3	3468	13.7	25.6	-11.9	13.7	-11.9	13.7	
2.25000	3.4	3468	13.5	25.5	-12.0	13.5	-12.0	13.5	
2.25391	3.5	3468	13.3	25.4	-12.1	13.3	-12.1	13.3	
2.25781	3.6	3468	13.0	25.2	-12.2	13.0	-12.2	13.0	
2.26172	3.2	3469	12.7	25.1	-12.4	12.7	-12.4	12.7	
2.26562	2.8	3469	12.5	24.9	-12.4	12.5	-12.4	12.5	
2.26953	2.0	3469	12.3	24.7	-12.4	12.3	-12.4	12.3	
2.27344	1.5	3469	12.1	24.5	-12.4	12.1	-12.4	12.1	
2.27734	2.0	3469	12.0	24.4	-12.4	12.0	-12.4	12.0	
2.28125	1.8	3469	11.8	24.2	-12.4	11.8	-12.4	11.8	
2.28516	1.2	3469	11.7	24.0	-12.3	11.7	-12.3	11.7	
2.28906	1.0	3469	11.6	23.8	-12.2	11.6	-12.2	11.6	
2.29297	0.4	3469	11.4	23.7	-12.3	11.4	-12.3	11.4	
2.29688	0.0	3469	11.4	23.6	-12.2	11.4	-12.2	11.4	
2.30078	-0.5	3469	11.3	23.4	-12.1	11.3	-12.1	11.3	
2.30469	-1.0	3469	11.2	23.3	-12.1	11.2	-12.1	11.2	
2.30859	-0.7	3469	11.1	23.2	-12.1	11.1	-12.1	11.1	
2.31250	-0.3	3469	11.1	23.1	-12.0	11.1	-12.0	11.1	
2.31641	-0.5	3469	11.1	22.9	-11.8	11.1	-11.8	11.1	
2.32031	-0.7	3469	11.0	22.8	-11.8	11.0	-11.8	11.0	
2.32422	-0.9	3469	11.0	22.7	-11.7	11.0	-11.7	11.0	
2.32812	-1.0	3469	11.0	22.6	-11.6	11.0	-11.6	11.0	
2.33203	-0.8	3469	11.0	22.4	-11.4	11.0	-11.4	11.0	
2.33594	-0.7	3469	11.0	22.4	-11.4	11.0	-11.4	11.0	
2.33984	-0.6	3469	11.0	22.2	-11.2	11.0	-11.2	11.0	
2.34375	-0.7	3469	10.9	22.0	-11.1	10.9	-11.1	10.9	
2.34766	-0.7	3469	11.0	22.0	-11.0	11.0	-11.0	11.0	
2.35156	-0.7	3469	11.0	21.9	-10.9	11.0	-10.9	11.0	
2.35547	-0.7	3469	11.0	21.7	-10.7	11.0	-10.7	11.0	
2.35938	-0.8	3469	11.0	21.6	-10.6	11.0	-10.6	11.0	
2.36328	-0.8	3469	10.9	21.4	-10.5	10.9	-10.5	10.9	
2.36719	-0.8	3468	10.9	21.4	-10.5	10.9	-10.5	10.9	
2.37109	-0.8	3468	10.9	21.3	-10.4	10.9	-10.4	10.9	
2.37500	-0.8	3468	10.9	21.2	-10.3	10.9	-10.3	10.9	
2.37891	-0.7	3468	10.9	21.0	-10.1	10.9	-10.1	10.9	
2.38281	-0.7	3468	10.9	20.9	-10.0	10.9	-10.0	10.9	
2.38672	-0.7	3468	10.8	20.8	-10.0	10.8	-10.0	10.8	
2.39062	-0.6	3468	10.8	20.7	-9.9	10.8	-9.9	10.8	
2.39453	-0.6	3468	10.8	20.6	-9.8	10.8	-9.8	10.8	
2.39844	-0.7	3468	10.8	20.5	-9.7	10.8	-9.7	10.8	
2.40234	-0.6	3468	10.8	20.4	-9.6	10.8	-9.6	10.8	
2.40625	-0.7	3468	10.7	20.3	-9.6	10.7	-9.6	10.7	
2.41016	-0.8	3468	10.6	20.1	-9.5	10.6	-9.5	10.6	
2.41406	-0.8	3468	10.6	20.0	-9.4	10.6	-9.4	10.6	
2.41797	-0.8	3468	10.6	19.9	-9.3	10.6	-9.3	10.6	
2.42188	-0.6	3468	10.5	19.8	-9.3	10.5	-9.3	10.5	
2.42578	-0.6	3468	10.5	19.8	-9.3	10.5	-9.3	10.5	
2.42969	-0.7	3468	10.4	19.7	-9.3	10.4	-9.3	10.4	
2.43359	-0.7	3468	10.3	19.6	-9.3	10.3	-9.3	10.3	
2.43750	-0.6	3468	10.3	19.5	-9.2	10.3	-9.2	10.3	
2.44141	-0.6	3468	10.3	19.4	-9.1	10.3	-9.1	10.3	
2.44531	-0.6	3468	10.4	19.3	-8.9	10.4	-8.9	10.4	
2.44922	-0.7	3468	10.3	19.3	-9.0	10.3	-9.0	10.3	
2.45312	-0.7	3468	10.2	19.2	-9.0	10.2	-9.0	10.2	
2.45703	-0.9	3467	10.1	19.1	-9.0	10.1	-9.0	10.1	
2.46094	-0.9	3467	10.1	19.1	-9.0	10.1	-9.0	10.1	
2.46484	-0.7	3467	10.1	19.0	-8.9	10.1	-8.9	10.1	
2.46875	-0.7	3467	10.1	18.9	-8.8	10.1	-8.8	10.1	
2.47266	-0.7	3467	10.0	18.9	-8.9	10.0	-8.9	10.0	
2.47656	-0.6	3467	10.0	18.9	-8.9	10.0	-8.9	10.0	
2.48047	-0.9	3467	10.0	18.8	-8.8	10.0	-8.8	10.0	
2.48438	-1.0	3467	10.0	18.7	-8.7	10.0	-8.7	10.0	
2.48828	-0.8	3467	10.1	18.7	-8.6	10.1	-8.6	10.1	
2.49219	-0.8	3467	10.0	18.6	-8.6	10.0	-8.6	10.0	
2.49609	-0.9	3467	9.9	18.6	-8.7	9.9	-8.7	9.9	
2.50000	-0.7	3467	9.8	18.6	-8.8	9.8	-8.8	9.8	
2.50391	-0.8	3467	9.8	18.5	-8.7	9.8	-8.7	9.8	
2.50781	-1.0	3467	10.0	18.5	-8.5	10.0	-8.5	10.0	
2.51172	-0.7	3467	10.1	18.5	-8.4	10.1	-8.4	10.1	
2.51562	-0.6	3467	9.9	18.4	-8.5	9.9	-8.5	9.9	
2.51953	-0.9	3467	9.8	18.3	-8.5	9.8	-8.5	9.8	
2.52344	-0.8	3467	9.8	18.3	-8.5	9.8	-8.5	9.8	
2.52734	-0.7	3467	10.0	18.3	-8.3	10.0	-8.3	10.0	
2.53125	-0.9	3466	10.0	18.2	-8.2	10.0	-8.2	10.0	
2.53516	-0.9	3466	9.9	18.2	-8.3	9.9	-8.3	9.9	
2.53906	-0.7	3466	9.9	18.3	-8.4	9.9	-8.4	9.9	
2.54297	-0.8	3466	10.1	18.2	-8.1	10.1	-8.1	10.1	
2.54688	-0.9	3466	10.1	18.1	-8.0	10.1	-8.0	10.1	
2.55078	-1.0	3466	9.9	18.1	-8.2	9.9	-8.2	9.9	
2.55469	-0.9	3466	9.8	18.1	-8.3	9.8	-8.3	9.8	
2.55859	-0.7	3466	10.2	18.1	-7.9	10.2	-7.9	10.2	
2.56250	-0.4	3466	10.5	18.1	-7.6	10.5	-7.6	10.5	
2.56641	-0.6	3466	10.3	18.1	-7.8	10.3	-7.8	10.3	
2.57031	-1.0	3466	9.8	18.0	-8.2	9.8	-8.2	9.8	
2.57422	-0.9	3466	9.9	18.1	-8.2	9.9	-8.2	9.9	
2.57812	-0.6	3466	10.3	18.0	-7.7	10.3	-7.7	10.3	
2.58203	-0.8	3466	10.4	18.0	-7.6	10.4	-7.6	10.4	
2.58594	-0.9	3466	10.1	18.0	-7.9	10.1	-7.9	10.1	
2.58984	-0.7	3466	9.9	18.0	-8.1	9.9	-8.1	9.9	
2.59375	-0.8	3466	10.1	17.9	-7.8	10.1	-7.8	10.1	
2.59766	-0.7	3466	10.4	18.0	-7.6	10.4	-7.6	10.4	
2.60156	-0.7	3466	10.2	17.9	-7.7	10.2	-7.7	10.2	
2.60547	-0.8	3466	9.9	17.9	-8.0	9.9	-8.0	9.9	
2.60938	-0.7	3465	10.2	17.9	-7.7	10.2	-7.7	10.2	
2.61328	-0.7	3465	10.4	17.9	-7.5	10.4	-7.5	10.4	
2.61719	-0.9	3465	10.3	17.9	-7.6	10.3	-7.6	10.3	
2.62109	-1.0	3465	9.9	17.8	-7.9	9.9	-7.9	9.9	
2.62500	-0.8	3465	9.9	17.9	-8.0	9.9	-8.0	9.9	
2.62891	-0.8	3465	10.3	17.9	-7.6	10.3	-7.6	10.3	
2.63281	-0.8	3465	10.4	17.8	-7.4	10.4	-7.4	10.4	
2.63672	-0.7	3465	10.2	17.8	-7.6	10.2	-7.6	10.2	
2.64062	-0.7	3465	9.9	17.8	-7.9	9.9	-7.9	9.9	
2.64453	-0.8	3465	9.9	17.8	-7.9	9.9	-7.9	9.9	
2.64844	-0.8	3465	10.1	17.8	-7.7	10.1	-7.7	10.1	
2.65234	-0.7	3465	10.2	17.8	-7.6	10.2	-7.6	10.2	
2.65625	-0.7	3465	10.1	17.7	-7.6	10.1	-7.6	10.1	
2.66016	-0.6	3465	10.0	17.7	-7.7	10.0	-7.7	10.0	
2.66406	-0.7	3465	9.9	17.8	-7.9	9.9	-7.9	9.9	
2.66797	-0.9	3465	9.8	17.8	-8.0	9.8	-8.0	9.8	
2.67188	-0.8	3465	9.9	17.8	-7.9	9.9	-7.9	9.9	
2.67578	-0.7	3465	10.1	17.8	-7.7	10.1	-7.7	10.1	
2.67969	-0.7	3465	10.0	17.8	-7.8	10.0	-7.8	10.0	
2.68359	-0.8	3465	9.8	17.8	-8.0	9.8	-8.0	9.8	
2.68750	-0.8	3464	9.8	17.8	-8.0	9.8	-8.0	9.8	
2.69141	-0.7	3464	9.8	17.8	-8.0	9.8	-8.0	9.8	
2.69531	-0.8	3464	9.8	17.8	-8.0	9.8	-8.0	9.8	
2.69922	-0.7	3464	9.9	17.9	-8.0	9.9	-8.0	9.9	
2.70312	-0.7	3464	9.9	17.9	-8.0	9.9	-8.0	9.9	
2.70703	-0.9	3464	9.8	17.8	-8.0	9.8	-8.0	9.8	
2.71094	-0.9	3464	9.7	17.8	-8.1	9.7	-8.1	9.7	
2.71484	-0.8	3464	9.7	17.9	-8.2	9.7	-8.2	9.7	
2.71875	-0.8	3464	9.7	17.9	-8.2	9.7	-8.2	9.7	
2.72266	-0.8	3464	9.8	17.8	-8.0	9.8	-8.0	9.8	
2.72656	-0.7	3464	9.8	17.8	-8.0	9.8	-8.0	9.8	
2.73047	-0.7	3464	9.8	17.8	-8.0	9.8	-8.0	9.8	
2.73438	-0.8	3464	9.8	17.9	-8.1	9.8	-8.1	9.8	
2.73828	-0.7	3464	9.8	17.8	-8.0	9.8	-8.0	9.8	
2.74219	-0.7	3464	9.8	17.8	-8.0	9.8	-8.0	9.8	
2.74609	-0.7	3464	9.9	17.8	-7.9	9.9	-7.9	9.9	
2.75000	-0.7	3464	10.0	17.8	-7.8	10.0	-7.8	10.0	
2.75391	-0.8	3464	9.9	17.8	-7.9	9.9	-7.9	9.9	
2.75781	-0.9	3464	9.8	17.8	-8.0	9.8	-8.0	9.8	
2.76172	-0.8	3464	9.8	17.8	-8.0	9.8	-8.0	9.8	
2.76562	-0.6	3463	9.9	17.9	-8.0	9.9	-8.0	9.9	
2.76953	-0.8	3463	10.0	17.8	-7.8	10.0	-7.8	10.0	
2.77344	-0.9	3463	10.0	17.8	-7.8	10.0	-7.8	10.0	
2.77734	-0.6	3463	9.9	17.9	-8.0	9.9	-8.0	9.9	
2.78125	-0.9	3463	9.9	17.9	-8.0	9.9	-8.0	9.9	
2.78516	-0.9	3463	10.0	17.9	-7.9	10.0	-7.9	10.0	
2.78906	-0.6	3463	10.0	17.9	-7.9	10.0	-7.9	10.0	
2.79297	-0.8	3463	10.0	17.9	-7.9	10.0	-7.9	10.0	
2.79688	-0.9	3463	10.0	17.9	-7.9	10.0	-7.9	10.0	
2.80078	-0.7	3463	10.0	17.9	-7.9	10.0	-7.9	10.0	
2.80469	-0.9	3463	10.0	18.0	-8.0	10.0	-8.0	10.0	
2.80859	-0.9	3463	10.0	18.0	-8.0	10.0	-8.0	10.0	
2.81250	-0.8	3463	10.1	18.0	-7.9	10.1	-7.9	10.1	
2.81641	-0.7	3463	10.1	18.0	-7.9	10.1	-7.9	10.1	
2.82031	-0.8	3463	10.1	18.0	-7.9	10.1	-7.9	10.1	
2.82422	-0.8	3463	10.2	18.0	-7.8	10.2	-7.8	10.2	
2.82812	-0.8	3463	10.2	18.0	-7.8	10.2	-7.8	10.2	
2.83203	-0.8	3463	10.2	18.1	-7.9	10.2	-7.9	10.2	
2.83594	-0.9	3463	10.2	18.1	-7.9	10.2	-7.9	10.2	
2.83984	-0.8	3462	10.2	18.1	-7.9	10.2	-7.9	10.2	
2.84375	-0.7	3462	10.2	18.1	-7.9	10.2	-7.9	10.2	
2.84766	-0.6	3462	10.2	18.1	-7.9	10.2	-7.9	10.2	
2.85156	-0.5	3462	10.2	18.0	-7.8	10.2	-7.8	10.2	
2.85547	-0.6	3462	10.2	18.1	-7.9	10.2	-7.9	10.2	
2.85938	-0.9	3462	10.2	18.0	-7.8	10.2	-7.8	10.2	
2.86328	-0.9	3462	10.1	18.0	-7.9	10.1	-7.9	10.1	
2.86719	-0.7	3462	10.0	18.0	-8.0	10.0	-8.0	10.0	
2.87109	-0.9	3462	10.1	18.0	-7.9	10.1	-7.9	10.1	
2.87500	-0.8	3462	10.1	17.9	-7.8	10.1	-7.8	10.1	
2.87891	-0.6	3462	10.0	17.9	-7.9	10.0	-7.9	10.0	
2.88281	-0.8	3462	9.8	17.8	-8.0	9.8	-8.0	9.8	
2.88672	-0.8	3462	9.7	17.8	-8.1	9.7	-8.1	9.7	
2.89062	-0.7	3462	9.8	17.8	-8.0	9.8	-8.0	9.8	
2.89453	-0.7	3462	9.9	17.8	-7.9	9.9	-7.9	9.9	
2.89844	-0.7	3462	9.9	17.8	-7.9	9.9	-7.9	9.9	
2.90234	-0.7	3462	9.9	17.7	-7.8	9.9	-7.8	9.9	
2.90625	-0.8	3462	9.8	17.7	-7.9	9.8	-7.9	9.8	
2.91016	-0.8	3462	9.7	17.7	-8.0	9.7	-8.0	9.7	
2.91406	-0.9	3462	9.8	17.7	-7.9	9.8	-7.9	9.8	
2.91797	-0.8	3461	9.8	17.6	-7.8	9.8	-7.8	9.8	
2.92188	-0.8	3461	9.8	17.6	-7.8	9.8	-7.8	9.8	
2.92578	-0.8	3461	9.8	17.6	-7.8	9.8	-7.8	9.8	
2.92969	-0.8	3461	9.8	17.6	-7.8	9.8	-7.8	9.8	
2.93359	-0.8	3461	9.8	17.5	-7.7	9.8	-7.7	9.8	
2.93750	-0.8	3461	9.8	17.5	-7.7	9.8	-7.7	9.8	
2.94141	-0.7	3461	9.9	17.5	-7.6	9.9	-7.6	9.9	
2.94531	-0.8	3461	9.9	17.5	-7.6	9.9	-7.6	9.9	
2.94922	-0.8	3461	10.0	17.5	-7.5	10.0	-7.5	10.0	
2.95312	-0.8	3461	10.0	17.5	-7.5	10.0	-7.5	10.0	
2.95703	-0.9	3461	9.9	17.5	-7.6	9.9	-7.6	9.9	
2.96094	-0.8	3461	10.0	17.5	-7.5	10.0	-7.5	10.0	
2.96484	-0.6	3461	10.0	17.5	-7.5	10.0	-7.5	10.0	
2.96875	-0.7	3461	10.0	17.4	-7.4	10.0	-7.4	10.0	
2.97266	-0.8	3461	10.0	17.4	-7.4	10.0	-7.4	10.0	
2.97656	-0.8	3461	10.0	17.5	-7.5	10.0	-7.5	10.0	
2.98047	-0.7	3461	10.0	17.5	-7.5	10.0	-7.5	10.0	
2.98438	-0.7	3461	10.1	17.5	-7.4	10.1	-7.4	10.1	
2.98828	-0.7	3461	10.1	17.5	-7.4	10.1	-7.4	10.1	
2.99219	-0.8	3461	10.1	17.5	-7.4	10.1	-7.4	10.1	
2.99609	-1.0	3460	10.1	17.5	-7.4	10.1	-7.4	10.1	
3.00000	-0.8	3460	10.1	17.5	-7.4	10.1	-7.4	10.1	
3.00391	-0.6	3460	10.2	17.5	-7.3	10.2	-7.3	10.2	
3.00781	-0.8	3460	10.2	17.5	-7.3	10.2	-7.3	10.2	
3.01172	-0.7	3460	10.2	17.5	-7.3	10.2	-7.3	10.2	
3.01562	-0.6	3460	10.2	17.5	-7.3	10.2	-7.3	10.2	
3.01953	-0.8	3460	10.2	17.5	-7.3	10.2	-7.3	10.2	
3.02344	-0.7	3460	10.2	17.5	-7.3	10.2	-7.3	10.2	
3.02734	-0.7	3460	10.3	17.6	-7.3	10.3	-7.3	10.3	
3.03125	-0.7	3460	10.3	17.6	-7.3	10.3	-7.3	10.3	
3.03516	-0.7	3460	10.3	17.5	-7.2	10.3	-7.2	10.3	
3.03906	-0.7	3460	10.3	17.6	-7.3	10.3	-7.3	10.3	
3.04297	-0.8	3460	10.2	17.6	-7.4	10.2	-7.4	10.2	
3.04688	-0.7	3460	10.3	17.6	-7.3	10.3	-7.3	10.3	
3.05078	-0.7	3460	10.3	17.7	-7.4	10.3	-7.4	10.3	
3.05469	-0.8	3460	10.3	17.7	-7.4	10.3	-7.4	10.3	
3.05859	-0.8	3460	10.3	17.7	-7.4	10.3	-7.4	10.3	
3.06250	-0.8	3460	10.3	17.7	-7.4	10.3	-7.4	10.3	
3.06641	-0.7	3460	10.3	17.8	-7.5	10.3	-7.5	10.3	
3.07031	-0.7	3460	10.3	17.8	-7.5	10.3	-7.5	10.3	
3.07422	-0.7	3460	10.3	17.8	-7.5	10.3	-7.5	10.3	
3.07812	-0.7	3459	10.4	17.8	-7.4	10.4	-7.4	10.4	
3.08203	-0.8	3459	10.4	17.9	-7.5	10.4	-7.5	10.4	
3.08594	-0.9	3459	10.3	17.9	-7.6	10.3	-7.6	10.3	
3.08984	-0.9	3459	10.4	17.8	-7.4	10.4	-7.4	10.4	
3.09375	-0.8	3459	10.3	17.9	-7.6	10.3	-7.6	10.3	
3.09766	-0.6	3459	10.3	18.0	-7.7	10.3	-7.7	10.3	
3.10156	-0.5	3459	10.4	18.0	-7.6	10.4	-7.6	10.4	
3.10547	-0.7	3459	10.3	18.0	-7.7	10.3	-7.7	10.3	
3.10938	-0.8	3459	10.3	18.0	-7.7	10.3	-7.7	10.3	
3.11328	-0.8	3459	10.4	18.0	-7.6	10.4	-7.6	10.4	
3.11719	-0.7	3459	10.3	18.1	-7.8	10.3	-7.8	10.3	
3.12109	-0.6	3459	10.3	18.1	-7.8	10.3	-7.8	10.3	
3.12500	-0.6	3459	10.3	18.1	-7.8	10.3	-7.8	10.3	
3.12891	-0.6	3459	10.3	18.1	-7.8	10.3	-7.8	10.3	
3.13281	-0.7	3459	10.2	18.1	-7.9	10.2	-7.9	10.2	
3.13672	-0.7	3459	10.3	18.2	-7.9	10.3	-7.9	10.3	
3.14062	-0.7	3459	10.3	18.2	-7.9	10.3	-7.9	10.3	
3.14453	-0.8	3459	10.2	18.2	-8.0	10.2	-8.0	10.2	
3.14844	-0.7	3459	10.2	18.2	-8.0	10.2	-8.0	10.2	
3.15234	-0.7	3459	10.2	18.2	-8.0	10.2	-8.0	10.2	
3.15625	-0.8	3459	10.1	18.2	-8.1	10.1	-8.1	10.1	
3.16016	-0.8	3459	10.1	18.2	-8.1	10.1	-8.1	10.1	
3.16406	-0.7	3458	10.1	18.2	-8.1	10.1	-8.1	10.1	
3.16797	-0.9	3458	10.1	18.2	-8.1	10.1	-8.1	10.1	
3.17188	-0.9	3458	10.1	18.2	-8.1	10.1	-8.1	10.1	
3.17578	-0.7	3458	10.1	18.2	-8.1	10.1	-8.1	10.1	
3.17969	-0.7	3458	10.1	18.2	-8.1	10.1	-8.1	10.1	
3.18359	-0.9	3458	10.1	18.1	-8.0	10.1	-8.0	10.1	
3.18750	-0.8	3458	10.2	18.1	-7.9	10.2	-7.9	10.2	
3.19141	-0.7	3458	10.1	18.1	-8.0	10.1	-8.0	10.1	
3.19531	-0.7	3458	10.1	18.1	-8.0	10.1	-8.0	10.1	
3.19922	-0.7	3458	10.1	18.0	-7.9	10.1	-7.9	10.1	
3.20312	-0.7	3458	10.1	18.0	-7.9	10.1	-7.9	10.1	
3.20703	-0.9	3458	10.1	18.0	-7.9	10.1	-7.9	10.1	
3.21094	-0.9	3458	10.1	18.0	-7.9	10.1	-7.9	10.1	
3.21484	-0.8	3458	10.1	17.9	-7.8	10.1	-7.8	10.1	
3.21875	-0.8	3458	10.1	17.9	-7.8	10.1	-7.8	10.1	
3.22266	-0.8	3458	10.1	17.9	-7.8	10.1	-7.8	10.1	
3.22656	-0.6	3458	10.1	17.9	-7.8	10.1	-7.8	10.1	
3.23047	-0.7	3458	10.1	17.7	-7.6	10.1	-7.6	10.1	
3.23438	-0.9	3458	10.1	17.7	-7.6	10.1	-7.6	10.1	
3.23828	-0.8	3457	10.1	17.7	-7.6	10.1	-7.6	10.1	
3.24219	-0.9	3457	10.1	17.7	-7.6	10.1	-7.6	10.1	
3.24609	-0.8	3457	10.1	17.6	-7.5	10.1	-7.5	10.1	
3.25000	-0.7	3457	10.1	17.6	-7.5	10.1	-7.5	10.1	
3.25391	-0.9	3457	10.1	17.6	-7.5	10.1	-7.5	10.1	
3.25781	-0.9	3457	10.1	17.6	-7.5	10.1	-7.5	10.1	
3.26172	-0.7	3457	10.1	17.6	-7.5	10.1	-7.5	10.1	
3.26562	-0.8	3457	10.1	17.5	-7.4	10.1	-7.4	10.1	
3.26953	-0.8	3457	10.1	17.4	-7.3	10.1	-7.3	10.1	
3.27344	-0.7	3457	10.1	17.5	-7.4	10.1	-7.4	10.1	
3.27734	-0.7	3457	10.1	17.5	-7.4	10.1	-7.4	10.1	
3.28125	-0.8	3457	10.1	17.4	-7.3	10.1	-7.3	10.1	
3.28516	-0.8	3457	10.1	17.5	-7.4	10.1	-7.4	10.1	
3.28906	-0.7	3457	10.1	17.4	-7.3	10.1	-7.3	10.1	
3.29297	-0.9	3457	10.0	17.4	-7.4	10.0	-7.4	10.0	
3.29688	-0.9	3457	10.1	17.4	-7.3	10.1	-7.3	10.1	
3.30078	-0.7	3457	10.1	17.4	-7.3	10.1	-7.3	10.1	
3.30469	-0.8	3457	10.0	17.3	-7.3	10.0	-7.3	10.0	
3.30859	-0.9	3457	10.1	17.4	-7.3	10.1	-7.3	10.1	
3.31250	-0.8	3456	10.0	17.4	-7.4	10.0	-7.4	10.0	
3.31641	-0.7	3456	10.1	17.3	-7.2	10.1	-7.2	10.1	
3.32031	-0.8	3456	10.1	17.3	-7.2	10.1	-7.2	10.1	
3.32422	-0.7	3456	10.0	17.4	-7.4	10.0	-7.4	10.0	
3.32812	-0.6	3456	10.0	17.4	-7.4	10.0	-7.4	10.0	
3.33203	-0.8	3456	10.0	17.3	-7.3	10.0	-7.3	10.0	
3.33594	-0.8	3456	10.0	17.3	-7.3	10.0	-7.3	10.0	
3.33984	-0.6	3456	10.1	17.4	-7.3	10.1	-7.3	10.1	
3.34375	-0.7	3456	10.0	17.3	-7.3	10.0	-7.3	10.0	
3.34766	-0.8	3456	10.0	17.3	-7.3	10.0	-7.3	10.0	
3.35156	-0.7	3456	10.0	17.2	-7.2	10.0	-7.2	10.0	
3.35547	-0.7	3456	10.0	17.3	-7.3	10.0	-7.3	10.0	
3.35938	-0.8	3456	10.1	17.3	-7.2	10.1	-7.2	10.1	
3.36328	-0.8	3456	10.1	17.3	-7.2	10.1	-7.2	10.1	
3.36719	-0.8	3456	10.0	17.3	-7.3	10.0	-7.3	10.0	
3.37109	-0.7	3456	10.0	17.3	-7.3	10.0	-7.3	10.0	
3.37500	-0.6	3456	10.1	17.3	-7.2	10.1	-7.2	10.1	
3.37891	-0.6	3456	10.1	17.3	-7.2	10.1	-7.2	10.1	
3.38281	-0.7	3456	10.1	17.3	-7.2	10.1	-7.2	10.1	
3.38672	-0.8	3456	10.0	17.3	-7.3	10.0	-7.3	10.0	
3.39062	-0.7	3456	10.0	17.3	-7.3	10.0	-7.3	10.0	
3.39453	-0.7	3456	10.1	17.3	-7.2	10.1	-7.2	10.1	
3.39844	-0.8	3455	10.1	17.3	-7.2	10.1	-7.2	10.1	
3.40234	-0.7	3455	10.0	17.3	-7.3	10.0	-7.3	10.0	
3.40625	-0.7	3455	10.0	17.3	-7.3	10.0	-7.3	10.0	
3.41016	-0.8	3455	10.0	17.3	-7.3	10.0	-7.3	10.0	
3.41406	-0.7	3455	10.1	17.3	-7.2	10.1	-7.2	10.1	
3.41797	-0.8	3455	10.1	17.3	-7.2	10.1	-7.2	10.1	
3.42188	-0.9	3455	10.0	17.3	-7.3	10.0	-7.3	10.0	
3.42578	-0.8	3455	10.1	17.3	-7.2	10.1	-7.2	10.1	
3.42969	-0.8	3455	10.1	17.3	-7.2	10.1	-7.2	10.1	
3.43359	-0.9	3455	10.0	17.2	-7.2	10.0	-7.2	10.0	
3.43750	-0.8	3455	10.1	17.2	-7.1	10.1	-7.1	10.1	
3.44141	-0.8	3455	10.1	17.3	-7.2	10.1	-7.2	10.1	
3.44531	-0.7	3455	10.1	17.3	-7.2	10.1	-7.2	10.1	
3.44922	-0.7	3455	10.1	17.3	-7.2	10.1	-7.2	10.1	
3.45312	-0.7	3455	10.1	17.3	-7.2	10.1	-7.2	10.1	
3.45703	-0.7	3455	10.1	17.3	-7.2	10.1	-7.2	10.1	
3.46094	-0.7	3455	10.0	17.3	-7.3	10.0	-7.3	10.0	
3.46484	-0.7	3455	10.0	17.3	-7.3	10.0	-7.3	10.0	
3.46875	-0.9	3455	10.0	17.3	-7.3	10.0	-7.3	10.0	
3.47266	-0.8	3455	10.1	17.3	-7.2	10.1	-7.2	10.1	
3.47656	-0.7	3454	10.1	17.4	-7.3	10.1	-7.3	10.1	
3.48047	-0.7	3454	10.0	17.3	-7.3	10.0	-7.3	10.0	
3.48438	-0.8	3454	10.0	17.3	-7.3	10.0	-7.3	10.0	
3.48828	-0.8	3454	10.1	17.3	-7.2	10.1	-7.2	10.1	
3.49219	-0.8	3454	10.0	17.4	-7.4	10.0	-7.4	10.0	
3.49609	-0.8	3454	10.0	17.4	-7.4	10.0	-7.4	10.0	
3.50000	-0.7	3454	10.1	17.4	-7.3	10.1	-7.3	10.1	
3.50391	-0.8	3454	10.1	17.4	-7.3	10.1	-7.3	10.1	
3.50781	-0.9	3454	10.0	17.4	-7.4	10.0	-7.4	10.0	
3.51172	-0.8	3454	10.0	17.5	-7.5	10.0	-7.5	10.0	
3.51562	-0.8	3454	10.0	17.5	-7.5	10.0	-7.5	10.0	
3.51953	-0.8	3454	10.0	17.5	-7.5	10.0	-7.5	10.0	
3.52344	-0.7	3454	10.1	17.6	-7.5	10.1	-7.5	10.1	
3.52734	-0.7	3454	10.0	17.6	-7.6	10.0	-7.6	10.0	
3.53125	-0.7	3454	10.1	17.6	-7.5	10.1	-7.5	10.1	
3.53516	-1.0	3454	9.9	17.6	-7.7	9.9	-7.7	9.9	
3.53906	-0.5	3454	10.1	17.6	-7.5	10.1	-7.5	10.1	
3.54297	-0.8	3454	10.1	17.6	-7.5	10.1	-7.5	10.1	
3.54688	-1.3	3454	9.7	17.6	-7.9	9.7	-7.9	9.7	
3.55078	-0.0	3454	10.5	17.6	-7.1	10.5	-7.1	10.5	
3.55469	-1.6	3453	9.4	17.6	-8.2	9.4	-8.2	9.4	
3.55859	-0.4	3453	10.3	17.6	-7.3	10.3	-7.3	10.3	
3.56250	8.5	3454	16.9	17.7	-0.8	16.9	-0.8	16.9	
3.56641	13.0	3455	18.9	17.6	1.3	18.9	1.3	18.9	
3.57031	17.9	3456	16.6	17.6	-1.0	16.6	-1.0	16.6	
3.57422	31.3	3458	15.5	17.6	-2.1	15.5	-2.1	15.5	
3.57812	33.9	3460	13.9	17.7	-3.8	13.9	-3.8	13.9	
3.58203	29.4	3462	14.6	17.7	-3.1	14.6	-3.1	14.6	
