FluxView - FluxMed acquisition system
Signal file
Serial Number	:
W version:	1.20h-OX-CO2	File version:	1.13
Sampling rate:	256 Hz
Time	Flow	Volume	Paw	Pes	Ptpulm	Pga	Ptdiaf	CO2	
0.00391	-0.2	155	15.2	17.4	-2.2	0.0	-17.4	0.0	
0.00781	-0.2	155	15.5	17.4	-1.9	0.0	-17.4	0.0	
0.01172	0.3	155	15.5	17.4	-1.9	0.0	-17.4	0.0	
0.01562	0.2	155	15.0	17.4	-2.4	0.0	-17.4	0.0	
0.01953	-0.3	155	14.7	17.4	-2.7	0.0	-17.4	0.0	
0.02344	-0.2	155	14.9	17.3	-2.4	0.0	-17.3	0.0	
0.02734	-0.1	155	15.0	17.3	-2.3	0.0	-17.3	0.0	
0.03125	-0.2	155	15.0	17.3	-2.3	0.0	-17.3	0.0	
0.03516	-0.1	155	15.1	17.3	-2.2	0.0	-17.3	0.0	
0.03906	-0.2	155	15.1	17.3	-2.2	0.0	-17.3	0.0	
0.04297	-0.3	155	15.1	17.3	-2.2	0.0	-17.3	0.0	
0.04688	-0.1	155	15.1	17.3	-2.2	0.0	-17.3	0.0	
0.05078	-0.2	155	15.0	17.2	-2.2	0.0	-17.2	0.0	
0.05469	-0.3	155	15.1	17.3	-2.2	0.0	-17.3	0.0	
0.05859	-0.1	155	15.1	17.2	-2.1	0.0	-17.2	0.0	
0.06250	-0.1	155	15.1	17.2	-2.1	0.0	-17.2	0.0	
0.06641	-0.2	155	15.0	17.2	-2.2	0.0	-17.2	0.0	
0.07031	-0.3	155	15.0	17.3	-2.3	0.0	-17.3	0.0	
0.07422	-0.3	155	15.1	17.3	-2.2	0.0	-17.3	0.0	
0.07812	-0.3	155	15.1	17.2	-2.1	0.0	-17.2	0.0	
0.08203	-0.2	155	15.1	17.2	-2.1	0.0	-17.2	0.0	
0.08594	-0.1	155	15.2	17.2	-2.0	0.0	-17.2	0.0	
0.08984	0.0	155	15.1	17.2	-2.1	0.0	-17.2	0.0	
0.09375	-0.1	155	15.1	17.2	-2.1	0.0	-17.2	0.0	
0.09766	-0.0	155	15.1	17.2	-2.1	0.0	-17.2	0.0	
0.10156	0.1	155	15.1	17.2	-2.1	0.0	-17.2	0.0	
0.10547	-0.1	155	15.0	17.2	-2.2	0.0	-17.2	0.0	
0.10938	-0.1	155	15.1	17.2	-2.1	0.0	-17.2	0.0	
0.11328	0.0	155	15.1	17.2	-2.1	0.0	-17.2	0.0	
0.11719	-0.1	155	15.1	17.2	-2.1	0.0	-17.2	0.0	
0.12109	-0.1	155	15.0	17.2	-2.2	0.0	-17.2	0.0	
0.12500	-0.0	155	15.0	17.2	-2.2	0.0	-17.2	0.0	
0.12891	-0.0	155	15.0	17.2	-2.2	0.0	-17.2	0.0	
0.13281	-0.1	155	15.0	17.2	-2.2	0.0	-17.2	0.0	
0.13672	-0.1	155	15.0	17.3	-2.3	0.0	-17.3	0.0	
0.14062	-0.1	155	15.0	17.3	-2.3	0.0	-17.3	0.0	
0.14453	-0.2	155	14.9	17.3	-2.4	0.0	-17.3	0.0	
0.14844	-0.3	155	15.0	17.3	-2.3	0.0	-17.3	0.0	
0.15234	-0.2	155	15.0	17.3	-2.3	0.0	-17.3	0.0	
0.15625	-0.2	155	15.0	17.4	-2.4	0.0	-17.4	0.0	
0.16016	-0.1	155	15.0	17.3	-2.3	0.0	-17.3	0.0	
0.16406	-0.1	155	15.0	17.3	-2.3	0.0	-17.3	0.0	
0.16797	-0.1	155	15.0	17.3	-2.3	0.0	-17.3	0.0	
0.17188	-0.3	155	15.0	17.3	-2.3	0.0	-17.3	0.0	
0.17578	-0.2	155	15.0	17.3	-2.3	0.0	-17.3	0.0	
0.17969	-0.2	155	15.0	17.4	-2.4	0.0	-17.4	0.0	
0.18359	-0.2	155	15.0	17.4	-2.4	0.0	-17.4	0.0	
0.18750	-0.1	155	15.0	17.4	-2.4	0.0	-17.4	0.0	
0.19141	-0.2	155	15.0	17.4	-2.4	0.0	-17.4	0.0	
0.19531	-0.3	155	15.0	17.5	-2.5	0.0	-17.5	0.0	
0.19922	-0.2	155	15.1	17.5	-2.4	0.0	-17.5	0.0	
0.20312	-0.1	155	15.1	17.5	-2.4	0.0	-17.5	0.0	
0.20703	-0.1	155	15.1	17.5	-2.4	0.0	-17.5	0.0	
0.21094	-0.1	155	15.2	17.6	-2.4	0.0	-17.6	0.0	
0.21484	-0.1	155	15.2	17.6	-2.4	0.0	-17.6	0.0	
0.21875	-0.2	155	15.1	17.6	-2.5	0.0	-17.6	0.0	
0.22266	-0.1	155	15.1	17.6	-2.5	0.0	-17.6	0.0	
0.22656	-0.1	155	15.1	17.6	-2.5	0.0	-17.6	0.0	
0.23047	-0.2	154	15.1	17.6	-2.5	0.0	-17.6	0.0	
0.23438	-0.2	154	15.1	17.7	-2.6	0.0	-17.7	0.0	
0.23828	-0.0	154	15.2	17.7	-2.5	0.0	-17.7	0.0	
0.24219	-0.1	154	15.2	17.7	-2.5	0.0	-17.7	0.0	
0.24609	-0.2	154	15.2	17.7	-2.5	0.0	-17.7	0.0	
0.25000	-0.1	154	15.1	17.8	-2.7	0.0	-17.8	0.0	
0.25391	-0.1	154	15.2	17.8	-2.6	0.0	-17.8	0.0	
0.25781	-0.2	154	15.1	17.8	-2.7	0.0	-17.8	0.0	
0.26172	-0.1	154	15.2	17.8	-2.6	0.0	-17.8	0.0	
0.26562	-0.1	154	15.2	17.9	-2.7	0.0	-17.9	0.0	
0.26953	-0.2	154	15.1	17.9	-2.8	0.0	-17.9	0.0	
0.27344	-0.1	154	15.2	17.9	-2.7	0.0	-17.9	0.0	
0.27734	0.0	154	15.2	18.0	-2.8	0.0	-18.0	0.0	
0.28125	-0.1	154	15.1	18.0	-2.9	0.0	-18.0	0.0	
0.28516	-0.0	154	15.2	18.0	-2.8	0.0	-18.0	0.0	
0.28906	0.0	154	15.2	18.1	-2.9	0.0	-18.1	0.0	
0.29297	-0.2	154	15.2	18.0	-2.8	0.0	-18.0	0.0	
0.29688	-0.1	154	15.1	18.1	-3.0	0.0	-18.1	0.0	
0.30078	0.0	154	15.1	18.1	-3.0	0.0	-18.1	0.0	
0.30469	-0.0	154	15.1	18.1	-3.0	0.0	-18.1	0.0	
0.30859	0.1	154	15.1	18.1	-3.0	0.0	-18.1	0.0	
0.31250	0.2	154	15.1	18.1	-3.0	0.0	-18.1	0.0	
0.31641	0.0	154	15.0	18.0	-3.0	0.0	-18.0	0.0	
0.32031	0.2	154	15.0	18.0	-3.0	0.0	-18.0	0.0	
0.32422	0.4	154	15.0	18.0	-3.0	0.0	-18.0	0.0	
0.32812	0.6	154	14.9	17.9	-3.0	0.0	-17.9	0.0	
0.33203	0.7	155	14.8	17.9	-3.1	0.0	-17.9	0.0	
0.33594	1.0	155	14.8	17.9	-3.1	0.0	-17.9	0.0	
0.33984	0.9	155	14.7	17.8	-3.1	0.0	-17.8	0.0	
0.34375	0.7	155	14.7	17.8	-3.1	0.0	-17.8	0.0	
0.34766	0.6	155	14.6	17.7	-3.1	0.0	-17.7	0.0	
0.35156	0.5	155	14.6	17.6	-3.0	0.0	-17.6	0.0	
0.35547	0.2	155	14.5	17.6	-3.1	0.0	-17.6	0.0	
0.35938	0.2	155	14.5	17.7	-3.2	0.0	-17.7	0.0	
0.36328	0.2	155	14.5	17.6	-3.1	0.0	-17.6	0.0	
0.36719	-0.2	155	14.5	17.5	-3.0	0.0	-17.5	0.0	
0.37109	-0.3	155	14.5	17.5	-3.0	0.0	-17.5	0.0	
0.37500	-0.2	155	14.5	17.5	-3.0	0.0	-17.5	0.0	
0.37891	-0.2	155	14.5	17.4	-2.9	0.0	-17.4	0.0	
0.38281	-0.4	155	14.6	17.4	-2.8	0.0	-17.4	0.0	
0.38672	-0.3	155	14.6	17.5	-2.9	0.0	-17.5	0.0	
0.39062	-0.4	155	14.6	17.4	-2.8	0.0	-17.4	0.0	
0.39453	-0.5	155	14.6	17.4	-2.8	0.0	-17.4	0.0	
0.39844	-0.4	155	14.7	17.4	-2.7	0.0	-17.4	0.0	
0.40234	-0.2	155	14.7	17.4	-2.7	0.0	-17.4	0.0	
0.40625	-0.3	155	14.7	17.4	-2.7	0.0	-17.4	0.0	
0.41016	-0.2	155	14.8	17.4	-2.6	0.0	-17.4	0.0	
0.41406	-0.1	155	14.8	17.3	-2.5	0.0	-17.3	0.0	
0.41797	-0.2	155	14.7	17.4	-2.7	0.0	-17.4	0.0	
0.42188	-0.1	155	14.8	17.4	-2.6	0.0	-17.4	0.0	
0.42578	0.0	155	14.8	17.4	-2.6	0.0	-17.4	0.0	
0.42969	-0.1	155	14.8	17.4	-2.6	0.0	-17.4	0.0	
0.43359	-0.1	155	14.8	17.4	-2.6	0.0	-17.4	0.0	
0.43750	0.1	155	14.8	17.4	-2.6	0.0	-17.4	0.0	
0.44141	-0.0	155	14.8	17.4	-2.6	0.0	-17.4	0.0	
0.44531	-0.2	155	14.8	17.4	-2.6	0.0	-17.4	0.0	
0.44922	-0.0	155	14.9	17.4	-2.5	0.0	-17.4	0.0	
0.45312	0.1	155	14.9	17.3	-2.4	0.0	-17.3	0.0	
0.45703	0.0	155	14.9	17.3	-2.4	0.0	-17.3	0.0	
0.46094	0.0	155	14.9	17.4	-2.5	0.0	-17.4	0.0	
0.46484	0.0	155	14.9	17.3	-2.4	0.0	-17.3	0.0	
0.46875	-0.1	155	14.8	17.3	-2.5	0.0	-17.3	0.0	
0.47266	-0.1	155	14.8	17.3	-2.5	0.0	-17.3	0.0	
0.47656	-0.1	155	14.9	17.3	-2.4	0.0	-17.3	0.0	
0.48047	-0.2	154	14.9	17.3	-2.4	0.0	-17.3	0.0	
0.48438	-0.1	154	14.9	17.3	-2.4	0.0	-17.3	0.0	
0.48828	-0.1	154	14.9	17.3	-2.4	0.0	-17.3	0.0	
0.49219	-0.2	154	14.9	17.3	-2.4	0.0	-17.3	0.0	
0.49609	-0.2	154	15.0	17.3	-2.3	0.0	-17.3	0.0	
0.50000	-0.2	154	15.0	17.3	-2.3	0.0	-17.3	0.0	
0.50391	-0.3	154	15.0	17.4	-2.4	0.0	-17.4	0.0	
0.50781	-0.4	154	15.1	17.3	-2.2	0.0	-17.3	0.0	
0.51172	-0.2	154	15.1	17.4	-2.3	0.0	-17.4	0.0	
0.51562	-0.3	154	15.1	17.4	-2.3	0.0	-17.4	0.0	
0.51953	-0.5	154	15.2	17.4	-2.2	0.0	-17.4	0.0	
0.52344	-0.3	154	15.2	17.4	-2.2	0.0	-17.4	0.0	
0.52734	-0.1	154	15.2	17.3	-2.1	0.0	-17.3	0.0	
0.53125	-0.3	154	15.2	17.4	-2.2	0.0	-17.4	0.0	
0.53516	-0.2	154	15.3	17.4	-2.1	0.0	-17.4	0.0	
0.53906	-0.0	154	15.3	17.3	-2.0	0.0	-17.3	0.0	
0.54297	-0.2	154	15.3	17.3	-2.0	0.0	-17.3	0.0	
0.54688	-0.2	154	15.3	17.3	-2.0	0.0	-17.3	0.0	
0.55078	-0.0	154	15.4	17.3	-1.9	0.0	-17.3	0.0	
0.55469	-0.1	154	15.4	17.3	-1.9	0.0	-17.3	0.0	
0.55859	-0.1	154	15.4	17.3	-1.9	0.0	-17.3	0.0	
0.56250	0.0	154	15.4	17.3	-1.9	0.0	-17.3	0.0	
0.56641	-0.1	154	15.4	17.3	-1.9	0.0	-17.3	0.0	
0.57031	-0.2	154	15.4	17.3	-1.9	0.0	-17.3	0.0	
0.57422	-0.0	154	15.3	17.3	-2.0	0.0	-17.3	0.0	
0.57812	0.1	154	15.4	17.3	-1.9	0.0	-17.3	0.0	
0.58203	-0.0	154	15.4	17.3	-1.9	0.0	-17.3	0.0	
0.58594	-0.0	154	15.4	17.3	-1.9	0.0	-17.3	0.0	
0.58984	-0.0	154	15.4	17.2	-1.8	0.0	-17.2	0.0	
0.59375	-0.2	154	15.4	17.2	-1.8	0.0	-17.2	0.0	
0.59766	-0.1	154	15.3	17.2	-1.9	0.0	-17.2	0.0	
0.60156	-0.0	154	15.4	17.2	-1.8	0.0	-17.2	0.0	
0.60547	-0.1	154	15.4	17.3	-1.9	0.0	-17.3	0.0	
0.60938	-0.1	154	15.4	17.3	-1.9	0.0	-17.3	0.0	
0.61328	-0.0	154	15.3	17.3	-2.0	0.0	-17.3	0.0	
0.61719	-0.2	154	15.3	17.3	-2.0	0.0	-17.3	0.0	
0.62109	-0.2	154	15.3	17.3	-2.0	0.0	-17.3	0.0	
0.62500	0.0	154	15.3	17.3	-2.0	0.0	-17.3	0.0	
0.62891	0.0	154	15.3	17.3	-2.0	0.0	-17.3	0.0	
0.63281	-0.0	154	15.3	17.3	-2.0	0.0	-17.3	0.0	
0.63672	0.2	154	15.3	17.3	-2.0	0.0	-17.3	0.0	
0.64062	0.1	154	15.3	17.3	-2.0	0.0	-17.3	0.0	
0.64453	-0.0	154	15.2	17.3	-2.1	0.0	-17.3	0.0	
0.64844	0.1	154	15.2	17.3	-2.1	0.0	-17.3	0.0	
0.65234	-0.0	154	15.3	17.3	-2.0	0.0	-17.3	0.0	
0.65625	-0.2	154	15.2	17.3	-2.1	0.0	-17.3	0.0	
0.66016	-0.0	154	15.2	17.4	-2.2	0.0	-17.4	0.0	
0.66406	-0.0	154	15.2	17.4	-2.2	0.0	-17.4	0.0	
0.66797	-0.1	154	15.2	17.4	-2.2	0.0	-17.4	0.0	
0.67188	-0.2	154	15.2	17.4	-2.2	0.0	-17.4	0.0	
0.67578	-0.2	154	15.2	17.4	-2.2	0.0	-17.4	0.0	
0.67969	-0.1	154	15.2	17.4	-2.2	0.0	-17.4	0.0	
0.68359	-0.2	154	15.2	17.5	-2.3	0.0	-17.5	0.0	
0.68750	-0.1	154	15.3	17.4	-2.1	0.0	-17.4	0.0	
0.69141	0.0	154	15.2	17.5	-2.3	0.0	-17.5	0.0	
0.69531	-0.2	154	15.2	17.5	-2.3	0.0	-17.5	0.0	
0.69922	-0.3	154	15.3	17.5	-2.2	0.0	-17.5	0.0	
0.70312	-0.1	154	15.3	17.5	-2.2	0.0	-17.5	0.0	
0.70703	-0.2	154	15.2	17.6	-2.4	0.0	-17.6	0.0	
0.71094	-0.1	154	15.3	17.6	-2.3	0.0	-17.6	0.0	
0.71484	-0.0	154	15.3	17.6	-2.3	0.0	-17.6	0.0	
0.71875	-0.2	154	15.3	17.6	-2.3	0.0	-17.6	0.0	
0.72266	-0.2	154	15.3	17.6	-2.3	0.0	-17.6	0.0	
0.72656	-0.1	154	15.3	17.7	-2.4	0.0	-17.7	0.0	
0.73047	-0.2	154	15.3	17.7	-2.4	0.0	-17.7	0.0	
0.73438	-0.1	154	15.4	17.7	-2.3	0.0	-17.7	0.0	
0.73828	-0.0	154	15.4	17.7	-2.3	0.0	-17.7	0.0	
0.74219	-0.1	154	15.4	17.8	-2.4	0.0	-17.8	0.0	
0.74609	-0.0	154	15.4	17.8	-2.4	0.0	-17.8	0.0	
0.75000	0.0	154	15.4	17.8	-2.4	0.0	-17.8	0.0	
0.75391	-0.2	154	15.4	17.8	-2.4	0.0	-17.8	0.0	
0.75781	-0.1	154	15.4	17.8	-2.4	0.0	-17.8	0.0	
0.76172	0.1	154	15.5	17.9	-2.4	0.0	-17.9	0.0	
0.76562	-0.0	154	15.4	17.9	-2.5	0.0	-17.9	0.0	
0.76953	-0.2	154	15.4	18.0	-2.6	0.0	-18.0	0.0	
0.77344	-0.1	154	15.5	18.0	-2.5	0.0	-18.0	0.0	
0.77734	-0.1	154	15.5	18.0	-2.5	0.0	-18.0	0.0	
0.78125	-0.1	154	15.5	18.0	-2.5	0.0	-18.0	0.0	
0.78516	0.0	154	15.5	18.1	-2.6	0.0	-18.1	0.0	
0.78906	0.0	154	15.5	18.1	-2.6	0.0	-18.1	0.0	
0.79297	-0.1	154	15.5	18.1	-2.6	0.0	-18.1	0.0	
0.79688	-0.1	154	15.5	18.2	-2.7	0.0	-18.2	0.0	
0.80078	-0.0	154	15.5	18.2	-2.7	0.0	-18.2	0.0	
0.80469	-0.0	154	15.5	18.2	-2.7	0.0	-18.2	0.0	
0.80859	-0.1	154	15.5	18.2	-2.7	0.0	-18.2	0.0	
0.81250	0.1	154	15.5	18.3	-2.8	0.0	-18.3	0.0	
0.81641	0.1	154	15.5	18.3	-2.8	0.0	-18.3	0.0	
0.82031	-0.1	154	15.4	18.2	-2.8	0.0	-18.2	0.0	
0.82422	0.2	154	15.4	18.2	-2.8	0.0	-18.2	0.0	
0.82812	0.2	154	15.4	18.3	-2.9	0.0	-18.3	0.0	
0.83203	0.2	154	15.3	18.2	-2.9	0.0	-18.2	0.0	
0.83594	0.6	154	15.2	18.2	-3.0	0.0	-18.2	0.0	
0.83984	1.0	154	15.2	18.2	-3.0	0.0	-18.2	0.0	
0.84375	1.1	154	15.1	18.1	-3.0	0.0	-18.1	0.0	
0.84766	1.2	154	15.0	18.0	-3.0	0.0	-18.0	0.0	
0.85156	1.3	154	15.0	18.0	-3.0	0.0	-18.0	0.0	
0.85547	1.2	154	15.0	18.0	-3.0	0.0	-18.0	0.0	
0.85938	1.1	154	14.9	17.9	-3.0	0.0	-17.9	0.0	
0.86328	1.0	155	14.9	17.8	-2.9	0.0	-17.8	0.0	
0.86719	0.7	155	14.8	17.8	-3.0	0.0	-17.8	0.0	
0.87109	0.5	155	14.7	17.8	-3.1	0.0	-17.8	0.0	
0.87500	0.3	155	14.7	17.7	-3.0	0.0	-17.7	0.0	
0.87891	0.0	155	14.7	17.7	-3.0	0.0	-17.7	0.0	
0.88281	-0.3	155	14.6	17.6	-3.0	0.0	-17.6	0.0	
0.88672	-0.2	155	14.7	17.6	-2.9	0.0	-17.6	0.0	
0.89062	-0.3	155	14.7	17.7	-3.0	0.0	-17.7	0.0	
0.89453	-0.4	155	14.7	17.6	-2.9	0.0	-17.6	0.0	
0.89844	-0.1	155	14.8	17.5	-2.7	0.0	-17.5	0.0	
0.90234	-0.2	155	14.8	17.6	-2.8	0.0	-17.6	0.0	
0.90625	-0.5	154	14.8	17.6	-2.8	0.0	-17.6	0.0	
0.91016	-0.5	154	14.8	17.6	-2.8	0.0	-17.6	0.0	
0.91406	-0.4	154	14.8	17.6	-2.8	0.0	-17.6	0.0	
0.91797	-0.4	154	14.8	17.5	-2.7	0.0	-17.5	0.0	
0.92188	-0.3	154	14.9	17.5	-2.6	0.0	-17.5	0.0	
0.92578	-0.1	154	14.9	17.5	-2.6	0.0	-17.5	0.0	
0.92969	-0.1	154	14.9	17.5	-2.6	0.0	-17.5	0.0	
0.93359	-0.2	154	14.9	17.6	-2.7	0.0	-17.6	0.0	
0.93750	-0.0	154	15.0	17.5	-2.5	0.0	-17.5	0.0	
0.94141	0.0	154	15.0	17.5	-2.5	0.0	-17.5	0.0	
0.94531	-0.2	154	15.0	17.5	-2.5	0.0	-17.5	0.0	
0.94922	-0.1	154	15.0	17.5	-2.5	0.0	-17.5	0.0	
0.95312	-0.0	154	15.0	17.5	-2.5	0.0	-17.5	0.0	
0.95703	-0.1	154	15.0	17.5	-2.5	0.0	-17.5	0.0	
0.96094	-0.1	154	15.0	17.5	-2.5	0.0	-17.5	0.0	
0.96484	-0.1	154	15.1	17.5	-2.4	0.0	-17.5	0.0	
0.96875	-0.2	154	15.1	17.5	-2.4	0.0	-17.5	0.0	
0.97266	-0.1	154	15.1	17.4	-2.3	0.0	-17.4	0.0	
0.97656	-0.1	154	15.1	17.5	-2.4	0.0	-17.5	0.0	
0.98047	-0.2	154	15.1	17.5	-2.4	0.0	-17.5	0.0	
0.98438	-0.2	154	15.2	17.5	-2.3	0.0	-17.5	0.0	
0.98828	-0.3	154	15.2	17.5	-2.3	0.0	-17.5	0.0	
0.99219	-0.4	154	15.2	17.4	-2.2	0.0	-17.4	0.0	
0.99609	-0.5	154	15.3	17.5	-2.2	0.0	-17.5	0.0	
1.00000	-0.6	154	15.4	17.5	-2.1	0.0	-17.5	0.0	
1.00391	-0.8	154	15.4	17.5	-2.1	0.0	-17.5	0.0	
1.00781	-1.1	154	15.6	17.5	-1.9	0.0	-17.5	0.0	
1.01172	-1.3	154	15.7	17.6	-1.9	0.0	-17.6	0.0	
1.01562	-1.7	154	15.8	17.6	-1.8	0.0	-17.6	0.0	
1.01953	-2.2	154	15.9	17.6	-1.7	0.0	-17.6	0.0	
1.02344	-2.3	154	16.0	17.7	-1.7	0.0	-17.7	0.0	
1.02734	-2.6	153	16.1	17.7	-1.6	0.0	-17.7	0.0	
1.03125	-2.9	153	16.3	17.7	-1.4	0.0	-17.7	0.0	
1.03516	-3.0	153	16.5	17.7	-1.2	0.0	-17.7	0.0	
1.03906	-3.0	153	16.7	17.8	-1.1	0.0	-17.8	0.0	
1.04297	-3.3	153	16.8	17.8	-1.0	0.0	-17.8	0.0	
1.04688	-3.7	152	17.0	17.9	-0.9	0.0	-17.9	0.0	
1.05078	-4.1	152	17.2	17.9	-0.7	0.0	-17.9	0.0	
1.05469	-4.3	152	17.4	17.9	-0.5	0.0	-17.9	0.0	
1.05859	-4.4	152	17.5	18.0	-0.5	0.0	-18.0	0.0	
1.06250	-4.8	151	17.8	18.1	-0.3	0.0	-18.1	0.0	
1.06641	-5.0	151	17.9	18.1	-0.2	0.0	-18.1	0.0	
1.07031	-4.7	151	18.1	18.2	-0.1	0.0	-18.2	0.0	
1.07422	-4.3	150	18.3	18.2	0.1	0.0	-18.2	0.0	
1.07812	-3.8	150	18.4	18.3	0.1	0.0	-18.3	0.0	
1.08203	-3.3	150	18.5	18.3	0.2	0.0	-18.3	0.0	
1.08594	-3.0	150	18.7	18.3	0.4	0.0	-18.3	0.0	
1.08984	-2.6	149	18.8	18.4	0.4	0.0	-18.4	0.0	
1.09375	-2.3	149	18.9	18.5	0.4	0.0	-18.5	0.0	
1.09766	-2.0	149	19.0	18.5	0.5	0.0	-18.5	0.0	
1.10156	-1.6	149	19.1	18.6	0.5	0.0	-18.6	0.0	
1.10547	-1.5	149	19.1	18.7	0.4	0.0	-18.7	0.0	
1.10938	-1.4	149	19.2	18.8	0.4	0.0	-18.8	0.0	
1.11328	-1.0	149	19.3	18.8	0.5	0.0	-18.8	0.0	
1.11719	-0.7	149	19.3	18.8	0.5	0.0	-18.8	0.0	
1.12109	-0.6	149	19.3	18.9	0.4	0.0	-18.9	0.0	
1.12500	-0.5	149	19.4	19.0	0.4	0.0	-19.0	0.0	
1.12891	-0.4	149	19.5	19.1	0.4	0.0	-19.1	0.0	
1.13281	-0.3	149	19.5	19.1	0.4	0.0	-19.1	0.0	
1.13672	-0.3	149	19.5	19.1	0.4	0.0	-19.1	0.0	
1.14062	-0.2	149	19.5	19.2	0.3	0.0	-19.2	0.0	
1.14453	-0.3	149	19.5	19.2	0.3	0.0	-19.2	0.0	
1.14844	-0.3	149	19.5	19.3	0.2	0.0	-19.3	0.0	
1.15234	-0.1	149	19.6	19.4	0.2	0.0	-19.4	0.0	
1.15625	-0.2	149	19.6	19.4	0.2	0.0	-19.4	0.0	
1.16016	-0.4	149	19.6	19.5	0.1	0.0	-19.5	0.0	
1.16406	-0.3	149	19.7	19.6	0.1	0.0	-19.6	0.0	
1.16797	-0.4	148	19.7	19.6	0.1	0.0	-19.6	0.0	
1.17188	-0.6	148	19.7	19.7	0.0	0.0	-19.7	0.0	
1.17578	-0.6	148	19.8	19.8	0.0	0.0	-19.8	0.0	
1.17969	-0.7	148	19.9	19.8	0.1	0.0	-19.8	0.0	
1.18359	-0.8	148	19.9	19.8	0.1	0.0	-19.8	0.0	
1.18750	-0.9	148	20.0	19.9	0.1	0.0	-19.9	0.0	
1.19141	-1.1	148	20.1	20.0	0.1	0.0	-20.0	0.0	
1.19531	-1.3	148	20.1	20.1	0.0	0.0	-20.1	0.0	
1.19922	-1.1	148	20.2	20.2	0.0	0.0	-20.2	0.0	
1.20312	-1.1	148	20.2	20.3	-0.1	0.0	-20.3	0.0	
1.20703	-1.3	148	20.3	20.3	0.0	0.0	-20.3	0.0	
1.21094	-1.2	148	20.4	20.4	0.0	0.0	-20.4	0.0	
1.21484	-1.2	148	20.5	20.5	0.0	0.0	-20.5	0.0	
1.21875	-1.4	148	20.6	20.6	0.0	0.0	-20.6	0.0	
1.22266	-1.3	148	20.7	20.7	0.0	0.0	-20.7	0.0	
1.22656	-1.1	147	20.7	20.8	-0.1	0.0	-20.8	0.0	
1.23047	-1.1	147	20.8	20.8	0.0	0.0	-20.8	0.0	
1.23438	-1.0	147	20.9	20.9	0.0	0.0	-20.9	0.0	
1.23828	-0.8	147	20.9	21.0	-0.1	0.0	-21.0	0.0	
1.24219	-0.7	147	21.0	21.0	0.0	0.0	-21.0	0.0	
1.24609	-0.6	147	21.0	21.1	-0.1	0.0	-21.1	0.0	
1.25000	-0.5	147	21.0	21.3	-0.3	0.0	-21.3	0.0	
1.25391	-0.4	147	21.1	21.3	-0.2	0.0	-21.3	0.0	
1.25781	-0.3	147	21.1	21.4	-0.3	0.0	-21.4	0.0	
1.26172	-0.1	147	21.1	21.5	-0.4	0.0	-21.5	0.0	
1.26562	-0.1	147	21.2	21.6	-0.4	0.0	-21.6	0.0	
1.26953	-0.2	147	21.2	21.6	-0.4	0.0	-21.6	0.0	
1.27344	-0.1	147	21.2	21.7	-0.5	0.0	-21.7	0.0	
1.27734	-0.1	147	21.2	21.8	-0.6	0.0	-21.8	0.0	
1.28125	-0.2	147	21.2	21.9	-0.7	0.0	-21.9	0.0	
1.28516	-0.3	147	21.2	21.9	-0.7	0.0	-21.9	0.0	
1.28906	-0.2	147	21.2	22.0	-0.8	0.0	-22.0	0.0	
1.29297	-0.2	147	21.2	22.1	-0.9	0.0	-22.1	0.0	
1.29688	-0.2	147	21.2	22.1	-0.9	0.0	-22.1	0.0	
1.30078	-0.1	147	21.2	22.2	-1.0	0.0	-22.2	0.0	
1.30469	-0.2	147	21.2	22.3	-1.1	0.0	-22.3	0.0	
1.30859	-0.3	147	21.3	22.4	-1.1	0.0	-22.4	0.0	
1.31250	-0.3	147	21.3	22.4	-1.1	0.0	-22.4	0.0	
1.31641	-0.3	147	21.4	22.5	-1.1	0.0	-22.5	0.0	
1.32031	-0.5	147	21.4	22.6	-1.2	0.0	-22.6	0.0	
1.32422	-0.3	147	21.4	22.7	-1.3	0.0	-22.7	0.0	
1.32812	-0.2	147	21.5	22.7	-1.2	0.0	-22.7	0.0	
1.33203	-0.4	147	21.5	22.8	-1.3	0.0	-22.8	0.0	
1.33594	-0.5	147	21.5	22.9	-1.4	0.0	-22.9	0.0	
1.33984	-0.4	147	21.5	22.9	-1.4	0.0	-22.9	0.0	
1.34375	-0.4	147	21.5	22.9	-1.4	0.0	-22.9	0.0	
1.34766	-0.3	147	21.6	23.0	-1.4	0.0	-23.0	0.0	
1.35156	-0.1	147	21.6	23.0	-1.4	0.0	-23.0	0.0	
1.35547	-0.2	147	21.6	23.0	-1.4	0.0	-23.0	0.0	
1.35938	-0.0	147	21.6	23.1	-1.5	0.0	-23.1	0.0	
1.36328	0.1	147	21.7	23.1	-1.4	0.0	-23.1	0.0	
1.36719	-0.2	147	21.6	23.1	-1.5	0.0	-23.1	0.0	
1.37109	-0.3	147	21.6	23.1	-1.5	0.0	-23.1	0.0	
1.37500	-0.1	147	21.7	23.1	-1.4	0.0	-23.1	0.0	
1.37891	-0.2	147	21.7	23.2	-1.5	0.0	-23.2	0.0	
1.38281	-0.3	147	21.7	23.3	-1.6	0.0	-23.3	0.0	
1.38672	-0.2	147	21.8	23.2	-1.4	0.0	-23.2	0.0	
1.39062	-0.2	147	21.8	23.2	-1.4	0.0	-23.2	0.0	
1.39453	-0.4	147	21.8	23.3	-1.5	0.0	-23.3	0.0	
1.39844	-0.4	147	21.8	23.3	-1.5	0.0	-23.3	0.0	
1.40234	-0.5	147	21.9	23.4	-1.5	0.0	-23.4	0.0	
1.40625	-0.6	147	21.9	23.4	-1.5	0.0	-23.4	0.0	
1.41016	-0.6	146	21.9	23.4	-1.5	0.0	-23.4	0.0	
1.41406	-0.7	146	22.0	23.4	-1.4	0.0	-23.4	0.0	
1.41797	-0.6	146	22.0	23.5	-1.5	0.0	-23.5	0.0	
1.42188	-0.6	146	22.0	23.5	-1.5	0.0	-23.5	0.0	
1.42578	-0.4	146	22.1	23.6	-1.5	0.0	-23.6	0.0	
1.42969	-0.2	146	22.1	23.6	-1.5	0.0	-23.6	0.0	
1.43359	-0.0	146	22.1	23.7	-1.6	0.0	-23.7	0.0	
1.43750	0.0	146	22.1	23.7	-1.6	0.0	-23.7	0.0	
1.44141	-0.0	146	22.1	23.7	-1.6	0.0	-23.7	0.0	
1.44531	0.0	146	22.1	23.8	-1.7	0.0	-23.8	0.0	
1.44922	0.1	146	22.1	23.8	-1.7	0.0	-23.8	0.0	
1.45312	0.1	146	22.0	23.8	-1.8	0.0	-23.8	0.0	
1.45703	0.1	146	22.0	23.8	-1.8	0.0	-23.8	0.0	
1.46094	0.3	146	21.9	23.8	-1.9	0.0	-23.8	0.0	
1.46484	0.4	146	21.9	23.8	-1.9	0.0	-23.8	0.0	
1.46875	0.4	146	21.8	23.8	-2.0	0.0	-23.8	0.0	
1.47266	0.6	146	21.8	23.9	-2.1	0.0	-23.9	0.0	
1.47656	0.7	146	21.7	23.9	-2.2	0.0	-23.9	0.0	
1.48047	0.6	147	21.6	23.9	-2.3	0.0	-23.9	0.0	
1.48438	0.7	147	21.5	23.9	-2.4	0.0	-23.9	0.0	
1.48828	0.8	147	21.5	23.9	-2.4	0.0	-23.9	0.0	
1.49219	0.7	147	21.5	23.8	-2.3	0.0	-23.8	0.0	
1.49609	0.7	147	21.4	23.9	-2.5	0.0	-23.9	0.0	
1.50000	0.8	147	21.4	23.9	-2.5	0.0	-23.9	0.0	
1.50391	0.7	147	21.3	23.8	-2.5	0.0	-23.8	0.0	
1.50781	0.5	147	21.2	23.8	-2.6	0.0	-23.8	0.0	
1.51172	0.5	147	21.2	23.8	-2.6	0.0	-23.8	0.0	
1.51562	0.4	147	21.1	23.8	-2.7	0.0	-23.8	0.0	
1.51953	0.1	147	21.1	23.8	-2.7	0.0	-23.8	0.0	
1.52344	0.1	147	21.1	23.8	-2.7	0.0	-23.8	0.0	
1.52734	0.1	147	21.1	23.8	-2.7	0.0	-23.8	0.0	
1.53125	-0.0	147	21.1	23.9	-2.8	0.0	-23.9	0.0	
1.53516	-0.1	147	21.1	23.9	-2.8	0.0	-23.9	0.0	
1.53906	-0.1	147	21.1	23.9	-2.8	0.0	-23.9	0.0	
1.54297	-0.1	147	21.1	23.8	-2.7	0.0	-23.8	0.0	
1.54688	-0.1	147	21.1	23.8	-2.7	0.0	-23.8	0.0	
1.55078	-0.3	147	21.2	23.8	-2.6	0.0	-23.8	0.0	
1.55469	-0.4	147	21.2	23.8	-2.6	0.0	-23.8	0.0	
1.55859	-0.4	147	21.3	23.8	-2.5	0.0	-23.8	0.0	
1.56250	-0.5	147	21.3	23.7	-2.4	0.0	-23.7	0.0	
1.56641	-0.7	147	21.3	23.8	-2.5	0.0	-23.8	0.0	
1.57031	-0.8	147	21.4	23.8	-2.4	0.0	-23.8	0.0	
1.57422	-0.7	147	21.4	23.7	-2.3	0.0	-23.7	0.0	
1.57812	-0.8	147	21.5	23.7	-2.2	0.0	-23.7	0.0	
1.58203	-1.0	147	21.6	23.7	-2.1	0.0	-23.7	0.0	
1.58594	-1.0	146	21.7	23.7	-2.0	0.0	-23.7	0.0	
1.58984	-1.0	146	21.8	23.7	-1.9	0.0	-23.7	0.0	
1.59375	-1.1	146	21.8	23.7	-1.9	0.0	-23.7	0.0	
1.59766	-1.0	146	21.9	23.7	-1.8	0.0	-23.7	0.0	
1.60156	-0.9	146	22.0	23.7	-1.7	0.0	-23.7	0.0	
1.60547	-1.1	146	22.0	23.7	-1.7	0.0	-23.7	0.0	
1.60938	-1.0	146	22.1	23.7	-1.6	0.0	-23.7	0.0	
1.61328	-0.9	146	22.2	23.7	-1.5	0.0	-23.7	0.0	
1.61719	-1.1	146	22.2	23.7	-1.5	0.0	-23.7	0.0	
1.62109	-1.0	146	22.3	23.7	-1.4	0.0	-23.7	0.0	
1.62500	-0.8	146	22.4	23.7	-1.3	0.0	-23.7	0.0	
1.62891	-0.8	146	22.4	23.7	-1.3	0.0	-23.7	0.0	
1.63281	-0.6	146	22.5	23.7	-1.2	0.0	-23.7	0.0	
1.63672	-0.5	146	22.6	23.8	-1.2	0.0	-23.8	0.0	
1.64062	-0.5	146	22.6	23.8	-1.2	0.0	-23.8	0.0	
1.64453	-0.4	146	22.6	23.8	-1.2	0.0	-23.8	0.0	
1.64844	-0.3	146	22.6	23.8	-1.2	0.0	-23.8	0.0	
1.65234	-0.2	146	22.7	23.8	-1.1	0.0	-23.8	0.0	
1.65625	-0.2	146	22.7	23.8	-1.1	0.0	-23.8	0.0	
1.66016	-0.1	146	22.8	23.9	-1.1	0.0	-23.9	0.0	
1.66406	0.1	146	22.8	23.9	-1.1	0.0	-23.9	0.0	
1.66797	-0.1	146	22.7	23.9	-1.2	0.0	-23.9	0.0	
1.67188	-0.2	146	22.7	23.9	-1.2	0.0	-23.9	0.0	
1.67578	0.1	146	22.8	24.0	-1.2	0.0	-24.0	0.0	
1.67969	-0.0	146	22.8	24.0	-1.2	0.0	-24.0	0.0	
1.68359	-0.1	146	22.8	24.1	-1.3	0.0	-24.1	0.0	
1.68750	-0.0	146	22.8	24.1	-1.3	0.0	-24.1	0.0	
1.69141	-0.1	146	22.8	24.1	-1.3	0.0	-24.1	0.0	
1.69531	-0.2	146	22.7	24.2	-1.5	0.0	-24.2	0.0	
1.69922	-0.0	146	22.8	24.2	-1.4	0.0	-24.2	0.0	
1.70312	-0.2	146	22.8	24.2	-1.4	0.0	-24.2	0.0	
1.70703	-0.3	146	22.8	24.2	-1.4	0.0	-24.2	0.0	
1.71094	-0.1	146	22.8	24.3	-1.5	0.0	-24.3	0.0	
1.71484	-0.1	146	22.9	24.3	-1.4	0.0	-24.3	0.0	
1.71875	-0.2	145	22.8	24.3	-1.5	0.0	-24.3	0.0	
1.72266	-0.1	145	22.8	24.4	-1.6	0.0	-24.4	0.0	
1.72656	-0.3	145	22.9	24.4	-1.5	0.0	-24.4	0.0	
1.73047	-0.3	145	22.9	24.4	-1.5	0.0	-24.4	0.0	
1.73438	-0.1	145	22.9	24.5	-1.6	0.0	-24.5	0.0	
1.73828	-0.2	145	23.0	24.5	-1.5	0.0	-24.5	0.0	
1.74219	-0.4	145	23.0	24.6	-1.6	0.0	-24.6	0.0	
1.74609	-0.4	145	23.1	24.6	-1.5	0.0	-24.6	0.0	
1.75000	-0.4	145	23.1	24.6	-1.5	0.0	-24.6	0.0	
1.75391	-0.5	145	23.2	24.6	-1.4	0.0	-24.6	0.0	
1.75781	-0.5	145	23.2	24.7	-1.5	0.0	-24.7	0.0	
1.76172	-0.5	145	23.3	24.8	-1.5	0.0	-24.8	0.0	
1.76562	-0.5	145	23.3	24.8	-1.5	0.0	-24.8	0.0	
1.76953	-0.5	145	23.3	24.8	-1.5	0.0	-24.8	0.0	
1.77344	-0.5	145	23.4	24.9	-1.5	0.0	-24.9	0.0	
1.77734	-0.6	145	23.5	24.9	-1.4	0.0	-24.9	0.0	
1.78125	-0.6	145	23.5	25.0	-1.5	0.0	-25.0	0.0	
1.78516	-0.4	145	23.6	25.0	-1.4	0.0	-25.0	0.0	
1.78906	-0.4	145	23.7	25.1	-1.4	0.0	-25.1	0.0	
1.79297	-0.7	145	23.7	25.1	-1.4	0.0	-25.1	0.0	
1.79688	-0.7	145	23.8	25.2	-1.4	0.0	-25.2	0.0	
1.80078	-0.5	145	23.8	25.3	-1.5	0.0	-25.3	0.0	
1.80469	-0.7	145	23.9	25.3	-1.4	0.0	-25.3	0.0	
1.80859	-0.7	145	23.9	25.4	-1.5	0.0	-25.4	0.0	
1.81250	-0.6	145	24.0	25.4	-1.4	0.0	-25.4	0.0	
1.81641	-0.7	145	24.0	25.4	-1.4	0.0	-25.4	0.0	
1.82031	-0.7	145	24.0	25.5	-1.5	0.0	-25.5	0.0	
1.82422	-0.4	145	24.1	25.6	-1.5	0.0	-25.6	0.0	
1.82812	-0.4	145	24.1	25.6	-1.5	0.0	-25.6	0.0	
1.83203	-0.5	145	24.2	25.7	-1.5	0.0	-25.7	0.0	
1.83594	-0.5	145	24.2	25.8	-1.6	0.0	-25.8	0.0	
1.83984	-0.4	145	24.3	25.8	-1.5	0.0	-25.8	0.0	
1.84375	-0.4	145	24.3	25.9	-1.6	0.0	-25.9	0.0	
1.84766	-0.3	144	24.2	25.9	-1.7	0.0	-25.9	0.0	
1.85156	-0.2	144	24.3	25.9	-1.6	0.0	-25.9	0.0	
1.85547	-0.0	144	24.3	25.9	-1.6	0.0	-25.9	0.0	
1.85938	0.1	144	24.3	26.0	-1.7	0.0	-26.0	0.0	
1.86328	0.1	144	24.2	26.0	-1.8	0.0	-26.0	0.0	
1.86719	0.1	144	24.2	26.0	-1.8	0.0	-26.0	0.0	
1.87109	0.1	144	24.1	26.0	-1.9	0.0	-26.0	0.0	
1.87500	0.2	145	24.1	26.0	-1.9	0.0	-26.0	0.0	
1.87891	0.4	145	24.0	26.0	-2.0	0.0	-26.0	0.0	
1.88281	0.5	145	24.0	26.0	-2.0	0.0	-26.0	0.0	
1.88672	0.6	145	23.9	26.0	-2.1	0.0	-26.0	0.0	
1.89062	0.4	145	23.9	25.9	-2.0	0.0	-25.9	0.0	
1.89453	0.1	145	23.9	25.9	-2.0	0.0	-25.9	0.0	
1.89844	0.2	145	23.8	25.9	-2.1	0.0	-25.9	0.0	
1.90234	0.1	145	23.8	26.0	-2.2	0.0	-26.0	0.0	
1.90625	-0.1	145	23.8	26.0	-2.2	0.0	-26.0	0.0	
1.91016	-0.0	145	23.8	26.0	-2.2	0.0	-26.0	0.0	
1.91406	-0.1	145	23.8	26.0	-2.2	0.0	-26.0	0.0	
1.91797	-0.2	145	23.8	26.0	-2.2	0.0	-26.0	0.0	
1.92188	-0.1	145	23.8	26.0	-2.2	0.0	-26.0	0.0	
1.92578	-0.1	145	23.8	26.0	-2.2	0.0	-26.0	0.0	
1.92969	-0.2	145	23.9	26.1	-2.2	0.0	-26.1	0.0	
1.93359	-0.2	145	23.8	26.0	-2.2	0.0	-26.0	0.0	
1.93750	-0.0	145	23.9	26.1	-2.2	0.0	-26.1	0.0	
1.94141	-0.2	145	23.9	26.1	-2.2	0.0	-26.1	0.0	
1.94531	-0.3	145	23.8	26.0	-2.2	0.0	-26.0	0.0	
1.94922	-0.0	145	23.8	26.1	-2.3	0.0	-26.1	0.0	
1.95312	0.1	145	23.9	26.1	-2.2	0.0	-26.1	0.0	
1.95703	0.1	145	23.8	26.1	-2.3	0.0	-26.1	0.0	
1.96094	0.1	145	23.9	26.1	-2.2	0.0	-26.1	0.0	
1.96484	0.1	145	23.9	26.2	-2.3	0.0	-26.2	0.0	
1.96875	0.0	145	23.8	26.2	-2.4	0.0	-26.2	0.0	
1.97266	0.1	145	23.8	26.2	-2.4	0.0	-26.2	0.0	
1.97656	0.2	145	23.7	26.2	-2.5	0.0	-26.2	0.0	
1.98047	0.2	145	23.7	26.2	-2.5	0.0	-26.2	0.0	
1.98438	0.2	145	23.6	26.2	-2.6	0.0	-26.2	0.0	
1.98828	0.2	145	23.6	26.2	-2.6	0.0	-26.2	0.0	
1.99219	0.2	145	23.6	26.2	-2.6	0.0	-26.2	0.0	
1.99609	0.2	145	23.5	26.2	-2.7	0.0	-26.2	0.0	
2.00000	0.3	145	23.5	26.1	-2.6	0.0	-26.1	0.0	
2.00391	0.3	145	23.5	26.2	-2.7	0.0	-26.2	0.0	
2.00781	0.2	145	23.4	26.2	-2.8	0.0	-26.2	0.0	
2.01172	0.3	145	23.4	26.1	-2.7	0.0	-26.1	0.0	
2.01562	0.2	145	23.4	26.1	-2.7	0.0	-26.1	0.0	
2.01953	0.0	145	23.4	26.1	-2.7	0.0	-26.1	0.0	
2.02344	0.0	145	23.3	26.1	-2.8	0.0	-26.1	0.0	
2.02734	-0.1	145	23.3	26.1	-2.8	0.0	-26.1	0.0	
2.03125	-0.2	145	23.3	26.1	-2.8	0.0	-26.1	0.0	
2.03516	-0.1	145	23.4	26.2	-2.8	0.0	-26.2	0.0	
2.03906	-0.3	145	23.4	26.2	-2.8	0.0	-26.2	0.0	
2.04297	-0.4	145	23.4	26.2	-2.8	0.0	-26.2	0.0	
2.04688	-0.4	145	23.4	26.2	-2.8	0.0	-26.2	0.0	
2.05078	-0.6	145	23.5	26.2	-2.7	0.0	-26.2	0.0	
2.05469	-0.8	145	23.5	26.2	-2.7	0.0	-26.2	0.0	
2.05859	-1.0	145	23.6	26.2	-2.6	0.0	-26.2	0.0	
2.06250	-1.1	144	23.7	26.2	-2.5	0.0	-26.2	0.0	
2.06641	-1.2	144	23.7	26.1	-2.4	0.0	-26.1	0.0	
2.07031	-1.1	144	23.7	26.1	-2.4	0.0	-26.1	0.0	
2.07422	-0.8	144	23.8	26.1	-2.3	0.0	-26.1	0.0	
2.07812	-0.8	144	23.8	26.1	-2.3	0.0	-26.1	0.0	
2.08203	-0.6	144	23.9	26.1	-2.2	0.0	-26.1	0.0	
2.08594	-0.3	144	24.0	26.1	-2.1	0.0	-26.1	0.0	
2.08984	-0.3	144	24.0	26.1	-2.1	0.0	-26.1	0.0	
2.09375	-0.4	144	24.0	26.0	-2.0	0.0	-26.0	0.0	
2.09766	-0.2	144	24.0	26.0	-2.0	0.0	-26.0	0.0	
2.10156	0.1	144	24.0	26.0	-2.0	0.0	-26.0	0.0	
2.10547	0.1	144	24.0	26.0	-2.0	0.0	-26.0	0.0	
2.10938	0.1	144	24.0	26.0	-2.0	0.0	-26.0	0.0	
2.11328	0.2	144	24.0	26.0	-2.0	0.0	-26.0	0.0	
2.11719	0.1	144	24.0	25.9	-1.9	0.0	-25.9	0.0	
2.12109	0.0	144	24.0	25.9	-1.9	0.0	-25.9	0.0	
2.12500	0.1	144	24.0	25.9	-1.9	0.0	-25.9	0.0	
2.12891	0.1	144	24.0	25.9	-1.9	0.0	-25.9	0.0	
2.13281	0.0	144	24.0	25.9	-1.9	0.0	-25.9	0.0	
2.13672	0.2	144	23.9	25.9	-2.0	0.0	-25.9	0.0	
2.14062	0.2	144	23.8	25.9	-2.1	0.0	-25.9	0.0	
2.14453	0.1	144	23.8	25.8	-2.0	0.0	-25.8	0.0	
2.14844	0.1	144	23.8	25.8	-2.0	0.0	-25.8	0.0	
2.15234	0.1	144	23.8	25.8	-2.0	0.0	-25.8	0.0	
2.15625	0.1	144	23.8	25.8	-2.0	0.0	-25.8	0.0	
2.16016	0.2	144	23.7	25.8	-2.1	0.0	-25.8	0.0	
2.16406	0.3	144	23.8	25.9	-2.1	0.0	-25.9	0.0	
2.16797	0.1	144	23.7	25.9	-2.2	0.0	-25.9	0.0	
2.17188	0.0	144	23.6	25.8	-2.2	0.0	-25.8	0.0	
2.17578	0.2	144	23.6	25.8	-2.2	0.0	-25.8	0.0	
2.17969	0.1	144	23.6	25.8	-2.2	0.0	-25.8	0.0	
2.18359	0.0	144	23.6	25.8	-2.2	0.0	-25.8	0.0	
2.18750	0.2	144	23.7	25.8	-2.1	0.0	-25.8	0.0	
2.19141	-0.0	144	23.6	25.9	-2.3	0.0	-25.9	0.0	
2.19531	-0.2	144	23.6	25.8	-2.2	0.0	-25.8	0.0	
2.19922	-0.0	144	23.6	25.8	-2.2	0.0	-25.8	0.0	
2.20312	-0.2	144	23.6	25.8	-2.2	0.0	-25.8	0.0	
2.20703	-0.1	144	23.5	25.8	-2.3	0.0	-25.8	0.0	
2.21094	-0.0	144	23.6	25.8	-2.2	0.0	-25.8	0.0	
2.21484	-0.2	144	23.6	25.8	-2.2	0.0	-25.8	0.0	
2.21875	-0.2	144	23.6	25.8	-2.2	0.0	-25.8	0.0	
2.22266	-0.2	144	23.6	25.8	-2.2	0.0	-25.8	0.0	
2.22656	-0.1	144	23.6	25.9	-2.3	0.0	-25.9	0.0	
2.23047	-0.1	144	23.6	25.9	-2.3	0.0	-25.9	0.0	
2.23438	-0.1	144	23.6	25.8	-2.2	0.0	-25.8	0.0	
2.23828	-0.0	144	23.7	25.8	-2.1	0.0	-25.8	0.0	
2.24219	-0.1	144	23.7	25.9	-2.2	0.0	-25.9	0.0	
2.24609	-0.3	144	23.7	25.9	-2.2	0.0	-25.9	0.0	
2.25000	-0.2	144	23.7	26.0	-2.3	0.0	-26.0	0.0	
2.25391	-0.1	144	23.7	26.0	-2.3	0.0	-26.0	0.0	
2.25781	-0.2	144	23.7	26.0	-2.3	0.0	-26.0	0.0	
2.26172	-0.1	144	23.8	26.0	-2.2	0.0	-26.0	0.0	
2.26562	-0.0	144	23.8	26.0	-2.2	0.0	-26.0	0.0	
2.26953	-0.1	144	23.7	25.9	-2.2	0.0	-25.9	0.0	
2.27344	-0.1	144	23.7	26.0	-2.3	0.0	-26.0	0.0	
2.27734	-0.1	144	23.8	26.0	-2.2	0.0	-26.0	0.0	
2.28125	-0.1	144	23.8	26.1	-2.3	0.0	-26.1	0.0	
2.28516	-0.0	144	23.8	26.1	-2.3	0.0	-26.1	0.0	
2.28906	-0.1	144	23.8	26.0	-2.2	0.0	-26.0	0.0	
2.29297	-0.2	144	23.8	26.1	-2.3	0.0	-26.1	0.0	
2.29688	-0.1	144	23.8	26.1	-2.3	0.0	-26.1	0.0	
2.30078	-0.2	144	23.9	26.1	-2.2	0.0	-26.1	0.0	
2.30469	-0.3	144	23.8	26.2	-2.4	0.0	-26.2	0.0	
2.30859	-0.1	144	23.9	26.2	-2.3	0.0	-26.2	0.0	
2.31250	-0.2	144	23.9	26.2	-2.3	0.0	-26.2	0.0	
2.31641	-0.5	144	23.9	26.2	-2.3	0.0	-26.2	0.0	
2.32031	-0.6	144	23.9	26.3	-2.4	0.0	-26.3	0.0	
2.32422	-0.6	144	24.0	26.3	-2.3	0.0	-26.3	0.0	
2.32812	-0.7	144	24.1	26.3	-2.2	0.0	-26.3	0.0	
2.33203	-0.7	144	24.1	26.3	-2.2	0.0	-26.3	0.0	
2.33594	-0.7	144	24.2	26.4	-2.2	0.0	-26.4	0.0	
2.33984	-0.8	144	24.3	26.4	-2.1	0.0	-26.4	0.0	
2.34375	-0.9	144	24.3	26.5	-2.2	0.0	-26.5	0.0	
2.34766	-1.0	144	24.4	26.5	-2.1	0.0	-26.5	0.0	
2.35156	-0.9	143	24.5	26.6	-2.1	0.0	-26.6	0.0	
2.35547	-0.8	143	24.5	26.6	-2.1	0.0	-26.6	0.0	
2.35938	-0.6	143	24.6	26.6	-2.0	0.0	-26.6	0.0	
2.36328	-0.3	143	24.6	26.6	-2.0	0.0	-26.6	0.0	
2.36719	-0.2	143	24.6	26.6	-2.0	0.0	-26.6	0.0	
2.37109	-0.0	143	24.6	26.7	-2.1	0.0	-26.7	0.0	
2.37500	0.3	143	24.6	26.7	-2.1	0.0	-26.7	0.0	
2.37891	0.3	143	24.6	26.7	-2.1	0.0	-26.7	0.0	
2.38281	0.2	143	24.6	26.7	-2.1	0.0	-26.7	0.0	
2.38672	0.3	143	24.6	26.7	-2.1	0.0	-26.7	0.0	
2.39062	0.5	143	24.6	26.7	-2.1	0.0	-26.7	0.0	
2.39453	0.5	144	24.5	26.7	-2.2	0.0	-26.7	0.0	
2.39844	0.7	144	24.4	26.6	-2.2	0.0	-26.6	0.0	
2.40234	1.0	144	24.3	26.6	-2.3	0.0	-26.6	0.0	
2.40625	0.7	144	24.3	26.5	-2.2	0.0	-26.5	0.0	
2.41016	0.5	144	24.3	26.5	-2.2	0.0	-26.5	0.0	
2.41406	0.4	144	24.2	26.5	-2.3	0.0	-26.5	0.0	
2.41797	0.1	144	24.2	26.5	-2.3	0.0	-26.5	0.0	
2.42188	-0.1	144	24.2	26.5	-2.3	0.0	-26.5	0.0	
2.42578	-0.0	144	24.2	26.4	-2.2	0.0	-26.4	0.0	
2.42969	-0.1	144	24.2	26.5	-2.3	0.0	-26.5	0.0	
2.43359	-0.3	144	24.2	26.5	-2.3	0.0	-26.5	0.0	
2.43750	-0.2	144	24.3	26.5	-2.2	0.0	-26.5	0.0	
2.44141	-0.3	144	24.3	26.5	-2.2	0.0	-26.5	0.0	
2.44531	-0.6	144	24.2	26.5	-2.3	0.0	-26.5	0.0	
2.44922	-0.7	144	24.3	26.5	-2.2	0.0	-26.5	0.0	
2.45312	-0.8	144	24.4	26.5	-2.1	0.0	-26.5	0.0	
2.45703	-1.0	143	24.4	26.5	-2.1	0.0	-26.5	0.0	
2.46094	-0.9	143	24.5	26.6	-2.1	0.0	-26.6	0.0	
2.46484	-0.8	143	24.6	26.6	-2.0	0.0	-26.6	0.0	
2.46875	-0.9	143	24.6	26.6	-2.0	0.0	-26.6	0.0	
2.47266	-0.8	143	24.6	26.6	-2.0	0.0	-26.6	0.0	
2.47656	-0.4	143	24.7	26.6	-1.9	0.0	-26.6	0.0	
2.48047	-0.3	143	24.7	26.7	-2.0	0.0	-26.7	0.0	
2.48438	-0.2	143	24.7	26.7	-2.0	0.0	-26.7	0.0	
2.48828	0.1	143	24.8	26.7	-1.9	0.0	-26.7	0.0	
2.49219	0.0	143	24.8	26.7	-1.9	0.0	-26.7	0.0	
2.49609	-0.0	143	24.7	26.7	-2.0	0.0	-26.7	0.0	
2.50000	0.1	143	24.7	26.7	-2.0	0.0	-26.7	0.0	
2.50391	0.1	143	24.7	26.7	-2.0	0.0	-26.7	0.0	
2.50781	0.2	143	24.7	26.7	-2.0	0.0	-26.7	0.0	
2.51172	0.2	143	24.7	26.7	-2.0	0.0	-26.7	0.0	
2.51562	0.1	143	24.6	26.8	-2.2	0.0	-26.8	0.0	
2.51953	0.1	143	24.6	26.8	-2.2	0.0	-26.8	0.0	
2.52344	0.2	143	24.6	26.8	-2.2	0.0	-26.8	0.0	
2.52734	0.2	143	24.6	26.7	-2.1	0.0	-26.7	0.0	
2.53125	0.2	143	24.5	26.7	-2.2	0.0	-26.7	0.0	
2.53516	0.2	143	24.5	26.7	-2.2	0.0	-26.7	0.0	
2.53906	0.1	143	24.5	26.8	-2.3	0.0	-26.8	0.0	
2.54297	0.0	143	24.5	26.9	-2.4	0.0	-26.9	0.0	
2.54688	-0.1	143	24.5	26.8	-2.3	0.0	-26.8	0.0	
2.55078	-0.2	143	24.5	26.8	-2.3	0.0	-26.8	0.0	
2.55469	-0.2	143	24.5	26.9	-2.4	0.0	-26.9	0.0	
2.55859	-0.2	143	24.5	26.9	-2.4	0.0	-26.9	0.0	
2.56250	-0.1	143	24.5	26.9	-2.4	0.0	-26.9	0.0	
2.56641	-0.2	143	24.6	26.9	-2.3	0.0	-26.9	0.0	
2.57031	-0.3	143	24.6	26.9	-2.3	0.0	-26.9	0.0	
2.57422	-0.2	143	24.6	26.9	-2.3	0.0	-26.9	0.0	
2.57812	-0.2	143	24.6	26.9	-2.3	0.0	-26.9	0.0	
2.58203	-0.3	143	24.7	26.9	-2.2	0.0	-26.9	0.0	
2.58594	-0.0	143	24.7	26.9	-2.2	0.0	-26.9	0.0	
2.58984	0.1	143	24.6	26.8	-2.2	0.0	-26.8	0.0	
2.59375	0.1	143	24.6	26.8	-2.2	0.0	-26.8	0.0	
2.59766	0.0	143	24.6	26.8	-2.2	0.0	-26.8	0.0	
2.60156	0.1	143	24.6	26.8	-2.2	0.0	-26.8	0.0	
2.60547	0.2	143	24.6	26.8	-2.2	0.0	-26.8	0.0	
2.60938	0.2	143	24.5	26.8	-2.3	0.0	-26.8	0.0	
2.61328	0.4	143	24.5	26.7	-2.2	0.0	-26.7	0.0	
2.61719	0.5	143	24.4	26.7	-2.3	0.0	-26.7	0.0	
2.62109	0.7	143	24.4	26.6	-2.2	0.0	-26.6	0.0	
2.62500	0.9	143	24.3	26.6	-2.3	0.0	-26.6	0.0	
2.62891	0.8	143	24.2	26.6	-2.4	0.0	-26.6	0.0	
2.63281	0.7	143	24.2	26.6	-2.4	0.0	-26.6	0.0	
2.63672	0.7	144	24.2	26.6	-2.4	0.0	-26.6	0.0	
2.64062	0.6	144	24.1	26.6	-2.5	0.0	-26.6	0.0	
2.64453	0.4	144	24.1	26.5	-2.4	0.0	-26.5	0.0	
2.64844	0.2	144	24.0	26.5	-2.5	0.0	-26.5	0.0	
2.65234	-0.1	144	24.0	26.5	-2.5	0.0	-26.5	0.0	
2.65625	-0.2	144	24.0	26.5	-2.5	0.0	-26.5	0.0	
2.66016	-0.1	144	24.1	26.4	-2.3	0.0	-26.4	0.0	
2.66406	-0.1	144	24.1	26.5	-2.4	0.0	-26.5	0.0	
2.66797	-0.2	144	24.1	26.5	-2.4	0.0	-26.5	0.0	
2.67188	-0.2	144	24.1	26.5	-2.4	0.0	-26.5	0.0	
2.67578	-0.1	144	24.1	26.5	-2.4	0.0	-26.5	0.0	
2.67969	-0.1	144	24.1	26.5	-2.4	0.0	-26.5	0.0	
2.68359	-0.2	144	24.1	26.5	-2.4	0.0	-26.5	0.0	
2.68750	-0.1	144	24.2	26.5	-2.3	0.0	-26.5	0.0	
2.69141	-0.1	144	24.1	26.5	-2.4	0.0	-26.5	0.0	
2.69531	-0.1	143	24.1	26.4	-2.3	0.0	-26.4	0.0	
2.69922	0.2	144	24.1	26.5	-2.4	0.0	-26.5	0.0	
2.70312	0.1	144	24.1	26.5	-2.4	0.0	-26.5	0.0	
2.70703	-0.0	144	24.1	26.4	-2.3	0.0	-26.4	0.0	
2.71094	0.2	144	24.1	26.5	-2.4	0.0	-26.5	0.0	
2.71484	0.3	144	24.0	26.4	-2.4	0.0	-26.4	0.0	
2.71875	0.2	144	23.9	26.4	-2.5	0.0	-26.4	0.0	
2.72266	0.3	144	23.9	26.4	-2.5	0.0	-26.4	0.0	
2.72656	0.3	144	23.9	26.4	-2.5	0.0	-26.4	0.0	
2.73047	0.2	144	23.9	26.4	-2.5	0.0	-26.4	0.0	
2.73438	0.3	144	23.8	26.4	-2.6	0.0	-26.4	0.0	
2.73828	0.2	144	23.9	26.4	-2.5	0.0	-26.4	0.0	
2.74219	0.1	144	23.8	26.4	-2.6	0.0	-26.4	0.0	
2.74609	0.1	144	23.8	26.4	-2.6	0.0	-26.4	0.0	
2.75000	0.1	144	23.8	26.4	-2.6	0.0	-26.4	0.0	
2.75391	0.0	144	23.8	26.4	-2.6	0.0	-26.4	0.0	
2.75781	-0.0	144	23.8	26.4	-2.6	0.0	-26.4	0.0	
2.76172	0.0	144	23.7	26.4	-2.7	0.0	-26.4	0.0	
2.76562	0.0	144	23.7	26.4	-2.7	0.0	-26.4	0.0	
2.76953	-0.1	144	23.7	26.4	-2.7	0.0	-26.4	0.0	
2.77344	0.1	144	23.6	26.5	-2.9	0.0	-26.5	0.0	
2.77734	0.0	144	23.6	26.5	-2.9	0.0	-26.5	0.0	
2.78125	-0.1	144	23.7	26.4	-2.7	0.0	-26.4	0.0	
2.78516	-0.1	144	23.7	26.5	-2.8	0.0	-26.5	0.0	
2.78906	0.1	144	23.6	26.5	-2.9	0.0	-26.5	0.0	
2.79297	-0.0	144	23.6	26.4	-2.8	0.0	-26.4	0.0	
2.79688	-0.1	144	23.6	26.5	-2.9	0.0	-26.5	0.0	
2.80078	0.1	144	23.6	26.5	-2.9	0.0	-26.5	0.0	
2.80469	0.1	144	23.6	26.5	-2.9	0.0	-26.5	0.0	
2.80859	-0.0	144	23.6	26.5	-2.9	0.0	-26.5	0.0	
2.81250	0.1	144	23.6	26.5	-2.9	0.0	-26.5	0.0	
2.81641	0.1	144	23.5	26.5	-3.0	0.0	-26.5	0.0	
2.82031	0.1	144	23.5	26.5	-3.0	0.0	-26.5	0.0	
2.82422	0.2	144	23.5	26.5	-3.0	0.0	-26.5	0.0	
2.82812	0.3	144	23.4	26.5	-3.1	0.0	-26.5	0.0	
2.83203	0.2	144	23.4	26.5	-3.1	0.0	-26.5	0.0	
2.83594	0.3	144	23.3	26.5	-3.2	0.0	-26.5	0.0	
2.83984	0.5	144	23.3	26.6	-3.3	0.0	-26.6	0.0	
2.84375	0.4	144	23.3	26.5	-3.2	0.0	-26.5	0.0	
2.84766	0.4	144	23.2	26.6	-3.4	0.0	-26.6	0.0	
2.85156	0.5	144	23.1	26.6	-3.5	0.0	-26.6	0.0	
2.85547	0.4	144	23.1	26.6	-3.5	0.0	-26.6	0.0	
2.85938	0.3	144	23.1	26.6	-3.5	0.0	-26.6	0.0	
2.86328	0.3	144	23.1	26.6	-3.5	0.0	-26.6	0.0	
2.86719	0.1	144	23.0	26.7	-3.7	0.0	-26.7	0.0	
2.87109	-0.0	144	23.0	26.6	-3.6	0.0	-26.6	0.0	
2.87500	-0.0	144	23.0	26.7	-3.7	0.0	-26.7	0.0	
2.87891	0.1	144	22.9	26.6	-3.7	0.0	-26.6	0.0	
2.88281	0.2	144	22.9	26.6	-3.7	0.0	-26.6	0.0	
2.88672	0.2	144	22.9	26.6	-3.7	0.0	-26.6	0.0	
2.89062	0.2	144	22.9	26.6	-3.7	0.0	-26.6	0.0	
2.89453	0.2	144	22.8	26.6	-3.8	0.0	-26.6	0.0	
2.89844	0.3	144	22.8	26.5	-3.7	0.0	-26.5	0.0	
2.90234	0.4	144	22.7	26.5	-3.8	0.0	-26.5	0.0	
2.90625	0.5	144	22.7	26.5	-3.8	0.0	-26.5	0.0	
2.91016	0.6	144	22.7	26.4	-3.7	0.0	-26.4	0.0	
2.91406	0.7	144	22.6	26.4	-3.8	0.0	-26.4	0.0	
2.91797	0.6	144	22.6	26.4	-3.8	0.0	-26.4	0.0	
2.92188	0.4	144	22.5	26.3	-3.8	0.0	-26.3	0.0	
2.92578	0.3	144	22.5	26.3	-3.8	0.0	-26.3	0.0	
2.92969	-0.0	144	22.5	26.2	-3.7	0.0	-26.2	0.0	
2.93359	-0.1	144	22.5	26.2	-3.7	0.0	-26.2	0.0	
2.93750	-0.1	144	22.5	26.2	-3.7	0.0	-26.2	0.0	
2.94141	-0.2	144	22.5	26.1	-3.6	0.0	-26.1	0.0	
2.94531	-0.3	144	22.5	26.1	-3.6	0.0	-26.1	0.0	
2.94922	-0.3	144	22.6	26.1	-3.5	0.0	-26.1	0.0	
2.95312	-0.4	144	22.6	26.1	-3.5	0.0	-26.1	0.0	
2.95703	-0.5	144	22.7	26.1	-3.4	0.0	-26.1	0.0	
2.96094	-0.5	144	22.7	26.1	-3.4	0.0	-26.1	0.0	
2.96484	-0.7	144	22.8	26.1	-3.3	0.0	-26.1	0.0	
2.96875	-0.8	144	22.8	26.1	-3.3	0.0	-26.1	0.0	
2.97266	-0.7	144	22.8	26.1	-3.3	0.0	-26.1	0.0	
2.97656	-0.5	144	22.9	26.1	-3.2	0.0	-26.1	0.0	
2.98047	-0.4	144	23.0	26.1	-3.1	0.0	-26.1	0.0	
2.98438	-0.3	144	23.0	26.2	-3.2	0.0	-26.2	0.0	
2.98828	-0.3	144	23.1	26.2	-3.1	0.0	-26.2	0.0	
2.99219	-0.2	144	23.0	26.2	-3.2	0.0	-26.2	0.0	
2.99609	-0.1	144	23.0	26.2	-3.2	0.0	-26.2	0.0	
3.00000	0.0	144	23.1	26.2	-3.1	0.0	-26.2	0.0	
3.00391	-0.1	144	23.1	26.2	-3.1	0.0	-26.2	0.0	
3.00781	-0.1	144	23.1	26.2	-3.1	0.0	-26.2	0.0	
3.01172	0.1	144	23.1	26.2	-3.1	0.0	-26.2	0.0	
3.01562	0.0	144	23.1	26.2	-3.1	0.0	-26.2	0.0	
3.01953	-0.1	144	23.1	26.3	-3.2	0.0	-26.3	0.0	
3.02344	0.1	144	23.1	26.3	-3.2	0.0	-26.3	0.0	
3.02734	0.1	144	23.1	26.2	-3.1	0.0	-26.2	0.0	
3.03125	0.1	144	23.1	26.2	-3.1	0.0	-26.2	0.0	
3.03516	0.2	144	23.1	26.2	-3.1	0.0	-26.2	0.0	
3.03906	0.0	144	23.1	26.2	-3.1	0.0	-26.2	0.0	
3.04297	-0.1	144	23.0	26.2	-3.2	0.0	-26.2	0.0	
3.04688	-0.1	144	23.0	26.2	-3.2	0.0	-26.2	0.0	
3.05078	-0.1	144	23.1	26.3	-3.2	0.0	-26.3	0.0	
3.05469	-0.2	144	23.0	26.3	-3.3	0.0	-26.3	0.0	
3.05859	-0.2	144	23.1	26.2	-3.1	0.0	-26.2	0.0	
3.06250	-0.2	144	23.1	26.3	-3.2	0.0	-26.3	0.0	
3.06641	-0.3	144	23.1	26.3	-3.2	0.0	-26.3	0.0	
3.07031	-0.5	144	23.2	26.3	-3.1	0.0	-26.3	0.0	
3.07422	-0.7	144	23.3	26.4	-3.1	0.0	-26.4	0.0	
3.07812	-1.1	144	23.4	26.4	-3.0	0.0	-26.4	0.0	
3.08203	-1.3	144	23.4	26.4	-3.0	0.0	-26.4	0.0	
3.08594	-1.3	143	23.5	26.4	-2.9	0.0	-26.4	0.0	
3.08984	-1.3	143	23.6	26.4	-2.8	0.0	-26.4	0.0	
3.09375	-1.2	143	23.6	26.4	-2.8	0.0	-26.4	0.0	
3.09766	-1.0	143	23.7	26.4	-2.7	0.0	-26.4	0.0	
3.10156	-0.9	143	23.8	26.4	-2.6	0.0	-26.4	0.0	
3.10547	-0.8	143	23.8	26.4	-2.6	0.0	-26.4	0.0	
3.10938	-0.6	143	23.9	26.4	-2.5	0.0	-26.4	0.0	
3.11328	-0.3	143	23.9	26.4	-2.5	0.0	-26.4	0.0	
3.11719	-0.3	143	24.0	26.4	-2.4	0.0	-26.4	0.0	
3.12109	-0.1	143	24.0	26.4	-2.4	0.0	-26.4	0.0	
3.12500	0.1	143	24.0	26.4	-2.4	0.0	-26.4	0.0	
3.12891	0.1	143	24.0	26.4	-2.4	0.0	-26.4	0.0	
3.13281	0.1	143	24.0	26.3	-2.3	0.0	-26.3	0.0	
3.13672	0.2	143	24.0	26.4	-2.4	0.0	-26.4	0.0	
3.14062	0.3	143	24.0	26.4	-2.4	0.0	-26.4	0.0	
3.14453	0.3	143	24.0	26.3	-2.3	0.0	-26.3	0.0	
3.14844	0.3	143	23.9	26.4	-2.5	0.0	-26.4	0.0	
3.15234	0.4	143	23.9	26.4	-2.5	0.0	-26.4	0.0	
3.15625	0.5	143	23.8	26.3	-2.5	0.0	-26.3	0.0	
3.16016	0.5	143	23.8	26.3	-2.5	0.0	-26.3	0.0	
3.16406	0.5	143	23.7	26.3	-2.6	0.0	-26.3	0.0	
3.16797	0.4	143	23.7	26.3	-2.6	0.0	-26.3	0.0	
3.17188	0.3	143	23.6	26.3	-2.7	0.0	-26.3	0.0	
3.17578	0.3	143	23.6	26.3	-2.7	0.0	-26.3	0.0	
3.17969	0.2	143	23.6	26.3	-2.7	0.0	-26.3	0.0	
3.18359	0.4	143	23.5	26.3	-2.8	0.0	-26.3	0.0	
3.18750	0.5	143	23.5	26.3	-2.8	0.0	-26.3	0.0	
3.19141	0.5	143	23.4	26.3	-2.9	0.0	-26.3	0.0	
3.19531	0.4	143	23.3	26.3	-3.0	0.0	-26.3	0.0	
3.19922	0.5	143	23.3	26.3	-3.0	0.0	-26.3	0.0	
3.20312	0.6	144	23.2	26.4	-3.2	0.0	-26.4	0.0	
3.20703	0.5	144	23.2	26.3	-3.1	0.0	-26.3	0.0	
3.21094	0.7	144	23.1	26.3	-3.2	0.0	-26.3	0.0	
3.21484	1.0	144	23.0	26.3	-3.3	0.0	-26.3	0.0	
3.21875	1.0	144	23.0	26.3	-3.3	0.0	-26.3	0.0	
3.22266	1.1	144	22.9	26.3	-3.4	0.0	-26.3	0.0	
3.22656	1.3	144	22.8	26.3	-3.5	0.0	-26.3	0.0	
3.23047	1.4	144	22.7	26.3	-3.6	0.0	-26.3	0.0	
3.23438	1.5	144	22.6	26.2	-3.6	0.0	-26.2	0.0	
3.23828	1.6	144	22.5	26.3	-3.8	0.0	-26.3	0.0	
3.24219	1.5	144	22.5	26.2	-3.7	0.0	-26.2	0.0	
3.24609	1.5	144	22.4	26.1	-3.7	0.0	-26.1	0.0	
3.25000	1.8	144	22.3	26.1	-3.8	0.0	-26.1	0.0	
3.25391	1.7	145	22.2	26.1	-3.9	0.0	-26.1	0.0	
3.25781	1.6	145	22.1	26.1	-4.0	0.0	-26.1	0.0	
3.26172	1.6	145	22.1	26.1	-4.0	0.0	-26.1	0.0	
3.26562	1.4	145	22.0	26.1	-4.1	0.0	-26.1	0.0	
3.26953	1.2	145	21.9	26.0	-4.1	0.0	-26.0	0.0	
3.27344	1.3	145	21.8	26.0	-4.2	0.0	-26.0	0.0	
3.27734	1.2	145	21.8	26.0	-4.2	0.0	-26.0	0.0	
3.28125	1.1	145	21.7	26.0	-4.3	0.0	-26.0	0.0	
3.28516	1.2	145	21.6	26.0	-4.4	0.0	-26.0	0.0	
3.28906	1.1	145	21.7	26.0	-4.3	0.0	-26.0	0.0	
3.29297	0.9	145	21.5	25.9	-4.4	0.0	-25.9	0.0	
3.29688	0.9	145	21.4	25.9	-4.5	0.0	-25.9	0.0	
3.30078	0.9	146	21.4	25.9	-4.5	0.0	-25.9	0.0	
3.30469	0.9	146	21.3	25.9	-4.6	0.0	-25.9	0.0	
3.30859	0.9	146	21.3	25.9	-4.6	0.0	-25.9	0.0	
3.31250	0.9	146	21.3	25.9	-4.6	0.0	-25.9	0.0	
3.31641	1.0	146	21.1	25.8	-4.7	0.0	-25.8	0.0	
3.32031	1.1	146	21.0	25.8	-4.8	0.0	-25.8	0.0	
3.32422	1.3	146	21.0	25.8	-4.8	0.0	-25.8	0.0	
3.32812	1.5	146	20.9	25.8	-4.9	0.0	-25.8	0.0	
3.33203	1.5	146	20.8	25.8	-5.0	0.0	-25.8	0.0	
3.33594	1.7	146	20.7	25.8	-5.1	0.0	-25.8	0.0	
3.33984	2.0	146	20.6	25.7	-5.1	0.0	-25.7	0.0	
3.34375	2.1	146	20.4	25.7	-5.3	0.0	-25.7	0.0	
3.34766	2.2	147	20.4	25.7	-5.3	0.0	-25.7	0.0	
3.35156	2.5	147	20.3	25.6	-5.3	0.0	-25.6	0.0	
3.35547	2.7	147	20.1	25.6	-5.5	0.0	-25.6	0.0	
3.35938	2.7	147	20.0	25.6	-5.6	0.0	-25.6	0.0	
3.36328	2.9	147	19.9	25.5	-5.6	0.0	-25.5	0.0	
3.36719	2.8	148	19.8	25.5	-5.7	0.0	-25.5	0.0	
3.37109	2.6	148	19.7	25.4	-5.7	0.0	-25.4	0.0	
3.37500	2.6	148	19.6	25.4	-5.8	0.0	-25.4	0.0	
3.37891	2.4	148	19.5	25.4	-5.9	0.0	-25.4	0.0	
3.38281	2.1	148	19.4	25.3	-5.9	0.0	-25.3	0.0	
3.38672	1.7	148	19.4	25.3	-5.9	0.0	-25.3	0.0	
3.39062	1.4	148	19.3	25.3	-6.0	0.0	-25.3	0.0	
3.39453	1.1	148	19.2	25.2	-6.0	0.0	-25.2	0.0	
3.39844	0.9	148	19.2	25.2	-6.0	0.0	-25.2	0.0	
3.40234	0.7	149	19.1	25.1	-6.0	0.0	-25.1	0.0	
3.40625	0.8	149	19.0	25.1	-6.1	0.0	-25.1	0.0	
3.41016	0.8	149	19.0	25.0	-6.0	0.0	-25.0	0.0	
3.41406	0.8	149	19.0	24.9	-5.9	0.0	-24.9	0.0	
3.41797	0.9	149	18.9	24.9	-6.0	0.0	-24.9	0.0	
3.42188	0.8	149	18.8	24.9	-6.1	0.0	-24.9	0.0	
3.42578	0.8	149	18.8	24.8	-6.0	0.0	-24.8	0.0	
3.42969	0.8	149	18.7	24.7	-6.0	0.0	-24.7	0.0	
3.43359	0.8	149	18.7	24.6	-5.9	0.0	-24.6	0.0	
3.43750	0.9	149	18.7	24.6	-5.9	0.0	-24.6	0.0	
3.44141	0.7	149	18.5	24.5	-6.0	0.0	-24.5	0.0	
3.44531	0.7	149	18.5	24.4	-5.9	0.0	-24.4	0.0	
3.44922	0.8	149	18.5	24.3	-5.8	0.0	-24.3	0.0	
3.45312	0.6	149	18.3	24.3	-6.0	0.0	-24.3	0.0	
