FluxView - FluxMed acquisition system
Signal file
Serial Number	:
W version:	1.20h-OX-CO2	File version:	1.13
Sampling rate:	256 Hz
Time	Flow	Volume	Paw	Pes	Ptpulm	Pga	Ptdiaf	CO2	
0.00391	-6.0	11098	8.6	16.9	-8.3	0.1	-16.8	0.0	
0.00781	-5.9	11098	8.6	16.9	-8.3	0.1	-16.8	0.0	
0.01172	-5.6	11097	8.8	16.9	-8.1	0.1	-16.8	0.0	
0.01562	-5.6	11097	8.9	17.0	-8.1	0.1	-16.9	0.0	
0.01953	-5.8	11097	8.8	17.1	-8.3	0.1	-17.0	0.0	
0.02344	-5.8	11096	8.6	17.3	-8.7	0.1	-17.2	0.0	
0.02734	-5.5	11096	8.6	17.3	-8.7	0.1	-17.2	0.0	
0.03125	-5.1	11096	8.6	17.1	-8.5	0.1	-17.0	0.0	
0.03516	-4.8	11095	8.6	17.0	-8.4	0.1	-16.9	0.0	
0.03906	-4.5	11095	8.5	16.9	-8.4	0.1	-16.8	0.0	
0.04297	-4.3	11095	8.5	16.9	-8.4	0.1	-16.8	0.0	
0.04688	-4.1	11094	8.5	16.9	-8.4	0.1	-16.8	0.0	
0.05078	-4.1	11094	8.5	16.9	-8.4	0.1	-16.8	0.0	
0.05469	-4.4	11094	8.5	16.9	-8.4	0.1	-16.8	0.0	
0.05859	-4.8	11093	8.5	16.9	-8.4	0.1	-16.8	0.0	
0.06250	-4.9	11093	8.5	16.9	-8.4	0.1	-16.8	0.0	
0.06641	-4.8	11093	8.5	16.9	-8.4	0.1	-16.8	0.0	
0.07031	-4.6	11093	8.5	16.8	-8.3	0.1	-16.7	0.0	
0.07422	-4.4	11092	8.5	16.8	-8.3	0.1	-16.7	0.0	
0.07812	-4.3	11092	8.5	16.6	-8.1	0.1	-16.5	0.0	
0.08203	-4.1	11092	8.5	16.5	-8.0	0.1	-16.4	0.0	
0.08594	-4.1	11091	8.5	16.4	-7.9	0.1	-16.3	0.0	
0.08984	-4.1	11091	8.5	16.3	-7.8	0.1	-16.2	0.0	
0.09375	-3.9	11091	8.5	16.3	-7.8	0.1	-16.2	0.0	
0.09766	-3.6	11091	8.5	16.1	-7.6	0.1	-16.0	0.0	
0.10156	-3.6	11090	8.5	16.1	-7.6	0.1	-16.0	0.0	
0.10547	-3.8	11090	8.5	16.1	-7.6	0.1	-16.0	0.0	
0.10938	-3.9	11090	8.5	16.1	-7.6	0.1	-16.0	0.0	
0.11328	-3.9	11090	8.5	16.1	-7.6	0.1	-16.0	0.0	
0.11719	-4.0	11089	8.5	16.1	-7.6	0.1	-16.0	0.0	
0.12109	-4.0	11089	8.5	16.4	-7.9	0.1	-16.3	0.0	
0.12500	-4.1	11089	8.5	16.4	-7.9	0.1	-16.3	0.0	
0.12891	-4.1	11089	8.5	16.4	-7.9	0.1	-16.3	0.0	
0.13281	-3.9	11088	8.5	16.4	-7.9	0.1	-16.3	0.0	
0.13672	-3.6	11088	8.5	16.1	-7.6	0.1	-16.0	0.0	
0.14062	-3.3	11088	8.4	16.1	-7.7	0.1	-16.0	0.0	
0.14453	-2.6	11088	8.4	16.1	-7.7	0.1	-16.0	0.0	
0.14844	-2.4	11088	8.4	16.1	-7.7	0.1	-16.0	0.0	
0.15234	-2.6	11087	8.5	16.1	-7.6	0.1	-16.0	0.0	
0.15625	-2.6	11087	8.4	16.1	-7.7	0.1	-16.0	0.0	
0.16016	-2.0	11087	8.4	16.1	-7.7	0.1	-16.0	0.0	
0.16406	-1.1	11087	8.3	16.1	-7.8	0.1	-16.0	0.0	
0.16797	-0.6	11087	8.1	15.9	-7.8	0.1	-15.8	0.0	
0.17188	-0.3	11087	8.3	15.8	-7.5	0.1	-15.7	0.0	
0.17578	0.0	11087	8.4	15.6	-7.2	0.1	-15.5	0.0	
0.17969	0.0	11087	8.5	15.6	-7.1	0.1	-15.5	0.0	
0.18359	0.0	11087	8.4	15.6	-7.2	0.1	-15.5	0.0	
0.18750	0.0	11087	8.1	15.6	-7.5	0.1	-15.5	0.0	
0.19141	0.0	11087	8.1	15.5	-7.4	0.1	-15.4	0.0	
0.19531	0.0	11087	8.1	15.5	-7.4	0.1	-15.4	0.0	
0.19922	0.0	11087	8.1	15.5	-7.4	0.1	-15.4	0.0	
0.20312	0.0	11087	8.1	15.4	-7.3	0.1	-15.3	0.0	
0.20703	0.0	11087	8.1	15.3	-7.2	0.1	-15.2	0.0	
0.21094	0.0	11087	8.1	15.3	-7.2	0.1	-15.2	0.0	
0.21484	0.5	11087	8.1	15.3	-7.2	0.1	-15.2	0.0	
0.21875	1.5	11087	8.0	15.3	-7.3	0.1	-15.2	0.0	
0.22266	2.3	11087	7.8	15.1	-7.3	0.1	-15.0	0.0	
0.22656	2.1	11087	7.8	15.0	-7.2	0.1	-14.9	0.0	
0.23047	1.5	11088	7.8	15.0	-7.2	0.1	-14.9	0.0	
0.23438	1.1	11088	7.8	15.0	-7.2	0.1	-14.9	0.0	
0.23828	1.3	11088	7.6	15.0	-7.4	0.1	-14.9	0.0	
0.24219	1.4	11088	7.5	14.9	-7.4	0.1	-14.8	0.0	
0.24609	1.1	11088	7.6	14.9	-7.3	0.1	-14.8	0.0	
0.25000	1.1	11088	7.5	14.9	-7.4	0.1	-14.8	0.0	
0.25391	1.8	11088	7.4	14.9	-7.5	0.1	-14.8	0.0	
0.25781	2.4	11088	7.4	14.8	-7.4	0.1	-14.7	0.0	
0.26172	2.8	11088	7.4	14.8	-7.4	0.1	-14.7	0.0	
0.26562	3.0	11089	7.3	14.8	-7.5	0.1	-14.7	0.0	
0.26953	3.3	11089	7.0	14.9	-7.9	0.1	-14.8	0.0	
0.27344	3.6	11089	6.9	14.8	-7.9	0.1	-14.7	0.0	
0.27734	3.8	11089	6.9	14.5	-7.6	0.1	-14.4	0.0	
0.28125	3.9	11090	6.9	14.5	-7.6	0.1	-14.4	0.0	
0.28516	4.0	11090	6.8	14.5	-7.7	0.1	-14.4	0.0	
0.28906	4.3	11090	6.8	14.5	-7.7	0.1	-14.4	0.0	
0.29297	4.3	11090	6.8	14.5	-7.7	0.1	-14.4	0.0	
0.29688	4.0	11091	6.5	14.5	-8.0	0.1	-14.4	0.0	
0.30078	3.9	11091	6.3	14.4	-8.1	0.1	-14.3	0.0	
0.30469	3.6	11091	6.1	14.1	-8.0	0.1	-14.0	0.0	
0.30859	3.5	11091	6.0	14.1	-8.1	0.1	-14.0	0.0	
0.31250	3.4	11092	5.8	14.1	-8.3	0.1	-14.0	0.0	
0.31641	3.4	11092	5.6	14.1	-8.5	0.1	-14.0	0.0	
0.32031	3.3	11092	5.5	14.1	-8.6	0.1	-14.0	0.0	
0.32422	3.1	11092	5.5	14.1	-8.6	0.1	-14.0	0.0	
0.32812	3.0	11092	5.4	14.1	-8.7	0.1	-14.0	0.0	
0.33203	3.0	11093	5.3	14.0	-8.7	0.1	-13.9	0.0	
0.33594	3.0	11093	5.1	13.9	-8.8	0.1	-13.8	0.0	
0.33984	2.8	11093	5.1	14.0	-8.9	0.1	-13.9	0.0	
0.34375	2.4	11093	5.0	14.0	-9.0	0.1	-13.9	0.0	
0.34766	2.3	11093	4.9	14.0	-9.1	0.1	-13.9	0.0	
0.35156	2.0	11093	4.8	13.8	-9.0	0.1	-13.7	0.0	
0.35547	1.4	11093	4.6	13.8	-9.2	0.1	-13.7	0.0	
0.35938	0.6	11094	4.5	13.8	-9.3	0.1	-13.7	0.0	
0.36328	0.4	11094	4.4	13.8	-9.4	0.1	-13.7	0.0	
0.36719	0.6	11094	4.4	13.8	-9.4	0.1	-13.7	0.0	
0.37109	1.1	11094	4.3	13.8	-9.5	0.1	-13.7	0.0	
0.37500	1.4	11094	4.1	13.5	-9.4	0.1	-13.4	0.0	
0.37891	1.4	11094	4.0	13.4	-9.4	0.1	-13.3	0.0	
0.38281	1.5	11094	3.9	13.3	-9.4	0.1	-13.2	0.0	
0.38672	1.6	11094	3.8	13.4	-9.6	0.1	-13.3	0.0	
0.39062	1.9	11094	3.8	13.5	-9.7	0.1	-13.4	0.0	
0.39453	1.9	11094	3.8	13.4	-9.6	0.1	-13.3	0.0	
0.39844	1.8	11094	3.8	13.3	-9.5	0.1	-13.2	0.0	
0.40234	1.9	11095	3.6	13.3	-9.7	0.1	-13.2	0.0	
0.40625	1.9	11095	3.4	13.1	-9.7	0.1	-13.0	0.0	
0.41016	2.0	11095	3.4	13.0	-9.6	0.1	-12.9	0.0	
0.41406	2.1	11095	3.4	12.9	-9.5	0.1	-12.8	0.0	
0.41797	2.1	11095	3.3	13.0	-9.7	0.1	-12.9	0.0	
0.42188	2.3	11095	3.0	13.0	-10.0	0.1	-12.9	0.0	
0.42578	2.3	11095	2.9	13.0	-10.1	0.1	-12.9	0.0	
0.42969	2.5	11096	2.8	12.9	-10.1	0.1	-12.8	0.0	
0.43359	2.6	11096	2.8	12.9	-10.1	0.1	-12.8	0.0	
0.43750	2.8	11096	2.6	12.9	-10.3	0.1	-12.8	0.0	
0.44141	2.9	11096	2.5	12.9	-10.4	0.1	-12.8	0.0	
0.44531	3.1	11096	2.4	12.9	-10.5	0.1	-12.8	0.0	
0.44922	3.3	11096	2.3	12.8	-10.5	0.1	-12.7	0.0	
0.45312	3.4	11097	2.1	12.5	-10.4	0.1	-12.4	0.0	
0.45703	3.4	11097	2.1	12.3	-10.2	0.1	-12.2	0.0	
0.46094	3.4	11097	2.1	12.1	-10.0	0.1	-12.0	0.0	
0.46484	3.3	11097	1.9	12.1	-10.2	0.1	-12.0	0.0	
0.46875	3.4	11098	1.6	12.1	-10.5	0.1	-12.0	0.0	
0.47266	3.4	11098	1.6	12.1	-10.5	0.1	-12.0	0.0	
0.47656	3.3	11098	1.4	12.1	-10.7	0.1	-12.0	0.0	
0.48047	3.0	11098	1.4	12.0	-10.6	0.1	-11.9	0.0	
0.48438	2.8	11098	1.4	11.8	-10.4	0.1	-11.7	0.0	
0.48828	2.6	11099	1.4	11.8	-10.4	0.1	-11.7	0.0	
0.49219	2.8	11099	1.4	11.8	-10.4	0.1	-11.7	0.0	
0.49609	2.8	11099	1.1	11.8	-10.7	0.1	-11.7	0.0	
0.50000	2.9	11099	1.0	11.8	-10.8	0.1	-11.7	0.0	
0.50391	2.8	11099	0.9	11.8	-10.9	0.1	-11.7	0.0	
0.50781	2.5	11099	0.6	11.8	-11.2	0.1	-11.7	0.0	
0.51172	2.0	11100	0.5	11.5	-11.0	0.1	-11.4	0.0	
0.51562	1.5	11100	0.5	11.4	-10.9	0.1	-11.3	0.0	
0.51953	1.6	11100	0.5	11.4	-10.9	0.1	-11.3	0.0	
0.52344	1.9	11100	0.5	11.6	-11.1	0.1	-11.5	0.0	
0.52734	2.1	11100	0.4	11.5	-11.1	0.1	-11.4	0.0	
0.53125	2.5	11100	0.1	11.5	-11.4	0.1	-11.4	0.0	
0.53516	2.8	11100	0.0	11.5	-11.5	0.1	-11.4	0.0	
0.53906	3.0	11101	0.0	11.4	-11.4	0.1	-11.3	0.0	
0.54297	2.9	11101	-0.1	11.3	-11.4	0.1	-11.2	0.0	
0.54688	2.6	11101	-0.3	11.4	-11.7	0.1	-11.3	0.0	
0.55078	2.5	11101	-0.3	11.5	-11.8	0.1	-11.4	0.0	
0.55469	2.8	11101	-0.1	11.4	-11.5	0.1	-11.3	0.0	
0.55859	2.8	11101	-0.3	11.4	-11.7	0.1	-11.3	0.0	
0.56250	2.4	11102	-0.4	11.5	-11.9	0.1	-11.4	0.0	
0.56641	2.5	11102	-0.5	11.5	-12.0	0.1	-11.4	0.0	
0.57031	3.0	11102	-0.6	11.5	-12.1	0.1	-11.4	0.0	
0.57422	3.5	11102	-0.8	11.4	-12.2	0.1	-11.3	0.0	
0.57812	3.9	11102	-1.0	11.1	-12.1	0.1	-11.0	0.0	
0.58203	4.0	11103	-1.0	11.1	-12.1	0.1	-11.0	0.0	
0.58594	4.0	11103	-1.1	11.1	-12.2	0.1	-11.0	0.0	
0.58984	3.9	11103	-1.3	11.0	-12.3	0.1	-10.9	0.0	
0.59375	3.6	11103	-1.3	10.9	-12.2	0.1	-10.8	0.0	
0.59766	3.5	11104	-1.3	10.9	-12.2	0.1	-10.8	0.0	
0.60156	3.3	11104	-1.3	10.8	-12.1	0.1	-10.7	0.0	
0.60547	3.1	11104	-1.4	10.5	-11.9	0.1	-10.4	0.0	
0.60938	3.0	11104	-1.6	10.1	-11.7	0.1	-10.0	0.0	
0.61328	2.9	11105	-1.6	9.9	-11.5	0.1	-9.8	0.0	
0.61719	2.9	11105	-1.6	9.8	-11.4	0.1	-9.7	0.0	
0.62109	2.9	11105	-1.8	9.6	-11.4	0.1	-9.5	0.0	
0.62500	2.9	11105	-2.0	9.5	-11.5	0.1	-9.4	0.0	
0.62891	2.6	11105	-2.1	9.4	-11.5	0.1	-9.3	0.0	
0.63281	2.4	11105	-2.3	9.1	-11.4	0.1	-9.0	0.0	
0.63672	2.5	11106	-2.4	9.0	-11.4	0.1	-8.9	0.0	
0.64062	2.6	11106	-2.5	8.9	-11.4	0.1	-8.8	0.0	
0.64453	2.9	11106	-2.5	8.9	-11.4	0.1	-8.8	0.0	
0.64844	3.0	11106	-2.6	8.9	-11.5	0.1	-8.8	0.0	
0.65234	2.8	11106	-2.8	8.8	-11.6	0.1	-8.7	0.0	
0.65625	2.8	11106	-2.9	8.8	-11.7	0.1	-8.7	0.0	
0.66016	3.0	11107	-2.9	8.8	-11.7	0.1	-8.7	0.0	
0.66406	3.3	11107	-2.9	8.6	-11.5	0.1	-8.5	0.0	
0.66797	3.3	11107	-3.0	8.5	-11.5	0.1	-8.4	0.0	
0.67188	3.4	11107	-3.1	8.5	-11.6	0.1	-8.4	0.0	
0.67578	3.4	11108	-3.3	8.5	-11.8	0.1	-8.4	0.0	
0.67969	3.5	11108	-3.4	8.4	-11.8	0.1	-8.3	0.0	
0.68359	3.5	11108	-3.6	8.3	-11.9	0.1	-8.2	0.0	
0.68750	3.3	11108	-3.6	8.0	-11.6	0.1	-7.9	0.0	
0.69141	3.0	11108	-3.6	7.9	-11.5	0.1	-7.8	0.0	
0.69531	2.9	11109	-3.6	7.9	-11.5	0.1	-7.8	0.0	
0.69922	2.9	11109	-3.8	7.6	-11.4	0.1	-7.5	0.0	
0.70312	2.9	11109	-4.0	7.5	-11.5	0.1	-7.4	0.0	
0.70703	2.9	11109	-4.0	7.4	-11.4	0.1	-7.3	0.0	
0.71094	2.9	11109	-4.0	7.4	-11.4	0.1	-7.3	0.0	
0.71484	3.0	11110	-4.1	7.3	-11.4	0.1	-7.2	0.0	
0.71875	3.1	11110	-4.4	7.0	-11.4	0.1	-6.9	0.0	
0.72266	3.3	11110	-4.5	6.9	-11.4	0.1	-6.8	0.0	
0.72656	3.3	11110	-4.5	6.6	-11.1	0.1	-6.5	0.0	
0.73047	2.9	11110	-4.6	6.5	-11.1	0.1	-6.4	0.0	
0.73438	2.8	11111	-4.6	6.5	-11.1	0.1	-6.4	0.0	
0.73828	2.5	11111	-4.6	6.4	-11.0	0.1	-6.3	0.0	
0.74219	1.8	11111	-4.9	6.3	-11.2	0.1	-6.2	0.0	
0.74609	1.0	11111	-5.0	6.1	-11.1	0.1	-6.0	0.0	
0.75000	0.5	11111	-4.9	6.1	-11.0	0.1	-6.0	0.0	
0.75391	0.5	11111	-5.0	5.9	-10.9	0.1	-5.8	0.0	
0.75781	0.5	11111	-5.3	5.5	-10.8	0.1	-5.4	0.0	
0.76172	0.4	11111	-5.4	5.4	-10.8	0.1	-5.3	0.0	
0.76562	0.5	11111	-5.5	5.4	-10.9	0.1	-5.3	0.0	
0.76953	0.5	11111	-5.5	5.4	-10.9	0.1	-5.3	0.0	
0.77344	0.4	11111	-5.6	5.4	-11.0	0.1	-5.3	0.0	
0.77734	0.1	11111	-5.6	5.4	-11.0	0.1	-5.3	0.0	
0.78125	0.3	11111	-5.6	5.5	-11.1	0.1	-5.4	0.0	
0.78516	0.5	11111	-5.6	5.4	-11.0	0.1	-5.3	0.0	
0.78906	0.5	11111	-5.6	5.4	-11.0	0.1	-5.3	0.0	
0.79297	0.6	11111	-5.6	5.4	-11.0	0.1	-5.3	0.0	
0.79688	0.5	11111	-5.6	5.4	-11.0	0.1	-5.3	0.0	
0.80078	0.3	11111	-5.6	5.4	-11.0	0.1	-5.3	0.0	
0.80469	0.0	11111	-5.6	5.1	-10.7	0.1	-5.0	0.0	
0.80859	0.0	11111	-5.8	5.0	-10.8	0.1	-4.9	0.0	
0.81250	0.0	11111	-6.0	4.9	-10.9	0.1	-4.8	0.0	
0.81641	0.0	11111	-6.0	4.9	-10.9	0.1	-4.8	0.0	
0.82031	0.0	11111	-6.0	4.9	-10.9	0.1	-4.8	0.0	
0.82422	0.0	11111	-6.0	4.9	-10.9	0.1	-4.8	0.0	
0.82812	0.0	11111	-5.9	4.8	-10.7	0.1	-4.7	0.0	
0.83203	0.0	11111	-6.1	4.6	-10.7	0.1	-4.5	0.0	
0.83594	0.0	11111	-6.4	4.6	-11.0	0.1	-4.5	0.0	
0.83984	0.3	11111	-6.3	4.6	-10.9	0.1	-4.5	0.0	
0.84375	0.8	11111	-6.3	4.6	-10.9	0.1	-4.5	0.0	
0.84766	1.0	11111	-6.3	4.5	-10.8	0.1	-4.4	0.0	
0.85156	1.0	11112	-6.3	4.4	-10.7	0.1	-4.3	0.0	
0.85547	1.0	11112	-6.4	4.3	-10.7	0.1	-4.2	0.0	
0.85938	1.0	11112	-6.5	4.1	-10.6	0.1	-4.0	0.0	
0.86328	1.0	11112	-6.5	4.1	-10.6	0.1	-4.0	0.0	
0.86719	1.4	11112	-6.6	4.1	-10.7	0.1	-4.0	0.0	
0.87109	1.6	11112	-6.6	4.0	-10.6	0.1	-3.9	0.0	
0.87500	1.5	11112	-6.6	3.9	-10.5	0.1	-3.8	0.0	
0.87891	1.5	11112	-6.6	3.9	-10.5	0.1	-3.8	0.0	
0.88281	1.5	11112	-6.8	3.8	-10.6	0.1	-3.7	0.0	
0.88672	1.3	11112	-6.9	3.8	-10.7	0.1	-3.7	0.0	
0.89062	1.3	11112	-6.9	3.8	-10.7	0.1	-3.7	0.0	
0.89453	1.6	11112	-7.0	3.8	-10.8	0.1	-3.7	0.0	
0.89844	2.1	11113	-7.1	3.8	-10.9	0.1	-3.7	0.0	
0.90234	2.6	11113	-7.3	3.8	-11.1	0.1	-3.7	0.0	
0.90625	3.0	11113	-7.3	3.6	-10.9	0.1	-3.5	0.0	
0.91016	3.1	11113	-7.4	3.4	-10.8	0.1	-3.3	0.0	
0.91406	3.1	11113	-7.6	3.4	-11.0	0.1	-3.3	0.0	
0.91797	3.3	11114	-7.6	3.4	-11.0	0.1	-3.3	0.0	
0.92188	3.5	11114	-7.6	3.4	-11.0	0.1	-3.3	0.0	
0.92578	3.5	11114	-7.6	3.4	-11.0	0.1	-3.3	0.0	
0.92969	3.4	11114	-7.6	3.4	-11.0	0.1	-3.3	0.0	
0.93359	3.1	11114	-7.8	3.1	-10.9	0.1	-3.0	0.0	
0.93750	3.0	11115	-8.0	3.0	-11.0	0.1	-2.9	0.0	
0.94141	2.9	11115	-8.0	2.9	-10.9	0.1	-2.8	0.0	
0.94531	2.9	11115	-8.1	2.9	-11.0	0.1	-2.8	0.0	
0.94922	3.0	11115	-8.4	3.0	-11.4	0.1	-2.9	0.0	
0.95312	3.1	11115	-8.5	3.0	-11.5	0.1	-2.9	0.0	
0.95703	3.3	11116	-8.5	3.0	-11.5	0.1	-2.9	0.0	
0.96094	3.3	11116	-8.5	2.9	-11.4	0.1	-2.8	0.0	
0.96484	3.1	11116	-8.5	2.9	-11.4	0.1	-2.8	0.0	
0.96875	2.9	11116	-8.5	3.0	-11.5	0.1	-2.9	0.0	
0.97266	2.1	11116	-8.6	3.0	-11.6	0.1	-2.9	0.0	
0.97656	1.5	11116	-8.8	3.0	-11.8	0.1	-2.9	0.0	
0.98047	1.6	11117	-8.9	2.9	-11.8	0.1	-2.8	0.0	
0.98438	2.0	11117	-8.9	2.9	-11.8	0.1	-2.8	0.0	
0.98828	2.3	11117	-9.0	2.9	-11.9	0.1	-2.8	0.0	
0.99219	2.4	11117	-9.1	2.9	-12.0	0.1	-2.8	0.0	
0.99609	2.5	11117	-9.3	2.9	-12.2	0.1	-2.8	0.0	
1.00000	2.6	11117	-9.3	2.9	-12.2	0.1	-2.8	0.0	
1.00391	2.6	11118	-9.3	2.8	-12.1	0.1	-2.7	0.0	
1.00781	2.8	11118	-9.3	2.8	-12.1	0.1	-2.7	0.0	
1.01172	2.9	11118	-9.4	2.8	-12.2	0.1	-2.7	0.0	
1.01562	2.5	11118	-9.5	2.9	-12.4	0.1	-2.8	0.0	
1.01953	1.9	11118	-9.6	2.9	-12.5	0.1	-2.8	0.0	
1.02344	1.4	11118	-9.6	2.8	-12.4	0.1	-2.7	0.0	
1.02734	1.4	11118	-9.6	2.8	-12.4	0.1	-2.7	0.0	
1.03125	1.5	11118	-9.6	2.8	-12.4	0.1	-2.7	0.0	
1.03516	1.9	11119	-9.8	2.8	-12.6	0.1	-2.7	0.0	
1.03906	1.8	11119	-10.0	2.6	-12.6	0.1	-2.5	0.0	
1.04297	1.3	11119	-10.1	2.5	-12.6	0.1	-2.4	0.0	
1.04688	0.6	11119	-10.4	2.5	-12.9	0.1	-2.4	0.0	
1.05078	0.1	11119	-10.3	2.5	-12.8	0.1	-2.4	0.0	
1.05469	0.0	11119	-10.3	2.5	-12.8	0.1	-2.4	0.0	
1.05859	-0.1	11119	-10.4	2.5	-12.9	0.1	-2.4	0.0	
1.06250	-0.3	11119	-10.5	2.5	-13.0	0.1	-2.4	0.0	
1.06641	-0.4	11119	-10.5	2.5	-13.0	0.1	-2.4	0.0	
1.07031	-0.1	11119	-10.5	2.6	-13.1	0.1	-2.5	0.0	
1.07422	0.0	11119	-10.5	2.6	-13.1	0.1	-2.5	0.0	
1.07812	0.0	11119	-10.5	2.6	-13.1	0.1	-2.5	0.0	
1.08203	0.0	11119	-10.5	2.8	-13.3	0.1	-2.7	0.0	
1.08594	0.0	11119	-10.5	2.9	-13.4	0.1	-2.8	0.0	
1.08984	-0.1	11119	-10.5	2.9	-13.4	0.1	-2.8	0.0	
1.09375	-1.0	11119	-10.5	2.9	-13.4	0.1	-2.8	0.0	
1.09766	-2.1	11119	-10.4	3.0	-13.4	0.1	-2.9	0.0	
1.10156	-3.3	11118	-10.3	3.0	-13.3	0.1	-2.9	0.0	
1.10547	-3.9	11118	-10.1	3.1	-13.2	0.1	-3.0	0.0	
1.10938	-4.1	11118	-10.0	3.3	-13.3	0.1	-3.2	0.0	
1.11328	-4.1	11118	-9.8	3.3	-13.1	0.1	-3.2	0.0	
1.11719	-4.1	11117	-9.8	3.3	-13.1	0.1	-3.2	0.0	
1.12109	-4.3	11117	-9.6	3.4	-13.0	0.1	-3.3	0.0	
1.12500	-4.4	11117	-9.4	3.6	-13.0	0.1	-3.5	0.0	
1.12891	-4.8	11116	-9.3	3.6	-12.9	0.1	-3.5	0.0	
1.13281	-5.1	11116	-8.9	3.6	-12.5	0.1	-3.5	0.0	
1.13672	-5.5	11116	-8.6	3.8	-12.4	0.1	-3.7	0.0	
1.14062	-5.6	11115	-8.6	4.0	-12.6	0.1	-3.9	0.0	
1.14453	-5.9	11115	-8.5	4.1	-12.6	0.1	-4.0	0.0	
1.14844	-6.0	11115	-8.4	4.5	-12.9	0.1	-4.4	0.0	
1.15234	-6.3	11114	-8.1	4.8	-12.9	0.1	-4.7	0.0	
1.15625	-6.4	11114	-7.9	4.9	-12.8	0.1	-4.8	0.0	
1.16016	-6.6	11113	-7.6	5.1	-12.7	0.1	-5.0	0.0	
1.16406	-6.9	11113	-7.4	5.4	-12.8	0.1	-5.3	0.0	
1.16797	-7.3	11112	-7.0	5.5	-12.5	0.1	-5.4	0.0	
1.17188	-7.5	11112	-6.5	5.9	-12.4	0.1	-5.8	0.0	
1.17578	-7.6	11111	-6.1	6.4	-12.5	0.1	-6.3	0.0	
1.17969	-7.9	11111	-5.9	6.6	-12.5	0.1	-6.5	0.0	
1.18359	-8.3	11110	-5.6	6.8	-12.4	0.1	-6.7	0.0	
1.18750	-8.6	11110	-5.4	7.0	-12.4	0.1	-6.9	0.0	
1.19141	-8.9	11109	-5.0	7.3	-12.3	0.1	-7.2	0.0	
1.19531	-8.9	11109	-4.5	7.6	-12.1	0.1	-7.5	0.0	
1.19922	-8.8	11108	-4.1	7.9	-12.0	0.1	-7.8	0.0	
1.20312	-8.6	11108	-3.9	8.1	-12.0	0.1	-8.0	0.0	
1.20703	-8.6	11107	-3.6	8.5	-12.1	0.1	-8.4	0.0	
1.21094	-8.5	11106	-3.3	8.8	-12.1	0.1	-8.7	0.0	
1.21484	-8.5	11106	-2.8	9.3	-12.1	0.1	-9.2	0.0	
1.21875	-8.6	11105	-2.4	9.6	-12.0	0.1	-9.5	0.0	
1.22266	-8.9	11105	-2.1	10.0	-12.1	0.1	-9.9	0.0	
1.22656	-9.0	11104	-1.8	10.3	-12.1	0.1	-10.2	0.0	
1.23047	-9.0	11104	-1.4	10.5	-11.9	0.1	-10.4	0.0	
1.23438	-8.9	11103	-1.0	10.9	-11.9	0.1	-10.8	0.0	
1.23828	-8.6	11102	-0.8	11.1	-11.9	0.1	-11.0	0.0	
1.24219	-8.4	11102	-0.5	11.1	-11.6	0.1	-11.0	0.0	
1.24609	-8.4	11101	-0.1	11.3	-11.4	0.1	-11.2	0.0	
1.25000	-8.4	11101	0.1	11.5	-11.4	0.1	-11.4	0.0	
1.25391	-8.4	11100	0.4	11.8	-11.4	0.1	-11.7	0.0	
1.25781	-8.0	11100	0.5	11.8	-11.3	0.1	-11.7	0.0	
1.26172	-7.4	11099	0.9	11.8	-10.9	0.1	-11.7	0.0	
1.26562	-6.8	11099	1.1	12.0	-10.9	0.1	-11.9	0.0	
1.26953	-6.4	11098	1.4	12.0	-10.6	0.1	-11.9	0.0	
1.27344	-6.1	11098	1.6	12.0	-10.4	0.1	-11.9	0.0	
1.27734	-6.1	11098	2.0	12.0	-10.0	0.1	-11.9	0.0	
1.28125	-6.1	11097	2.4	12.0	-9.6	0.1	-11.9	0.0	
1.28516	-6.3	11097	2.4	12.1	-9.7	0.1	-12.0	0.0	
1.28906	-6.4	11096	2.6	12.4	-9.8	0.1	-12.3	0.0	
1.29297	-6.4	11096	2.9	12.5	-9.6	0.1	-12.4	0.0	
1.29688	-6.3	11096	3.1	12.8	-9.7	0.1	-12.7	0.0	
1.30078	-6.0	11095	3.3	12.9	-9.6	0.1	-12.8	0.0	
1.30469	-5.8	11095	3.3	13.0	-9.7	0.1	-12.9	0.0	
1.30859	-5.5	11094	3.4	13.3	-9.9	0.1	-13.2	0.0	
1.31250	-5.5	11094	3.6	13.5	-9.9	0.1	-13.4	0.0	
1.31641	-5.5	11094	3.8	13.5	-9.7	0.1	-13.4	0.0	
1.32031	-5.5	11093	3.9	13.6	-9.7	0.1	-13.5	0.0	
1.32422	-5.4	11093	4.1	13.8	-9.7	0.1	-13.7	0.0	
1.32812	-5.3	11093	4.4	13.9	-9.5	0.1	-13.8	0.0	
1.33203	-5.3	11092	4.5	14.0	-9.5	0.1	-13.9	0.0	
1.33594	-5.3	11092	4.6	14.0	-9.4	0.1	-13.9	0.0	
1.33984	-5.3	11092	4.8	14.0	-9.2	0.1	-13.9	0.0	
1.34375	-5.0	11091	5.0	14.1	-9.1	0.1	-14.0	0.0	
1.34766	-4.5	11091	5.1	14.4	-9.3	0.1	-14.3	0.0	
1.35156	-4.1	11091	5.3	14.4	-9.1	0.1	-14.3	0.0	
1.35547	-3.8	11090	5.3	14.4	-9.1	0.1	-14.3	0.0	
1.35938	-3.8	11090	5.4	14.4	-9.0	0.1	-14.3	0.0	
1.36328	-3.9	11090	5.6	14.5	-8.9	0.1	-14.4	0.0	
1.36719	-3.9	11090	5.6	14.8	-9.2	0.1	-14.7	0.0	
1.37109	-3.9	11089	5.6	14.8	-9.2	0.1	-14.7	0.0	
1.37500	-3.9	11089	5.6	14.5	-8.9	0.1	-14.4	0.0	
1.37891	-3.9	11089	5.9	14.6	-8.7	0.1	-14.5	0.0	
1.38281	-3.9	11089	6.1	14.8	-8.7	0.1	-14.7	0.0	
1.38672	-3.8	11088	6.3	14.9	-8.6	0.1	-14.8	0.0	
1.39062	-3.6	11088	6.4	14.9	-8.5	0.1	-14.8	0.0	
1.39453	-3.4	11088	6.5	14.9	-8.4	0.1	-14.8	0.0	
1.39844	-3.3	11088	6.5	14.9	-8.4	0.1	-14.8	0.0	
1.40234	-3.1	11088	6.5	14.9	-8.4	0.1	-14.8	0.0	
1.40625	-3.0	11087	6.6	14.9	-8.3	0.1	-14.8	0.0	
1.41016	-2.8	11087	6.8	15.0	-8.2	0.1	-14.9	0.0	
1.41406	-2.5	11087	6.9	15.1	-8.2	0.1	-15.0	0.0	
1.41797	-2.1	11087	6.9	15.1	-8.2	0.1	-15.0	0.0	
1.42188	-1.6	11087	7.0	15.0	-8.0	0.1	-14.9	0.0	
1.42578	-1.3	11087	7.0	15.0	-8.0	0.1	-14.9	0.0	
1.42969	-1.3	11087	7.1	15.0	-7.9	0.1	-14.9	0.0	
1.43359	-1.8	11086	7.3	15.0	-7.7	0.1	-14.9	0.0	
1.43750	-2.5	11086	7.3	15.1	-7.8	0.1	-15.0	0.0	
1.44141	-3.0	11086	7.3	15.4	-8.1	0.1	-15.3	0.0	
1.44531	-2.9	11086	7.3	15.5	-8.2	0.1	-15.4	0.0	
1.44922	-2.6	11086	7.3	15.5	-8.2	0.1	-15.4	0.0	
1.45312	-2.4	11086	7.4	15.5	-8.1	0.1	-15.4	0.0	
1.45703	-2.3	11085	7.6	15.5	-7.9	0.1	-15.4	0.0	
1.46094	-2.3	11085	7.6	15.6	-8.0	0.1	-15.5	0.0	
1.46484	-2.1	11085	7.6	15.6	-8.0	0.1	-15.5	0.0	
1.46875	-1.6	11085	7.6	15.6	-8.0	0.1	-15.5	0.0	
1.47266	-1.3	11085	7.6	15.6	-8.0	0.1	-15.5	0.0	
1.47656	-1.3	11085	7.6	15.5	-7.9	0.1	-15.4	0.0	
1.48047	-1.4	11085	7.6	15.5	-7.9	0.1	-15.4	0.0	
1.48438	-1.6	11085	7.8	15.5	-7.7	0.1	-15.4	0.0	
1.48828	-1.9	11085	8.0	15.6	-7.6	0.1	-15.5	0.0	
1.49219	-1.5	11084	7.9	15.6	-7.7	0.1	-15.5	0.0	
1.49609	-1.0	11084	7.9	15.6	-7.7	0.1	-15.5	0.0	
1.50000	-1.0	11084	8.0	15.5	-7.5	0.1	-15.4	0.0	
1.50391	-1.4	11084	8.0	15.5	-7.5	0.1	-15.4	0.0	
1.50781	-1.8	11084	8.0	15.5	-7.5	0.1	-15.4	0.0	
1.51172	-2.0	11084	8.0	15.6	-7.6	0.1	-15.5	0.0	
1.51562	-2.3	11084	8.3	15.6	-7.3	0.1	-15.5	0.0	
1.51953	-2.3	11084	8.3	15.6	-7.3	0.1	-15.5	0.0	
1.52344	-2.5	11084	8.1	15.6	-7.5	0.1	-15.5	0.0	
1.52734	-2.8	11083	8.1	15.8	-7.7	0.1	-15.7	0.0	
1.53125	-2.8	11083	8.3	15.8	-7.5	0.1	-15.7	0.0	
1.53516	-2.4	11083	8.4	15.8	-7.4	0.1	-15.7	0.0	
1.53906	-2.1	11083	8.5	15.6	-7.1	0.1	-15.5	0.0	
1.54297	-1.8	11083	8.5	15.6	-7.1	0.1	-15.5	0.0	
1.54688	-1.3	11083	8.5	15.8	-7.3	0.1	-15.7	0.0	
1.55078	-0.8	11083	8.5	15.8	-7.3	0.1	-15.7	0.0	
1.55469	-0.5	11083	8.5	15.9	-7.4	0.1	-15.8	0.0	
1.55859	-0.4	11083	8.6	15.9	-7.3	0.1	-15.8	0.0	
1.56250	-0.4	11083	8.6	15.8	-7.2	0.1	-15.7	0.0	
1.56641	-0.1	11083	8.6	15.8	-7.2	0.1	-15.7	0.0	
1.57031	0.0	11083	8.5	16.0	-7.5	0.1	-15.9	0.0	
1.57422	0.0	11083	8.5	16.0	-7.5	0.1	-15.9	0.0	
1.57812	0.0	11083	8.6	16.0	-7.4	0.1	-15.9	0.0	
1.58203	0.0	11083	8.8	16.0	-7.2	0.1	-15.9	0.0	
1.58594	0.0	11083	8.9	16.0	-7.1	0.1	-15.9	0.0	
1.58984	0.0	11083	8.8	16.0	-7.2	0.1	-15.9	0.0	
1.59375	0.0	11083	8.8	16.0	-7.2	0.1	-15.9	0.0	
1.59766	0.0	11083	8.8	16.0	-7.2	0.1	-15.9	0.0	
1.60156	0.0	11083	8.9	16.0	-7.1	0.1	-15.9	0.0	
1.60547	0.0	11083	8.9	16.0	-7.1	0.1	-15.9	0.0	
1.60938	0.0	11083	8.9	16.1	-7.2	0.1	-16.0	0.0	
1.61328	-0.5	11083	8.8	16.3	-7.5	0.1	-16.2	0.0	
1.61719	-1.1	11082	8.8	16.1	-7.3	0.1	-16.0	0.0	
1.62109	-1.3	11082	8.8	16.1	-7.3	0.1	-16.0	0.0	
1.62500	-0.9	11082	8.9	16.1	-7.2	0.1	-16.0	0.0	
1.62891	-0.3	11082	8.9	16.3	-7.4	0.1	-16.2	0.0	
1.63281	0.0	11082	8.9	16.1	-7.2	0.1	-16.0	0.0	
1.63672	0.0	11082	8.9	16.1	-7.2	0.1	-16.0	0.0	
1.64062	0.0	11082	8.9	16.1	-7.2	0.1	-16.0	0.0	
1.64453	-0.1	11082	8.9	16.4	-7.5	0.1	-16.3	0.0	
1.64844	-0.8	11082	9.0	16.4	-7.4	0.1	-16.3	0.0	
1.65234	-1.0	11082	9.1	16.4	-7.3	0.1	-16.3	0.0	
1.65625	-0.6	11082	9.1	16.5	-7.4	0.1	-16.4	0.0	
1.66016	-0.3	11082	9.0	16.6	-7.6	0.1	-16.5	0.0	
1.66406	0.0	11082	8.9	16.5	-7.6	0.1	-16.4	0.0	
1.66797	0.0	11082	9.0	16.6	-7.6	0.1	-16.5	0.0	
1.67188	0.0	11082	9.1	16.8	-7.7	0.1	-16.7	0.0	
1.67578	0.0	11082	9.1	16.9	-7.8	0.1	-16.8	0.0	
1.67969	0.0	11082	9.0	16.9	-7.9	0.1	-16.8	0.0	
1.68359	0.0	11082	8.9	16.9	-8.0	0.1	-16.8	0.0	
1.68750	0.0	11082	9.0	16.9	-7.9	0.1	-16.8	0.0	
1.69141	0.1	11082	9.0	16.9	-7.9	0.1	-16.8	0.0	
1.69531	0.0	11082	9.0	16.9	-7.9	0.1	-16.8	0.0	
1.69922	0.0	11082	9.0	17.0	-8.0	0.1	-16.9	0.0	
1.70312	0.0	11082	9.0	17.1	-8.1	0.1	-17.0	0.0	
1.70703	0.0	11082	9.0	17.1	-8.1	0.1	-17.0	0.0	
1.71094	0.0	11082	9.0	17.0	-8.0	0.1	-16.9	0.0	
1.71484	0.3	11082	9.0	16.9	-7.9	0.1	-16.8	0.0	
1.71875	1.3	11082	9.0	16.9	-7.9	0.1	-16.8	0.0	
1.72266	2.1	11082	9.0	17.0	-8.0	0.1	-16.9	0.0	
1.72656	1.9	11082	9.0	17.0	-8.0	0.1	-16.9	0.0	
1.73047	1.0	11083	9.0	17.0	-8.0	0.1	-16.9	0.0	
1.73438	0.4	11083	9.1	17.0	-7.9	0.1	-16.9	0.0	
1.73828	0.0	11083	9.1	17.1	-8.0	0.1	-17.0	0.0	
1.74219	-0.1	11083	9.0	17.3	-8.3	0.1	-17.2	0.0	
1.74609	0.0	11083	8.9	17.3	-8.4	0.1	-17.2	0.0	
1.75000	0.0	11083	8.9	17.3	-8.4	0.1	-17.2	0.0	
1.75391	0.0	11083	8.9	17.3	-8.4	0.1	-17.2	0.0	
1.75781	0.0	11083	9.0	17.1	-8.1	0.1	-17.0	0.0	
1.76172	-0.1	11083	9.1	17.1	-8.0	0.1	-17.0	0.0	
1.76562	-0.5	11083	9.1	17.1	-8.0	0.1	-17.0	0.0	
1.76953	-0.6	11082	9.0	17.1	-8.1	0.1	-17.0	0.0	
1.77344	-0.5	11082	9.0	17.1	-8.1	0.1	-17.0	0.0	
1.77734	-0.4	11082	9.1	17.1	-8.0	0.1	-17.0	0.0	
1.78125	-0.3	11082	9.1	17.3	-8.2	0.1	-17.2	0.0	
1.78516	-0.1	11082	9.0	17.1	-8.1	0.1	-17.0	0.0	
1.78906	0.0	11082	9.0	17.0	-8.0	0.1	-16.9	0.0	
1.79297	0.0	11082	9.0	16.9	-7.9	0.1	-16.8	0.0	
1.79688	0.0	11082	9.0	17.0	-8.0	0.1	-16.9	0.0	
1.80078	0.0	11082	9.0	17.1	-8.1	0.1	-17.0	0.0	
1.80469	0.0	11082	9.0	17.1	-8.1	0.1	-17.0	0.0	
1.80859	0.0	11082	9.1	17.1	-8.0	0.1	-17.0	0.0	
1.81250	0.0	11082	9.3	17.1	-7.8	0.1	-17.0	0.0	
1.81641	0.0	11082	9.1	17.3	-8.2	0.1	-17.2	0.0	
1.82031	0.0	11082	9.1	17.3	-8.2	0.1	-17.2	0.0	
1.82422	0.0	11082	9.1	17.3	-8.2	0.1	-17.2	0.0	
1.82812	0.0	11082	9.3	17.3	-8.0	0.1	-17.2	0.0	
1.83203	0.0	11082	9.3	17.3	-8.0	0.1	-17.2	0.0	
1.83594	0.0	11082	9.3	17.3	-8.0	0.1	-17.2	0.0	
1.83984	0.0	11082	9.3	17.4	-8.1	0.1	-17.3	0.0	
1.84375	0.4	11082	9.3	17.4	-8.1	0.1	-17.3	0.0	
1.84766	0.6	11082	9.3	17.4	-8.1	0.1	-17.3	0.0	
1.85156	0.5	11083	9.3	17.3	-8.0	0.1	-17.2	0.0	
1.85547	0.3	11083	9.3	17.4	-8.1	0.1	-17.3	0.0	
1.85938	0.0	11083	9.3	17.5	-8.2	0.1	-17.4	0.0	
1.86328	-0.5	11082	9.3	17.6	-8.3	0.1	-17.5	0.0	
1.86719	-0.6	11082	9.4	17.6	-8.2	0.1	-17.5	0.0	
1.87109	-0.5	11082	9.4	17.8	-8.4	0.1	-17.7	0.0	
1.87500	-0.1	11082	9.4	17.9	-8.5	0.1	-17.8	0.0	
1.87891	-0.1	11082	9.3	18.0	-8.7	0.1	-17.9	0.0	
1.88281	-0.4	11082	9.4	18.0	-8.6	0.1	-17.9	0.0	
1.88672	-0.5	11082	9.6	18.0	-8.4	0.1	-17.9	0.0	
1.89062	-0.3	11082	9.6	18.0	-8.4	0.1	-17.9	0.0	
1.89453	0.0	11082	9.5	18.0	-8.5	0.1	-17.9	0.0	
1.89844	0.1	11082	9.5	18.0	-8.5	0.1	-17.9	0.0	
1.90234	0.1	11082	9.6	18.0	-8.4	0.1	-17.9	0.0	
1.90625	0.0	11082	9.6	18.0	-8.4	0.1	-17.9	0.0	
1.91016	0.0	11082	9.5	18.0	-8.5	0.1	-17.9	0.0	
1.91406	0.1	11082	9.4	17.9	-8.5	0.1	-17.8	0.0	
1.91797	0.3	11082	9.3	17.9	-8.6	0.1	-17.8	0.0	
1.92188	0.3	11082	9.3	17.9	-8.6	0.1	-17.8	0.0	
1.92578	0.1	11082	9.3	17.8	-8.5	0.1	-17.7	0.0	
1.92969	0.0	11082	9.4	17.6	-8.2	0.1	-17.5	0.0	
1.93359	-0.6	11082	9.5	17.6	-8.1	0.1	-17.5	0.0	
1.93750	-1.3	11082	9.5	17.5	-8.0	0.1	-17.4	0.0	
1.94141	-1.3	11082	9.4	17.4	-8.0	0.1	-17.3	0.0	
1.94531	-0.8	11082	9.4	17.3	-7.9	0.1	-17.2	0.0	
1.94922	-0.3	11082	9.5	17.3	-7.8	0.1	-17.2	0.0	
1.95312	0.0	11082	9.5	17.1	-7.6	0.1	-17.0	0.0	
1.95703	0.0	11082	9.6	17.0	-7.4	0.1	-16.9	0.0	
1.96094	0.0	11082	9.6	16.9	-7.3	0.1	-16.8	0.0	
1.96484	-0.1	11082	9.6	16.9	-7.3	0.1	-16.8	0.0	
1.96875	0.0	11082	9.6	16.9	-7.3	0.1	-16.8	0.0	
1.97266	0.3	11082	9.6	17.0	-7.4	0.1	-16.9	0.0	
1.97656	0.4	11082	9.6	17.0	-7.4	0.1	-16.9	0.0	
1.98047	0.3	11082	9.6	17.0	-7.4	0.1	-16.9	0.0	
1.98438	0.1	11082	9.6	17.0	-7.4	0.1	-16.9	0.0	
1.98828	0.0	11082	9.6	17.0	-7.4	0.1	-16.9	0.0	
1.99219	0.0	11082	9.8	17.0	-7.2	0.1	-16.9	0.0	
1.99609	0.0	11082	9.9	17.1	-7.2	0.1	-17.0	0.0	
2.00000	0.0	11082	9.8	17.3	-7.5	0.1	-17.2	0.0	
2.00391	0.0	11082	9.6	17.3	-7.7	0.1	-17.2	0.0	
2.00781	0.0	11082	9.5	17.3	-7.8	0.1	-17.2	0.0	
2.01172	0.0	11082	9.6	17.3	-7.7	0.1	-17.2	0.0	
2.01562	0.0	11082	9.6	17.3	-7.7	0.1	-17.2	0.0	
2.01953	0.0	11082	9.6	17.3	-7.7	0.1	-17.2	0.0	
2.02344	0.0	11082	9.6	17.1	-7.5	0.1	-17.0	0.0	
2.02734	0.0	11082	9.6	17.1	-7.5	0.1	-17.0	0.0	
2.03125	0.0	11082	9.6	17.1	-7.5	0.1	-17.0	0.0	
2.03516	0.0	11082	9.6	17.1	-7.5	0.1	-17.0	0.0	
2.03906	0.0	11082	9.6	17.1	-7.5	0.1	-17.0	0.0	
2.04297	0.0	11082	9.6	17.1	-7.5	0.1	-17.0	0.0	
2.04688	0.1	11082	9.6	17.1	-7.5	0.1	-17.0	0.0	
2.05078	0.1	11082	9.6	17.1	-7.5	0.1	-17.0	0.0	
2.05469	0.0	11082	9.6	17.1	-7.5	0.1	-17.0	0.0	
2.05859	0.0	11082	9.6	17.3	-7.7	0.1	-17.2	0.0	
2.06250	0.0	11082	9.8	17.1	-7.3	0.1	-17.0	0.0	
2.06641	0.0	11082	9.5	17.0	-7.5	0.1	-16.9	0.0	
2.07031	0.0	11082	9.5	16.9	-7.4	0.1	-16.8	0.0	
2.07422	0.0	11082	9.6	16.9	-7.3	0.1	-16.8	0.0	
2.07812	0.0	11082	9.6	16.9	-7.3	0.1	-16.8	0.0	
2.08203	0.0	11082	9.5	16.8	-7.3	0.1	-16.7	0.0	
2.08594	0.0	11082	9.5	16.6	-7.1	0.1	-16.5	0.0	
2.08984	0.0	11082	9.6	16.6	-7.0	0.1	-16.5	0.0	
2.09375	0.0	11082	9.6	16.8	-7.2	0.1	-16.7	0.0	
2.09766	0.1	11082	9.6	16.8	-7.2	0.1	-16.7	0.0	
2.10156	0.0	11082	9.5	16.5	-7.0	0.1	-16.4	0.0	
2.10547	0.0	11082	9.5	16.6	-7.1	0.1	-16.5	0.0	
2.10938	0.0	11082	9.6	16.8	-7.2	0.1	-16.7	0.0	
2.11328	0.0	11082	9.6	16.9	-7.3	0.1	-16.8	0.0	
2.11719	0.0	11082	9.6	16.8	-7.2	0.1	-16.7	0.0	
2.12109	0.3	11082	9.5	16.6	-7.1	0.1	-16.5	0.0	
2.12500	0.3	11082	9.5	16.6	-7.1	0.1	-16.5	0.0	
2.12891	0.1	11082	9.6	16.5	-6.9	0.1	-16.4	0.0	
2.13281	0.0	11082	9.6	16.6	-7.0	0.1	-16.5	0.0	
2.13672	0.0	11082	9.6	16.8	-7.2	0.1	-16.7	0.0	
2.14062	0.0	11082	9.6	16.8	-7.2	0.1	-16.7	0.0	
2.14453	0.0	11082	9.6	16.5	-6.9	0.1	-16.4	0.0	
2.14844	0.0	11082	9.6	16.6	-7.0	0.1	-16.5	0.0	
2.15234	-0.1	11082	9.5	16.6	-7.1	0.1	-16.5	0.0	
2.15625	-0.4	11082	9.5	16.5	-7.0	0.1	-16.4	0.0	
2.16016	-0.5	11082	9.8	16.5	-6.7	0.1	-16.4	0.0	
2.16406	-0.5	11082	9.8	16.5	-6.7	0.1	-16.4	0.0	
2.16797	-0.8	11082	9.8	16.5	-6.7	0.1	-16.4	0.0	
2.17188	-1.0	11082	9.8	16.5	-6.7	0.1	-16.4	0.0	
2.17578	-1.0	11082	9.8	16.5	-6.7	0.1	-16.4	0.0	
2.17969	-1.0	11082	10.0	16.6	-6.6	0.1	-16.5	0.0	
2.18359	-0.9	11082	9.9	16.6	-6.7	0.1	-16.5	0.0	
2.18750	-0.6	11082	9.8	16.5	-6.7	0.1	-16.4	0.0	
2.19141	-0.3	11082	9.9	16.6	-6.7	0.1	-16.5	0.0	
2.19531	0.0	11082	9.9	16.6	-6.7	0.1	-16.5	0.0	
2.19922	0.0	11082	9.9	16.5	-6.6	0.1	-16.4	0.0	
2.20312	0.0	11082	10.0	16.5	-6.5	0.1	-16.4	0.0	
2.20703	0.0	11082	10.0	16.5	-6.5	0.1	-16.4	0.0	
2.21094	0.0	11082	10.0	16.6	-6.6	0.1	-16.5	0.0	
2.21484	0.0	11082	10.0	16.6	-6.6	0.1	-16.5	0.0	
2.21875	0.4	11082	10.0	16.6	-6.6	0.1	-16.5	0.0	
2.22266	0.8	11082	10.0	16.8	-6.8	0.1	-16.7	0.0	
2.22656	1.4	11082	10.0	16.9	-6.9	0.1	-16.8	0.0	
2.23047	1.6	11082	10.0	16.9	-6.9	0.1	-16.8	0.0	
2.23438	1.3	11082	10.0	16.8	-6.8	0.1	-16.7	0.0	
2.23828	0.6	11082	10.0	16.8	-6.8	0.1	-16.7	0.0	
2.24219	0.1	11082	10.0	16.8	-6.8	0.1	-16.7	0.0	
2.24609	0.0	11082	10.0	16.9	-6.9	0.1	-16.8	0.0	
2.25000	0.0	11082	10.0	16.9	-6.9	0.1	-16.8	0.0	
2.25391	0.1	11082	10.1	16.9	-6.8	0.1	-16.8	0.0	
2.25781	0.3	11082	10.1	16.9	-6.8	0.1	-16.8	0.0	
2.26172	0.1	11082	10.1	16.9	-6.8	0.1	-16.8	0.0	
2.26562	0.0	11082	10.1	16.9	-6.8	0.1	-16.8	0.0	
2.26953	0.0	11082	10.1	16.9	-6.8	0.1	-16.8	0.0	
2.27344	0.0	11082	10.3	16.9	-6.6	0.1	-16.8	0.0	
2.27734	0.0	11082	10.3	16.9	-6.6	0.1	-16.8	0.0	
2.28125	0.0	11082	10.1	16.9	-6.8	0.1	-16.8	0.0	
2.28516	0.0	11082	10.3	17.0	-6.7	0.1	-16.9	0.0	
2.28906	0.0	11082	10.3	17.1	-6.8	0.1	-17.0	0.0	
2.29297	0.0	11082	10.1	17.3	-7.2	0.1	-17.2	0.0	
2.29688	0.0	11082	10.1	17.1	-7.0	0.1	-17.0	0.0	
2.30078	0.0	11082	10.3	17.0	-6.7	0.1	-16.9	0.0	
2.30469	0.0	11082	10.3	17.0	-6.7	0.1	-16.9	0.0	
2.30859	0.0	11082	10.1	17.1	-7.0	0.1	-17.0	0.0	
2.31250	0.0	11082	10.3	17.3	-7.0	0.1	-17.2	0.0	
2.31641	0.0	11082	10.4	17.4	-7.0	0.1	-17.3	0.0	
2.32031	0.0	11082	10.4	17.4	-7.0	0.1	-17.3	0.0	
2.32422	0.0	11082	10.1	17.3	-7.2	0.1	-17.2	0.0	
2.32812	0.0	11082	10.3	17.3	-7.0	0.1	-17.2	0.0	
2.33203	0.0	11082	10.4	17.4	-7.0	0.1	-17.3	0.0	
2.33594	0.0	11082	10.4	17.5	-7.1	0.1	-17.4	0.0	
2.33984	0.1	11082	10.3	17.6	-7.3	0.1	-17.5	0.0	
2.34375	0.6	11082	10.4	17.6	-7.2	0.1	-17.5	0.0	
2.34766	1.0	11082	10.5	17.5	-7.0	0.1	-17.4	0.0	
2.35156	0.9	11082	10.5	17.5	-7.0	0.1	-17.4	0.0	
2.35547	0.5	11082	10.5	17.5	-7.0	0.1	-17.4	0.0	
2.35938	0.1	11082	10.5	17.6	-7.1	0.1	-17.5	0.0	
2.36328	0.0	11082	10.5	17.6	-7.1	0.1	-17.5	0.0	
2.36719	0.0	11082	10.5	17.6	-7.1	0.1	-17.5	0.0	
2.37109	0.0	11082	10.5	17.6	-7.1	0.1	-17.5	0.0	
2.37500	0.1	11082	10.4	17.6	-7.2	0.1	-17.5	0.0	
2.37891	0.4	11082	10.3	17.6	-7.3	0.1	-17.5	0.0	
2.38281	0.4	11082	10.3	17.6	-7.3	0.1	-17.5	0.0	
2.38672	0.1	11082	10.4	17.6	-7.2	0.1	-17.5	0.0	
2.39062	-0.3	11082	10.5	17.6	-7.1	0.1	-17.5	0.0	
2.39453	-0.4	11082	10.5	17.6	-7.1	0.1	-17.5	0.0	
2.39844	-0.3	11082	10.5	17.6	-7.1	0.1	-17.5	0.0	
2.40234	0.0	11082	10.5	17.6	-7.1	0.1	-17.5	0.0	
2.40625	0.0	11082	10.5	17.6	-7.1	0.1	-17.5	0.0	
2.41016	0.1	11082	10.5	17.8	-7.3	0.1	-17.7	0.0	
2.41406	0.1	11082	10.5	17.9	-7.4	0.1	-17.8	0.0	
2.41797	0.0	11082	10.5	18.0	-7.5	0.1	-17.9	0.0	
2.42188	0.0	11082	10.5	17.9	-7.4	0.1	-17.8	0.0	
2.42578	0.0	11082	10.5	17.9	-7.4	0.1	-17.8	0.0	
2.42969	0.0	11082	10.5	18.0	-7.5	0.1	-17.9	0.0	
2.43359	0.0	11082	10.5	18.0	-7.5	0.1	-17.9	0.0	
2.43750	0.0	11082	10.5	18.0	-7.5	0.1	-17.9	0.0	
2.44141	0.0	11082	10.5	18.0	-7.5	0.1	-17.9	0.0	
2.44531	0.0	11082	10.5	18.0	-7.5	0.1	-17.9	0.0	
2.44922	0.0	11082	10.5	17.9	-7.4	0.1	-17.8	0.0	
2.45312	0.0	11082	10.5	17.8	-7.3	0.1	-17.7	0.0	
2.45703	0.0	11082	10.6	17.8	-7.2	0.1	-17.7	0.0	
2.46094	0.0	11082	10.6	18.0	-7.4	0.1	-17.9	0.0	
2.46484	0.0	11082	10.6	17.9	-7.3	0.1	-17.8	0.0	
2.46875	0.0	11082	10.5	17.9	-7.4	0.1	-17.8	0.0	
2.47266	0.1	11082	10.5	18.0	-7.5	0.1	-17.9	0.0	
2.47656	0.0	11082	10.5	17.9	-7.4	0.1	-17.8	0.0	
2.48047	0.0	11082	10.5	17.8	-7.3	0.1	-17.7	0.0	
2.48438	0.0	11082	10.5	17.8	-7.3	0.1	-17.7	0.0	
2.48828	0.0	11082	10.5	18.0	-7.5	0.1	-17.9	0.0	
2.49219	0.0	11082	10.5	18.0	-7.5	0.1	-17.9	0.0	
2.49609	0.0	11082	10.6	18.0	-7.4	0.1	-17.9	0.0	
2.50000	0.0	11082	10.6	18.0	-7.4	0.1	-17.9	0.0	
2.50391	0.0	11082	10.6	18.0	-7.4	0.1	-17.9	0.0	
2.50781	0.0	11082	10.5	18.0	-7.5	0.1	-17.9	0.0	
2.51172	0.0	11082	10.5	18.0	-7.5	0.1	-17.9	0.0	
2.51562	0.0	11082	10.5	18.0	-7.5	0.1	-17.9	0.0	
2.51953	0.0	11082	10.5	18.0	-7.5	0.1	-17.9	0.0	
2.52344	0.0	11082	10.5	18.0	-7.5	0.1	-17.9	0.0	
2.52734	0.1	11082	10.5	18.0	-7.5	0.1	-17.9	0.0	
2.53125	0.1	11082	10.5	18.0	-7.5	0.1	-17.9	0.0	
2.53516	0.3	11082	10.5	18.0	-7.5	0.1	-17.9	0.0	
2.53906	0.5	11083	10.5	18.1	-7.6	0.1	-18.0	0.0	
2.54297	0.5	11083	10.5	18.3	-7.8	0.1	-18.2	0.0	
2.54688	0.3	11083	10.4	18.3	-7.9	0.1	-18.2	0.0	
2.55078	0.1	11083	10.4	18.4	-8.0	0.1	-18.3	0.0	
2.55469	0.1	11083	10.4	18.4	-8.0	0.1	-18.3	0.0	
2.55859	0.0	11083	10.4	18.4	-8.0	0.1	-18.3	0.0	
2.56250	0.0	11083	10.3	18.4	-8.1	0.1	-18.3	0.0	
2.56641	0.0	11083	10.4	18.4	-8.0	0.1	-18.3	0.0	
2.57031	0.1	11083	10.4	18.4	-8.0	0.1	-18.3	0.0	
2.57422	0.4	11083	10.3	18.4	-8.1	0.1	-18.3	0.0	
2.57812	0.5	11083	10.4	18.1	-7.7	0.1	-18.0	0.0	
2.58203	0.5	11083	10.5	18.1	-7.6	0.1	-18.0	0.0	
2.58594	0.5	11083	10.4	18.1	-7.7	0.1	-18.0	0.0	
2.58984	0.6	11083	10.1	18.1	-8.0	0.1	-18.0	0.0	
2.59375	0.6	11083	10.1	18.1	-8.0	0.1	-18.0	0.0	
2.59766	0.5	11083	10.1	17.9	-7.8	0.1	-17.8	0.0	
2.60156	0.3	11083	10.1	17.6	-7.5	0.1	-17.5	0.0	
2.60547	-0.1	11083	10.0	17.4	-7.4	0.1	-17.3	0.0	
2.60938	-0.9	11083	9.9	17.4	-7.5	0.1	-17.3	0.0	
2.61328	-1.0	11083	10.0	17.3	-7.3	0.1	-17.2	0.0	
2.61719	-0.6	11083	9.9	17.3	-7.4	0.1	-17.2	0.0	
2.62109	-0.3	11083	9.8	17.3	-7.5	0.1	-17.2	0.0	
2.62500	0.1	11083	9.8	17.1	-7.3	0.1	-17.0	0.0	
2.62891	0.4	11083	9.8	17.0	-7.2	0.1	-16.9	0.0	
2.63281	0.9	11083	9.8	16.9	-7.1	0.1	-16.8	0.0	
2.63672	1.5	11083	9.8	16.9	-7.1	0.1	-16.8	0.0	
2.64062	2.0	11083	9.8	16.9	-7.1	0.1	-16.8	0.0	
2.64453	2.0	11083	9.8	16.9	-7.1	0.1	-16.8	0.0	
2.64844	1.4	11083	9.5	16.9	-7.4	0.1	-16.8	0.0	
2.65234	0.6	11083	9.5	16.9	-7.4	0.1	-16.8	0.0	
2.65625	0.4	11083	9.5	16.8	-7.3	0.1	-16.7	0.0	
2.66016	0.8	11083	9.4	16.8	-7.4	0.1	-16.7	0.0	
2.66406	1.8	11083	9.3	16.8	-7.5	0.1	-16.7	0.0	
2.66797	2.6	11084	9.3	16.9	-7.6	0.1	-16.8	0.0	
2.67188	3.1	11084	9.3	16.9	-7.6	0.1	-16.8	0.0	
2.67578	3.5	11084	9.3	16.9	-7.6	0.1	-16.8	0.0	
2.67969	3.6	11084	9.1	16.8	-7.7	0.1	-16.7	0.0	
2.68359	3.8	11084	8.9	16.6	-7.7	0.1	-16.5	0.0	
2.68750	3.8	11085	8.8	16.5	-7.7	0.1	-16.4	0.0	
2.69141	3.8	11085	8.9	16.5	-7.6	0.1	-16.4	0.0	
2.69531	3.8	11085	8.8	16.5	-7.7	0.1	-16.4	0.0	
2.69922	3.6	11085	8.5	16.4	-7.9	0.1	-16.3	0.0	
2.70312	3.5	11086	8.3	16.1	-7.8	0.1	-16.0	0.0	
2.70703	3.5	11086	8.3	16.1	-7.8	0.1	-16.0	0.0	
2.71094	3.5	11086	8.3	16.1	-7.8	0.1	-16.0	0.0	
2.71484	3.5	11086	8.1	16.0	-7.9	0.1	-15.9	0.0	
2.71875	3.8	11087	8.0	15.6	-7.6	0.1	-15.5	0.0	
2.72266	4.1	11087	7.8	15.5	-7.7	0.1	-15.4	0.0	
2.72656	4.3	11087	7.8	15.5	-7.7	0.1	-15.4	0.0	
2.73047	4.3	11087	7.6	15.3	-7.7	0.1	-15.2	0.0	
2.73438	4.3	11088	7.4	15.0	-7.6	0.1	-14.9	0.0	
2.73828	4.1	11088	7.4	14.9	-7.5	0.1	-14.8	0.0	
2.74219	3.9	11088	7.3	14.9	-7.6	0.1	-14.8	0.0	
2.74609	3.9	11089	7.0	14.8	-7.8	0.1	-14.7	0.0	
2.75000	4.1	11089	6.9	14.6	-7.7	0.1	-14.5	0.0	
2.75391	4.3	11089	6.9	14.5	-7.6	0.1	-14.4	0.0	
2.75781	4.3	11089	6.8	14.4	-7.6	0.1	-14.3	0.0	
2.76172	4.1	11090	6.6	14.1	-7.5	0.1	-14.0	0.0	
2.76562	4.0	11090	6.4	14.1	-7.7	0.1	-14.0	0.0	
2.76953	4.0	11090	6.3	14.3	-8.0	0.1	-14.2	0.0	
2.77344	4.0	11090	6.0	14.3	-8.3	0.1	-14.2	0.0	
2.77734	3.9	11091	5.9	14.1	-8.2	0.1	-14.0	0.0	
2.78125	3.9	11091	5.8	14.0	-8.2	0.1	-13.9	0.0	
2.78516	3.8	11091	5.8	13.8	-8.0	0.1	-13.7	0.0	
2.78906	3.8	11091	5.6	13.9	-8.3	0.1	-13.8	0.0	
2.79297	3.6	11092	5.4	13.9	-8.5	0.1	-13.8	0.0	
2.79688	3.6	11092	5.4	13.8	-8.4	0.1	-13.7	0.0	
2.80078	3.8	11092	5.4	13.6	-8.2	0.1	-13.5	0.0	
2.80469	3.8	11092	5.3	13.4	-8.1	0.1	-13.3	0.0	
2.80859	3.6	11093	5.0	13.3	-8.3	0.1	-13.2	0.0	
2.81250	3.5	11093	4.9	13.1	-8.2	0.1	-13.0	0.0	
2.81641	3.4	11093	4.8	13.1	-8.3	0.1	-13.0	0.0	
2.82031	3.3	11093	4.5	13.0	-8.5	0.1	-12.9	0.0	
2.82422	3.3	11093	4.4	12.9	-8.5	0.1	-12.8	0.0	
2.82812	3.3	11094	4.5	12.8	-8.3	0.1	-12.7	0.0	
2.83203	3.1	11094	4.4	12.6	-8.2	0.1	-12.5	0.0	
2.83594	3.1	11094	4.1	12.4	-8.3	0.1	-12.3	0.0	
2.83984	3.3	11094	3.9	12.3	-8.4	0.1	-12.2	0.0	
2.84375	3.4	11095	3.8	12.1	-8.3	0.1	-12.0	0.0	
2.84766	3.6	11095	3.8	12.1	-8.3	0.1	-12.0	0.0	
2.85156	3.8	11095	3.8	12.1	-8.3	0.1	-12.0	0.0	
2.85547	3.8	11095	3.6	12.1	-8.5	0.1	-12.0	0.0	
2.85938	3.6	11095	3.4	12.0	-8.6	0.1	-11.9	0.0	
2.86328	3.3	11096	3.4	11.9	-8.5	0.1	-11.8	0.0	
2.86719	3.0	11096	3.3	11.9	-8.6	0.1	-11.8	0.0	
2.87109	3.1	11096	3.0	11.8	-8.8	0.1	-11.7	0.0	
2.87500	3.4	11096	2.9	11.8	-8.9	0.1	-11.7	0.0	
2.87891	3.6	11097	2.8	11.6	-8.8	0.1	-11.5	0.0	
2.88281	3.9	11097	2.6	11.4	-8.8	0.1	-11.3	0.0	
2.88672	3.9	11097	2.5	11.3	-8.8	0.1	-11.2	0.0	
2.89062	3.9	11097	2.5	11.3	-8.8	0.1	-11.2	0.0	
2.89453	3.9	11098	2.4	11.3	-8.9	0.1	-11.2	0.0	
2.89844	3.8	11098	2.3	11.1	-8.8	0.1	-11.0	0.0	
2.90234	3.9	11098	2.1	11.1	-9.0	0.1	-11.0	0.0	
2.90625	4.0	11098	2.0	11.1	-9.1	0.1	-11.0	0.0	
2.91016	3.9	11099	1.9	10.9	-9.0	0.1	-10.8	0.0	
2.91406	3.6	11099	1.6	10.8	-9.2	0.1	-10.7	0.0	
2.91797	3.5	11099	1.5	10.9	-9.4	0.1	-10.8	0.0	
2.92188	3.6	11099	1.4	10.9	-9.5	0.1	-10.8	0.0	
2.92578	3.8	11100	1.4	10.8	-9.4	0.1	-10.7	0.0	
2.92969	3.8	11100	1.3	10.6	-9.3	0.1	-10.5	0.0	
2.93359	3.8	11100	1.0	10.5	-9.5	0.1	-10.4	0.0	
2.93750	3.8	11100	0.9	10.5	-9.6	0.1	-10.4	0.0	
2.94141	3.9	11101	0.8	10.5	-9.7	0.1	-10.4	0.0	
2.94531	3.9	11101	0.6	10.5	-9.9	0.1	-10.4	0.0	
2.94922	3.9	11101	0.5	10.5	-10.0	0.1	-10.4	0.0	
2.95312	3.8	11101	0.4	10.5	-10.1	0.1	-10.4	0.0	
2.95703	3.8	11102	0.3	10.4	-10.1	0.1	-10.3	0.0	
2.96094	3.8	11102	0.1	10.3	-10.2	0.1	-10.2	0.0	
2.96484	3.8	11102	0.1	10.1	-10.0	0.1	-10.0	0.0	
2.96875	3.8	11102	0.0	10.1	-10.1	0.1	-10.0	0.0	
2.97266	3.5	11103	0.0	10.1	-10.1	0.1	-10.0	0.0	
2.97656	2.9	11103	-0.1	10.1	-10.2	0.1	-10.0	0.0	
2.98047	2.1	11103	-0.1	10.1	-10.2	0.1	-10.0	0.0	
2.98438	1.9	11103	-0.1	10.0	-10.1	0.1	-9.9	0.0	
2.98828	2.1	11103	-0.3	9.9	-10.2	0.1	-9.8	0.0	
2.99219	2.4	11103	-0.5	10.0	-10.5	0.1	-9.9	0.0	
2.99609	2.5	11103	-0.6	10.0	-10.6	0.1	-9.9	0.0	
3.00000	2.5	11104	-0.5	10.0	-10.5	0.1	-9.9	0.0	
3.00391	2.3	11104	-0.6	9.8	-10.4	0.1	-9.7	0.0	
3.00781	2.4	11104	-0.8	9.8	-10.6	0.1	-9.7	0.0	
3.01172	2.9	11104	-0.9	9.8	-10.7	0.1	-9.7	0.0	
3.01562	3.3	11104	-1.0	9.8	-10.8	0.1	-9.7	0.0	
3.01953	3.4	11104	-1.1	9.5	-10.6	0.1	-9.4	0.0	
3.02344	3.3	11105	-1.3	9.5	-10.8	0.1	-9.4	0.0	
3.02734	3.0	11105	-1.3	9.5	-10.8	0.1	-9.4	0.0	
3.03125	3.0	11105	-1.4	9.4	-10.8	0.1	-9.3	0.0	
3.03516	3.1	11105	-1.6	9.3	-10.9	0.1	-9.2	0.0	
3.03906	3.3	11106	-1.6	9.3	-10.9	0.1	-9.2	0.0	
3.04297	3.3	11106	-1.6	9.3	-10.9	0.1	-9.2	0.0	
3.04688	3.4	11106	-1.8	9.3	-11.1	0.1	-9.2	0.0	
3.05078	3.5	11106	-2.0	9.1	-11.1	0.1	-9.0	0.0	
3.05469	3.6	11106	-2.1	9.0	-11.1	0.1	-8.9	0.0	
3.05859	3.8	11107	-2.1	8.9	-11.0	0.1	-8.8	0.0	
3.06250	3.8	11107	-2.3	8.8	-11.1	0.1	-8.7	0.0	
3.06641	3.8	11107	-2.4	8.8	-11.2	0.1	-8.7	0.0	
3.07031	3.5	11107	-2.6	8.9	-11.5	0.1	-8.8	0.0	
3.07422	3.3	11108	-2.6	8.9	-11.5	0.1	-8.8	0.0	
3.07812	3.1	11108	-2.6	8.8	-11.4	0.1	-8.7	0.0	
3.08203	3.0	11108	-2.9	8.6	-11.5	0.1	-8.5	0.0	
3.08594	3.0	11108	-3.1	8.5	-11.6	0.1	-8.4	0.0	
3.08984	2.9	11108	-3.1	8.5	-11.6	0.1	-8.4	0.0	
3.09375	2.8	11109	-3.1	8.5	-11.6	0.1	-8.4	0.0	
3.09766	2.9	11109	-3.4	8.4	-11.8	0.1	-8.3	0.0	
3.10156	3.0	11109	-3.5	8.3	-11.8	0.1	-8.2	0.0	
3.10547	2.5	11109	-3.6	8.1	-11.7	0.1	-8.0	0.0	
3.10938	2.1	11109	-3.6	8.0	-11.6	0.1	-7.9	0.0	
3.11328	1.9	11109	-3.8	7.9	-11.7	0.1	-7.8	0.0	
3.11719	1.5	11109	-4.0	8.0	-12.0	0.1	-7.9	0.0	
3.12109	1.6	11110	-4.0	7.9	-11.9	0.1	-7.8	0.0	
3.12500	2.3	11110	-4.0	7.8	-11.8	0.1	-7.7	0.0	
3.12891	2.9	11110	-4.0	7.8	-11.8	0.1	-7.7	0.0	
3.13281	3.1	11110	-4.0	7.6	-11.6	0.1	-7.5	0.0	
3.13672	3.1	11110	-4.0	7.5	-11.5	0.1	-7.4	0.0	
3.14062	3.0	11111	-4.3	7.5	-11.8	0.1	-7.4	0.0	
3.14453	2.9	11111	-4.5	7.4	-11.9	0.1	-7.3	0.0	
3.14844	2.9	11111	-4.6	7.4	-12.0	0.1	-7.3	0.0	
3.15234	3.1	11111	-4.5	7.4	-11.9	0.1	-7.3	0.0	
3.15625	3.4	11111	-4.6	7.3	-11.9	0.1	-7.2	0.0	
3.16016	3.3	11112	-4.8	7.0	-11.8	0.1	-6.9	0.0	
3.16406	2.8	11112	-5.0	7.0	-12.0	0.1	-6.9	0.0	
3.16797	2.6	11112	-5.1	7.1	-12.2	0.1	-7.0	0.0	
3.17188	2.8	11112	-5.3	7.0	-12.3	0.1	-6.9	0.0	
3.17578	3.0	11112	-5.3	6.9	-12.2	0.1	-6.8	0.0	
3.17969	3.3	11112	-5.3	6.9	-12.2	0.1	-6.8	0.0	
3.18359	3.4	11113	-5.3	6.9	-12.2	0.1	-6.8	0.0	
3.18750	3.3	11113	-5.4	6.9	-12.3	0.1	-6.8	0.0	
3.19141	3.1	11113	-5.6	6.9	-12.5	0.1	-6.8	0.0	
3.19531	3.4	11113	-5.6	6.9	-12.5	0.1	-6.8	0.0	
3.19922	3.6	11114	-5.8	6.9	-12.7	0.1	-6.8	0.0	
3.20312	3.9	11114	-6.0	6.9	-12.9	0.1	-6.8	0.0	
3.20703	4.0	11114	-6.0	6.9	-12.9	0.1	-6.8	0.0	
3.21094	4.0	11114	-6.0	6.9	-12.9	0.1	-6.8	0.0	
3.21484	4.0	11115	-6.0	6.9	-12.9	0.1	-6.8	0.0	
3.21875	3.9	11115	-6.1	6.9	-13.0	0.1	-6.8	0.0	
3.22266	3.8	11115	-6.5	6.9	-13.4	0.1	-6.8	0.0	
3.22656	3.6	11115	-6.8	6.9	-13.7	0.1	-6.8	0.0	
3.23047	3.1	11116	-6.8	6.9	-13.7	0.1	-6.8	0.0	
3.23438	2.5	11116	-6.9	6.9	-13.8	0.1	-6.8	0.0	
3.23828	2.1	11116	-7.0	6.8	-13.8	0.1	-6.7	0.0	
3.24219	2.1	11116	-7.1	6.5	-13.6	0.1	-6.4	0.0	
3.24609	2.6	11116	-7.3	6.3	-13.6	0.1	-6.2	0.0	
3.25000	3.0	11116	-7.3	6.1	-13.4	0.1	-6.0	0.0	
3.25391	3.3	11117	-7.4	6.1	-13.5	0.1	-6.0	0.0	
3.25781	3.3	11117	-7.5	6.0	-13.5	0.1	-5.9	0.0	
3.26172	3.1	11117	-7.5	5.8	-13.3	0.1	-5.7	0.0	
3.26562	3.1	11117	-7.6	5.8	-13.4	0.1	-5.7	0.0	
3.26953	3.1	11117	-7.8	5.5	-13.3	0.1	-5.4	0.0	
3.27344	2.9	11118	-8.0	5.1	-13.1	0.1	-5.0	0.0	
3.27734	2.9	11118	-8.0	5.0	-13.0	0.1	-4.9	0.0	
3.28125	3.0	11118	-8.0	4.8	-12.8	0.1	-4.7	0.0	
3.28516	3.1	11118	-8.0	4.6	-12.6	0.1	-4.5	0.0	
3.28906	3.1	11118	-8.0	4.5	-12.5	0.1	-4.4	0.0	
3.29297	3.1	11119	-8.3	4.5	-12.8	0.1	-4.4	0.0	
3.29688	3.3	11119	-8.4	4.4	-12.8	0.1	-4.3	0.0	
3.30078	3.6	11119	-8.5	4.3	-12.8	0.1	-4.2	0.0	
3.30469	3.8	11119	-8.8	4.1	-12.9	0.1	-4.0	0.0	
3.30859	3.8	11119	-8.9	4.1	-13.0	0.1	-4.0	0.0	
3.31250	3.8	11120	-8.9	4.0	-12.9	0.1	-3.9	0.0	
3.31641	3.6	11120	-9.0	3.8	-12.8	0.1	-3.7	0.0	
3.32031	3.6	11120	-9.1	3.8	-12.9	0.1	-3.7	0.0	
3.32422	3.6	11120	-9.3	3.6	-12.9	0.1	-3.5	0.0	
3.32812	3.6	11121	-9.3	3.4	-12.7	0.1	-3.3	0.0	
3.33203	3.6	11121	-9.4	3.3	-12.7	0.1	-3.2	0.0	
3.33594	3.8	11121	-9.5	3.0	-12.5	0.1	-2.9	0.0	
3.33984	3.8	11121	-9.6	2.9	-12.5	0.1	-2.8	0.0	
3.34375	3.8	11122	-9.6	2.8	-12.4	0.1	-2.7	0.0	
3.34766	3.9	11122	-9.8	2.6	-12.4	0.1	-2.5	0.0	
3.35156	3.8	11122	-10.0	2.5	-12.5	0.1	-2.4	0.0	
3.35547	3.5	11122	-10.0	2.4	-12.4	0.1	-2.3	0.0	
3.35938	3.1	11123	-10.1	2.3	-12.4	0.1	-2.2	0.0	
3.36328	2.6	11123	-10.4	2.0	-12.4	0.1	-1.9	0.0	
3.36719	2.6	11123	-10.5	1.9	-12.4	0.1	-1.8	0.0	
3.37109	2.6	11123	-10.6	1.6	-12.2	0.1	-1.5	0.0	
3.37500	2.4	11123	-10.8	1.5	-12.3	0.1	-1.4	0.0	
3.37891	2.4	11123	-10.9	1.4	-12.3	0.1	-1.3	0.0	
3.38281	2.4	11124	-10.9	1.4	-12.3	0.1	-1.3	0.0	
3.38672	2.3	11124	-10.9	1.3	-12.2	0.1	-1.2	0.0	
3.39062	1.9	11124	-11.0	1.0	-12.0	0.1	-0.9	0.0	
3.39453	1.4	11124	-11.1	0.9	-12.0	0.1	-0.8	0.0	
3.39844	1.0	11124	-11.3	0.6	-11.9	0.1	-0.5	0.0	
3.40234	0.5	11124	-11.3	0.5	-11.8	0.1	-0.4	0.0	
3.40625	0.1	11124	-11.3	0.5	-11.8	0.1	-0.4	0.0	
3.41016	0.1	11124	-11.3	0.5	-11.8	0.1	-0.4	0.0	
3.41406	0.4	11124	-11.3	0.4	-11.7	0.1	-0.3	0.0	
3.41797	0.5	11124	-11.4	0.3	-11.7	0.1	-0.2	0.0	
3.42188	0.4	11124	-11.5	0.1	-11.6	0.1	0.0	0.0	
3.42578	0.4	11124	-11.5	0.1	-11.6	0.1	0.0	0.0	
3.42969	0.3	11124	-11.5	0.1	-11.6	0.1	0.0	0.0	
3.43359	0.0	11124	-11.6	0.1	-11.7	0.1	0.0	0.0	
3.43750	-0.5	11124	-11.6	0.1	-11.7	0.1	0.0	0.0	
3.44141	-0.8	11124	-11.6	0.3	-11.9	0.1	-0.2	0.0	
3.44531	-0.8	11124	-11.6	0.4	-12.0	0.1	-0.3	0.0	
3.44922	-0.9	11124	-11.6	0.4	-12.0	0.1	-0.3	0.0	
3.45312	-0.9	11124	-11.8	0.3	-12.1	0.1	-0.2	0.0	
3.45703	-1.0	11124	-11.9	0.1	-12.0	0.1	0.0	0.0	
3.46094	-1.0	11124	-11.9	0.1	-12.0	0.1	0.0	0.0	
3.46484	-0.9	11124	-11.9	0.1	-12.0	0.1	0.0	0.0	
3.46875	-0.5	11124	-11.8	0.1	-11.9	0.1	0.0	0.0	
3.47266	-0.5	11124	-11.8	0.0	-11.8	0.1	0.1	0.0	
3.47656	-1.0	11124	-11.8	0.0	-11.8	0.1	0.1	0.0	
3.48047	-1.3	11124	-11.8	0.0	-11.8	0.1	0.1	0.0	
3.48438	-1.4	11123	-11.8	0.0	-11.8	0.1	0.1	0.0	
3.48828	-1.9	11123	-11.5	0.0	-11.5	0.1	0.1	0.0	
3.49219	-2.8	11123	-11.5	0.0	-11.5	0.1	0.1	0.0	
3.49609	-3.4	11123	-11.5	0.1	-11.6	0.1	0.0	0.0	
3.50000	-3.8	11123	-11.4	0.1	-11.5	0.1	0.0	0.0	
3.50391	-3.9	11122	-11.1	0.1	-11.2	0.1	0.0	0.0	
3.50781	-3.8	11122	-11.0	0.1	-11.1	0.1	0.0	0.0	
3.51172	-3.8	11122	-10.9	0.1	-11.0	0.1	0.0	0.0	
3.51562	-3.9	11122	-10.8	0.3	-11.1	0.1	-0.2	0.0	
3.51953	-4.1	11121	-10.6	0.4	-11.0	0.1	-0.3	0.0	
3.52344	-4.4	11121	-10.4	0.5	-10.9	0.1	-0.4	0.0	
3.52734	-4.9	11121	-10.3	0.5	-10.8	0.1	-0.4	0.0	
3.53125	-5.1	11120	-10.0	0.6	-10.6	0.1	-0.5	0.0	
3.53516	-5.3	11120	-9.9	0.8	-10.7	0.1	-0.7	0.0	
3.53906	-5.5	11120	-9.6	0.9	-10.5	0.1	-0.8	0.0	
3.54297	-5.6	11119	-9.4	1.0	-10.4	0.1	-0.9	0.0	
3.54688	-5.6	11119	-9.3	1.1	-10.4	0.1	-1.0	0.0	
3.55078	-5.8	11119	-9.0	1.4	-10.4	0.1	-1.3	0.0	
3.55469	-5.8	11118	-8.9	1.5	-10.4	0.1	-1.4	0.0	
3.55859	-6.0	11118	-8.6	1.6	-10.2	0.1	-1.5	0.0	
3.56250	-6.1	11117	-8.4	1.8	-10.2	0.1	-1.7	0.0	
3.56641	-6.5	11117	-8.0	2.1	-10.1	0.1	-2.0	0.0	
3.57031	-6.8	11117	-7.6	2.5	-10.1	0.1	-2.4	0.0	
3.57422	-7.0	11116	-7.4	2.8	-10.2	0.1	-2.7	0.0	
3.57812	-7.1	11116	-7.0	2.9	-9.9	0.1	-2.8	0.0	
3.58203	-7.1	11115	-6.8	3.3	-10.1	0.1	-3.2	0.0	
3.58594	-7.1	11115	-6.4	3.6	-10.0	0.1	-3.5	0.0	
3.58984	-7.3	11114	-6.0	4.0	-10.0	0.1	-3.9	0.0	
3.59375	-7.5	11114	-5.5	4.4	-9.9	0.1	-4.3	0.0	
3.59766	-8.1	11113	-5.1	4.8	-9.9	0.1	-4.7	0.0	
3.60156	-9.0	11113	-4.8	5.3	-10.1	0.1	-5.2	0.0	
3.60547	-9.6	11112	-4.4	5.6	-10.0	0.1	-5.5	0.0	
3.60938	-10.0	11111	-4.1	6.0	-10.1	0.1	-5.9	0.0	
3.61328	-10.3	11111	-3.8	6.4	-10.2	0.1	-6.3	0.0	
3.61719	-10.4	11110	-3.4	6.8	-10.2	0.1	-6.7	0.0	
3.62109	-10.5	11109	-3.0	7.1	-10.1	0.1	-7.0	0.0	
3.62500	-10.5	11109	-2.6	7.4	-10.0	0.1	-7.3	0.0	
3.62891	-10.4	11108	-2.1	7.6	-9.7	0.1	-7.5	0.0	
3.63281	-10.3	11107	-1.8	8.0	-9.8	0.1	-7.9	0.0	
3.63672	-10.0	11107	-1.4	8.4	-9.8	0.1	-8.3	0.0	
3.64062	-9.6	11106	-1.0	8.8	-9.8	0.1	-8.7	0.0	
3.64453	-9.1	11105	-0.8	9.0	-9.8	0.1	-8.9	0.0	
3.64844	-8.9	11105	-0.5	9.3	-9.8	0.1	-9.2	0.0	
3.65234	-8.6	11104	-0.1	9.6	-9.7	0.1	-9.5	0.0	
3.65625	-8.5	11104	0.1	9.9	-9.8	0.1	-9.8	0.0	
3.66016	-8.5	11103	0.4	10.1	-9.7	0.1	-10.0	0.0	
3.66406	-8.5	11103	0.8	10.5	-9.7	0.1	-10.4	0.0	
3.66797	-8.6	11102	0.9	10.8	-9.9	0.1	-10.7	0.0	
3.67188	-8.6	11102	1.3	11.1	-9.8	0.1	-11.0	0.0	
3.67578	-8.6	11101	1.6	11.3	-9.7	0.1	-11.2	0.0	
3.67969	-8.6	11100	1.9	11.5	-9.6	0.1	-11.4	0.0	
3.68359	-8.3	11100	2.1	11.8	-9.7	0.1	-11.7	0.0	
3.68750	-7.6	11099	2.4	12.0	-9.6	0.1	-11.9	0.0	
3.69141	-6.9	11099	2.5	12.3	-9.8	0.1	-12.2	0.0	
3.69531	-6.4	11099	2.8	12.4	-9.6	0.1	-12.3	0.0	
3.69922	-6.1	11098	3.0	12.4	-9.4	0.1	-12.3	0.0	
3.70312	-6.0	11098	3.3	12.5	-9.2	0.1	-12.4	0.0	
3.70703	-6.0	11097	3.5	12.9	-9.4	0.1	-12.8	0.0	
3.71094	-6.1	11097	3.6	13.1	-9.5	0.1	-13.0	0.0	
3.71484	-6.1	11097	3.8	13.3	-9.5	0.1	-13.2	0.0	
3.71875	-6.0	11096	4.1	13.5	-9.4	0.1	-13.4	0.0	
3.72266	-5.6	11096	4.4	13.6	-9.2	0.1	-13.5	0.0	
3.72656	-5.1	11095	4.5	13.8	-9.3	0.1	-13.7	0.0	
3.73047	-4.9	11095	4.8	13.9	-9.1	0.1	-13.8	0.0	
3.73438	-4.6	11095	4.9	13.9	-9.0	0.1	-13.8	0.0	
3.73828	-4.5	11095	4.9	14.0	-9.1	0.1	-13.9	0.0	
3.74219	-4.4	11094	5.0	14.1	-9.1	0.1	-14.0	0.0	
3.74609	-4.5	11094	5.3	14.4	-9.1	0.1	-14.3	0.0	
3.75000	-4.6	11094	5.5	14.5	-9.0	0.1	-14.4	0.0	
3.75391	-4.8	11093	5.6	14.8	-9.2	0.1	-14.7	0.0	
3.75781	-4.6	11093	5.6	14.9	-9.3	0.1	-14.8	0.0	
3.76172	-4.5	11093	5.8	14.9	-9.1	0.1	-14.8	0.0	
3.76562	-4.3	11093	6.0	15.0	-9.0	0.1	-14.9	0.0	
3.76953	-4.3	11092	6.0	15.1	-9.1	0.1	-15.0	0.0	
3.77344	-4.3	11092	6.0	15.1	-9.1	0.1	-15.0	0.0	
3.77734	-4.4	11092	6.1	15.1	-9.0	0.1	-15.0	0.0	
3.78125	-4.4	11091	6.4	15.1	-8.7	0.1	-15.0	0.0	
3.78516	-4.3	11091	6.5	15.4	-8.9	0.1	-15.3	0.0	
3.78906	-4.1	11091	6.6	15.5	-8.9	0.1	-15.4	0.0	
3.79297	-4.1	11091	6.8	15.6	-8.8	0.1	-15.5	0.0	
3.79688	-4.1	11090	6.9	15.6	-8.7	0.1	-15.5	0.0	
3.80078	-4.1	11090	6.9	15.6	-8.7	0.1	-15.5	0.0	
3.80469	-4.0	11090	7.0	15.6	-8.6	0.1	-15.5	0.0	
3.80859	-4.0	11089	7.1	15.8	-8.7	0.1	-15.7	0.0	
3.81250	-3.9	11089	7.3	15.9	-8.6	0.1	-15.8	0.0	
3.81641	-3.6	11089	7.3	16.0	-8.7	0.1	-15.9	0.0	
3.82031	-3.4	11089	7.3	16.0	-8.7	0.1	-15.9	0.0	
3.82422	-3.1	11089	7.4	16.0	-8.6	0.1	-15.9	0.0	
3.82812	-3.0	11088	7.6	16.1	-8.5	0.1	-16.0	0.0	
3.83203	-3.0	11088	7.6	16.4	-8.8	0.1	-16.3	0.0	
3.83594	-3.0	11088	7.6	16.4	-8.8	0.1	-16.3	0.0	
3.83984	-3.0	11088	7.8	16.4	-8.6	0.1	-16.3	0.0	
3.84375	-2.9	11088	8.0	16.4	-8.4	0.1	-16.3	0.0	
3.84766	-2.0	11087	8.0	16.5	-8.5	0.1	-16.4	0.0	
3.85156	-0.9	11087	8.0	16.6	-8.6	0.1	-16.5	0.0	
3.85547	-0.3	11087	8.0	16.5	-8.5	0.1	-16.4	0.0	
3.85938	0.0	11087	8.0	16.6	-8.6	0.1	-16.5	0.0	
3.86328	0.0	11087	8.0	16.8	-8.8	0.1	-16.7	0.0	
3.86719	0.0	11087	8.0	16.9	-8.9	0.1	-16.8	0.0	
3.87109	0.0	11087	8.0	16.9	-8.9	0.1	-16.8	0.0	
3.87500	0.0	11087	8.0	17.0	-9.0	0.1	-16.9	0.0	
3.87891	0.0	11087	8.0	17.0	-9.0	0.1	-16.9	0.0	
3.88281	-0.3	11087	8.3	17.0	-8.7	0.1	-16.9	0.0	
3.88672	-0.4	11087	8.4	17.1	-8.7	0.1	-17.0	0.0	
3.89062	-0.1	11087	8.4	17.3	-8.9	0.1	-17.2	0.0	
3.89453	0.0	11087	8.1	17.1	-9.0	0.1	-17.0	0.0	
3.89844	0.0	11087	8.3	17.1	-8.8	0.1	-17.0	0.0	
3.90234	0.0	11087	8.4	17.1	-8.7	0.1	-17.0	0.0	
3.90625	0.0	11087	8.4	17.3	-8.9	0.1	-17.2	0.0	
3.91016	0.1	11087	8.1	17.3	-9.2	0.1	-17.2	0.0	
3.91406	0.1	11087	8.3	17.1	-8.8	0.1	-17.0	0.0	
3.91797	0.0	11087	8.4	17.0	-8.6	0.1	-16.9	0.0	
3.92188	0.0	11087	8.5	16.9	-8.4	0.1	-16.8	0.0	
3.92578	-0.1	11087	8.5	16.9	-8.4	0.1	-16.8	0.0	
3.92969	-0.5	11087	8.5	16.9	-8.4	0.1	-16.8	0.0	
3.93359	-0.6	11087	8.5	16.8	-8.3	0.1	-16.7	0.0	
3.93750	-0.9	11087	8.5	16.8	-8.3	0.1	-16.7	0.0	
3.94141	-1.4	11087	8.5	16.6	-8.1	0.1	-16.5	0.0	
3.94531	-1.5	11087	8.5	16.5	-8.0	0.1	-16.4	0.0	
3.94922	-1.4	11087	8.5	16.5	-8.0	0.1	-16.4	0.0	
3.95312	-1.1	11087	8.5	16.5	-8.0	0.1	-16.4	0.0	
3.95703	-1.0	11087	8.5	16.5	-8.0	0.1	-16.4	0.0	
3.96094	-0.9	11087	8.5	16.5	-8.0	0.1	-16.4	0.0	
3.96484	-0.9	11087	8.6	16.5	-7.9	0.1	-16.4	0.0	
3.96875	-0.9	11087	8.6	16.5	-7.9	0.1	-16.4	0.0	
3.97266	-0.6	11087	8.6	16.5	-7.9	0.1	-16.4	0.0	
3.97656	-0.3	11087	8.6	16.6	-8.0	0.1	-16.5	0.0	
3.98047	-0.3	11087	8.6	16.6	-8.0	0.1	-16.5	0.0	
3.98438	-0.5	11087	8.6	16.6	-8.0	0.1	-16.5	0.0	
3.98828	-0.8	11086	8.5	16.8	-8.3	0.1	-16.7	0.0	
3.99219	-0.9	11086	8.6	16.9	-8.3	0.1	-16.8	0.0	
3.99609	-0.9	11086	8.8	16.9	-8.1	0.1	-16.8	0.0	
4.00000	-0.8	11086	8.8	16.9	-8.1	0.1	-16.8	0.0	
4.00391	-0.8	11086	8.8	16.9	-8.1	0.1	-16.8	0.0	
4.00781	-1.0	11086	8.8	16.9	-8.1	0.1	-16.8	0.0	
4.01172	-1.1	11086	8.8	16.9	-8.1	0.1	-16.8	0.0	
4.01562	-1.0	11086	8.8	16.9	-8.1	0.1	-16.8	0.0	
4.01953	-0.6	11086	8.8	16.9	-8.1	0.1	-16.8	0.0	
4.02344	-0.3	11086	8.9	16.9	-8.0	0.1	-16.8	0.0	
4.02734	0.0	11086	8.9	16.9	-8.0	0.1	-16.8	0.0	
4.03125	0.0	11086	8.8	16.9	-8.1	0.1	-16.8	0.0	
4.03516	0.0	11086	8.8	16.8	-8.0	0.1	-16.7	0.0	
4.03906	0.0	11086	8.8	16.8	-8.0	0.1	-16.7	0.0	
4.04297	0.0	11086	8.8	16.8	-8.0	0.1	-16.7	0.0	
4.04688	0.0	11086	8.8	16.9	-8.1	0.1	-16.8	0.0	
4.05078	0.0	11086	8.8	16.8	-8.0	0.1	-16.7	0.0	
4.05469	0.0	11086	8.9	16.8	-7.9	0.1	-16.7	0.0	
4.05859	0.0	11086	8.9	16.8	-7.9	0.1	-16.7	0.0	
4.06250	0.0	11086	8.8	16.8	-8.0	0.1	-16.7	0.0	
4.06641	-0.1	11086	8.8	16.5	-7.7	0.1	-16.4	0.0	
4.07031	-0.1	11086	8.8	16.5	-7.7	0.1	-16.4	0.0	
4.07422	0.0	11086	8.9	16.6	-7.7	0.1	-16.5	0.0	
4.07812	0.0	11086	8.9	16.6	-7.7	0.1	-16.5	0.0	
4.08203	0.0	11086	8.9	16.5	-7.6	0.1	-16.4	0.0	
4.08594	0.0	11086	8.9	16.5	-7.6	0.1	-16.4	0.0	
4.08984	0.0	11086	8.9	16.5	-7.6	0.1	-16.4	0.0	
4.09375	0.0	11086	8.9	16.5	-7.6	0.1	-16.4	0.0	
4.09766	0.0	11086	8.9	16.5	-7.6	0.1	-16.4	0.0	
4.10156	0.0	11086	8.9	16.5	-7.6	0.1	-16.4	0.0	
4.10547	0.0	11086	8.9	16.5	-7.6	0.1	-16.4	0.0	
4.10938	0.0	11086	8.9	16.5	-7.6	0.1	-16.4	0.0	
4.11328	0.0	11086	8.9	16.5	-7.6	0.1	-16.4	0.0	
4.11719	0.0	11086	8.9	16.5	-7.6	0.1	-16.4	0.0	
4.12109	0.0	11086	8.9	16.5	-7.6	0.1	-16.4	0.0	
4.12500	0.0	11086	8.9	16.5	-7.6	0.1	-16.4	0.0	
4.12891	0.0	11086	8.9	16.5	-7.6	0.1	-16.4	0.0	
4.13281	0.0	11086	8.9	16.5	-7.6	0.1	-16.4	0.0	
4.13672	0.0	11086	8.9	16.5	-7.6	0.1	-16.4	0.0	
4.14062	0.0	11086	8.9	16.5	-7.6	0.1	-16.4	0.0	
4.14453	0.0	11086	8.9	16.5	-7.6	0.1	-16.4	0.0	
4.14844	0.0	11086	8.9	16.5	-7.6	0.1	-16.4	0.0	
4.15234	0.0	11086	8.9	16.4	-7.5	0.1	-16.3	0.0	
4.15625	0.0	11086	8.9	16.1	-7.2	0.1	-16.0	0.0	
4.16016	0.0	11086	8.9	16.1	-7.2	0.1	-16.0	0.0	
4.16406	0.0	11086	9.0	16.1	-7.1	0.1	-16.0	0.0	
4.16797	0.0	11086	9.0	16.1	-7.1	0.1	-16.0	0.0	
4.17188	-0.3	11086	9.0	16.1	-7.1	0.1	-16.0	0.0	
4.17578	-0.8	11086	9.0	16.1	-7.1	0.1	-16.0	0.0	
4.17969	-1.0	11086	9.1	16.1	-7.0	0.1	-16.0	0.0	
4.18359	-1.1	11086	9.1	16.1	-7.0	0.1	-16.0	0.0	
4.18750	-1.4	11086	9.1	16.1	-7.0	0.1	-16.0	0.0	
4.19141	-1.1	11086	9.1	16.1	-7.0	0.1	-16.0	0.0	
4.19531	-0.6	11086	9.3	16.1	-6.8	0.1	-16.0	0.0	
4.19922	-0.1	11086	9.3	16.3	-7.0	0.1	-16.2	0.0	
4.20312	0.0	11086	9.3	16.1	-6.8	0.1	-16.0	0.0	
4.20703	0.0	11086	9.3	16.1	-6.8	0.1	-16.0	0.0	
4.21094	0.0	11086	9.3	16.1	-6.8	0.1	-16.0	0.0	
4.21484	0.0	11086	9.3	16.1	-6.8	0.1	-16.0	0.0	
4.21875	0.0	11086	9.3	16.1	-6.8	0.1	-16.0	0.0	
4.22266	0.0	11086	9.3	16.3	-7.0	0.1	-16.2	0.0	
4.22656	0.0	11086	9.4	16.3	-6.9	0.1	-16.2	0.0	
4.23047	0.0	11086	9.4	16.3	-6.9	0.1	-16.2	0.0	
4.23438	0.0	11086	9.4	16.1	-6.7	0.1	-16.0	0.0	
4.23828	0.0	11086	9.4	16.1	-6.7	0.1	-16.0	0.0	
4.24219	0.0	11086	9.5	16.1	-6.6	0.1	-16.0	0.0	
4.24609	0.0	11086	9.4	16.4	-7.0	0.1	-16.3	0.0	
4.25000	0.0	11086	9.3	16.4	-7.1	0.1	-16.3	0.0	
4.25391	0.0	11086	9.3	16.4	-7.1	0.1	-16.3	0.0	
4.25781	0.0	11086	9.3	16.4	-7.1	0.1	-16.3	0.0	
4.26172	0.0	11086	9.3	16.4	-7.1	0.1	-16.3	0.0	
4.26562	0.0	11086	9.3	16.4	-7.1	0.1	-16.3	0.0	
4.26953	0.0	11086	9.4	16.4	-7.0	0.1	-16.3	0.0	
4.27344	0.0	11086	9.4	16.4	-7.0	0.1	-16.3	0.0	
4.27734	0.0	11086	9.4	16.4	-7.0	0.1	-16.3	0.0	
4.28125	0.0	11086	9.4	16.4	-7.0	0.1	-16.3	0.0	
4.28516	0.0	11086	9.6	16.6	-7.0	0.1	-16.5	0.0	
4.28906	0.0	11086	9.6	16.8	-7.2	0.1	-16.7	0.0	
4.29297	0.0	11086	9.6	16.9	-7.3	0.1	-16.8	0.0	
4.29688	0.0	11086	9.6	16.9	-7.3	0.1	-16.8	0.0	
4.30078	0.0	11086	9.6	16.9	-7.3	0.1	-16.8	0.0	
4.30469	-0.1	11086	9.6	16.9	-7.3	0.1	-16.8	0.0	
4.30859	-0.5	11086	9.6	16.8	-7.2	0.1	-16.7	0.0	
4.31250	-0.9	11085	9.6	16.8	-7.2	0.1	-16.7	0.0	
4.31641	-0.9	11085	9.6	16.8	-7.2	0.1	-16.7	0.0	
4.32031	-0.8	11085	9.6	17.0	-7.4	0.1	-16.9	0.0	
4.32422	-0.9	11085	9.6	17.0	-7.4	0.1	-16.9	0.0	
4.32812	-0.9	11085	9.6	16.9	-7.3	0.1	-16.8	0.0	
4.33203	-0.9	11085	9.8	17.0	-7.2	0.1	-16.9	0.0	
4.33594	-1.0	11085	9.9	17.1	-7.2	0.1	-17.0	0.0	
4.33984	-0.9	11085	9.8	17.3	-7.5	0.1	-17.2	0.0	
4.34375	-0.6	11085	9.8	17.3	-7.5	0.1	-17.2	0.0	
4.34766	-0.1	11085	9.8	17.4	-7.6	0.1	-17.3	0.0	
4.35156	-0.1	11085	9.9	17.4	-7.5	0.1	-17.3	0.0	
4.35547	-0.6	11085	9.8	17.4	-7.6	0.1	-17.3	0.0	
4.35938	-0.6	11085	9.8	17.3	-7.5	0.1	-17.2	0.0	
4.36328	-0.3	11085	9.8	17.3	-7.5	0.1	-17.2	0.0	
4.36719	0.0	11085	9.9	17.3	-7.4	0.1	-17.2	0.0	
4.37109	0.0	11085	9.8	17.4	-7.6	0.1	-17.3	0.0	
4.37500	0.0	11085	9.8	17.5	-7.7	0.1	-17.4	0.0	
4.37891	0.0	11085	9.8	17.5	-7.7	0.1	-17.4	0.0	
4.38281	0.0	11085	9.9	17.5	-7.6	0.1	-17.4	0.0	
4.38672	0.0	11085	9.8	17.5	-7.7	0.1	-17.4	0.0	
4.39062	0.0	11085	9.9	17.6	-7.7	0.1	-17.5	0.0	
4.39453	0.0	11085	10.0	17.6	-7.6	0.1	-17.5	0.0	
4.39844	0.0	11085	10.0	17.5	-7.5	0.1	-17.4	0.0	
4.40234	-0.3	11085	9.9	17.5	-7.6	0.1	-17.4	0.0	
4.40625	-0.3	11085	9.9	17.5	-7.6	0.1	-17.4	0.0	
4.41016	-0.1	11085	10.0	17.6	-7.6	0.1	-17.5	0.0	
4.41406	0.0	11085	9.9	17.6	-7.7	0.1	-17.5	0.0	
4.41797	0.0	11085	9.9	17.6	-7.7	0.1	-17.5	0.0	
4.42188	0.0	11085	10.0	17.6	-7.6	0.1	-17.5	0.0	
4.42578	0.0	11085	10.0	17.6	-7.6	0.1	-17.5	0.0	
4.42969	0.0	11085	10.0	17.6	-7.6	0.1	-17.5	0.0	
4.43359	0.0	11085	10.0	17.6	-7.6	0.1	-17.5	0.0	
4.43750	0.0	11085	10.0	17.6	-7.6	0.1	-17.5	0.0	
4.44141	0.0	11085	10.0	17.6	-7.6	0.1	-17.5	0.0	
4.44531	0.0	11085	10.0	17.6	-7.6	0.1	-17.5	0.0	
4.44922	0.0	11085	10.0	17.6	-7.6	0.1	-17.5	0.0	
4.45312	0.0	11085	10.0	17.6	-7.6	0.1	-17.5	0.0	
4.45703	0.0	11085	10.3	17.5	-7.2	0.1	-17.4	0.0	
4.46094	0.0	11085	10.3	17.5	-7.2	0.1	-17.4	0.0	
4.46484	0.0	11085	10.1	17.5	-7.4	0.1	-17.4	0.0	
4.46875	0.0	11085	10.1	17.5	-7.4	0.1	-17.4	0.0	
4.47266	-0.1	11085	10.1	17.5	-7.4	0.1	-17.4	0.0	
4.47656	-0.4	11085	10.1	17.6	-7.5	0.1	-17.5	0.0	
4.48047	-0.4	11085	10.1	17.6	-7.5	0.1	-17.5	0.0	
4.48438	-0.3	11085	10.1	17.6	-7.5	0.1	-17.5	0.0	
4.48828	0.0	11085	10.1	17.6	-7.5	0.1	-17.5	0.0	
4.49219	0.0	11085	10.1	17.8	-7.7	0.1	-17.7	0.0	
4.49609	0.0	11085	10.1	17.8	-7.7	0.1	-17.7	0.0	
4.50000	0.1	11085	10.3	17.9	-7.6	0.1	-17.8	0.0	
4.50391	0.1	11085	10.3	18.0	-7.7	0.1	-17.9	0.0	
4.50781	0.1	11085	10.1	17.9	-7.8	0.1	-17.8	0.0	
4.51172	-0.3	11085	10.3	17.9	-7.6	0.1	-17.8	0.0	
4.51562	-0.9	11085	10.4	18.0	-7.6	0.1	-17.9	0.0	
4.51953	-1.1	11085	10.4	18.0	-7.6	0.1	-17.9	0.0	
4.52344	-0.8	11085	10.1	18.0	-7.9	0.1	-17.9	0.0	
4.52734	-0.1	11085	10.3	18.0	-7.7	0.1	-17.9	0.0	
4.53125	0.0	11085	10.3	18.0	-7.7	0.1	-17.9	0.0	
4.53516	0.1	11085	10.1	18.0	-7.9	0.1	-17.9	0.0	
4.53906	0.0	11085	10.1	18.0	-7.9	0.1	-17.9	0.0	
4.54297	0.0	11085	10.1	18.0	-7.9	0.1	-17.9	0.0	
4.54688	0.0	11085	10.3	18.1	-7.8	0.1	-18.0	0.0	
4.55078	0.0	11085	10.3	18.4	-8.1	0.1	-18.3	0.0	
4.55469	0.0	11085	10.1	18.4	-8.3	0.1	-18.3	0.0	
4.55859	0.3	11085	10.3	18.3	-8.0	0.1	-18.2	0.0	
4.56250	0.3	11085	10.3	18.1	-7.8	0.1	-18.0	0.0	
4.56641	0.3	11085	10.1	18.3	-8.2	0.1	-18.2	0.0	
4.57031	0.1	11085	10.1	18.3	-8.2	0.1	-18.2	0.0	
4.57422	0.0	11085	10.1	18.1	-8.0	0.1	-18.0	0.0	
4.57812	0.0	11085	10.1	18.1	-8.0	0.1	-18.0	0.0	
4.58203	0.0	11085	10.1	18.1	-8.0	0.1	-18.0	0.0	
4.58594	0.0	11085	10.1	18.1	-8.0	0.1	-18.0	0.0	
4.58984	-0.1	11085	10.1	18.1	-8.0	0.1	-18.0	0.0	
4.59375	-0.4	11085	10.0	17.9	-7.9	0.1	-17.8	0.0	
4.59766	-0.6	11085	9.8	17.8	-8.0	0.1	-17.7	0.0	
4.60156	-1.4	11085	9.8	17.6	-7.8	0.1	-17.5	0.0	
4.60547	-2.0	11084	9.9	17.5	-7.6	0.1	-17.4	0.0	
4.60938	-2.0	11084	10.0	17.5	-7.5	0.1	-17.4	0.0	
4.61328	-1.9	11084	10.0	17.4	-7.4	0.1	-17.3	0.0	
4.61719	-1.4	11084	10.0	17.3	-7.3	0.1	-17.2	0.0	
4.62109	-0.6	11084	10.0	17.3	-7.3	0.1	-17.2	0.0	
4.62500	-0.1	11084	10.0	17.3	-7.3	0.1	-17.2	0.0	
4.62891	0.0	11084	10.0	17.3	-7.3	0.1	-17.2	0.0	
4.63281	-0.3	11084	10.0	17.1	-7.1	0.1	-17.0	0.0	
4.63672	-0.3	11084	10.0	17.1	-7.1	0.1	-17.0	0.0	
4.64062	0.0	11084	10.0	17.1	-7.1	0.1	-17.0	0.0	
4.64453	0.3	11084	10.0	17.3	-7.3	0.1	-17.2	0.0	
4.64844	0.4	11084	10.0	17.3	-7.3	0.1	-17.2	0.0	
4.65234	0.3	11084	10.0	17.3	-7.3	0.1	-17.2	0.0	
4.65625	0.0	11084	10.0	17.3	-7.3	0.1	-17.2	0.0	
4.66016	0.0	11084	10.1	17.3	-7.2	0.1	-17.2	0.0	
4.66406	0.0	11084	10.1	17.3	-7.2	0.1	-17.2	0.0	
4.66797	0.0	11084	10.3	17.4	-7.1	0.1	-17.3	0.0	
4.67188	0.0	11084	10.3	17.5	-7.2	0.1	-17.4	0.0	
4.67578	-0.5	11084	10.1	17.6	-7.5	0.1	-17.5	0.0	
4.67969	-0.6	11084	10.1	17.5	-7.4	0.1	-17.4	0.0	
4.68359	-0.5	11084	10.1	17.4	-7.3	0.1	-17.3	0.0	
4.68750	-0.1	11084	10.3	17.4	-7.1	0.1	-17.3	0.0	
4.69141	-0.1	11084	10.3	17.5	-7.2	0.1	-17.4	0.0	
4.69531	-0.3	11084	10.1	17.5	-7.4	0.1	-17.4	0.0	
4.69922	-0.6	11084	10.3	17.4	-7.1	0.1	-17.3	0.0	
4.70312	-0.9	11084	10.3	17.3	-7.0	0.1	-17.2	0.0	
4.70703	-1.0	11084	10.1	17.3	-7.2	0.1	-17.2	0.0	
4.71094	-1.0	11084	10.1	17.3	-7.2	0.1	-17.2	0.0	
4.71484	-0.9	11084	10.1	17.3	-7.2	0.1	-17.2	0.0	
4.71875	-0.4	11084	10.1	17.3	-7.2	0.1	-17.2	0.0	
4.72266	0.0	11084	10.1	17.3	-7.2	0.1	-17.2	0.0	
4.72656	0.3	11084	10.1	17.1	-7.0	0.1	-17.0	0.0	
4.73047	0.3	11084	10.1	17.1	-7.0	0.1	-17.0	0.0	
4.73438	0.1	11084	10.1	17.1	-7.0	0.1	-17.0	0.0	
4.73828	0.0	11084	10.1	17.3	-7.2	0.1	-17.2	0.0	
4.74219	0.0	11084	10.1	17.1	-7.0	0.1	-17.0	0.0	
4.74609	0.0	11084	10.1	17.1	-7.0	0.1	-17.0	0.0	
4.75000	0.0	11084	10.1	17.1	-7.0	0.1	-17.0	0.0	
4.75391	0.0	11084	10.1	17.0	-6.9	0.1	-16.9	0.0	
4.75781	0.0	11084	10.1	16.9	-6.8	0.1	-16.8	0.0	
4.76172	0.0	11084	10.1	16.9	-6.8	0.1	-16.8	0.0	
4.76562	0.0	11084	10.1	16.9	-6.8	0.1	-16.8	0.0	
4.76953	0.0	11084	10.1	16.9	-6.8	0.1	-16.8	0.0	
4.77344	0.0	11084	10.1	16.9	-6.8	0.1	-16.8	0.0	
4.77734	0.0	11084	10.1	16.9	-6.8	0.1	-16.8	0.0	
4.78125	0.0	11084	10.1	16.9	-6.8	0.1	-16.8	0.0	
4.78516	0.1	11084	10.1	16.9	-6.8	0.1	-16.8	0.0	
4.78906	0.3	11084	10.1	16.9	-6.8	0.1	-16.8	0.0	
4.79297	0.3	11084	10.1	16.9	-6.8	0.1	-16.8	0.0	
4.79688	0.1	11084	10.1	16.9	-6.8	0.1	-16.8	0.0	
4.80078	0.0	11084	10.1	16.9	-6.8	0.1	-16.8	0.0	
4.80469	0.0	11084	10.0	16.9	-6.9	0.1	-16.8	0.0	
4.80859	0.3	11084	9.8	16.8	-7.0	0.1	-16.7	0.0	
4.81250	0.6	11084	9.9	16.8	-6.9	0.1	-16.7	0.0	
4.81641	0.5	11084	9.9	16.8	-6.9	0.1	-16.7	0.0	
4.82031	0.3	11084	9.8	16.8	-7.0	0.1	-16.7	0.0	
4.82422	0.0	11084	9.9	16.5	-6.6	0.1	-16.4	0.0	
4.82812	0.0	11084	9.9	16.5	-6.6	0.1	-16.4	0.0	
4.83203	0.0	11084	9.8	16.5	-6.7	0.1	-16.4	0.0	
4.83594	0.0	11084	9.8	16.5	-6.7	0.1	-16.4	0.0	
4.83984	0.3	11084	9.8	16.5	-6.7	0.1	-16.4	0.0	
4.84375	0.9	11084	9.8	16.5	-6.7	0.1	-16.4	0.0	
4.84766	1.3	11084	9.5	16.4	-6.9	0.1	-16.3	0.0	
4.85156	1.1	11084	9.4	16.1	-6.7	0.1	-16.0	0.0	
4.85547	1.3	11084	9.3	16.1	-6.8	0.1	-16.0	0.0	
4.85938	1.5	11084	9.3	16.1	-6.8	0.1	-16.0	0.0	
4.86328	1.9	11084	9.3	16.1	-6.8	0.1	-16.0	0.0	
4.86719	2.4	11084	9.3	16.1	-6.8	0.1	-16.0	0.0	
4.87109	2.8	11085	9.1	16.1	-7.0	0.1	-16.0	0.0	
4.87500	3.0	11085	9.1	15.9	-6.8	0.1	-15.8	0.0	
4.87891	3.4	11085	9.1	15.8	-6.7	0.1	-15.7	0.0	
4.88281	3.6	11085	8.9	15.6	-6.7	0.1	-15.5	0.0	
4.88672	3.9	11086	8.6	15.6	-7.0	0.1	-15.5	0.0	
4.89062	4.0	11086	8.5	15.6	-7.1	0.1	-15.5	0.0	
4.89453	4.1	11086	8.5	15.6	-7.1	0.1	-15.5	0.0	
4.89844	4.3	11086	8.4	15.5	-7.1	0.1	-15.4	0.0	
4.90234	4.3	11087	8.3	15.4	-7.1	0.1	-15.3	0.0	
4.90625	4.3	11087	8.1	15.3	-7.2	0.1	-15.2	0.0	
4.91016	4.3	11087	8.1	15.3	-7.2	0.1	-15.2	0.0	
4.91406	4.3	11087	8.0	15.3	-7.3	0.1	-15.2	0.0	
4.91797	4.4	11088	7.8	15.1	-7.3	0.1	-15.0	0.0	
4.92188	4.4	11088	7.8	15.0	-7.2	0.1	-14.9	0.0	
4.92578	4.5	11088	7.6	14.9	-7.3	0.1	-14.8	0.0	
4.92969	4.5	11089	7.4	14.9	-7.5	0.1	-14.8	0.0	
4.93359	4.5	11089	7.3	14.9	-7.6	0.1	-14.8	0.0	
4.93750	4.5	11089	7.1	14.9	-7.8	0.1	-14.8	0.0	
4.94141	4.5	11090	7.1	14.9	-7.8	0.1	-14.8	0.0	
4.94531	4.4	11090	7.0	14.9	-7.9	0.1	-14.8	0.0	
4.94922	4.3	11090	6.8	14.8	-8.0	0.1	-14.7	0.0	
4.95312	4.3	11090	6.6	14.6	-8.0	0.1	-14.5	0.0	
4.95703	4.3	11091	6.5	14.5	-8.0	0.1	-14.4	0.0	
4.96094	4.3	11091	6.4	14.5	-8.1	0.1	-14.4	0.0	
4.96484	4.3	11091	6.3	14.5	-8.2	0.1	-14.4	0.0	
4.96875	4.3	11091	6.0	14.4	-8.4	0.1	-14.3	0.0	
4.97266	4.1	11092	5.9	14.1	-8.2	0.1	-14.0	0.0	
4.97656	4.0	11092	5.8	14.1	-8.3	0.1	-14.0	0.0	
4.98047	3.9	11092	5.8	14.1	-8.3	0.1	-14.0	0.0	
4.98438	4.1	11093	5.8	14.1	-8.3	0.1	-14.0	0.0	
4.98828	4.6	11093	5.8	14.1	-8.3	0.1	-14.0	0.0	
4.99219	5.1	11093	6.0	14.1	-8.1	0.1	-14.0	0.0	
4.99609	6.1	11094	7.0	14.0	-7.0	0.1	-13.9	0.0	
5.00000	7.8	11094	8.4	13.9	-5.5	0.1	-13.8	0.0	
5.00391	10.0	11095	9.5	13.9	-4.4	0.1	-13.8	0.0	
