FluxView - FluxMed acquisition system
Signal file
Serial Number	:
W version:	1.20h-OX-CO2	File version:	1.13
Sampling rate:	256 Hz
Time	Flow	Volume	Paw	Pes	Ptpulm	Pga	Ptdiaf	CO2	
0.00391	-0.6	-450	15.4	19.3	-3.9	0.0	-19.3	0.0	
0.00781	-0.6	-450	15.5	19.4	-3.9	0.0	-19.4	0.0	
0.01172	-0.6	-450	15.5	19.4	-3.9	0.0	-19.4	0.0	
0.01562	-0.7	-450	15.4	19.5	-4.1	0.0	-19.5	0.0	
0.01953	-0.6	-451	15.3	19.4	-4.1	0.0	-19.4	0.0	
0.02344	-0.5	-451	15.3	19.4	-4.1	0.0	-19.4	0.0	
0.02734	-0.6	-451	15.4	19.4	-4.0	0.0	-19.4	0.0	
0.03125	-0.5	-451	15.5	19.4	-3.9	0.0	-19.4	0.0	
0.03516	-0.5	-451	15.5	19.5	-4.0	0.0	-19.5	0.0	
0.03906	-0.7	-451	15.5	19.5	-4.0	0.0	-19.5	0.0	
0.04297	-0.6	-451	15.4	19.5	-4.1	0.0	-19.5	0.0	
0.04688	-0.4	-451	15.3	19.5	-4.2	0.0	-19.5	0.0	
0.05078	-0.5	-451	15.3	19.5	-4.2	0.0	-19.5	0.0	
0.05469	-0.8	-451	15.3	19.5	-4.2	0.0	-19.5	0.0	
0.05859	-0.7	-451	15.4	19.5	-4.1	0.0	-19.5	0.0	
0.06250	-0.6	-451	15.4	19.5	-4.1	0.0	-19.5	0.0	
0.06641	-0.8	-451	15.4	19.5	-4.1	0.0	-19.5	0.0	
0.07031	-0.6	-451	15.4	19.5	-4.1	0.0	-19.5	0.0	
0.07422	-0.4	-451	15.4	19.5	-4.1	0.0	-19.5	0.0	
0.07812	-0.5	-451	15.3	19.6	-4.3	0.0	-19.6	0.0	
0.08203	-0.6	-451	15.4	19.5	-4.1	0.0	-19.5	0.0	
0.08594	-0.6	-451	15.4	19.5	-4.1	0.0	-19.5	0.0	
0.08984	-0.7	-451	15.4	19.6	-4.2	0.0	-19.6	0.0	
0.09375	-0.6	-451	15.4	19.5	-4.1	0.0	-19.5	0.0	
0.09766	-0.4	-451	15.4	19.6	-4.2	0.0	-19.6	0.0	
0.10156	-0.5	-451	15.3	19.6	-4.3	0.0	-19.6	0.0	
0.10547	-0.6	-451	15.3	19.6	-4.3	0.0	-19.6	0.0	
0.10938	-0.5	-451	15.4	19.6	-4.2	0.0	-19.6	0.0	
0.11328	-0.6	-451	15.4	19.6	-4.2	0.0	-19.6	0.0	
0.11719	-0.5	-451	15.3	19.6	-4.3	0.0	-19.6	0.0	
0.12109	-0.4	-451	15.4	19.6	-4.2	0.0	-19.6	0.0	
0.12500	-0.6	-452	15.4	19.6	-4.2	0.0	-19.6	0.0	
0.12891	-0.7	-452	15.3	19.6	-4.3	0.0	-19.6	0.0	
0.13281	-0.6	-452	15.4	19.6	-4.2	0.0	-19.6	0.0	
0.13672	-0.6	-452	15.4	19.7	-4.3	0.0	-19.7	0.0	
0.14062	-0.6	-452	15.4	19.7	-4.3	0.0	-19.7	0.0	
0.14453	-0.7	-452	15.5	19.6	-4.1	0.0	-19.6	0.0	
0.14844	-0.6	-452	15.4	19.7	-4.3	0.0	-19.7	0.0	
0.15234	-0.7	-452	15.4	19.7	-4.3	0.0	-19.7	0.0	
0.15625	-0.7	-452	15.5	19.7	-4.2	0.0	-19.7	0.0	
0.16016	-0.7	-452	15.5	19.7	-4.2	0.0	-19.7	0.0	
0.16406	-0.7	-452	15.4	19.7	-4.3	0.0	-19.7	0.0	
0.16797	-0.7	-452	15.5	19.6	-4.1	0.0	-19.6	0.0	
0.17188	-0.6	-452	15.5	19.7	-4.2	0.0	-19.7	0.0	
0.17578	-0.6	-452	15.6	19.7	-4.1	0.0	-19.7	0.0	
0.17969	-0.7	-452	15.6	19.7	-4.1	0.0	-19.7	0.0	
0.18359	-0.7	-452	15.6	19.7	-4.1	0.0	-19.7	0.0	
0.18750	-0.7	-452	15.6	19.7	-4.1	0.0	-19.7	0.0	
0.19141	-0.7	-452	15.6	19.7	-4.1	0.0	-19.7	0.0	
0.19531	-0.5	-452	15.6	19.7	-4.1	0.0	-19.7	0.0	
0.19922	-0.6	-452	15.7	19.7	-4.0	0.0	-19.7	0.0	
0.20312	-0.7	-452	15.6	19.7	-4.1	0.0	-19.7	0.0	
0.20703	-0.5	-452	15.6	19.7	-4.1	0.0	-19.7	0.0	
0.21094	-0.5	-452	15.6	19.7	-4.1	0.0	-19.7	0.0	
0.21484	-0.6	-452	15.6	19.7	-4.1	0.0	-19.7	0.0	
0.21875	-0.6	-453	15.6	19.7	-4.1	0.0	-19.7	0.0	
0.22266	-0.4	-453	15.6	19.7	-4.1	0.0	-19.7	0.0	
0.22656	-0.5	-453	15.6	19.7	-4.1	0.0	-19.7	0.0	
0.23047	-0.7	-453	15.6	19.7	-4.1	0.0	-19.7	0.0	
0.23438	-0.7	-453	15.5	19.7	-4.2	0.0	-19.7	0.0	
0.23828	-0.5	-453	15.5	19.8	-4.3	0.0	-19.8	0.0	
0.24219	-0.6	-453	15.6	19.7	-4.1	0.0	-19.7	0.0	
0.24609	-0.5	-453	15.6	19.7	-4.1	0.0	-19.7	0.0	
0.25000	-0.5	-453	15.6	19.8	-4.2	0.0	-19.8	0.0	
0.25391	-0.7	-453	15.6	19.7	-4.1	0.0	-19.7	0.0	
0.25781	-0.7	-453	15.6	19.7	-4.1	0.0	-19.7	0.0	
0.26172	-0.6	-453	15.7	19.8	-4.1	0.0	-19.8	0.0	
0.26562	-0.7	-453	15.7	19.8	-4.1	0.0	-19.8	0.0	
0.26953	-0.6	-453	15.6	19.8	-4.2	0.0	-19.8	0.0	
0.27344	-0.6	-453	15.7	19.8	-4.1	0.0	-19.8	0.0	
0.27734	-0.7	-453	15.7	19.8	-4.1	0.0	-19.8	0.0	
0.28125	-0.8	-453	15.7	19.9	-4.2	0.0	-19.9	0.0	
0.28516	-0.8	-453	15.8	19.9	-4.1	0.0	-19.9	0.0	
0.28906	-0.9	-453	15.8	19.9	-4.1	0.0	-19.9	0.0	
0.29297	-0.9	-453	15.7	19.9	-4.2	0.0	-19.9	0.0	
0.29688	-0.7	-453	15.8	20.0	-4.2	0.0	-20.0	0.0	
0.30078	-0.6	-453	15.8	20.0	-4.2	0.0	-20.0	0.0	
0.30469	-0.6	-453	15.7	20.0	-4.3	0.0	-20.0	0.0	
0.30859	-0.4	-453	15.8	20.1	-4.3	0.0	-20.1	0.0	
0.31250	-0.4	-453	15.8	20.2	-4.4	0.0	-20.2	0.0	
0.31641	-0.6	-454	15.6	20.2	-4.6	0.0	-20.2	0.0	
0.32031	-0.3	-454	15.6	20.3	-4.7	0.0	-20.3	0.0	
0.32422	-0.0	-454	15.5	20.2	-4.7	0.0	-20.2	0.0	
0.32812	0.1	-454	15.4	20.3	-4.9	0.0	-20.3	0.0	
0.33203	0.3	-454	15.4	20.3	-4.9	0.0	-20.3	0.0	
0.33594	0.5	-453	15.4	20.2	-4.8	0.0	-20.2	0.0	
0.33984	0.5	-453	15.2	20.2	-5.0	0.0	-20.2	0.0	
0.34375	0.4	-453	15.1	20.2	-5.1	0.0	-20.2	0.0	
0.34766	0.4	-453	15.1	20.2	-5.1	0.0	-20.2	0.0	
0.35156	0.2	-453	15.0	20.1	-5.1	0.0	-20.1	0.0	
0.35547	-0.1	-453	15.0	20.2	-5.2	0.0	-20.2	0.0	
0.35938	-0.1	-453	15.0	20.2	-5.2	0.0	-20.2	0.0	
0.36328	-0.3	-453	15.0	20.1	-5.1	0.0	-20.1	0.0	
0.36719	-0.7	-453	15.0	20.2	-5.2	0.0	-20.2	0.0	
0.37109	-0.7	-454	15.0	20.2	-5.2	0.0	-20.2	0.0	
0.37500	-0.7	-454	15.0	20.2	-5.2	0.0	-20.2	0.0	
0.37891	-0.8	-454	15.0	20.2	-5.2	0.0	-20.2	0.0	
0.38281	-0.7	-454	15.1	20.2	-5.1	0.0	-20.2	0.0	
0.38672	-0.7	-454	15.1	20.2	-5.1	0.0	-20.2	0.0	
0.39062	-0.9	-454	15.1	20.2	-5.1	0.0	-20.2	0.0	
0.39453	-0.9	-454	15.2	20.3	-5.1	0.0	-20.3	0.0	
0.39844	-0.9	-454	15.3	20.3	-5.0	0.0	-20.3	0.0	
0.40234	-1.2	-454	15.3	20.3	-5.0	0.0	-20.3	0.0	
0.40625	-1.3	-454	15.4	20.3	-4.9	0.0	-20.3	0.0	
0.41016	-1.2	-454	15.4	20.3	-4.9	0.0	-20.3	0.0	
0.41406	-1.2	-454	15.5	20.3	-4.8	0.0	-20.3	0.0	
0.41797	-1.1	-454	15.5	20.3	-4.8	0.0	-20.3	0.0	
0.42188	-0.8	-454	15.6	20.3	-4.7	0.0	-20.3	0.0	
0.42578	-0.8	-454	15.6	20.3	-4.7	0.0	-20.3	0.0	
0.42969	-0.7	-454	15.7	20.3	-4.6	0.0	-20.3	0.0	
0.43359	-0.5	-454	15.7	20.4	-4.7	0.0	-20.4	0.0	
0.43750	-0.6	-454	15.7	20.4	-4.7	0.0	-20.4	0.0	
0.44141	-0.7	-455	15.6	20.4	-4.8	0.0	-20.4	0.0	
0.44531	-0.5	-455	15.6	20.4	-4.8	0.0	-20.4	0.0	
0.44922	-0.4	-455	15.6	20.4	-4.8	0.0	-20.4	0.0	
0.45312	-0.5	-455	15.6	20.4	-4.8	0.0	-20.4	0.0	
0.45703	-0.5	-455	15.6	20.5	-4.9	0.0	-20.5	0.0	
0.46094	-0.4	-455	15.6	20.4	-4.8	0.0	-20.4	0.0	
0.46484	-0.4	-455	15.5	20.4	-4.9	0.0	-20.4	0.0	
0.46875	-0.4	-455	15.5	20.4	-4.9	0.0	-20.4	0.0	
0.47266	-0.3	-455	15.5	20.4	-4.9	0.0	-20.4	0.0	
0.47656	-0.5	-455	15.5	20.4	-4.9	0.0	-20.4	0.0	
0.48047	-0.6	-455	15.5	20.4	-4.9	0.0	-20.4	0.0	
0.48438	-0.5	-455	15.5	20.3	-4.8	0.0	-20.3	0.0	
0.48828	-0.5	-455	15.4	20.3	-4.9	0.0	-20.3	0.0	
0.49219	-0.5	-455	15.4	20.3	-4.9	0.0	-20.3	0.0	
0.49609	-0.5	-455	15.5	20.3	-4.8	0.0	-20.3	0.0	
0.50000	-0.7	-455	15.5	20.3	-4.8	0.0	-20.3	0.0	
0.50391	-0.8	-455	15.5	20.3	-4.8	0.0	-20.3	0.0	
0.50781	-0.5	-455	15.5	20.2	-4.7	0.0	-20.2	0.0	
0.51172	-0.5	-455	15.5	20.2	-4.7	0.0	-20.2	0.0	
0.51562	-0.8	-455	15.5	20.2	-4.7	0.0	-20.2	0.0	
0.51953	-0.7	-455	15.7	20.2	-4.5	0.0	-20.2	0.0	
0.52344	-0.6	-455	15.7	20.2	-4.5	0.0	-20.2	0.0	
0.52734	-0.9	-455	15.6	20.1	-4.5	0.0	-20.1	0.0	
0.53125	-0.8	-455	15.7	20.1	-4.4	0.0	-20.1	0.0	
0.53516	-0.7	-455	15.7	20.1	-4.4	0.0	-20.1	0.0	
0.53906	-0.8	-455	15.7	20.0	-4.3	0.0	-20.0	0.0	
0.54297	-0.8	-456	15.8	20.0	-4.2	0.0	-20.0	0.0	
0.54688	-0.5	-456	15.7	20.0	-4.3	0.0	-20.0	0.0	
0.55078	-0.5	-456	15.7	19.9	-4.2	0.0	-19.9	0.0	
0.55469	-0.7	-456	15.7	19.9	-4.2	0.0	-19.9	0.0	
0.55859	-0.5	-456	15.8	19.9	-4.1	0.0	-19.9	0.0	
0.56250	-0.5	-456	15.8	19.8	-4.0	0.0	-19.8	0.0	
0.56641	-0.7	-456	15.7	19.8	-4.1	0.0	-19.8	0.0	
0.57031	-0.6	-456	15.7	19.8	-4.1	0.0	-19.8	0.0	
0.57422	-0.5	-456	15.7	19.7	-4.0	0.0	-19.7	0.0	
0.57812	-0.7	-456	15.7	19.7	-4.0	0.0	-19.7	0.0	
0.58203	-0.5	-456	15.7	19.7	-4.0	0.0	-19.7	0.0	
0.58594	-0.3	-456	15.7	19.7	-4.0	0.0	-19.7	0.0	
0.58984	-0.6	-456	15.7	19.7	-4.0	0.0	-19.7	0.0	
0.59375	-0.6	-456	15.7	19.6	-3.9	0.0	-19.6	0.0	
0.59766	-0.5	-456	15.7	19.6	-3.9	0.0	-19.6	0.0	
0.60156	-0.6	-456	15.7	19.6	-3.9	0.0	-19.6	0.0	
0.60547	-0.6	-456	15.7	19.5	-3.8	0.0	-19.5	0.0	
0.60938	-0.5	-456	15.6	19.5	-3.9	0.0	-19.5	0.0	
0.61328	-0.6	-456	15.7	19.4	-3.7	0.0	-19.4	0.0	
0.61719	-0.7	-456	15.7	19.4	-3.7	0.0	-19.4	0.0	
0.62109	-0.6	-456	15.7	19.5	-3.8	0.0	-19.5	0.0	
0.62500	-0.5	-456	15.7	19.4	-3.7	0.0	-19.4	0.0	
0.62891	-0.6	-456	15.6	19.4	-3.8	0.0	-19.4	0.0	
0.63281	-0.5	-456	15.7	19.4	-3.7	0.0	-19.4	0.0	
0.63672	-0.5	-456	15.7	19.4	-3.7	0.0	-19.4	0.0	
0.64062	-0.6	-456	15.7	19.3	-3.6	0.0	-19.3	0.0	
0.64453	-0.6	-456	15.7	19.4	-3.7	0.0	-19.4	0.0	
0.64844	-0.5	-457	15.7	19.4	-3.7	0.0	-19.4	0.0	
0.65234	-0.6	-457	15.6	19.4	-3.8	0.0	-19.4	0.0	
0.65625	-0.5	-457	15.6	19.4	-3.8	0.0	-19.4	0.0	
0.66016	-0.4	-457	15.6	19.4	-3.8	0.0	-19.4	0.0	
0.66406	-0.5	-457	15.6	19.4	-3.8	0.0	-19.4	0.0	
0.66797	-0.6	-457	15.6	19.4	-3.8	0.0	-19.4	0.0	
0.67188	-0.5	-457	15.6	19.3	-3.7	0.0	-19.3	0.0	
0.67578	-0.6	-457	15.6	19.4	-3.8	0.0	-19.4	0.0	
0.67969	-0.6	-457	15.6	19.4	-3.8	0.0	-19.4	0.0	
0.68359	-0.6	-457	15.6	19.4	-3.8	0.0	-19.4	0.0	
0.68750	-0.6	-457	15.6	19.4	-3.8	0.0	-19.4	0.0	
0.69141	-0.6	-457	15.6	19.4	-3.8	0.0	-19.4	0.0	
0.69531	-0.6	-457	15.7	19.4	-3.7	0.0	-19.4	0.0	
0.69922	-0.6	-457	15.7	19.4	-3.7	0.0	-19.4	0.0	
0.70312	-0.7	-457	15.7	19.4	-3.7	0.0	-19.4	0.0	
0.70703	-0.8	-457	15.7	19.4	-3.7	0.0	-19.4	0.0	
0.71094	-0.7	-457	15.7	19.5	-3.8	0.0	-19.5	0.0	
0.71484	-0.6	-457	15.7	19.5	-3.8	0.0	-19.5	0.0	
0.71875	-0.7	-457	15.8	19.5	-3.7	0.0	-19.5	0.0	
0.72266	-0.6	-457	15.8	19.5	-3.7	0.0	-19.5	0.0	
0.72656	-0.6	-457	15.8	19.5	-3.7	0.0	-19.5	0.0	
0.73047	-0.6	-457	15.8	19.5	-3.7	0.0	-19.5	0.0	
0.73438	-0.5	-457	15.8	19.5	-3.7	0.0	-19.5	0.0	
0.73828	-0.7	-457	15.8	19.6	-3.8	0.0	-19.6	0.0	
0.74219	-0.7	-457	15.8	19.6	-3.8	0.0	-19.6	0.0	
0.74609	-0.6	-457	15.9	19.6	-3.7	0.0	-19.6	0.0	
0.75000	-0.6	-458	15.9	19.6	-3.7	0.0	-19.6	0.0	
0.75391	-0.6	-458	15.9	19.6	-3.7	0.0	-19.6	0.0	
0.75781	-0.5	-458	15.8	19.6	-3.8	0.0	-19.6	0.0	
0.76172	-0.5	-458	15.8	19.6	-3.8	0.0	-19.6	0.0	
0.76562	-0.6	-458	15.9	19.6	-3.7	0.0	-19.6	0.0	
0.76953	-0.5	-458	15.9	19.6	-3.7	0.0	-19.6	0.0	
0.77344	-0.4	-458	15.9	19.6	-3.7	0.0	-19.6	0.0	
0.77734	-0.6	-458	15.9	19.7	-3.8	0.0	-19.7	0.0	
0.78125	-0.6	-458	15.8	19.7	-3.9	0.0	-19.7	0.0	
0.78516	-0.4	-458	15.8	19.6	-3.8	0.0	-19.6	0.0	
0.78906	-0.5	-458	15.8	19.7	-3.9	0.0	-19.7	0.0	
0.79297	-0.6	-458	15.8	19.7	-3.9	0.0	-19.7	0.0	
0.79688	-0.5	-458	15.8	19.7	-3.9	0.0	-19.7	0.0	
0.80078	-0.5	-458	15.8	19.7	-3.9	0.0	-19.7	0.0	
0.80469	-0.5	-458	15.8	19.7	-3.9	0.0	-19.7	0.0	
0.80859	-0.5	-458	15.8	19.7	-3.9	0.0	-19.7	0.0	
0.81250	-0.6	-458	15.8	19.7	-3.9	0.0	-19.7	0.0	
0.81641	-0.6	-458	15.8	19.7	-3.9	0.0	-19.7	0.0	
0.82031	-0.6	-458	15.7	19.7	-4.0	0.0	-19.7	0.0	
0.82422	-0.5	-458	15.7	19.7	-4.0	0.0	-19.7	0.0	
0.82812	-0.6	-458	15.8	19.7	-3.9	0.0	-19.7	0.0	
0.83203	-0.7	-458	15.8	19.7	-3.9	0.0	-19.7	0.0	
0.83594	-0.6	-458	15.8	19.8	-4.0	0.0	-19.8	0.0	
0.83984	-0.5	-458	15.8	19.8	-4.0	0.0	-19.8	0.0	
0.84375	-0.5	-458	15.8	19.8	-4.0	0.0	-19.8	0.0	
0.84766	-0.5	-458	15.8	19.8	-4.0	0.0	-19.8	0.0	
0.85156	-0.5	-458	15.8	19.8	-4.0	0.0	-19.8	0.0	
0.85547	-0.6	-458	15.8	19.8	-4.0	0.0	-19.8	0.0	
0.85938	-0.6	-459	15.8	19.8	-4.0	0.0	-19.8	0.0	
0.86328	-0.5	-459	15.8	19.8	-4.0	0.0	-19.8	0.0	
0.86719	-0.5	-459	15.8	19.8	-4.0	0.0	-19.8	0.0	
0.87109	-0.6	-459	15.8	19.8	-4.0	0.0	-19.8	0.0	
0.87500	-0.6	-459	15.8	19.9	-4.1	0.0	-19.9	0.0	
0.87891	-0.6	-459	15.8	19.8	-4.0	0.0	-19.8	0.0	
0.88281	-0.7	-459	15.9	19.8	-3.9	0.0	-19.8	0.0	
0.88672	-0.5	-459	15.9	19.9	-4.0	0.0	-19.9	0.0	
0.89062	-0.6	-459	15.9	19.8	-3.9	0.0	-19.8	0.0	
0.89453	-0.7	-459	16.0	19.8	-3.8	0.0	-19.8	0.0	
0.89844	-0.6	-459	16.0	19.9	-3.9	0.0	-19.9	0.0	
0.90234	-0.6	-459	16.0	19.8	-3.8	0.0	-19.8	0.0	
0.90625	-0.6	-459	16.0	19.8	-3.8	0.0	-19.8	0.0	
0.91016	-0.6	-459	16.0	19.9	-3.9	0.0	-19.9	0.0	
0.91406	-0.7	-459	16.0	19.8	-3.8	0.0	-19.8	0.0	
0.91797	-0.6	-459	16.0	19.9	-3.9	0.0	-19.9	0.0	
0.92188	-0.4	-459	16.1	19.9	-3.8	0.0	-19.9	0.0	
0.92578	-0.5	-459	16.0	19.9	-3.9	0.0	-19.9	0.0	
0.92969	-0.7	-459	15.9	19.9	-4.0	0.0	-19.9	0.0	
0.93359	-0.6	-459	16.0	19.9	-3.9	0.0	-19.9	0.0	
0.93750	-0.6	-459	16.0	19.9	-3.9	0.0	-19.9	0.0	
0.94141	-0.6	-459	16.0	19.9	-3.9	0.0	-19.9	0.0	
0.94531	-0.6	-459	16.0	19.9	-3.9	0.0	-19.9	0.0	
0.94922	-0.6	-459	16.1	19.9	-3.8	0.0	-19.9	0.0	
0.95312	-0.6	-459	16.1	19.9	-3.8	0.0	-19.9	0.0	
0.95703	-0.6	-459	16.0	20.0	-4.0	0.0	-20.0	0.0	
0.96094	-0.7	-460	16.0	19.9	-3.9	0.0	-19.9	0.0	
0.96484	-0.6	-460	16.0	19.9	-3.9	0.0	-19.9	0.0	
0.96875	-0.5	-460	16.0	19.9	-3.9	0.0	-19.9	0.0	
0.97266	-0.5	-460	16.0	20.0	-4.0	0.0	-20.0	0.0	
0.97656	-0.6	-460	16.0	20.0	-4.0	0.0	-20.0	0.0	
0.98047	-0.7	-460	16.0	19.9	-3.9	0.0	-19.9	0.0	
0.98438	-0.6	-460	16.0	20.0	-4.0	0.0	-20.0	0.0	
0.98828	-0.6	-460	16.0	20.0	-4.0	0.0	-20.0	0.0	
0.99219	-0.6	-460	16.0	20.0	-4.0	0.0	-20.0	0.0	
0.99609	-0.5	-460	16.0	20.0	-4.0	0.0	-20.0	0.0	
1.00000	-0.7	-460	16.1	20.0	-3.9	0.0	-20.0	0.0	
1.00391	-0.7	-460	16.1	20.0	-3.9	0.0	-20.0	0.0	
1.00781	-0.6	-460	16.2	20.0	-3.8	0.0	-20.0	0.0	
1.01172	-0.8	-460	16.2	20.1	-3.9	0.0	-20.1	0.0	
1.01562	-0.9	-460	16.2	20.1	-3.9	0.0	-20.1	0.0	
1.01953	-0.6	-460	16.2	20.2	-4.0	0.0	-20.2	0.0	
1.02344	-0.6	-460	16.2	20.2	-4.0	0.0	-20.2	0.0	
1.02734	-0.6	-460	16.2	20.3	-4.1	0.0	-20.3	0.0	
1.03125	-0.5	-460	16.2	20.3	-4.1	0.0	-20.3	0.0	
1.03516	-0.4	-460	16.2	20.4	-4.2	0.0	-20.4	0.0	
1.03906	-0.4	-460	16.1	20.4	-4.3	0.0	-20.4	0.0	
1.04297	-0.4	-460	16.0	20.4	-4.4	0.0	-20.4	0.0	
1.04688	-0.2	-460	16.0	20.4	-4.4	0.0	-20.4	0.0	
1.05078	-0.0	-460	15.9	20.4	-4.5	0.0	-20.4	0.0	
1.05469	0.2	-460	15.8	20.4	-4.6	0.0	-20.4	0.0	
1.05859	0.4	-460	15.8	20.4	-4.6	0.0	-20.4	0.0	
1.06250	0.4	-460	15.7	20.4	-4.7	0.0	-20.4	0.0	
1.06641	0.2	-460	15.5	20.4	-4.9	0.0	-20.4	0.0	
1.07031	0.2	-460	15.6	20.4	-4.8	0.0	-20.4	0.0	
1.07422	0.1	-460	15.6	20.4	-4.8	0.0	-20.4	0.0	
1.07812	-0.2	-460	15.5	20.4	-4.9	0.0	-20.4	0.0	
1.08203	-0.2	-460	15.5	20.4	-4.9	0.0	-20.4	0.0	
1.08594	-0.2	-460	15.5	20.4	-4.9	0.0	-20.4	0.0	
1.08984	-0.5	-460	15.4	20.3	-4.9	0.0	-20.3	0.0	
1.09375	-0.6	-460	15.5	20.4	-4.9	0.0	-20.4	0.0	
1.09766	-0.6	-460	15.5	20.4	-4.9	0.0	-20.4	0.0	
1.10156	-0.7	-460	15.5	20.4	-4.9	0.0	-20.4	0.0	
1.10547	-0.7	-460	15.5	20.4	-4.9	0.0	-20.4	0.0	
1.10938	-0.7	-461	15.6	20.5	-4.9	0.0	-20.5	0.0	
1.11328	-0.8	-461	15.6	20.4	-4.8	0.0	-20.4	0.0	
1.11719	-1.0	-461	15.6	20.4	-4.8	0.0	-20.4	0.0	
1.12109	-0.9	-461	15.7	20.5	-4.8	0.0	-20.5	0.0	
1.12500	-1.0	-461	15.8	20.5	-4.7	0.0	-20.5	0.0	
1.12891	-1.2	-461	15.8	20.5	-4.7	0.0	-20.5	0.0	
1.13281	-1.2	-461	15.9	20.5	-4.6	0.0	-20.5	0.0	
1.13672	-1.2	-461	16.0	20.5	-4.5	0.0	-20.5	0.0	
1.14062	-1.2	-461	16.0	20.5	-4.5	0.0	-20.5	0.0	
1.14453	-0.9	-461	16.1	20.6	-4.5	0.0	-20.6	0.0	
1.14844	-0.6	-461	16.1	20.6	-4.5	0.0	-20.6	0.0	
1.15234	-0.7	-461	16.1	20.6	-4.5	0.0	-20.6	0.0	
1.15625	-0.7	-461	16.1	20.6	-4.5	0.0	-20.6	0.0	
1.16016	-0.5	-461	16.1	20.6	-4.5	0.0	-20.6	0.0	
1.16406	-0.5	-461	16.1	20.6	-4.5	0.0	-20.6	0.0	
1.16797	-0.4	-461	16.1	20.7	-4.6	0.0	-20.7	0.0	
1.17188	-0.3	-461	16.1	20.7	-4.6	0.0	-20.7	0.0	
1.17578	-0.4	-461	16.1	20.6	-4.5	0.0	-20.6	0.0	
1.17969	-0.6	-461	16.1	20.7	-4.6	0.0	-20.7	0.0	
1.18359	-0.5	-461	16.1	20.7	-4.6	0.0	-20.7	0.0	
1.18750	-0.6	-462	16.1	20.6	-4.5	0.0	-20.6	0.0	
1.19141	-0.7	-462	16.1	20.6	-4.5	0.0	-20.6	0.0	
1.19531	-0.5	-462	16.0	20.6	-4.6	0.0	-20.6	0.0	
1.19922	-0.4	-462	16.1	20.6	-4.5	0.0	-20.6	0.0	
1.20312	-0.6	-462	16.1	20.6	-4.5	0.0	-20.6	0.0	
1.20703	-0.5	-462	16.1	20.6	-4.5	0.0	-20.6	0.0	
1.21094	-0.4	-462	16.1	20.6	-4.5	0.0	-20.6	0.0	
1.21484	-0.6	-462	16.1	20.5	-4.4	0.0	-20.5	0.0	
1.21875	-0.6	-462	16.1	20.6	-4.5	0.0	-20.6	0.0	
1.22266	-0.5	-462	16.1	20.5	-4.4	0.0	-20.5	0.0	
1.22656	-0.5	-462	16.1	20.5	-4.4	0.0	-20.5	0.0	
1.23047	-0.6	-462	16.1	20.5	-4.4	0.0	-20.5	0.0	
1.23438	-0.6	-462	16.2	20.4	-4.2	0.0	-20.4	0.0	
1.23828	-0.6	-462	16.2	20.4	-4.2	0.0	-20.4	0.0	
1.24219	-0.6	-462	16.2	20.4	-4.2	0.0	-20.4	0.0	
1.24609	-0.5	-462	16.2	20.4	-4.2	0.0	-20.4	0.0	
1.25000	-0.6	-462	16.2	20.4	-4.2	0.0	-20.4	0.0	
1.25391	-0.6	-462	16.2	20.4	-4.2	0.0	-20.4	0.0	
1.25781	-0.6	-462	16.2	20.3	-4.1	0.0	-20.3	0.0	
1.26172	-0.6	-462	16.2	20.3	-4.1	0.0	-20.3	0.0	
1.26562	-0.7	-462	16.3	20.3	-4.0	0.0	-20.3	0.0	
1.26953	-0.7	-462	16.2	20.2	-4.0	0.0	-20.2	0.0	
1.27344	-0.5	-462	16.2	20.2	-4.0	0.0	-20.2	0.0	
1.27734	-0.6	-462	16.2	20.2	-4.0	0.0	-20.2	0.0	
1.28125	-0.7	-462	16.2	20.1	-3.9	0.0	-20.1	0.0	
1.28516	-0.6	-462	16.3	20.1	-3.8	0.0	-20.1	0.0	
1.28906	-0.6	-463	16.2	20.0	-3.8	0.0	-20.0	0.0	
1.29297	-0.6	-463	16.3	20.0	-3.7	0.0	-20.0	0.0	
1.29688	-0.5	-463	16.3	20.0	-3.7	0.0	-20.0	0.0	
1.30078	-0.5	-463	16.2	20.0	-3.8	0.0	-20.0	0.0	
1.30469	-0.4	-463	16.2	20.0	-3.8	0.0	-20.0	0.0	
1.30859	-0.5	-463	16.2	19.9	-3.7	0.0	-19.9	0.0	
1.31250	-0.7	-463	16.2	19.9	-3.7	0.0	-19.9	0.0	
1.31641	-0.7	-463	16.2	19.8	-3.6	0.0	-19.8	0.0	
1.32031	-0.6	-463	16.2	19.8	-3.6	0.0	-19.8	0.0	
1.32422	-0.5	-463	16.2	19.8	-3.6	0.0	-19.8	0.0	
1.32812	-0.6	-463	16.2	19.8	-3.6	0.0	-19.8	0.0	
1.33203	-0.6	-463	16.2	19.8	-3.6	0.0	-19.8	0.0	
1.33594	-0.5	-463	16.2	19.7	-3.5	0.0	-19.7	0.0	
1.33984	-0.6	-463	16.2	19.7	-3.5	0.0	-19.7	0.0	
1.34375	-0.7	-463	16.2	19.7	-3.5	0.0	-19.7	0.0	
1.34766	-0.6	-463	16.2	19.7	-3.5	0.0	-19.7	0.0	
1.35156	-0.5	-463	16.2	19.6	-3.4	0.0	-19.6	0.0	
1.35547	-0.6	-463	16.1	19.6	-3.5	0.0	-19.6	0.0	
1.35938	-0.5	-463	16.2	19.7	-3.5	0.0	-19.7	0.0	
1.36328	-0.5	-463	16.2	19.7	-3.5	0.0	-19.7	0.0	
1.36719	-0.6	-463	16.1	19.6	-3.5	0.0	-19.6	0.0	
1.37109	-0.4	-463	16.2	19.6	-3.4	0.0	-19.6	0.0	
1.37500	-0.5	-463	16.2	19.6	-3.4	0.0	-19.6	0.0	
1.37891	-0.8	-463	16.1	19.6	-3.5	0.0	-19.6	0.0	
1.38281	-0.6	-463	16.1	19.6	-3.5	0.0	-19.6	0.0	
1.38672	-0.5	-463	16.2	19.6	-3.4	0.0	-19.6	0.0	
1.39062	-0.6	-463	16.1	19.7	-3.6	0.0	-19.7	0.0	
1.39453	-0.7	-464	16.2	19.7	-3.5	0.0	-19.7	0.0	
1.39844	-0.5	-464	16.2	19.7	-3.5	0.0	-19.7	0.0	
1.40234	-0.5	-464	16.2	19.7	-3.5	0.0	-19.7	0.0	
1.40625	-0.6	-464	16.2	19.7	-3.5	0.0	-19.7	0.0	
1.41016	-0.7	-464	16.2	19.7	-3.5	0.0	-19.7	0.0	
1.41406	-0.6	-464	16.2	19.7	-3.5	0.0	-19.7	0.0	
1.41797	-0.7	-464	16.2	19.7	-3.5	0.0	-19.7	0.0	
1.42188	-0.6	-464	16.3	19.8	-3.5	0.0	-19.8	0.0	
1.42578	-0.6	-464	16.3	19.8	-3.5	0.0	-19.8	0.0	
1.42969	-0.8	-464	16.2	19.7	-3.5	0.0	-19.7	0.0	
1.43359	-0.7	-464	16.3	19.8	-3.5	0.0	-19.8	0.0	
1.43750	-0.6	-464	16.3	19.8	-3.5	0.0	-19.8	0.0	
1.44141	-0.8	-464	16.3	19.8	-3.5	0.0	-19.8	0.0	
1.44531	-0.7	-464	16.3	19.8	-3.5	0.0	-19.8	0.0	
1.44922	-0.6	-464	16.3	19.8	-3.5	0.0	-19.8	0.0	
1.45312	-0.7	-464	16.4	19.8	-3.4	0.0	-19.8	0.0	
1.45703	-0.7	-464	16.4	19.9	-3.5	0.0	-19.9	0.0	
1.46094	-0.5	-464	16.4	19.8	-3.4	0.0	-19.8	0.0	
1.46484	-0.5	-464	16.4	19.8	-3.4	0.0	-19.8	0.0	
1.46875	-0.6	-464	16.4	19.9	-3.5	0.0	-19.9	0.0	
1.47266	-0.5	-464	16.4	19.9	-3.5	0.0	-19.9	0.0	
1.47656	-0.6	-464	16.4	19.9	-3.5	0.0	-19.9	0.0	
1.48047	-0.6	-464	16.4	19.9	-3.5	0.0	-19.9	0.0	
1.48438	-0.4	-464	16.4	19.9	-3.5	0.0	-19.9	0.0	
1.48828	-0.5	-464	16.4	19.9	-3.5	0.0	-19.9	0.0	
1.49219	-0.7	-465	16.3	19.9	-3.6	0.0	-19.9	0.0	
1.49609	-0.5	-465	16.4	19.9	-3.5	0.0	-19.9	0.0	
1.50000	-0.6	-465	16.4	19.9	-3.5	0.0	-19.9	0.0	
1.50391	-0.5	-465	16.4	19.9	-3.5	0.0	-19.9	0.0	
1.50781	-0.6	-465	16.4	19.9	-3.5	0.0	-19.9	0.0	
1.51172	-0.7	-465	16.4	20.0	-3.6	0.0	-20.0	0.0	
1.51562	-0.5	-465	16.4	20.0	-3.6	0.0	-20.0	0.0	
1.51953	-0.4	-465	16.4	20.0	-3.6	0.0	-20.0	0.0	
1.52344	-0.5	-465	16.4	20.0	-3.6	0.0	-20.0	0.0	
1.52734	-0.6	-465	16.4	20.0	-3.6	0.0	-20.0	0.0	
1.53125	-0.6	-465	16.3	20.0	-3.7	0.0	-20.0	0.0	
1.53516	-0.5	-465	16.4	20.0	-3.6	0.0	-20.0	0.0	
1.53906	-0.6	-465	16.4	20.0	-3.6	0.0	-20.0	0.0	
1.54297	-0.7	-465	16.4	20.0	-3.6	0.0	-20.0	0.0	
1.54688	-0.5	-465	16.4	20.0	-3.6	0.0	-20.0	0.0	
1.55078	-0.5	-465	16.4	20.0	-3.6	0.0	-20.0	0.0	
1.55469	-0.7	-465	16.4	20.1	-3.7	0.0	-20.1	0.0	
1.55859	-0.5	-465	16.4	20.1	-3.7	0.0	-20.1	0.0	
1.56250	-0.5	-465	16.4	20.1	-3.7	0.0	-20.1	0.0	
1.56641	-0.6	-465	16.3	20.1	-3.8	0.0	-20.1	0.0	
1.57031	-0.6	-465	16.3	20.1	-3.8	0.0	-20.1	0.0	
1.57422	-0.5	-465	16.4	20.1	-3.7	0.0	-20.1	0.0	
1.57812	-0.6	-465	16.4	20.1	-3.7	0.0	-20.1	0.0	
1.58203	-0.7	-465	16.4	20.1	-3.7	0.0	-20.1	0.0	
1.58594	-0.6	-465	16.5	20.1	-3.6	0.0	-20.1	0.0	
1.58984	-0.5	-465	16.5	20.2	-3.7	0.0	-20.2	0.0	
1.59375	-0.6	-465	16.5	20.2	-3.7	0.0	-20.2	0.0	
1.59766	-0.6	-466	16.5	20.1	-3.6	0.0	-20.1	0.0	
1.60156	-0.6	-466	16.5	20.2	-3.7	0.0	-20.2	0.0	
1.60547	-0.7	-466	16.6	20.2	-3.6	0.0	-20.2	0.0	
1.60938	-0.7	-466	16.6	20.2	-3.6	0.0	-20.2	0.0	
1.61328	-0.7	-466	16.5	20.1	-3.6	0.0	-20.1	0.0	
1.61719	-0.7	-466	16.6	20.2	-3.6	0.0	-20.2	0.0	
1.62109	-0.5	-466	16.7	20.2	-3.5	0.0	-20.2	0.0	
1.62500	-0.6	-466	16.6	20.2	-3.6	0.0	-20.2	0.0	
1.62891	-0.8	-466	16.7	20.2	-3.5	0.0	-20.2	0.0	
1.63281	-0.7	-466	16.7	20.2	-3.5	0.0	-20.2	0.0	
1.63672	-0.7	-466	16.7	20.3	-3.6	0.0	-20.3	0.0	
1.64062	-0.8	-466	16.7	20.2	-3.5	0.0	-20.2	0.0	
1.64453	-0.7	-466	16.8	20.2	-3.4	0.0	-20.2	0.0	
1.64844	-0.7	-466	16.8	20.3	-3.5	0.0	-20.3	0.0	
1.65234	-0.6	-466	16.8	20.3	-3.5	0.0	-20.3	0.0	
1.65625	-0.7	-466	16.8	20.2	-3.4	0.0	-20.2	0.0	
1.66016	-0.7	-466	16.8	20.2	-3.4	0.0	-20.2	0.0	
1.66406	-0.6	-466	16.8	20.3	-3.5	0.0	-20.3	0.0	
1.66797	-0.6	-466	16.8	20.3	-3.5	0.0	-20.3	0.0	
1.67188	-0.6	-466	16.8	20.3	-3.5	0.0	-20.3	0.0	
1.67578	-0.5	-466	16.8	20.3	-3.5	0.0	-20.3	0.0	
1.67969	-0.6	-466	16.8	20.3	-3.5	0.0	-20.3	0.0	
1.68359	-0.7	-466	16.8	20.3	-3.5	0.0	-20.3	0.0	
1.68750	-0.7	-466	16.9	20.3	-3.4	0.0	-20.3	0.0	
1.69141	-0.6	-467	16.8	20.3	-3.5	0.0	-20.3	0.0	
1.69531	-0.6	-467	16.9	20.4	-3.5	0.0	-20.4	0.0	
1.69922	-0.6	-467	16.9	20.4	-3.5	0.0	-20.4	0.0	
1.70312	-0.8	-467	16.9	20.3	-3.4	0.0	-20.3	0.0	
1.70703	-0.7	-467	17.0	20.3	-3.3	0.0	-20.3	0.0	
1.71094	-0.6	-467	17.0	20.4	-3.4	0.0	-20.4	0.0	
1.71484	-0.7	-467	16.9	20.4	-3.5	0.0	-20.4	0.0	
1.71875	-0.9	-467	17.0	20.4	-3.4	0.0	-20.4	0.0	
1.72266	-0.9	-467	17.1	20.4	-3.3	0.0	-20.4	0.0	
1.72656	-0.9	-467	17.1	20.4	-3.3	0.0	-20.4	0.0	
1.73047	-1.0	-467	17.2	20.5	-3.3	0.0	-20.5	0.0	
1.73438	-1.1	-467	17.3	20.5	-3.2	0.0	-20.5	0.0	
1.73828	-1.1	-467	17.3	20.6	-3.3	0.0	-20.6	0.0	
1.74219	-1.0	-467	17.2	20.6	-3.4	0.0	-20.6	0.0	
1.74609	-0.8	-467	17.2	20.7	-3.5	0.0	-20.7	0.0	
1.75000	-0.6	-467	17.3	20.7	-3.4	0.0	-20.7	0.0	
1.75391	-0.6	-467	17.4	20.8	-3.4	0.0	-20.8	0.0	
1.75781	-0.5	-467	17.3	20.8	-3.5	0.0	-20.8	0.0	
1.76172	-0.4	-467	17.3	20.9	-3.6	0.0	-20.9	0.0	
1.76562	-0.5	-467	17.2	20.9	-3.7	0.0	-20.9	0.0	
1.76953	-0.4	-467	17.1	20.9	-3.8	0.0	-20.9	0.0	
1.77344	-0.3	-468	17.1	21.0	-3.9	0.0	-21.0	0.0	
1.77734	-0.2	-468	17.0	21.0	-4.0	0.0	-21.0	0.0	
1.78125	-0.1	-468	17.0	21.0	-4.0	0.0	-21.0	0.0	
1.78516	0.1	-468	17.0	21.0	-4.0	0.0	-21.0	0.0	
1.78906	-0.1	-468	16.9	20.9	-4.0	0.0	-20.9	0.0	
1.79297	-0.2	-468	16.9	20.9	-4.0	0.0	-20.9	0.0	
1.79688	-0.2	-468	16.9	20.9	-4.0	0.0	-20.9	0.0	
1.80078	-0.3	-468	16.9	20.9	-4.0	0.0	-20.9	0.0	
1.80469	-0.6	-468	16.9	20.9	-4.0	0.0	-20.9	0.0	
1.80859	-0.8	-468	16.9	20.9	-4.0	0.0	-20.9	0.0	
1.81250	-0.7	-468	16.9	21.0	-4.1	0.0	-21.0	0.0	
1.81641	-0.7	-468	17.0	21.0	-4.0	0.0	-21.0	0.0	
1.82031	-0.8	-468	17.1	21.0	-3.9	0.0	-21.0	0.0	
1.82422	-0.8	-468	17.1	21.0	-3.9	0.0	-21.0	0.0	
1.82812	-1.0	-468	17.2	21.0	-3.8	0.0	-21.0	0.0	
1.83203	-1.3	-468	17.3	21.1	-3.8	0.0	-21.1	0.0	
1.83594	-1.7	-468	17.4	21.1	-3.7	0.0	-21.1	0.0	
1.83984	-2.0	-468	17.5	21.1	-3.6	0.0	-21.1	0.0	
1.84375	-2.1	-468	17.6	21.2	-3.6	0.0	-21.2	0.0	
1.84766	-2.2	-469	17.7	21.2	-3.5	0.0	-21.2	0.0	
1.85156	-2.3	-469	17.8	21.2	-3.4	0.0	-21.2	0.0	
1.85547	-2.2	-469	17.8	21.3	-3.5	0.0	-21.3	0.0	
1.85938	-2.0	-469	18.0	21.3	-3.3	0.0	-21.3	0.0	
1.86328	-1.8	-469	18.0	21.3	-3.3	0.0	-21.3	0.0	
1.86719	-1.8	-469	18.1	21.3	-3.2	0.0	-21.3	0.0	
1.87109	-1.5	-469	18.2	21.4	-3.2	0.0	-21.4	0.0	
1.87500	-1.2	-469	18.2	21.4	-3.2	0.0	-21.4	0.0	
1.87891	-1.2	-469	18.2	21.4	-3.2	0.0	-21.4	0.0	
1.88281	-1.1	-470	18.3	21.4	-3.1	0.0	-21.4	0.0	
1.88672	-0.9	-470	18.3	21.5	-3.2	0.0	-21.5	0.0	
1.89062	-0.9	-470	18.4	21.4	-3.0	0.0	-21.4	0.0	
1.89453	-0.9	-470	18.5	21.5	-3.0	0.0	-21.5	0.0	
1.89844	-0.7	-470	18.5	21.6	-3.1	0.0	-21.6	0.0	
1.90234	-0.9	-470	18.6	21.6	-3.0	0.0	-21.6	0.0	
1.90625	-1.1	-470	18.6	21.6	-3.0	0.0	-21.6	0.0	
1.91016	-1.0	-470	18.7	21.6	-2.9	0.0	-21.6	0.0	
1.91406	-1.3	-470	18.8	21.6	-2.8	0.0	-21.6	0.0	
1.91797	-1.5	-470	18.9	21.7	-2.8	0.0	-21.7	0.0	
1.92188	-1.6	-470	19.0	21.7	-2.7	0.0	-21.7	0.0	
1.92578	-1.8	-470	19.1	21.7	-2.6	0.0	-21.7	0.0	
1.92969	-2.1	-470	19.1	21.7	-2.6	0.0	-21.7	0.0	
1.93359	-2.1	-471	19.3	21.7	-2.4	0.0	-21.7	0.0	
1.93750	-2.2	-471	19.4	21.7	-2.3	0.0	-21.7	0.0	
1.94141	-2.5	-471	19.5	21.8	-2.3	0.0	-21.8	0.0	
1.94531	-2.5	-471	19.6	21.8	-2.2	0.0	-21.8	0.0	
1.94922	-2.5	-471	19.7	21.8	-2.1	0.0	-21.8	0.0	
1.95312	-2.3	-471	19.8	21.8	-2.0	0.0	-21.8	0.0	
1.95703	-2.1	-472	19.9	21.8	-1.9	0.0	-21.8	0.0	
1.96094	-2.0	-472	20.0	21.8	-1.8	0.0	-21.8	0.0	
1.96484	-2.2	-472	20.1	21.8	-1.7	0.0	-21.8	0.0	
1.96875	-2.3	-472	20.2	21.9	-1.7	0.0	-21.9	0.0	
1.97266	-2.3	-472	20.3	21.9	-1.6	0.0	-21.9	0.0	
1.97656	-2.4	-472	20.4	21.9	-1.5	0.0	-21.9	0.0	
1.98047	-2.4	-472	20.5	22.0	-1.5	0.0	-22.0	0.0	
1.98438	-2.3	-473	20.6	22.0	-1.4	0.0	-22.0	0.0	
1.98828	-2.6	-473	20.7	22.0	-1.3	0.0	-22.0	0.0	
1.99219	-2.9	-473	20.9	22.0	-1.1	0.0	-22.0	0.0	
1.99609	-3.0	-473	21.0	22.0	-1.0	0.0	-22.0	0.0	
2.00000	-3.0	-473	21.1	22.1	-1.0	0.0	-22.1	0.0	
2.00391	-2.9	-473	21.2	22.1	-0.9	0.0	-22.1	0.0	
2.00781	-2.8	-474	21.3	22.1	-0.8	0.0	-22.1	0.0	
2.01172	-2.9	-474	21.4	22.1	-0.7	0.0	-22.1	0.0	
2.01562	-2.9	-474	21.5	22.1	-0.6	0.0	-22.1	0.0	
2.01953	-2.6	-474	21.6	22.2	-0.6	0.0	-22.2	0.0	
2.02344	-2.4	-474	21.7	22.3	-0.6	0.0	-22.3	0.0	
2.02734	-2.2	-475	21.7	22.2	-0.5	0.0	-22.2	0.0	
2.03125	-1.9	-475	21.8	22.2	-0.4	0.0	-22.2	0.0	
2.03516	-1.9	-475	22.0	22.3	-0.3	0.0	-22.3	0.0	
2.03906	-1.8	-475	22.0	22.3	-0.3	0.0	-22.3	0.0	
2.04297	-1.8	-475	22.1	22.3	-0.2	0.0	-22.3	0.0	
2.04688	-1.8	-475	22.2	22.4	-0.2	0.0	-22.4	0.0	
2.05078	-1.8	-475	22.3	22.4	-0.1	0.0	-22.4	0.0	
2.05469	-1.7	-475	22.3	22.4	-0.1	0.0	-22.4	0.0	
2.05859	-1.5	-475	22.3	22.5	-0.2	0.0	-22.5	0.0	
2.06250	-1.6	-476	22.4	22.5	-0.1	0.0	-22.5	0.0	
2.06641	-1.7	-476	22.5	22.6	-0.1	0.0	-22.6	0.0	
2.07031	-1.7	-476	22.5	22.6	-0.1	0.0	-22.6	0.0	
2.07422	-1.8	-476	22.6	22.6	0.0	0.0	-22.6	0.0	
2.07812	-1.8	-476	22.7	22.7	0.0	0.0	-22.7	0.0	
2.08203	-1.8	-476	22.7	22.7	0.0	0.0	-22.7	0.0	
2.08594	-1.6	-476	22.9	22.8	0.1	0.0	-22.8	0.0	
2.08984	-1.6	-476	22.9	22.8	0.1	0.0	-22.8	0.0	
2.09375	-1.7	-476	23.0	22.9	0.1	0.0	-22.9	0.0	
2.09766	-1.6	-477	23.0	22.9	0.1	0.0	-22.9	0.0	
2.10156	-1.6	-477	23.0	23.0	0.0	0.0	-23.0	0.0	
2.10547	-1.7	-477	23.1	23.1	0.0	0.0	-23.1	0.0	
2.10938	-1.4	-477	23.2	23.1	0.1	0.0	-23.1	0.0	
2.11328	-1.4	-477	23.2	23.2	0.0	0.0	-23.2	0.0	
2.11719	-1.3	-477	23.2	23.2	0.0	0.0	-23.2	0.0	
2.12109	-1.0	-477	23.3	23.3	0.0	0.0	-23.3	0.0	
2.12500	-0.9	-477	23.3	23.3	0.0	0.0	-23.3	0.0	
2.12891	-0.9	-477	23.3	23.3	0.0	0.0	-23.3	0.0	
2.13281	-0.7	-477	23.3	23.5	-0.2	0.0	-23.5	0.0	
2.13672	-0.5	-477	23.3	23.6	-0.3	0.0	-23.6	0.0	
2.14062	-0.5	-477	23.2	23.5	-0.3	0.0	-23.5	0.0	
2.14453	-0.5	-477	23.2	23.6	-0.4	0.0	-23.6	0.0	
2.14844	-0.3	-477	23.1	23.6	-0.5	0.0	-23.6	0.0	
2.15234	-0.4	-477	23.0	23.6	-0.6	0.0	-23.6	0.0	
2.15625	-0.3	-477	23.0	23.6	-0.6	0.0	-23.6	0.0	
2.16016	-0.0	-477	23.0	23.7	-0.7	0.0	-23.7	0.0	
2.16406	-0.0	-477	22.9	23.7	-0.8	0.0	-23.7	0.0	
2.16797	0.0	-477	22.7	23.7	-1.0	0.0	-23.7	0.0	
2.17188	0.2	-477	22.7	23.8	-1.1	0.0	-23.8	0.0	
2.17578	0.2	-477	22.6	23.8	-1.2	0.0	-23.8	0.0	
2.17969	0.2	-477	22.6	23.8	-1.2	0.0	-23.8	0.0	
2.18359	0.3	-477	22.5	23.8	-1.3	0.0	-23.8	0.0	
2.18750	0.3	-477	22.4	23.8	-1.4	0.0	-23.8	0.0	
2.19141	0.2	-477	22.3	23.8	-1.5	0.0	-23.8	0.0	
2.19531	0.5	-477	22.2	23.8	-1.6	0.0	-23.8	0.0	
2.19922	0.6	-477	22.1	23.8	-1.7	0.0	-23.8	0.0	
2.20312	0.5	-477	22.0	23.8	-1.8	0.0	-23.8	0.0	
2.20703	0.6	-477	21.9	23.8	-1.9	0.0	-23.8	0.0	
2.21094	0.8	-477	21.7	23.8	-2.1	0.0	-23.8	0.0	
2.21484	0.9	-477	21.6	23.8	-2.2	0.0	-23.8	0.0	
2.21875	1.3	-477	21.6	23.7	-2.1	0.0	-23.7	0.0	
2.22266	1.6	-477	21.4	23.7	-2.3	0.0	-23.7	0.0	
2.22656	1.6	-477	21.3	23.7	-2.4	0.0	-23.7	0.0	
2.23047	1.8	-477	21.1	23.7	-2.6	0.0	-23.7	0.0	
2.23438	1.9	-477	21.0	23.6	-2.6	0.0	-23.6	0.0	
2.23828	2.1	-476	20.8	23.6	-2.8	0.0	-23.6	0.0	
2.24219	2.2	-476	20.6	23.6	-3.0	0.0	-23.6	0.0	
2.24609	2.2	-476	20.5	23.5	-3.0	0.0	-23.5	0.0	
2.25000	2.3	-476	20.4	23.5	-3.1	0.0	-23.5	0.0	
2.25391	2.4	-476	20.2	23.4	-3.2	0.0	-23.4	0.0	
2.25781	2.5	-476	20.0	23.4	-3.4	0.0	-23.4	0.0	
2.26172	2.4	-475	19.9	23.4	-3.5	0.0	-23.4	0.0	
2.26562	2.4	-475	19.8	23.3	-3.5	0.0	-23.3	0.0	
2.26953	2.5	-475	19.7	23.2	-3.5	0.0	-23.2	0.0	
2.27344	2.4	-475	19.5	23.2	-3.7	0.0	-23.2	0.0	
2.27734	2.1	-475	19.3	23.2	-3.9	0.0	-23.2	0.0	
2.28125	2.1	-475	19.2	23.1	-3.9	0.0	-23.1	0.0	
2.28516	2.1	-475	19.1	23.1	-4.0	0.0	-23.1	0.0	
2.28906	2.0	-474	19.0	23.0	-4.0	0.0	-23.0	0.0	
2.29297	1.9	-474	18.9	23.0	-4.1	0.0	-23.0	0.0	
2.29688	1.8	-474	18.8	22.9	-4.1	0.0	-22.9	0.0	
2.30078	1.5	-474	18.7	22.9	-4.2	0.0	-22.9	0.0	
2.30469	1.2	-474	18.6	22.8	-4.2	0.0	-22.8	0.0	
2.30859	1.2	-474	18.5	22.7	-4.2	0.0	-22.7	0.0	
2.31250	1.1	-474	18.4	22.7	-4.3	0.0	-22.7	0.0	
2.31641	0.8	-474	18.3	22.7	-4.4	0.0	-22.7	0.0	
2.32031	0.7	-474	18.3	22.6	-4.3	0.0	-22.6	0.0	
2.32422	0.7	-474	18.2	22.6	-4.4	0.0	-22.6	0.0	
2.32812	0.7	-474	18.1	22.5	-4.4	0.0	-22.5	0.0	
2.33203	0.7	-474	18.0	22.5	-4.5	0.0	-22.5	0.0	
2.33594	0.8	-474	17.9	22.4	-4.5	0.0	-22.4	0.0	
2.33984	0.8	-474	17.8	22.3	-4.5	0.0	-22.3	0.0	
2.34375	0.7	-474	17.7	22.3	-4.6	0.0	-22.3	0.0	
2.34766	0.9	-473	17.6	22.3	-4.7	0.0	-22.3	0.0	
2.35156	1.0	-473	17.6	22.2	-4.6	0.0	-22.2	0.0	
2.35547	0.8	-473	17.5	22.1	-4.6	0.0	-22.1	0.0	
2.35938	0.6	-473	17.4	22.1	-4.7	0.0	-22.1	0.0	
2.36328	0.6	-473	17.3	22.0	-4.7	0.0	-22.0	0.0	
2.36719	0.4	-473	17.3	22.0	-4.7	0.0	-22.0	0.0	
2.37109	0.2	-473	17.2	21.9	-4.7	0.0	-21.9	0.0	
2.37500	0.1	-473	17.2	21.8	-4.6	0.0	-21.8	0.0	
2.37891	-0.2	-473	17.2	21.8	-4.6	0.0	-21.8	0.0	
2.38281	-0.4	-473	17.2	21.8	-4.6	0.0	-21.8	0.0	
2.38672	-0.4	-473	17.2	21.8	-4.6	0.0	-21.8	0.0	
2.39062	-0.6	-473	17.1	21.8	-4.7	0.0	-21.8	0.0	
2.39453	-0.7	-473	17.1	21.7	-4.6	0.0	-21.7	0.0	
2.39844	-0.6	-473	17.2	21.6	-4.4	0.0	-21.6	0.0	
2.40234	-0.6	-473	17.2	21.7	-4.5	0.0	-21.7	0.0	
2.40625	-0.6	-473	17.2	21.6	-4.4	0.0	-21.6	0.0	
2.41016	-0.5	-474	17.2	21.6	-4.4	0.0	-21.6	0.0	
2.41406	-0.6	-474	17.2	21.6	-4.4	0.0	-21.6	0.0	
2.41797	-0.6	-474	17.2	21.5	-4.3	0.0	-21.5	0.0	
2.42188	-0.5	-474	17.2	21.5	-4.3	0.0	-21.5	0.0	
2.42578	-0.5	-474	17.2	21.5	-4.3	0.0	-21.5	0.0	
2.42969	-0.6	-474	17.2	21.4	-4.2	0.0	-21.4	0.0	
2.43359	-0.7	-474	17.2	21.4	-4.2	0.0	-21.4	0.0	
2.43750	-0.6	-474	17.2	21.5	-4.3	0.0	-21.5	0.0	
2.44141	-0.6	-474	17.2	21.4	-4.2	0.0	-21.4	0.0	
2.44531	-0.5	-474	17.2	21.4	-4.2	0.0	-21.4	0.0	
2.44922	-0.6	-474	17.2	21.4	-4.2	0.0	-21.4	0.0	
2.45312	-0.6	-474	17.2	21.3	-4.1	0.0	-21.3	0.0	
2.45703	-0.6	-474	17.2	21.3	-4.1	0.0	-21.3	0.0	
2.46094	-0.5	-474	17.2	21.4	-4.2	0.0	-21.4	0.0	
2.46484	-0.5	-474	17.2	21.4	-4.2	0.0	-21.4	0.0	
2.46875	-0.4	-474	17.2	21.5	-4.3	0.0	-21.5	0.0	
2.47266	-0.4	-474	17.3	21.5	-4.2	0.0	-21.5	0.0	
2.47656	-0.4	-474	17.3	21.5	-4.2	0.0	-21.5	0.0	
2.48047	-0.4	-474	17.2	21.5	-4.3	0.0	-21.5	0.0	
2.48438	-0.5	-474	17.2	21.5	-4.3	0.0	-21.5	0.0	
2.48828	-0.4	-474	17.1	21.5	-4.4	0.0	-21.5	0.0	
2.49219	-0.2	-474	17.0	21.6	-4.6	0.0	-21.6	0.0	
2.49609	0.1	-474	17.0	21.5	-4.5	0.0	-21.5	0.0	
2.50000	0.2	-474	16.9	21.5	-4.6	0.0	-21.5	0.0	
2.50391	0.2	-474	16.8	21.5	-4.7	0.0	-21.5	0.0	
2.50781	0.4	-474	16.8	21.5	-4.7	0.0	-21.5	0.0	
2.51172	0.5	-474	16.7	21.5	-4.8	0.0	-21.5	0.0	
2.51562	0.3	-474	16.6	21.4	-4.8	0.0	-21.4	0.0	
2.51953	0.3	-474	16.5	21.4	-4.9	0.0	-21.4	0.0	
2.52344	0.3	-474	16.5	21.4	-4.9	0.0	-21.4	0.0	
2.52734	0.1	-474	16.4	21.4	-5.0	0.0	-21.4	0.0	
2.53125	-0.1	-474	16.5	21.3	-4.8	0.0	-21.3	0.0	
2.53516	-0.2	-474	16.5	21.3	-4.8	0.0	-21.3	0.0	
2.53906	-0.3	-474	16.4	21.3	-4.9	0.0	-21.3	0.0	
2.54297	-0.6	-474	16.4	21.3	-4.9	0.0	-21.3	0.0	
2.54688	-0.7	-474	16.5	21.3	-4.8	0.0	-21.3	0.0	
2.55078	-0.7	-474	16.5	21.3	-4.8	0.0	-21.3	0.0	
2.55469	-0.8	-474	16.5	21.3	-4.8	0.0	-21.3	0.0	
2.55859	-0.7	-474	16.6	21.3	-4.7	0.0	-21.3	0.0	
2.56250	-0.8	-474	16.7	21.3	-4.6	0.0	-21.3	0.0	
2.56641	-1.0	-474	16.7	21.3	-4.6	0.0	-21.3	0.0	
2.57031	-1.1	-475	16.8	21.4	-4.6	0.0	-21.4	0.0	
2.57422	-1.1	-475	16.8	21.3	-4.5	0.0	-21.3	0.0	
2.57812	-1.3	-475	16.9	21.3	-4.4	0.0	-21.3	0.0	
2.58203	-1.3	-475	16.9	21.4	-4.5	0.0	-21.4	0.0	
2.58594	-1.2	-475	17.0	21.4	-4.4	0.0	-21.4	0.0	
2.58984	-1.1	-475	17.0	21.3	-4.3	0.0	-21.3	0.0	
2.59375	-1.1	-475	17.0	21.4	-4.4	0.0	-21.4	0.0	
2.59766	-1.0	-475	17.1	21.4	-4.3	0.0	-21.4	0.0	
2.60156	-0.8	-475	17.2	21.4	-4.2	0.0	-21.4	0.0	
2.60547	-0.8	-475	17.2	21.4	-4.2	0.0	-21.4	0.0	
2.60938	-0.8	-475	17.2	21.4	-4.2	0.0	-21.4	0.0	
2.61328	-0.7	-475	17.3	21.4	-4.1	0.0	-21.4	0.0	
2.61719	-0.6	-475	17.2	21.4	-4.2	0.0	-21.4	0.0	
2.62109	-0.6	-475	17.2	21.4	-4.2	0.0	-21.4	0.0	
2.62500	-0.6	-475	17.2	21.4	-4.2	0.0	-21.4	0.0	
2.62891	-0.4	-475	17.2	21.5	-4.3	0.0	-21.5	0.0	
2.63281	-0.5	-475	17.2	21.5	-4.3	0.0	-21.5	0.0	
2.63672	-0.5	-475	17.3	21.4	-4.1	0.0	-21.4	0.0	
2.64062	-0.5	-475	17.2	21.4	-4.2	0.0	-21.4	0.0	
2.64453	-0.5	-476	17.2	21.4	-4.2	0.0	-21.4	0.0	
2.64844	-0.4	-476	17.2	21.4	-4.2	0.0	-21.4	0.0	
2.65234	-0.6	-476	17.2	21.4	-4.2	0.0	-21.4	0.0	
2.65625	-0.6	-476	17.2	21.4	-4.2	0.0	-21.4	0.0	
2.66016	-0.6	-476	17.2	21.4	-4.2	0.0	-21.4	0.0	
2.66406	-0.8	-476	17.3	21.3	-4.0	0.0	-21.3	0.0	
2.66797	-0.6	-476	17.3	21.3	-4.0	0.0	-21.3	0.0	
2.67188	-0.5	-476	17.3	21.3	-4.0	0.0	-21.3	0.0	
2.67578	-0.6	-476	17.3	21.3	-4.0	0.0	-21.3	0.0	
2.67969	-0.6	-476	17.3	21.3	-4.0	0.0	-21.3	0.0	
2.68359	-0.7	-476	17.3	21.3	-4.0	0.0	-21.3	0.0	
2.68750	-0.8	-476	17.3	21.2	-3.9	0.0	-21.2	0.0	
2.69141	-0.7	-476	17.4	21.2	-3.8	0.0	-21.2	0.0	
2.69531	-0.6	-476	17.4	21.2	-3.8	0.0	-21.2	0.0	
2.69922	-0.4	-476	17.4	21.2	-3.8	0.0	-21.2	0.0	
2.70312	-0.5	-476	17.4	21.2	-3.8	0.0	-21.2	0.0	
2.70703	-0.7	-476	17.4	21.2	-3.8	0.0	-21.2	0.0	
2.71094	-0.6	-476	17.5	21.1	-3.6	0.0	-21.1	0.0	
2.71484	-0.5	-476	17.4	21.0	-3.6	0.0	-21.0	0.0	
2.71875	-0.5	-476	17.4	21.0	-3.6	0.0	-21.0	0.0	
2.72266	-0.4	-476	17.4	21.0	-3.6	0.0	-21.0	0.0	
2.72656	-0.4	-476	17.5	20.9	-3.4	0.0	-20.9	0.0	
2.73047	-0.5	-476	17.4	20.9	-3.5	0.0	-20.9	0.0	
2.73438	-0.5	-476	17.4	20.9	-3.5	0.0	-20.9	0.0	
2.73828	-0.5	-476	17.4	20.8	-3.4	0.0	-20.8	0.0	
2.74219	-0.5	-476	17.4	20.8	-3.4	0.0	-20.8	0.0	
2.74609	-0.5	-476	17.4	20.8	-3.4	0.0	-20.8	0.0	
2.75000	-0.6	-477	17.5	20.8	-3.3	0.0	-20.8	0.0	
2.75391	-0.7	-477	17.5	20.7	-3.2	0.0	-20.7	0.0	
2.75781	-0.6	-477	17.4	20.7	-3.3	0.0	-20.7	0.0	
2.76172	-0.6	-477	17.5	20.7	-3.2	0.0	-20.7	0.0	
2.76562	-0.7	-477	17.5	20.7	-3.2	0.0	-20.7	0.0	
2.76953	-0.7	-477	17.5	20.6	-3.1	0.0	-20.6	0.0	
2.77344	-0.6	-477	17.6	20.7	-3.1	0.0	-20.7	0.0	
2.77734	-0.6	-477	17.6	20.6	-3.0	0.0	-20.6	0.0	
2.78125	-0.7	-477	17.5	20.5	-3.0	0.0	-20.5	0.0	
2.78516	-0.8	-477	17.5	20.6	-3.1	0.0	-20.6	0.0	
2.78906	-0.7	-477	17.6	20.6	-3.0	0.0	-20.6	0.0	
2.79297	-0.7	-477	17.6	20.5	-2.9	0.0	-20.5	0.0	
2.79688	-0.6	-477	17.6	20.5	-2.9	0.0	-20.5	0.0	
2.80078	-0.6	-477	17.6	20.5	-2.9	0.0	-20.5	0.0	
2.80469	-0.7	-477	17.6	20.6	-3.0	0.0	-20.6	0.0	
2.80859	-0.8	-477	17.7	20.5	-2.8	0.0	-20.5	0.0	
2.81250	-0.7	-477	17.7	20.5	-2.8	0.0	-20.5	0.0	
2.81641	-0.6	-477	17.7	20.5	-2.8	0.0	-20.5	0.0	
2.82031	-0.6	-477	17.7	20.5	-2.8	0.0	-20.5	0.0	
2.82422	-0.6	-477	17.8	20.5	-2.7	0.0	-20.5	0.0	
2.82812	-0.7	-477	17.7	20.5	-2.8	0.0	-20.5	0.0	
2.83203	-0.7	-477	17.7	20.5	-2.8	0.0	-20.5	0.0	
2.83594	-0.6	-477	17.8	20.6	-2.8	0.0	-20.6	0.0	
2.83984	-0.7	-478	17.9	20.6	-2.7	0.0	-20.6	0.0	
2.84375	-0.9	-478	17.9	20.6	-2.7	0.0	-20.6	0.0	
2.84766	-0.8	-478	17.9	20.7	-2.8	0.0	-20.7	0.0	
2.85156	-0.8	-478	17.9	20.6	-2.7	0.0	-20.6	0.0	
2.85547	-1.0	-478	18.0	20.6	-2.6	0.0	-20.6	0.0	
2.85938	-0.9	-478	18.1	20.7	-2.6	0.0	-20.7	0.0	
2.86328	-1.1	-478	18.1	20.7	-2.6	0.0	-20.7	0.0	
2.86719	-1.3	-478	18.1	20.8	-2.7	0.0	-20.8	0.0	
2.87109	-1.2	-478	18.2	20.8	-2.6	0.0	-20.8	0.0	
2.87500	-1.3	-478	18.3	20.8	-2.5	0.0	-20.8	0.0	
2.87891	-1.4	-478	18.4	20.8	-2.4	0.0	-20.8	0.0	
2.88281	-1.5	-478	18.4	20.8	-2.4	0.0	-20.8	0.0	
2.88672	-1.7	-478	18.6	20.8	-2.2	0.0	-20.8	0.0	
2.89062	-1.8	-479	18.7	20.9	-2.2	0.0	-20.9	0.0	
2.89453	-1.7	-479	18.7	20.9	-2.2	0.0	-20.9	0.0	
2.89844	-1.6	-479	18.8	21.0	-2.2	0.0	-21.0	0.0	
2.90234	-1.8	-479	18.9	21.0	-2.1	0.0	-21.0	0.0	
2.90625	-1.9	-479	19.0	21.1	-2.1	0.0	-21.1	0.0	
2.91016	-1.8	-479	19.1	21.1	-2.0	0.0	-21.1	0.0	
2.91406	-1.8	-479	19.2	21.1	-1.9	0.0	-21.1	0.0	
2.91797	-1.8	-479	19.3	21.2	-1.9	0.0	-21.2	0.0	
2.92188	-1.7	-479	19.4	21.2	-1.8	0.0	-21.2	0.0	
2.92578	-1.9	-480	19.4	21.2	-1.8	0.0	-21.2	0.0	
2.92969	-1.8	-480	19.5	21.3	-1.8	0.0	-21.3	0.0	
2.93359	-1.7	-480	19.7	21.3	-1.6	0.0	-21.3	0.0	
2.93750	-1.8	-480	19.8	21.3	-1.5	0.0	-21.3	0.0	
2.94141	-2.0	-480	19.8	21.4	-1.6	0.0	-21.4	0.0	
2.94531	-1.8	-480	19.9	21.5	-1.6	0.0	-21.5	0.0	
2.94922	-1.7	-480	20.0	21.5	-1.5	0.0	-21.5	0.0	
2.95312	-1.9	-480	20.1	21.5	-1.4	0.0	-21.5	0.0	
2.95703	-2.0	-481	20.1	21.6	-1.5	0.0	-21.6	0.0	
2.96094	-1.9	-481	20.2	21.7	-1.5	0.0	-21.7	0.0	
2.96484	-2.0	-481	20.4	21.7	-1.3	0.0	-21.7	0.0	
2.96875	-2.2	-481	20.5	21.7	-1.2	0.0	-21.7	0.0	
2.97266	-2.3	-481	20.6	21.8	-1.2	0.0	-21.8	0.0	
2.97656	-2.3	-481	20.7	21.8	-1.1	0.0	-21.8	0.0	
2.98047	-2.4	-481	20.8	21.9	-1.1	0.0	-21.9	0.0	
2.98438	-2.5	-482	20.9	21.9	-1.0	0.0	-21.9	0.0	
2.98828	-2.8	-482	21.0	22.0	-1.0	0.0	-22.0	0.0	
2.99219	-3.0	-482	21.2	22.1	-0.9	0.0	-22.1	0.0	
2.99609	-2.7	-482	21.4	22.1	-0.7	0.0	-22.1	0.0	
3.00000	-2.8	-482	21.4	22.2	-0.8	0.0	-22.2	0.0	
3.00391	-3.1	-482	21.5	22.2	-0.7	0.0	-22.2	0.0	
3.00781	-3.0	-483	21.7	22.2	-0.5	0.0	-22.2	0.0	
3.01172	-2.9	-483	21.8	22.3	-0.5	0.0	-22.3	0.0	
3.01562	-3.1	-483	21.9	22.4	-0.5	0.0	-22.4	0.0	
3.01953	-3.3	-483	22.0	22.5	-0.5	0.0	-22.5	0.0	
3.02344	-3.4	-484	22.2	22.5	-0.3	0.0	-22.5	0.0	
3.02734	-3.4	-484	22.3	22.6	-0.3	0.0	-22.6	0.0	
3.03125	-3.3	-484	22.4	22.7	-0.3	0.0	-22.7	0.0	
3.03516	-3.5	-484	22.6	22.8	-0.2	0.0	-22.8	0.0	
3.03906	-3.7	-484	22.7	22.8	-0.1	0.0	-22.8	0.0	
3.04297	-3.6	-485	22.8	22.8	0.0	0.0	-22.8	0.0	
3.04688	-3.5	-485	23.0	22.9	0.1	0.0	-22.9	0.0	
3.05078	-3.4	-485	23.0	23.0	0.0	0.0	-23.0	0.0	
3.05469	-3.0	-485	23.1	23.1	0.0	0.0	-23.1	0.0	
3.05859	-2.8	-485	23.2	23.2	0.0	0.0	-23.2	0.0	
3.06250	-2.7	-486	23.3	23.3	0.0	0.0	-23.3	0.0	
3.06641	-2.4	-486	23.4	23.3	0.1	0.0	-23.3	0.0	
3.07031	-2.2	-486	23.4	23.4	0.0	0.0	-23.4	0.0	
3.07422	-2.1	-486	23.5	23.4	0.1	0.0	-23.4	0.0	
3.07812	-2.0	-486	23.6	23.5	0.1	0.0	-23.5	0.0	
3.08203	-1.7	-486	23.7	23.6	0.1	0.0	-23.6	0.0	
3.08594	-1.8	-486	23.8	23.6	0.2	0.0	-23.6	0.0	
3.08984	-2.0	-487	23.9	23.6	0.3	0.0	-23.6	0.0	
3.09375	-2.0	-487	23.9	23.7	0.2	0.0	-23.7	0.0	
3.09766	-1.9	-487	24.0	23.8	0.2	0.0	-23.8	0.0	
3.10156	-1.9	-487	24.2	23.8	0.4	0.0	-23.8	0.0	
3.10547	-1.9	-487	24.2	23.9	0.3	0.0	-23.9	0.0	
3.10938	-1.9	-487	24.2	23.9	0.3	0.0	-23.9	0.0	
3.11328	-1.7	-487	24.2	24.0	0.2	0.0	-24.0	0.0	
3.11719	-1.3	-487	24.2	24.1	0.1	0.0	-24.1	0.0	
3.12109	-1.0	-487	24.3	24.1	0.2	0.0	-24.1	0.0	
3.12500	-0.9	-488	24.3	24.2	0.1	0.0	-24.2	0.0	
3.12891	-0.6	-488	24.3	24.2	0.1	0.0	-24.2	0.0	
3.13281	-0.5	-488	24.3	24.3	0.0	0.0	-24.3	0.0	
3.13672	-0.4	-488	24.2	24.3	-0.1	0.0	-24.3	0.0	
3.14062	-0.3	-488	24.1	24.3	-0.2	0.0	-24.3	0.0	
3.14453	-0.4	-488	24.1	24.4	-0.3	0.0	-24.4	0.0	
3.14844	-0.4	-488	24.1	24.4	-0.3	0.0	-24.4	0.0	
3.15234	-0.3	-488	24.0	24.4	-0.4	0.0	-24.4	0.0	
3.15625	-0.4	-488	23.9	24.5	-0.6	0.0	-24.5	0.0	
3.16016	-0.3	-488	23.9	24.5	-0.6	0.0	-24.5	0.0	
3.16406	-0.2	-488	23.9	24.5	-0.6	0.0	-24.5	0.0	
3.16797	-0.3	-488	23.8	24.5	-0.7	0.0	-24.5	0.0	
3.17188	-0.3	-488	23.8	24.6	-0.8	0.0	-24.6	0.0	
3.17578	-0.5	-488	23.8	24.6	-0.8	0.0	-24.6	0.0	
3.17969	-0.8	-488	23.8	24.6	-0.8	0.0	-24.6	0.0	
3.18359	-0.6	-488	23.8	24.7	-0.9	0.0	-24.7	0.0	
3.18750	-0.4	-488	23.7	24.7	-1.0	0.0	-24.7	0.0	
3.19141	-0.5	-488	23.6	24.8	-1.2	0.0	-24.8	0.0	
3.19531	-0.4	-488	23.6	24.8	-1.2	0.0	-24.8	0.0	
3.19922	-0.2	-488	23.5	24.9	-1.4	0.0	-24.9	0.0	
3.20312	-0.0	-488	23.4	24.9	-1.5	0.0	-24.9	0.0	
3.20703	0.4	-488	23.3	24.9	-1.6	0.0	-24.9	0.0	
3.21094	0.9	-488	23.1	24.9	-1.8	0.0	-24.9	0.0	
3.21484	1.5	-488	22.9	24.9	-2.0	0.0	-24.9	0.0	
3.21875	2.3	-488	22.7	25.0	-2.3	0.0	-25.0	0.0	
3.22266	3.1	-487	22.5	25.0	-2.5	0.0	-25.0	0.0	
3.22656	3.6	-487	22.3	24.9	-2.6	0.0	-24.9	0.0	
3.23047	3.9	-487	22.1	24.9	-2.8	0.0	-24.9	0.0	
3.23438	4.1	-487	21.9	24.8	-2.9	0.0	-24.8	0.0	
3.23828	4.1	-486	21.7	24.8	-3.1	0.0	-24.8	0.0	
3.24219	3.7	-486	21.6	24.7	-3.1	0.0	-24.7	0.0	
3.24609	3.4	-486	21.4	24.7	-3.3	0.0	-24.7	0.0	
3.25000	3.3	-486	21.2	24.6	-3.4	0.0	-24.6	0.0	
3.25391	3.0	-486	21.1	24.6	-3.5	0.0	-24.6	0.0	
3.25781	2.6	-485	21.0	24.6	-3.6	0.0	-24.6	0.0	
3.26172	2.3	-485	20.8	24.6	-3.8	0.0	-24.6	0.0	
3.26562	2.1	-485	20.7	24.5	-3.8	0.0	-24.5	0.0	
3.26953	2.0	-485	20.6	24.4	-3.8	0.0	-24.4	0.0	
3.27344	1.8	-485	20.5	24.4	-3.9	0.0	-24.4	0.0	
3.27734	1.6	-485	20.3	24.4	-4.1	0.0	-24.4	0.0	
3.28125	1.3	-485	20.3	24.3	-4.0	0.0	-24.3	0.0	
3.28516	1.0	-485	20.2	24.3	-4.1	0.0	-24.3	0.0	
3.28906	1.0	-485	20.1	24.3	-4.2	0.0	-24.3	0.0	
3.29297	0.9	-485	20.0	24.2	-4.2	0.0	-24.2	0.0	
3.29688	0.9	-484	20.0	24.2	-4.2	0.0	-24.2	0.0	
3.30078	0.6	-484	19.9	24.1	-4.2	0.0	-24.1	0.0	
3.30469	0.5	-484	19.7	24.1	-4.4	0.0	-24.1	0.0	
3.30859	0.7	-484	19.7	24.0	-4.3	0.0	-24.0	0.0	
3.31250	0.7	-484	19.6	24.0	-4.4	0.0	-24.0	0.0	
3.31641	0.8	-484	19.4	24.0	-4.6	0.0	-24.0	0.0	
3.32031	1.1	-484	19.3	23.9	-4.6	0.0	-23.9	0.0	
3.32422	1.2	-484	19.2	23.9	-4.7	0.0	-23.9	0.0	
3.32812	1.2	-484	19.1	23.8	-4.7	0.0	-23.8	0.0	
3.33203	1.3	-484	19.0	23.8	-4.8	0.0	-23.8	0.0	
3.33594	1.7	-484	18.9	23.8	-4.9	0.0	-23.8	0.0	
3.33984	1.9	-484	18.8	23.7	-4.9	0.0	-23.7	0.0	
3.34375	2.0	-484	18.7	23.6	-4.9	0.0	-23.6	0.0	
3.34766	2.2	-483	18.5	23.6	-5.1	0.0	-23.6	0.0	
3.35156	2.1	-483	18.4	23.5	-5.1	0.0	-23.5	0.0	
3.35547	1.8	-483	18.3	23.5	-5.2	0.0	-23.5	0.0	
3.35938	1.8	-483	18.1	23.4	-5.3	0.0	-23.4	0.0	
3.36328	1.8	-483	18.0	23.4	-5.4	0.0	-23.4	0.0	
3.36719	1.5	-483	17.9	23.3	-5.4	0.0	-23.3	0.0	
3.37109	1.4	-483	17.8	23.2	-5.4	0.0	-23.2	0.0	
3.37500	1.4	-483	17.8	23.2	-5.4	0.0	-23.2	0.0	
3.37891	1.1	-483	17.7	23.1	-5.4	0.0	-23.1	0.0	
3.38281	1.0	-483	17.6	23.0	-5.4	0.0	-23.0	0.0	
3.38672	0.8	-482	17.5	22.9	-5.4	0.0	-22.9	0.0	
3.39062	0.5	-482	17.4	22.8	-5.4	0.0	-22.8	0.0	
3.39453	0.2	-482	17.4	22.8	-5.4	0.0	-22.8	0.0	
3.39844	0.2	-482	17.4	22.7	-5.3	0.0	-22.7	0.0	
3.40234	-0.1	-482	17.4	22.6	-5.2	0.0	-22.6	0.0	
3.40625	-0.4	-482	17.3	22.6	-5.3	0.0	-22.6	0.0	
3.41016	-0.3	-482	17.3	22.6	-5.3	0.0	-22.6	0.0	
3.41406	-0.5	-482	17.3	22.5	-5.2	0.0	-22.5	0.0	
3.41797	-0.7	-483	17.3	22.4	-5.1	0.0	-22.4	0.0	
3.42188	-0.5	-483	17.3	22.4	-5.1	0.0	-22.4	0.0	
3.42578	-0.4	-483	17.3	22.3	-5.0	0.0	-22.3	0.0	
3.42969	-0.5	-483	17.3	22.3	-5.0	0.0	-22.3	0.0	
3.43359	-0.5	-483	17.3	22.2	-4.9	0.0	-22.2	0.0	
3.43750	-0.5	-483	17.3	22.1	-4.8	0.0	-22.1	0.0	
3.44141	-0.6	-483	17.3	22.1	-4.8	0.0	-22.1	0.0	
3.44531	-0.5	-483	17.3	22.0	-4.7	0.0	-22.0	0.0	
3.44922	-0.5	-483	17.3	21.9	-4.6	0.0	-21.9	0.0	
3.45312	-0.6	-483	17.3	21.9	-4.6	0.0	-21.9	0.0	
3.45703	-0.5	-483	17.3	21.8	-4.5	0.0	-21.8	0.0	
3.46094	-0.5	-483	17.3	21.7	-4.4	0.0	-21.7	0.0	
3.46484	-0.7	-483	17.3	21.7	-4.4	0.0	-21.7	0.0	
3.46875	-0.6	-483	17.4	21.6	-4.2	0.0	-21.6	0.0	
3.47266	-0.4	-483	17.4	21.6	-4.2	0.0	-21.6	0.0	
3.47656	-0.5	-483	17.3	21.6	-4.3	0.0	-21.6	0.0	
3.48047	-0.6	-483	17.4	21.5	-4.1	0.0	-21.5	0.0	
3.48438	-0.5	-483	17.4	21.4	-4.0	0.0	-21.4	0.0	
3.48828	-0.5	-483	17.4	21.4	-4.0	0.0	-21.4	0.0	
3.49219	-0.5	-483	17.3	21.3	-4.0	0.0	-21.3	0.0	
3.49609	-0.4	-483	17.3	21.2	-3.9	0.0	-21.2	0.0	
3.50000	-0.4	-483	17.3	21.2	-3.9	0.0	-21.2	0.0	
3.50391	-0.6	-483	17.3	21.2	-3.9	0.0	-21.2	0.0	
3.50781	-0.6	-483	17.3	21.1	-3.8	0.0	-21.1	0.0	
3.51172	-0.5	-483	17.3	21.1	-3.8	0.0	-21.1	0.0	
3.51562	-0.5	-483	17.3	21.0	-3.7	0.0	-21.0	0.0	
3.51953	-0.5	-483	17.3	21.0	-3.7	0.0	-21.0	0.0	
3.52344	-0.5	-483	17.3	21.0	-3.7	0.0	-21.0	0.0	
3.52734	-0.5	-483	17.3	20.9	-3.6	0.0	-20.9	0.0	
3.53125	-0.7	-484	17.2	20.9	-3.7	0.0	-20.9	0.0	
3.53516	-0.6	-484	17.3	20.9	-3.6	0.0	-20.9	0.0	
3.53906	-0.6	-484	17.3	20.9	-3.6	0.0	-20.9	0.0	
3.54297	-0.6	-484	17.3	20.9	-3.6	0.0	-20.9	0.0	
3.54688	-0.4	-484	17.4	20.8	-3.4	0.0	-20.8	0.0	
3.55078	-0.4	-484	17.3	20.8	-3.5	0.0	-20.8	0.0	
3.55469	-0.5	-484	17.3	20.8	-3.5	0.0	-20.8	0.0	
3.55859	-0.5	-484	17.4	20.8	-3.4	0.0	-20.8	0.0	
3.56250	-0.5	-484	17.2	20.7	-3.5	0.0	-20.7	0.0	
3.56641	-0.4	-484	17.6	20.8	-3.2	0.0	-20.8	0.0	
3.57031	-0.1	-484	18.1	20.8	-2.7	0.0	-20.8	0.0	
3.57422	0.5	-484	17.9	20.8	-2.9	0.0	-20.8	0.0	
3.57812	1.0	-484	17.9	20.7	-2.8	0.0	-20.7	0.0	
3.58203	1.6	-484	17.9	20.8	-2.9	0.0	-20.8	0.0	
3.58594	3.5	-483	18.5	20.8	-2.3	0.0	-20.8	0.0	
