FluxView - FluxMed acquisition system
Signal file
Serial Number	:
W version:	1.20h-OX-CO2	File version:	1.13
Sampling rate:	256 Hz
Time	Flow	Volume	Paw	Pes	Ptpulm	Pga	Ptdiaf	CO2	
0.00391	-0.6	-251	17.8	14.7	3.1	14.7	0.0	14.7	
0.00781	-0.7	-251	17.8	14.7	3.1	14.7	0.0	14.7	
0.01172	-0.7	-251	17.7	14.8	2.9	14.8	0.0	14.8	
0.01562	-0.7	-251	17.8	14.7	3.1	14.7	0.0	14.7	
0.01953	-0.6	-251	17.8	14.7	3.1	14.7	0.0	14.7	
0.02344	-0.7	-251	17.7	14.7	3.0	14.7	0.0	14.7	
0.02734	-0.7	-251	17.8	14.7	3.1	14.7	0.0	14.7	
0.03125	-0.5	-251	17.8	14.7	3.1	14.7	0.0	14.7	
0.03516	-0.6	-251	17.7	14.6	3.1	14.6	0.0	14.6	
0.03906	-0.8	-251	17.7	14.6	3.1	14.6	0.0	14.6	
0.04297	-0.5	-251	17.7	14.7	3.0	14.7	0.0	14.7	
0.04688	-0.6	-251	17.7	14.7	3.0	14.7	0.0	14.7	
0.05078	-0.7	-251	17.7	14.7	3.0	14.7	0.0	14.7	
0.05469	-0.7	-251	17.7	14.7	3.0	14.7	0.0	14.7	
0.05859	-0.7	-251	17.7	14.7	3.0	14.7	0.0	14.7	
0.06250	-0.6	-252	17.6	14.6	3.0	14.6	0.0	14.6	
0.06641	-0.7	-252	17.7	14.6	3.1	14.6	0.0	14.6	
0.07031	-0.7	-252	17.7	14.7	3.0	14.7	0.0	14.7	
0.07422	-0.7	-252	17.7	14.7	3.0	14.7	0.0	14.7	
0.07812	-0.8	-252	17.7	14.6	3.1	14.6	0.0	14.6	
0.08203	-0.7	-252	17.7	14.6	3.1	14.6	0.0	14.6	
0.08594	-0.6	-252	17.6	14.6	3.0	14.6	0.0	14.6	
0.08984	-0.8	-252	17.7	14.6	3.1	14.6	0.0	14.6	
0.09375	-0.8	-252	17.7	14.6	3.1	14.6	0.0	14.6	
0.09766	-0.7	-252	17.6	14.6	3.0	14.6	0.0	14.6	
0.10156	-0.7	-252	17.6	14.6	3.0	14.6	0.0	14.6	
0.10547	-0.7	-252	17.7	14.6	3.1	14.6	0.0	14.6	
0.10938	-0.7	-252	17.7	14.6	3.1	14.6	0.0	14.6	
0.11328	-0.8	-252	17.7	14.6	3.1	14.6	0.0	14.6	
0.11719	-0.7	-252	17.7	14.6	3.1	14.6	0.0	14.6	
0.12109	-0.6	-252	17.6	14.6	3.0	14.6	0.0	14.6	
0.12500	-0.6	-252	17.6	14.6	3.0	14.6	0.0	14.6	
0.12891	-0.8	-252	17.6	14.6	3.0	14.6	0.0	14.6	
0.13281	-0.7	-252	17.6	14.6	3.0	14.6	0.0	14.6	
0.13672	-0.6	-252	17.6	14.6	3.0	14.6	0.0	14.6	
0.14062	-0.9	-252	17.6	14.6	3.0	14.6	0.0	14.6	
0.14453	-0.7	-252	17.6	14.6	3.0	14.6	0.0	14.6	
0.14844	-0.5	-253	17.6	14.6	3.0	14.6	0.0	14.6	
0.15234	-0.7	-253	17.6	14.5	3.1	14.5	0.0	14.5	
0.15625	-0.6	-253	17.6	14.5	3.1	14.5	0.0	14.5	
0.16016	-0.7	-253	17.6	14.5	3.1	14.5	0.0	14.5	
0.16406	-0.9	-253	17.6	14.6	3.0	14.6	0.0	14.6	
0.16797	-0.6	-253	17.6	14.6	3.0	14.6	0.0	14.6	
0.17188	-0.6	-253	17.6	14.6	3.0	14.6	0.0	14.6	
0.17578	-0.8	-253	17.6	14.6	3.0	14.6	0.0	14.6	
0.17969	-0.8	-253	17.6	14.5	3.1	14.5	0.0	14.5	
0.18359	-0.7	-253	17.6	14.6	3.0	14.6	0.0	14.6	
0.18750	-0.7	-253	17.6	14.6	3.0	14.6	0.0	14.6	
0.19141	-0.8	-253	17.7	14.5	3.2	14.5	0.0	14.5	
0.19531	-0.7	-253	17.6	14.5	3.1	14.5	0.0	14.5	
0.19922	-0.7	-253	17.6	14.5	3.1	14.5	0.0	14.5	
0.20312	-0.8	-253	17.7	14.5	3.2	14.5	0.0	14.5	
0.20703	-0.7	-253	17.6	14.6	3.0	14.6	0.0	14.6	
0.21094	-0.8	-253	17.6	14.5	3.1	14.5	0.0	14.5	
0.21484	-0.8	-253	17.6	14.5	3.1	14.5	0.0	14.5	
0.21875	-0.7	-253	17.7	14.6	3.1	14.6	0.0	14.6	
0.22266	-0.7	-253	17.7	14.6	3.1	14.6	0.0	14.6	
0.22656	-0.8	-253	17.7	14.5	3.2	14.5	0.0	14.5	
0.23047	-0.6	-254	17.7	14.6	3.1	14.6	0.0	14.6	
0.23438	-0.7	-254	17.7	14.5	3.2	14.5	0.0	14.5	
0.23828	-0.9	-254	17.7	14.5	3.2	14.5	0.0	14.5	
0.24219	-0.8	-254	17.7	14.5	3.2	14.5	0.0	14.5	
0.24609	-0.7	-254	17.7	14.5	3.2	14.5	0.0	14.5	
0.25000	-0.8	-254	17.7	14.5	3.2	14.5	0.0	14.5	
0.25391	-0.7	-254	17.8	14.5	3.3	14.5	0.0	14.5	
0.25781	-0.6	-254	17.8	14.5	3.3	14.5	0.0	14.5	
0.26172	-0.7	-254	17.7	14.5	3.2	14.5	0.0	14.5	
0.26562	-0.8	-254	17.8	14.5	3.3	14.5	0.0	14.5	
0.26953	-0.7	-254	17.9	14.5	3.4	14.5	0.0	14.5	
0.27344	-0.9	-254	17.8	14.6	3.2	14.6	0.0	14.6	
0.27734	-0.9	-254	17.8	14.5	3.3	14.5	0.0	14.5	
0.28125	-0.7	-254	17.8	14.5	3.3	14.5	0.0	14.5	
0.28516	-0.8	-254	17.8	14.5	3.3	14.5	0.0	14.5	
0.28906	-0.9	-254	17.9	14.5	3.4	14.5	0.0	14.5	
0.29297	-0.6	-254	17.9	14.5	3.4	14.5	0.0	14.5	
0.29688	-0.7	-254	17.9	14.5	3.4	14.5	0.0	14.5	
0.30078	-0.9	-254	17.9	14.5	3.4	14.5	0.0	14.5	
0.30469	-0.8	-254	17.9	14.5	3.4	14.5	0.0	14.5	
0.30859	-0.9	-255	17.9	14.5	3.4	14.5	0.0	14.5	
0.31250	-1.0	-255	18.0	14.5	3.5	14.5	0.0	14.5	
0.31641	-0.9	-255	18.0	14.5	3.5	14.5	0.0	14.5	
0.32031	-0.7	-255	18.0	14.5	3.5	14.5	0.0	14.5	
0.32422	-0.8	-255	18.0	14.5	3.5	14.5	0.0	14.5	
0.32812	-0.9	-255	18.1	14.5	3.6	14.5	0.0	14.5	
0.33203	-0.8	-255	18.0	14.6	3.4	14.6	0.0	14.6	
0.33594	-0.8	-255	18.1	14.6	3.5	14.6	0.0	14.6	
0.33984	-0.9	-255	18.1	14.6	3.5	14.6	0.0	14.6	
0.34375	-0.7	-255	18.1	14.6	3.5	14.6	0.0	14.6	
0.34766	-0.6	-255	18.2	14.6	3.6	14.6	0.0	14.6	
0.35156	-0.7	-255	18.2	14.6	3.6	14.6	0.0	14.6	
0.35547	-0.7	-255	18.2	14.6	3.6	14.6	0.0	14.6	
0.35938	-0.7	-255	18.2	14.6	3.6	14.6	0.0	14.6	
0.36328	-0.8	-255	18.2	14.6	3.6	14.6	0.0	14.6	
0.36719	-0.8	-255	18.2	14.6	3.6	14.6	0.0	14.6	
0.37109	-0.7	-255	18.3	14.6	3.7	14.6	0.0	14.6	
0.37500	-0.8	-255	18.3	14.6	3.7	14.6	0.0	14.6	
0.37891	-0.8	-255	18.3	14.6	3.7	14.6	0.0	14.6	
0.38281	-0.5	-255	18.3	14.6	3.7	14.6	0.0	14.6	
0.38672	-0.6	-256	18.3	14.6	3.7	14.6	0.0	14.6	
0.39062	-0.7	-256	18.3	14.6	3.7	14.6	0.0	14.6	
0.39453	-0.5	-256	18.3	14.7	3.6	14.7	0.0	14.7	
0.39844	-0.5	-256	18.3	14.6	3.7	14.6	0.0	14.6	
0.40234	-0.6	-256	18.3	14.6	3.7	14.6	0.0	14.6	
0.40625	-0.6	-256	18.3	14.6	3.7	14.6	0.0	14.6	
0.41016	-0.6	-256	18.3	14.6	3.7	14.6	0.0	14.6	
0.41406	-0.8	-256	18.2	14.7	3.5	14.7	0.0	14.7	
0.41797	-0.8	-256	18.2	14.6	3.6	14.6	0.0	14.6	
0.42188	-0.7	-256	18.1	14.6	3.5	14.6	0.0	14.6	
0.42578	-0.6	-256	18.1	14.6	3.5	14.6	0.0	14.6	
0.42969	-0.5	-256	18.1	14.6	3.5	14.6	0.0	14.6	
0.43359	-0.6	-256	18.1	14.6	3.5	14.6	0.0	14.6	
0.43750	-0.9	-256	18.1	14.6	3.5	14.6	0.0	14.6	
0.44141	-0.7	-256	18.1	14.6	3.5	14.6	0.0	14.6	
0.44531	-0.6	-256	18.1	14.6	3.5	14.6	0.0	14.6	
0.44922	-0.8	-256	18.1	14.6	3.5	14.6	0.0	14.6	
0.45312	-0.8	-256	18.1	14.6	3.5	14.6	0.0	14.6	
0.45703	-0.6	-256	18.1	14.6	3.5	14.6	0.0	14.6	
0.46094	-0.7	-256	18.1	14.6	3.5	14.6	0.0	14.6	
0.46484	-1.0	-256	18.1	14.6	3.5	14.6	0.0	14.6	
0.46875	-0.9	-256	18.2	14.6	3.6	14.6	0.0	14.6	
0.47266	-0.7	-257	18.2	14.6	3.6	14.6	0.0	14.6	
0.47656	-1.0	-257	18.3	14.7	3.6	14.7	0.0	14.7	
0.48047	-1.0	-257	18.3	14.7	3.6	14.7	0.0	14.7	
0.48438	-1.0	-257	18.3	14.7	3.6	14.7	0.0	14.7	
0.48828	-1.3	-257	18.4	14.7	3.7	14.7	0.0	14.7	
0.49219	-1.2	-257	18.4	14.7	3.7	14.7	0.0	14.7	
0.49609	-1.1	-257	18.6	14.8	3.8	14.8	0.0	14.8	
0.50000	-1.2	-257	18.6	14.8	3.8	14.8	0.0	14.8	
0.50391	-1.3	-257	18.6	14.8	3.8	14.8	0.0	14.8	
0.50781	-1.2	-257	18.6	14.8	3.8	14.8	0.0	14.8	
0.51172	-1.1	-257	18.7	14.8	3.9	14.8	0.0	14.8	
0.51562	-1.0	-257	18.7	14.8	3.9	14.8	0.0	14.8	
0.51953	-1.0	-257	18.8	14.9	3.9	14.9	0.0	14.9	
0.52344	-1.0	-257	18.8	15.0	3.8	15.0	0.0	15.0	
0.52734	-1.0	-258	18.8	15.0	3.8	15.0	0.0	15.0	
0.53125	-0.9	-258	18.9	15.0	3.9	15.0	0.0	15.0	
0.53516	-0.9	-258	18.9	15.0	3.9	15.0	0.0	15.0	
0.53906	-0.9	-258	18.9	15.0	3.9	15.0	0.0	15.0	
0.54297	-0.8	-258	19.0	15.0	4.0	15.0	0.0	15.0	
0.54688	-0.9	-258	19.0	15.0	4.0	15.0	0.0	15.0	
0.55078	-1.0	-258	19.0	15.1	3.9	15.1	0.0	15.1	
0.55469	-0.9	-258	19.1	15.1	4.0	15.1	0.0	15.1	
0.55859	-0.8	-258	19.1	15.1	4.0	15.1	0.0	15.1	
0.56250	-0.9	-258	19.1	15.1	4.0	15.1	0.0	15.1	
0.56641	-0.8	-258	19.1	15.2	3.9	15.2	0.0	15.2	
0.57031	-0.7	-258	19.2	15.2	4.0	15.2	0.0	15.2	
0.57422	-0.8	-258	19.2	15.3	3.9	15.3	0.0	15.3	
0.57812	-0.9	-258	19.2	15.2	4.0	15.2	0.0	15.2	
0.58203	-0.7	-258	19.3	15.2	4.1	15.2	0.0	15.2	
0.58594	-0.7	-258	19.2	15.2	4.0	15.2	0.0	15.2	
0.58984	-0.8	-258	19.2	15.3	3.9	15.3	0.0	15.3	
0.59375	-0.7	-258	19.2	15.3	3.9	15.3	0.0	15.3	
0.59766	-0.6	-258	19.3	15.2	4.1	15.2	0.0	15.2	
0.60156	-0.8	-259	19.2	15.3	3.9	15.3	0.0	15.3	
0.60547	-0.7	-259	19.2	15.4	3.8	15.4	0.0	15.4	
0.60938	-0.6	-259	19.2	15.3	3.9	15.3	0.0	15.3	
0.61328	-0.8	-259	19.2	15.3	3.9	15.3	0.0	15.3	
0.61719	-0.7	-259	19.2	15.3	3.9	15.3	0.0	15.3	
0.62109	-0.6	-259	19.2	15.3	3.9	15.3	0.0	15.3	
0.62500	-0.7	-259	19.2	15.3	3.9	15.3	0.0	15.3	
0.62891	-0.7	-259	19.2	15.4	3.8	15.4	0.0	15.4	
0.63281	-0.7	-259	19.2	15.4	3.8	15.4	0.0	15.4	
0.63672	-0.8	-259	19.2	15.3	3.9	15.3	0.0	15.3	
0.64062	-0.7	-259	19.1	15.3	3.8	15.3	0.0	15.3	
0.64453	-0.5	-259	19.1	15.4	3.7	15.4	0.0	15.4	
0.64844	-0.6	-259	19.1	15.4	3.7	15.4	0.0	15.4	
0.65234	-0.7	-259	19.1	15.4	3.7	15.4	0.0	15.4	
0.65625	-0.7	-259	19.0	15.4	3.6	15.4	0.0	15.4	
0.66016	-0.6	-259	19.0	15.3	3.7	15.3	0.0	15.3	
0.66406	-0.6	-259	19.0	15.3	3.7	15.3	0.0	15.3	
0.66797	-0.6	-259	19.0	15.3	3.7	15.3	0.0	15.3	
0.67188	-0.6	-259	18.9	15.3	3.6	15.3	0.0	15.3	
0.67578	-0.6	-259	19.0	15.3	3.7	15.3	0.0	15.3	
0.67969	-0.7	-259	18.9	15.3	3.6	15.3	0.0	15.3	
0.68359	-0.6	-259	18.9	15.3	3.6	15.3	0.0	15.3	
0.68750	-0.5	-259	18.9	15.3	3.6	15.3	0.0	15.3	
0.69141	-0.6	-259	18.9	15.3	3.6	15.3	0.0	15.3	
0.69531	-0.5	-260	18.9	15.3	3.6	15.3	0.0	15.3	
0.69922	-0.6	-260	18.9	15.3	3.6	15.3	0.0	15.3	
0.70312	-0.9	-260	18.8	15.3	3.5	15.3	0.0	15.3	
0.70703	-0.7	-260	18.9	15.3	3.6	15.3	0.0	15.3	
0.71094	-0.6	-260	18.8	15.3	3.5	15.3	0.0	15.3	
0.71484	-0.8	-260	18.8	15.2	3.6	15.2	0.0	15.2	
0.71875	-0.6	-260	18.8	15.3	3.5	15.3	0.0	15.3	
0.72266	-0.6	-260	18.8	15.3	3.5	15.3	0.0	15.3	
0.72656	-0.8	-260	18.8	15.3	3.5	15.3	0.0	15.3	
0.73047	-0.7	-260	18.8	15.2	3.6	15.2	0.0	15.2	
0.73438	-0.7	-260	18.7	15.2	3.5	15.2	0.0	15.2	
0.73828	-0.9	-260	18.7	15.2	3.5	15.2	0.0	15.2	
0.74219	-0.7	-260	18.7	15.1	3.6	15.1	0.0	15.1	
0.74609	-0.5	-260	18.8	15.2	3.6	15.2	0.0	15.2	
0.75000	-0.7	-260	18.7	15.2	3.5	15.2	0.0	15.2	
0.75391	-0.7	-260	18.6	15.2	3.4	15.2	0.0	15.2	
0.75781	-0.6	-260	18.7	15.2	3.5	15.2	0.0	15.2	
0.76172	-0.7	-260	18.6	15.2	3.4	15.2	0.0	15.2	
0.76562	-0.7	-260	18.6	15.2	3.4	15.2	0.0	15.2	
0.76953	-0.5	-260	18.7	15.2	3.5	15.2	0.0	15.2	
0.77344	-0.6	-260	18.7	15.2	3.5	15.2	0.0	15.2	
0.77734	-0.6	-260	18.6	15.2	3.4	15.2	0.0	15.2	
0.78125	-0.5	-260	18.6	15.2	3.4	15.2	0.0	15.2	
0.78516	-0.6	-261	18.6	15.1	3.5	15.1	0.0	15.1	
0.78906	-0.7	-261	18.5	15.1	3.4	15.1	0.0	15.1	
0.79297	-0.5	-261	18.5	15.1	3.4	15.1	0.0	15.1	
0.79688	-0.5	-261	18.5	15.1	3.4	15.1	0.0	15.1	
0.80078	-0.7	-261	18.5	15.1	3.4	15.1	0.0	15.1	
0.80469	-0.6	-261	18.5	15.1	3.4	15.1	0.0	15.1	
0.80859	-0.6	-261	18.4	15.1	3.3	15.1	0.0	15.1	
0.81250	-0.7	-261	18.5	15.1	3.4	15.1	0.0	15.1	
0.81641	-0.7	-261	18.4	15.1	3.3	15.1	0.0	15.1	
0.82031	-0.6	-261	18.5	15.1	3.4	15.1	0.0	15.1	
0.82422	-0.6	-261	18.5	15.2	3.3	15.2	0.0	15.2	
0.82812	-0.6	-261	18.4	15.1	3.3	15.1	0.0	15.1	
0.83203	-0.6	-261	18.4	15.1	3.3	15.1	0.0	15.1	
0.83594	-0.8	-261	18.4	15.1	3.3	15.1	0.0	15.1	
0.83984	-0.8	-261	18.4	15.1	3.3	15.1	0.0	15.1	
0.84375	-0.7	-261	18.4	15.1	3.3	15.1	0.0	15.1	
0.84766	-0.7	-261	18.4	15.1	3.3	15.1	0.0	15.1	
0.85156	-0.6	-261	18.3	15.0	3.3	15.0	0.0	15.0	
0.85547	-0.5	-261	18.4	15.0	3.4	15.0	0.0	15.0	
0.85938	-0.6	-261	18.3	15.1	3.2	15.1	0.0	15.1	
0.86328	-0.7	-261	18.3	15.1	3.2	15.1	0.0	15.1	
0.86719	-0.7	-261	18.3	15.0	3.3	15.0	0.0	15.0	
0.87109	-0.6	-261	18.4	15.0	3.4	15.0	0.0	15.0	
0.87500	-0.6	-261	18.4	15.0	3.4	15.0	0.0	15.0	
0.87891	-0.6	-262	18.3	15.1	3.2	15.1	0.0	15.1	
0.88281	-0.6	-262	18.3	15.1	3.2	15.1	0.0	15.1	
0.88672	-0.7	-262	18.3	15.0	3.3	15.0	0.0	15.0	
0.89062	-0.7	-262	18.3	14.9	3.4	14.9	0.0	14.9	
0.89453	-0.7	-262	18.4	15.1	3.3	15.1	0.0	15.1	
0.89844	-0.8	-262	18.3	15.0	3.3	15.0	0.0	15.0	
0.90234	-0.8	-262	18.3	15.0	3.3	15.0	0.0	15.0	
0.90625	-0.7	-262	18.3	15.0	3.3	15.0	0.0	15.0	
0.91016	-0.8	-262	18.3	15.0	3.3	15.0	0.0	15.0	
0.91406	-0.9	-262	18.3	15.0	3.3	15.0	0.0	15.0	
0.91797	-0.7	-262	18.3	15.0	3.3	15.0	0.0	15.0	
0.92188	-0.6	-262	18.3	15.0	3.3	15.0	0.0	15.0	
0.92578	-0.7	-262	18.3	15.0	3.3	15.0	0.0	15.0	
0.92969	-0.7	-262	18.3	15.0	3.3	15.0	0.0	15.0	
0.93359	-0.7	-262	18.3	15.0	3.3	15.0	0.0	15.0	
0.93750	-1.0	-262	18.3	14.9	3.4	14.9	0.0	14.9	
0.94141	-0.8	-262	18.3	15.0	3.3	15.0	0.0	15.0	
0.94531	-0.6	-262	18.3	15.0	3.3	15.0	0.0	15.0	
0.94922	-0.6	-262	18.3	14.9	3.4	14.9	0.0	14.9	
0.95312	-0.7	-262	18.3	14.9	3.4	14.9	0.0	14.9	
0.95703	-0.7	-262	18.3	14.9	3.4	14.9	0.0	14.9	
0.96094	-0.7	-263	18.3	14.9	3.4	14.9	0.0	14.9	
0.96484	-0.7	-263	18.3	15.0	3.3	15.0	0.0	15.0	
0.96875	-0.6	-263	18.3	15.0	3.3	15.0	0.0	15.0	
0.97266	-0.7	-263	18.3	14.9	3.4	14.9	0.0	14.9	
0.97656	-0.8	-263	18.4	15.0	3.4	15.0	0.0	15.0	
0.98047	-0.7	-263	18.3	15.0	3.3	15.0	0.0	15.0	
0.98438	-0.7	-263	18.3	14.9	3.4	14.9	0.0	14.9	
0.98828	-0.8	-263	18.3	14.9	3.4	14.9	0.0	14.9	
0.99219	-0.7	-263	18.3	15.0	3.3	15.0	0.0	15.0	
0.99609	-0.6	-263	18.3	14.9	3.4	14.9	0.0	14.9	
1.00000	-0.7	-263	18.3	14.8	3.5	14.8	0.0	14.8	
1.00391	-0.7	-263	18.3	14.9	3.4	14.9	0.0	14.9	
1.00781	-0.7	-263	18.3	14.9	3.4	14.9	0.0	14.9	
1.01172	-0.9	-263	18.3	14.8	3.5	14.8	0.0	14.8	
1.01562	-0.9	-263	18.3	14.8	3.5	14.8	0.0	14.8	
1.01953	-0.7	-263	18.3	14.9	3.4	14.9	0.0	14.9	
1.02344	-0.8	-263	18.3	14.8	3.5	14.8	0.0	14.8	
1.02734	-0.9	-263	18.3	14.8	3.5	14.8	0.0	14.8	
1.03125	-0.7	-263	18.3	14.8	3.5	14.8	0.0	14.8	
1.03516	-0.7	-263	18.4	14.8	3.6	14.8	0.0	14.8	
1.03906	-0.9	-263	18.3	14.8	3.5	14.8	0.0	14.8	
1.04297	-0.8	-264	18.3	14.9	3.4	14.9	0.0	14.9	
1.04688	-0.6	-264	18.4	14.8	3.6	14.8	0.0	14.8	
1.05078	-0.7	-264	18.4	14.9	3.5	14.9	0.0	14.9	
1.05469	-0.8	-264	18.4	14.9	3.5	14.9	0.0	14.9	
1.05859	-0.7	-264	18.4	14.8	3.6	14.8	0.0	14.8	
1.06250	-0.8	-264	18.4	14.8	3.6	14.8	0.0	14.8	
1.06641	-0.8	-264	18.4	14.9	3.5	14.9	0.0	14.9	
1.07031	-0.7	-264	18.5	14.9	3.6	14.9	0.0	14.9	
1.07422	-0.8	-264	18.5	14.8	3.7	14.8	0.0	14.8	
1.07812	-0.8	-264	18.5	14.9	3.6	14.9	0.0	14.9	
1.08203	-0.7	-264	18.5	14.9	3.6	14.9	0.0	14.9	
1.08594	-0.8	-264	18.5	14.8	3.7	14.8	0.0	14.8	
1.08984	-0.8	-264	18.5	14.8	3.7	14.8	0.0	14.8	
1.09375	-0.7	-264	18.5	14.8	3.7	14.8	0.0	14.8	
1.09766	-0.8	-264	18.6	14.8	3.8	14.8	0.0	14.8	
1.10156	-0.8	-264	18.5	14.8	3.7	14.8	0.0	14.8	
1.10547	-0.6	-264	18.5	14.9	3.6	14.9	0.0	14.9	
1.10938	-0.7	-264	18.6	14.9	3.7	14.9	0.0	14.9	
1.11328	-0.7	-264	18.5	14.8	3.7	14.8	0.0	14.8	
1.11719	-0.6	-264	18.6	14.8	3.8	14.8	0.0	14.8	
1.12109	-0.6	-264	18.6	14.8	3.8	14.8	0.0	14.8	
1.12500	-0.7	-265	18.5	14.8	3.7	14.8	0.0	14.8	
1.12891	-0.7	-265	18.5	14.8	3.7	14.8	0.0	14.8	
1.13281	-0.6	-265	18.5	14.8	3.7	14.8	0.0	14.8	
1.13672	-0.5	-265	18.5	14.8	3.7	14.8	0.0	14.8	
1.14062	-0.6	-265	18.5	14.8	3.7	14.8	0.0	14.8	
1.14453	-0.4	-265	18.4	14.8	3.6	14.8	0.0	14.8	
1.14844	-0.4	-265	18.4	14.8	3.6	14.8	0.0	14.8	
1.15234	-0.5	-265	18.4	14.8	3.6	14.8	0.0	14.8	
1.15625	-0.4	-265	18.3	14.8	3.5	14.8	0.0	14.8	
1.16016	-0.4	-265	18.3	14.7	3.6	14.7	0.0	14.7	
1.16406	-0.4	-265	18.2	14.7	3.5	14.7	0.0	14.7	
1.16797	-0.2	-265	18.2	14.7	3.5	14.7	0.0	14.7	
1.17188	-0.4	-265	18.2	14.7	3.5	14.7	0.0	14.7	
1.17578	-0.6	-265	18.2	14.6	3.6	14.6	0.0	14.6	
1.17969	-0.6	-265	18.2	14.7	3.5	14.7	0.0	14.7	
1.18359	-0.6	-265	18.1	14.6	3.5	14.6	0.0	14.6	
1.18750	-0.8	-265	18.1	14.6	3.5	14.6	0.0	14.6	
1.19141	-0.7	-265	18.1	14.7	3.4	14.7	0.0	14.7	
1.19531	-0.6	-265	18.1	14.7	3.4	14.7	0.0	14.7	
1.19922	-0.8	-265	18.1	14.6	3.5	14.6	0.0	14.6	
1.20312	-0.9	-265	18.1	14.7	3.4	14.7	0.0	14.7	
1.20703	-0.8	-265	18.2	14.7	3.5	14.7	0.0	14.7	
1.21094	-0.9	-265	18.1	14.7	3.4	14.7	0.0	14.7	
1.21484	-1.0	-265	18.2	14.7	3.5	14.7	0.0	14.7	
1.21875	-0.9	-265	18.3	14.7	3.6	14.7	0.0	14.7	
1.22266	-0.8	-266	18.2	14.7	3.5	14.7	0.0	14.7	
1.22656	-1.0	-266	18.3	14.7	3.6	14.7	0.0	14.7	
1.23047	-1.0	-266	18.4	14.7	3.7	14.7	0.0	14.7	
1.23438	-0.9	-266	18.4	14.7	3.7	14.7	0.0	14.7	
1.23828	-1.0	-266	18.5	14.7	3.8	14.7	0.0	14.7	
1.24219	-1.0	-266	18.5	14.8	3.7	14.8	0.0	14.8	
1.24609	-0.8	-266	18.6	14.8	3.8	14.8	0.0	14.8	
1.25000	-0.9	-266	18.6	14.8	3.8	14.8	0.0	14.8	
1.25391	-0.9	-266	18.6	14.7	3.9	14.7	0.0	14.7	
1.25781	-0.7	-266	18.7	14.8	3.9	14.8	0.0	14.8	
1.26172	-0.9	-266	18.6	14.8	3.8	14.8	0.0	14.8	
1.26562	-0.9	-266	18.7	14.8	3.9	14.8	0.0	14.8	
1.26953	-0.8	-266	18.8	14.9	3.9	14.9	0.0	14.9	
1.27344	-0.9	-266	18.8	14.9	3.9	14.9	0.0	14.9	
1.27734	-1.0	-266	18.8	14.9	3.9	14.9	0.0	14.9	
1.28125	-1.0	-266	18.8	14.9	3.9	14.9	0.0	14.9	
1.28516	-0.9	-266	18.8	14.9	3.9	14.9	0.0	14.9	
1.28906	-0.9	-267	18.9	15.0	3.9	15.0	0.0	15.0	
1.29297	-0.8	-267	18.9	15.0	3.9	15.0	0.0	15.0	
1.29688	-0.8	-267	19.0	15.0	4.0	15.0	0.0	15.0	
1.30078	-0.8	-267	18.9	15.0	3.9	15.0	0.0	15.0	
1.30469	-0.8	-267	18.9	15.0	3.9	15.0	0.0	15.0	
1.30859	-0.9	-267	19.0	15.0	4.0	15.0	0.0	15.0	
1.31250	-0.9	-267	19.0	15.1	3.9	15.1	0.0	15.1	
1.31641	-0.7	-267	19.1	15.1	4.0	15.1	0.0	15.1	
1.32031	-0.7	-267	19.1	15.1	4.0	15.1	0.0	15.1	
1.32422	-0.8	-267	19.1	15.1	4.0	15.1	0.0	15.1	
1.32812	-0.8	-267	19.1	15.2	3.9	15.2	0.0	15.2	
1.33203	-0.7	-267	19.1	15.1	4.0	15.1	0.0	15.1	
1.33594	-0.8	-267	19.1	15.1	4.0	15.1	0.0	15.1	
1.33984	-0.8	-267	19.1	15.2	3.9	15.2	0.0	15.2	
1.34375	-0.6	-267	19.1	15.1	4.0	15.1	0.0	15.1	
1.34766	-0.7	-267	19.2	15.2	4.0	15.2	0.0	15.2	
1.35156	-0.8	-267	19.2	15.2	4.0	15.2	0.0	15.2	
1.35547	-0.7	-267	19.2	15.1	4.1	15.1	0.0	15.1	
1.35938	-0.7	-267	19.2	15.1	4.1	15.1	0.0	15.1	
1.36328	-0.8	-267	19.2	15.2	4.0	15.2	0.0	15.2	
1.36719	-0.8	-268	19.2	15.2	4.0	15.2	0.0	15.2	
1.37109	-0.8	-268	19.2	15.2	4.0	15.2	0.0	15.2	
1.37500	-0.7	-268	19.2	15.2	4.0	15.2	0.0	15.2	
1.37891	-0.6	-268	19.2	15.1	4.1	15.1	0.0	15.1	
1.38281	-0.7	-268	19.1	15.2	3.9	15.2	0.0	15.2	
1.38672	-0.7	-268	19.1	15.2	3.9	15.2	0.0	15.2	
1.39062	-0.7	-268	19.1	15.2	3.9	15.2	0.0	15.2	
1.39453	-0.6	-268	19.1	15.2	3.9	15.2	0.0	15.2	
1.39844	-0.7	-268	19.1	15.2	3.9	15.2	0.0	15.2	
1.40234	-0.7	-268	19.1	15.2	3.9	15.2	0.0	15.2	
1.40625	-0.6	-268	19.1	15.2	3.9	15.2	0.0	15.2	
1.41016	-0.7	-268	19.1	15.2	3.9	15.2	0.0	15.2	
1.41406	-0.7	-268	19.1	15.2	3.9	15.2	0.0	15.2	
1.41797	-0.6	-268	19.1	15.2	3.9	15.2	0.0	15.2	
1.42188	-0.7	-268	19.1	15.3	3.8	15.3	0.0	15.3	
1.42578	-0.8	-268	19.0	15.2	3.8	15.2	0.0	15.2	
1.42969	-0.7	-268	19.1	15.2	3.9	15.2	0.0	15.2	
1.43359	-0.7	-268	19.1	15.2	3.9	15.2	0.0	15.2	
1.43750	-0.8	-268	19.1	15.2	3.9	15.2	0.0	15.2	
1.44141	-0.8	-268	19.1	15.3	3.8	15.3	0.0	15.3	
1.44531	-0.7	-268	19.1	15.3	3.8	15.3	0.0	15.3	
1.44922	-0.7	-268	19.1	15.3	3.8	15.3	0.0	15.3	
1.45312	-0.8	-269	19.2	15.3	3.9	15.3	0.0	15.3	
1.45703	-0.8	-269	19.2	15.2	4.0	15.2	0.0	15.2	
1.46094	-0.8	-269	19.1	15.2	3.9	15.2	0.0	15.2	
1.46484	-0.8	-269	19.1	15.3	3.8	15.3	0.0	15.3	
1.46875	-0.8	-269	19.2	15.3	3.9	15.3	0.0	15.3	
1.47266	-0.8	-269	19.1	15.2	3.9	15.2	0.0	15.2	
1.47656	-0.8	-269	19.1	15.3	3.8	15.3	0.0	15.3	
1.48047	-0.7	-269	19.2	15.3	3.9	15.3	0.0	15.3	
1.48438	-0.6	-269	19.2	15.3	3.9	15.3	0.0	15.3	
1.48828	-0.7	-269	19.2	15.3	3.9	15.3	0.0	15.3	
1.49219	-0.6	-269	19.2	15.3	3.9	15.3	0.0	15.3	
1.49609	-0.6	-269	19.2	15.3	3.9	15.3	0.0	15.3	
1.50000	-0.7	-269	19.2	15.3	3.9	15.3	0.0	15.3	
1.50391	-0.7	-269	19.2	15.3	3.9	15.3	0.0	15.3	
1.50781	-0.7	-269	19.2	15.4	3.8	15.4	0.0	15.4	
1.51172	-0.7	-269	19.2	15.3	3.9	15.3	0.0	15.3	
1.51562	-0.7	-269	19.2	15.3	3.9	15.3	0.0	15.3	
1.51953	-0.7	-269	19.3	15.4	3.9	15.4	0.0	15.4	
1.52344	-0.8	-269	19.2	15.4	3.8	15.4	0.0	15.4	
1.52734	-0.8	-269	19.3	15.4	3.9	15.4	0.0	15.4	
1.53125	-0.7	-269	19.4	15.4	4.0	15.4	0.0	15.4	
1.53516	-0.8	-270	19.3	15.4	3.9	15.4	0.0	15.4	
1.53906	-0.9	-270	19.3	15.4	3.9	15.4	0.0	15.4	
1.54297	-0.8	-270	19.4	15.4	4.0	15.4	0.0	15.4	
1.54688	-0.7	-270	19.4	15.5	3.9	15.5	0.0	15.5	
1.55078	-0.9	-270	19.4	15.5	3.9	15.5	0.0	15.5	
1.55469	-0.8	-270	19.4	15.5	3.9	15.5	0.0	15.5	
1.55859	-0.6	-270	19.4	15.5	3.9	15.5	0.0	15.5	
1.56250	-0.8	-270	19.4	15.5	3.9	15.5	0.0	15.5	
1.56641	-0.8	-270	19.5	15.5	4.0	15.5	0.0	15.5	
1.57031	-0.7	-270	19.5	15.6	3.9	15.6	0.0	15.6	
1.57422	-0.9	-270	19.5	15.5	4.0	15.5	0.0	15.5	
1.57812	-0.9	-270	19.5	15.6	3.9	15.6	0.0	15.6	
1.58203	-0.7	-270	19.5	15.6	3.9	15.6	0.0	15.6	
1.58594	-0.8	-270	19.5	15.6	3.9	15.6	0.0	15.6	
1.58984	-0.9	-270	19.6	15.6	4.0	15.6	0.0	15.6	
1.59375	-0.7	-270	19.6	15.6	4.0	15.6	0.0	15.6	
1.59766	-0.9	-270	19.6	15.6	4.0	15.6	0.0	15.6	
1.60156	-0.9	-270	19.6	15.6	4.0	15.6	0.0	15.6	
1.60547	-0.8	-270	19.7	15.7	4.0	15.7	0.0	15.7	
1.60938	-0.9	-271	19.7	15.7	4.0	15.7	0.0	15.7	
1.61328	-0.9	-271	19.7	15.7	4.0	15.7	0.0	15.7	
1.61719	-0.8	-271	19.7	15.7	4.0	15.7	0.0	15.7	
1.62109	-0.8	-271	19.8	15.7	4.1	15.7	0.0	15.7	
1.62500	-0.9	-271	19.8	15.8	4.0	15.8	0.0	15.8	
1.62891	-0.9	-271	19.8	15.8	4.0	15.8	0.0	15.8	
1.63281	-0.7	-271	19.8	15.8	4.0	15.8	0.0	15.8	
1.63672	-0.8	-271	19.9	15.8	4.1	15.8	0.0	15.8	
1.64062	-0.9	-271	19.9	15.8	4.1	15.8	0.0	15.8	
1.64453	-0.9	-271	19.9	15.9	4.0	15.9	0.0	15.9	
1.64844	-0.9	-271	20.0	15.8	4.2	15.8	0.0	15.8	
1.65234	-0.8	-271	20.0	15.9	4.1	15.9	0.0	15.9	
1.65625	-0.8	-271	20.0	16.0	4.0	16.0	0.0	16.0	
1.66016	-0.8	-271	20.0	15.9	4.1	15.9	0.0	15.9	
1.66406	-0.9	-271	20.0	16.0	4.0	16.0	0.0	16.0	
1.66797	-0.8	-271	20.0	16.0	4.0	16.0	0.0	16.0	
1.67188	-0.8	-271	20.0	16.0	4.0	16.0	0.0	16.0	
1.67578	-1.0	-271	20.1	16.0	4.1	16.0	0.0	16.0	
1.67969	-0.9	-272	20.1	16.0	4.1	16.0	0.0	16.0	
1.68359	-0.9	-272	20.1	16.1	4.0	16.1	0.0	16.1	
1.68750	-0.9	-272	20.1	16.1	4.0	16.1	0.0	16.1	
1.69141	-0.8	-272	20.1	16.1	4.0	16.1	0.0	16.1	
1.69531	-0.8	-272	20.2	16.1	4.1	16.1	0.0	16.1	
1.69922	-0.8	-272	20.2	16.1	4.1	16.1	0.0	16.1	
1.70312	-0.7	-272	20.2	16.1	4.1	16.1	0.0	16.1	
1.70703	-0.7	-272	20.2	16.2	4.0	16.2	0.0	16.2	
1.71094	-0.9	-272	20.3	16.2	4.1	16.2	0.0	16.2	
1.71484	-0.9	-272	20.3	16.2	4.1	16.2	0.0	16.2	
1.71875	-0.8	-272	20.3	16.2	4.1	16.2	0.0	16.2	
1.72266	-0.9	-272	20.3	16.3	4.0	16.3	0.0	16.3	
1.72656	-0.9	-272	20.4	16.2	4.2	16.2	0.0	16.2	
1.73047	-0.7	-272	20.4	16.3	4.1	16.3	0.0	16.3	
1.73438	-0.8	-272	20.3	16.3	4.0	16.3	0.0	16.3	
1.73828	-0.9	-272	20.4	16.3	4.1	16.3	0.0	16.3	
1.74219	-0.8	-272	20.4	16.3	4.1	16.3	0.0	16.3	
1.74609	-0.9	-272	20.4	16.3	4.1	16.3	0.0	16.3	
1.75000	-1.1	-273	20.5	16.3	4.2	16.3	0.0	16.3	
1.75391	-1.0	-273	20.5	16.3	4.2	16.3	0.0	16.3	
1.75781	-0.9	-273	20.6	16.4	4.2	16.4	0.0	16.4	
1.76172	-1.0	-273	20.5	16.4	4.1	16.4	0.0	16.4	
1.76562	-1.0	-273	20.6	16.4	4.2	16.4	0.0	16.4	
1.76953	-0.9	-273	20.6	16.4	4.2	16.4	0.0	16.4	
1.77344	-1.0	-273	20.7	16.4	4.3	16.4	0.0	16.4	
1.77734	-1.1	-273	20.7	16.4	4.3	16.4	0.0	16.4	
1.78125	-1.0	-273	20.7	16.4	4.3	16.4	0.0	16.4	
1.78516	-1.1	-273	20.8	16.5	4.3	16.5	0.0	16.5	
1.78906	-1.2	-273	20.9	16.6	4.3	16.6	0.0	16.6	
1.79297	-0.9	-273	20.9	16.5	4.4	16.5	0.0	16.5	
1.79688	-0.9	-273	20.9	16.6	4.3	16.6	0.0	16.6	
1.80078	-1.2	-273	21.0	16.6	4.4	16.6	0.0	16.6	
1.80469	-1.0	-273	21.0	16.7	4.3	16.7	0.0	16.7	
1.80859	-0.9	-274	21.0	16.7	4.3	16.7	0.0	16.7	
1.81250	-1.3	-274	21.1	16.7	4.4	16.7	0.0	16.7	
1.81641	-1.2	-274	21.1	16.7	4.4	16.7	0.0	16.7	
1.82031	-1.0	-274	21.2	16.7	4.5	16.7	0.0	16.7	
1.82422	-1.3	-274	21.3	16.8	4.5	16.8	0.0	16.8	
1.82812	-1.4	-274	21.3	16.8	4.5	16.8	0.0	16.8	
1.83203	-1.2	-274	21.3	16.8	4.5	16.8	0.0	16.8	
1.83594	-1.2	-274	21.4	16.9	4.5	16.9	0.0	16.9	
1.83984	-1.3	-274	21.4	16.9	4.5	16.9	0.0	16.9	
1.84375	-1.1	-274	21.5	16.9	4.6	16.9	0.0	16.9	
1.84766	-1.1	-274	21.5	16.9	4.6	16.9	0.0	16.9	
1.85156	-1.1	-274	21.5	16.9	4.6	16.9	0.0	16.9	
1.85547	-1.1	-274	21.6	17.0	4.6	17.0	0.0	17.0	
1.85938	-1.0	-275	21.7	17.0	4.7	17.0	0.0	17.0	
1.86328	-1.0	-275	21.6	17.0	4.6	17.0	0.0	17.0	
1.86719	-0.9	-275	21.6	17.0	4.6	17.0	0.0	17.0	
1.87109	-0.8	-275	21.7	17.1	4.6	17.1	0.0	17.1	
1.87500	-0.9	-275	21.7	17.1	4.6	17.1	0.0	17.1	
1.87891	-0.8	-275	21.8	17.1	4.7	17.1	0.0	17.1	
1.88281	-0.7	-275	21.8	17.1	4.7	17.1	0.0	17.1	
1.88672	-0.9	-275	21.8	17.2	4.6	17.2	0.0	17.2	
1.89062	-0.8	-275	21.8	17.2	4.6	17.2	0.0	17.2	
1.89453	-0.6	-275	21.8	17.2	4.6	17.2	0.0	17.2	
1.89844	-0.7	-275	21.8	17.2	4.6	17.2	0.0	17.2	
1.90234	-0.8	-275	21.9	17.3	4.6	17.3	0.0	17.3	
1.90625	-0.8	-275	21.9	17.3	4.6	17.3	0.0	17.3	
1.91016	-0.8	-275	21.8	17.3	4.5	17.3	0.0	17.3	
1.91406	-0.9	-275	21.8	17.3	4.5	17.3	0.0	17.3	
1.91797	-0.8	-275	21.9	17.3	4.6	17.3	0.0	17.3	
1.92188	-0.8	-275	21.9	17.4	4.5	17.4	0.0	17.4	
1.92578	-1.0	-275	21.9	17.4	4.5	17.4	0.0	17.4	
1.92969	-0.9	-275	22.0	17.4	4.6	17.4	0.0	17.4	
1.93359	-0.9	-276	22.0	17.5	4.5	17.5	0.0	17.5	
1.93750	-1.1	-276	22.0	17.5	4.5	17.5	0.0	17.5	
1.94141	-1.1	-276	22.1	17.5	4.6	17.5	0.0	17.5	
1.94531	-1.2	-276	22.2	17.6	4.6	17.6	0.0	17.6	
1.94922	-1.6	-276	22.2	17.6	4.6	17.6	0.0	17.6	
1.95312	-1.5	-276	22.3	17.7	4.6	17.7	0.0	17.7	
1.95703	-1.6	-276	22.4	17.7	4.7	17.7	0.0	17.7	
1.96094	-1.9	-276	22.4	17.8	4.6	17.8	0.0	17.8	
1.96484	-2.0	-276	22.5	17.8	4.7	17.8	0.0	17.8	
1.96875	-1.8	-276	22.6	17.8	4.8	17.8	0.0	17.8	
1.97266	-1.9	-277	22.7	17.8	4.9	17.8	0.0	17.8	
1.97656	-2.0	-277	22.8	17.9	4.9	17.9	0.0	17.9	
1.98047	-1.8	-277	22.9	18.0	4.9	18.0	0.0	18.0	
1.98438	-1.9	-277	23.0	18.1	4.9	18.1	0.0	18.1	
1.98828	-2.0	-277	23.1	18.1	5.0	18.1	0.0	18.1	
1.99219	-1.9	-277	23.2	18.1	5.1	18.1	0.0	18.1	
1.99609	-1.9	-277	23.3	18.2	5.1	18.2	0.0	18.2	
2.00000	-2.1	-277	23.4	18.3	5.1	18.3	0.0	18.3	
2.00391	-1.9	-278	23.4	18.4	5.0	18.4	0.0	18.4	
2.00781	-1.9	-278	23.5	18.4	5.1	18.4	0.0	18.4	
2.01172	-2.0	-278	23.6	18.5	5.1	18.5	0.0	18.5	
2.01562	-1.9	-278	23.7	18.5	5.2	18.5	0.0	18.5	
2.01953	-1.9	-278	23.8	18.6	5.2	18.6	0.0	18.6	
2.02344	-2.1	-278	23.9	18.7	5.2	18.7	0.0	18.7	
2.02734	-2.0	-278	24.0	18.8	5.2	18.8	0.0	18.8	
2.03125	-1.8	-278	24.0	18.8	5.2	18.8	0.0	18.8	
2.03516	-1.9	-279	24.1	18.8	5.3	18.8	0.0	18.8	
2.03906	-1.9	-279	24.2	18.9	5.3	18.9	0.0	18.9	
2.04297	-1.8	-279	24.3	18.9	5.4	18.9	0.0	18.9	
2.04688	-1.7	-279	24.3	19.0	5.3	19.0	0.0	19.0	
2.05078	-1.5	-279	24.4	19.1	5.3	19.1	0.0	19.1	
2.05469	-1.3	-279	24.4	19.2	5.2	19.2	0.0	19.2	
2.05859	-1.2	-279	24.4	19.2	5.2	19.2	0.0	19.2	
2.06250	-1.2	-279	24.5	19.3	5.2	19.3	0.0	19.3	
2.06641	-0.9	-279	24.5	19.3	5.2	19.3	0.0	19.3	
2.07031	-0.6	-279	24.5	19.3	5.2	19.3	0.0	19.3	
2.07422	-0.8	-279	24.5	19.3	5.2	19.3	0.0	19.3	
2.07812	-0.9	-279	24.6	19.4	5.2	19.4	0.0	19.4	
2.08203	-0.7	-280	24.6	19.5	5.1	19.5	0.0	19.5	
2.08594	-0.8	-280	24.6	19.5	5.1	19.5	0.0	19.5	
2.08984	-0.8	-280	24.6	19.6	5.0	19.6	0.0	19.6	
2.09375	-0.7	-280	24.6	19.6	5.0	19.6	0.0	19.6	
2.09766	-0.7	-280	24.6	19.6	5.0	19.6	0.0	19.6	
2.10156	-0.8	-280	24.6	19.6	5.0	19.6	0.0	19.6	
2.10547	-0.8	-280	24.6	19.7	4.9	19.7	0.0	19.7	
2.10938	-0.7	-280	24.7	19.7	5.0	19.7	0.0	19.7	
2.11328	-0.8	-280	24.7	19.7	5.0	19.7	0.0	19.7	
2.11719	-0.8	-280	24.7	19.8	4.9	19.8	0.0	19.8	
2.12109	-0.8	-280	24.7	19.8	4.9	19.8	0.0	19.8	
2.12500	-0.9	-280	24.7	19.8	4.9	19.8	0.0	19.8	
2.12891	-0.8	-280	24.6	19.8	4.8	19.8	0.0	19.8	
2.13281	-0.7	-280	24.7	19.9	4.8	19.9	0.0	19.9	
2.13672	-0.8	-280	24.7	19.9	4.8	19.9	0.0	19.9	
2.14062	-0.8	-280	24.7	19.9	4.8	19.9	0.0	19.9	
2.14453	-0.8	-280	24.7	20.0	4.7	20.0	0.0	20.0	
2.14844	-1.0	-280	24.8	20.0	4.8	20.0	0.0	20.0	
2.15234	-0.9	-280	24.8	20.0	4.8	20.0	0.0	20.0	
2.15625	-0.8	-281	24.9	20.1	4.8	20.1	0.0	20.1	
2.16016	-1.0	-281	24.9	20.1	4.8	20.1	0.0	20.1	
2.16406	-1.2	-281	25.0	20.1	4.9	20.1	0.0	20.1	
2.16797	-1.3	-281	25.0	20.2	4.8	20.2	0.0	20.2	
2.17188	-1.4	-281	25.1	20.3	4.8	20.3	0.0	20.3	
2.17578	-1.5	-281	25.1	20.3	4.8	20.3	0.0	20.3	
2.17969	-1.4	-281	25.2	20.4	4.8	20.4	0.0	20.4	
2.18359	-1.3	-281	25.2	20.4	4.8	20.4	0.0	20.4	
2.18750	-1.2	-281	25.2	20.3	4.9	20.3	0.0	20.3	
2.19141	-1.1	-281	25.3	20.4	4.9	20.4	0.0	20.4	
2.19531	-0.8	-281	25.3	20.4	4.9	20.4	0.0	20.4	
2.19922	-0.9	-281	25.3	20.5	4.8	20.5	0.0	20.5	
2.20312	-1.0	-281	25.3	20.5	4.8	20.5	0.0	20.5	
2.20703	-0.8	-281	25.4	20.6	4.8	20.6	0.0	20.6	
2.21094	-0.9	-282	25.4	20.6	4.8	20.6	0.0	20.6	
2.21484	-1.0	-282	25.4	20.6	4.8	20.6	0.0	20.6	
2.21875	-0.8	-282	25.4	20.7	4.7	20.7	0.0	20.7	
2.22266	-0.8	-282	25.5	20.7	4.8	20.7	0.0	20.7	
2.22656	-0.8	-282	25.5	20.7	4.8	20.7	0.0	20.7	
2.23047	-0.7	-282	25.5	20.8	4.7	20.8	0.0	20.8	
2.23438	-0.7	-282	25.5	20.8	4.7	20.8	0.0	20.8	
2.23828	-0.8	-282	25.5	20.8	4.7	20.8	0.0	20.8	
2.24219	-0.7	-282	25.5	20.9	4.6	20.9	0.0	20.9	
2.24609	-0.6	-282	25.5	20.9	4.6	20.9	0.0	20.9	
2.25000	-0.7	-282	25.5	21.0	4.5	21.0	0.0	21.0	
2.25391	-0.7	-282	25.5	21.0	4.5	21.0	0.0	21.0	
2.25781	-0.6	-282	25.5	21.0	4.5	21.0	0.0	21.0	
2.26172	-0.7	-282	25.5	21.1	4.4	21.1	0.0	21.1	
2.26562	-0.7	-282	25.5	21.1	4.4	21.1	0.0	21.1	
2.26953	-0.6	-282	25.5	21.1	4.4	21.1	0.0	21.1	
2.27344	-0.7	-282	25.5	21.1	4.4	21.1	0.0	21.1	
2.27734	-0.6	-282	25.5	21.1	4.4	21.1	0.0	21.1	
2.28125	-0.6	-282	25.5	21.1	4.4	21.1	0.0	21.1	
2.28516	-0.8	-282	25.5	21.2	4.3	21.2	0.0	21.2	
2.28906	-0.8	-282	25.5	21.2	4.3	21.2	0.0	21.2	
2.29297	-0.7	-283	25.5	21.3	4.2	21.3	0.0	21.3	
2.29688	-0.9	-283	25.6	21.2	4.4	21.2	0.0	21.2	
2.30078	-0.9	-283	25.6	21.3	4.3	21.3	0.0	21.3	
2.30469	-0.7	-283	25.6	21.3	4.3	21.3	0.0	21.3	
2.30859	-0.9	-283	25.6	21.4	4.2	21.4	0.0	21.4	
2.31250	-1.1	-283	25.6	21.4	4.2	21.4	0.0	21.4	
2.31641	-0.8	-283	25.7	21.4	4.3	21.4	0.0	21.4	
2.32031	-0.9	-283	25.7	21.4	4.3	21.4	0.0	21.4	
2.32422	-1.1	-283	25.7	21.4	4.3	21.4	0.0	21.4	
2.32812	-1.1	-283	25.7	21.4	4.3	21.4	0.0	21.4	
2.33203	-1.0	-283	25.8	21.5	4.3	21.5	0.0	21.5	
2.33594	-1.0	-283	25.8	21.6	4.2	21.6	0.0	21.6	
2.33984	-0.9	-283	25.8	21.5	4.3	21.5	0.0	21.5	
2.34375	-0.9	-283	25.9	21.6	4.3	21.6	0.0	21.6	
2.34766	-1.0	-283	25.9	21.6	4.3	21.6	0.0	21.6	
2.35156	-1.0	-283	25.9	21.6	4.3	21.6	0.0	21.6	
2.35547	-0.8	-284	25.9	21.7	4.2	21.7	0.0	21.7	
2.35938	-0.8	-284	25.9	21.7	4.2	21.7	0.0	21.7	
2.36328	-0.9	-284	26.0	21.7	4.3	21.7	0.0	21.7	
2.36719	-0.8	-284	26.0	21.8	4.2	21.8	0.0	21.8	
2.37109	-0.8	-284	26.0	21.8	4.2	21.8	0.0	21.8	
2.37500	-0.8	-284	26.0	21.8	4.2	21.8	0.0	21.8	
2.37891	-0.7	-284	26.1	21.8	4.3	21.8	0.0	21.8	
2.38281	-0.6	-284	26.1	21.8	4.3	21.8	0.0	21.8	
2.38672	-0.8	-284	26.1	21.9	4.2	21.9	0.0	21.9	
2.39062	-0.8	-284	26.1	21.9	4.2	21.9	0.0	21.9	
2.39453	-0.8	-284	26.2	21.9	4.3	21.9	0.0	21.9	
2.39844	-0.9	-284	26.2	21.9	4.3	21.9	0.0	21.9	
2.40234	-0.9	-284	26.2	21.9	4.3	21.9	0.0	21.9	
2.40625	-0.8	-284	26.2	21.9	4.3	21.9	0.0	21.9	
2.41016	-0.8	-284	26.2	22.0	4.2	22.0	0.0	22.0	
2.41406	-0.8	-284	26.3	22.0	4.3	22.0	0.0	22.0	
2.41797	-0.8	-284	26.3	22.0	4.3	22.0	0.0	22.0	
2.42188	-0.8	-284	26.2	22.1	4.1	22.1	0.0	22.1	
2.42578	-0.9	-284	26.2	22.1	4.1	22.1	0.0	22.1	
2.42969	-0.7	-284	26.3	22.1	4.2	22.1	0.0	22.1	
2.43359	-0.6	-285	26.3	22.1	4.2	22.1	0.0	22.1	
2.43750	-0.8	-285	26.3	22.1	4.2	22.1	0.0	22.1	
2.44141	-0.7	-285	26.3	22.1	4.2	22.1	0.0	22.1	
2.44531	-0.6	-285	26.3	22.2	4.1	22.2	0.0	22.2	
2.44922	-0.8	-285	26.3	22.2	4.1	22.2	0.0	22.2	
2.45312	-0.8	-285	26.3	22.2	4.1	22.2	0.0	22.2	
2.45703	-0.6	-285	26.3	22.3	4.0	22.3	0.0	22.3	
2.46094	-0.6	-285	26.3	22.2	4.1	22.2	0.0	22.2	
2.46484	-0.7	-285	26.3	22.3	4.0	22.3	0.0	22.3	
2.46875	-0.7	-285	26.4	22.3	4.1	22.3	0.0	22.3	
2.47266	-0.7	-285	26.4	22.3	4.1	22.3	0.0	22.3	
2.47656	-0.9	-285	26.4	22.3	4.1	22.3	0.0	22.3	
2.48047	-0.8	-285	26.4	22.4	4.0	22.4	0.0	22.4	
2.48438	-0.8	-285	26.4	22.4	4.0	22.4	0.0	22.4	
2.48828	-0.9	-285	26.4	22.3	4.1	22.3	0.0	22.3	
2.49219	-0.9	-285	26.4	22.3	4.1	22.3	0.0	22.3	
2.49609	-0.9	-285	26.4	22.4	4.0	22.4	0.0	22.4	
2.50000	-0.9	-285	26.5	22.5	4.0	22.5	0.0	22.5	
2.50391	-0.8	-285	26.5	22.4	4.1	22.4	0.0	22.4	
2.50781	-0.9	-285	26.5	22.4	4.1	22.4	0.0	22.4	
2.51172	-0.9	-286	26.6	22.5	4.1	22.5	0.0	22.5	
2.51562	-0.9	-286	26.6	22.5	4.1	22.5	0.0	22.5	
2.51953	-0.9	-286	26.7	22.5	4.2	22.5	0.0	22.5	
2.52344	-1.1	-286	26.7	22.5	4.2	22.5	0.0	22.5	
2.52734	-1.2	-286	26.7	22.5	4.2	22.5	0.0	22.5	
2.53125	-1.1	-286	26.8	22.6	4.2	22.6	0.0	22.6	
2.53516	-1.2	-286	26.9	22.6	4.3	22.6	0.0	22.6	
2.53906	-1.3	-286	26.9	22.7	4.2	22.7	0.0	22.7	
2.54297	-1.3	-286	27.0	22.7	4.3	22.7	0.0	22.7	
2.54688	-1.4	-286	27.0	22.7	4.3	22.7	0.0	22.7	
2.55078	-1.4	-286	27.0	22.7	4.3	22.7	0.0	22.7	
2.55469	-1.2	-286	27.1	22.7	4.4	22.7	0.0	22.7	
2.55859	-1.2	-286	27.1	22.7	4.4	22.7	0.0	22.7	
2.56250	-1.3	-287	27.1	22.8	4.3	22.8	0.0	22.8	
2.56641	-1.1	-287	27.2	22.9	4.3	22.9	0.0	22.9	
2.57031	-1.0	-287	27.3	22.9	4.4	22.9	0.0	22.9	
2.57422	-1.2	-287	27.3	22.9	4.4	22.9	0.0	22.9	
2.57812	-1.1	-287	27.3	22.9	4.4	22.9	0.0	22.9	
2.58203	-1.0	-287	27.5	23.0	4.5	23.0	0.0	23.0	
2.58594	-1.2	-287	27.5	23.0	4.5	23.0	0.0	23.0	
2.58984	-1.3	-287	27.5	23.0	4.5	23.0	0.0	23.0	
2.59375	-1.3	-287	27.6	23.0	4.6	23.0	0.0	23.0	
2.59766	-1.4	-287	27.6	23.1	4.5	23.1	0.0	23.1	
2.60156	-1.3	-287	27.7	23.1	4.6	23.1	0.0	23.1	
2.60547	-1.0	-287	27.7	23.1	4.6	23.1	0.0	23.1	
2.60938	-0.9	-287	27.7	23.1	4.6	23.1	0.0	23.1	
2.61328	-0.8	-288	27.7	23.2	4.5	23.2	0.0	23.2	
2.61719	-0.7	-288	27.7	23.2	4.5	23.2	0.0	23.2	
2.62109	-0.7	-288	27.7	23.3	4.4	23.3	0.0	23.3	
2.62500	-0.8	-288	27.8	23.3	4.5	23.3	0.0	23.3	
2.62891	-0.7	-288	27.8	23.2	4.6	23.2	0.0	23.2	
2.63281	-0.7	-288	27.8	23.3	4.5	23.3	0.0	23.3	
2.63672	-0.6	-288	27.8	23.3	4.5	23.3	0.0	23.3	
2.64062	-0.7	-288	27.8	23.3	4.5	23.3	0.0	23.3	
2.64453	-0.7	-288	27.8	23.4	4.4	23.4	0.0	23.4	
2.64844	-0.9	-288	27.9	23.4	4.5	23.4	0.0	23.4	
2.65234	-1.1	-288	27.9	23.4	4.5	23.4	0.0	23.4	
2.65625	-1.1	-288	28.0	23.4	4.6	23.4	0.0	23.4	
2.66016	-1.1	-288	28.0	23.5	4.5	23.5	0.0	23.5	
2.66406	-1.3	-288	28.1	23.5	4.6	23.5	0.0	23.5	
2.66797	-1.3	-288	28.1	23.6	4.5	23.6	0.0	23.6	
2.67188	-1.5	-288	28.2	23.6	4.6	23.6	0.0	23.6	
2.67578	-1.5	-289	28.3	23.7	4.6	23.7	0.0	23.7	
2.67969	-1.4	-289	28.3	23.7	4.6	23.7	0.0	23.7	
2.68359	-1.5	-289	28.4	23.8	4.6	23.8	0.0	23.8	
2.68750	-1.4	-289	28.4	23.8	4.6	23.8	0.0	23.8	
2.69141	-1.1	-289	28.5	23.8	4.7	23.8	0.0	23.8	
2.69531	-0.9	-289	28.5	23.9	4.6	23.9	0.0	23.9	
2.69922	-1.0	-289	28.5	23.9	4.6	23.9	0.0	23.9	
2.70312	-1.1	-289	28.6	23.9	4.7	23.9	0.0	23.9	
2.70703	-1.1	-289	28.7	24.0	4.7	24.0	0.0	24.0	
2.71094	-1.2	-289	28.7	24.1	4.6	24.1	0.0	24.1	
2.71484	-1.3	-289	28.8	24.1	4.7	24.1	0.0	24.1	
2.71875	-1.5	-289	28.8	24.2	4.6	24.2	0.0	24.2	
2.72266	-1.8	-290	28.9	24.2	4.7	24.2	0.0	24.2	
2.72656	-1.9	-290	29.0	24.3	4.7	24.3	0.0	24.3	
2.73047	-1.6	-290	29.1	24.3	4.8	24.3	0.0	24.3	
2.73438	-1.8	-290	29.2	24.3	4.9	24.3	0.0	24.3	
2.73828	-1.8	-290	29.2	24.4	4.8	24.4	0.0	24.4	
2.74219	-1.4	-290	29.3	24.5	4.8	24.5	0.0	24.5	
2.74609	-1.4	-290	29.4	24.5	4.9	24.5	0.0	24.5	
2.75000	-1.4	-290	29.4	24.6	4.8	24.6	0.0	24.6	
2.75391	-1.0	-290	29.4	24.6	4.8	24.6	0.0	24.6	
2.75781	-0.9	-290	29.4	24.6	4.8	24.6	0.0	24.6	
2.76172	-0.7	-290	29.4	24.7	4.7	24.7	0.0	24.7	
2.76562	-0.5	-290	29.3	24.7	4.6	24.7	0.0	24.7	
2.76953	-0.4	-290	29.3	24.7	4.6	24.7	0.0	24.7	
2.77344	-0.5	-291	29.3	24.8	4.5	24.8	0.0	24.8	
2.77734	-0.7	-291	29.3	24.8	4.5	24.8	0.0	24.8	
2.78125	-0.7	-291	29.4	24.8	4.6	24.8	0.0	24.8	
2.78516	-0.9	-291	29.4	24.9	4.5	24.9	0.0	24.9	
2.78906	-1.0	-291	29.4	24.9	4.5	24.9	0.0	24.9	
2.79297	-0.9	-291	29.5	25.0	4.5	25.0	0.0	25.0	
2.79688	-1.0	-291	29.4	25.0	4.4	25.0	0.0	25.0	
2.80078	-1.0	-291	29.5	25.0	4.5	25.0	0.0	25.0	
2.80469	-1.0	-291	29.5	25.0	4.5	25.0	0.0	25.0	
2.80859	-1.0	-291	29.5	25.0	4.5	25.0	0.0	25.0	
2.81250	-1.0	-291	29.5	25.1	4.4	25.1	0.0	25.1	
2.81641	-0.8	-291	29.6	25.1	4.5	25.1	0.0	25.1	
2.82031	-0.6	-291	29.6	25.1	4.5	25.1	0.0	25.1	
2.82422	-0.7	-291	29.6	25.1	4.5	25.1	0.0	25.1	
2.82812	-0.6	-291	29.6	25.2	4.4	25.2	0.0	25.2	
2.83203	-0.5	-291	29.6	25.2	4.4	25.2	0.0	25.2	
2.83594	-0.7	-291	29.5	25.2	4.3	25.2	0.0	25.2	
2.83984	-0.7	-291	29.5	25.2	4.3	25.2	0.0	25.2	
2.84375	-0.6	-291	29.5	25.2	4.3	25.2	0.0	25.2	
2.84766	-0.8	-291	29.5	25.2	4.3	25.2	0.0	25.2	
2.85156	-0.8	-292	29.5	25.2	4.3	25.2	0.0	25.2	
2.85547	-0.7	-292	29.6	25.3	4.3	25.3	0.0	25.3	
2.85938	-0.8	-292	29.6	25.3	4.3	25.3	0.0	25.3	
2.86328	-0.8	-292	29.5	25.3	4.2	25.3	0.0	25.3	
2.86719	-0.7	-292	29.5	25.3	4.2	25.3	0.0	25.3	
2.87109	-0.6	-292	29.5	25.4	4.1	25.4	0.0	25.4	
2.87500	-0.6	-292	29.5	25.4	4.1	25.4	0.0	25.4	
2.87891	-0.6	-292	29.6	25.4	4.2	25.4	0.0	25.4	
2.88281	-0.7	-292	29.6	25.4	4.2	25.4	0.0	25.4	
2.88672	-0.9	-292	29.6	25.4	4.2	25.4	0.0	25.4	
2.89062	-0.9	-292	29.7	25.4	4.3	25.4	0.0	25.4	
2.89453	-0.7	-292	29.6	25.5	4.1	25.5	0.0	25.5	
2.89844	-0.7	-292	29.6	25.5	4.1	25.5	0.0	25.5	
2.90234	-0.6	-292	29.6	25.5	4.1	25.5	0.0	25.5	
2.90625	-0.5	-292	29.5	25.6	3.9	25.6	0.0	25.6	
2.91016	-0.6	-292	29.6	25.6	4.0	25.6	0.0	25.6	
2.91406	-0.7	-292	29.6	25.6	4.0	25.6	0.0	25.6	
2.91797	-0.5	-292	29.5	25.6	3.9	25.6	0.0	25.6	
2.92188	-0.6	-292	29.5	25.6	3.9	25.6	0.0	25.6	
2.92578	-0.7	-292	29.5	25.6	3.9	25.6	0.0	25.6	
2.92969	-0.6	-292	29.5	25.5	4.0	25.5	0.0	25.5	
2.93359	-0.7	-292	29.6	25.5	4.1	25.5	0.0	25.5	
2.93750	-0.8	-293	29.5	25.6	3.9	25.6	0.0	25.6	
2.94141	-0.6	-293	29.5	25.6	3.9	25.6	0.0	25.6	
2.94531	-0.5	-293	29.5	25.7	3.8	25.7	0.0	25.7	
2.94922	-0.6	-293	29.5	25.7	3.8	25.7	0.0	25.7	
2.95312	-0.6	-293	29.5	25.7	3.8	25.7	0.0	25.7	
2.95703	-0.5	-293	29.5	25.7	3.8	25.7	0.0	25.7	
2.96094	-0.6	-293	29.4	25.7	3.7	25.7	0.0	25.7	
2.96484	-0.5	-293	29.4	25.7	3.7	25.7	0.0	25.7	
2.96875	-0.1	-293	29.4	25.7	3.7	25.7	0.0	25.7	
2.97266	-0.2	-293	29.3	25.7	3.6	25.7	0.0	25.7	
2.97656	-0.2	-293	29.2	25.7	3.5	25.7	0.0	25.7	
2.98047	0.1	-293	29.1	25.7	3.4	25.7	0.0	25.7	
2.98438	0.3	-293	29.0	25.7	3.3	25.7	0.0	25.7	
2.98828	0.4	-293	28.9	25.6	3.3	25.6	0.0	25.6	
2.99219	0.6	-293	28.8	25.6	3.2	25.6	0.0	25.6	
2.99609	0.8	-293	28.7	25.6	3.1	25.6	0.0	25.6	
3.00000	0.7	-293	28.6	25.6	3.0	25.6	0.0	25.6	
3.00391	0.8	-293	28.5	25.5	3.0	25.5	0.0	25.5	
3.00781	0.6	-293	28.5	25.5	3.0	25.5	0.0	25.5	
3.01172	0.0	-293	28.4	25.5	2.9	25.5	0.0	25.5	
3.01562	-0.2	-293	28.3	25.5	2.8	25.5	0.0	25.5	
3.01953	-0.2	-293	28.3	25.4	2.9	25.4	0.0	25.4	
3.02344	-0.5	-293	28.3	25.4	2.9	25.4	0.0	25.4	
3.02734	-0.5	-293	28.2	25.4	2.8	25.4	0.0	25.4	
3.03125	-0.5	-293	28.3	25.4	2.9	25.4	0.0	25.4	
3.03516	-0.7	-293	28.2	25.3	2.9	25.3	0.0	25.3	
3.03906	-0.7	-293	28.2	25.3	2.9	25.3	0.0	25.3	
3.04297	-0.5	-293	28.1	25.3	2.8	25.3	0.0	25.3	
3.04688	-0.5	-293	28.1	25.3	2.8	25.3	0.0	25.3	
3.05078	-0.5	-293	28.1	25.3	2.8	25.3	0.0	25.3	
3.05469	-0.3	-293	28.0	25.3	2.7	25.3	0.0	25.3	
3.05859	-0.3	-293	27.9	25.2	2.7	25.2	0.0	25.2	
3.06250	-0.3	-293	27.9	25.2	2.7	25.2	0.0	25.2	
3.06641	-0.1	-293	27.8	25.1	2.7	25.1	0.0	25.1	
3.07031	0.2	-293	27.7	25.1	2.6	25.1	0.0	25.1	
3.07422	0.4	-293	27.6	25.1	2.5	25.1	0.0	25.1	
3.07812	0.6	-293	27.5	25.1	2.4	25.1	0.0	25.1	
3.08203	0.6	-293	27.5	25.0	2.5	25.0	0.0	25.0	
3.08594	0.3	-293	27.4	25.0	2.4	25.0	0.0	25.0	
3.08984	0.1	-293	27.4	24.9	2.5	24.9	0.0	24.9	
3.09375	-0.1	-293	27.4	24.9	2.5	24.9	0.0	24.9	
3.09766	-0.3	-293	27.3	24.8	2.5	24.8	0.0	24.8	
3.10156	-0.3	-293	27.2	24.8	2.4	24.8	0.0	24.8	
3.10547	-0.3	-293	27.2	24.8	2.4	24.8	0.0	24.8	
3.10938	-0.3	-293	27.2	24.7	2.5	24.7	0.0	24.7	
3.11328	-0.5	-293	27.1	24.7	2.4	24.7	0.0	24.7	
3.11719	-0.6	-293	27.0	24.7	2.3	24.7	0.0	24.7	
3.12109	-0.4	-293	27.1	24.7	2.4	24.7	0.0	24.7	
3.12500	-0.3	-293	27.0	24.6	2.4	24.6	0.0	24.6	
3.12891	-0.1	-293	26.9	24.6	2.3	24.6	0.0	24.6	
3.13281	-0.0	-293	26.8	24.6	2.2	24.6	0.0	24.6	
3.13672	0.1	-293	26.8	24.6	2.2	24.6	0.0	24.6	
3.14062	0.4	-293	26.7	24.5	2.2	24.5	0.0	24.5	
3.14453	0.6	-293	26.6	24.5	2.1	24.5	0.0	24.5	
3.14844	0.6	-293	26.4	24.4	2.0	24.4	0.0	24.4	
3.15234	0.8	-293	26.4	24.3	2.1	24.3	0.0	24.3	
3.15625	0.9	-293	26.3	24.3	2.0	24.3	0.0	24.3	
3.16016	0.7	-293	26.2	24.2	2.0	24.2	0.0	24.2	
3.16406	0.7	-293	26.1	24.2	1.9	24.2	0.0	24.2	
3.16797	0.9	-293	26.1	24.1	2.0	24.1	0.0	24.1	
3.17188	0.8	-293	25.9	24.0	1.9	24.0	0.0	24.0	
3.17578	0.8	-292	25.8	24.0	1.8	24.0	0.0	24.0	
3.17969	0.7	-292	25.8	23.9	1.9	23.9	0.0	23.9	
3.18359	0.4	-292	25.7	23.8	1.9	23.8	0.0	23.8	
3.18750	0.3	-292	25.6	23.8	1.8	23.8	0.0	23.8	
3.19141	0.4	-292	25.5	23.8	1.7	23.8	0.0	23.8	
3.19531	0.4	-292	25.4	23.7	1.7	23.7	0.0	23.7	
3.19922	0.5	-292	25.3	23.6	1.7	23.6	0.0	23.6	
3.20312	0.7	-292	25.2	23.5	1.7	23.5	0.0	23.5	
3.20703	0.7	-292	25.1	23.5	1.6	23.5	0.0	23.5	
3.21094	0.7	-292	25.0	23.4	1.6	23.4	0.0	23.4	
3.21484	0.6	-292	24.9	23.3	1.6	23.3	0.0	23.3	
3.21875	0.7	-292	24.9	23.3	1.6	23.3	0.0	23.3	
3.22266	0.9	-292	24.8	23.2	1.6	23.2	0.0	23.2	
3.22656	1.0	-292	24.6	23.1	1.5	23.1	0.0	23.1	
3.23047	1.3	-292	24.5	23.0	1.5	23.0	0.0	23.0	
3.23438	1.5	-292	24.4	22.9	1.5	22.9	0.0	22.9	
3.23828	1.5	-292	24.3	22.8	1.5	22.8	0.0	22.8	
3.24219	1.5	-292	24.2	22.7	1.5	22.7	0.0	22.7	
3.24609	1.4	-292	24.1	22.7	1.4	22.7	0.0	22.7	
3.25000	1.2	-291	24.0	22.6	1.4	22.6	0.0	22.6	
3.25391	0.9	-291	23.9	22.5	1.4	22.5	0.0	22.5	
3.25781	0.5	-291	23.9	22.5	1.4	22.5	0.0	22.5	
3.26172	0.1	-291	23.8	22.4	1.4	22.4	0.0	22.4	
3.26562	0.1	-291	23.8	22.3	1.5	22.3	0.0	22.3	
3.26953	0.2	-291	23.7	22.3	1.4	22.3	0.0	22.3	
3.27344	0.3	-291	23.6	22.2	1.4	22.2	0.0	22.2	
3.27734	0.6	-291	23.5	22.1	1.4	22.1	0.0	22.1	
3.28125	0.8	-291	23.3	22.0	1.3	22.0	0.0	22.0	
3.28516	1.0	-291	23.2	21.9	1.3	21.9	0.0	21.9	
3.28906	1.2	-291	23.1	21.9	1.2	21.9	0.0	21.9	
3.29297	1.6	-291	23.0	21.8	1.2	21.8	0.0	21.8	
3.29688	1.9	-291	22.8	21.6	1.2	21.6	0.0	21.6	
3.30078	2.0	-291	22.7	21.6	1.1	21.6	0.0	21.6	
3.30469	2.0	-291	22.5	21.4	1.1	21.4	0.0	21.4	
3.30859	1.9	-290	22.5	21.4	1.1	21.4	0.0	21.4	
3.31250	1.7	-290	22.3	21.3	1.0	21.3	0.0	21.3	
3.31641	1.5	-290	22.2	21.2	1.0	21.2	0.0	21.2	
3.32031	1.4	-290	22.1	21.0	1.1	21.0	0.0	21.0	
3.32422	1.2	-290	22.0	21.0	1.0	21.0	0.0	21.0	
3.32812	1.3	-290	21.9	20.9	1.0	20.9	0.0	20.9	
3.33203	1.3	-290	21.8	20.8	1.0	20.8	0.0	20.8	
3.33594	1.1	-290	21.7	20.7	1.0	20.7	0.0	20.7	
3.33984	1.0	-290	21.6	20.5	1.1	20.5	0.0	20.5	
3.34375	1.1	-290	21.5	20.4	1.1	20.4	0.0	20.4	
3.34766	1.1	-290	21.3	20.3	1.0	20.3	0.0	20.3	
3.35156	1.2	-290	21.3	20.2	1.1	20.2	0.0	20.2	
3.35547	1.4	-289	21.1	20.1	1.0	20.1	0.0	20.1	
3.35938	1.4	-289	21.0	20.0	1.0	20.0	0.0	20.0	
3.36328	1.3	-289	20.9	19.9	1.0	19.9	0.0	19.9	
3.36719	1.5	-289	20.8	19.8	1.0	19.8	0.0	19.8	
3.37109	1.6	-289	20.7	19.6	1.1	19.6	0.0	19.6	
3.37500	1.7	-289	20.5	19.6	0.9	19.6	0.0	19.6	
3.37891	1.9	-289	20.4	19.5	0.9	19.5	0.0	19.5	
3.38281	2.0	-289	20.3	19.4	0.9	19.4	0.0	19.4	
3.38672	1.8	-289	20.2	19.2	1.0	19.2	0.0	19.2	
3.39062	1.6	-288	20.1	19.1	1.0	19.1	0.0	19.1	
3.39453	1.5	-288	20.0	19.0	1.0	19.0	0.0	19.0	
3.39844	1.2	-288	19.8	18.9	0.9	18.9	0.0	18.9	
3.40234	1.0	-288	19.8	18.9	0.9	18.9	0.0	18.9	
3.40625	1.0	-288	19.7	18.8	0.9	18.8	0.0	18.8	
3.41016	0.8	-288	19.6	18.7	0.9	18.7	0.0	18.7	
3.41406	0.5	-288	19.5	18.6	0.9	18.6	0.0	18.6	
3.41797	0.4	-288	19.5	18.5	1.0	18.5	0.0	18.5	
3.42188	0.1	-288	19.4	18.4	1.0	18.4	0.0	18.4	
3.42578	-0.1	-288	19.4	18.3	1.1	18.3	0.0	18.3	
3.42969	-0.2	-288	19.4	18.2	1.2	18.2	0.0	18.2	
3.43359	-0.3	-288	19.4	18.2	1.2	18.2	0.0	18.2	
3.43750	-0.5	-288	19.4	18.1	1.3	18.1	0.0	18.1	
3.44141	-0.7	-288	19.4	18.0	1.4	18.0	0.0	18.0	
3.44531	-0.7	-288	19.4	17.9	1.5	17.9	0.0	17.9	
3.44922	-0.8	-288	19.4	17.9	1.5	17.9	0.0	17.9	
3.45312	-0.8	-288	19.4	17.8	1.6	17.8	0.0	17.8	
3.45703	-0.6	-288	19.4	17.8	1.6	17.8	0.0	17.8	
3.46094	-0.7	-288	19.5	17.7	1.8	17.7	0.0	17.7	
3.46484	-0.8	-288	19.5	17.7	1.8	17.7	0.0	17.7	
3.46875	-0.7	-289	19.5	17.6	1.9	17.6	0.0	17.6	
3.47266	-0.8	-289	19.5	17.6	1.9	17.6	0.0	17.6	
3.47656	-0.7	-289	19.5	17.6	1.9	17.6	0.0	17.6	
3.48047	-0.6	-289	19.6	17.5	2.1	17.5	0.0	17.5	
3.48438	-0.7	-289	19.6	17.4	2.2	17.4	0.0	17.4	
3.48828	-0.9	-289	19.6	17.4	2.2	17.4	0.0	17.4	
3.49219	-0.9	-289	19.6	17.4	2.2	17.4	0.0	17.4	
3.49609	-0.8	-289	19.6	17.4	2.2	17.4	0.0	17.4	
3.50000	-0.8	-289	19.6	17.3	2.3	17.3	0.0	17.3	
3.50391	-0.7	-289	19.6	17.3	2.3	17.3	0.0	17.3	
3.50781	-0.6	-289	19.7	17.3	2.4	17.3	0.0	17.3	
3.51172	-0.7	-289	19.7	17.3	2.4	17.3	0.0	17.3	
3.51562	-0.7	-289	19.7	17.2	2.5	17.2	0.0	17.2	
3.51953	-0.7	-289	19.8	17.2	2.6	17.2	0.0	17.2	
3.52344	-0.8	-289	19.8	17.2	2.6	17.2	0.0	17.2	
3.52734	-0.7	-289	19.8	17.2	2.6	17.2	0.0	17.2	
3.53125	-0.6	-289	19.8	17.2	2.6	17.2	0.0	17.2	
3.53516	-0.6	-289	19.8	17.1	2.7	17.1	0.0	17.1	
3.53906	-0.5	-289	19.8	17.1	2.7	17.1	0.0	17.1	
3.54297	-0.5	-289	19.8	17.1	2.7	17.1	0.0	17.1	
3.54688	-0.7	-289	19.7	17.1	2.6	17.1	0.0	17.1	
3.55078	-0.6	-289	19.7	17.1	2.6	17.1	0.0	17.1	
3.55469	-0.6	-290	19.8	17.0	2.8	17.0	0.0	17.0	
3.55859	-0.6	-290	19.7	17.0	2.7	17.0	0.0	17.0	
3.56250	-0.5	-290	19.7	17.0	2.7	17.0	0.0	17.0	
3.56641	-0.5	-290	19.7	16.9	2.8	16.9	0.0	16.9	
3.57031	-0.6	-290	19.6	16.9	2.7	16.9	0.0	16.9	
3.57422	-0.5	-290	19.6	16.9	2.7	16.9	0.0	16.9	
3.57812	-0.4	-290	19.6	16.9	2.7	16.9	0.0	16.9	
3.58203	-0.3	-290	19.5	16.8	2.7	16.8	0.0	16.8	
3.58594	-0.6	-290	19.5	16.8	2.7	16.8	0.0	16.8	
3.58984	-0.6	-290	19.5	16.8	2.7	16.8	0.0	16.8	
3.59375	-0.4	-290	19.4	16.7	2.7	16.7	0.0	16.7	
3.59766	-0.5	-290	19.4	16.7	2.7	16.7	0.0	16.7	
3.60156	-0.5	-290	19.4	16.7	2.7	16.7	0.0	16.7	
3.60547	-0.3	-290	19.4	16.7	2.7	16.7	0.0	16.7	
3.60938	-0.4	-290	19.4	16.6	2.8	16.6	0.0	16.6	
3.61328	-0.4	-290	19.3	16.6	2.7	16.6	0.0	16.6	
3.61719	-0.2	-290	19.2	16.6	2.6	16.6	0.0	16.6	
3.62109	-0.3	-290	19.2	16.5	2.7	16.5	0.0	16.5	
3.62500	-0.5	-290	19.2	16.5	2.7	16.5	0.0	16.5	
3.62891	-0.3	-290	19.2	16.5	2.7	16.5	0.0	16.5	
3.63281	-0.3	-290	19.2	16.5	2.7	16.5	0.0	16.5	
3.63672	-0.4	-290	19.1	16.4	2.7	16.4	0.0	16.4	
3.64062	-0.4	-290	19.1	16.4	2.7	16.4	0.0	16.4	
3.64453	-0.4	-290	19.1	16.4	2.7	16.4	0.0	16.4	
3.64844	-0.5	-290	19.0	16.3	2.7	16.3	0.0	16.3	
3.65234	-0.5	-290	19.0	16.4	2.6	16.4	0.0	16.4	
3.65625	-0.4	-290	19.1	16.3	2.8	16.3	0.0	16.3	
3.66016	-0.5	-290	19.0	16.3	2.7	16.3	0.0	16.3	
3.66406	-0.6	-290	18.9	16.3	2.6	16.3	0.0	16.3	
3.66797	-0.6	-290	19.0	16.2	2.8	16.2	0.0	16.2	
3.67188	-0.6	-290	18.9	16.2	2.7	16.2	0.0	16.2	
3.67578	-0.6	-290	18.9	16.2	2.7	16.2	0.0	16.2	
3.67969	-0.5	-290	18.9	16.1	2.8	16.1	0.0	16.1	
3.68359	-0.6	-291	18.9	16.1	2.8	16.1	0.0	16.1	
3.68750	-0.7	-291	18.8	16.1	2.7	16.1	0.0	16.1	
3.69141	-0.7	-291	18.9	16.1	2.8	16.1	0.0	16.1	
3.69531	-0.6	-291	18.8	16.0	2.8	16.0	0.0	16.0	
3.69922	-0.7	-291	18.8	16.0	2.8	16.0	0.0	16.0	
3.70312	-0.7	-291	18.8	16.0	2.8	16.0	0.0	16.0	
3.70703	-0.6	-291	18.8	16.0	2.8	16.0	0.0	16.0	
3.71094	-0.6	-291	18.8	16.0	2.8	16.0	0.0	16.0	
3.71484	-0.6	-291	18.8	16.0	2.8	16.0	0.0	16.0	
3.71875	-0.6	-291	18.8	16.0	2.8	16.0	0.0	16.0	
3.72266	-0.7	-291	18.8	15.9	2.9	15.9	0.0	15.9	
3.72656	-0.7	-291	18.8	15.9	2.9	15.9	0.0	15.9	
3.73047	-0.6	-291	18.8	15.9	2.9	15.9	0.0	15.9	
3.73438	-0.7	-291	18.8	15.9	2.9	15.9	0.0	15.9	
3.73828	-0.7	-291	18.8	15.9	2.9	15.9	0.0	15.9	
3.74219	-0.6	-291	18.8	15.9	2.9	15.9	0.0	15.9	
3.74609	-0.7	-291	18.8	15.9	2.9	15.9	0.0	15.9	
3.75000	-0.7	-291	18.7	15.9	2.8	15.9	0.0	15.9	
3.75391	-0.6	-291	18.7	15.8	2.9	15.8	0.0	15.8	
3.75781	-0.6	-291	18.8	15.9	2.9	15.9	0.0	15.9	
3.76172	-0.6	-291	18.8	15.8	3.0	15.8	0.0	15.8	
3.76562	-0.6	-291	18.7	15.8	2.9	15.8	0.0	15.8	
3.76953	-0.8	-291	18.8	15.8	3.0	15.8	0.0	15.8	
3.77344	-0.8	-291	18.8	15.8	3.0	15.8	0.0	15.8	
3.77734	-0.7	-292	18.7	15.8	2.9	15.8	0.0	15.8	
3.78125	-0.6	-292	18.7	15.8	2.9	15.8	0.0	15.8	
3.78516	-0.6	-292	18.8	15.8	3.0	15.8	0.0	15.8	
3.78906	-0.6	-292	18.7	15.7	3.0	15.7	0.0	15.7	
3.79297	-0.6	-292	18.7	15.7	3.0	15.7	0.0	15.7	
3.79688	-0.8	-292	18.7	15.7	3.0	15.7	0.0	15.7	
3.80078	-0.7	-292	18.7	15.7	3.0	15.7	0.0	15.7	
3.80469	-0.6	-292	18.8	15.8	3.0	15.8	0.0	15.8	
3.80859	-0.7	-292	18.7	15.7	3.0	15.7	0.0	15.7	
3.81250	-0.6	-292	18.7	15.7	3.0	15.7	0.0	15.7	
3.81641	-0.5	-292	18.7	15.7	3.0	15.7	0.0	15.7	
3.82031	-0.7	-292	18.7	15.7	3.0	15.7	0.0	15.7	
3.82422	-0.8	-292	18.7	15.7	3.0	15.7	0.0	15.7	
3.82812	-0.6	-292	18.7	15.7	3.0	15.7	0.0	15.7	
3.83203	-0.6	-292	18.7	15.7	3.0	15.7	0.0	15.7	
3.83594	-0.6	-292	18.7	15.6	3.1	15.6	0.0	15.6	
3.83984	-0.7	-292	18.7	15.7	3.0	15.7	0.0	15.7	
3.84375	-0.7	-292	18.7	15.7	3.0	15.7	0.0	15.7	
3.84766	-0.7	-292	18.7	15.6	3.1	15.6	0.0	15.6	
3.85156	-0.7	-292	18.7	15.6	3.1	15.6	0.0	15.6	
3.85547	-0.6	-292	18.7	15.6	3.1	15.6	0.0	15.6	
3.85938	-0.7	-292	18.7	15.6	3.1	15.6	0.0	15.6	
3.86328	-0.9	-292	18.7	15.6	3.1	15.6	0.0	15.6	
3.86719	-0.7	-293	18.7	15.6	3.1	15.6	0.0	15.6	
3.87109	-0.7	-293	18.6	15.6	3.0	15.6	0.0	15.6	
3.87500	-0.9	-293	18.7	15.6	3.1	15.6	0.0	15.6	
3.87891	-0.7	-293	18.7	15.6	3.1	15.6	0.0	15.6	
3.88281	-0.7	-293	18.7	15.6	3.1	15.6	0.0	15.6	
3.88672	-0.8	-293	18.7	15.6	3.1	15.6	0.0	15.6	
3.89062	-0.7	-293	18.7	15.6	3.1	15.6	0.0	15.6	
3.89453	-0.8	-293	18.7	15.6	3.1	15.6	0.0	15.6	
3.89844	-0.9	-293	18.8	15.6	3.2	15.6	0.0	15.6	
3.90234	-0.6	-293	18.7	15.6	3.1	15.6	0.0	15.6	
3.90625	-0.7	-293	18.8	15.6	3.2	15.6	0.0	15.6	
3.91016	-0.9	-293	18.8	15.6	3.2	15.6	0.0	15.6	
3.91406	-0.7	-293	18.8	15.6	3.2	15.6	0.0	15.6	
3.91797	-0.6	-293	18.8	15.6	3.2	15.6	0.0	15.6	
3.92188	-0.7	-293	18.8	15.6	3.2	15.6	0.0	15.6	
3.92578	-0.8	-293	18.8	15.6	3.2	15.6	0.0	15.6	
3.92969	-0.6	-293	18.8	15.6	3.2	15.6	0.0	15.6	
3.93359	-0.7	-293	18.8	15.6	3.2	15.6	0.0	15.6	
3.93750	-0.8	-293	18.8	15.6	3.2	15.6	0.0	15.6	
3.94141	-0.6	-293	18.8	15.5	3.3	15.5	0.0	15.5	
3.94531	-0.7	-293	18.8	15.5	3.3	15.5	0.0	15.5	
3.94922	-0.8	-294	18.8	15.6	3.2	15.6	0.0	15.6	
3.95312	-0.6	-294	18.8	15.6	3.2	15.6	0.0	15.6	
3.95703	-0.6	-294	18.7	15.6	3.1	15.6	0.0	15.6	
3.96094	-0.7	-294	18.7	15.5	3.2	15.5	0.0	15.5	
3.96484	-0.6	-294	18.7	15.5	3.2	15.5	0.0	15.5	
3.96875	-0.6	-294	18.7	15.5	3.2	15.5	0.0	15.5	
3.97266	-0.7	-294	18.7	15.5	3.2	15.5	0.0	15.5	
3.97656	-0.6	-294	18.7	15.5	3.2	15.5	0.0	15.5	
3.98047	-0.5	-294	18.7	15.5	3.2	15.5	0.0	15.5	
3.98438	-0.7	-294	18.7	15.5	3.2	15.5	0.0	15.5	
3.98828	-0.7	-294	18.7	15.5	3.2	15.5	0.0	15.5	
3.99219	-0.6	-294	18.7	15.5	3.2	15.5	0.0	15.5	
3.99609	-0.9	-294	18.7	15.5	3.2	15.5	0.0	15.5	
4.00000	-0.9	-294	18.7	15.5	3.2	15.5	0.0	15.5	
4.00391	-0.7	-294	18.7	15.5	3.2	15.5	0.0	15.5	
4.00781	-0.7	-294	18.7	15.5	3.2	15.5	0.0	15.5	
4.01172	-0.7	-294	18.7	15.5	3.2	15.5	0.0	15.5	
4.01562	-0.7	-294	18.7	15.4	3.3	15.4	0.0	15.4	
4.01953	-0.7	-294	18.7	15.4	3.3	15.4	0.0	15.4	
4.02344	-0.8	-294	18.7	15.4	3.3	15.4	0.0	15.4	
4.02734	-0.8	-294	18.7	15.4	3.3	15.4	0.0	15.4	
4.03125	-0.7	-294	18.8	15.5	3.3	15.5	0.0	15.5	
4.03516	-0.7	-295	18.8	15.5	3.3	15.5	0.0	15.5	
4.03906	-0.7	-295	18.7	15.5	3.2	15.5	0.0	15.5	
4.04297	-0.8	-295	18.8	15.5	3.3	15.5	0.0	15.5	
4.04688	-0.9	-295	18.8	15.4	3.4	15.4	0.0	15.4	
4.05078	-0.8	-295	18.8	15.4	3.4	15.4	0.0	15.4	
4.05469	-0.7	-295	18.8	15.4	3.4	15.4	0.0	15.4	
4.05859	-0.8	-295	18.9	15.4	3.5	15.4	0.0	15.4	
4.06250	-0.8	-295	18.8	15.4	3.4	15.4	0.0	15.4	
4.06641	-0.7	-295	18.8	15.4	3.4	15.4	0.0	15.4	
4.07031	-0.6	-295	18.9	15.4	3.5	15.4	0.0	15.4	
4.07422	-0.8	-295	18.9	15.4	3.5	15.4	0.0	15.4	
4.07812	-0.8	-295	18.9	15.4	3.5	15.4	0.0	15.4	
4.08203	-0.5	-295	18.9	15.4	3.5	15.4	0.0	15.4	
4.08594	-0.6	-295	18.9	15.4	3.5	15.4	0.0	15.4	
4.08984	-0.6	-295	18.8	15.4	3.4	15.4	0.0	15.4	
4.09375	-0.6	-295	18.9	15.4	3.5	15.4	0.0	15.4	
4.09766	-0.7	-295	18.8	15.4	3.4	15.4	0.0	15.4	
4.10156	-0.5	-295	18.8	15.3	3.5	15.3	0.0	15.3	
4.10547	-0.5	-295	18.8	15.3	3.5	15.3	0.0	15.3	
4.10938	-0.7	-295	18.8	15.3	3.5	15.3	0.0	15.3	
4.11328	-0.4	-295	18.7	15.4	3.3	15.4	0.0	15.4	
4.11719	-0.3	-295	18.7	15.4	3.3	15.4	0.0	15.4	
4.12109	-0.5	-295	18.6	15.3	3.3	15.3	0.0	15.3	
4.12500	-0.6	-295	18.6	15.3	3.3	15.3	0.0	15.3	
4.12891	-0.5	-296	18.6	15.3	3.3	15.3	0.0	15.3	
4.13281	-0.5	-296	18.6	15.3	3.3	15.3	0.0	15.3	
4.13672	-0.7	-296	18.6	15.2	3.4	15.2	0.0	15.2	
4.14062	-0.7	-296	18.5	15.2	3.3	15.2	0.0	15.2	
4.14453	-0.7	-296	18.5	15.2	3.3	15.2	0.0	15.2	
4.14844	-0.8	-296	18.5	15.2	3.3	15.2	0.0	15.2	
4.15234	-0.7	-296	18.5	15.2	3.3	15.2	0.0	15.2	
4.15625	-0.6	-296	18.5	15.3	3.2	15.3	0.0	15.3	
4.16016	-0.8	-296	18.5	15.2	3.3	15.2	0.0	15.2	
4.16406	-0.9	-296	18.6	15.2	3.4	15.2	0.0	15.2	
4.16797	-0.8	-296	18.6	15.2	3.4	15.2	0.0	15.2	
4.17188	-0.9	-296	18.6	15.3	3.3	15.3	0.0	15.3	
4.17578	-0.8	-296	18.6	15.3	3.3	15.3	0.0	15.3	
4.17969	-0.7	-296	18.7	15.3	3.4	15.3	0.0	15.3	
4.18359	-1.0	-296	18.7	15.3	3.4	15.3	0.0	15.3	
4.18750	-1.1	-296	18.8	15.3	3.5	15.3	0.0	15.3	
4.19141	-1.0	-296	18.8	15.3	3.5	15.3	0.0	15.3	
4.19531	-1.1	-296	18.8	15.3	3.5	15.3	0.0	15.3	
4.19922	-1.1	-296	18.9	15.3	3.6	15.3	0.0	15.3	
4.20312	-0.9	-297	19.0	15.3	3.7	15.3	0.0	15.3	
4.20703	-0.9	-297	19.0	15.4	3.6	15.4	0.0	15.4	
4.21094	-1.0	-297	19.0	15.4	3.6	15.4	0.0	15.4	
4.21484	-0.9	-297	19.0	15.4	3.6	15.4	0.0	15.4	
4.21875	-0.9	-297	19.1	15.4	3.7	15.4	0.0	15.4	
4.22266	-1.0	-297	19.1	15.4	3.7	15.4	0.0	15.4	
4.22656	-0.9	-297	19.1	15.4	3.7	15.4	0.0	15.4	
4.23047	-0.9	-297	19.2	15.4	3.8	15.4	0.0	15.4	
4.23438	-1.1	-297	19.2	15.5	3.7	15.5	0.0	15.5	
4.23828	-0.9	-297	19.2	15.5	3.7	15.5	0.0	15.5	
4.24219	-0.7	-297	19.3	15.5	3.8	15.5	0.0	15.5	
4.24609	-1.0	-297	19.3	15.5	3.8	15.5	0.0	15.5	
4.25000	-0.9	-297	19.3	15.5	3.8	15.5	0.0	15.5	
4.25391	-0.7	-297	19.4	15.6	3.8	15.6	0.0	15.6	
4.25781	-0.9	-297	19.4	15.6	3.8	15.6	0.0	15.6	
4.26172	-0.9	-297	19.4	15.6	3.8	15.6	0.0	15.6	
4.26562	-0.7	-297	19.5	15.6	3.9	15.6	0.0	15.6	
4.26953	-0.9	-298	19.5	15.6	3.9	15.6	0.0	15.6	
4.27344	-0.9	-298	19.5	15.6	3.9	15.6	0.0	15.6	
4.27734	-0.8	-298	19.5	15.6	3.9	15.6	0.0	15.6	
4.28125	-0.8	-298	19.5	15.6	3.9	15.6	0.0	15.6	
4.28516	-0.8	-298	19.5	15.6	3.9	15.6	0.0	15.6	
4.28906	-0.6	-298	19.5	15.7	3.8	15.7	0.0	15.7	
4.29297	-0.6	-298	19.6	15.7	3.9	15.7	0.0	15.7	
4.29688	-0.8	-298	19.6	15.7	3.9	15.7	0.0	15.7	
4.30078	-0.9	-298	19.6	15.7	3.9	15.7	0.0	15.7	
4.30469	-0.6	-298	19.5	15.7	3.8	15.7	0.0	15.7	
4.30859	-0.6	-298	19.5	15.7	3.8	15.7	0.0	15.7	
4.31250	-0.8	-298	19.5	15.7	3.8	15.7	0.0	15.7	
4.31641	-0.6	-298	19.5	15.6	3.9	15.6	0.0	15.6	
4.32031	-0.7	-298	19.5	15.6	3.9	15.6	0.0	15.6	
4.32422	-0.9	-298	19.5	15.7	3.8	15.7	0.0	15.7	
4.32812	-0.7	-298	19.5	15.7	3.8	15.7	0.0	15.7	
4.33203	-0.6	-298	19.5	15.7	3.8	15.7	0.0	15.7	
4.33594	-0.7	-298	19.5	15.7	3.8	15.7	0.0	15.7	
4.33984	-0.6	-298	19.5	15.7	3.8	15.7	0.0	15.7	
4.34375	-0.6	-298	19.5	15.7	3.8	15.7	0.0	15.7	
4.34766	-0.9	-298	19.5	15.7	3.8	15.7	0.0	15.7	
4.35156	-0.6	-299	19.5	15.7	3.8	15.7	0.0	15.7	
4.35547	-0.4	-299	19.4	15.7	3.7	15.7	0.0	15.7	
4.35938	-0.6	-299	19.4	15.6	3.8	15.6	0.0	15.6	
4.36328	-0.7	-299	19.4	15.6	3.8	15.6	0.0	15.6	
4.36719	-0.5	-299	19.4	15.6	3.8	15.6	0.0	15.6	
4.37109	-0.6	-299	19.3	15.6	3.7	15.6	0.0	15.6	
4.37500	-0.6	-299	19.3	15.6	3.7	15.6	0.0	15.6	
4.37891	-0.4	-299	19.3	15.6	3.7	15.6	0.0	15.6	
4.38281	-0.4	-299	19.2	15.6	3.6	15.6	0.0	15.6	
4.38672	-0.6	-299	19.2	15.6	3.6	15.6	0.0	15.6	
4.39062	-0.6	-299	19.2	15.6	3.6	15.6	0.0	15.6	
4.39453	-0.5	-299	19.2	15.6	3.6	15.6	0.0	15.6	
4.39844	-0.6	-299	19.2	15.6	3.6	15.6	0.0	15.6	
4.40234	-0.8	-299	19.1	15.6	3.5	15.6	0.0	15.6	
4.40625	-0.7	-299	19.2	15.6	3.6	15.6	0.0	15.6	
4.41016	-0.6	-299	19.2	15.5	3.7	15.5	0.0	15.5	
4.41406	-0.7	-299	19.1	15.5	3.6	15.5	0.0	15.5	
4.41797	-0.6	-299	19.1	15.6	3.5	15.6	0.0	15.6	
4.42188	-0.6	-299	19.1	15.5	3.6	15.5	0.0	15.5	
4.42578	-0.7	-299	19.0	15.5	3.5	15.5	0.0	15.5	
4.42969	-0.6	-299	19.0	15.5	3.5	15.5	0.0	15.5	
4.43359	-0.7	-299	19.1	15.6	3.5	15.6	0.0	15.6	
4.43750	-0.7	-299	19.0	15.6	3.4	15.6	0.0	15.6	
4.44141	-0.6	-299	19.0	15.5	3.5	15.5	0.0	15.5	
4.44531	-0.6	-299	18.9	15.5	3.4	15.5	0.0	15.5	
4.44922	-0.6	-300	18.9	15.5	3.4	15.5	0.0	15.5	
4.45312	-0.5	-300	19.0	15.5	3.5	15.5	0.0	15.5	
4.45703	-0.6	-300	18.9	15.4	3.5	15.4	0.0	15.4	
4.46094	-0.7	-300	18.9	15.4	3.5	15.4	0.0	15.4	
4.46484	-0.6	-300	18.9	15.5	3.4	15.5	0.0	15.5	
4.46875	-0.6	-300	18.9	15.4	3.5	15.4	0.0	15.4	
4.47266	-0.7	-300	18.9	15.4	3.5	15.4	0.0	15.4	
4.47656	-0.6	-300	18.9	15.4	3.5	15.4	0.0	15.4	
4.48047	-0.5	-300	18.9	15.4	3.5	15.4	0.0	15.4	
4.48438	-0.7	-300	18.8	15.4	3.4	15.4	0.0	15.4	
4.48828	-0.7	-300	18.8	15.4	3.4	15.4	0.0	15.4	
4.49219	-0.6	-300	18.8	15.4	3.4	15.4	0.0	15.4	
4.49609	-0.7	-300	18.8	15.4	3.4	15.4	0.0	15.4	
4.50000	-0.8	-300	18.8	15.4	3.4	15.4	0.0	15.4	
4.50391	-0.6	-300	18.8	15.4	3.4	15.4	0.0	15.4	
4.50781	-0.5	-300	18.8	15.4	3.4	15.4	0.0	15.4	
4.51172	-0.7	-300	18.8	15.4	3.4	15.4	0.0	15.4	
4.51562	-0.7	-300	18.8	15.4	3.4	15.4	0.0	15.4	
4.51953	-0.6	-300	18.8	15.4	3.4	15.4	0.0	15.4	
4.52344	-0.7	-300	18.8	15.4	3.4	15.4	0.0	15.4	
4.52734	-0.6	-300	18.8	15.4	3.4	15.4	0.0	15.4	
4.53125	-0.7	-300	18.8	15.4	3.4	15.4	0.0	15.4	
4.53516	-0.7	-300	18.8	15.4	3.4	15.4	0.0	15.4	
4.53906	-0.6	-300	18.8	15.4	3.4	15.4	0.0	15.4	
4.54297	-0.7	-301	18.7	15.4	3.3	15.4	0.0	15.4	
4.54688	-0.7	-301	18.7	15.4	3.3	15.4	0.0	15.4	
4.55078	-0.7	-301	18.8	15.4	3.4	15.4	0.0	15.4	
4.55469	-0.6	-301	18.8	15.4	3.4	15.4	0.0	15.4	
4.55859	-0.6	-301	18.7	15.4	3.3	15.4	0.0	15.4	
4.56250	-0.7	-301	18.7	15.4	3.3	15.4	0.0	15.4	
4.56641	-0.6	-301	18.7	15.4	3.3	15.4	0.0	15.4	
4.57031	-0.8	-301	18.7	15.4	3.3	15.4	0.0	15.4	
4.57422	-0.8	-301	18.7	15.4	3.3	15.4	0.0	15.4	
4.57812	-0.7	-301	18.7	15.3	3.4	15.3	0.0	15.3	
4.58203	-0.7	-301	18.7	15.3	3.4	15.3	0.0	15.3	
4.58594	-0.8	-301	18.7	15.4	3.3	15.4	0.0	15.4	
4.58984	-0.8	-301	18.7	15.4	3.3	15.4	0.0	15.4	
4.59375	-0.8	-301	18.7	15.3	3.4	15.3	0.0	15.3	
4.59766	-0.7	-301	18.7	15.4	3.3	15.4	0.0	15.4	
4.60156	-0.6	-301	18.7	15.4	3.3	15.4	0.0	15.4	
4.60547	-0.8	-301	18.7	15.3	3.4	15.3	0.0	15.3	
4.60938	-0.8	-301	18.7	15.3	3.4	15.3	0.0	15.3	
4.61328	-0.7	-301	18.8	15.3	3.5	15.3	0.0	15.3	
4.61719	-0.7	-301	18.7	15.4	3.3	15.4	0.0	15.4	
4.62109	-0.6	-301	18.7	15.4	3.3	15.4	0.0	15.4	
4.62500	-0.6	-301	18.7	15.3	3.4	15.3	0.0	15.3	
4.62891	-0.7	-302	18.7	15.4	3.3	15.4	0.0	15.4	
4.63281	-0.6	-302	18.7	15.4	3.3	15.4	0.0	15.4	
4.63672	-0.7	-302	18.7	15.3	3.4	15.3	0.0	15.3	
4.64062	-0.7	-302	18.7	15.3	3.4	15.3	0.0	15.3	
4.64453	-0.7	-302	18.7	15.4	3.3	15.4	0.0	15.4	
4.64844	-0.8	-302	18.7	15.4	3.3	15.4	0.0	15.4	
4.65234	-0.8	-302	18.7	15.4	3.3	15.4	0.0	15.4	
4.65625	-0.6	-302	18.7	15.3	3.4	15.3	0.0	15.3	
4.66016	-0.7	-302	18.7	15.3	3.4	15.3	0.0	15.3	
4.66406	-0.7	-302	18.7	15.3	3.4	15.3	0.0	15.3	
4.66797	-0.7	-302	18.7	15.3	3.4	15.3	0.0	15.3	
4.67188	-0.7	-302	18.7	15.3	3.4	15.3	0.0	15.3	
4.67578	-0.7	-302	18.7	15.3	3.4	15.3	0.0	15.3	
4.67969	-0.6	-302	18.7	15.3	3.4	15.3	0.0	15.3	
4.68359	-0.7	-302	18.7	15.3	3.4	15.3	0.0	15.3	
4.68750	-0.7	-302	18.7	15.3	3.4	15.3	0.0	15.3	
4.69141	-0.6	-302	18.8	15.4	3.4	15.4	0.0	15.4	
4.69531	-0.7	-302	18.8	15.3	3.5	15.3	0.0	15.3	
4.69922	-0.7	-302	18.7	15.3	3.4	15.3	0.0	15.3	
4.70312	-0.6	-302	18.7	15.3	3.4	15.3	0.0	15.3	
4.70703	-0.6	-302	18.7	15.3	3.4	15.3	0.0	15.3	
4.71094	-0.7	-302	18.7	15.3	3.4	15.3	0.0	15.3	
4.71484	-0.7	-302	18.7	15.3	3.4	15.3	0.0	15.3	
4.71875	-0.6	-303	18.7	15.3	3.4	15.3	0.0	15.3	
4.72266	-0.8	-303	18.7	15.3	3.4	15.3	0.0	15.3	
4.72656	-0.9	-303	18.7	15.3	3.4	15.3	0.0	15.3	
4.73047	-0.8	-303	18.7	15.3	3.4	15.3	0.0	15.3	
4.73438	-0.7	-303	18.7	15.2	3.5	15.2	0.0	15.2	
4.73828	-0.8	-303	18.7	15.2	3.5	15.2	0.0	15.2	
4.74219	-0.7	-303	18.7	15.2	3.5	15.2	0.0	15.2	
4.74609	-0.7	-303	18.7	15.2	3.5	15.2	0.0	15.2	
4.75000	-0.7	-303	18.7	15.2	3.5	15.2	0.0	15.2	
4.75391	-0.6	-303	18.7	15.2	3.5	15.2	0.0	15.2	
4.75781	-0.7	-303	18.8	15.2	3.6	15.2	0.0	15.2	
4.76172	-0.8	-303	18.8	15.3	3.5	15.3	0.0	15.3	
4.76562	-0.6	-303	18.8	15.3	3.5	15.3	0.0	15.3	
4.76953	-0.7	-303	18.8	15.2	3.6	15.2	0.0	15.2	
4.77344	-0.9	-303	18.8	15.2	3.6	15.2	0.0	15.2	
4.77734	-0.6	-303	18.8	15.3	3.5	15.3	0.0	15.3	
4.78125	-0.7	-303	18.8	15.3	3.5	15.3	0.0	15.3	
4.78516	-1.0	-303	18.8	15.2	3.6	15.2	0.0	15.2	
4.78906	-0.9	-303	18.8	15.2	3.6	15.2	0.0	15.2	
4.79297	-0.7	-303	18.9	15.2	3.7	15.2	0.0	15.2	
4.79688	-0.8	-304	18.9	15.2	3.7	15.2	0.0	15.2	
4.80078	-0.8	-304	18.9	15.3	3.6	15.3	0.0	15.3	
4.80469	-0.7	-304	18.9	15.3	3.6	15.3	0.0	15.3	
4.80859	-0.8	-304	18.9	15.3	3.6	15.3	0.0	15.3	
4.81250	-1.0	-304	18.9	15.2	3.7	15.2	0.0	15.2	
4.81641	-0.6	-304	18.9	15.2	3.7	15.2	0.0	15.2	
4.82031	-0.5	-304	18.9	15.2	3.7	15.2	0.0	15.2	
4.82422	-0.6	-304	18.8	15.1	3.7	15.1	0.0	15.1	
4.82812	-0.5	-304	18.9	15.2	3.7	15.2	0.0	15.2	
4.83203	-0.5	-304	18.9	15.2	3.7	15.2	0.0	15.2	
4.83594	-0.5	-304	18.8	15.2	3.6	15.2	0.0	15.2	
4.83984	-0.6	-304	18.8	15.2	3.6	15.2	0.0	15.2	
4.84375	-0.6	-304	18.8	15.2	3.6	15.2	0.0	15.2	
4.84766	-0.5	-304	18.8	15.1	3.7	15.1	0.0	15.1	
4.85156	-0.4	-304	18.7	15.2	3.5	15.2	0.0	15.2	
4.85547	-0.3	-304	18.6	15.1	3.5	15.1	0.0	15.1	
4.85938	-0.3	-304	18.6	15.1	3.5	15.1	0.0	15.1	
4.86328	-0.4	-304	18.6	15.1	3.5	15.1	0.0	15.1	
4.86719	-0.5	-304	18.6	15.1	3.5	15.1	0.0	15.1	
4.87109	-0.6	-304	18.5	15.1	3.4	15.1	0.0	15.1	
4.87500	-0.8	-304	18.5	15.1	3.4	15.1	0.0	15.1	
4.87891	-0.8	-304	18.6	15.0	3.6	15.0	0.0	15.0	
4.88281	-0.7	-304	18.5	15.0	3.5	15.0	0.0	15.0	
4.88672	-0.7	-304	18.4	15.0	3.4	15.0	0.0	15.0	
4.89062	-0.6	-304	18.5	15.0	3.5	15.0	0.0	15.0	
4.89453	-0.7	-304	18.5	15.1	3.4	15.1	0.0	15.1	
4.89844	-0.9	-305	18.5	15.1	3.4	15.1	0.0	15.1	
4.90234	-0.9	-305	18.5	15.1	3.4	15.1	0.0	15.1	
4.90625	-0.7	-305	18.5	15.0	3.5	15.0	0.0	15.0	
4.91016	-0.9	-305	18.6	15.1	3.5	15.1	0.0	15.1	
4.91406	-0.8	-305	18.6	15.1	3.5	15.1	0.0	15.1	
4.91797	-0.7	-305	18.7	15.1	3.6	15.1	0.0	15.1	
4.92188	-1.0	-305	18.7	15.1	3.6	15.1	0.0	15.1	
4.92578	-1.1	-305	18.8	15.1	3.7	15.1	0.0	15.1	
4.92969	-1.0	-305	18.8	15.1	3.7	15.1	0.0	15.1	
4.93359	-1.1	-305	18.8	15.1	3.7	15.1	0.0	15.1	
4.93750	-1.2	-305	18.8	15.1	3.7	15.1	0.0	15.1	
4.94141	-1.0	-305	18.9	15.2	3.7	15.2	0.0	15.2	
4.94531	-0.9	-305	18.9	15.2	3.7	15.2	0.0	15.2	
4.94922	-0.9	-305	19.0	15.2	3.8	15.2	0.0	15.2	
4.95312	-0.9	-305	19.0	15.2	3.8	15.2	0.0	15.2	
4.95703	-1.0	-305	19.1	15.2	3.9	15.2	0.0	15.2	
4.96094	-1.0	-306	19.1	15.2	3.9	15.2	0.0	15.2	
4.96484	-0.9	-306	19.1	15.3	3.8	15.3	0.0	15.3	
4.96875	-0.9	-306	19.2	15.3	3.9	15.3	0.0	15.3	
4.97266	-0.9	-306	19.2	15.3	3.9	15.3	0.0	15.3	
4.97656	-0.9	-306	19.2	15.3	3.9	15.3	0.0	15.3	
4.98047	-0.8	-306	19.2	15.3	3.9	15.3	0.0	15.3	
4.98438	-1.0	-306	19.3	15.3	4.0	15.3	0.0	15.3	
4.98828	-1.0	-306	19.3	15.4	3.9	15.4	0.0	15.4	
4.99219	-0.8	-306	19.3	15.4	3.9	15.4	0.0	15.4	
4.99609	-0.9	-306	19.4	15.4	4.0	15.4	0.0	15.4	
5.00000	-0.9	-306	19.4	15.4	4.0	15.4	0.0	15.4	
5.00391	-0.7	-306	19.4	15.5	3.9	15.5	0.0	15.5	
5.00781	-0.9	-306	19.4	15.5	3.9	15.5	0.0	15.5	
5.01172	-0.8	-306	19.5	15.4	4.1	15.4	0.0	15.4	
5.01562	-0.8	-306	19.5	15.5	4.0	15.5	0.0	15.5	
5.01953	-0.9	-306	19.5	15.5	4.0	15.5	0.0	15.5	
5.02344	-0.8	-306	19.5	15.5	4.0	15.5	0.0	15.5	
5.02734	-0.6	-306	19.5	15.5	4.0	15.5	0.0	15.5	
5.03125	-0.7	-307	19.5	15.5	4.0	15.5	0.0	15.5	
5.03516	-0.8	-307	19.5	15.5	4.0	15.5	0.0	15.5	
5.03906	-0.6	-307	19.6	15.5	4.1	15.5	0.0	15.5	
5.04297	-0.6	-307	19.6	15.6	4.0	15.6	0.0	15.6	
5.04688	-0.7	-307	19.5	15.6	3.9	15.6	0.0	15.6	
5.05078	-0.8	-307	19.5	15.6	3.9	15.6	0.0	15.6	
5.05469	-0.6	-307	19.5	15.6	3.9	15.6	0.0	15.6	
5.05859	-0.7	-307	19.5	15.5	4.0	15.5	0.0	15.5	
5.06250	-0.7	-307	19.4	15.5	3.9	15.5	0.0	15.5	
5.06641	-0.5	-307	19.5	15.6	3.9	15.6	0.0	15.6	
5.07031	-0.6	-307	19.4	15.6	3.8	15.6	0.0	15.6	
5.07422	-0.7	-307	19.4	15.5	3.9	15.5	0.0	15.5	
5.07812	-0.7	-307	19.4	15.5	3.9	15.5	0.0	15.5	
5.08203	-0.7	-307	19.5	15.5	4.0	15.5	0.0	15.5	
5.08594	-0.7	-307	19.4	15.5	3.9	15.5	0.0	15.5	
5.08984	-0.6	-307	19.4	15.5	3.9	15.5	0.0	15.5	
5.09375	-0.6	-307	19.4	15.5	3.9	15.5	0.0	15.5	
5.09766	-0.7	-307	19.3	15.6	3.7	15.6	0.0	15.6	
5.10156	-0.7	-307	19.3	15.6	3.7	15.6	0.0	15.6	
5.10547	-0.7	-307	19.3	15.5	3.8	15.5	0.0	15.5	
5.10938	-0.7	-307	19.3	15.5	3.8	15.5	0.0	15.5	
5.11328	-0.7	-307	19.2	15.5	3.7	15.5	0.0	15.5	
5.11719	-0.5	-307	19.3	15.5	3.8	15.5	0.0	15.5	
5.12109	-0.4	-307	19.2	15.5	3.7	15.5	0.0	15.5	
5.12500	-0.5	-308	19.1	15.5	3.6	15.5	0.0	15.5	
5.12891	-0.6	-308	19.2	15.5	3.7	15.5	0.0	15.5	
5.13281	-0.7	-308	19.2	15.5	3.7	15.5	0.0	15.5	
5.13672	-0.7	-308	19.2	15.5	3.7	15.5	0.0	15.5	
5.14062	-0.6	-308	19.1	15.5	3.6	15.5	0.0	15.5	
5.14453	-0.7	-308	19.1	15.5	3.6	15.5	0.0	15.5	
5.14844	-0.7	-308	19.1	15.5	3.6	15.5	0.0	15.5	
5.15234	-0.7	-308	19.1	15.5	3.6	15.5	0.0	15.5	
5.15625	-0.6	-308	19.0	15.5	3.5	15.5	0.0	15.5	
5.16016	-0.7	-308	19.0	15.4	3.6	15.4	0.0	15.4	
5.16406	-0.7	-308	19.0	15.4	3.6	15.4	0.0	15.4	
5.16797	-0.6	-308	19.0	15.4	3.6	15.4	0.0	15.4	
5.17188	-0.7	-308	19.0	15.4	3.6	15.4	0.0	15.4	
5.17578	-0.5	-308	19.0	15.4	3.6	15.4	0.0	15.4	
5.17969	-0.5	-308	19.0	15.3	3.7	15.3	0.0	15.3	
5.18359	-0.7	-308	18.9	15.4	3.5	15.4	0.0	15.4	
5.18750	-0.7	-308	19.0	15.3	3.7	15.3	0.0	15.3	
5.19141	-0.5	-308	19.0	15.3	3.7	15.3	0.0	15.3	
5.19531	-0.5	-308	18.9	15.4	3.5	15.4	0.0	15.4	
5.19922	-0.5	-308	18.8	15.3	3.5	15.3	0.0	15.3	
5.20312	-0.5	-308	18.9	15.3	3.6	15.3	0.0	15.3	
5.20703	-0.6	-308	18.8	15.4	3.4	15.4	0.0	15.4	
5.21094	-0.6	-308	18.8	15.3	3.5	15.3	0.0	15.3	
5.21484	-0.6	-308	18.8	15.4	3.4	15.4	0.0	15.4	
5.21875	-0.6	-308	18.8	15.4	3.4	15.4	0.0	15.4	
5.22266	-0.7	-309	18.8	15.3	3.5	15.3	0.0	15.3	
5.22656	-0.7	-309	18.7	15.3	3.4	15.3	0.0	15.3	
5.23047	-0.6	-309	18.7	15.3	3.4	15.3	0.0	15.3	
5.23438	-0.7	-309	18.8	15.2	3.6	15.2	0.0	15.2	
5.23828	-0.8	-309	18.8	15.3	3.5	15.3	0.0	15.3	
5.24219	-0.7	-309	18.8	15.3	3.5	15.3	0.0	15.3	
5.24609	-0.8	-309	18.7	15.3	3.4	15.3	0.0	15.3	
5.25000	-0.7	-309	18.7	15.3	3.4	15.3	0.0	15.3	
5.25391	-0.6	-309	18.8	15.3	3.5	15.3	0.0	15.3	
5.25781	-0.7	-309	18.7	15.2	3.5	15.2	0.0	15.2	
5.26172	-0.7	-309	18.7	15.2	3.5	15.2	0.0	15.2	
5.26562	-0.7	-309	18.8	15.2	3.6	15.2	0.0	15.2	
5.26953	-0.7	-309	18.7	15.3	3.4	15.3	0.0	15.3	
5.27344	-0.7	-309	18.7	15.3	3.4	15.3	0.0	15.3	
5.27734	-0.6	-309	18.8	15.2	3.6	15.2	0.0	15.2	
5.28125	-0.6	-309	18.8	15.3	3.5	15.3	0.0	15.3	
5.28516	-0.8	-309	18.7	15.3	3.4	15.3	0.0	15.3	
5.28906	-0.7	-309	18.7	15.3	3.4	15.3	0.0	15.3	
5.29297	-0.6	-309	18.7	15.3	3.4	15.3	0.0	15.3	
5.29688	-0.7	-309	18.7	15.2	3.5	15.2	0.0	15.2	
5.30078	-0.6	-309	18.7	15.2	3.5	15.2	0.0	15.2	
5.30469	-0.6	-309	18.7	15.2	3.5	15.2	0.0	15.2	
5.30859	-0.8	-310	18.7	15.3	3.4	15.3	0.0	15.3	
5.31250	-0.7	-310	18.7	15.3	3.4	15.3	0.0	15.3	
5.31641	-0.6	-310	18.7	15.2	3.5	15.2	0.0	15.2	
5.32031	-0.7	-310	18.7	15.2	3.5	15.2	0.0	15.2	
5.32422	-0.7	-310	18.7	15.3	3.4	15.3	0.0	15.3	
5.32812	-0.7	-310	18.7	15.3	3.4	15.3	0.0	15.3	
5.33203	-0.6	-310	18.7	15.2	3.5	15.2	0.0	15.2	
5.33594	-0.7	-310	18.7	15.2	3.5	15.2	0.0	15.2	
5.33984	-0.6	-310	18.7	15.3	3.4	15.3	0.0	15.3	
5.34375	-0.6	-310	18.7	15.2	3.5	15.2	0.0	15.2	
5.34766	-0.8	-310	18.7	15.2	3.5	15.2	0.0	15.2	
5.35156	-0.7	-310	18.7	15.3	3.4	15.3	0.0	15.3	
5.35547	-0.5	-310	18.7	15.3	3.4	15.3	0.0	15.3	
5.35938	-0.6	-310	18.7	15.3	3.4	15.3	0.0	15.3	
5.36328	-0.7	-310	18.7	15.3	3.4	15.3	0.0	15.3	
5.36719	-0.6	-310	18.8	15.3	3.5	15.3	0.0	15.3	
5.37109	-0.8	-310	18.7	15.2	3.5	15.2	0.0	15.2	
5.37500	-0.7	-310	18.7	15.2	3.5	15.2	0.0	15.2	
5.37891	-0.7	-310	18.7	15.3	3.4	15.3	0.0	15.3	
5.38281	-0.8	-310	18.7	15.3	3.4	15.3	0.0	15.3	
5.38672	-0.7	-310	18.7	15.3	3.4	15.3	0.0	15.3	
5.39062	-0.6	-310	18.8	15.3	3.5	15.3	0.0	15.3	
5.39453	-0.8	-310	18.7	15.3	3.4	15.3	0.0	15.3	
5.39844	-0.8	-311	18.7	15.3	3.4	15.3	0.0	15.3	
5.40234	-0.7	-311	18.7	15.3	3.4	15.3	0.0	15.3	
5.40625	-0.8	-311	18.7	15.3	3.4	15.3	0.0	15.3	
5.41016	-0.7	-311	18.7	15.3	3.4	15.3	0.0	15.3	
5.41406	-0.6	-311	18.7	15.3	3.4	15.3	0.0	15.3	
5.41797	-0.6	-311	18.7	15.3	3.4	15.3	0.0	15.3	
5.42188	-0.7	-311	18.7	15.3	3.4	15.3	0.0	15.3	
5.42578	-0.7	-311	18.7	15.2	3.5	15.2	0.0	15.2	
5.42969	-0.6	-311	18.7	15.2	3.5	15.2	0.0	15.2	
5.43359	-0.7	-311	18.7	15.2	3.5	15.2	0.0	15.2	
5.43750	-0.8	-311	18.7	15.2	3.5	15.2	0.0	15.2	
5.44141	-0.6	-311	18.7	15.2	3.5	15.2	0.0	15.2	
5.44531	-0.5	-311	18.6	15.2	3.4	15.2	0.0	15.2	
5.44922	-0.7	-311	18.7	15.2	3.5	15.2	0.0	15.2	
5.45312	-0.6	-311	18.7	15.2	3.5	15.2	0.0	15.2	
5.45703	-0.7	-311	18.6	15.2	3.4	15.2	0.0	15.2	
5.46094	-0.8	-311	18.6	15.2	3.4	15.2	0.0	15.2	
5.46484	-0.6	-311	18.7	15.2	3.5	15.2	0.0	15.2	
5.46875	-0.6	-311	18.7	15.1	3.6	15.1	0.0	15.1	
5.47266	-0.8	-311	18.6	15.1	3.5	15.1	0.0	15.1	
5.47656	-0.7	-311	18.6	15.2	3.4	15.2	0.0	15.2	
5.48047	-0.7	-311	18.7	15.2	3.5	15.2	0.0	15.2	
5.48438	-0.7	-312	18.7	15.2	3.5	15.2	0.0	15.2	
5.48828	-0.7	-312	18.7	15.2	3.5	15.2	0.0	15.2	
5.49219	-0.7	-312	18.7	15.1	3.6	15.1	0.0	15.1	
5.49609	-0.7	-312	18.7	15.1	3.6	15.1	0.0	15.1	
5.50000	-0.7	-312	18.7	15.1	3.6	15.1	0.0	15.1	
5.50391	-0.7	-312	18.8	15.2	3.6	15.2	0.0	15.2	
5.50781	-0.8	-312	18.7	15.2	3.5	15.2	0.0	15.2	
5.51172	-0.8	-312	18.7	15.2	3.5	15.2	0.0	15.2	
5.51562	-0.6	-312	18.8	15.2	3.6	15.2	0.0	15.2	
5.51953	-0.7	-312	18.8	15.2	3.6	15.2	0.0	15.2	
5.52344	-0.9	-312	18.8	15.2	3.6	15.2	0.0	15.2	
5.52734	-0.8	-312	18.9	15.2	3.7	15.2	0.0	15.2	
5.53125	-0.8	-312	18.8	15.1	3.7	15.1	0.0	15.1	
5.53516	-0.9	-312	18.8	15.2	3.6	15.2	0.0	15.2	
5.53906	-0.7	-312	18.9	15.2	3.7	15.2	0.0	15.2	
5.54297	-0.8	-312	18.9	15.2	3.7	15.2	0.0	15.2	
5.54688	-0.9	-312	18.9	15.2	3.7	15.2	0.0	15.2	
5.55078	-0.7	-312	18.9	15.2	3.7	15.2	0.0	15.2	
5.55469	-0.6	-312	18.9	15.2	3.7	15.2	0.0	15.2	
5.55859	-0.7	-312	18.8	15.1	3.7	15.1	0.0	15.1	
5.56250	-0.7	-312	18.9	15.1	3.8	15.1	0.0	15.1	
5.56641	-0.6	-313	18.9	15.1	3.8	15.1	0.0	15.1	
5.57031	-0.7	-313	18.9	15.2	3.7	15.2	0.0	15.2	
5.57422	-0.7	-313	18.9	15.2	3.7	15.2	0.0	15.2	
5.57812	-0.6	-313	18.8	15.1	3.7	15.1	0.0	15.1	
5.58203	-0.4	-313	18.8	15.1	3.7	15.1	0.0	15.1	
5.58594	-0.5	-313	18.7	15.1	3.6	15.1	0.0	15.1	
5.58984	-0.4	-313	18.7	15.1	3.6	15.1	0.0	15.1	
5.59375	-0.3	-313	18.6	15.1	3.5	15.1	0.0	15.1	
5.59766	-0.4	-313	18.5	15.1	3.4	15.1	0.0	15.1	
5.60156	-0.5	-313	18.5	15.1	3.4	15.1	0.0	15.1	
5.60547	-0.5	-313	18.5	15.1	3.4	15.1	0.0	15.1	
5.60938	-0.7	-313	18.5	15.1	3.4	15.1	0.0	15.1	
5.61328	-0.8	-313	18.5	15.0	3.5	15.0	0.0	15.0	
5.61719	-0.7	-313	18.5	15.0	3.5	15.0	0.0	15.0	
5.62109	-0.8	-313	18.5	15.0	3.5	15.0	0.0	15.0	
5.62500	-0.7	-313	18.4	14.9	3.5	14.9	0.0	14.9	
5.62891	-0.6	-313	18.4	15.0	3.4	15.0	0.0	15.0	
5.63281	-0.7	-313	18.4	15.0	3.4	15.0	0.0	15.0	
5.63672	-0.7	-313	18.5	15.0	3.5	15.0	0.0	15.0	
5.64062	-0.8	-313	18.5	15.0	3.5	15.0	0.0	15.0	
5.64453	-0.9	-313	18.5	15.0	3.5	15.0	0.0	15.0	
5.64844	-0.8	-313	18.6	15.0	3.6	15.0	0.0	15.0	
5.65234	-0.8	-313	18.6	15.0	3.6	15.0	0.0	15.0	
5.65625	-0.9	-313	18.6	15.1	3.5	15.1	0.0	15.1	
5.66016	-1.1	-314	18.6	15.0	3.6	15.0	0.0	15.0	
5.66406	-1.0	-314	18.7	15.0	3.7	15.0	0.0	15.0	
5.66797	-1.0	-314	18.7	15.1	3.6	15.1	0.0	15.1	
5.67188	-1.2	-314	18.8	15.1	3.7	15.1	0.0	15.1	
5.67578	-1.1	-314	18.9	15.1	3.8	15.1	0.0	15.1	
5.67969	-1.0	-314	18.9	15.1	3.8	15.1	0.0	15.1	
5.68359	-1.0	-314	18.9	15.1	3.8	15.1	0.0	15.1	
5.68750	-1.0	-314	18.9	15.1	3.8	15.1	0.0	15.1	
5.69141	-0.9	-314	19.0	15.2	3.8	15.2	0.0	15.2	
5.69531	-0.9	-314	19.0	15.2	3.8	15.2	0.0	15.2	
5.69922	-0.9	-314	19.1	15.2	3.9	15.2	0.0	15.2	
5.70312	-0.9	-314	19.1	15.2	3.9	15.2	0.0	15.2	
5.70703	-1.0	-314	19.1	15.2	3.9	15.2	0.0	15.2	
5.71094	-1.0	-314	19.2	15.2	4.0	15.2	0.0	15.2	
5.71484	-0.9	-314	19.1	15.3	3.8	15.3	0.0	15.3	
5.71875	-0.8	-315	19.3	15.3	4.0	15.3	0.0	15.3	
5.72266	-0.8	-315	19.2	15.3	3.9	15.3	0.0	15.3	
