FluxView - FluxMed acquisition system
Signal file
Serial Number	:
W version:	1.20h-OX-CO2	File version:	1.13
Sampling rate:	256 Hz
Time	Flow	Volume	Paw	Pes	Ptpulm	Pga	Ptdiaf	CO2	
0.00391	-3.7	1163	14.1	11.8	2.3	0.0	-11.8	0.0	
0.00781	-3.0	1163	14.1	11.8	2.3	0.0	-11.8	0.0	
0.01172	-2.2	1163	13.8	11.8	2.0	0.0	-11.8	0.0	
0.01562	-1.4	1163	13.9	11.8	2.1	0.0	-11.8	0.0	
0.01953	-0.9	1163	14.2	11.8	2.4	0.0	-11.8	0.0	
0.02344	0.4	1163	14.4	11.9	2.5	0.0	-11.9	0.0	
0.02734	0.7	1163	14.2	11.8	2.4	0.0	-11.8	0.0	
0.03125	-0.4	1163	14.0	11.8	2.2	0.0	-11.8	0.0	
0.03516	-0.5	1163	14.0	11.8	2.2	0.0	-11.8	0.0	
0.03906	-1.1	1163	14.1	11.8	2.3	0.0	-11.8	0.0	
0.04297	-1.3	1162	14.0	11.8	2.2	0.0	-11.8	0.0	
0.04688	-0.8	1162	14.0	11.8	2.2	0.0	-11.8	0.0	
0.05078	-0.3	1162	14.0	11.8	2.2	0.0	-11.8	0.0	
0.05469	0.4	1162	14.0	11.8	2.2	0.0	-11.8	0.0	
0.05859	-0.7	1162	14.0	11.7	2.3	0.0	-11.7	0.0	
0.06250	-1.4	1162	14.0	11.8	2.2	0.0	-11.8	0.0	
0.06641	-1.1	1162	14.0	11.8	2.2	0.0	-11.8	0.0	
0.07031	-1.7	1162	14.0	11.8	2.2	0.0	-11.8	0.0	
0.07422	-1.7	1162	14.0	11.8	2.2	0.0	-11.8	0.0	
0.07812	-1.1	1162	13.9	11.7	2.2	0.0	-11.7	0.0	
0.08203	-1.1	1162	13.9	11.7	2.2	0.0	-11.7	0.0	
0.08594	-1.0	1162	13.9	11.6	2.3	0.0	-11.6	0.0	
0.08984	-1.2	1162	13.9	11.6	2.3	0.0	-11.6	0.0	
0.09375	-1.1	1162	13.9	11.6	2.3	0.0	-11.6	0.0	
0.09766	-1.0	1162	13.9	11.6	2.3	0.0	-11.6	0.0	
0.10156	-1.2	1161	13.9	11.6	2.3	0.0	-11.6	0.0	
0.10547	-1.5	1161	13.9	11.5	2.4	0.0	-11.5	0.0	
0.10938	-1.6	1161	13.9	11.4	2.5	0.0	-11.4	0.0	
0.11328	-1.3	1161	13.9	11.4	2.5	0.0	-11.4	0.0	
0.11719	-1.3	1161	14.0	11.5	2.5	0.0	-11.5	0.0	
0.12109	-1.3	1161	14.0	11.4	2.6	0.0	-11.4	0.0	
0.12500	-0.8	1161	14.0	11.4	2.6	0.0	-11.4	0.0	
0.12891	-1.2	1161	14.1	11.3	2.8	0.0	-11.3	0.0	
0.13281	-1.1	1161	14.0	11.3	2.7	0.0	-11.3	0.0	
0.13672	-0.9	1161	14.1	11.3	2.8	0.0	-11.3	0.0	
0.14062	-1.5	1161	14.2	11.3	2.9	0.0	-11.3	0.0	
0.14453	-1.4	1161	14.0	11.2	2.8	0.0	-11.2	0.0	
0.14844	-1.4	1160	14.1	11.2	2.9	0.0	-11.2	0.0	
0.15234	-1.4	1160	14.3	11.3	3.0	0.0	-11.3	0.0	
0.15625	-0.7	1160	14.2	11.2	3.0	0.0	-11.2	0.0	
0.16016	-0.6	1160	14.3	11.2	3.1	0.0	-11.2	0.0	
0.16406	-0.8	1160	14.3	11.2	3.1	0.0	-11.2	0.0	
0.16797	-1.2	1160	14.3	11.2	3.1	0.0	-11.2	0.0	
0.17188	-1.4	1160	14.4	11.1	3.3	0.0	-11.1	0.0	
0.17578	-1.3	1160	14.4	11.1	3.3	0.0	-11.1	0.0	
0.17969	-1.1	1160	14.4	11.1	3.3	0.0	-11.1	0.0	
0.18359	-0.9	1160	14.4	11.1	3.3	0.0	-11.1	0.0	
0.18750	-0.7	1160	14.4	11.1	3.3	0.0	-11.1	0.0	
0.19141	-0.8	1160	14.4	11.1	3.3	0.0	-11.1	0.0	
0.19531	-1.0	1160	14.4	11.1	3.3	0.0	-11.1	0.0	
0.19922	-1.0	1160	14.5	11.1	3.4	0.0	-11.1	0.0	
0.20312	-1.0	1160	14.5	11.1	3.4	0.0	-11.1	0.0	
0.20703	-1.1	1160	14.5	11.1	3.4	0.0	-11.1	0.0	
0.21094	-1.0	1159	14.5	11.1	3.4	0.0	-11.1	0.0	
0.21484	-1.0	1159	14.5	11.0	3.5	0.0	-11.0	0.0	
0.21875	-0.9	1159	14.5	11.0	3.5	0.0	-11.0	0.0	
0.22266	-1.0	1159	14.5	11.1	3.4	0.0	-11.1	0.0	
0.22656	-1.2	1159	14.5	11.1	3.4	0.0	-11.1	0.0	
0.23047	-1.2	1159	14.4	11.1	3.3	0.0	-11.1	0.0	
0.23438	-1.2	1159	14.5	11.1	3.4	0.0	-11.1	0.0	
0.23828	-1.2	1159	14.5	11.1	3.4	0.0	-11.1	0.0	
0.24219	-1.2	1159	14.5	11.2	3.3	0.0	-11.2	0.0	
0.24609	-1.2	1159	14.5	11.2	3.3	0.0	-11.2	0.0	
0.25000	-1.0	1159	14.5	11.2	3.3	0.0	-11.2	0.0	
0.25391	-1.0	1159	14.5	11.2	3.3	0.0	-11.2	0.0	
0.25781	-1.3	1159	14.5	11.2	3.3	0.0	-11.2	0.0	
0.26172	-1.2	1158	14.5	11.3	3.2	0.0	-11.3	0.0	
0.26562	-1.0	1158	14.6	11.3	3.3	0.0	-11.3	0.0	
0.26953	-1.1	1158	14.6	11.3	3.3	0.0	-11.3	0.0	
0.27344	-0.9	1158	14.5	11.3	3.2	0.0	-11.3	0.0	
0.27734	-0.6	1158	14.5	11.3	3.2	0.0	-11.3	0.0	
0.28125	-0.8	1158	14.5	11.3	3.2	0.0	-11.3	0.0	
0.28516	-0.8	1158	14.4	11.4	3.0	0.0	-11.4	0.0	
0.28906	-0.7	1158	14.5	11.4	3.1	0.0	-11.4	0.0	
0.29297	-0.7	1158	14.4	11.4	3.0	0.0	-11.4	0.0	
0.29688	-0.6	1158	14.4	11.4	3.0	0.0	-11.4	0.0	
0.30078	-0.5	1158	14.4	11.3	3.1	0.0	-11.3	0.0	
0.30469	-0.4	1158	14.3	11.4	2.9	0.0	-11.4	0.0	
0.30859	-0.2	1158	14.3	11.4	2.9	0.0	-11.4	0.0	
0.31250	-0.3	1158	14.3	11.4	2.9	0.0	-11.4	0.0	
0.31641	-0.5	1158	14.3	11.5	2.8	0.0	-11.5	0.0	
0.32031	-0.5	1158	14.3	11.4	2.9	0.0	-11.4	0.0	
0.32422	-0.6	1158	14.2	11.4	2.8	0.0	-11.4	0.0	
0.32812	-0.8	1158	14.1	11.4	2.7	0.0	-11.4	0.0	
0.33203	-0.8	1158	14.2	11.4	2.8	0.0	-11.4	0.0	
0.33594	-0.8	1158	14.2	11.4	2.8	0.0	-11.4	0.0	
0.33984	-0.8	1158	14.1	11.4	2.7	0.0	-11.4	0.0	
0.34375	-0.7	1158	14.1	11.5	2.6	0.0	-11.5	0.0	
0.34766	-0.6	1158	14.1	11.5	2.6	0.0	-11.5	0.0	
0.35156	-0.9	1157	14.1	11.5	2.6	0.0	-11.5	0.0	
0.35547	-1.2	1157	14.1	11.5	2.6	0.0	-11.5	0.0	
0.35938	-1.1	1157	14.1	11.5	2.6	0.0	-11.5	0.0	
0.36328	-1.0	1157	14.1	11.5	2.6	0.0	-11.5	0.0	
0.36719	-1.2	1157	14.2	11.5	2.7	0.0	-11.5	0.0	
0.37109	-1.4	1157	14.1	11.5	2.6	0.0	-11.5	0.0	
0.37500	-1.3	1157	14.1	11.5	2.6	0.0	-11.5	0.0	
0.37891	-1.3	1157	14.2	11.5	2.7	0.0	-11.5	0.0	
0.38281	-1.4	1157	14.2	11.5	2.7	0.0	-11.5	0.0	
0.38672	-1.4	1157	14.2	11.5	2.7	0.0	-11.5	0.0	
0.39062	-1.4	1157	14.3	11.5	2.8	0.0	-11.5	0.0	
0.39453	-1.4	1157	14.4	11.6	2.8	0.0	-11.6	0.0	
0.39844	-1.3	1156	14.3	11.6	2.7	0.0	-11.6	0.0	
0.40234	-1.2	1156	14.4	11.6	2.8	0.0	-11.6	0.0	
0.40625	-1.1	1156	14.4	11.5	2.9	0.0	-11.5	0.0	
0.41016	-1.1	1156	14.4	11.6	2.8	0.0	-11.6	0.0	
0.41406	-1.0	1156	14.5	11.6	2.9	0.0	-11.6	0.0	
0.41797	-1.0	1156	14.5	11.6	2.9	0.0	-11.6	0.0	
0.42188	-1.0	1156	14.5	11.7	2.8	0.0	-11.7	0.0	
0.42578	-0.9	1156	14.5	11.7	2.8	0.0	-11.7	0.0	
0.42969	-1.0	1156	14.5	11.6	2.9	0.0	-11.6	0.0	
0.43359	-1.0	1156	14.5	11.6	2.9	0.0	-11.6	0.0	
0.43750	-0.8	1156	14.4	11.7	2.7	0.0	-11.7	0.0	
0.44141	-0.8	1156	14.4	11.7	2.7	0.0	-11.7	0.0	
0.44531	-0.7	1156	14.4	11.7	2.7	0.0	-11.7	0.0	
0.44922	-0.6	1156	14.4	11.7	2.7	0.0	-11.7	0.0	
0.45312	-0.5	1156	14.4	11.7	2.7	0.0	-11.7	0.0	
0.45703	-0.4	1156	14.4	11.7	2.7	0.0	-11.7	0.0	
0.46094	-0.6	1156	14.1	11.7	2.4	0.0	-11.7	0.0	
0.46484	-0.8	1156	14.1	11.8	2.3	0.0	-11.8	0.0	
0.46875	-0.8	1155	14.3	11.7	2.6	0.0	-11.7	0.0	
0.47266	-0.7	1155	14.4	11.7	2.7	0.0	-11.7	0.0	
0.47656	-0.8	1155	14.2	11.7	2.5	0.0	-11.7	0.0	
0.48047	-0.9	1155	14.0	11.7	2.3	0.0	-11.7	0.0	
0.48438	-1.0	1155	13.9	11.7	2.2	0.0	-11.7	0.0	
0.48828	-1.1	1155	14.1	11.7	2.4	0.0	-11.7	0.0	
0.49219	-1.1	1155	14.2	11.7	2.5	0.0	-11.7	0.0	
0.49609	-1.0	1155	14.1	11.7	2.4	0.0	-11.7	0.0	
0.50000	-0.9	1155	14.0	11.7	2.3	0.0	-11.7	0.0	
0.50391	-1.0	1155	14.1	11.7	2.4	0.0	-11.7	0.0	
0.50781	-1.1	1155	14.1	11.7	2.4	0.0	-11.7	0.0	
0.51172	-1.0	1155	14.1	11.7	2.4	0.0	-11.7	0.0	
0.51562	-1.0	1155	14.1	11.7	2.4	0.0	-11.7	0.0	
0.51953	-1.0	1155	14.1	11.7	2.4	0.0	-11.7	0.0	
0.52344	-1.0	1155	14.1	11.7	2.4	0.0	-11.7	0.0	
0.52734	-1.0	1155	14.2	11.7	2.5	0.0	-11.7	0.0	
0.53125	-0.9	1154	14.1	11.7	2.4	0.0	-11.7	0.0	
0.53516	-1.1	1154	14.1	11.7	2.4	0.0	-11.7	0.0	
0.53906	-1.2	1154	14.1	11.7	2.4	0.0	-11.7	0.0	
0.54297	-1.0	1154	14.2	11.7	2.5	0.0	-11.7	0.0	
0.54688	-1.0	1154	14.2	11.8	2.4	0.0	-11.8	0.0	
0.55078	-1.2	1154	14.2	11.8	2.4	0.0	-11.8	0.0	
0.55469	-1.2	1154	14.2	11.8	2.4	0.0	-11.8	0.0	
0.55859	-1.1	1154	14.2	11.8	2.4	0.0	-11.8	0.0	
0.56250	-1.2	1154	14.3	11.7	2.6	0.0	-11.7	0.0	
0.56641	-1.1	1154	14.3	11.7	2.6	0.0	-11.7	0.0	
0.57031	-1.1	1154	14.3	11.7	2.6	0.0	-11.7	0.0	
0.57422	-1.3	1154	14.2	11.7	2.5	0.0	-11.7	0.0	
0.57812	-1.3	1154	14.3	11.7	2.6	0.0	-11.7	0.0	
0.58203	-1.1	1154	14.3	11.8	2.5	0.0	-11.8	0.0	
0.58594	-1.2	1153	14.3	11.8	2.5	0.0	-11.8	0.0	
0.58984	-1.2	1153	14.3	11.8	2.5	0.0	-11.8	0.0	
0.59375	-1.2	1153	14.3	11.8	2.5	0.0	-11.8	0.0	
0.59766	-1.3	1153	14.3	11.8	2.5	0.0	-11.8	0.0	
0.60156	-1.3	1153	14.3	11.8	2.5	0.0	-11.8	0.0	
0.60547	-1.3	1153	14.3	11.8	2.5	0.0	-11.8	0.0	
0.60938	-1.3	1153	14.4	11.8	2.6	0.0	-11.8	0.0	
0.61328	-1.4	1153	14.4	11.8	2.6	0.0	-11.8	0.0	
0.61719	-1.3	1153	14.4	11.8	2.6	0.0	-11.8	0.0	
0.62109	-1.2	1153	14.4	11.8	2.6	0.0	-11.8	0.0	
0.62500	-1.3	1153	14.4	11.8	2.6	0.0	-11.8	0.0	
0.62891	-1.2	1153	14.4	11.7	2.7	0.0	-11.7	0.0	
0.63281	-1.1	1152	14.5	11.8	2.7	0.0	-11.8	0.0	
0.63672	-1.2	1152	14.5	11.8	2.7	0.0	-11.8	0.0	
0.64062	-1.1	1152	14.5	11.8	2.7	0.0	-11.8	0.0	
0.64453	-1.1	1152	14.5	11.8	2.7	0.0	-11.8	0.0	
0.64844	-1.2	1152	14.6	11.8	2.8	0.0	-11.8	0.0	
0.65234	-1.2	1152	14.6	11.8	2.8	0.0	-11.8	0.0	
0.65625	-1.1	1152	14.6	11.8	2.8	0.0	-11.8	0.0	
0.66016	-1.2	1152	14.6	11.8	2.8	0.0	-11.8	0.0	
0.66406	-1.2	1152	14.6	11.8	2.8	0.0	-11.8	0.0	
0.66797	-1.0	1152	14.6	11.8	2.8	0.0	-11.8	0.0	
0.67188	-0.9	1152	14.6	11.8	2.8	0.0	-11.8	0.0	
0.67578	-0.9	1152	14.6	11.8	2.8	0.0	-11.8	0.0	
0.67969	-0.9	1152	14.6	11.8	2.8	0.0	-11.8	0.0	
0.68359	-0.9	1152	14.6	11.8	2.8	0.0	-11.8	0.0	
0.68750	-0.8	1151	14.6	11.8	2.8	0.0	-11.8	0.0	
0.69141	-0.8	1151	14.6	11.8	2.8	0.0	-11.8	0.0	
0.69531	-1.0	1151	14.6	11.8	2.8	0.0	-11.8	0.0	
0.69922	-0.9	1151	14.6	11.8	2.8	0.0	-11.8	0.0	
0.70312	-1.0	1151	14.6	11.8	2.8	0.0	-11.8	0.0	
0.70703	-1.1	1151	14.6	11.8	2.8	0.0	-11.8	0.0	
0.71094	-1.0	1151	14.6	11.8	2.8	0.0	-11.8	0.0	
0.71484	-1.0	1151	14.6	11.8	2.8	0.0	-11.8	0.0	
0.71875	-1.1	1151	14.6	11.8	2.8	0.0	-11.8	0.0	
0.72266	-1.0	1151	14.6	11.9	2.7	0.0	-11.9	0.0	
0.72656	-0.9	1151	14.6	11.8	2.8	0.0	-11.8	0.0	
0.73047	-0.9	1151	14.5	11.8	2.7	0.0	-11.8	0.0	
0.73438	-0.9	1151	14.6	11.8	2.8	0.0	-11.8	0.0	
0.73828	-0.9	1151	14.6	11.8	2.8	0.0	-11.8	0.0	
0.74219	-1.0	1151	14.5	11.7	2.8	0.0	-11.7	0.0	
0.74609	-1.0	1151	14.5	11.7	2.8	0.0	-11.7	0.0	
0.75000	-0.8	1150	14.4	11.6	2.8	0.0	-11.6	0.0	
0.75391	-0.8	1150	14.5	11.6	2.9	0.0	-11.6	0.0	
0.75781	-0.8	1150	14.5	11.6	2.9	0.0	-11.6	0.0	
0.76172	-0.7	1150	14.4	11.6	2.8	0.0	-11.6	0.0	
0.76562	-0.8	1150	14.4	11.5	2.9	0.0	-11.5	0.0	
0.76953	-0.9	1150	14.4	11.4	3.0	0.0	-11.4	0.0	
0.77344	-0.9	1150	14.4	11.5	2.9	0.0	-11.5	0.0	
0.77734	-1.0	1150	14.4	11.4	3.0	0.0	-11.4	0.0	
0.78125	-1.1	1150	14.3	11.4	2.9	0.0	-11.4	0.0	
0.78516	-1.1	1150	14.4	11.4	3.0	0.0	-11.4	0.0	
0.78906	-1.0	1150	14.4	11.3	3.1	0.0	-11.3	0.0	
0.79297	-1.2	1150	14.4	11.3	3.1	0.0	-11.3	0.0	
0.79688	-1.2	1150	14.4	11.3	3.1	0.0	-11.3	0.0	
0.80078	-1.0	1150	14.4	11.3	3.1	0.0	-11.3	0.0	
0.80469	-1.0	1150	14.4	11.2	3.2	0.0	-11.2	0.0	
0.80859	-1.2	1150	14.4	11.2	3.2	0.0	-11.2	0.0	
0.81250	-1.1	1149	14.5	11.2	3.3	0.0	-11.2	0.0	
0.81641	-1.2	1149	14.5	11.2	3.3	0.0	-11.2	0.0	
0.82031	-1.3	1149	14.5	11.1	3.4	0.0	-11.1	0.0	
0.82422	-1.1	1149	14.5	11.2	3.3	0.0	-11.2	0.0	
0.82812	-1.1	1149	14.5	11.1	3.4	0.0	-11.1	0.0	
0.83203	-1.2	1149	14.5	11.0	3.5	0.0	-11.0	0.0	
0.83594	-1.1	1149	14.6	11.0	3.6	0.0	-11.0	0.0	
0.83984	-0.9	1149	14.6	11.0	3.6	0.0	-11.0	0.0	
0.84375	-1.0	1149	14.6	11.0	3.6	0.0	-11.0	0.0	
0.84766	-1.1	1149	14.6	11.0	3.6	0.0	-11.0	0.0	
0.85156	-1.1	1149	14.6	11.0	3.6	0.0	-11.0	0.0	
0.85547	-1.0	1149	14.6	11.0	3.6	0.0	-11.0	0.0	
0.85938	-1.1	1149	14.6	11.0	3.6	0.0	-11.0	0.0	
0.86328	-1.0	1149	14.7	11.0	3.7	0.0	-11.0	0.0	
0.86719	-1.0	1148	14.6	10.9	3.7	0.0	-10.9	0.0	
0.87109	-1.0	1148	14.6	10.9	3.7	0.0	-10.9	0.0	
0.87500	-0.9	1148	14.6	11.0	3.6	0.0	-11.0	0.0	
0.87891	-1.1	1148	14.6	11.0	3.6	0.0	-11.0	0.0	
0.88281	-1.2	1148	14.6	10.9	3.7	0.0	-10.9	0.0	
0.88672	-0.9	1148	14.7	11.0	3.7	0.0	-11.0	0.0	
0.89062	-0.9	1148	14.7	11.0	3.7	0.0	-11.0	0.0	
0.89453	-0.9	1148	14.6	11.0	3.6	0.0	-11.0	0.0	
0.89844	-1.0	1148	14.6	11.0	3.6	0.0	-11.0	0.0	
0.90234	-1.0	1148	14.6	11.0	3.6	0.0	-11.0	0.0	
0.90625	-1.0	1148	14.6	11.0	3.6	0.0	-11.0	0.0	
0.91016	-1.0	1148	14.6	11.0	3.6	0.0	-11.0	0.0	
0.91406	-1.0	1148	14.6	11.0	3.6	0.0	-11.0	0.0	
0.91797	-1.0	1148	14.6	11.1	3.5	0.0	-11.1	0.0	
0.92188	-1.0	1148	14.6	11.1	3.5	0.0	-11.1	0.0	
0.92578	-0.9	1148	14.6	11.1	3.5	0.0	-11.1	0.0	
0.92969	-1.0	1147	14.6	11.1	3.5	0.0	-11.1	0.0	
0.93359	-1.1	1147	14.6	11.0	3.6	0.0	-11.0	0.0	
0.93750	-1.0	1147	14.6	11.1	3.5	0.0	-11.1	0.0	
0.94141	-0.8	1147	14.6	11.2	3.4	0.0	-11.2	0.0	
0.94531	-0.9	1147	14.6	11.1	3.5	0.0	-11.1	0.0	
0.94922	-0.9	1147	14.6	11.1	3.5	0.0	-11.1	0.0	
0.95312	-0.9	1147	14.5	11.2	3.3	0.0	-11.2	0.0	
0.95703	-0.9	1147	14.6	11.1	3.5	0.0	-11.1	0.0	
0.96094	-0.8	1147	14.5	11.2	3.3	0.0	-11.2	0.0	
0.96484	-0.7	1147	14.5	11.2	3.3	0.0	-11.2	0.0	
0.96875	-0.6	1147	14.5	11.1	3.4	0.0	-11.1	0.0	
0.97266	-0.5	1147	14.4	11.2	3.2	0.0	-11.2	0.0	
0.97656	-0.6	1147	14.4	11.2	3.2	0.0	-11.2	0.0	
0.98047	-0.8	1147	14.4	11.2	3.2	0.0	-11.2	0.0	
0.98438	-0.8	1147	14.3	11.2	3.1	0.0	-11.2	0.0	
0.98828	-0.8	1147	14.3	11.2	3.1	0.0	-11.2	0.0	
0.99219	-0.9	1147	14.3	11.2	3.1	0.0	-11.2	0.0	
0.99609	-1.0	1147	14.3	11.2	3.1	0.0	-11.2	0.0	
1.00000	-1.0	1146	14.3	11.2	3.1	0.0	-11.2	0.0	
1.00391	-1.1	1146	14.3	11.2	3.1	0.0	-11.2	0.0	
1.00781	-1.1	1146	14.3	11.2	3.1	0.0	-11.2	0.0	
1.01172	-0.9	1146	14.3	11.2	3.1	0.0	-11.2	0.0	
1.01562	-0.9	1146	14.4	11.3	3.1	0.0	-11.3	0.0	
1.01953	-1.1	1146	14.3	11.3	3.0	0.0	-11.3	0.0	
1.02344	-1.1	1146	14.4	11.3	3.1	0.0	-11.3	0.0	
1.02734	-1.1	1146	14.4	11.3	3.1	0.0	-11.3	0.0	
1.03125	-1.3	1146	14.3	11.3	3.0	0.0	-11.3	0.0	
1.03516	-1.4	1146	14.4	11.3	3.1	0.0	-11.3	0.0	
1.03906	-1.2	1146	14.5	11.3	3.2	0.0	-11.3	0.0	
1.04297	-1.3	1146	14.5	11.4	3.1	0.0	-11.4	0.0	
1.04688	-1.3	1146	14.5	11.4	3.1	0.0	-11.4	0.0	
1.05078	-1.1	1145	14.5	11.4	3.1	0.0	-11.4	0.0	
1.05469	-1.0	1145	14.5	11.4	3.1	0.0	-11.4	0.0	
1.05859	-0.9	1145	14.5	11.4	3.1	0.0	-11.4	0.0	
1.06250	-0.8	1145	14.5	11.4	3.1	0.0	-11.4	0.0	
1.06641	-0.9	1145	14.5	11.4	3.1	0.0	-11.4	0.0	
1.07031	-0.9	1145	14.5	11.5	3.0	0.0	-11.5	0.0	
1.07422	-0.9	1145	14.5	11.4	3.1	0.0	-11.4	0.0	
1.07812	-0.9	1145	14.6	11.4	3.2	0.0	-11.4	0.0	
1.08203	-0.9	1145	14.6	11.5	3.1	0.0	-11.5	0.0	
1.08594	-1.0	1145	14.5	11.5	3.0	0.0	-11.5	0.0	
1.08984	-0.9	1145	14.5	11.5	3.0	0.0	-11.5	0.0	
1.09375	-0.8	1145	14.5	11.5	3.0	0.0	-11.5	0.0	
1.09766	-0.8	1145	14.5	11.5	3.0	0.0	-11.5	0.0	
1.10156	-0.8	1145	14.5	11.5	3.0	0.0	-11.5	0.0	
1.10547	-0.8	1145	14.5	11.5	3.0	0.0	-11.5	0.0	
1.10938	-0.8	1145	14.4	11.5	2.9	0.0	-11.5	0.0	
1.11328	-0.8	1145	14.4	11.5	2.9	0.0	-11.5	0.0	
1.11719	-0.9	1145	14.4	11.5	2.9	0.0	-11.5	0.0	
1.12109	-0.9	1144	14.4	11.5	2.9	0.0	-11.5	0.0	
1.12500	-0.8	1144	14.4	11.5	2.9	0.0	-11.5	0.0	
1.12891	-0.9	1144	14.3	11.5	2.8	0.0	-11.5	0.0	
1.13281	-1.0	1144	14.3	11.5	2.8	0.0	-11.5	0.0	
1.13672	-0.9	1144	14.3	11.5	2.8	0.0	-11.5	0.0	
1.14062	-1.0	1144	14.3	11.5	2.8	0.0	-11.5	0.0	
1.14453	-1.0	1144	14.3	11.6	2.7	0.0	-11.6	0.0	
1.14844	-1.0	1144	14.3	11.5	2.8	0.0	-11.5	0.0	
1.15234	-1.0	1144	14.3	11.5	2.8	0.0	-11.5	0.0	
1.15625	-1.0	1144	14.3	11.6	2.7	0.0	-11.6	0.0	
1.16016	-1.1	1144	14.3	11.5	2.8	0.0	-11.5	0.0	
1.16406	-1.0	1144	14.2	11.6	2.6	0.0	-11.6	0.0	
1.16797	-1.0	1144	14.2	11.6	2.6	0.0	-11.6	0.0	
1.17188	-1.2	1144	14.2	11.6	2.6	0.0	-11.6	0.0	
1.17578	-1.2	1144	14.3	11.6	2.7	0.0	-11.6	0.0	
1.17969	-1.0	1143	14.3	11.6	2.7	0.0	-11.6	0.0	
1.18359	-1.2	1143	14.3	11.6	2.7	0.0	-11.6	0.0	
1.18750	-1.2	1143	14.3	11.6	2.7	0.0	-11.6	0.0	
1.19141	-1.0	1143	14.3	11.6	2.7	0.0	-11.6	0.0	
1.19531	-1.0	1143	14.3	11.6	2.7	0.0	-11.6	0.0	
1.19922	-1.1	1143	14.3	11.6	2.7	0.0	-11.6	0.0	
1.20312	-1.2	1143	14.4	11.6	2.8	0.0	-11.6	0.0	
1.20703	-1.2	1143	14.4	11.6	2.8	0.0	-11.6	0.0	
1.21094	-1.1	1143	14.4	11.6	2.8	0.0	-11.6	0.0	
1.21484	-1.2	1143	14.4	11.6	2.8	0.0	-11.6	0.0	
1.21875	-1.3	1143	14.5	11.6	2.9	0.0	-11.6	0.0	
1.22266	-1.3	1143	14.5	11.6	2.9	0.0	-11.6	0.0	
1.22656	-1.1	1143	14.5	11.7	2.8	0.0	-11.7	0.0	
1.23047	-1.1	1143	14.5	11.6	2.9	0.0	-11.6	0.0	
1.23438	-1.1	1142	14.5	11.6	2.9	0.0	-11.6	0.0	
1.23828	-1.0	1142	14.6	11.6	3.0	0.0	-11.6	0.0	
1.24219	-1.1	1142	14.5	11.7	2.8	0.0	-11.7	0.0	
1.24609	-1.1	1142	14.5	11.7	2.8	0.0	-11.7	0.0	
1.25000	-1.1	1142	14.6	11.6	3.0	0.0	-11.6	0.0	
1.25391	-1.0	1142	14.6	11.6	3.0	0.0	-11.6	0.0	
1.25781	-1.0	1142	14.6	11.7	2.9	0.0	-11.7	0.0	
1.26172	-1.2	1142	14.6	11.7	2.9	0.0	-11.7	0.0	
1.26562	-1.1	1142	14.6	11.7	2.9	0.0	-11.7	0.0	
1.26953	-1.0	1142	14.7	11.7	3.0	0.0	-11.7	0.0	
1.27344	-1.0	1142	14.7	11.7	3.0	0.0	-11.7	0.0	
1.27734	-1.1	1142	14.6	11.8	2.8	0.0	-11.8	0.0	
1.28125	-1.1	1142	14.7	11.7	3.0	0.0	-11.7	0.0	
1.28516	-1.1	1142	14.7	11.7	3.0	0.0	-11.7	0.0	
1.28906	-1.1	1141	14.7	11.8	2.9	0.0	-11.8	0.0	
1.29297	-1.1	1141	14.7	11.7	3.0	0.0	-11.7	0.0	
1.29688	-1.1	1141	14.8	11.7	3.1	0.0	-11.7	0.0	
1.30078	-1.0	1141	14.8	11.7	3.1	0.0	-11.7	0.0	
1.30469	-1.1	1141	14.8	11.7	3.1	0.0	-11.7	0.0	
1.30859	-1.2	1141	14.7	11.7	3.0	0.0	-11.7	0.0	
1.31250	-1.0	1141	14.8	11.8	3.0	0.0	-11.8	0.0	
1.31641	-0.9	1141	14.8	11.7	3.1	0.0	-11.7	0.0	
1.32031	-1.0	1141	14.8	11.7	3.1	0.0	-11.7	0.0	
1.32422	-1.0	1141	14.8	11.7	3.1	0.0	-11.7	0.0	
1.32812	-1.0	1141	14.7	11.7	3.0	0.0	-11.7	0.0	
1.33203	-1.1	1141	14.7	11.7	3.0	0.0	-11.7	0.0	
1.33594	-0.9	1141	14.8	11.7	3.1	0.0	-11.7	0.0	
1.33984	-0.8	1141	14.8	11.7	3.1	0.0	-11.7	0.0	
1.34375	-0.9	1141	14.7	11.7	3.0	0.0	-11.7	0.0	
1.34766	-0.9	1140	14.7	11.7	3.0	0.0	-11.7	0.0	
1.35156	-0.9	1140	14.7	11.7	3.0	0.0	-11.7	0.0	
1.35547	-1.0	1140	14.7	11.7	3.0	0.0	-11.7	0.0	
1.35938	-1.0	1140	14.7	11.7	3.0	0.0	-11.7	0.0	
1.36328	-0.9	1140	14.7	11.7	3.0	0.0	-11.7	0.0	
1.36719	-0.9	1140	14.7	11.8	2.9	0.0	-11.8	0.0	
1.37109	-1.0	1140	14.7	11.8	2.9	0.0	-11.8	0.0	
1.37500	-1.0	1140	14.8	11.7	3.1	0.0	-11.7	0.0	
1.37891	-1.0	1140	14.7	11.8	2.9	0.0	-11.8	0.0	
1.38281	-1.1	1140	14.7	11.7	3.0	0.0	-11.7	0.0	
1.38672	-1.0	1140	14.7	11.7	3.0	0.0	-11.7	0.0	
1.39062	-0.9	1140	14.7	11.8	2.9	0.0	-11.8	0.0	
1.39453	-1.1	1140	14.7	11.7	3.0	0.0	-11.7	0.0	
1.39844	-1.0	1140	14.8	11.7	3.1	0.0	-11.7	0.0	
1.40234	-0.9	1140	14.7	11.7	3.0	0.0	-11.7	0.0	
1.40625	-1.0	1140	14.7	11.7	3.0	0.0	-11.7	0.0	
1.41016	-0.8	1139	14.7	11.6	3.1	0.0	-11.6	0.0	
1.41406	-0.7	1139	14.7	11.6	3.1	0.0	-11.6	0.0	
1.41797	-0.8	1139	14.7	11.5	3.2	0.0	-11.5	0.0	
1.42188	-0.9	1139	14.7	11.5	3.2	0.0	-11.5	0.0	
1.42578	-0.8	1139	14.7	11.5	3.2	0.0	-11.5	0.0	
1.42969	-0.8	1139	14.6	11.5	3.1	0.0	-11.5	0.0	
1.43359	-0.9	1139	14.6	11.4	3.2	0.0	-11.4	0.0	
1.43750	-0.8	1139	14.6	11.4	3.2	0.0	-11.4	0.0	
1.44141	-0.9	1139	14.6	11.4	3.2	0.0	-11.4	0.0	
1.44531	-1.0	1139	14.6	11.3	3.3	0.0	-11.3	0.0	
1.44922	-1.0	1139	14.6	11.3	3.3	0.0	-11.3	0.0	
1.45312	-1.1	1139	14.7	11.3	3.4	0.0	-11.3	0.0	
1.45703	-1.2	1139	14.7	11.2	3.5	0.0	-11.2	0.0	
1.46094	-1.1	1139	14.7	11.3	3.4	0.0	-11.3	0.0	
1.46484	-1.1	1139	14.7	11.2	3.5	0.0	-11.2	0.0	
1.46875	-1.2	1139	14.7	11.2	3.5	0.0	-11.2	0.0	
1.47266	-1.3	1138	14.7	11.2	3.5	0.0	-11.2	0.0	
1.47656	-1.5	1138	14.8	11.2	3.6	0.0	-11.2	0.0	
1.48047	-1.6	1138	14.9	11.2	3.7	0.0	-11.2	0.0	
1.48438	-1.5	1138	14.9	11.1	3.8	0.0	-11.1	0.0	
1.48828	-1.4	1138	14.9	11.1	3.8	0.0	-11.1	0.0	
1.49219	-1.5	1138	14.9	11.1	3.8	0.0	-11.1	0.0	
1.49609	-1.3	1138	15.0	11.1	3.9	0.0	-11.1	0.0	
1.50000	-1.2	1138	15.0	11.1	3.9	0.0	-11.1	0.0	
1.50391	-1.1	1138	15.0	11.1	3.9	0.0	-11.1	0.0	
1.50781	-1.3	1138	15.0	11.1	3.9	0.0	-11.1	0.0	
1.51172	-1.2	1138	15.0	11.1	3.9	0.0	-11.1	0.0	
1.51562	-1.0	1138	15.0	11.0	4.0	0.0	-11.0	0.0	
1.51953	-1.0	1137	15.0	11.0	4.0	0.0	-11.0	0.0	
1.52344	-1.0	1137	15.0	11.0	4.0	0.0	-11.0	0.0	
1.52734	-0.9	1137	15.0	11.0	4.0	0.0	-11.0	0.0	
1.53125	-0.9	1137	15.0	11.0	4.0	0.0	-11.0	0.0	
1.53516	-0.9	1137	15.0	11.0	4.0	0.0	-11.0	0.0	
1.53906	-1.0	1137	15.1	11.0	4.1	0.0	-11.0	0.0	
1.54297	-1.0	1137	15.1	11.0	4.1	0.0	-11.0	0.0	
1.54688	-0.9	1137	15.0	11.0	4.0	0.0	-11.0	0.0	
1.55078	-1.1	1137	15.0	11.0	4.0	0.0	-11.0	0.0	
1.55469	-0.9	1137	15.0	11.0	4.0	0.0	-11.0	0.0	
1.55859	-0.8	1137	15.0	11.0	4.0	0.0	-11.0	0.0	
1.56250	-0.8	1137	15.0	11.0	4.0	0.0	-11.0	0.0	
1.56641	-0.8	1137	15.0	11.1	3.9	0.0	-11.1	0.0	
1.57031	-0.9	1137	15.0	11.1	3.9	0.0	-11.1	0.0	
1.57422	-1.1	1137	15.0	11.1	3.9	0.0	-11.1	0.0	
1.57812	-1.2	1137	15.0	11.1	3.9	0.0	-11.1	0.0	
1.58203	-1.2	1136	15.0	11.2	3.8	0.0	-11.2	0.0	
1.58594	-1.2	1136	14.9	11.2	3.7	0.0	-11.2	0.0	
1.58984	-1.1	1136	14.9	11.1	3.8	0.0	-11.1	0.0	
1.59375	-1.0	1136	14.9	11.1	3.8	0.0	-11.1	0.0	
1.59766	-0.8	1136	14.9	11.2	3.7	0.0	-11.2	0.0	
1.60156	-0.8	1136	14.9	11.2	3.7	0.0	-11.2	0.0	
1.60547	-0.9	1136	14.9	11.2	3.7	0.0	-11.2	0.0	
1.60938	-1.0	1136	14.9	11.2	3.7	0.0	-11.2	0.0	
1.61328	-1.0	1136	14.9	11.2	3.7	0.0	-11.2	0.0	
1.61719	-1.0	1136	14.8	11.2	3.6	0.0	-11.2	0.0	
1.62109	-1.1	1136	14.9	11.3	3.6	0.0	-11.3	0.0	
1.62500	-1.1	1136	14.9	11.3	3.6	0.0	-11.3	0.0	
1.62891	-0.7	1136	14.8	11.3	3.5	0.0	-11.3	0.0	
1.63281	-0.9	1136	14.8	11.3	3.5	0.0	-11.3	0.0	
1.63672	-1.2	1136	14.8	11.3	3.5	0.0	-11.3	0.0	
1.64062	-0.9	1135	14.8	11.3	3.5	0.0	-11.3	0.0	
1.64453	-1.1	1135	14.8	11.3	3.5	0.0	-11.3	0.0	
1.64844	-1.3	1135	14.8	11.3	3.5	0.0	-11.3	0.0	
1.65234	-1.0	1135	14.8	11.3	3.5	0.0	-11.3	0.0	
1.65625	-1.1	1135	14.8	11.3	3.5	0.0	-11.3	0.0	
1.66016	-1.2	1135	14.9	11.4	3.5	0.0	-11.4	0.0	
1.66406	-1.2	1135	14.9	11.4	3.5	0.0	-11.4	0.0	
1.66797	-1.2	1135	14.8	11.4	3.4	0.0	-11.4	0.0	
1.67188	-1.2	1135	14.9	11.4	3.5	0.0	-11.4	0.0	
1.67578	-1.2	1135	14.9	11.4	3.5	0.0	-11.4	0.0	
1.67969	-1.3	1135	15.0	11.5	3.5	0.0	-11.5	0.0	
1.68359	-1.1	1135	15.0	11.5	3.5	0.0	-11.5	0.0	
1.68750	-1.2	1135	15.0	11.4	3.6	0.0	-11.4	0.0	
1.69141	-1.4	1134	15.0	11.5	3.5	0.0	-11.5	0.0	
1.69531	-1.4	1134	15.0	11.5	3.5	0.0	-11.5	0.0	
1.69922	-1.4	1134	15.1	11.5	3.6	0.0	-11.5	0.0	
1.70312	-1.4	1134	15.1	11.5	3.6	0.0	-11.5	0.0	
1.70703	-1.4	1134	15.1	11.6	3.5	0.0	-11.6	0.0	
1.71094	-1.5	1134	15.2	11.6	3.6	0.0	-11.6	0.0	
1.71484	-1.5	1134	15.2	11.7	3.5	0.0	-11.7	0.0	
1.71875	-1.5	1134	15.2	11.6	3.6	0.0	-11.6	0.0	
1.72266	-1.5	1134	15.3	11.7	3.6	0.0	-11.7	0.0	
1.72656	-1.7	1134	15.3	11.7	3.6	0.0	-11.7	0.0	
1.73047	-1.8	1133	15.4	11.7	3.7	0.0	-11.7	0.0	
1.73438	-1.7	1133	15.4	11.7	3.7	0.0	-11.7	0.0	
1.73828	-1.7	1133	15.5	11.8	3.7	0.0	-11.8	0.0	
1.74219	-1.8	1133	15.5	11.8	3.7	0.0	-11.8	0.0	
1.74609	-1.7	1133	15.5	11.9	3.6	0.0	-11.9	0.0	
1.75000	-1.6	1133	15.6	11.9	3.7	0.0	-11.9	0.0	
1.75391	-1.6	1133	15.6	11.9	3.7	0.0	-11.9	0.0	
1.75781	-1.5	1133	15.6	11.9	3.7	0.0	-11.9	0.0	
1.76172	-1.2	1133	15.6	12.0	3.6	0.0	-12.0	0.0	
1.76562	-1.1	1133	15.7	12.0	3.7	0.0	-12.0	0.0	
1.76953	-1.3	1133	15.6	12.0	3.6	0.0	-12.0	0.0	
1.77344	-1.1	1132	15.7	12.0	3.7	0.0	-12.0	0.0	
1.77734	-0.9	1132	15.7	12.0	3.7	0.0	-12.0	0.0	
1.78125	-1.1	1132	15.7	12.0	3.7	0.0	-12.0	0.0	
1.78516	-1.1	1132	15.7	12.1	3.6	0.0	-12.1	0.0	
1.78906	-0.9	1132	15.8	12.1	3.7	0.0	-12.1	0.0	
1.79297	-0.9	1132	15.8	12.2	3.6	0.0	-12.2	0.0	
1.79688	-1.0	1132	15.7	12.1	3.6	0.0	-12.1	0.0	
1.80078	-1.0	1132	15.7	12.1	3.6	0.0	-12.1	0.0	
1.80469	-1.0	1132	15.7	12.2	3.5	0.0	-12.2	0.0	
1.80859	-1.2	1132	15.8	12.2	3.6	0.0	-12.2	0.0	
1.81250	-1.0	1132	15.8	12.2	3.6	0.0	-12.2	0.0	
1.81641	-1.0	1132	15.8	12.2	3.6	0.0	-12.2	0.0	
1.82031	-1.3	1132	15.7	12.3	3.4	0.0	-12.3	0.0	
1.82422	-1.2	1132	15.8	12.3	3.5	0.0	-12.3	0.0	
1.82812	-1.1	1131	15.9	12.3	3.6	0.0	-12.3	0.0	
1.83203	-1.5	1131	16.0	12.3	3.7	0.0	-12.3	0.0	
1.83594	-1.6	1131	16.0	12.4	3.6	0.0	-12.4	0.0	
1.83984	-1.7	1131	16.0	12.4	3.6	0.0	-12.4	0.0	
1.84375	-1.9	1131	16.1	12.5	3.6	0.0	-12.5	0.0	
1.84766	-2.2	1131	16.2	12.5	3.7	0.0	-12.5	0.0	
1.85156	-2.4	1131	16.3	12.5	3.8	0.0	-12.5	0.0	
1.85547	-2.6	1131	16.4	12.6	3.8	0.0	-12.6	0.0	
1.85938	-2.9	1130	16.5	12.6	3.9	0.0	-12.6	0.0	
1.86328	-3.2	1130	16.6	12.7	3.9	0.0	-12.7	0.0	
1.86719	-3.5	1130	16.7	12.7	4.0	0.0	-12.7	0.0	
1.87109	-3.8	1130	16.8	12.7	4.1	0.0	-12.7	0.0	
1.87500	-3.9	1129	17.0	12.8	4.2	0.0	-12.8	0.0	
1.87891	-4.3	1129	17.2	12.9	4.3	0.0	-12.9	0.0	
1.88281	-4.8	1129	17.2	12.9	4.3	0.0	-12.9	0.0	
1.88672	-4.9	1129	17.3	12.9	4.4	0.0	-12.9	0.0	
1.89062	-4.9	1128	17.4	13.0	4.4	0.0	-13.0	0.0	
1.89453	-5.1	1128	17.6	13.1	4.5	0.0	-13.1	0.0	
1.89844	-5.0	1128	17.7	13.1	4.6	0.0	-13.1	0.0	
1.90234	-4.7	1127	17.8	13.2	4.6	0.0	-13.2	0.0	
1.90625	-4.6	1127	18.0	13.2	4.8	0.0	-13.2	0.0	
1.91016	-4.6	1127	18.1	13.3	4.8	0.0	-13.3	0.0	
1.91406	-4.4	1126	18.2	13.3	4.9	0.0	-13.3	0.0	
1.91797	-4.3	1126	18.3	13.4	4.9	0.0	-13.4	0.0	
1.92188	-4.2	1126	18.4	13.5	4.9	0.0	-13.5	0.0	
1.92578	-4.2	1126	18.6	13.5	5.1	0.0	-13.5	0.0	
1.92969	-4.2	1125	18.7	13.5	5.2	0.0	-13.5	0.0	
1.93359	-4.0	1125	18.8	13.6	5.2	0.0	-13.6	0.0	
1.93750	-4.0	1125	18.9	13.7	5.2	0.0	-13.7	0.0	
1.94141	-4.2	1124	19.0	13.7	5.3	0.0	-13.7	0.0	
1.94531	-4.4	1124	19.1	13.8	5.3	0.0	-13.8	0.0	
1.94922	-4.4	1124	19.3	13.9	5.4	0.0	-13.9	0.0	
1.95312	-4.6	1124	19.4	14.0	5.4	0.0	-14.0	0.0	
1.95703	-4.9	1123	19.5	14.1	5.4	0.0	-14.1	0.0	
1.96094	-5.1	1123	19.7	14.1	5.6	0.0	-14.1	0.0	
1.96484	-5.4	1123	19.8	14.2	5.6	0.0	-14.2	0.0	
1.96875	-5.6	1122	19.9	14.3	5.6	0.0	-14.3	0.0	
1.97266	-5.8	1122	20.1	14.4	5.7	0.0	-14.4	0.0	
1.97656	-5.8	1121	20.3	14.5	5.8	0.0	-14.5	0.0	
1.98047	-5.8	1121	20.4	14.6	5.8	0.0	-14.6	0.0	
1.98438	-6.2	1121	20.5	14.6	5.9	0.0	-14.6	0.0	
1.98828	-6.6	1120	20.7	14.7	6.0	0.0	-14.7	0.0	
1.99219	-6.8	1120	20.8	14.8	6.0	0.0	-14.8	0.0	
1.99609	-6.7	1119	21.0	14.9	6.1	0.0	-14.9	0.0	
2.00000	-6.4	1119	21.2	15.0	6.2	0.0	-15.0	0.0	
2.00391	-6.1	1119	21.3	15.1	6.2	0.0	-15.1	0.0	
2.00781	-6.0	1118	21.4	15.2	6.2	0.0	-15.2	0.0	
2.01172	-5.7	1118	21.6	15.3	6.3	0.0	-15.3	0.0	
2.01562	-5.2	1117	21.8	15.4	6.4	0.0	-15.4	0.0	
2.01953	-5.0	1117	21.9	15.5	6.4	0.0	-15.5	0.0	
2.02344	-5.1	1117	22.0	15.6	6.4	0.0	-15.6	0.0	
2.02734	-5.3	1116	22.1	15.7	6.4	0.0	-15.7	0.0	
2.03125	-5.4	1116	22.2	15.8	6.4	0.0	-15.8	0.0	
2.03516	-5.4	1116	22.4	15.9	6.5	0.0	-15.9	0.0	
2.03906	-5.2	1115	22.5	16.1	6.4	0.0	-16.1	0.0	
2.04297	-4.9	1115	22.6	16.1	6.5	0.0	-16.1	0.0	
2.04688	-4.5	1115	22.7	16.2	6.5	0.0	-16.2	0.0	
2.05078	-4.4	1115	22.8	16.3	6.5	0.0	-16.3	0.0	
2.05469	-4.5	1114	23.0	16.4	6.6	0.0	-16.4	0.0	
2.05859	-4.5	1114	23.1	16.5	6.6	0.0	-16.5	0.0	
2.06250	-4.6	1114	23.2	16.6	6.6	0.0	-16.6	0.0	
2.06641	-4.8	1113	23.3	16.6	6.7	0.0	-16.6	0.0	
2.07031	-4.7	1113	23.4	16.7	6.7	0.0	-16.7	0.0	
2.07422	-4.2	1113	23.4	16.8	6.6	0.0	-16.8	0.0	
2.07812	-3.7	1113	23.5	16.9	6.6	0.0	-16.9	0.0	
2.08203	-3.6	1112	23.6	17.0	6.6	0.0	-17.0	0.0	
2.08594	-3.9	1112	23.8	17.1	6.7	0.0	-17.1	0.0	
2.08984	-4.1	1112	23.9	17.1	6.8	0.0	-17.1	0.0	
2.09375	-4.2	1111	24.0	17.2	6.8	0.0	-17.2	0.0	
2.09766	-4.4	1111	24.1	17.3	6.8	0.0	-17.3	0.0	
2.10156	-4.5	1111	24.2	17.4	6.8	0.0	-17.4	0.0	
2.10547	-4.7	1111	24.3	17.4	6.9	0.0	-17.4	0.0	
2.10938	-5.1	1110	24.5	17.5	7.0	0.0	-17.5	0.0	
2.11328	-5.2	1110	24.7	17.6	7.1	0.0	-17.6	0.0	
2.11719	-5.4	1110	24.8	17.7	7.1	0.0	-17.7	0.0	
2.12109	-5.5	1109	24.9	17.7	7.2	0.0	-17.7	0.0	
2.12500	-5.3	1109	24.9	17.8	7.1	0.0	-17.8	0.0	
2.12891	-5.3	1109	25.1	17.9	7.2	0.0	-17.9	0.0	
2.13281	-5.4	1108	25.2	18.0	7.2	0.0	-18.0	0.0	
2.13672	-5.0	1108	25.3	18.1	7.2	0.0	-18.1	0.0	
2.14062	-4.5	1108	25.3	18.2	7.1	0.0	-18.2	0.0	
2.14453	-4.0	1107	25.4	18.3	7.1	0.0	-18.3	0.0	
2.14844	-3.5	1107	25.5	18.4	7.1	0.0	-18.4	0.0	
2.15234	-3.2	1107	25.5	18.4	7.1	0.0	-18.4	0.0	
2.15625	-2.7	1107	25.7	18.4	7.3	0.0	-18.4	0.0	
2.16016	-2.1	1107	25.6	18.6	7.0	0.0	-18.6	0.0	
2.16406	-1.7	1106	25.6	18.6	7.0	0.0	-18.6	0.0	
2.16797	-1.4	1106	25.7	18.7	7.0	0.0	-18.7	0.0	
2.17188	-1.1	1106	25.7	18.8	6.9	0.0	-18.8	0.0	
2.17578	-1.0	1106	25.7	18.8	6.9	0.0	-18.8	0.0	
2.17969	-1.1	1106	25.8	18.9	6.9	0.0	-18.9	0.0	
2.18359	-1.2	1106	25.8	19.0	6.8	0.0	-19.0	0.0	
2.18750	-1.3	1106	25.8	19.0	6.8	0.0	-19.0	0.0	
2.19141	-1.4	1106	25.8	19.0	6.8	0.0	-19.0	0.0	
2.19531	-1.5	1106	25.9	19.1	6.8	0.0	-19.1	0.0	
2.19922	-1.6	1106	25.9	19.2	6.7	0.0	-19.2	0.0	
2.20312	-1.7	1106	25.9	19.3	6.6	0.0	-19.3	0.0	
2.20703	-1.8	1105	25.9	19.4	6.5	0.0	-19.4	0.0	
2.21094	-1.8	1105	25.9	19.4	6.5	0.0	-19.4	0.0	
2.21484	-1.8	1105	26.0	19.5	6.5	0.0	-19.5	0.0	
2.21875	-1.7	1105	26.0	19.5	6.5	0.0	-19.5	0.0	
2.22266	-1.5	1105	26.0	19.6	6.4	0.0	-19.6	0.0	
2.22656	-1.4	1105	26.0	19.7	6.3	0.0	-19.7	0.0	
2.23047	-1.2	1105	26.0	19.7	6.3	0.0	-19.7	0.0	
2.23438	-0.9	1105	26.0	19.8	6.2	0.0	-19.8	0.0	
2.23828	-0.8	1105	26.0	19.9	6.1	0.0	-19.9	0.0	
2.24219	-0.9	1105	26.0	19.9	6.1	0.0	-19.9	0.0	
2.24609	-0.8	1105	25.9	20.0	5.9	0.0	-20.0	0.0	
2.25000	-0.9	1105	25.9	20.1	5.8	0.0	-20.1	0.0	
2.25391	-1.1	1104	26.0	20.2	5.8	0.0	-20.2	0.0	
2.25781	-1.1	1104	26.0	20.2	5.8	0.0	-20.2	0.0	
2.26172	-1.0	1104	26.0	20.2	5.8	0.0	-20.2	0.0	
2.26562	-1.1	1104	26.0	20.3	5.7	0.0	-20.3	0.0	
2.26953	-1.3	1104	26.0	20.4	5.6	0.0	-20.4	0.0	
2.27344	-1.4	1104	26.1	20.5	5.6	0.0	-20.5	0.0	
2.27734	-1.7	1104	26.1	20.5	5.6	0.0	-20.5	0.0	
2.28125	-2.2	1104	26.1	20.5	5.6	0.0	-20.5	0.0	
2.28516	-2.6	1104	26.2	20.6	5.6	0.0	-20.6	0.0	
2.28906	-2.9	1103	26.3	20.7	5.6	0.0	-20.7	0.0	
2.29297	-3.1	1103	26.4	20.7	5.7	0.0	-20.7	0.0	
2.29688	-3.3	1103	26.4	20.8	5.6	0.0	-20.8	0.0	
2.30078	-3.2	1103	26.5	20.8	5.7	0.0	-20.8	0.0	
2.30469	-3.0	1103	26.5	20.9	5.6	0.0	-20.9	0.0	
2.30859	-3.0	1102	26.6	21.0	5.6	0.0	-21.0	0.0	
2.31250	-2.9	1102	26.7	21.0	5.7	0.0	-21.0	0.0	
2.31641	-2.7	1102	26.7	21.1	5.6	0.0	-21.1	0.0	
2.32031	-2.5	1102	26.8	21.1	5.7	0.0	-21.1	0.0	
2.32422	-2.2	1102	26.8	21.2	5.6	0.0	-21.2	0.0	
2.32812	-2.0	1102	26.8	21.3	5.5	0.0	-21.3	0.0	
2.33203	-1.7	1102	26.9	21.4	5.5	0.0	-21.4	0.0	
2.33594	-1.7	1101	27.0	21.4	5.6	0.0	-21.4	0.0	
2.33984	-1.8	1101	27.0	21.5	5.5	0.0	-21.5	0.0	
2.34375	-1.7	1101	27.0	21.5	5.5	0.0	-21.5	0.0	
2.34766	-1.7	1101	27.1	21.5	5.6	0.0	-21.5	0.0	
2.35156	-1.8	1101	27.1	21.6	5.5	0.0	-21.6	0.0	
2.35547	-1.8	1101	27.1	21.7	5.4	0.0	-21.7	0.0	
2.35938	-1.7	1101	27.1	21.7	5.4	0.0	-21.7	0.0	
2.36328	-1.6	1101	27.1	21.8	5.3	0.0	-21.8	0.0	
2.36719	-1.5	1101	27.2	21.8	5.4	0.0	-21.8	0.0	
2.37109	-1.6	1100	27.2	21.9	5.3	0.0	-21.9	0.0	
2.37500	-1.6	1100	27.3	21.9	5.4	0.0	-21.9	0.0	
2.37891	-1.7	1100	27.3	22.0	5.3	0.0	-22.0	0.0	
2.38281	-1.9	1100	27.4	22.1	5.3	0.0	-22.1	0.0	
2.38672	-2.0	1100	27.4	22.1	5.3	0.0	-22.1	0.0	
2.39062	-2.0	1100	27.5	22.2	5.3	0.0	-22.2	0.0	
2.39453	-2.0	1100	27.5	22.3	5.2	0.0	-22.3	0.0	
2.39844	-2.4	1100	27.6	22.3	5.3	0.0	-22.3	0.0	
2.40234	-2.7	1099	27.6	22.4	5.2	0.0	-22.4	0.0	
2.40625	-2.8	1099	27.7	22.4	5.3	0.0	-22.4	0.0	
2.41016	-3.0	1099	27.8	22.5	5.3	0.0	-22.5	0.0	
2.41406	-3.1	1099	27.8	22.5	5.3	0.0	-22.5	0.0	
2.41797	-2.8	1099	27.8	22.6	5.2	0.0	-22.6	0.0	
2.42188	-2.5	1098	27.9	22.7	5.2	0.0	-22.7	0.0	
2.42578	-2.2	1098	28.0	22.7	5.3	0.0	-22.7	0.0	
2.42969	-1.8	1098	28.0	22.7	5.3	0.0	-22.7	0.0	
2.43359	-1.3	1098	28.0	22.8	5.2	0.0	-22.8	0.0	
2.43750	-1.2	1098	28.0	22.8	5.2	0.0	-22.8	0.0	
2.44141	-1.1	1098	28.0	22.9	5.1	0.0	-22.9	0.0	
2.44531	-0.9	1098	28.0	23.0	5.0	0.0	-23.0	0.0	
2.44922	-0.8	1098	28.0	23.0	5.0	0.0	-23.0	0.0	
2.45312	-0.9	1098	28.0	23.0	5.0	0.0	-23.0	0.0	
2.45703	-0.9	1098	28.0	23.1	4.9	0.0	-23.1	0.0	
2.46094	-0.8	1098	28.0	23.1	4.9	0.0	-23.1	0.0	
2.46484	-0.7	1098	27.9	23.1	4.8	0.0	-23.1	0.0	
2.46875	-0.7	1098	27.9	23.2	4.7	0.0	-23.2	0.0	
2.47266	-0.8	1098	27.9	23.2	4.7	0.0	-23.2	0.0	
2.47656	-1.1	1097	27.9	23.3	4.6	0.0	-23.3	0.0	
2.48047	-1.2	1097	28.0	23.3	4.7	0.0	-23.3	0.0	
2.48438	-1.3	1097	28.0	23.3	4.7	0.0	-23.3	0.0	
2.48828	-1.5	1097	28.1	23.3	4.8	0.0	-23.3	0.0	
2.49219	-2.0	1097	28.2	23.4	4.8	0.0	-23.4	0.0	
2.49609	-2.8	1097	28.2	23.5	4.7	0.0	-23.5	0.0	
2.50000	-3.7	1097	28.3	23.6	4.7	0.0	-23.6	0.0	
2.50391	-4.3	1096	28.5	23.6	4.9	0.0	-23.6	0.0	
2.50781	-4.8	1096	28.6	23.7	4.9	0.0	-23.7	0.0	
2.51172	-5.0	1096	28.6	23.7	4.9	0.0	-23.7	0.0	
2.51562	-4.9	1095	28.8	23.8	5.0	0.0	-23.8	0.0	
2.51953	-5.3	1095	28.9	23.8	5.1	0.0	-23.8	0.0	
2.52344	-5.3	1095	28.9	23.9	5.0	0.0	-23.9	0.0	
2.52734	-4.7	1094	29.0	23.9	5.1	0.0	-23.9	0.0	
2.53125	-4.1	1094	29.1	24.0	5.1	0.0	-24.0	0.0	
2.53516	-3.3	1094	29.1	24.0	5.1	0.0	-24.0	0.0	
2.53906	-2.5	1094	29.2	24.1	5.1	0.0	-24.1	0.0	
2.54297	-2.3	1094	29.2	24.2	5.0	0.0	-24.2	0.0	
2.54688	-2.0	1094	29.3	24.2	5.1	0.0	-24.2	0.0	
2.55078	-1.5	1093	29.3	24.2	5.1	0.0	-24.2	0.0	
2.55469	-1.2	1093	29.3	24.3	5.0	0.0	-24.3	0.0	
2.55859	-0.9	1093	29.3	24.4	4.9	0.0	-24.4	0.0	
2.56250	-0.7	1093	29.3	24.4	4.9	0.0	-24.4	0.0	
2.56641	-0.9	1093	29.3	24.4	4.9	0.0	-24.4	0.0	
2.57031	-0.9	1093	29.3	24.4	4.9	0.0	-24.4	0.0	
2.57422	-1.0	1093	29.3	24.5	4.8	0.0	-24.5	0.0	
2.57812	-1.1	1093	29.4	24.5	4.9	0.0	-24.5	0.0	
2.58203	-1.1	1093	29.4	24.6	4.8	0.0	-24.6	0.0	
2.58594	-1.1	1093	29.4	24.6	4.8	0.0	-24.6	0.0	
2.58984	-1.1	1093	29.3	24.6	4.7	0.0	-24.6	0.0	
2.59375	-1.1	1093	29.3	24.7	4.6	0.0	-24.7	0.0	
2.59766	-1.0	1093	29.3	24.7	4.6	0.0	-24.7	0.0	
2.60156	-1.0	1093	29.3	24.7	4.6	0.0	-24.7	0.0	
2.60547	-0.9	1093	29.2	24.7	4.5	0.0	-24.7	0.0	
2.60938	-0.9	1092	29.2	24.8	4.4	0.0	-24.8	0.0	
2.61328	-0.9	1092	29.2	24.8	4.4	0.0	-24.8	0.0	
2.61719	-0.8	1092	29.1	24.8	4.3	0.0	-24.8	0.0	
2.62109	-0.7	1092	29.1	24.8	4.3	0.0	-24.8	0.0	
2.62500	-0.6	1092	29.0	24.8	4.2	0.0	-24.8	0.0	
2.62891	-0.4	1092	29.0	24.9	4.1	0.0	-24.9	0.0	
2.63281	-0.2	1092	28.9	24.9	4.0	0.0	-24.9	0.0	
2.63672	0.0	1092	28.8	24.8	4.0	0.0	-24.8	0.0	
2.64062	0.4	1092	28.8	24.8	4.0	0.0	-24.8	0.0	
2.64453	0.2	1092	28.7	24.8	3.9	0.0	-24.8	0.0	
2.64844	0.1	1092	28.7	24.9	3.8	0.0	-24.9	0.0	
2.65234	-0.0	1092	28.6	24.9	3.7	0.0	-24.9	0.0	
2.65625	-0.2	1092	28.5	24.9	3.6	0.0	-24.9	0.0	
2.66016	-0.4	1092	28.5	24.9	3.6	0.0	-24.9	0.0	
2.66406	-0.7	1092	28.4	24.9	3.5	0.0	-24.9	0.0	
2.66797	-0.8	1092	28.4	24.9	3.5	0.0	-24.9	0.0	
2.67188	-0.7	1092	28.3	24.9	3.4	0.0	-24.9	0.0	
2.67578	-0.6	1092	28.3	24.9	3.4	0.0	-24.9	0.0	
2.67969	-0.6	1092	28.3	24.8	3.5	0.0	-24.8	0.0	
2.68359	-0.8	1092	28.2	24.8	3.4	0.0	-24.8	0.0	
2.68750	-0.7	1092	28.2	24.8	3.4	0.0	-24.8	0.0	
2.69141	-0.5	1092	28.1	24.8	3.3	0.0	-24.8	0.0	
2.69531	-0.5	1092	28.0	24.8	3.2	0.0	-24.8	0.0	
2.69922	-0.2	1092	27.9	24.8	3.1	0.0	-24.8	0.0	
2.70312	0.1	1092	27.9	24.8	3.1	0.0	-24.8	0.0	
2.70703	0.3	1092	27.9	24.8	3.1	0.0	-24.8	0.0	
2.71094	0.8	1092	27.7	24.8	2.9	0.0	-24.8	0.0	
2.71484	1.3	1092	27.6	24.7	2.9	0.0	-24.7	0.0	
2.71875	1.9	1092	27.5	24.7	2.8	0.0	-24.7	0.0	
2.72266	2.4	1092	27.3	24.7	2.6	0.0	-24.7	0.0	
2.72656	3.1	1092	27.2	24.6	2.6	0.0	-24.6	0.0	
2.73047	4.0	1093	27.0	24.5	2.5	0.0	-24.5	0.0	
2.73438	4.9	1093	26.8	24.5	2.3	0.0	-24.5	0.0	
2.73828	5.6	1093	26.7	24.5	2.2	0.0	-24.5	0.0	
2.74219	6.0	1094	26.5	24.3	2.2	0.0	-24.3	0.0	
2.74609	6.1	1094	26.2	24.3	1.9	0.0	-24.3	0.0	
2.75000	5.9	1095	26.1	24.2	1.9	0.0	-24.2	0.0	
2.75391	5.7	1095	25.9	24.1	1.8	0.0	-24.1	0.0	
2.75781	5.8	1095	25.8	24.0	1.8	0.0	-24.0	0.0	
2.76172	4.9	1096	25.6	23.9	1.7	0.0	-23.9	0.0	
2.76562	3.3	1096	25.5	23.8	1.7	0.0	-23.8	0.0	
2.76953	3.0	1096	25.3	23.8	1.5	0.0	-23.8	0.0	
2.77344	3.2	1096	25.2	23.7	1.5	0.0	-23.7	0.0	
2.77734	3.3	1096	25.0	23.6	1.4	0.0	-23.6	0.0	
2.78125	3.3	1097	24.9	23.5	1.4	0.0	-23.5	0.0	
2.78516	2.6	1097	24.8	23.4	1.4	0.0	-23.4	0.0	
2.78906	2.0	1097	24.7	23.3	1.4	0.0	-23.3	0.0	
2.79297	1.7	1097	24.6	23.2	1.4	0.0	-23.2	0.0	
2.79688	1.8	1097	24.4	23.1	1.3	0.0	-23.1	0.0	
2.80078	2.4	1097	24.2	23.0	1.2	0.0	-23.0	0.0	
2.80469	2.9	1098	24.1	22.9	1.2	0.0	-22.9	0.0	
2.80859	3.4	1098	23.9	22.8	1.1	0.0	-22.8	0.0	
2.81250	3.5	1098	23.8	22.7	1.1	0.0	-22.7	0.0	
2.81641	3.4	1098	23.6	22.6	1.0	0.0	-22.6	0.0	
2.82031	3.6	1098	23.4	22.5	0.9	0.0	-22.5	0.0	
2.82422	4.1	1099	23.2	22.4	0.8	0.0	-22.4	0.0	
2.82812	4.8	1099	23.1	22.3	0.8	0.0	-22.3	0.0	
2.83203	5.0	1099	22.9	22.2	0.7	0.0	-22.2	0.0	
2.83594	5.2	1100	22.6	22.1	0.5	0.0	-22.1	0.0	
2.83984	5.9	1100	22.4	22.0	0.4	0.0	-22.0	0.0	
2.84375	5.8	1100	22.2	21.8	0.4	0.0	-21.8	0.0	
2.84766	5.9	1101	22.0	21.7	0.3	0.0	-21.7	0.0	
2.85156	6.5	1101	21.8	21.6	0.2	0.0	-21.6	0.0	
2.85547	6.9	1102	21.5	21.4	0.1	0.0	-21.4	0.0	
2.85938	7.7	1102	21.3	21.3	0.0	0.0	-21.3	0.0	
2.86328	8.0	1103	21.0	21.2	-0.2	0.0	-21.2	0.0	
2.86719	8.0	1103	20.8	21.0	-0.2	0.0	-21.0	0.0	
2.87109	8.6	1104	20.5	20.8	-0.3	0.0	-20.8	0.0	
2.87500	8.7	1104	20.1	20.7	-0.6	0.0	-20.7	0.0	
2.87891	8.0	1105	19.9	20.6	-0.7	0.0	-20.6	0.0	
2.88281	8.2	1105	19.6	20.4	-0.8	0.0	-20.4	0.0	
2.88672	8.9	1106	19.3	20.3	-1.0	0.0	-20.3	0.0	
2.89062	9.1	1107	19.1	20.1	-1.0	0.0	-20.1	0.0	
2.89453	9.3	1107	18.8	19.9	-1.1	0.0	-19.9	0.0	
2.89844	9.5	1108	18.4	19.8	-1.4	0.0	-19.8	0.0	
2.90234	8.8	1108	18.2	19.6	-1.4	0.0	-19.6	0.0	
2.90625	7.7	1109	18.0	19.4	-1.4	0.0	-19.4	0.0	
2.91016	7.6	1109	17.7	19.3	-1.6	0.0	-19.3	0.0	
2.91406	8.0	1110	17.4	19.1	-1.7	0.0	-19.1	0.0	
2.91797	7.7	1110	17.2	19.0	-1.8	0.0	-19.0	0.0	
2.92188	7.7	1111	17.0	18.8	-1.8	0.0	-18.8	0.0	
2.92578	7.7	1111	16.8	18.7	-1.9	0.0	-18.7	0.0	
2.92969	6.7	1112	16.6	18.5	-1.9	0.0	-18.5	0.0	
2.93359	6.0	1112	16.4	18.3	-1.9	0.0	-18.3	0.0	
2.93750	6.0	1113	16.2	18.2	-2.0	0.0	-18.2	0.0	
2.94141	5.6	1113	16.0	18.0	-2.0	0.0	-18.0	0.0	
2.94531	5.3	1113	15.8	17.9	-2.1	0.0	-17.9	0.0	
2.94922	5.1	1114	15.7	17.7	-2.0	0.0	-17.7	0.0	
2.95312	4.4	1114	15.7	17.6	-1.9	0.0	-17.6	0.0	
2.95703	3.3	1114	15.6	17.4	-1.8	0.0	-17.4	0.0	
2.96094	2.0	1114	15.5	17.3	-1.8	0.0	-17.3	0.0	
2.96484	0.6	1114	15.4	17.2	-1.8	0.0	-17.2	0.0	
2.96875	-0.2	1114	15.3	17.0	-1.7	0.0	-17.0	0.0	
2.97266	-0.6	1114	15.3	16.9	-1.6	0.0	-16.9	0.0	
2.97656	-1.0	1114	15.4	16.7	-1.3	0.0	-16.7	0.0	
2.98047	-1.1	1114	15.4	16.6	-1.2	0.0	-16.6	0.0	
2.98438	-1.3	1114	15.3	16.5	-1.2	0.0	-16.5	0.0	
2.98828	-1.4	1114	15.4	16.4	-1.0	0.0	-16.4	0.0	
2.99219	-1.5	1114	15.4	16.3	-0.9	0.0	-16.3	0.0	
2.99609	-1.4	1114	15.4	16.2	-0.8	0.0	-16.2	0.0	
3.00000	-1.5	1114	15.5	16.1	-0.6	0.0	-16.1	0.0	
3.00391	-1.7	1114	15.5	16.0	-0.5	0.0	-16.0	0.0	
3.00781	-1.8	1114	15.5	15.9	-0.4	0.0	-15.9	0.0	
3.01172	-1.7	1113	15.6	15.9	-0.3	0.0	-15.9	0.0	
3.01562	-1.5	1113	15.6	15.8	-0.2	0.0	-15.8	0.0	
3.01953	-1.3	1113	15.6	15.7	-0.1	0.0	-15.7	0.0	
3.02344	-0.9	1113	15.6	15.7	-0.1	0.0	-15.7	0.0	
3.02734	-0.6	1113	15.6	15.5	0.1	0.0	-15.5	0.0	
3.03125	-0.6	1113	15.5	15.5	0.0	0.0	-15.5	0.0	
3.03516	-0.7	1113	15.6	15.4	0.2	0.0	-15.4	0.0	
3.03906	-0.7	1113	15.5	15.4	0.1	0.0	-15.4	0.0	
3.04297	-0.6	1113	15.6	15.3	0.3	0.0	-15.3	0.0	
3.04688	-0.3	1113	15.6	15.2	0.4	0.0	-15.2	0.0	
3.05078	0.1	1113	15.4	15.1	0.3	0.0	-15.1	0.0	
3.05469	0.5	1113	15.3	15.1	0.2	0.0	-15.1	0.0	
3.05859	0.6	1113	15.3	15.0	0.3	0.0	-15.0	0.0	
3.06250	0.4	1113	15.3	14.9	0.4	0.0	-14.9	0.0	
3.06641	0.3	1113	15.3	14.8	0.5	0.0	-14.8	0.0	
3.07031	0.4	1113	15.2	14.8	0.4	0.0	-14.8	0.0	
3.07422	0.4	1113	15.1	14.7	0.4	0.0	-14.7	0.0	
3.07812	0.3	1113	15.0	14.7	0.3	0.0	-14.7	0.0	
3.08203	0.3	1113	15.0	14.6	0.4	0.0	-14.6	0.0	
3.08594	0.2	1113	14.9	14.5	0.4	0.0	-14.5	0.0	
3.08984	-0.0	1113	14.9	14.5	0.4	0.0	-14.5	0.0	
3.09375	-0.3	1113	14.9	14.4	0.5	0.0	-14.4	0.0	
3.09766	-0.4	1113	14.9	14.3	0.6	0.0	-14.3	0.0	
3.10156	-0.3	1113	14.8	14.3	0.5	0.0	-14.3	0.0	
3.10547	-0.4	1113	14.8	14.2	0.6	0.0	-14.2	0.0	
3.10938	-0.6	1113	14.8	14.1	0.7	0.0	-14.1	0.0	
3.11328	-0.6	1113	14.7	14.1	0.6	0.0	-14.1	0.0	
3.11719	-0.6	1113	14.7	14.0	0.7	0.0	-14.0	0.0	
3.12109	-0.7	1113	14.7	13.9	0.8	0.0	-13.9	0.0	
3.12500	-0.6	1113	14.7	13.9	0.8	0.0	-13.9	0.0	
3.12891	-0.7	1113	14.7	13.8	0.9	0.0	-13.8	0.0	
3.13281	-0.7	1113	14.7	13.8	0.9	0.0	-13.8	0.0	
3.13672	-0.7	1113	14.6	13.7	0.9	0.0	-13.7	0.0	
3.14062	-0.9	1113	14.5	13.6	0.9	0.0	-13.6	0.0	
3.14453	-1.0	1113	14.6	13.6	1.0	0.0	-13.6	0.0	
3.14844	-0.9	1113	14.7	13.6	1.1	0.0	-13.6	0.0	
3.15234	-0.8	1112	14.6	13.5	1.1	0.0	-13.5	0.0	
3.15625	-0.8	1112	14.6	13.5	1.1	0.0	-13.5	0.0	
3.16016	-0.9	1112	14.6	13.4	1.2	0.0	-13.4	0.0	
3.16406	-0.9	1112	14.6	13.4	1.2	0.0	-13.4	0.0	
3.16797	-0.9	1112	14.6	13.4	1.2	0.0	-13.4	0.0	
3.17188	-0.9	1112	14.6	13.3	1.3	0.0	-13.3	0.0	
3.17578	-0.8	1112	14.7	13.3	1.4	0.0	-13.3	0.0	
3.17969	-0.8	1112	14.6	13.2	1.4	0.0	-13.2	0.0	
3.18359	-0.8	1112	14.6	13.2	1.4	0.0	-13.2	0.0	
3.18750	-0.9	1112	14.6	13.1	1.5	0.0	-13.1	0.0	
3.19141	-0.9	1112	14.6	13.1	1.5	0.0	-13.1	0.0	
3.19531	-1.0	1112	14.7	13.1	1.6	0.0	-13.1	0.0	
3.19922	-0.9	1112	14.6	13.1	1.5	0.0	-13.1	0.0	
3.20312	-0.9	1112	14.6	13.0	1.6	0.0	-13.0	0.0	
3.20703	-0.9	1112	14.6	13.0	1.6	0.0	-13.0	0.0	
3.21094	-0.9	1112	14.6	13.0	1.6	0.0	-13.0	0.0	
3.21484	-0.9	1112	14.7	13.0	1.7	0.0	-13.0	0.0	
3.21875	-1.1	1112	14.7	12.9	1.8	0.0	-12.9	0.0	
3.22266	-1.1	1111	14.6	12.9	1.7	0.0	-12.9	0.0	
3.22656	-1.0	1111	14.7	12.8	1.9	0.0	-12.8	0.0	
3.23047	-1.1	1111	14.7	12.8	1.9	0.0	-12.8	0.0	
3.23438	-1.1	1111	14.7	12.8	1.9	0.0	-12.8	0.0	
3.23828	-1.0	1111	14.7	12.8	1.9	0.0	-12.8	0.0	
3.24219	-1.0	1111	14.8	12.7	2.1	0.0	-12.7	0.0	
3.24609	-1.0	1111	14.8	12.7	2.1	0.0	-12.7	0.0	
3.25000	-1.2	1111	14.7	12.7	2.0	0.0	-12.7	0.0	
3.25391	-1.1	1111	14.8	12.7	2.1	0.0	-12.7	0.0	
3.25781	-1.0	1111	14.9	12.7	2.2	0.0	-12.7	0.0	
3.26172	-1.1	1111	14.8	12.7	2.1	0.0	-12.7	0.0	
3.26562	-1.1	1111	14.9	12.7	2.2	0.0	-12.7	0.0	
3.26953	-1.2	1111	14.9	12.6	2.3	0.0	-12.6	0.0	
3.27344	-1.2	1111	14.9	12.6	2.3	0.0	-12.6	0.0	
3.27734	-1.1	1110	14.9	12.6	2.3	0.0	-12.6	0.0	
3.28125	-1.0	1110	14.9	12.6	2.3	0.0	-12.6	0.0	
3.28516	-1.0	1110	15.0	12.6	2.4	0.0	-12.6	0.0	
3.28906	-0.9	1110	15.0	12.5	2.5	0.0	-12.5	0.0	
3.29297	-0.9	1110	15.0	12.5	2.5	0.0	-12.5	0.0	
3.29688	-1.0	1110	14.9	12.5	2.4	0.0	-12.5	0.0	
3.30078	-1.0	1110	14.9	12.4	2.5	0.0	-12.4	0.0	
3.30469	-1.0	1110	15.0	12.4	2.6	0.0	-12.4	0.0	
3.30859	-0.9	1110	15.0	12.4	2.6	0.0	-12.4	0.0	
3.31250	-1.0	1110	15.0	12.4	2.6	0.0	-12.4	0.0	
3.31641	-1.0	1110	15.1	12.4	2.7	0.0	-12.4	0.0	
3.32031	-0.9	1110	15.0	12.3	2.7	0.0	-12.3	0.0	
3.32422	-1.0	1110	15.0	12.4	2.6	0.0	-12.4	0.0	
3.32812	-1.1	1110	15.0	12.4	2.6	0.0	-12.4	0.0	
3.33203	-1.0	1110	15.0	12.3	2.7	0.0	-12.3	0.0	
3.33594	-1.0	1109	15.0	12.3	2.7	0.0	-12.3	0.0	
3.33984	-0.8	1109	15.0	12.3	2.7	0.0	-12.3	0.0	
3.34375	-0.7	1109	15.0	12.3	2.7	0.0	-12.3	0.0	
3.34766	-0.8	1109	14.9	12.2	2.7	0.0	-12.2	0.0	
3.35156	-0.8	1109	14.9	12.2	2.7	0.0	-12.2	0.0	
3.35547	-0.7	1109	14.9	12.3	2.6	0.0	-12.3	0.0	
3.35938	-0.8	1109	14.9	12.2	2.7	0.0	-12.2	0.0	
3.36328	-0.8	1109	14.9	12.2	2.7	0.0	-12.2	0.0	
3.36719	-0.7	1109	14.9	12.2	2.7	0.0	-12.2	0.0	
3.37109	-0.8	1109	14.9	12.2	2.7	0.0	-12.2	0.0	
3.37500	-0.9	1109	14.9	12.2	2.7	0.0	-12.2	0.0	
3.37891	-1.0	1109	14.8	12.2	2.6	0.0	-12.2	0.0	
3.38281	-1.0	1109	14.8	12.1	2.7	0.0	-12.1	0.0	
3.38672	-1.0	1109	14.8	12.1	2.7	0.0	-12.1	0.0	
3.39062	-0.9	1109	14.8	12.1	2.7	0.0	-12.1	0.0	
3.39453	-0.9	1109	14.8	12.0	2.8	0.0	-12.0	0.0	
3.39844	-0.9	1109	14.8	12.0	2.8	0.0	-12.0	0.0	
3.40234	-1.0	1109	14.7	12.0	2.7	0.0	-12.0	0.0	
3.40625	-0.9	1108	14.7	11.9	2.8	0.0	-11.9	0.0	
3.41016	-0.8	1108	14.7	11.9	2.8	0.0	-11.9	0.0	
3.41406	-0.9	1108	14.7	11.9	2.8	0.0	-11.9	0.0	
3.41797	-0.8	1108	14.7	11.8	2.9	0.0	-11.8	0.0	
3.42188	-0.7	1108	14.7	11.7	3.0	0.0	-11.7	0.0	
3.42578	-0.8	1108	14.7	11.7	3.0	0.0	-11.7	0.0	
3.42969	-0.8	1108	14.6	11.7	2.9	0.0	-11.7	0.0	
3.43359	-1.0	1108	14.6	11.6	3.0	0.0	-11.6	0.0	
3.43750	-1.1	1108	14.6	11.6	3.0	0.0	-11.6	0.0	
3.44141	-1.0	1108	14.6	11.5	3.1	0.0	-11.5	0.0	
3.44531	-1.1	1108	14.7	11.6	3.1	0.0	-11.6	0.0	
3.44922	-1.0	1108	14.6	11.5	3.1	0.0	-11.5	0.0	
3.45312	-1.1	1108	14.6	11.5	3.1	0.0	-11.5	0.0	
3.45703	-1.3	1108	14.6	11.4	3.2	0.0	-11.4	0.0	
3.46094	-1.3	1108	14.7	11.3	3.4	0.0	-11.3	0.0	
3.46484	-1.5	1107	14.7	11.3	3.4	0.0	-11.3	0.0	
3.46875	-1.6	1107	14.8	11.3	3.5	0.0	-11.3	0.0	
3.47266	-1.7	1107	14.8	11.3	3.5	0.0	-11.3	0.0	
3.47656	-1.9	1107	14.8	11.2	3.6	0.0	-11.2	0.0	
3.48047	-2.0	1107	14.9	11.2	3.7	0.0	-11.2	0.0	
3.48438	-2.0	1107	15.0	11.2	3.8	0.0	-11.2	0.0	
3.48828	-1.9	1107	15.0	11.2	3.8	0.0	-11.2	0.0	
3.49219	-1.9	1107	15.0	11.2	3.8	0.0	-11.2	0.0	
3.49609	-1.8	1107	15.0	11.2	3.8	0.0	-11.2	0.0	
3.50000	-1.6	1106	15.1	11.1	4.0	0.0	-11.1	0.0	
3.50391	-1.7	1106	15.1	11.1	4.0	0.0	-11.1	0.0	
3.50781	-1.6	1106	15.2	11.1	4.1	0.0	-11.1	0.0	
3.51172	-1.3	1106	15.2	11.0	4.2	0.0	-11.0	0.0	
3.51562	-1.3	1106	15.2	11.0	4.2	0.0	-11.0	0.0	
3.51953	-1.2	1106	15.2	11.1	4.1	0.0	-11.1	0.0	
3.52344	-1.0	1106	15.3	11.0	4.3	0.0	-11.0	0.0	
3.52734	-1.0	1106	15.3	11.0	4.3	0.0	-11.0	0.0	
3.53125	-1.0	1106	15.2	11.0	4.2	0.0	-11.0	0.0	
3.53516	-1.0	1106	15.3	11.0	4.3	0.0	-11.0	0.0	
3.53906	-0.9	1106	15.3	11.0	4.3	0.0	-11.0	0.0	
3.54297	-0.9	1106	15.2	11.0	4.2	0.0	-11.0	0.0	
3.54688	-0.9	1106	15.2	11.0	4.2	0.0	-11.0	0.0	
3.55078	-1.0	1105	15.2	11.0	4.2	0.0	-11.0	0.0	
3.55469	-0.9	1105	15.2	10.9	4.3	0.0	-10.9	0.0	
3.55859	-0.9	1105	15.2	11.0	4.2	0.0	-11.0	0.0	
3.56250	-0.9	1105	15.2	11.0	4.2	0.0	-11.0	0.0	
3.56641	-1.0	1105	15.2	11.0	4.2	0.0	-11.0	0.0	
3.57031	-1.0	1105	15.2	11.0	4.2	0.0	-11.0	0.0	
3.57422	-1.1	1105	15.1	11.0	4.1	0.0	-11.0	0.0	
3.57812	-1.1	1105	15.2	11.0	4.2	0.0	-11.0	0.0	
3.58203	-1.0	1105	15.2	11.0	4.2	0.0	-11.0	0.0	
3.58594	-1.0	1105	15.2	11.1	4.1	0.0	-11.1	0.0	
3.58984	-1.1	1105	15.2	11.0	4.2	0.0	-11.0	0.0	
3.59375	-0.9	1105	15.1	11.0	4.1	0.0	-11.0	0.0	
3.59766	-0.8	1105	15.1	11.0	4.1	0.0	-11.0	0.0	
3.60156	-0.9	1105	15.1	11.1	4.0	0.0	-11.1	0.0	
3.60547	-0.9	1105	15.1	11.1	4.0	0.0	-11.1	0.0	
3.60938	-0.7	1105	15.1	11.1	4.0	0.0	-11.1	0.0	
3.61328	-0.7	1104	15.1	11.1	4.0	0.0	-11.1	0.0	
3.61719	-0.8	1104	15.0	11.1	3.9	0.0	-11.1	0.0	
3.62109	-0.8	1104	15.0	11.1	3.9	0.0	-11.1	0.0	
3.62500	-0.7	1104	14.9	11.1	3.8	0.0	-11.1	0.0	
3.62891	-0.5	1104	14.9	11.1	3.8	0.0	-11.1	0.0	
3.63281	-0.5	1104	14.9	11.1	3.8	0.0	-11.1	0.0	
3.63672	-0.7	1104	14.9	11.1	3.8	0.0	-11.1	0.0	
3.64062	-0.7	1104	14.9	11.1	3.8	0.0	-11.1	0.0	
3.64453	-0.7	1104	14.8	11.2	3.6	0.0	-11.2	0.0	
3.64844	-0.9	1104	14.9	11.2	3.7	0.0	-11.2	0.0	
3.65234	-1.0	1104	14.8	11.2	3.6	0.0	-11.2	0.0	
3.65625	-1.0	1104	14.8	11.2	3.6	0.0	-11.2	0.0	
3.66016	-1.1	1104	14.8	11.2	3.6	0.0	-11.2	0.0	
3.66406	-1.1	1104	14.8	11.2	3.6	0.0	-11.2	0.0	
3.66797	-1.1	1104	14.8	11.2	3.6	0.0	-11.2	0.0	
3.67188	-1.1	1104	14.8	11.2	3.6	0.0	-11.2	0.0	
3.67578	-1.0	1104	14.8	11.2	3.6	0.0	-11.2	0.0	
3.67969	-1.0	1104	14.9	11.2	3.7	0.0	-11.2	0.0	
3.68359	-1.1	1103	14.9	11.3	3.6	0.0	-11.3	0.0	
3.68750	-1.1	1103	14.9	11.3	3.6	0.0	-11.3	0.0	
3.69141	-1.2	1103	14.9	11.3	3.6	0.0	-11.3	0.0	
3.69531	-1.2	1103	15.0	11.3	3.7	0.0	-11.3	0.0	
3.69922	-1.1	1103	15.0	11.3	3.7	0.0	-11.3	0.0	
3.70312	-1.1	1103	15.0	11.3	3.7	0.0	-11.3	0.0	
3.70703	-1.2	1103	15.0	11.3	3.7	0.0	-11.3	0.0	
3.71094	-1.2	1103	15.0	11.3	3.7	0.0	-11.3	0.0	
3.71484	-1.1	1103	15.1	11.4	3.7	0.0	-11.4	0.0	
3.71875	-1.1	1103	15.1	11.4	3.7	0.0	-11.4	0.0	
3.72266	-1.1	1103	15.1	11.4	3.7	0.0	-11.4	0.0	
3.72656	-1.0	1103	15.0	11.4	3.6	0.0	-11.4	0.0	
3.73047	-1.1	1103	15.0	11.5	3.5	0.0	-11.5	0.0	
3.73438	-1.1	1103	15.1	11.5	3.6	0.0	-11.5	0.0	
3.73828	-0.9	1102	15.1	11.5	3.6	0.0	-11.5	0.0	
3.74219	-1.0	1102	15.1	11.5	3.6	0.0	-11.5	0.0	
3.74609	-1.0	1102	15.1	11.5	3.6	0.0	-11.5	0.0	
3.75000	-0.9	1102	15.0	11.5	3.5	0.0	-11.5	0.0	
3.75391	-0.8	1102	15.0	11.5	3.5	0.0	-11.5	0.0	
3.75781	-0.8	1102	15.0	11.5	3.5	0.0	-11.5	0.0	
3.76172	-0.9	1102	15.0	11.5	3.5	0.0	-11.5	0.0	
3.76562	-0.9	1102	15.0	11.5	3.5	0.0	-11.5	0.0	
3.76953	-0.8	1102	15.0	11.6	3.4	0.0	-11.6	0.0	
3.77344	-0.8	1102	15.0	11.5	3.5	0.0	-11.5	0.0	
3.77734	-0.7	1102	15.0	11.5	3.5	0.0	-11.5	0.0	
3.78125	-0.6	1102	14.9	11.6	3.3	0.0	-11.6	0.0	
3.78516	-0.6	1102	14.9	11.6	3.3	0.0	-11.6	0.0	
3.78906	-0.7	1102	14.9	11.6	3.3	0.0	-11.6	0.0	
3.79297	-0.6	1102	15.0	11.6	3.4	0.0	-11.6	0.0	
3.79688	-0.6	1102	14.9	11.6	3.3	0.0	-11.6	0.0	
3.80078	-0.7	1102	14.8	11.6	3.2	0.0	-11.6	0.0	
3.80469	-0.9	1102	14.8	11.6	3.2	0.0	-11.6	0.0	
3.80859	-1.0	1102	14.8	11.6	3.2	0.0	-11.6	0.0	
3.81250	-0.9	1101	14.8	11.6	3.2	0.0	-11.6	0.0	
3.81641	-0.8	1101	14.8	11.6	3.2	0.0	-11.6	0.0	
3.82031	-0.9	1101	14.8	11.7	3.1	0.0	-11.7	0.0	
3.82422	-1.0	1101	14.7	11.6	3.1	0.0	-11.6	0.0	
3.82812	-0.9	1101	14.7	11.6	3.1	0.0	-11.6	0.0	
3.83203	-0.9	1101	14.7	11.6	3.1	0.0	-11.6	0.0	
3.83594	-0.9	1101	14.7	11.7	3.0	0.0	-11.7	0.0	
3.83984	-1.0	1101	14.7	11.7	3.0	0.0	-11.7	0.0	
3.84375	-1.0	1101	14.7	11.7	3.0	0.0	-11.7	0.0	
3.84766	-0.9	1101	14.7	11.7	3.0	0.0	-11.7	0.0	
3.85156	-0.9	1101	14.7	11.7	3.0	0.0	-11.7	0.0	
3.85547	-1.0	1101	14.7	11.7	3.0	0.0	-11.7	0.0	
3.85938	-1.0	1101	14.7	11.7	3.0	0.0	-11.7	0.0	
3.86328	-1.1	1101	14.8	11.7	3.1	0.0	-11.7	0.0	
3.86719	-1.1	1101	14.8	11.7	3.1	0.0	-11.7	0.0	
3.87109	-1.1	1101	14.8	11.7	3.1	0.0	-11.7	0.0	
3.87500	-1.2	1100	14.8	11.7	3.1	0.0	-11.7	0.0	
3.87891	-1.2	1100	14.9	11.7	3.2	0.0	-11.7	0.0	
3.88281	-1.2	1100	14.9	11.7	3.2	0.0	-11.7	0.0	
3.88672	-1.2	1100	14.8	11.7	3.1	0.0	-11.7	0.0	
3.89062	-1.1	1100	14.8	11.7	3.1	0.0	-11.7	0.0	
3.89453	-1.1	1100	14.9	11.7	3.2	0.0	-11.7	0.0	
3.89844	-1.1	1100	14.9	11.7	3.2	0.0	-11.7	0.0	
3.90234	-1.1	1100	14.9	11.7	3.2	0.0	-11.7	0.0	
3.90625	-1.2	1100	14.9	11.6	3.3	0.0	-11.6	0.0	
3.91016	-1.2	1100	14.9	11.7	3.2	0.0	-11.7	0.0	
3.91406	-1.1	1100	14.9	11.7	3.2	0.0	-11.7	0.0	
3.91797	-1.2	1100	15.0	11.7	3.3	0.0	-11.7	0.0	
3.92188	-1.2	1100	15.0	11.7	3.3	0.0	-11.7	0.0	
3.92578	-1.2	1099	15.0	11.7	3.3	0.0	-11.7	0.0	
3.92969	-1.2	1099	15.0	11.8	3.2	0.0	-11.8	0.0	
3.93359	-1.2	1099	15.0	11.8	3.2	0.0	-11.8	0.0	
3.93750	-1.1	1099	15.0	11.7	3.3	0.0	-11.7	0.0	
3.94141	-1.2	1099	15.0	11.7	3.3	0.0	-11.7	0.0	
3.94531	-1.2	1099	15.1	11.8	3.3	0.0	-11.8	0.0	
3.94922	-1.2	1099	15.1	11.8	3.3	0.0	-11.8	0.0	
3.95312	-1.1	1099	15.1	11.8	3.3	0.0	-11.8	0.0	
3.95703	-1.1	1099	15.1	11.7	3.4	0.0	-11.7	0.0	
3.96094	-1.1	1099	15.1	11.7	3.4	0.0	-11.7	0.0	
3.96484	-1.1	1099	15.1	11.8	3.3	0.0	-11.8	0.0	
3.96875	-1.1	1099	15.1	11.8	3.3	0.0	-11.8	0.0	
3.97266	-1.2	1099	15.2	11.8	3.4	0.0	-11.8	0.0	
3.97656	-1.2	1098	15.2	11.8	3.4	0.0	-11.8	0.0	
3.98047	-1.0	1098	15.2	11.7	3.5	0.0	-11.7	0.0	
3.98438	-1.0	1098	15.1	11.7	3.4	0.0	-11.7	0.0	
3.98828	-1.1	1098	15.1	11.8	3.3	0.0	-11.8	0.0	
3.99219	-1.0	1098	15.2	11.7	3.5	0.0	-11.7	0.0	
3.99609	-1.0	1098	15.2	11.7	3.5	0.0	-11.7	0.0	
4.00000	-1.1	1098	15.2	11.7	3.5	0.0	-11.7	0.0	
4.00391	-1.0	1098	15.2	11.7	3.5	0.0	-11.7	0.0	
4.00781	-0.9	1098	15.2	11.7	3.5	0.0	-11.7	0.0	
4.01172	-1.0	1098	15.2	11.7	3.5	0.0	-11.7	0.0	
4.01562	-1.0	1098	15.2	11.7	3.5	0.0	-11.7	0.0	
4.01953	-0.9	1098	15.2	11.7	3.5	0.0	-11.7	0.0	
4.02344	-0.9	1098	15.2	11.7	3.5	0.0	-11.7	0.0	
4.02734	-1.0	1098	15.2	11.7	3.5	0.0	-11.7	0.0	
4.03125	-0.9	1098	15.2	11.8	3.4	0.0	-11.8	0.0	
4.03516	-0.9	1098	15.1	11.7	3.4	0.0	-11.7	0.0	
4.03906	-1.0	1097	15.1	11.8	3.3	0.0	-11.8	0.0	
4.04297	-1.1	1097	15.1	11.7	3.4	0.0	-11.7	0.0	
4.04688	-1.1	1097	15.1	11.7	3.4	0.0	-11.7	0.0	
4.05078	-1.0	1097	15.1	11.7	3.4	0.0	-11.7	0.0	
4.05469	-0.9	1097	15.1	11.7	3.4	0.0	-11.7	0.0	
4.05859	-1.0	1097	15.1	11.7	3.4	0.0	-11.7	0.0	
4.06250	-1.0	1097	15.1	11.7	3.4	0.0	-11.7	0.0	
4.06641	-1.0	1097	15.1	11.7	3.4	0.0	-11.7	0.0	
4.07031	-0.9	1097	15.1	11.6	3.5	0.0	-11.6	0.0	
4.07422	-0.9	1097	15.1	11.6	3.5	0.0	-11.6	0.0	
4.07812	-0.8	1097	15.0	11.6	3.4	0.0	-11.6	0.0	
4.08203	-0.8	1097	15.0	11.6	3.4	0.0	-11.6	0.0	
4.08594	-0.8	1097	15.1	11.5	3.6	0.0	-11.5	0.0	
4.08984	-0.8	1097	15.0	11.4	3.6	0.0	-11.4	0.0	
4.09375	-0.8	1097	15.0	11.4	3.6	0.0	-11.4	0.0	
4.09766	-0.8	1097	15.0	11.4	3.6	0.0	-11.4	0.0	
4.10156	-0.9	1097	15.0	11.3	3.7	0.0	-11.3	0.0	
4.10547	-1.0	1096	15.0	11.3	3.7	0.0	-11.3	0.0	
4.10938	-0.9	1096	14.9	11.3	3.6	0.0	-11.3	0.0	
4.11328	-1.1	1096	14.9	11.3	3.6	0.0	-11.3	0.0	
4.11719	-1.2	1096	14.9	11.2	3.7	0.0	-11.2	0.0	
4.12109	-1.1	1096	14.9	11.2	3.7	0.0	-11.2	0.0	
4.12500	-1.2	1096	15.0	11.2	3.8	0.0	-11.2	0.0	
4.12891	-1.3	1096	15.0	11.2	3.8	0.0	-11.2	0.0	
4.13281	-1.3	1096	15.0	11.1	3.9	0.0	-11.1	0.0	
4.13672	-1.4	1096	15.1	11.1	4.0	0.0	-11.1	0.0	
4.14062	-1.5	1096	15.1	11.1	4.0	0.0	-11.1	0.0	
4.14453	-1.6	1096	15.1	11.1	4.0	0.0	-11.1	0.0	
4.14844	-1.6	1096	15.1	11.1	4.0	0.0	-11.1	0.0	
4.15234	-1.5	1095	15.2	11.0	4.2	0.0	-11.0	0.0	
4.15625	-1.4	1095	15.2	11.0	4.2	0.0	-11.0	0.0	
4.16016	-1.5	1095	15.2	11.0	4.2	0.0	-11.0	0.0	
4.16406	-1.4	1095	15.2	11.0	4.2	0.0	-11.0	0.0	
4.16797	-1.2	1095	15.3	11.0	4.3	0.0	-11.0	0.0	
4.17188	-1.2	1095	15.3	11.0	4.3	0.0	-11.0	0.0	
4.17578	-1.0	1095	15.3	10.9	4.4	0.0	-10.9	0.0	
4.17969	-0.9	1095	15.3	11.0	4.3	0.0	-11.0	0.0	
4.18359	-0.9	1095	15.4	10.9	4.5	0.0	-10.9	0.0	
4.18750	-1.0	1095	15.4	11.0	4.4	0.0	-11.0	0.0	
4.19141	-1.0	1095	15.4	10.9	4.5	0.0	-10.9	0.0	
4.19531	-0.9	1095	15.3	10.8	4.5	0.0	-10.8	0.0	
4.19922	-0.9	1095	15.3	10.9	4.4	0.0	-10.9	0.0	
4.20312	-0.9	1094	15.4	10.9	4.5	0.0	-10.9	0.0	
4.20703	-0.8	1094	15.4	10.8	4.6	0.0	-10.8	0.0	
4.21094	-0.8	1094	15.3	10.8	4.5	0.0	-10.8	0.0	
4.21484	-0.8	1094	15.3	10.9	4.4	0.0	-10.9	0.0	
4.21875	-0.9	1094	15.3	10.9	4.4	0.0	-10.9	0.0	
4.22266	-0.8	1094	15.3	10.9	4.4	0.0	-10.9	0.0	
4.22656	-0.8	1094	15.3	10.9	4.4	0.0	-10.9	0.0	
4.23047	-0.9	1094	15.3	10.9	4.4	0.0	-10.9	0.0	
4.23438	-0.9	1094	15.3	10.9	4.4	0.0	-10.9	0.0	
4.23828	-0.9	1094	15.2	10.9	4.3	0.0	-10.9	0.0	
4.24219	-1.0	1094	15.2	10.9	4.3	0.0	-10.9	0.0	
4.24609	-1.0	1094	15.2	10.9	4.3	0.0	-10.9	0.0	
4.25000	-0.9	1094	15.2	10.9	4.3	0.0	-10.9	0.0	
4.25391	-1.0	1094	15.2	10.9	4.3	0.0	-10.9	0.0	
4.25781	-0.9	1094	15.2	11.0	4.2	0.0	-11.0	0.0	
4.26172	-0.9	1094	15.2	11.0	4.2	0.0	-11.0	0.0	
4.26562	-0.9	1094	15.1	11.0	4.1	0.0	-11.0	0.0	
4.26953	-0.9	1094	15.1	11.0	4.1	0.0	-11.0	0.0	
4.27344	-0.8	1093	15.1	11.0	4.1	0.0	-11.0	0.0	
4.27734	-0.8	1093	15.1	11.0	4.1	0.0	-11.0	0.0	
4.28125	-0.7	1093	15.0	11.0	4.0	0.0	-11.0	0.0	
4.28516	-0.6	1093	15.0	11.0	4.0	0.0	-11.0	0.0	
4.28906	-0.6	1093	14.9	11.1	3.8	0.0	-11.1	0.0	
4.29297	-0.5	1093	14.9	11.0	3.9	0.0	-11.0	0.0	
4.29688	-0.6	1093	15.0	11.0	4.0	0.0	-11.0	0.0	
4.30078	-0.6	1093	14.9	11.1	3.8	0.0	-11.1	0.0	
4.30469	-0.6	1093	14.8	11.1	3.7	0.0	-11.1	0.0	
4.30859	-0.7	1093	14.8	11.1	3.7	0.0	-11.1	0.0	
4.31250	-0.6	1093	14.8	11.1	3.7	0.0	-11.1	0.0	
4.31641	-0.8	1093	14.8	11.1	3.7	0.0	-11.1	0.0	
4.32031	-0.9	1093	14.7	11.1	3.6	0.0	-11.1	0.0	
4.32422	-0.8	1093	14.7	11.1	3.6	0.0	-11.1	0.0	
4.32812	-1.0	1093	14.8	11.1	3.7	0.0	-11.1	0.0	
4.33203	-1.1	1093	14.7	11.2	3.5	0.0	-11.2	0.0	
4.33594	-1.1	1093	14.7	11.1	3.6	0.0	-11.1	0.0	
4.33984	-1.2	1093	14.7	11.2	3.5	0.0	-11.2	0.0	
4.34375	-1.1	1093	14.8	11.2	3.6	0.0	-11.2	0.0	
4.34766	-1.0	1092	14.7	11.1	3.6	0.0	-11.1	0.0	
4.35156	-1.0	1092	14.7	11.1	3.6	0.0	-11.1	0.0	
4.35547	-1.1	1092	14.7	11.2	3.5	0.0	-11.2	0.0	
4.35938	-1.2	1092	14.8	11.2	3.6	0.0	-11.2	0.0	
4.36328	-1.2	1092	14.8	11.2	3.6	0.0	-11.2	0.0	
4.36719	-1.3	1092	14.8	11.2	3.6	0.0	-11.2	0.0	
4.37109	-1.4	1092	14.9	11.2	3.7	0.0	-11.2	0.0	
4.37500	-1.3	1092	14.9	11.2	3.7	0.0	-11.2	0.0	
4.37891	-1.3	1092	14.9	11.3	3.6	0.0	-11.3	0.0	
4.38281	-1.3	1092	14.9	11.3	3.6	0.0	-11.3	0.0	
4.38672	-1.2	1092	15.0	11.3	3.7	0.0	-11.3	0.0	
4.39062	-1.3	1092	15.0	11.3	3.7	0.0	-11.3	0.0	
4.39453	-1.3	1091	15.0	11.3	3.7	0.0	-11.3	0.0	
4.39844	-1.3	1091	15.0	11.3	3.7	0.0	-11.3	0.0	
4.40234	-1.2	1091	15.0	11.4	3.6	0.0	-11.4	0.0	
4.40625	-1.0	1091	15.0	11.4	3.6	0.0	-11.4	0.0	
4.41016	-1.0	1091	15.0	11.4	3.6	0.0	-11.4	0.0	
4.41406	-1.0	1091	15.0	11.4	3.6	0.0	-11.4	0.0	
4.41797	-1.0	1091	15.1	11.4	3.7	0.0	-11.4	0.0	
4.42188	-1.1	1091	15.0	11.4	3.6	0.0	-11.4	0.0	
4.42578	-1.0	1091	15.0	11.4	3.6	0.0	-11.4	0.0	
4.42969	-1.0	1091	15.0	11.4	3.6	0.0	-11.4	0.0	
4.43359	-1.1	1091	15.0	11.4	3.6	0.0	-11.4	0.0	
4.43750	-0.9	1091	15.0	11.4	3.6	0.0	-11.4	0.0	
4.44141	-0.8	1091	15.0	11.4	3.6	0.0	-11.4	0.0	
4.44531	-1.0	1091	15.0	11.4	3.6	0.0	-11.4	0.0	
4.44922	-0.8	1091	15.0	11.5	3.5	0.0	-11.5	0.0	
4.45312	-0.7	1091	15.0	11.5	3.5	0.0	-11.5	0.0	
4.45703	-0.9	1090	14.9	11.5	3.4	0.0	-11.5	0.0	
4.46094	-0.9	1090	15.0	11.5	3.5	0.0	-11.5	0.0	
4.46484	-0.8	1090	15.0	11.5	3.5	0.0	-11.5	0.0	
4.46875	-0.9	1090	14.9	11.5	3.4	0.0	-11.5	0.0	
4.47266	-0.9	1090	14.9	11.5	3.4	0.0	-11.5	0.0	
4.47656	-0.9	1090	14.9	11.5	3.4	0.0	-11.5	0.0	
4.48047	-1.1	1090	14.8	11.5	3.3	0.0	-11.5	0.0	
4.48438	-1.2	1090	14.9	11.5	3.4	0.0	-11.5	0.0	
4.48828	-0.9	1090	14.9	11.6	3.3	0.0	-11.6	0.0	
4.49219	-0.9	1090	14.8	11.5	3.3	0.0	-11.5	0.0	
4.49609	-1.0	1090	14.8	11.5	3.3	0.0	-11.5	0.0	
4.50000	-0.9	1090	14.8	11.6	3.2	0.0	-11.6	0.0	
4.50391	-1.1	1090	14.8	11.6	3.2	0.0	-11.6	0.0	
4.50781	-1.2	1090	14.8	11.6	3.2	0.0	-11.6	0.0	
4.51172	-1.1	1090	14.8	11.5	3.3	0.0	-11.5	0.0	
4.51562	-1.1	1089	14.8	11.5	3.3	0.0	-11.5	0.0	
4.51953	-1.1	1089	14.8	11.6	3.2	0.0	-11.6	0.0	
4.52344	-1.1	1089	14.9	11.6	3.3	0.0	-11.6	0.0	
4.52734	-1.1	1089	14.9	11.5	3.4	0.0	-11.5	0.0	
4.53125	-1.1	1089	14.9	11.6	3.3	0.0	-11.6	0.0	
4.53516	-1.0	1089	14.9	11.6	3.3	0.0	-11.6	0.0	
4.53906	-1.0	1089	14.9	11.6	3.3	0.0	-11.6	0.0	
4.54297	-1.1	1089	14.9	11.6	3.3	0.0	-11.6	0.0	
4.54688	-1.1	1089	14.9	11.6	3.3	0.0	-11.6	0.0	
4.55078	-1.1	1089	14.9	11.6	3.3	0.0	-11.6	0.0	
4.55469	-1.0	1089	14.9	11.6	3.3	0.0	-11.6	0.0	
4.55859	-1.0	1089	14.9	11.6	3.3	0.0	-11.6	0.0	
4.56250	-1.0	1089	14.9	11.6	3.3	0.0	-11.6	0.0	
4.56641	-1.0	1089	14.9	11.6	3.3	0.0	-11.6	0.0	
4.57031	-1.0	1089	14.9	11.6	3.3	0.0	-11.6	0.0	
4.57422	-0.9	1088	15.0	11.6	3.4	0.0	-11.6	0.0	
4.57812	-0.9	1088	14.8	11.6	3.2	0.0	-11.6	0.0	
4.58203	-1.0	1088	15.1	11.6	3.5	0.0	-11.6	0.0	
4.58594	-1.0	1088	15.0	11.7	3.3	0.0	-11.7	0.0	
4.58984	-1.0	1088	14.8	11.6	3.2	0.0	-11.6	0.0	
4.59375	-0.9	1088	15.6	11.6	4.0	0.0	-11.6	0.0	
4.59766	-1.1	1088	14.1	11.6	2.5	0.0	-11.6	0.0	
4.60156	-0.3	1088	16.1	11.6	4.5	0.0	-11.6	0.0	
