FluxView - FluxMed acquisition system
Signal file
Serial Number	:
W version:	1.20h-OX-CO2	File version:	1.13
Sampling rate:	256 Hz
Time	Flow	Volume	Paw	Pes	Ptpulm	Pga	Ptdiaf	CO2	
0.00391	-2.3	-350	17.0	17.7	-0.7	0.0	-17.7	0.0	
0.00781	-2.1	-350	17.1	17.7	-0.6	0.0	-17.7	0.0	
0.01172	-2.0	-350	17.1	17.6	-0.5	0.0	-17.6	0.0	
0.01562	-2.0	-350	17.0	17.6	-0.6	0.0	-17.6	0.0	
0.01953	-2.0	-350	17.1	17.6	-0.5	0.0	-17.6	0.0	
0.02344	-2.1	-350	17.0	17.5	-0.5	0.0	-17.5	0.0	
0.02734	-2.0	-350	17.0	17.5	-0.5	0.0	-17.5	0.0	
0.03125	-1.9	-350	17.0	17.4	-0.4	0.0	-17.4	0.0	
0.03516	-1.8	-351	16.9	17.4	-0.5	0.0	-17.4	0.0	
0.03906	-1.7	-351	17.0	17.4	-0.4	0.0	-17.4	0.0	
0.04297	-1.8	-351	17.0	17.3	-0.3	0.0	-17.3	0.0	
0.04688	-1.7	-351	16.9	17.3	-0.4	0.0	-17.3	0.0	
0.05078	-1.5	-351	16.9	17.3	-0.4	0.0	-17.3	0.0	
0.05469	-1.5	-351	16.9	17.2	-0.3	0.0	-17.2	0.0	
0.05859	-1.4	-351	16.9	17.2	-0.3	0.0	-17.2	0.0	
0.06250	-1.6	-351	16.9	17.2	-0.3	0.0	-17.2	0.0	
0.06641	-1.8	-351	16.9	17.2	-0.3	0.0	-17.2	0.0	
0.07031	-1.5	-351	16.9	17.2	-0.3	0.0	-17.2	0.0	
0.07422	-1.6	-352	16.9	17.1	-0.2	0.0	-17.1	0.0	
0.07812	-1.8	-352	16.9	17.1	-0.2	0.0	-17.1	0.0	
0.08203	-1.6	-352	16.9	17.1	-0.2	0.0	-17.1	0.0	
0.08594	-1.6	-352	16.9	17.1	-0.2	0.0	-17.1	0.0	
0.08984	-1.8	-352	16.9	17.0	-0.1	0.0	-17.0	0.0	
0.09375	-1.8	-352	16.9	17.1	-0.2	0.0	-17.1	0.0	
0.09766	-1.7	-352	16.9	17.0	-0.1	0.0	-17.0	0.0	
0.10156	-1.7	-352	16.9	17.0	-0.1	0.0	-17.0	0.0	
0.10547	-1.7	-352	16.9	17.1	-0.2	0.0	-17.1	0.0	
0.10938	-1.6	-353	16.9	17.1	-0.2	0.0	-17.1	0.0	
0.11328	-1.8	-353	16.9	17.1	-0.2	0.0	-17.1	0.0	
0.11719	-1.8	-353	16.9	17.1	-0.2	0.0	-17.1	0.0	
0.12109	-1.6	-353	16.9	17.1	-0.2	0.0	-17.1	0.0	
0.12500	-1.4	-353	17.0	17.1	-0.1	0.0	-17.1	0.0	
0.12891	-1.4	-353	16.9	17.1	-0.2	0.0	-17.1	0.0	
0.13281	-1.4	-353	16.9	17.1	-0.2	0.0	-17.1	0.0	
0.13672	-1.3	-353	16.9	17.1	-0.2	0.0	-17.1	0.0	
0.14062	-1.4	-353	16.9	17.1	-0.2	0.0	-17.1	0.0	
0.14453	-1.5	-353	16.9	17.1	-0.2	0.0	-17.1	0.0	
0.14844	-1.3	-354	16.9	17.2	-0.3	0.0	-17.2	0.0	
0.15234	-1.5	-354	16.9	17.2	-0.3	0.0	-17.2	0.0	
0.15625	-1.6	-354	16.9	17.2	-0.3	0.0	-17.2	0.0	
0.16016	-1.5	-354	16.9	17.2	-0.3	0.0	-17.2	0.0	
0.16406	-1.5	-354	16.9	17.2	-0.3	0.0	-17.2	0.0	
0.16797	-1.7	-354	16.9	17.2	-0.3	0.0	-17.2	0.0	
0.17188	-1.7	-354	16.9	17.3	-0.4	0.0	-17.3	0.0	
0.17578	-1.7	-354	16.9	17.2	-0.3	0.0	-17.2	0.0	
0.17969	-1.9	-354	16.9	17.2	-0.3	0.0	-17.2	0.0	
0.18359	-1.7	-355	16.9	17.3	-0.4	0.0	-17.3	0.0	
0.18750	-1.7	-355	16.9	17.3	-0.4	0.0	-17.3	0.0	
0.19141	-1.9	-355	16.9	17.3	-0.4	0.0	-17.3	0.0	
0.19531	-1.8	-355	16.9	17.4	-0.5	0.0	-17.4	0.0	
0.19922	-1.7	-355	17.0	17.4	-0.4	0.0	-17.4	0.0	
0.20312	-1.9	-355	16.9	17.4	-0.5	0.0	-17.4	0.0	
0.20703	-1.8	-355	16.9	17.4	-0.5	0.0	-17.4	0.0	
0.21094	-1.7	-355	17.0	17.4	-0.4	0.0	-17.4	0.0	
0.21484	-1.7	-355	17.0	17.4	-0.4	0.0	-17.4	0.0	
0.21875	-1.6	-356	17.0	17.4	-0.4	0.0	-17.4	0.0	
0.22266	-1.6	-356	17.0	17.5	-0.5	0.0	-17.5	0.0	
0.22656	-1.7	-356	16.9	17.5	-0.6	0.0	-17.5	0.0	
0.23047	-1.5	-356	16.9	17.5	-0.6	0.0	-17.5	0.0	
0.23438	-1.5	-356	16.9	17.5	-0.6	0.0	-17.5	0.0	
0.23828	-1.6	-356	16.9	17.5	-0.6	0.0	-17.5	0.0	
0.24219	-1.5	-356	16.9	17.6	-0.7	0.0	-17.6	0.0	
0.24609	-1.3	-356	16.9	17.6	-0.7	0.0	-17.6	0.0	
0.25000	-1.3	-356	16.9	17.6	-0.7	0.0	-17.6	0.0	
0.25391	-1.3	-356	16.9	17.6	-0.7	0.0	-17.6	0.0	
0.25781	-1.3	-357	16.9	17.6	-0.7	0.0	-17.6	0.0	
0.26172	-1.3	-357	16.8	17.6	-0.8	0.0	-17.6	0.0	
0.26562	-1.3	-357	16.8	17.7	-0.9	0.0	-17.7	0.0	
0.26953	-1.3	-357	16.8	17.7	-0.9	0.0	-17.7	0.0	
0.27344	-1.2	-357	16.8	17.7	-0.9	0.0	-17.7	0.0	
0.27734	-1.4	-357	16.8	17.7	-0.9	0.0	-17.7	0.0	
0.28125	-1.5	-357	16.8	17.7	-0.9	0.0	-17.7	0.0	
0.28516	-1.5	-357	16.8	17.8	-1.0	0.0	-17.8	0.0	
0.28906	-1.6	-357	16.8	17.7	-0.9	0.0	-17.7	0.0	
0.29297	-1.6	-357	16.8	17.7	-0.9	0.0	-17.7	0.0	
0.29688	-1.5	-357	16.8	17.8	-1.0	0.0	-17.8	0.0	
0.30078	-1.5	-358	16.8	17.8	-1.0	0.0	-17.8	0.0	
0.30469	-1.4	-358	16.9	17.8	-0.9	0.0	-17.8	0.0	
0.30859	-1.3	-358	16.9	17.8	-0.9	0.0	-17.8	0.0	
0.31250	-1.4	-358	16.9	17.8	-0.9	0.0	-17.8	0.0	
0.31641	-1.5	-358	16.8	17.8	-1.0	0.0	-17.8	0.0	
0.32031	-1.4	-358	16.9	17.8	-0.9	0.0	-17.8	0.0	
0.32422	-1.3	-358	16.9	17.9	-1.0	0.0	-17.9	0.0	
0.32812	-1.3	-358	16.9	17.9	-1.0	0.0	-17.9	0.0	
0.33203	-1.3	-358	16.9	17.9	-1.0	0.0	-17.9	0.0	
0.33594	-1.4	-358	16.9	17.8	-0.9	0.0	-17.8	0.0	
0.33984	-1.3	-358	16.9	17.8	-0.9	0.0	-17.8	0.0	
0.34375	-1.3	-358	16.9	17.9	-1.0	0.0	-17.9	0.0	
0.34766	-1.3	-359	16.9	17.9	-1.0	0.0	-17.9	0.0	
0.35156	-1.5	-359	16.9	17.9	-1.0	0.0	-17.9	0.0	
0.35547	-1.6	-359	17.0	17.9	-0.9	0.0	-17.9	0.0	
0.35938	-1.4	-359	17.0	17.9	-0.9	0.0	-17.9	0.0	
0.36328	-1.6	-359	16.9	17.9	-1.0	0.0	-17.9	0.0	
0.36719	-1.7	-359	17.0	17.9	-0.9	0.0	-17.9	0.0	
0.37109	-1.5	-359	17.0	17.9	-0.9	0.0	-17.9	0.0	
0.37500	-1.5	-359	17.0	17.9	-0.9	0.0	-17.9	0.0	
0.37891	-1.6	-359	17.0	18.0	-1.0	0.0	-18.0	0.0	
0.38281	-1.6	-359	17.0	17.9	-0.9	0.0	-17.9	0.0	
0.38672	-1.7	-360	17.0	18.0	-1.0	0.0	-18.0	0.0	
0.39062	-1.9	-360	16.9	18.0	-1.1	0.0	-18.0	0.0	
0.39453	-1.7	-360	17.0	18.0	-1.0	0.0	-18.0	0.0	
0.39844	-1.6	-360	17.0	18.0	-1.0	0.0	-18.0	0.0	
0.40234	-1.7	-360	16.9	18.0	-1.1	0.0	-18.0	0.0	
0.40625	-1.7	-360	16.9	18.0	-1.1	0.0	-18.0	0.0	
0.41016	-1.6	-360	17.0	18.0	-1.0	0.0	-18.0	0.0	
0.41406	-1.7	-360	16.9	18.0	-1.1	0.0	-18.0	0.0	
0.41797	-1.9	-361	16.9	18.1	-1.2	0.0	-18.1	0.0	
0.42188	-1.6	-361	17.0	18.1	-1.1	0.0	-18.1	0.0	
0.42578	-1.5	-361	16.9	18.1	-1.2	0.0	-18.1	0.0	
0.42969	-1.6	-361	16.9	18.1	-1.2	0.0	-18.1	0.0	
0.43359	-1.5	-361	16.9	18.1	-1.2	0.0	-18.1	0.0	
0.43750	-1.5	-361	16.9	18.1	-1.2	0.0	-18.1	0.0	
0.44141	-1.5	-361	16.8	18.1	-1.3	0.0	-18.1	0.0	
0.44531	-1.4	-361	16.9	18.2	-1.3	0.0	-18.2	0.0	
0.44922	-1.4	-361	16.8	18.1	-1.3	0.0	-18.1	0.0	
0.45312	-1.3	-361	16.8	18.1	-1.3	0.0	-18.1	0.0	
0.45703	-1.3	-361	16.9	18.2	-1.3	0.0	-18.2	0.0	
0.46094	-1.5	-362	16.9	18.2	-1.3	0.0	-18.2	0.0	
0.46484	-1.4	-362	16.8	18.3	-1.5	0.0	-18.3	0.0	
0.46875	-1.5	-362	16.9	18.3	-1.4	0.0	-18.3	0.0	
0.47266	-1.6	-362	16.9	18.2	-1.3	0.0	-18.2	0.0	
0.47656	-1.7	-362	16.8	18.3	-1.5	0.0	-18.3	0.0	
0.48047	-1.9	-362	16.9	18.3	-1.4	0.0	-18.3	0.0	
0.48438	-1.9	-362	17.0	18.4	-1.4	0.0	-18.4	0.0	
0.48828	-1.9	-362	16.8	18.4	-1.6	0.0	-18.4	0.0	
0.49219	-2.1	-362	17.4	18.5	-1.1	0.0	-18.5	0.0	
0.49609	-0.9	-363	18.2	18.5	-0.3	0.0	-18.5	0.0	
0.50000	0.7	-362	17.5	18.6	-1.1	0.0	-18.6	0.0	
0.50391	0.3	-362	16.2	18.6	-2.4	0.0	-18.6	0.0	
0.50781	-0.4	-362	16.2	18.7	-2.5	0.0	-18.7	0.0	
0.51172	-0.2	-362	17.0	18.7	-1.7	0.0	-18.7	0.0	
0.51562	-0.3	-363	17.5	18.7	-1.2	0.0	-18.7	0.0	
0.51953	0.1	-363	17.3	18.6	-1.3	0.0	-18.6	0.0	
0.52344	0.7	-362	17.0	18.7	-1.7	0.0	-18.7	0.0	
0.52734	1.0	-362	16.8	18.6	-1.8	0.0	-18.6	0.0	
0.53125	1.4	-362	16.6	18.6	-2.0	0.0	-18.6	0.0	
0.53516	1.6	-362	16.4	18.5	-2.1	0.0	-18.5	0.0	
0.53906	1.4	-362	16.4	18.5	-2.1	0.0	-18.5	0.0	
0.54297	1.1	-362	16.5	18.4	-1.9	0.0	-18.4	0.0	
0.54688	1.0	-362	16.4	18.4	-2.0	0.0	-18.4	0.0	
0.55078	0.7	-362	16.2	18.4	-2.2	0.0	-18.4	0.0	
0.55469	0.2	-362	16.1	18.3	-2.2	0.0	-18.3	0.0	
0.55859	-0.1	-362	16.2	18.3	-2.1	0.0	-18.3	0.0	
0.56250	-0.3	-362	16.3	18.3	-2.0	0.0	-18.3	0.0	
0.56641	-0.5	-362	16.3	18.3	-2.0	0.0	-18.3	0.0	
0.57031	-0.4	-362	16.3	18.3	-2.0	0.0	-18.3	0.0	
0.57422	-0.3	-362	16.3	18.2	-1.9	0.0	-18.2	0.0	
0.57812	-0.4	-362	16.4	18.2	-1.8	0.0	-18.2	0.0	
0.58203	-0.3	-362	16.3	18.3	-2.0	0.0	-18.3	0.0	
0.58594	-0.4	-362	16.4	18.2	-1.8	0.0	-18.2	0.0	
0.58984	-0.9	-362	16.5	18.2	-1.7	0.0	-18.2	0.0	
0.59375	-0.8	-362	16.6	18.1	-1.5	0.0	-18.1	0.0	
0.59766	-0.8	-362	16.6	18.1	-1.5	0.0	-18.1	0.0	
0.60156	-1.0	-362	16.7	18.1	-1.4	0.0	-18.1	0.0	
0.60547	-0.8	-362	16.7	18.2	-1.5	0.0	-18.2	0.0	
0.60938	-0.6	-362	16.8	18.2	-1.4	0.0	-18.2	0.0	
0.61328	-0.6	-362	16.8	18.2	-1.4	0.0	-18.2	0.0	
0.61719	-0.6	-362	16.8	18.1	-1.3	0.0	-18.1	0.0	
0.62109	-0.5	-363	16.8	18.2	-1.4	0.0	-18.2	0.0	
0.62500	-0.5	-363	16.9	18.2	-1.3	0.0	-18.2	0.0	
0.62891	-0.4	-363	16.9	18.1	-1.2	0.0	-18.1	0.0	
0.63281	-0.3	-363	17.0	18.2	-1.2	0.0	-18.2	0.0	
0.63672	-0.4	-363	17.1	18.2	-1.1	0.0	-18.2	0.0	
0.64062	-0.5	-363	17.0	18.1	-1.1	0.0	-18.1	0.0	
0.64453	-0.3	-363	17.0	18.2	-1.2	0.0	-18.2	0.0	
0.64844	-0.2	-363	17.0	18.2	-1.2	0.0	-18.2	0.0	
0.65234	-0.3	-363	17.0	18.1	-1.1	0.0	-18.1	0.0	
0.65625	-0.3	-363	17.0	18.1	-1.1	0.0	-18.1	0.0	
0.66016	-0.2	-363	16.9	18.1	-1.2	0.0	-18.1	0.0	
0.66406	-0.3	-363	16.9	18.1	-1.2	0.0	-18.1	0.0	
0.66797	-0.3	-363	17.0	18.0	-1.0	0.0	-18.0	0.0	
0.67188	-0.1	-363	16.9	18.1	-1.2	0.0	-18.1	0.0	
0.67578	-0.2	-363	16.9	18.0	-1.1	0.0	-18.0	0.0	
0.67969	-0.3	-363	16.9	18.0	-1.1	0.0	-18.0	0.0	
0.68359	-0.1	-363	16.9	18.0	-1.1	0.0	-18.0	0.0	
0.68750	-0.3	-363	16.9	18.0	-1.1	0.0	-18.0	0.0	
0.69141	-0.4	-363	16.9	17.9	-1.0	0.0	-17.9	0.0	
0.69531	-0.1	-363	16.9	17.9	-1.0	0.0	-17.9	0.0	
0.69922	-0.2	-363	16.9	17.9	-1.0	0.0	-17.9	0.0	
0.70312	-0.4	-363	16.9	17.9	-1.0	0.0	-17.9	0.0	
0.70703	-0.3	-363	16.9	17.9	-1.0	0.0	-17.9	0.0	
0.71094	-0.4	-363	16.9	17.8	-0.9	0.0	-17.8	0.0	
0.71484	-0.5	-363	16.9	17.7	-0.8	0.0	-17.7	0.0	
0.71875	-0.3	-363	16.9	17.8	-0.9	0.0	-17.8	0.0	
0.72266	-0.3	-363	17.0	17.8	-0.8	0.0	-17.8	0.0	
0.72656	-0.5	-363	16.9	17.7	-0.8	0.0	-17.7	0.0	
0.73047	-0.4	-363	16.9	17.7	-0.8	0.0	-17.7	0.0	
0.73438	-0.3	-363	17.0	17.7	-0.7	0.0	-17.7	0.0	
0.73828	-0.5	-363	17.0	17.7	-0.7	0.0	-17.7	0.0	
0.74219	-0.5	-363	17.0	17.6	-0.6	0.0	-17.6	0.0	
0.74609	-0.3	-363	17.0	17.6	-0.6	0.0	-17.6	0.0	
0.75000	-0.4	-363	17.0	17.5	-0.5	0.0	-17.5	0.0	
0.75391	-0.3	-363	17.0	17.5	-0.5	0.0	-17.5	0.0	
0.75781	-0.2	-363	17.0	17.4	-0.4	0.0	-17.4	0.0	
0.76172	-0.3	-363	17.0	17.4	-0.4	0.0	-17.4	0.0	
0.76562	-0.3	-363	17.0	17.4	-0.4	0.0	-17.4	0.0	
0.76953	-0.1	-363	17.0	17.4	-0.4	0.0	-17.4	0.0	
0.77344	-0.2	-363	17.0	17.3	-0.3	0.0	-17.3	0.0	
0.77734	-0.2	-363	17.0	17.3	-0.3	0.0	-17.3	0.0	
0.78125	-0.1	-363	16.9	17.3	-0.4	0.0	-17.3	0.0	
0.78516	-0.1	-363	16.9	17.3	-0.4	0.0	-17.3	0.0	
0.78906	-0.2	-363	16.9	17.2	-0.3	0.0	-17.2	0.0	
0.79297	-0.1	-363	16.9	17.2	-0.3	0.0	-17.2	0.0	
0.79688	-0.2	-363	16.8	17.1	-0.3	0.0	-17.1	0.0	
0.80078	-0.2	-363	16.8	17.1	-0.3	0.0	-17.1	0.0	
0.80469	-0.2	-363	16.8	17.1	-0.3	0.0	-17.1	0.0	
0.80859	-0.1	-363	16.8	17.1	-0.3	0.0	-17.1	0.0	
0.81250	-0.3	-363	16.8	17.1	-0.3	0.0	-17.1	0.0	
0.81641	-0.4	-363	16.8	17.1	-0.3	0.0	-17.1	0.0	
0.82031	-0.3	-363	16.9	17.1	-0.2	0.0	-17.1	0.0	
0.82422	-0.3	-363	16.8	17.0	-0.2	0.0	-17.0	0.0	
0.82812	-0.3	-364	16.8	17.0	-0.2	0.0	-17.0	0.0	
0.83203	-0.2	-364	16.9	17.0	-0.1	0.0	-17.0	0.0	
0.83594	-0.2	-364	16.9	17.1	-0.2	0.0	-17.1	0.0	
0.83984	-0.3	-364	16.8	17.1	-0.3	0.0	-17.1	0.0	
0.84375	-0.3	-364	16.8	17.0	-0.2	0.0	-17.0	0.0	
0.84766	-0.3	-364	16.9	17.1	-0.2	0.0	-17.1	0.0	
0.85156	-0.3	-364	16.9	17.1	-0.2	0.0	-17.1	0.0	
0.85547	-0.3	-364	16.9	17.1	-0.2	0.0	-17.1	0.0	
0.85938	-0.3	-364	16.9	17.1	-0.2	0.0	-17.1	0.0	
0.86328	-0.3	-364	16.9	17.1	-0.2	0.0	-17.1	0.0	
0.86719	-0.4	-364	16.9	17.1	-0.2	0.0	-17.1	0.0	
0.87109	-0.4	-364	17.0	17.1	-0.1	0.0	-17.1	0.0	
0.87500	-0.3	-364	17.0	17.1	-0.1	0.0	-17.1	0.0	
0.87891	-0.3	-364	17.0	17.2	-0.2	0.0	-17.2	0.0	
0.88281	-0.2	-364	17.0	17.2	-0.2	0.0	-17.2	0.0	
0.88672	-0.2	-364	17.0	17.2	-0.2	0.0	-17.2	0.0	
0.89062	-0.4	-364	17.0	17.2	-0.2	0.0	-17.2	0.0	
0.89453	-0.4	-364	17.0	17.2	-0.2	0.0	-17.2	0.0	
0.89844	-0.2	-364	17.0	17.3	-0.3	0.0	-17.3	0.0	
0.90234	-0.3	-364	17.0	17.3	-0.3	0.0	-17.3	0.0	
0.90625	-0.3	-364	17.0	17.3	-0.3	0.0	-17.3	0.0	
0.91016	-0.2	-364	17.0	17.3	-0.3	0.0	-17.3	0.0	
0.91406	-0.3	-364	16.9	17.3	-0.4	0.0	-17.3	0.0	
0.91797	-0.3	-364	17.0	17.4	-0.4	0.0	-17.4	0.0	
0.92188	-0.3	-364	17.1	17.4	-0.3	0.0	-17.4	0.0	
0.92578	-0.4	-364	17.0	17.4	-0.4	0.0	-17.4	0.0	
0.92969	-0.4	-364	17.1	17.4	-0.3	0.0	-17.4	0.0	
0.93359	-0.4	-364	17.1	17.5	-0.4	0.0	-17.5	0.0	
0.93750	-0.3	-364	17.0	17.4	-0.4	0.0	-17.4	0.0	
0.94141	-0.4	-364	17.1	17.4	-0.3	0.0	-17.4	0.0	
0.94531	-0.4	-364	17.0	17.4	-0.4	0.0	-17.4	0.0	
0.94922	-0.3	-364	17.0	17.5	-0.5	0.0	-17.5	0.0	
0.95312	-0.3	-364	17.1	17.6	-0.5	0.0	-17.6	0.0	
0.95703	-0.2	-364	17.1	17.5	-0.4	0.0	-17.5	0.0	
0.96094	-0.2	-364	17.0	17.5	-0.5	0.0	-17.5	0.0	
0.96484	-0.4	-364	17.0	17.6	-0.6	0.0	-17.6	0.0	
0.96875	-0.2	-364	17.0	17.6	-0.6	0.0	-17.6	0.0	
0.97266	-0.2	-364	17.0	17.6	-0.6	0.0	-17.6	0.0	
0.97656	-0.4	-364	17.0	17.7	-0.7	0.0	-17.7	0.0	
0.98047	-0.3	-364	17.0	17.7	-0.7	0.0	-17.7	0.0	
0.98438	-0.3	-364	17.0	17.7	-0.7	0.0	-17.7	0.0	
0.98828	-0.3	-364	17.0	17.7	-0.7	0.0	-17.7	0.0	
0.99219	-0.3	-364	17.0	17.7	-0.7	0.0	-17.7	0.0	
0.99609	-0.2	-364	17.0	17.7	-0.7	0.0	-17.7	0.0	
1.00000	-0.2	-364	17.0	17.8	-0.8	0.0	-17.8	0.0	
1.00391	-0.4	-364	17.0	17.8	-0.8	0.0	-17.8	0.0	
1.00781	-0.3	-364	17.0	17.8	-0.8	0.0	-17.8	0.0	
1.01172	-0.2	-364	17.0	17.8	-0.8	0.0	-17.8	0.0	
1.01562	-0.4	-364	17.0	17.8	-0.8	0.0	-17.8	0.0	
1.01953	-0.5	-364	17.0	17.8	-0.8	0.0	-17.8	0.0	
1.02344	-0.4	-365	17.0	17.8	-0.8	0.0	-17.8	0.0	
1.02734	-0.4	-365	17.0	17.9	-0.9	0.0	-17.9	0.0	
1.03125	-0.3	-365	17.0	17.9	-0.9	0.0	-17.9	0.0	
1.03516	-0.2	-365	17.1	17.9	-0.8	0.0	-17.9	0.0	
1.03906	-0.4	-365	17.0	17.9	-0.9	0.0	-17.9	0.0	
1.04297	-0.5	-365	17.0	17.9	-0.9	0.0	-17.9	0.0	
1.04688	-0.3	-365	17.1	17.9	-0.8	0.0	-17.9	0.0	
1.05078	-0.3	-365	17.1	18.0	-0.9	0.0	-18.0	0.0	
1.05469	-0.3	-365	17.1	18.0	-0.9	0.0	-18.0	0.0	
1.05859	-0.3	-365	17.1	18.0	-0.9	0.0	-18.0	0.0	
1.06250	-0.3	-365	17.1	18.0	-0.9	0.0	-18.0	0.0	
1.06641	-0.4	-365	17.1	18.0	-0.9	0.0	-18.0	0.0	
1.07031	-0.3	-365	17.1	18.0	-0.9	0.0	-18.0	0.0	
1.07422	-0.2	-365	17.1	18.0	-0.9	0.0	-18.0	0.0	
1.07812	-0.3	-365	17.1	18.1	-1.0	0.0	-18.1	0.0	
1.08203	-0.3	-365	17.1	18.0	-0.9	0.0	-18.0	0.0	
1.08594	-0.3	-365	17.2	18.0	-0.8	0.0	-18.0	0.0	
1.08984	-0.5	-365	17.2	18.0	-0.8	0.0	-18.0	0.0	
1.09375	-0.3	-365	17.2	18.0	-0.8	0.0	-18.0	0.0	
1.09766	-0.3	-365	17.2	18.0	-0.8	0.0	-18.0	0.0	
1.10156	-0.4	-365	17.2	18.1	-0.9	0.0	-18.1	0.0	
1.10547	-0.4	-365	17.3	18.1	-0.8	0.0	-18.1	0.0	
1.10938	-0.3	-365	17.3	18.1	-0.8	0.0	-18.1	0.0	
1.11328	-0.3	-365	17.3	18.1	-0.8	0.0	-18.1	0.0	
1.11719	-0.4	-365	17.3	18.1	-0.8	0.0	-18.1	0.0	
1.12109	-0.3	-365	17.3	18.1	-0.8	0.0	-18.1	0.0	
1.12500	-0.3	-365	17.3	18.1	-0.8	0.0	-18.1	0.0	
1.12891	-0.4	-365	17.3	18.1	-0.8	0.0	-18.1	0.0	
1.13281	-0.3	-365	17.3	18.1	-0.8	0.0	-18.1	0.0	
1.13672	-0.2	-365	17.3	18.2	-0.9	0.0	-18.2	0.0	
1.14062	-0.4	-365	17.2	18.2	-1.0	0.0	-18.2	0.0	
1.14453	-0.3	-365	17.3	18.1	-0.8	0.0	-18.1	0.0	
1.14844	-0.2	-365	17.3	18.2	-0.9	0.0	-18.2	0.0	
1.15234	-0.3	-365	17.2	18.2	-1.0	0.0	-18.2	0.0	
1.15625	-0.2	-365	17.2	18.2	-1.0	0.0	-18.2	0.0	
1.16016	-0.1	-365	17.2	18.2	-1.0	0.0	-18.2	0.0	
1.16406	-0.3	-365	17.2	18.2	-1.0	0.0	-18.2	0.0	
1.16797	-0.3	-365	17.2	18.3	-1.1	0.0	-18.3	0.0	
1.17188	-0.2	-365	17.2	18.3	-1.1	0.0	-18.3	0.0	
1.17578	-0.3	-365	17.2	18.3	-1.1	0.0	-18.3	0.0	
1.17969	-0.3	-365	17.1	18.3	-1.2	0.0	-18.3	0.0	
1.18359	-0.1	-365	17.1	18.3	-1.2	0.0	-18.3	0.0	
1.18750	-0.3	-365	17.2	18.3	-1.1	0.0	-18.3	0.0	
1.19141	-0.4	-365	17.1	18.3	-1.2	0.0	-18.3	0.0	
1.19531	-0.2	-365	17.1	18.3	-1.2	0.0	-18.3	0.0	
1.19922	-0.2	-365	17.2	18.4	-1.2	0.0	-18.4	0.0	
1.20312	-0.4	-365	17.1	18.4	-1.3	0.0	-18.4	0.0	
1.20703	-0.5	-365	17.2	18.4	-1.2	0.0	-18.4	0.0	
1.21094	-0.4	-365	17.3	18.5	-1.2	0.0	-18.5	0.0	
1.21484	-0.5	-366	17.2	18.5	-1.3	0.0	-18.5	0.0	
1.21875	-0.4	-366	17.3	18.6	-1.3	0.0	-18.6	0.0	
1.22266	-0.3	-366	17.3	18.6	-1.3	0.0	-18.6	0.0	
1.22656	-0.3	-366	17.3	18.7	-1.4	0.0	-18.7	0.0	
1.23047	-0.3	-366	17.3	18.7	-1.4	0.0	-18.7	0.0	
1.23438	0.0	-366	17.3	18.8	-1.5	0.0	-18.8	0.0	
1.23828	-0.1	-366	17.2	18.8	-1.6	0.0	-18.8	0.0	
1.24219	-0.2	-366	17.2	18.8	-1.6	0.0	-18.8	0.0	
1.24609	-0.0	-366	17.1	18.8	-1.7	0.0	-18.8	0.0	
1.25000	0.1	-366	17.0	18.8	-1.8	0.0	-18.8	0.0	
1.25391	0.3	-366	17.0	18.8	-1.8	0.0	-18.8	0.0	
1.25781	0.8	-366	17.0	18.7	-1.7	0.0	-18.7	0.0	
1.26172	0.8	-365	16.8	18.7	-1.9	0.0	-18.7	0.0	
1.26562	0.7	-365	16.7	18.6	-1.9	0.0	-18.6	0.0	
1.26953	0.7	-365	16.6	18.6	-2.0	0.0	-18.6	0.0	
1.27344	0.8	-365	16.6	18.6	-2.0	0.0	-18.6	0.0	
1.27734	0.5	-365	16.6	18.5	-1.9	0.0	-18.5	0.0	
1.28125	0.3	-365	16.5	18.5	-2.0	0.0	-18.5	0.0	
1.28516	0.2	-365	16.5	18.4	-1.9	0.0	-18.4	0.0	
1.28906	0.0	-365	16.5	18.4	-1.9	0.0	-18.4	0.0	
1.29297	-0.3	-365	16.5	18.4	-1.9	0.0	-18.4	0.0	
1.29688	-0.4	-365	16.5	18.4	-1.9	0.0	-18.4	0.0	
1.30078	-0.4	-365	16.5	18.4	-1.9	0.0	-18.4	0.0	
1.30469	-0.4	-365	16.5	18.3	-1.8	0.0	-18.3	0.0	
1.30859	-0.4	-365	16.6	18.4	-1.8	0.0	-18.4	0.0	
1.31250	-0.5	-365	16.6	18.4	-1.8	0.0	-18.4	0.0	
1.31641	-0.6	-365	16.7	18.3	-1.6	0.0	-18.3	0.0	
1.32031	-0.6	-366	16.7	18.3	-1.6	0.0	-18.3	0.0	
1.32422	-0.7	-366	16.8	18.3	-1.5	0.0	-18.3	0.0	
1.32812	-0.7	-366	16.8	18.3	-1.5	0.0	-18.3	0.0	
1.33203	-0.7	-366	16.8	18.3	-1.5	0.0	-18.3	0.0	
1.33594	-0.7	-366	16.9	18.3	-1.4	0.0	-18.3	0.0	
1.33984	-0.6	-366	16.9	18.3	-1.4	0.0	-18.3	0.0	
1.34375	-0.6	-366	16.9	18.3	-1.4	0.0	-18.3	0.0	
1.34766	-0.7	-366	17.0	18.3	-1.3	0.0	-18.3	0.0	
1.35156	-0.7	-366	17.1	18.3	-1.2	0.0	-18.3	0.0	
1.35547	-0.5	-366	17.1	18.3	-1.2	0.0	-18.3	0.0	
1.35938	-0.4	-366	17.1	18.3	-1.2	0.0	-18.3	0.0	
1.36328	-0.4	-366	17.1	18.3	-1.2	0.0	-18.3	0.0	
1.36719	-0.4	-366	17.1	18.2	-1.1	0.0	-18.2	0.0	
1.37109	-0.3	-366	17.2	18.2	-1.0	0.0	-18.2	0.0	
1.37500	-0.2	-366	17.2	18.3	-1.1	0.0	-18.3	0.0	
1.37891	-0.3	-366	17.1	18.2	-1.1	0.0	-18.2	0.0	
1.38281	-0.3	-366	17.1	18.2	-1.1	0.0	-18.2	0.0	
1.38672	-0.2	-366	17.1	18.2	-1.1	0.0	-18.2	0.0	
1.39062	-0.3	-366	17.1	18.2	-1.1	0.0	-18.2	0.0	
1.39453	-0.3	-366	17.1	18.2	-1.1	0.0	-18.2	0.0	
1.39844	-0.1	-366	17.1	18.2	-1.1	0.0	-18.2	0.0	
1.40234	-0.2	-366	17.1	18.2	-1.1	0.0	-18.2	0.0	
1.40625	-0.1	-366	17.1	18.2	-1.1	0.0	-18.2	0.0	
1.41016	-0.1	-366	17.1	18.1	-1.0	0.0	-18.1	0.0	
1.41406	-0.2	-366	17.0	18.1	-1.1	0.0	-18.1	0.0	
1.41797	-0.3	-366	17.1	18.1	-1.0	0.0	-18.1	0.0	
1.42188	-0.2	-366	17.1	18.1	-1.0	0.0	-18.1	0.0	
1.42578	-0.3	-366	17.0	18.0	-1.0	0.0	-18.0	0.0	
1.42969	-0.3	-366	17.0	17.9	-0.9	0.0	-17.9	0.0	
1.43359	-0.1	-366	17.0	17.9	-0.9	0.0	-17.9	0.0	
1.43750	-0.2	-366	17.0	17.9	-0.9	0.0	-17.9	0.0	
1.44141	-0.5	-366	17.0	17.9	-0.9	0.0	-17.9	0.0	
1.44531	-0.4	-366	17.0	17.9	-0.9	0.0	-17.9	0.0	
1.44922	-0.3	-366	17.1	17.8	-0.7	0.0	-17.8	0.0	
1.45312	-0.3	-366	17.1	17.8	-0.7	0.0	-17.8	0.0	
1.45703	-0.4	-366	17.1	17.8	-0.7	0.0	-17.8	0.0	
1.46094	-0.4	-366	17.1	17.8	-0.7	0.0	-17.8	0.0	
1.46484	-0.4	-366	17.1	17.8	-0.7	0.0	-17.8	0.0	
1.46875	-0.5	-366	17.1	17.8	-0.7	0.0	-17.8	0.0	
1.47266	-0.4	-366	17.1	17.7	-0.6	0.0	-17.7	0.0	
1.47656	-0.3	-366	17.1	17.7	-0.6	0.0	-17.7	0.0	
1.48047	-0.3	-367	17.1	17.7	-0.6	0.0	-17.7	0.0	
1.48438	-0.2	-367	17.2	17.6	-0.4	0.0	-17.6	0.0	
1.48828	-0.2	-367	17.2	17.6	-0.4	0.0	-17.6	0.0	
1.49219	-0.2	-367	17.2	17.6	-0.4	0.0	-17.6	0.0	
1.49609	-0.2	-367	17.2	17.5	-0.3	0.0	-17.5	0.0	
1.50000	-0.2	-367	17.1	17.5	-0.4	0.0	-17.5	0.0	
1.50391	-0.1	-367	17.1	17.4	-0.3	0.0	-17.4	0.0	
1.50781	-0.1	-367	17.1	17.4	-0.3	0.0	-17.4	0.0	
1.51172	-0.2	-367	17.1	17.4	-0.3	0.0	-17.4	0.0	
1.51562	-0.3	-367	17.0	17.3	-0.3	0.0	-17.3	0.0	
1.51953	-0.3	-367	17.0	17.3	-0.3	0.0	-17.3	0.0	
1.52344	-0.2	-367	17.0	17.3	-0.3	0.0	-17.3	0.0	
1.52734	-0.1	-367	17.0	17.2	-0.2	0.0	-17.2	0.0	
1.53125	-0.2	-367	17.0	17.2	-0.2	0.0	-17.2	0.0	
1.53516	-0.2	-367	17.0	17.2	-0.2	0.0	-17.2	0.0	
1.53906	-0.2	-367	17.0	17.2	-0.2	0.0	-17.2	0.0	
1.54297	-0.3	-367	17.0	17.2	-0.2	0.0	-17.2	0.0	
1.54688	-0.2	-367	17.0	17.2	-0.2	0.0	-17.2	0.0	
1.55078	-0.2	-367	17.0	17.2	-0.2	0.0	-17.2	0.0	
1.55469	-0.3	-367	17.0	17.2	-0.2	0.0	-17.2	0.0	
1.55859	-0.3	-367	17.1	17.2	-0.1	0.0	-17.2	0.0	
1.56250	-0.3	-367	17.0	17.2	-0.2	0.0	-17.2	0.0	
1.56641	-0.4	-367	17.0	17.1	-0.1	0.0	-17.1	0.0	
1.57031	-0.3	-367	17.0	17.1	-0.1	0.0	-17.1	0.0	
1.57422	-0.4	-367	17.0	17.2	-0.2	0.0	-17.2	0.0	
1.57812	-0.5	-367	17.0	17.1	-0.1	0.0	-17.1	0.0	
1.58203	-0.4	-367	17.0	17.2	-0.2	0.0	-17.2	0.0	
1.58594	-0.3	-367	17.1	17.2	-0.1	0.0	-17.2	0.0	
1.58984	-0.4	-367	17.1	17.2	-0.1	0.0	-17.2	0.0	
1.59375	-0.3	-367	17.1	17.2	-0.1	0.0	-17.2	0.0	
1.59766	-0.3	-367	17.1	17.3	-0.2	0.0	-17.3	0.0	
1.60156	-0.3	-367	17.1	17.3	-0.2	0.0	-17.3	0.0	
1.60547	-0.3	-367	17.1	17.2	-0.1	0.0	-17.2	0.0	
1.60938	-0.2	-367	17.1	17.2	-0.1	0.0	-17.2	0.0	
1.61328	-0.2	-367	17.1	17.3	-0.2	0.0	-17.3	0.0	
1.61719	-0.2	-367	17.1	17.3	-0.2	0.0	-17.3	0.0	
1.62109	-0.3	-367	17.2	17.4	-0.2	0.0	-17.4	0.0	
1.62500	-0.3	-367	17.2	17.4	-0.2	0.0	-17.4	0.0	
1.62891	-0.3	-367	17.2	17.3	-0.1	0.0	-17.3	0.0	
1.63281	-0.3	-367	17.1	17.4	-0.3	0.0	-17.4	0.0	
1.63672	-0.2	-367	17.1	17.4	-0.3	0.0	-17.4	0.0	
1.64062	-0.3	-367	17.1	17.4	-0.3	0.0	-17.4	0.0	
1.64453	-0.4	-367	17.2	17.5	-0.3	0.0	-17.5	0.0	
1.64844	-0.3	-367	17.2	17.5	-0.3	0.0	-17.5	0.0	
1.65234	-0.3	-367	17.2	17.5	-0.3	0.0	-17.5	0.0	
1.65625	-0.3	-367	17.2	17.5	-0.3	0.0	-17.5	0.0	
1.66016	-0.3	-367	17.3	17.5	-0.2	0.0	-17.5	0.0	
1.66406	-0.3	-367	17.2	17.5	-0.3	0.0	-17.5	0.0	
1.66797	-0.3	-367	17.2	17.5	-0.3	0.0	-17.5	0.0	
1.67188	-0.3	-367	17.2	17.6	-0.4	0.0	-17.6	0.0	
1.67578	-0.4	-367	17.2	17.6	-0.4	0.0	-17.6	0.0	
1.67969	-0.2	-367	17.2	17.6	-0.4	0.0	-17.6	0.0	
1.68359	-0.1	-367	17.2	17.6	-0.4	0.0	-17.6	0.0	
1.68750	-0.2	-367	17.2	17.6	-0.4	0.0	-17.6	0.0	
1.69141	-0.2	-367	17.2	17.6	-0.4	0.0	-17.6	0.0	
1.69531	-0.2	-367	17.2	17.7	-0.5	0.0	-17.7	0.0	
1.69922	-0.3	-367	17.2	17.7	-0.5	0.0	-17.7	0.0	
1.70312	-0.4	-367	17.2	17.8	-0.6	0.0	-17.8	0.0	
1.70703	-0.3	-368	17.2	17.8	-0.6	0.0	-17.8	0.0	
1.71094	-0.2	-368	17.2	17.7	-0.5	0.0	-17.7	0.0	
1.71484	-0.2	-368	17.1	17.7	-0.6	0.0	-17.7	0.0	
1.71875	-0.3	-368	17.2	17.8	-0.6	0.0	-17.8	0.0	
1.72266	-0.3	-368	17.1	17.8	-0.7	0.0	-17.8	0.0	
1.72656	-0.3	-368	17.1	17.8	-0.7	0.0	-17.8	0.0	
1.73047	-0.3	-368	17.2	17.8	-0.6	0.0	-17.8	0.0	
1.73438	-0.3	-368	17.2	17.9	-0.7	0.0	-17.9	0.0	
1.73828	-0.4	-368	17.2	17.9	-0.7	0.0	-17.9	0.0	
1.74219	-0.3	-368	17.2	17.9	-0.7	0.0	-17.9	0.0	
1.74609	-0.3	-368	17.2	17.9	-0.7	0.0	-17.9	0.0	
1.75000	-0.4	-368	17.2	17.9	-0.7	0.0	-17.9	0.0	
1.75391	-0.3	-368	17.2	17.9	-0.7	0.0	-17.9	0.0	
1.75781	-0.1	-368	17.2	18.0	-0.8	0.0	-18.0	0.0	
1.76172	-0.2	-368	17.3	18.0	-0.7	0.0	-18.0	0.0	
1.76562	-0.4	-368	17.2	18.0	-0.8	0.0	-18.0	0.0	
1.76953	-0.3	-368	17.2	18.0	-0.8	0.0	-18.0	0.0	
1.77344	-0.2	-368	17.3	18.1	-0.8	0.0	-18.1	0.0	
1.77734	-0.4	-368	17.3	18.1	-0.8	0.0	-18.1	0.0	
1.78125	-0.3	-368	17.3	18.0	-0.7	0.0	-18.0	0.0	
1.78516	-0.2	-368	17.3	18.1	-0.8	0.0	-18.1	0.0	
1.78906	-0.4	-368	17.3	18.1	-0.8	0.0	-18.1	0.0	
1.79297	-0.3	-368	17.3	18.1	-0.8	0.0	-18.1	0.0	
1.79688	-0.4	-368	17.4	18.1	-0.7	0.0	-18.1	0.0	
1.80078	-0.6	-368	17.4	18.2	-0.8	0.0	-18.2	0.0	
1.80469	-0.4	-368	17.4	18.2	-0.8	0.0	-18.2	0.0	
1.80859	-0.3	-368	17.4	18.2	-0.8	0.0	-18.2	0.0	
1.81250	-0.5	-368	17.5	18.2	-0.7	0.0	-18.2	0.0	
1.81641	-0.5	-368	17.5	18.1	-0.6	0.0	-18.1	0.0	
1.82031	-0.4	-368	17.5	18.2	-0.7	0.0	-18.2	0.0	
1.82422	-0.3	-368	17.5	18.2	-0.7	0.0	-18.2	0.0	
1.82812	-0.3	-368	17.6	18.2	-0.6	0.0	-18.2	0.0	
1.83203	-0.4	-368	17.6	18.2	-0.6	0.0	-18.2	0.0	
1.83594	-0.4	-368	17.6	18.3	-0.7	0.0	-18.3	0.0	
1.83984	-0.4	-368	17.6	18.3	-0.7	0.0	-18.3	0.0	
1.84375	-0.3	-368	17.7	18.3	-0.6	0.0	-18.3	0.0	
1.84766	-0.3	-368	17.7	18.3	-0.6	0.0	-18.3	0.0	
1.85156	-0.4	-368	17.7	18.3	-0.6	0.0	-18.3	0.0	
1.85547	-0.3	-368	17.7	18.3	-0.6	0.0	-18.3	0.0	
1.85938	-0.3	-368	17.7	18.4	-0.7	0.0	-18.4	0.0	
1.86328	-0.3	-368	17.7	18.4	-0.7	0.0	-18.4	0.0	
1.86719	-0.3	-368	17.7	18.4	-0.7	0.0	-18.4	0.0	
1.87109	-0.3	-368	17.8	18.4	-0.6	0.0	-18.4	0.0	
1.87500	-0.2	-368	17.8	18.4	-0.6	0.0	-18.4	0.0	
1.87891	-0.4	-368	17.8	18.5	-0.7	0.0	-18.5	0.0	
1.88281	-0.3	-368	17.8	18.5	-0.7	0.0	-18.5	0.0	
1.88672	-0.2	-368	17.7	18.4	-0.7	0.0	-18.4	0.0	
1.89062	-0.3	-369	17.7	18.5	-0.8	0.0	-18.5	0.0	
1.89453	-0.3	-369	17.8	18.5	-0.7	0.0	-18.5	0.0	
1.89844	-0.3	-369	17.8	18.5	-0.7	0.0	-18.5	0.0	
1.90234	-0.3	-369	17.8	18.5	-0.7	0.0	-18.5	0.0	
1.90625	-0.2	-369	17.8	18.6	-0.8	0.0	-18.6	0.0	
1.91016	-0.3	-369	17.8	18.5	-0.7	0.0	-18.5	0.0	
1.91406	-0.4	-369	17.8	18.6	-0.8	0.0	-18.6	0.0	
1.91797	-0.3	-369	17.8	18.6	-0.8	0.0	-18.6	0.0	
1.92188	-0.3	-369	17.8	18.7	-0.9	0.0	-18.7	0.0	
1.92578	-0.4	-369	17.9	18.7	-0.8	0.0	-18.7	0.0	
1.92969	-0.4	-369	17.9	18.7	-0.8	0.0	-18.7	0.0	
1.93359	-0.5	-369	18.0	18.7	-0.7	0.0	-18.7	0.0	
1.93750	-0.5	-369	18.0	18.8	-0.8	0.0	-18.8	0.0	
1.94141	-0.6	-369	18.0	18.8	-0.8	0.0	-18.8	0.0	
1.94531	-0.6	-369	18.0	18.9	-0.9	0.0	-18.9	0.0	
1.94922	-0.5	-369	18.1	18.9	-0.8	0.0	-18.9	0.0	
1.95312	-0.5	-369	18.1	18.9	-0.8	0.0	-18.9	0.0	
1.95703	-0.5	-369	18.1	19.0	-0.9	0.0	-19.0	0.0	
1.96094	-0.3	-369	18.1	19.1	-1.0	0.0	-19.1	0.0	
1.96484	-0.3	-369	18.1	19.1	-1.0	0.0	-19.1	0.0	
1.96875	-0.2	-369	18.1	19.1	-1.0	0.0	-19.1	0.0	
1.97266	-0.2	-369	18.1	19.2	-1.1	0.0	-19.2	0.0	
1.97656	-0.2	-369	18.0	19.2	-1.2	0.0	-19.2	0.0	
1.98047	-0.2	-369	18.0	19.2	-1.2	0.0	-19.2	0.0	
1.98438	-0.1	-369	18.0	19.2	-1.2	0.0	-19.2	0.0	
1.98828	0.2	-369	17.9	19.1	-1.2	0.0	-19.1	0.0	
1.99219	0.3	-369	17.9	19.1	-1.2	0.0	-19.1	0.0	
1.99609	0.2	-369	17.8	19.1	-1.3	0.0	-19.1	0.0	
2.00000	0.2	-369	17.8	19.0	-1.2	0.0	-19.0	0.0	
2.00391	0.1	-369	17.7	19.0	-1.3	0.0	-19.0	0.0	
2.00781	0.0	-369	17.7	19.0	-1.3	0.0	-19.0	0.0	
2.01172	-0.1	-369	17.7	18.9	-1.2	0.0	-18.9	0.0	
2.01562	-0.3	-369	17.7	18.9	-1.2	0.0	-18.9	0.0	
2.01953	-0.4	-369	17.7	18.9	-1.2	0.0	-18.9	0.0	
2.02344	-0.4	-369	17.7	18.9	-1.2	0.0	-18.9	0.0	
2.02734	-0.5	-369	17.7	18.9	-1.2	0.0	-18.9	0.0	
2.03125	-0.5	-369	17.7	18.9	-1.2	0.0	-18.9	0.0	
2.03516	-0.5	-369	17.8	18.9	-1.1	0.0	-18.9	0.0	
2.03906	-0.7	-369	17.8	18.9	-1.1	0.0	-18.9	0.0	
2.04297	-0.6	-369	17.9	18.9	-1.0	0.0	-18.9	0.0	
2.04688	-0.7	-369	18.0	18.9	-0.9	0.0	-18.9	0.0	
2.05078	-0.9	-369	18.1	18.9	-0.8	0.0	-18.9	0.0	
2.05469	-1.1	-369	18.1	18.9	-0.8	0.0	-18.9	0.0	
2.05859	-1.1	-369	18.2	18.9	-0.7	0.0	-18.9	0.0	
2.06250	-1.1	-370	18.3	18.9	-0.6	0.0	-18.9	0.0	
2.06641	-1.3	-370	18.4	18.8	-0.4	0.0	-18.8	0.0	
2.07031	-1.3	-370	18.4	18.9	-0.5	0.0	-18.9	0.0	
2.07422	-1.3	-370	18.5	18.9	-0.4	0.0	-18.9	0.0	
2.07812	-1.4	-370	18.6	18.9	-0.3	0.0	-18.9	0.0	
2.08203	-1.2	-370	18.7	18.9	-0.2	0.0	-18.9	0.0	
2.08594	-1.1	-370	18.7	18.9	-0.2	0.0	-18.9	0.0	
2.08984	-1.0	-370	18.7	19.0	-0.3	0.0	-19.0	0.0	
2.09375	-0.9	-370	18.8	19.0	-0.2	0.0	-19.0	0.0	
2.09766	-0.7	-370	18.9	19.0	-0.1	0.0	-19.0	0.0	
2.10156	-0.7	-370	18.9	19.0	-0.1	0.0	-19.0	0.0	
2.10547	-0.6	-370	19.0	19.0	0.0	0.0	-19.0	0.0	
2.10938	-0.5	-370	19.0	19.0	0.0	0.0	-19.0	0.0	
2.11328	-0.5	-370	19.0	19.0	0.0	0.0	-19.0	0.0	
2.11719	-0.6	-370	19.0	19.0	0.0	0.0	-19.0	0.0	
2.12109	-0.5	-370	19.1	19.0	0.1	0.0	-19.0	0.0	
2.12500	-0.4	-370	19.1	19.0	0.1	0.0	-19.0	0.0	
2.12891	-0.4	-371	19.2	19.0	0.2	0.0	-19.0	0.0	
2.13281	-0.3	-371	19.2	19.0	0.2	0.0	-19.0	0.0	
2.13672	-0.3	-371	19.2	19.0	0.2	0.0	-19.0	0.0	
2.14062	-0.5	-371	19.2	19.0	0.2	0.0	-19.0	0.0	
2.14453	-0.4	-371	19.3	19.0	0.3	0.0	-19.0	0.0	
2.14844	-0.4	-371	19.3	19.0	0.3	0.0	-19.0	0.0	
2.15234	-0.5	-371	19.3	19.0	0.3	0.0	-19.0	0.0	
2.15625	-0.4	-371	19.3	19.0	0.3	0.0	-19.0	0.0	
2.16016	-0.5	-371	19.4	19.0	0.4	0.0	-19.0	0.0	
2.16406	-0.7	-371	19.4	19.0	0.4	0.0	-19.0	0.0	
2.16797	-0.6	-371	19.5	19.0	0.5	0.0	-19.0	0.0	
2.17188	-0.6	-371	19.5	19.0	0.5	0.0	-19.0	0.0	
2.17578	-0.8	-371	19.5	19.0	0.5	0.0	-19.0	0.0	
2.17969	-0.8	-371	19.7	19.0	0.7	0.0	-19.0	0.0	
2.18359	-0.8	-371	19.7	19.0	0.7	0.0	-19.0	0.0	
2.18750	-0.9	-371	19.7	18.9	0.8	0.0	-18.9	0.0	
2.19141	-1.0	-371	19.8	19.0	0.8	0.0	-19.0	0.0	
2.19531	-1.0	-371	19.9	19.0	0.9	0.0	-19.0	0.0	
2.19922	-0.9	-371	19.9	19.0	0.9	0.0	-19.0	0.0	
2.20312	-0.8	-371	20.0	19.0	1.0	0.0	-19.0	0.0	
2.20703	-0.6	-371	20.0	18.9	1.1	0.0	-18.9	0.0	
2.21094	-0.6	-371	20.0	18.9	1.1	0.0	-18.9	0.0	
2.21484	-0.7	-371	20.0	19.0	1.0	0.0	-19.0	0.0	
2.21875	-0.3	-371	20.1	18.9	1.2	0.0	-18.9	0.0	
2.22266	-0.1	-371	20.1	18.9	1.2	0.0	-18.9	0.0	
2.22656	-0.4	-371	20.1	18.9	1.2	0.0	-18.9	0.0	
2.23047	-0.3	-371	20.1	18.9	1.2	0.0	-18.9	0.0	
2.23438	-0.2	-372	20.1	18.9	1.2	0.0	-18.9	0.0	
2.23828	-0.3	-372	20.1	18.9	1.2	0.0	-18.9	0.0	
2.24219	-0.4	-372	20.1	18.9	1.2	0.0	-18.9	0.0	
2.24609	-0.3	-372	20.1	18.9	1.2	0.0	-18.9	0.0	
2.25000	-0.5	-372	20.1	18.9	1.2	0.0	-18.9	0.0	
2.25391	-0.4	-372	20.1	18.9	1.2	0.0	-18.9	0.0	
2.25781	-0.3	-372	20.1	18.9	1.2	0.0	-18.9	0.0	
2.26172	-0.5	-372	20.2	18.9	1.3	0.0	-18.9	0.0	
2.26562	-0.6	-372	20.2	18.9	1.3	0.0	-18.9	0.0	
2.26953	-0.6	-372	20.2	18.9	1.3	0.0	-18.9	0.0	
2.27344	-0.7	-372	20.3	18.9	1.4	0.0	-18.9	0.0	
2.27734	-0.8	-372	20.4	19.0	1.4	0.0	-19.0	0.0	
2.28125	-0.8	-372	20.4	19.0	1.4	0.0	-19.0	0.0	
2.28516	-0.8	-372	20.5	19.0	1.5	0.0	-19.0	0.0	
2.28906	-1.0	-372	20.5	19.0	1.5	0.0	-19.0	0.0	
2.29297	-1.0	-372	20.5	19.1	1.4	0.0	-19.1	0.0	
2.29688	-0.9	-372	20.7	19.1	1.6	0.0	-19.1	0.0	
2.30078	-0.9	-372	20.7	19.1	1.6	0.0	-19.1	0.0	
2.30469	-0.8	-372	20.8	19.1	1.7	0.0	-19.1	0.0	
2.30859	-0.7	-372	20.8	19.2	1.6	0.0	-19.2	0.0	
2.31250	-0.9	-372	20.8	19.2	1.6	0.0	-19.2	0.0	
2.31641	-1.1	-372	20.9	19.2	1.7	0.0	-19.2	0.0	
2.32031	-1.1	-373	21.0	19.3	1.7	0.0	-19.3	0.0	
2.32422	-1.1	-373	21.1	19.4	1.7	0.0	-19.4	0.0	
2.32812	-1.2	-373	21.1	19.4	1.7	0.0	-19.4	0.0	
2.33203	-1.2	-373	21.3	19.4	1.9	0.0	-19.4	0.0	
2.33594	-1.4	-373	21.4	19.5	1.9	0.0	-19.5	0.0	
2.33984	-1.6	-373	21.4	19.6	1.8	0.0	-19.6	0.0	
2.34375	-1.7	-373	21.5	19.6	1.9	0.0	-19.6	0.0	
2.34766	-1.8	-373	21.7	19.6	2.1	0.0	-19.6	0.0	
2.35156	-1.8	-373	21.7	19.7	2.0	0.0	-19.7	0.0	
2.35547	-1.7	-373	21.9	19.8	2.1	0.0	-19.8	0.0	
2.35938	-1.6	-373	21.9	19.8	2.1	0.0	-19.8	0.0	
2.36328	-1.7	-374	22.0	19.9	2.1	0.0	-19.9	0.0	
2.36719	-1.5	-374	22.1	19.9	2.2	0.0	-19.9	0.0	
2.37109	-1.3	-374	22.1	20.0	2.1	0.0	-20.0	0.0	
2.37500	-1.1	-374	22.2	20.0	2.2	0.0	-20.0	0.0	
2.37891	-0.8	-374	22.2	20.2	2.0	0.0	-20.2	0.0	
2.38281	-0.5	-374	22.2	20.2	2.0	0.0	-20.2	0.0	
2.38672	-0.4	-374	22.2	20.2	2.0	0.0	-20.2	0.0	
2.39062	-0.3	-374	22.2	20.3	1.9	0.0	-20.3	0.0	
2.39453	-0.2	-374	22.2	20.3	1.9	0.0	-20.3	0.0	
2.39844	-0.2	-374	22.3	20.4	1.9	0.0	-20.4	0.0	
2.40234	-0.3	-374	22.3	20.4	1.9	0.0	-20.4	0.0	
2.40625	-0.4	-374	22.3	20.4	1.9	0.0	-20.4	0.0	
2.41016	-0.4	-374	22.4	20.5	1.9	0.0	-20.5	0.0	
2.41406	-0.5	-374	22.4	20.6	1.8	0.0	-20.6	0.0	
2.41797	-0.6	-374	22.4	20.6	1.8	0.0	-20.6	0.0	
2.42188	-0.6	-374	22.5	20.6	1.9	0.0	-20.6	0.0	
2.42578	-0.8	-374	22.6	20.7	1.9	0.0	-20.7	0.0	
2.42969	-1.2	-374	22.7	20.7	2.0	0.0	-20.7	0.0	
2.43359	-1.5	-374	22.8	20.8	2.0	0.0	-20.8	0.0	
2.43750	-1.8	-375	22.9	20.9	2.0	0.0	-20.9	0.0	
2.44141	-2.0	-375	23.0	20.9	2.1	0.0	-20.9	0.0	
2.44531	-2.1	-375	23.1	21.0	2.1	0.0	-21.0	0.0	
2.44922	-1.9	-375	23.1	21.1	2.0	0.0	-21.1	0.0	
2.45312	-1.7	-375	23.2	21.1	2.1	0.0	-21.1	0.0	
2.45703	-1.4	-375	23.2	21.2	2.0	0.0	-21.2	0.0	
2.46094	-0.9	-375	23.3	21.2	2.1	0.0	-21.2	0.0	
2.46484	-0.5	-375	23.2	21.3	1.9	0.0	-21.3	0.0	
2.46875	0.1	-375	23.2	21.3	1.9	0.0	-21.3	0.0	
2.47266	0.4	-375	23.1	21.4	1.7	0.0	-21.4	0.0	
2.47656	0.3	-375	23.0	21.4	1.6	0.0	-21.4	0.0	
2.48047	0.4	-375	22.9	21.4	1.5	0.0	-21.4	0.0	
2.48438	0.9	-375	22.8	21.4	1.4	0.0	-21.4	0.0	
2.48828	1.6	-375	22.6	21.4	1.2	0.0	-21.4	0.0	
2.49219	2.5	-375	22.4	21.4	1.0	0.0	-21.4	0.0	
2.49609	3.2	-375	22.2	21.4	0.8	0.0	-21.4	0.0	
2.50000	3.5	-374	22.1	21.4	0.7	0.0	-21.4	0.0	
2.50391	3.2	-374	22.0	21.4	0.6	0.0	-21.4	0.0	
2.50781	2.6	-374	21.9	21.4	0.5	0.0	-21.4	0.0	
2.51172	1.9	-374	21.7	21.4	0.3	0.0	-21.4	0.0	
2.51562	1.4	-374	21.6	21.3	0.3	0.0	-21.3	0.0	
2.51953	0.9	-374	21.6	21.3	0.3	0.0	-21.3	0.0	
2.52344	0.5	-374	21.6	21.4	0.2	0.0	-21.4	0.0	
2.52734	0.1	-374	21.6	21.3	0.3	0.0	-21.3	0.0	
2.53125	-0.3	-374	21.6	21.3	0.3	0.0	-21.3	0.0	
2.53516	-0.4	-374	21.6	21.3	0.3	0.0	-21.3	0.0	
2.53906	-0.5	-374	21.5	21.3	0.2	0.0	-21.3	0.0	
2.54297	-0.4	-374	21.5	21.3	0.2	0.0	-21.3	0.0	
2.54688	-0.1	-374	21.5	21.2	0.3	0.0	-21.2	0.0	
2.55078	-0.1	-374	21.4	21.2	0.2	0.0	-21.2	0.0	
2.55469	-0.1	-374	21.2	21.3	-0.1	0.0	-21.3	0.0	
2.55859	0.2	-374	21.2	21.2	0.0	0.0	-21.2	0.0	
2.56250	0.5	-374	21.0	21.1	-0.1	0.0	-21.1	0.0	
2.56641	1.1	-374	20.8	21.1	-0.3	0.0	-21.1	0.0	
2.57031	1.8	-374	20.7	21.1	-0.4	0.0	-21.1	0.0	
2.57422	2.3	-373	20.5	21.1	-0.6	0.0	-21.1	0.0	
2.57812	3.0	-373	20.3	21.0	-0.7	0.0	-21.0	0.0	
2.58203	3.5	-373	20.2	21.0	-0.8	0.0	-21.0	0.0	
2.58594	3.8	-373	20.0	21.0	-1.0	0.0	-21.0	0.0	
2.58984	3.9	-373	19.8	20.9	-1.1	0.0	-20.9	0.0	
2.59375	3.5	-372	19.7	20.8	-1.1	0.0	-20.8	0.0	
2.59766	3.0	-372	19.6	20.8	-1.2	0.0	-20.8	0.0	
2.60156	2.2	-372	19.5	20.7	-1.2	0.0	-20.7	0.0	
2.60547	1.4	-372	19.4	20.7	-1.3	0.0	-20.7	0.0	
2.60938	0.9	-372	19.4	20.7	-1.3	0.0	-20.7	0.0	
2.61328	0.1	-372	19.4	20.6	-1.2	0.0	-20.6	0.0	
2.61719	-0.4	-372	19.4	20.6	-1.2	0.0	-20.6	0.0	
2.62109	-0.5	-372	19.4	20.6	-1.2	0.0	-20.6	0.0	
2.62500	-0.8	-372	19.4	20.5	-1.1	0.0	-20.5	0.0	
2.62891	-0.7	-372	19.4	20.5	-1.1	0.0	-20.5	0.0	
2.63281	-0.3	-372	19.5	20.5	-1.0	0.0	-20.5	0.0	
2.63672	-0.3	-372	19.5	20.5	-1.0	0.0	-20.5	0.0	
2.64062	-0.4	-372	19.5	20.5	-1.0	0.0	-20.5	0.0	
2.64453	-0.3	-372	19.5	20.5	-1.0	0.0	-20.5	0.0	
2.64844	-0.2	-372	19.5	20.5	-1.0	0.0	-20.5	0.0	
2.65234	-0.2	-372	19.5	20.5	-1.0	0.0	-20.5	0.0	
2.65625	0.0	-372	19.4	20.5	-1.1	0.0	-20.5	0.0	
2.66016	0.1	-372	19.4	20.4	-1.0	0.0	-20.4	0.0	
2.66406	0.0	-372	19.3	20.4	-1.1	0.0	-20.4	0.0	
2.66797	0.2	-372	19.2	20.4	-1.2	0.0	-20.4	0.0	
2.67188	0.5	-372	19.1	20.5	-1.4	0.0	-20.5	0.0	
2.67578	0.7	-372	19.1	20.5	-1.4	0.0	-20.5	0.0	
2.67969	1.0	-372	18.9	20.4	-1.5	0.0	-20.4	0.0	
2.68359	1.3	-372	18.8	20.5	-1.7	0.0	-20.5	0.0	
2.68750	1.4	-372	18.7	20.5	-1.8	0.0	-20.5	0.0	
2.69141	1.5	-372	18.5	20.5	-2.0	0.0	-20.5	0.0	
2.69531	1.4	-372	18.5	20.5	-2.0	0.0	-20.5	0.0	
2.69922	1.5	-371	18.4	20.5	-2.1	0.0	-20.5	0.0	
2.70312	1.6	-371	18.2	20.4	-2.2	0.0	-20.4	0.0	
2.70703	1.7	-371	18.1	20.3	-2.2	0.0	-20.3	0.0	
2.71094	1.8	-371	18.0	20.3	-2.3	0.0	-20.3	0.0	
2.71484	1.7	-371	17.9	20.3	-2.4	0.0	-20.3	0.0	
2.71875	1.5	-371	17.8	20.2	-2.4	0.0	-20.2	0.0	
2.72266	1.2	-371	17.7	20.1	-2.4	0.0	-20.1	0.0	
2.72656	0.9	-371	17.7	20.0	-2.3	0.0	-20.0	0.0	
2.73047	0.8	-371	17.6	20.0	-2.4	0.0	-20.0	0.0	
2.73438	0.7	-371	17.5	19.9	-2.4	0.0	-19.9	0.0	
2.73828	0.4	-371	17.5	19.8	-2.3	0.0	-19.8	0.0	
2.74219	0.3	-371	17.5	19.8	-2.3	0.0	-19.8	0.0	
2.74609	0.2	-371	17.4	19.8	-2.4	0.0	-19.8	0.0	
2.75000	-0.1	-371	17.4	19.7	-2.3	0.0	-19.7	0.0	
2.75391	-0.3	-371	17.4	19.7	-2.3	0.0	-19.7	0.0	
2.75781	-0.2	-371	17.4	19.6	-2.2	0.0	-19.6	0.0	
2.76172	-0.3	-371	17.4	19.6	-2.2	0.0	-19.6	0.0	
2.76562	-0.4	-371	17.4	19.6	-2.2	0.0	-19.6	0.0	
2.76953	-0.3	-371	17.4	19.6	-2.2	0.0	-19.6	0.0	
2.77344	-0.3	-371	17.4	19.5	-2.1	0.0	-19.5	0.0	
2.77734	-0.4	-371	17.4	19.4	-2.0	0.0	-19.4	0.0	
2.78125	-0.4	-371	17.4	19.5	-2.1	0.0	-19.5	0.0	
2.78516	-0.3	-371	17.5	19.4	-1.9	0.0	-19.4	0.0	
2.78906	-0.4	-371	17.5	19.4	-1.9	0.0	-19.4	0.0	
2.79297	-0.5	-371	17.5	19.3	-1.8	0.0	-19.3	0.0	
2.79688	-0.4	-371	17.6	19.3	-1.7	0.0	-19.3	0.0	
2.80078	-0.3	-371	17.6	19.3	-1.7	0.0	-19.3	0.0	
2.80469	-0.3	-371	17.6	19.3	-1.7	0.0	-19.3	0.0	
2.80859	-0.3	-371	17.6	19.3	-1.7	0.0	-19.3	0.0	
2.81250	-0.4	-371	17.6	19.2	-1.6	0.0	-19.2	0.0	
2.81641	-0.4	-371	17.6	19.2	-1.6	0.0	-19.2	0.0	
2.82031	-0.3	-371	17.7	19.2	-1.5	0.0	-19.2	0.0	
2.82422	-0.4	-371	17.7	19.2	-1.5	0.0	-19.2	0.0	
2.82812	-0.3	-371	17.7	19.2	-1.5	0.0	-19.2	0.0	
2.83203	-0.2	-371	17.7	19.1	-1.4	0.0	-19.1	0.0	
2.83594	-0.3	-371	17.7	19.1	-1.4	0.0	-19.1	0.0	
2.83984	-0.3	-371	17.6	19.1	-1.5	0.0	-19.1	0.0	
2.84375	-0.2	-371	17.7	19.1	-1.4	0.0	-19.1	0.0	
2.84766	-0.2	-371	17.7	19.1	-1.4	0.0	-19.1	0.0	
2.85156	-0.2	-371	17.7	19.1	-1.4	0.0	-19.1	0.0	
2.85547	-0.2	-371	17.7	19.0	-1.3	0.0	-19.0	0.0	
2.85938	-0.2	-371	17.7	19.0	-1.3	0.0	-19.0	0.0	
2.86328	-0.1	-371	17.6	19.0	-1.4	0.0	-19.0	0.0	
2.86719	-0.2	-371	17.6	19.0	-1.4	0.0	-19.0	0.0	
2.87109	-0.3	-371	17.6	18.9	-1.3	0.0	-18.9	0.0	
2.87500	-0.2	-371	17.6	18.9	-1.3	0.0	-18.9	0.0	
2.87891	-0.3	-371	17.6	18.9	-1.3	0.0	-18.9	0.0	
2.88281	-0.3	-371	17.6	18.8	-1.2	0.0	-18.8	0.0	
2.88672	-0.3	-371	17.5	18.8	-1.3	0.0	-18.8	0.0	
2.89062	-0.4	-371	17.5	18.7	-1.2	0.0	-18.7	0.0	
2.89453	-0.3	-371	17.5	18.7	-1.2	0.0	-18.7	0.0	
2.89844	-0.2	-371	17.5	18.7	-1.2	0.0	-18.7	0.0	
2.90234	-0.3	-371	17.5	18.7	-1.2	0.0	-18.7	0.0	
2.90625	-0.3	-371	17.5	18.7	-1.2	0.0	-18.7	0.0	
2.91016	-0.2	-371	17.5	18.7	-1.2	0.0	-18.7	0.0	
2.91406	-0.3	-371	17.5	18.6	-1.1	0.0	-18.6	0.0	
2.91797	-0.3	-371	17.6	18.6	-1.0	0.0	-18.6	0.0	
2.92188	-0.2	-371	17.5	18.6	-1.1	0.0	-18.6	0.0	
2.92578	-0.2	-371	17.5	18.5	-1.0	0.0	-18.5	0.0	
2.92969	-0.4	-371	17.5	18.5	-1.0	0.0	-18.5	0.0	
2.93359	-0.2	-371	17.5	18.4	-0.9	0.0	-18.4	0.0	
2.93750	-0.2	-372	17.5	18.4	-0.9	0.0	-18.4	0.0	
2.94141	-0.3	-372	17.5	18.4	-0.9	0.0	-18.4	0.0	
2.94531	-0.2	-372	17.5	18.3	-0.8	0.0	-18.3	0.0	
2.94922	-0.2	-372	17.5	18.3	-0.8	0.0	-18.3	0.0	
2.95312	-0.1	-372	17.5	18.3	-0.8	0.0	-18.3	0.0	
2.95703	-0.0	-372	17.5	18.2	-0.7	0.0	-18.2	0.0	
2.96094	-0.2	-372	17.5	18.1	-0.6	0.0	-18.1	0.0	
2.96484	-0.2	-372	17.5	18.1	-0.6	0.0	-18.1	0.0	
2.96875	-0.2	-372	17.5	18.0	-0.5	0.0	-18.0	0.0	
2.97266	-0.2	-372	17.5	18.0	-0.5	0.0	-18.0	0.0	
2.97656	-0.2	-372	17.5	18.0	-0.5	0.0	-18.0	0.0	
2.98047	-0.2	-372	17.4	17.9	-0.5	0.0	-17.9	0.0	
2.98438	-0.1	-372	17.4	17.9	-0.5	0.0	-17.9	0.0	
2.98828	-0.2	-372	17.4	17.8	-0.4	0.0	-17.8	0.0	
2.99219	-0.4	-372	17.3	17.8	-0.5	0.0	-17.8	0.0	
2.99609	-0.4	-372	17.4	17.8	-0.4	0.0	-17.8	0.0	
3.00000	-0.4	-372	17.4	17.8	-0.4	0.0	-17.8	0.0	
3.00391	-0.4	-372	17.5	17.8	-0.3	0.0	-17.8	0.0	
3.00781	-0.4	-372	17.5	17.7	-0.2	0.0	-17.7	0.0	
3.01172	-0.2	-372	17.4	17.7	-0.3	0.0	-17.7	0.0	
3.01562	-0.2	-372	17.4	17.7	-0.3	0.0	-17.7	0.0	
3.01953	-0.4	-372	17.4	17.7	-0.3	0.0	-17.7	0.0	
3.02344	-0.3	-372	17.5	17.7	-0.2	0.0	-17.7	0.0	
3.02734	-0.4	-372	17.5	17.7	-0.2	0.0	-17.7	0.0	
3.03125	-0.4	-372	17.5	17.7	-0.2	0.0	-17.7	0.0	
3.03516	-0.3	-372	17.5	17.7	-0.2	0.0	-17.7	0.0	
3.03906	-0.3	-372	17.6	17.7	-0.1	0.0	-17.7	0.0	
3.04297	-0.4	-372	17.6	17.7	-0.1	0.0	-17.7	0.0	
3.04688	-0.4	-372	17.6	17.7	-0.1	0.0	-17.7	0.0	
3.05078	-0.5	-372	17.6	17.7	-0.1	0.0	-17.7	0.0	
3.05469	-0.5	-372	17.7	17.7	0.0	0.0	-17.7	0.0	
3.05859	-0.4	-372	17.7	17.8	-0.1	0.0	-17.8	0.0	
3.06250	-0.4	-372	17.7	17.7	0.0	0.0	-17.7	0.0	
3.06641	-0.4	-372	17.7	17.7	0.0	0.0	-17.7	0.0	
3.07031	-0.4	-372	17.8	17.8	0.0	0.0	-17.8	0.0	
3.07422	-0.4	-372	17.9	17.8	0.1	0.0	-17.8	0.0	
3.07812	-0.4	-372	17.9	17.8	0.1	0.0	-17.8	0.0	
3.08203	-0.3	-372	17.9	17.8	0.1	0.0	-17.8	0.0	
3.08594	-0.3	-372	17.9	17.8	0.1	0.0	-17.8	0.0	
3.08984	-0.5	-372	17.9	17.9	0.0	0.0	-17.9	0.0	
3.09375	-0.5	-372	17.9	17.9	0.0	0.0	-17.9	0.0	
3.09766	-0.3	-372	18.0	17.9	0.1	0.0	-17.9	0.0	
3.10156	-0.4	-372	18.0	17.9	0.1	0.0	-17.9	0.0	
3.10547	-0.3	-372	18.0	18.0	0.0	0.0	-18.0	0.0	
3.10938	-0.1	-372	18.1	18.1	0.0	0.0	-18.1	0.0	
3.11328	-0.3	-372	18.0	18.0	0.0	0.0	-18.0	0.0	
3.11719	-0.4	-372	18.1	18.1	0.0	0.0	-18.1	0.0	
3.12109	-0.4	-372	18.1	18.1	0.0	0.0	-18.1	0.0	
3.12500	-0.4	-372	18.1	18.1	0.0	0.0	-18.1	0.0	
3.12891	-0.3	-373	18.1	18.2	-0.1	0.0	-18.2	0.0	
3.13281	-0.3	-373	18.2	18.2	0.0	0.0	-18.2	0.0	
3.13672	-0.5	-373	18.2	18.2	0.0	0.0	-18.2	0.0	
3.14062	-0.5	-373	18.2	18.3	-0.1	0.0	-18.3	0.0	
3.14453	-0.3	-373	18.2	18.3	-0.1	0.0	-18.3	0.0	
3.14844	-0.3	-373	18.3	18.3	0.0	0.0	-18.3	0.0	
3.15234	-0.3	-373	18.3	18.3	0.0	0.0	-18.3	0.0	
3.15625	-0.2	-373	18.3	18.3	0.0	0.0	-18.3	0.0	
3.16016	-0.1	-373	18.3	18.4	-0.1	0.0	-18.4	0.0	
3.16406	-0.3	-373	18.3	18.4	-0.1	0.0	-18.4	0.0	
3.16797	-0.3	-373	18.3	18.4	-0.1	0.0	-18.4	0.0	
3.17188	-0.3	-373	18.3	18.4	-0.1	0.0	-18.4	0.0	
3.17578	-0.4	-373	18.3	18.5	-0.2	0.0	-18.5	0.0	
3.17969	-0.5	-373	18.4	18.5	-0.1	0.0	-18.5	0.0	
3.18359	-0.5	-373	18.4	18.5	-0.1	0.0	-18.5	0.0	
3.18750	-0.5	-373	18.4	18.6	-0.2	0.0	-18.6	0.0	
3.19141	-0.5	-373	18.5	18.6	-0.1	0.0	-18.6	0.0	
3.19531	-0.6	-373	18.5	18.6	-0.1	0.0	-18.6	0.0	
3.19922	-0.5	-373	18.6	18.6	0.0	0.0	-18.6	0.0	
3.20312	-0.6	-373	18.7	18.6	0.1	0.0	-18.6	0.0	
3.20703	-0.8	-373	18.8	18.6	0.2	0.0	-18.6	0.0	
3.21094	-0.9	-373	18.8	18.8	0.0	0.0	-18.8	0.0	
3.21484	-1.1	-373	18.9	18.8	0.1	0.0	-18.8	0.0	
3.21875	-1.3	-373	19.0	18.8	0.2	0.0	-18.8	0.0	
3.22266	-1.3	-373	19.1	18.8	0.3	0.0	-18.8	0.0	
3.22656	-1.6	-373	19.2	18.9	0.3	0.0	-18.9	0.0	
3.23047	-1.7	-374	19.2	18.9	0.3	0.0	-18.9	0.0	
3.23438	-1.6	-374	19.3	18.9	0.4	0.0	-18.9	0.0	
3.23828	-1.5	-374	19.4	19.0	0.4	0.0	-19.0	0.0	
3.24219	-1.3	-374	19.5	19.1	0.4	0.0	-19.1	0.0	
3.24609	-1.0	-374	19.5	19.1	0.4	0.0	-19.1	0.0	
3.25000	-0.8	-374	19.6	19.1	0.5	0.0	-19.1	0.0	
3.25391	-0.6	-374	19.7	19.2	0.5	0.0	-19.2	0.0	
3.25781	-0.4	-374	19.7	19.2	0.5	0.0	-19.2	0.0	
3.26172	-0.5	-374	19.7	19.3	0.4	0.0	-19.3	0.0	
3.26562	-0.4	-374	19.7	19.3	0.4	0.0	-19.3	0.0	
3.26953	-0.3	-374	19.8	19.3	0.5	0.0	-19.3	0.0	
3.27344	-0.3	-374	19.7	19.4	0.3	0.0	-19.4	0.0	
3.27734	-0.4	-374	19.8	19.4	0.4	0.0	-19.4	0.0	
3.28125	-0.4	-374	19.9	19.4	0.5	0.0	-19.4	0.0	
3.28516	-0.5	-374	19.9	19.4	0.5	0.0	-19.4	0.0	
3.28906	-0.7	-374	20.0	19.5	0.5	0.0	-19.5	0.0	
3.29297	-0.9	-374	20.1	19.5	0.6	0.0	-19.5	0.0	
3.29688	-1.1	-374	20.2	19.5	0.7	0.0	-19.5	0.0	
3.30078	-1.5	-374	20.3	19.6	0.7	0.0	-19.6	0.0	
3.30469	-1.8	-375	20.3	19.6	0.7	0.0	-19.6	0.0	
3.30859	-2.0	-375	20.5	19.7	0.8	0.0	-19.7	0.0	
3.31250	-2.3	-375	20.6	19.7	0.9	0.0	-19.7	0.0	
3.31641	-2.4	-375	20.7	19.8	0.9	0.0	-19.8	0.0	
3.32031	-2.3	-375	20.8	19.8	1.0	0.0	-19.8	0.0	
3.32422	-2.1	-375	20.9	19.8	1.1	0.0	-19.8	0.0	
3.32812	-1.7	-375	21.0	20.0	1.0	0.0	-20.0	0.0	
3.33203	-1.3	-376	21.1	20.0	1.1	0.0	-20.0	0.0	
3.33594	-1.1	-376	21.1	20.0	1.1	0.0	-20.0	0.0	
3.33984	-0.8	-376	21.1	20.1	1.0	0.0	-20.1	0.0	
3.34375	-0.5	-376	21.2	20.1	1.1	0.0	-20.1	0.0	
3.34766	-0.1	-376	21.2	20.2	1.0	0.0	-20.2	0.0	
3.35156	-0.1	-376	21.2	20.2	1.0	0.0	-20.2	0.0	
3.35547	-0.1	-376	21.2	20.2	1.0	0.0	-20.2	0.0	
3.35938	-0.0	-376	21.2	20.3	0.9	0.0	-20.3	0.0	
3.36328	-0.2	-376	21.1	20.3	0.8	0.0	-20.3	0.0	
3.36719	-0.4	-376	21.1	20.3	0.8	0.0	-20.3	0.0	
3.37109	-0.2	-376	21.0	20.4	0.6	0.0	-20.4	0.0	
3.37500	-0.3	-376	21.0	20.4	0.6	0.0	-20.4	0.0	
3.37891	-0.2	-376	21.1	20.4	0.7	0.0	-20.4	0.0	
3.38281	-0.3	-376	21.1	20.4	0.7	0.0	-20.4	0.0	
3.38672	-0.4	-376	21.2	20.5	0.7	0.0	-20.5	0.0	
3.39062	-0.5	-376	21.2	20.6	0.6	0.0	-20.6	0.0	
3.39453	-0.7	-376	21.3	20.6	0.7	0.0	-20.6	0.0	
3.39844	-0.7	-376	21.4	20.6	0.8	0.0	-20.6	0.0	
3.40234	-0.9	-376	21.4	20.7	0.7	0.0	-20.7	0.0	
3.40625	-1.3	-376	21.6	20.7	0.9	0.0	-20.7	0.0	
3.41016	-1.6	-376	21.7	20.9	0.8	0.0	-20.9	0.0	
3.41406	-2.1	-376	21.7	21.0	0.7	0.0	-21.0	0.0	
3.41797	-2.3	-376	21.9	21.0	0.9	0.0	-21.0	0.0	
3.42188	-1.9	-377	22.0	21.0	1.0	0.0	-21.0	0.0	
3.42578	-1.6	-377	22.0	21.1	0.9	0.0	-21.1	0.0	
3.42969	-1.6	-377	22.1	21.2	0.9	0.0	-21.2	0.0	
3.43359	-1.4	-377	22.2	21.2	1.0	0.0	-21.2	0.0	
3.43750	-1.2	-377	22.3	21.3	1.0	0.0	-21.3	0.0	
3.44141	-1.0	-377	22.3	21.4	0.9	0.0	-21.4	0.0	
3.44531	-0.8	-377	22.4	21.4	1.0	0.0	-21.4	0.0	
3.44922	-0.7	-377	22.5	21.4	1.1	0.0	-21.4	0.0	
3.45312	-0.7	-377	22.5	21.5	1.0	0.0	-21.5	0.0	
3.45703	-0.6	-377	22.5	21.5	1.0	0.0	-21.5	0.0	
3.46094	-0.6	-377	22.6	21.5	1.1	0.0	-21.5	0.0	
3.46484	-0.6	-377	22.6	21.5	1.1	0.0	-21.5	0.0	
3.46875	-0.6	-377	22.6	21.5	1.1	0.0	-21.5	0.0	
3.47266	-0.5	-377	22.7	21.5	1.2	0.0	-21.5	0.0	
3.47656	-0.5	-377	22.7	21.5	1.2	0.0	-21.5	0.0	
3.48047	-0.4	-377	22.7	21.5	1.2	0.0	-21.5	0.0	
3.48438	-0.3	-377	22.7	21.6	1.1	0.0	-21.6	0.0	
3.48828	-0.3	-377	22.7	21.6	1.1	0.0	-21.6	0.0	
3.49219	-0.5	-378	22.8	21.6	1.2	0.0	-21.6	0.0	
3.49609	-0.4	-378	22.8	21.6	1.2	0.0	-21.6	0.0	
3.50000	-0.2	-378	22.8	21.6	1.2	0.0	-21.6	0.0	
3.50391	-0.2	-378	22.8	21.7	1.1	0.0	-21.7	0.0	
3.50781	-0.2	-378	22.9	21.7	1.2	0.0	-21.7	0.0	
3.51172	-0.4	-378	22.9	21.6	1.3	0.0	-21.6	0.0	
3.51562	-0.6	-378	22.9	21.7	1.2	0.0	-21.7	0.0	
3.51953	-0.5	-378	22.9	21.7	1.2	0.0	-21.7	0.0	
3.52344	-0.5	-378	23.0	21.7	1.3	0.0	-21.7	0.0	
3.52734	-0.6	-378	23.0	21.7	1.3	0.0	-21.7	0.0	
3.53125	-0.5	-378	23.0	21.7	1.3	0.0	-21.7	0.0	
3.53516	-0.5	-378	23.1	21.8	1.3	0.0	-21.8	0.0	
3.53906	-0.7	-378	23.1	21.8	1.3	0.0	-21.8	0.0	
3.54297	-0.7	-378	23.2	21.8	1.4	0.0	-21.8	0.0	
3.54688	-0.5	-378	23.2	21.9	1.3	0.0	-21.9	0.0	
3.55078	-0.3	-378	23.1	21.8	1.3	0.0	-21.8	0.0	
3.55469	-0.0	-378	23.1	21.8	1.3	0.0	-21.8	0.0	
3.55859	0.2	-378	23.0	21.8	1.2	0.0	-21.8	0.0	
3.56250	0.1	-378	23.0	21.8	1.2	0.0	-21.8	0.0	
3.56641	0.2	-378	22.8	21.8	1.0	0.0	-21.8	0.0	
3.57031	0.6	-378	22.7	21.7	1.0	0.0	-21.7	0.0	
3.57422	1.2	-378	22.6	21.7	0.9	0.0	-21.7	0.0	
3.57812	1.8	-378	22.4	21.7	0.7	0.0	-21.7	0.0	
3.58203	2.5	-378	22.2	21.7	0.5	0.0	-21.7	0.0	
3.58594	2.9	-377	22.1	21.7	0.4	0.0	-21.7	0.0	
3.58984	3.0	-377	21.9	21.6	0.3	0.0	-21.6	0.0	
3.59375	2.9	-377	21.8	21.5	0.3	0.0	-21.5	0.0	
3.59766	2.9	-377	21.7	21.5	0.2	0.0	-21.5	0.0	
3.60156	2.3	-377	21.5	21.4	0.1	0.0	-21.4	0.0	
3.60547	1.8	-377	21.4	21.4	0.0	0.0	-21.4	0.0	
3.60938	1.7	-376	21.3	21.4	-0.1	0.0	-21.4	0.0	
3.61328	1.1	-376	21.2	21.3	-0.1	0.0	-21.3	0.0	
3.61719	0.9	-376	21.2	21.2	0.0	0.0	-21.2	0.0	
3.62109	0.9	-376	21.1	21.2	-0.1	0.0	-21.2	0.0	
3.62500	0.5	-376	21.0	21.2	-0.2	0.0	-21.2	0.0	
3.62891	0.3	-376	21.0	21.1	-0.1	0.0	-21.1	0.0	
3.63281	0.4	-376	20.9	21.0	-0.1	0.0	-21.0	0.0	
3.63672	0.3	-376	20.9	21.0	-0.1	0.0	-21.0	0.0	
3.64062	0.3	-376	20.8	20.9	-0.1	0.0	-20.9	0.0	
3.64453	0.4	-376	20.7	20.9	-0.2	0.0	-20.9	0.0	
3.64844	0.4	-376	20.6	20.8	-0.2	0.0	-20.8	0.0	
3.65234	0.6	-376	20.5	20.8	-0.3	0.0	-20.8	0.0	
3.65625	0.8	-376	20.4	20.8	-0.4	0.0	-20.8	0.0	
3.66016	1.1	-376	20.3	20.7	-0.4	0.0	-20.7	0.0	
3.66406	1.3	-376	20.1	20.6	-0.5	0.0	-20.6	0.0	
3.66797	1.6	-376	20.0	20.5	-0.5	0.0	-20.5	0.0	
3.67188	2.0	-376	19.9	20.5	-0.6	0.0	-20.5	0.0	
3.67578	2.2	-375	19.7	20.4	-0.7	0.0	-20.4	0.0	
3.67969	2.5	-375	19.5	20.3	-0.8	0.0	-20.3	0.0	
3.68359	2.7	-375	19.4	20.2	-0.8	0.0	-20.2	0.0	
3.68750	2.4	-375	19.3	20.1	-0.8	0.0	-20.1	0.0	
3.69141	2.2	-375	19.2	20.1	-0.9	0.0	-20.1	0.0	
3.69531	2.1	-375	19.0	20.0	-1.0	0.0	-20.0	0.0	
3.69922	1.9	-375	18.9	19.9	-1.0	0.0	-19.9	0.0	
3.70312	1.7	-374	18.8	19.8	-1.0	0.0	-19.8	0.0	
3.70703	1.5	-374	18.8	19.8	-1.0	0.0	-19.8	0.0	
3.71094	1.2	-374	18.7	19.7	-1.0	0.0	-19.7	0.0	
3.71484	0.8	-374	18.6	19.6	-1.0	0.0	-19.6	0.0	
3.71875	0.5	-374	18.6	19.5	-0.9	0.0	-19.5	0.0	
3.72266	0.2	-374	18.5	19.5	-1.0	0.0	-19.5	0.0	
3.72656	0.0	-374	18.5	19.4	-0.9	0.0	-19.4	0.0	
3.73047	-0.1	-374	18.5	19.4	-0.9	0.0	-19.4	0.0	
3.73438	-0.2	-374	18.5	19.3	-0.8	0.0	-19.3	0.0	
3.73828	-0.3	-374	18.5	19.3	-0.8	0.0	-19.3	0.0	
3.74219	-0.3	-374	18.5	19.2	-0.7	0.0	-19.2	0.0	
3.74609	-0.2	-374	18.4	19.2	-0.8	0.0	-19.2	0.0	
3.75000	-0.2	-374	18.5	19.1	-0.6	0.0	-19.1	0.0	
3.75391	-0.2	-374	18.5	19.1	-0.6	0.0	-19.1	0.0	
3.75781	-0.2	-374	18.4	19.1	-0.7	0.0	-19.1	0.0	
3.76172	-0.1	-374	18.4	19.1	-0.7	0.0	-19.1	0.0	
3.76562	-0.2	-374	18.3	19.0	-0.7	0.0	-19.0	0.0	
3.76953	-0.2	-374	18.3	19.0	-0.7	0.0	-19.0	0.0	
3.77344	-0.1	-374	18.3	19.0	-0.7	0.0	-19.0	0.0	
3.77734	-0.1	-374	18.3	18.9	-0.6	0.0	-18.9	0.0	
3.78125	-0.0	-374	18.2	18.9	-0.7	0.0	-18.9	0.0	
3.78516	0.1	-374	18.2	18.9	-0.7	0.0	-18.9	0.0	
3.78906	0.1	-374	18.1	18.9	-0.8	0.0	-18.9	0.0	
3.79297	-0.1	-374	18.1	18.9	-0.8	0.0	-18.9	0.0	
3.79688	-0.1	-374	18.1	18.9	-0.8	0.0	-18.9	0.0	
3.80078	-0.0	-374	18.1	18.9	-0.8	0.0	-18.9	0.0	
3.80469	-0.2	-374	18.0	18.8	-0.8	0.0	-18.8	0.0	
3.80859	-0.1	-374	18.0	18.8	-0.8	0.0	-18.8	0.0	
3.81250	-0.2	-374	18.0	18.8	-0.8	0.0	-18.8	0.0	
3.81641	-0.3	-374	18.0	18.8	-0.8	0.0	-18.8	0.0	
3.82031	-0.3	-374	18.1	18.8	-0.7	0.0	-18.8	0.0	
3.82422	-0.4	-374	18.1	18.8	-0.7	0.0	-18.8	0.0	
3.82812	-0.4	-374	18.0	18.8	-0.8	0.0	-18.8	0.0	
3.83203	-0.2	-374	18.1	18.9	-0.8	0.0	-18.9	0.0	
3.83594	-0.2	-374	18.1	18.8	-0.7	0.0	-18.8	0.0	
3.83984	-0.3	-374	18.1	18.8	-0.7	0.0	-18.8	0.0	
3.84375	-0.4	-374	18.0	18.8	-0.8	0.0	-18.8	0.0	
3.84766	-0.3	-374	18.1	18.9	-0.8	0.0	-18.9	0.0	
3.85156	-0.2	-375	18.1	18.8	-0.7	0.0	-18.8	0.0	
3.85547	-0.1	-375	18.1	18.8	-0.7	0.0	-18.8	0.0	
3.85938	-0.1	-375	18.1	18.8	-0.7	0.0	-18.8	0.0	
3.86328	-0.2	-375	18.0	18.9	-0.9	0.0	-18.9	0.0	
3.86719	-0.2	-375	18.0	18.9	-0.9	0.0	-18.9	0.0	
3.87109	-0.1	-375	18.0	18.8	-0.8	0.0	-18.8	0.0	
3.87500	-0.1	-375	17.9	18.9	-1.0	0.0	-18.9	0.0	
3.87891	0.2	-375	17.9	18.8	-0.9	0.0	-18.8	0.0	
3.88281	0.2	-375	17.9	18.8	-0.9	0.0	-18.8	0.0	
3.88672	0.1	-375	17.8	18.8	-1.0	0.0	-18.8	0.0	
3.89062	0.0	-375	17.7	18.8	-1.1	0.0	-18.8	0.0	
3.89453	-0.1	-375	17.8	18.8	-1.0	0.0	-18.8	0.0	
3.89844	-0.1	-375	17.7	18.8	-1.1	0.0	-18.8	0.0	
3.90234	-0.0	-375	17.7	18.8	-1.1	0.0	-18.8	0.0	
3.90625	-0.0	-375	17.7	18.9	-1.2	0.0	-18.9	0.0	
3.91016	-0.2	-375	17.6	18.8	-1.2	0.0	-18.8	0.0	
3.91406	-0.4	-375	17.6	18.8	-1.2	0.0	-18.8	0.0	
3.91797	-0.4	-375	17.6	18.8	-1.2	0.0	-18.8	0.0	
3.92188	-0.3	-375	17.6	18.8	-1.2	0.0	-18.8	0.0	
3.92578	-0.2	-375	17.7	18.8	-1.1	0.0	-18.8	0.0	
3.92969	-0.2	-375	17.7	18.8	-1.1	0.0	-18.8	0.0	
3.93359	-0.2	-375	17.7	18.8	-1.1	0.0	-18.8	0.0	
3.93750	-0.3	-375	17.7	18.9	-1.2	0.0	-18.9	0.0	
3.94141	-0.4	-375	17.7	18.8	-1.1	0.0	-18.8	0.0	
3.94531	-0.3	-375	17.7	18.8	-1.1	0.0	-18.8	0.0	
3.94922	-0.2	-375	17.7	18.8	-1.1	0.0	-18.8	0.0	
3.95312	-0.2	-375	17.7	18.8	-1.1	0.0	-18.8	0.0	
3.95703	-0.1	-375	17.7	18.8	-1.1	0.0	-18.8	0.0	
3.96094	-0.2	-375	17.7	18.9	-1.2	0.0	-18.9	0.0	
3.96484	-0.4	-375	17.7	18.8	-1.1	0.0	-18.8	0.0	
3.96875	-0.3	-375	17.7	18.8	-1.1	0.0	-18.8	0.0	
3.97266	-0.3	-375	17.6	18.8	-1.2	0.0	-18.8	0.0	
3.97656	-0.3	-375	17.7	18.8	-1.1	0.0	-18.8	0.0	
3.98047	-0.2	-375	17.7	18.9	-1.2	0.0	-18.9	0.0	
3.98438	-0.2	-375	17.7	18.8	-1.1	0.0	-18.8	0.0	
3.98828	-0.2	-375	17.7	18.8	-1.1	0.0	-18.8	0.0	
3.99219	-0.3	-375	17.6	18.8	-1.2	0.0	-18.8	0.0	
3.99609	-0.3	-375	17.6	18.8	-1.2	0.0	-18.8	0.0	
4.00000	-0.3	-375	17.7	18.8	-1.1	0.0	-18.8	0.0	
4.00391	-0.5	-375	17.7	18.8	-1.1	0.0	-18.8	0.0	
4.00781	-0.4	-375	17.7	18.8	-1.1	0.0	-18.8	0.0	
4.01172	-0.2	-375	17.7	18.8	-1.1	0.0	-18.8	0.0	
4.01562	-0.4	-375	17.7	18.8	-1.1	0.0	-18.8	0.0	
4.01953	-0.3	-375	17.7	18.8	-1.1	0.0	-18.8	0.0	
4.02344	-0.2	-375	17.8	18.8	-1.0	0.0	-18.8	0.0	
4.02734	-0.4	-375	17.8	18.8	-1.0	0.0	-18.8	0.0	
4.03125	-0.4	-375	17.8	18.8	-1.0	0.0	-18.8	0.0	
4.03516	-0.3	-375	17.9	18.8	-0.9	0.0	-18.8	0.0	
4.03906	-0.4	-375	17.9	18.8	-0.9	0.0	-18.8	0.0	
4.04297	-0.4	-375	17.9	18.9	-1.0	0.0	-18.9	0.0	
4.04688	-0.3	-375	18.0	18.8	-0.8	0.0	-18.8	0.0	
4.05078	-0.3	-375	18.0	18.8	-0.8	0.0	-18.8	0.0	
4.05469	-0.2	-375	18.0	18.9	-0.9	0.0	-18.9	0.0	
4.05859	-0.3	-375	18.0	18.9	-0.9	0.0	-18.9	0.0	
4.06250	-0.4	-375	17.9	18.9	-1.0	0.0	-18.9	0.0	
4.06641	-0.2	-375	18.0	18.9	-0.9	0.0	-18.9	0.0	
4.07031	-0.1	-375	18.0	18.9	-0.9	0.0	-18.9	0.0	
4.07422	-0.3	-375	18.0	18.9	-0.9	0.0	-18.9	0.0	
4.07812	-0.3	-375	18.0	19.0	-1.0	0.0	-19.0	0.0	
4.08203	-0.2	-375	18.0	19.0	-1.0	0.0	-19.0	0.0	
4.08594	-0.2	-375	18.0	19.0	-1.0	0.0	-19.0	0.0	
4.08984	-0.2	-375	18.0	18.9	-0.9	0.0	-18.9	0.0	
4.09375	-0.2	-375	17.9	19.0	-1.1	0.0	-19.0	0.0	
4.09766	-0.2	-375	17.9	19.0	-1.1	0.0	-19.0	0.0	
4.10156	-0.2	-375	18.0	19.0	-1.0	0.0	-19.0	0.0	
4.10547	-0.3	-375	17.9	19.0	-1.1	0.0	-19.0	0.0	
4.10938	-0.3	-375	17.9	19.0	-1.1	0.0	-19.0	0.0	
4.11328	-0.3	-376	17.9	19.0	-1.1	0.0	-19.0	0.0	
4.11719	-0.3	-376	17.9	19.0	-1.1	0.0	-19.0	0.0	
4.12109	-0.2	-376	17.9	19.0	-1.1	0.0	-19.0	0.0	
4.12500	-0.4	-376	18.0	19.0	-1.0	0.0	-19.0	0.0	
4.12891	-0.4	-376	18.0	19.1	-1.1	0.0	-19.1	0.0	
4.13281	-0.3	-376	18.0	19.1	-1.1	0.0	-19.1	0.0	
4.13672	-0.4	-376	18.0	19.1	-1.1	0.0	-19.1	0.0	
4.14062	-0.6	-376	18.1	19.2	-1.1	0.0	-19.2	0.0	
4.14453	-0.5	-376	18.1	19.2	-1.1	0.0	-19.2	0.0	
4.14844	-0.5	-376	18.1	19.3	-1.2	0.0	-19.3	0.0	
4.15234	-0.6	-376	18.2	19.4	-1.2	0.0	-19.4	0.0	
4.15625	-0.4	-376	18.2	19.4	-1.2	0.0	-19.4	0.0	
4.16016	-0.2	-376	18.2	19.5	-1.3	0.0	-19.5	0.0	
4.16406	-0.3	-376	18.2	19.5	-1.3	0.0	-19.5	0.0	
4.16797	-0.2	-376	18.1	19.5	-1.4	0.0	-19.5	0.0	
4.17188	-0.1	-376	18.1	19.5	-1.4	0.0	-19.5	0.0	
4.17578	-0.1	-376	18.1	19.5	-1.4	0.0	-19.5	0.0	
4.17969	0.1	-376	18.0	19.5	-1.5	0.0	-19.5	0.0	
4.18359	0.3	-376	17.9	19.4	-1.5	0.0	-19.4	0.0	
4.18750	0.4	-376	17.9	19.4	-1.5	0.0	-19.4	0.0	
4.19141	0.5	-376	17.8	19.4	-1.6	0.0	-19.4	0.0	
4.19531	0.7	-376	17.7	19.4	-1.7	0.0	-19.4	0.0	
4.19922	0.7	-376	17.7	19.3	-1.6	0.0	-19.3	0.0	
4.20312	0.6	-376	17.6	19.2	-1.6	0.0	-19.2	0.0	
4.20703	0.5	-376	17.5	19.2	-1.7	0.0	-19.2	0.0	
4.21094	0.2	-376	17.5	19.2	-1.7	0.0	-19.2	0.0	
4.21484	0.0	-376	17.5	19.2	-1.7	0.0	-19.2	0.0	
4.21875	-0.1	-376	17.5	19.3	-1.8	0.0	-19.3	0.0	
4.22266	-0.3	-376	17.5	19.2	-1.7	0.0	-19.2	0.0	
4.22656	-0.5	-376	17.5	19.2	-1.7	0.0	-19.2	0.0	
4.23047	-0.4	-376	17.6	19.2	-1.6	0.0	-19.2	0.0	
4.23438	-0.4	-376	17.6	19.1	-1.5	0.0	-19.1	0.0	
4.23828	-0.6	-376	17.6	19.1	-1.5	0.0	-19.1	0.0	
4.24219	-0.6	-376	17.7	19.1	-1.4	0.0	-19.1	0.0	
4.24609	-0.6	-376	17.8	19.1	-1.3	0.0	-19.1	0.0	
4.25000	-0.9	-376	17.8	19.1	-1.3	0.0	-19.1	0.0	
4.25391	-0.9	-376	17.9	19.1	-1.2	0.0	-19.1	0.0	
4.25781	-0.9	-376	18.0	19.1	-1.1	0.0	-19.1	0.0	
4.26172	-1.1	-376	18.1	19.1	-1.0	0.0	-19.1	0.0	
4.26562	-1.2	-376	18.1	19.1	-1.0	0.0	-19.1	0.0	
4.26953	-1.2	-376	18.2	19.1	-0.9	0.0	-19.1	0.0	
4.27344	-1.0	-376	18.3	19.1	-0.8	0.0	-19.1	0.0	
4.27734	-1.1	-376	18.3	19.1	-0.8	0.0	-19.1	0.0	
4.28125	-1.2	-376	18.4	19.1	-0.7	0.0	-19.1	0.0	
4.28516	-1.1	-377	18.6	19.1	-0.5	0.0	-19.1	0.0	
4.28906	-1.2	-377	18.6	19.1	-0.5	0.0	-19.1	0.0	
4.29297	-1.2	-377	18.7	19.2	-0.5	0.0	-19.2	0.0	
4.29688	-1.1	-377	18.8	19.2	-0.4	0.0	-19.2	0.0	
4.30078	-1.2	-377	18.8	19.2	-0.4	0.0	-19.2	0.0	
4.30469	-1.1	-377	18.9	19.2	-0.3	0.0	-19.2	0.0	
4.30859	-0.9	-377	19.0	19.3	-0.3	0.0	-19.3	0.0	
4.31250	-0.9	-377	19.0	19.3	-0.3	0.0	-19.3	0.0	
4.31641	-0.7	-377	19.1	19.2	-0.1	0.0	-19.2	0.0	
4.32031	-0.5	-377	19.1	19.3	-0.2	0.0	-19.3	0.0	
4.32422	-0.4	-377	19.1	19.3	-0.2	0.0	-19.3	0.0	
4.32812	-0.4	-377	19.1	19.2	-0.1	0.0	-19.2	0.0	
4.33203	-0.3	-377	19.1	19.3	-0.2	0.0	-19.3	0.0	
4.33594	-0.3	-377	19.1	19.3	-0.2	0.0	-19.3	0.0	
4.33984	-0.2	-377	19.1	19.3	-0.2	0.0	-19.3	0.0	
4.34375	-0.2	-377	19.2	19.3	-0.1	0.0	-19.3	0.0	
4.34766	-0.3	-377	19.2	19.2	0.0	0.0	-19.2	0.0	
4.35156	-0.4	-377	19.2	19.2	0.0	0.0	-19.2	0.0	
4.35547	-0.4	-377	19.3	19.3	0.0	0.0	-19.3	0.0	
4.35938	-0.5	-377	19.4	19.2	0.2	0.0	-19.2	0.0	
4.36328	-0.7	-377	19.4	19.2	0.2	0.0	-19.2	0.0	
4.36719	-0.9	-377	19.5	19.3	0.2	0.0	-19.3	0.0	
4.37109	-1.2	-377	19.7	19.2	0.5	0.0	-19.2	0.0	
4.37500	-1.7	-378	19.8	19.3	0.5	0.0	-19.3	0.0	
4.37891	-2.1	-378	19.9	19.3	0.6	0.0	-19.3	0.0	
4.38281	-2.5	-378	20.1	19.3	0.8	0.0	-19.3	0.0	
4.38672	-2.9	-378	20.2	19.3	0.9	0.0	-19.3	0.0	
4.39062	-2.9	-378	20.3	19.3	1.0	0.0	-19.3	0.0	
4.39453	-2.8	-378	20.4	19.4	1.0	0.0	-19.4	0.0	
4.39844	-2.4	-379	20.5	19.4	1.1	0.0	-19.4	0.0	
4.40234	-1.9	-379	20.6	19.4	1.2	0.0	-19.4	0.0	
4.40625	-1.4	-379	20.6	19.4	1.2	0.0	-19.4	0.0	
4.41016	-1.0	-379	20.7	19.4	1.3	0.0	-19.4	0.0	
4.41406	-0.6	-379	20.7	19.4	1.3	0.0	-19.4	0.0	
4.41797	-0.4	-379	20.8	19.4	1.4	0.0	-19.4	0.0	
4.42188	-0.2	-379	20.7	19.4	1.3	0.0	-19.4	0.0	
4.42578	-0.1	-379	20.7	19.4	1.3	0.0	-19.4	0.0	
4.42969	-0.2	-379	20.8	19.4	1.4	0.0	-19.4	0.0	
4.43359	-0.2	-379	20.8	19.5	1.3	0.0	-19.5	0.0	
4.43750	-0.3	-379	20.9	19.4	1.5	0.0	-19.4	0.0	
4.44141	-0.5	-379	20.9	19.4	1.5	0.0	-19.4	0.0	
4.44531	-0.4	-379	20.9	19.5	1.4	0.0	-19.5	0.0	
4.44922	-0.5	-379	21.0	19.4	1.6	0.0	-19.4	0.0	
4.45312	-0.7	-379	21.1	19.4	1.7	0.0	-19.4	0.0	
4.45703	-1.0	-379	21.3	19.5	1.8	0.0	-19.5	0.0	
4.46094	-1.6	-379	21.4	19.6	1.8	0.0	-19.6	0.0	
4.46484	-2.1	-379	21.5	19.6	1.9	0.0	-19.6	0.0	
4.46875	-2.6	-380	21.7	19.6	2.1	0.0	-19.6	0.0	
4.47266	-3.1	-380	21.8	19.6	2.2	0.0	-19.6	0.0	
4.47656	-3.4	-380	21.9	19.7	2.2	0.0	-19.7	0.0	
4.48047	-3.4	-380	22.1	19.8	2.3	0.0	-19.8	0.0	
4.48438	-3.2	-381	22.3	19.8	2.5	0.0	-19.8	0.0	
4.48828	-3.1	-381	22.5	19.9	2.6	0.0	-19.9	0.0	
4.49219	-2.9	-381	22.5	19.9	2.6	0.0	-19.9	0.0	
4.49609	-2.4	-381	22.6	20.0	2.6	0.0	-20.0	0.0	
4.50000	-1.9	-381	22.7	20.0	2.7	0.0	-20.0	0.0	
4.50391	-1.2	-381	22.7	20.1	2.6	0.0	-20.1	0.0	
4.50781	-0.6	-381	22.7	20.1	2.6	0.0	-20.1	0.0	
4.51172	-0.2	-381	22.7	20.2	2.5	0.0	-20.2	0.0	
4.51562	-0.2	-381	22.7	20.3	2.4	0.0	-20.3	0.0	
4.51953	-0.0	-381	22.8	20.3	2.5	0.0	-20.3	0.0	
4.52344	-0.0	-381	22.8	20.3	2.5	0.0	-20.3	0.0	
4.52734	-0.3	-381	22.8	20.4	2.4	0.0	-20.4	0.0	
4.53125	-0.4	-381	22.8	20.5	2.3	0.0	-20.5	0.0	
4.53516	-0.3	-381	22.9	20.5	2.4	0.0	-20.5	0.0	
4.53906	-0.5	-381	22.9	20.6	2.3	0.0	-20.6	0.0	
4.54297	-0.7	-381	23.0	20.6	2.4	0.0	-20.6	0.0	
4.54688	-0.8	-382	23.1	20.6	2.5	0.0	-20.6	0.0	
4.55078	-1.3	-382	23.1	20.7	2.4	0.0	-20.7	0.0	
4.55469	-1.9	-382	23.3	20.8	2.5	0.0	-20.8	0.0	
4.55859	-2.6	-382	23.5	20.9	2.6	0.0	-20.9	0.0	
4.56250	-3.3	-382	23.6	21.0	2.6	0.0	-21.0	0.0	
4.56641	-3.9	-382	23.8	21.1	2.7	0.0	-21.1	0.0	
4.57031	-4.0	-383	24.0	21.1	2.9	0.0	-21.1	0.0	
4.57422	-3.7	-383	24.2	21.2	3.0	0.0	-21.2	0.0	
4.57812	-3.5	-383	24.2	21.3	2.9	0.0	-21.3	0.0	
4.58203	-3.6	-383	24.4	21.4	3.0	0.0	-21.4	0.0	
4.58594	-3.2	-384	24.5	21.5	3.0	0.0	-21.5	0.0	
4.58984	-2.3	-384	24.5	21.5	3.0	0.0	-21.5	0.0	
4.59375	-1.5	-384	24.5	21.6	2.9	0.0	-21.6	0.0	
4.59766	-0.6	-384	24.6	21.7	2.9	0.0	-21.7	0.0	
4.60156	0.1	-384	24.5	21.7	2.8	0.0	-21.7	0.0	
4.60547	0.1	-384	24.5	21.8	2.7	0.0	-21.8	0.0	
4.60938	0.1	-384	24.4	21.9	2.5	0.0	-21.9	0.0	
4.61328	0.1	-384	24.4	21.9	2.5	0.0	-21.9	0.0	
4.61719	0.1	-384	24.3	21.9	2.4	0.0	-21.9	0.0	
4.62109	0.3	-384	24.2	22.0	2.2	0.0	-22.0	0.0	
4.62500	0.6	-384	24.1	22.0	2.1	0.0	-22.0	0.0	
4.62891	0.8	-384	24.0	22.1	1.9	0.0	-22.1	0.0	
4.63281	0.9	-384	24.0	22.1	1.9	0.0	-22.1	0.0	
4.63672	0.7	-384	23.9	22.1	1.8	0.0	-22.1	0.0	
4.64062	0.3	-384	23.9	22.2	1.7	0.0	-22.2	0.0	
4.64453	0.2	-384	23.8	22.2	1.6	0.0	-22.2	0.0	
4.64844	0.1	-384	23.8	22.2	1.6	0.0	-22.2	0.0	
4.65234	-0.1	-384	23.7	22.2	1.5	0.0	-22.2	0.0	
4.65625	-0.2	-384	23.7	22.2	1.5	0.0	-22.2	0.0	
4.66016	-0.2	-384	23.7	22.2	1.5	0.0	-22.2	0.0	
4.66406	-0.4	-384	23.7	22.3	1.4	0.0	-22.3	0.0	
4.66797	-0.4	-384	23.7	22.3	1.4	0.0	-22.3	0.0	
4.67188	-0.3	-384	23.7	22.3	1.4	0.0	-22.3	0.0	
4.67578	-0.3	-384	23.6	22.3	1.3	0.0	-22.3	0.0	
4.67969	-0.1	-384	23.6	22.3	1.3	0.0	-22.3	0.0	
4.68359	0.0	-384	23.5	22.4	1.1	0.0	-22.4	0.0	
4.68750	0.0	-384	23.5	22.4	1.1	0.0	-22.4	0.0	
4.69141	0.1	-384	23.4	22.3	1.1	0.0	-22.3	0.0	
4.69531	0.2	-384	23.4	22.4	1.0	0.0	-22.4	0.0	
4.69922	0.3	-384	23.3	22.3	1.0	0.0	-22.3	0.0	
4.70312	0.4	-384	23.2	22.3	0.9	0.0	-22.3	0.0	
4.70703	0.6	-384	23.1	22.4	0.7	0.0	-22.4	0.0	
4.71094	0.7	-384	23.0	22.3	0.7	0.0	-22.3	0.0	
4.71484	0.9	-383	22.9	22.4	0.5	0.0	-22.4	0.0	
4.71875	1.1	-383	22.8	22.4	0.4	0.0	-22.4	0.0	
4.72266	1.2	-383	22.7	22.3	0.4	0.0	-22.3	0.0	
4.72656	1.3	-383	22.5	22.2	0.3	0.0	-22.2	0.0	
4.73047	1.6	-383	22.3	22.2	0.1	0.0	-22.2	0.0	
4.73438	1.9	-383	22.3	22.2	0.1	0.0	-22.2	0.0	
4.73828	2.3	-383	22.1	22.2	-0.1	0.0	-22.2	0.0	
4.74219	2.5	-383	21.9	22.1	-0.2	0.0	-22.1	0.0	
4.74609	2.8	-382	21.7	22.1	-0.4	0.0	-22.1	0.0	
4.75000	3.2	-382	21.5	22.1	-0.6	0.0	-22.1	0.0	
4.75391	3.6	-382	21.3	22.0	-0.7	0.0	-22.0	0.0	
4.75781	4.0	-382	21.1	21.9	-0.8	0.0	-21.9	0.0	
4.76172	4.2	-382	20.9	21.9	-1.0	0.0	-21.9	0.0	
4.76562	4.4	-381	20.6	21.8	-1.2	0.0	-21.8	0.0	
4.76953	4.6	-381	20.4	21.8	-1.4	0.0	-21.8	0.0	
4.77344	4.4	-381	20.2	21.7	-1.5	0.0	-21.7	0.0	
4.77734	4.0	-380	20.1	21.6	-1.5	0.0	-21.6	0.0	
4.78125	3.9	-380	19.9	21.5	-1.6	0.0	-21.5	0.0	
4.78516	3.6	-380	19.7	21.5	-1.8	0.0	-21.5	0.0	
4.78906	3.2	-380	19.6	21.4	-1.8	0.0	-21.4	0.0	
4.79297	2.7	-380	19.5	21.3	-1.8	0.0	-21.3	0.0	
4.79688	2.3	-379	19.4	21.2	-1.8	0.0	-21.2	0.0	
4.80078	1.9	-379	19.3	21.1	-1.8	0.0	-21.1	0.0	
4.80469	1.5	-379	19.2	21.1	-1.9	0.0	-21.1	0.0	
4.80859	1.1	-379	19.2	21.0	-1.8	0.0	-21.0	0.0	
4.81250	0.7	-379	19.1	21.0	-1.9	0.0	-21.0	0.0	
4.81641	0.4	-379	19.0	21.0	-2.0	0.0	-21.0	0.0	
4.82031	0.1	-379	19.0	20.9	-1.9	0.0	-20.9	0.0	
4.82422	-0.1	-379	19.0	20.9	-1.9	0.0	-20.9	0.0	
4.82812	-0.1	-379	18.9	20.9	-2.0	0.0	-20.9	0.0	
4.83203	0.2	-379	18.9	20.8	-1.9	0.0	-20.8	0.0	
4.83594	0.3	-379	18.9	20.8	-1.9	0.0	-20.8	0.0	
4.83984	0.1	-379	18.8	20.7	-1.9	0.0	-20.7	0.0	
4.84375	0.1	-379	18.8	20.7	-1.9	0.0	-20.7	0.0	
4.84766	0.1	-379	18.7	20.6	-1.9	0.0	-20.6	0.0	
4.85156	0.1	-379	18.6	20.6	-2.0	0.0	-20.6	0.0	
4.85547	0.2	-379	18.6	20.6	-2.0	0.0	-20.6	0.0	
4.85938	0.3	-379	18.6	20.6	-2.0	0.0	-20.6	0.0	
4.86328	0.2	-379	18.5	20.6	-2.1	0.0	-20.6	0.0	
4.86719	0.2	-379	18.5	20.5	-2.0	0.0	-20.5	0.0	
4.87109	0.2	-379	18.4	20.5	-2.1	0.0	-20.5	0.0	
4.87500	0.0	-379	18.4	20.5	-2.1	0.0	-20.5	0.0	
4.87891	-0.1	-379	18.4	20.6	-2.2	0.0	-20.6	0.0	
4.88281	-0.0	-379	18.3	20.6	-2.3	0.0	-20.6	0.0	
4.88672	0.1	-379	18.2	20.5	-2.3	0.0	-20.5	0.0	
4.89062	0.1	-379	18.2	20.6	-2.4	0.0	-20.6	0.0	
4.89453	0.2	-379	18.2	20.6	-2.4	0.0	-20.6	0.0	
4.89844	0.3	-379	18.1	20.6	-2.5	0.0	-20.6	0.0	
4.90234	0.3	-379	18.0	20.5	-2.5	0.0	-20.5	0.0	
4.90625	0.5	-379	17.9	20.5	-2.6	0.0	-20.5	0.0	
4.91016	0.7	-379	17.9	20.5	-2.6	0.0	-20.5	0.0	
4.91406	0.6	-379	17.7	20.4	-2.7	0.0	-20.4	0.0	
4.91797	0.9	-379	17.7	20.3	-2.6	0.0	-20.3	0.0	
4.92188	1.2	-379	17.6	20.3	-2.7	0.0	-20.3	0.0	
4.92578	1.0	-378	17.5	20.3	-2.8	0.0	-20.3	0.0	
4.92969	1.1	-378	17.4	20.2	-2.8	0.0	-20.2	0.0	
4.93359	1.1	-378	17.4	20.1	-2.7	0.0	-20.1	0.0	
4.93750	0.8	-378	17.3	20.0	-2.7	0.0	-20.0	0.0	
4.94141	0.6	-378	17.2	20.0	-2.8	0.0	-20.0	0.0	
4.94531	0.5	-378	17.2	20.0	-2.8	0.0	-20.0	0.0	
4.94922	0.3	-378	17.2	19.9	-2.7	0.0	-19.9	0.0	
4.95312	0.1	-378	17.1	19.8	-2.7	0.0	-19.8	0.0	
4.95703	0.1	-378	17.1	19.9	-2.8	0.0	-19.9	0.0	
4.96094	-0.1	-378	17.1	19.8	-2.7	0.0	-19.8	0.0	
4.96484	-0.5	-378	17.1	19.7	-2.6	0.0	-19.7	0.0	
4.96875	-0.4	-378	17.1	19.7	-2.6	0.0	-19.7	0.0	
4.97266	-0.4	-378	17.2	19.7	-2.5	0.0	-19.7	0.0	
4.97656	-0.5	-378	17.1	19.7	-2.6	0.0	-19.7	0.0	
4.98047	-0.4	-378	17.2	19.7	-2.5	0.0	-19.7	0.0	
4.98438	-0.3	-378	17.2	19.6	-2.4	0.0	-19.6	0.0	
4.98828	-0.4	-378	17.2	19.6	-2.4	0.0	-19.6	0.0	
4.99219	-0.5	-378	17.3	19.5	-2.2	0.0	-19.5	0.0	
4.99609	-0.5	-378	17.3	19.5	-2.2	0.0	-19.5	0.0	
5.00000	-0.5	-378	17.3	19.5	-2.2	0.0	-19.5	0.0	
5.00391	-0.5	-379	17.4	19.5	-2.1	0.0	-19.5	0.0	
5.00781	-0.4	-379	17.4	19.5	-2.1	0.0	-19.5	0.0	
5.01172	-0.3	-379	17.4	19.5	-2.1	0.0	-19.5	0.0	
5.01562	-0.4	-379	17.4	19.4	-2.0	0.0	-19.4	0.0	
5.01953	-0.3	-379	17.5	19.4	-1.9	0.0	-19.4	0.0	
5.02344	-0.2	-379	17.4	19.4	-2.0	0.0	-19.4	0.0	
5.02734	-0.3	-379	17.4	19.4	-2.0	0.0	-19.4	0.0	
5.03125	-0.2	-379	17.5	19.4	-1.9	0.0	-19.4	0.0	
5.03516	-0.1	-379	17.5	19.3	-1.8	0.0	-19.3	0.0	
5.03906	-0.2	-379	17.4	19.3	-1.9	0.0	-19.3	0.0	
5.04297	-0.2	-379	17.4	19.2	-1.8	0.0	-19.2	0.0	
5.04688	-0.3	-379	17.5	19.3	-1.8	0.0	-19.3	0.0	
5.05078	-0.3	-379	17.4	19.2	-1.8	0.0	-19.2	0.0	
5.05469	-0.2	-379	17.4	19.2	-1.8	0.0	-19.2	0.0	
5.05859	-0.1	-379	17.5	19.2	-1.7	0.0	-19.2	0.0	
5.06250	-0.2	-379	17.4	19.1	-1.7	0.0	-19.1	0.0	
5.06641	-0.3	-379	17.4	19.1	-1.7	0.0	-19.1	0.0	
5.07031	-0.2	-379	17.4	19.1	-1.7	0.0	-19.1	0.0	
5.07422	-0.2	-379	17.3	19.0	-1.7	0.0	-19.0	0.0	
5.07812	-0.3	-379	17.9	19.0	-1.1	0.0	-19.0	0.0	
5.08203	0.6	-379	18.1	19.0	-0.9	0.0	-19.0	0.0	
5.08594	1.3	-379	17.9	18.9	-1.0	0.0	-18.9	0.0	
5.08984	1.3	-379	17.9	18.9	-1.0	0.0	-18.9	0.0	
5.09375	2.4	-378	18.1	18.9	-0.8	0.0	-18.9	0.0	
5.09766	4.6	-378	19.1	18.8	0.3	0.0	-18.8	0.0	
5.10156	8.2	-378	20.2	18.8	1.4	0.0	-18.8	0.0	
5.10547	13.5	-377	20.3	18.8	1.5	0.0	-18.8	0.0	
5.10938	18.4	-376	20.4	18.8	1.6	0.0	-18.8	0.0	
5.11328	21.3	-374	20.5	18.8	1.7	0.0	-18.8	0.0	
5.11719	22.9	-373	20.6	18.8	1.8	0.0	-18.8	0.0	
5.12109	24.1	-371	20.8	18.8	2.0	0.0	-18.8	0.0	
5.12500	25.5	-369	21.1	18.7	2.4	0.0	-18.7	0.0	
