FluxView - FluxMed acquisition system
Signal file
Serial Number	:
W version:	1.20h-OX-CO2	File version:	1.13
Sampling rate:	256 Hz
Time	Flow	Volume	Paw	Pes	Ptpulm	Pga	Ptdiaf	CO2	
0.00391	-2.2	-447	16.9	17.3	-0.4	0.0	-17.3	0.0	
0.00781	-2.3	-448	16.9	17.4	-0.5	0.0	-17.4	0.0	
0.01172	-2.2	-448	17.0	17.4	-0.4	0.0	-17.4	0.0	
0.01562	-2.2	-448	16.9	17.4	-0.5	0.0	-17.4	0.0	
0.01953	-2.2	-448	16.9	17.4	-0.5	0.0	-17.4	0.0	
0.02344	-2.1	-448	16.9	17.4	-0.5	0.0	-17.4	0.0	
0.02734	-2.0	-448	16.9	17.4	-0.5	0.0	-17.4	0.0	
0.03125	-2.0	-448	17.0	17.4	-0.4	0.0	-17.4	0.0	
0.03516	-1.9	-449	17.0	17.5	-0.5	0.0	-17.5	0.0	
0.03906	-1.9	-449	17.0	17.4	-0.4	0.0	-17.4	0.0	
0.04297	-1.9	-449	17.0	17.4	-0.4	0.0	-17.4	0.0	
0.04688	-1.8	-449	17.0	17.4	-0.4	0.0	-17.4	0.0	
0.05078	-1.6	-449	17.0	17.4	-0.4	0.0	-17.4	0.0	
0.05469	-1.5	-449	16.9	17.4	-0.5	0.0	-17.4	0.0	
0.05859	-1.5	-449	17.0	17.4	-0.4	0.0	-17.4	0.0	
0.06250	-1.4	-449	17.0	17.4	-0.4	0.0	-17.4	0.0	
0.06641	-1.4	-449	17.0	17.4	-0.4	0.0	-17.4	0.0	
0.07031	-1.4	-449	16.9	17.4	-0.5	0.0	-17.4	0.0	
0.07422	-1.3	-450	16.9	17.4	-0.5	0.0	-17.4	0.0	
0.07812	-1.3	-450	16.9	17.3	-0.4	0.0	-17.3	0.0	
0.08203	-1.3	-450	17.0	17.4	-0.4	0.0	-17.4	0.0	
0.08594	-1.3	-450	17.0	17.3	-0.3	0.0	-17.3	0.0	
0.08984	-1.4	-450	17.0	17.3	-0.3	0.0	-17.3	0.0	
0.09375	-1.5	-450	17.0	17.3	-0.3	0.0	-17.3	0.0	
0.09766	-1.5	-450	16.9	17.3	-0.4	0.0	-17.3	0.0	
0.10156	-1.6	-450	17.0	17.3	-0.3	0.0	-17.3	0.0	
0.10547	-1.7	-450	17.0	17.3	-0.3	0.0	-17.3	0.0	
0.10938	-1.7	-450	16.9	17.3	-0.4	0.0	-17.3	0.0	
0.11328	-1.6	-451	17.0	17.2	-0.2	0.0	-17.2	0.0	
0.11719	-1.7	-451	16.9	17.2	-0.3	0.0	-17.2	0.0	
0.12109	-1.7	-451	16.9	17.2	-0.3	0.0	-17.2	0.0	
0.12500	-1.6	-451	17.0	17.2	-0.2	0.0	-17.2	0.0	
0.12891	-1.6	-451	16.9	17.2	-0.3	0.0	-17.2	0.0	
0.13281	-1.6	-451	16.9	17.2	-0.3	0.0	-17.2	0.0	
0.13672	-1.4	-451	17.0	17.3	-0.3	0.0	-17.3	0.0	
0.14062	-1.4	-451	17.0	17.2	-0.2	0.0	-17.2	0.0	
0.14453	-1.6	-451	16.9	17.2	-0.3	0.0	-17.2	0.0	
0.14844	-1.4	-451	17.0	17.2	-0.2	0.0	-17.2	0.0	
0.15234	-1.4	-452	17.0	17.2	-0.2	0.0	-17.2	0.0	
0.15625	-1.3	-452	16.9	17.2	-0.3	0.0	-17.2	0.0	
0.16016	-1.2	-452	16.9	17.2	-0.3	0.0	-17.2	0.0	
0.16406	-1.3	-452	17.0	17.2	-0.2	0.0	-17.2	0.0	
0.16797	-1.4	-452	16.9	17.2	-0.3	0.0	-17.2	0.0	
0.17188	-1.3	-452	16.9	17.3	-0.4	0.0	-17.3	0.0	
0.17578	-1.2	-452	16.8	17.3	-0.5	0.0	-17.3	0.0	
0.17969	-1.2	-452	16.8	17.3	-0.5	0.0	-17.3	0.0	
0.18359	-1.1	-452	16.9	17.3	-0.4	0.0	-17.3	0.0	
0.18750	-1.0	-452	16.8	17.3	-0.5	0.0	-17.3	0.0	
0.19141	-1.0	-452	16.8	17.3	-0.5	0.0	-17.3	0.0	
0.19531	-1.1	-452	16.8	17.3	-0.5	0.0	-17.3	0.0	
0.19922	-1.1	-452	16.8	17.4	-0.6	0.0	-17.4	0.0	
0.20312	-1.3	-453	16.8	17.4	-0.6	0.0	-17.4	0.0	
0.20703	-1.4	-453	16.8	17.4	-0.6	0.0	-17.4	0.0	
0.21094	-1.3	-453	16.8	17.4	-0.6	0.0	-17.4	0.0	
0.21484	-1.4	-453	16.8	17.4	-0.6	0.0	-17.4	0.0	
0.21875	-1.5	-453	16.9	17.4	-0.5	0.0	-17.4	0.0	
0.22266	-1.7	-453	16.9	17.4	-0.5	0.0	-17.4	0.0	
0.22656	-1.8	-453	16.9	17.4	-0.5	0.0	-17.4	0.0	
0.23047	-1.9	-453	16.9	17.4	-0.5	0.0	-17.4	0.0	
0.23438	-1.8	-453	17.0	17.5	-0.5	0.0	-17.5	0.0	
0.23828	-1.7	-453	17.0	17.4	-0.4	0.0	-17.4	0.0	
0.24219	-1.6	-454	17.0	17.4	-0.4	0.0	-17.4	0.0	
0.24609	-1.4	-454	16.9	17.5	-0.6	0.0	-17.5	0.0	
0.25000	-1.3	-454	17.0	17.5	-0.5	0.0	-17.5	0.0	
0.25391	-1.3	-454	17.0	17.5	-0.5	0.0	-17.5	0.0	
0.25781	-1.0	-454	16.9	17.5	-0.6	0.0	-17.5	0.0	
0.26172	-0.7	-454	16.9	17.4	-0.5	0.0	-17.4	0.0	
0.26562	-0.7	-454	16.9	17.4	-0.5	0.0	-17.4	0.0	
0.26953	-0.8	-454	16.8	17.3	-0.5	0.0	-17.3	0.0	
0.27344	-0.5	-454	16.8	17.3	-0.5	0.0	-17.3	0.0	
0.27734	-0.4	-454	16.7	17.2	-0.5	0.0	-17.2	0.0	
0.28125	-0.5	-454	16.7	17.2	-0.5	0.0	-17.2	0.0	
0.28516	-0.3	-454	16.6	17.2	-0.6	0.0	-17.2	0.0	
0.28906	-0.4	-454	16.6	17.1	-0.5	0.0	-17.1	0.0	
0.29297	-0.7	-454	16.6	17.0	-0.4	0.0	-17.0	0.0	
0.29688	-0.5	-454	16.5	17.0	-0.5	0.0	-17.0	0.0	
0.30078	-0.4	-454	16.6	16.9	-0.3	0.0	-16.9	0.0	
0.30469	-0.6	-454	16.5	16.8	-0.3	0.0	-16.8	0.0	
0.30859	-0.6	-454	16.5	16.8	-0.3	0.0	-16.8	0.0	
0.31250	-0.6	-454	16.5	16.8	-0.3	0.0	-16.8	0.0	
0.31641	-0.6	-454	16.5	16.7	-0.2	0.0	-16.7	0.0	
0.32031	-0.6	-454	16.5	16.6	-0.1	0.0	-16.6	0.0	
0.32422	-0.7	-455	16.6	16.5	0.1	0.0	-16.5	0.0	
0.32812	-0.7	-455	16.6	16.5	0.1	0.0	-16.5	0.0	
0.33203	-0.8	-455	16.6	16.5	0.1	0.0	-16.5	0.0	
0.33594	-0.8	-455	16.7	16.4	0.3	0.0	-16.4	0.0	
0.33984	-0.8	-455	16.7	16.4	0.3	0.0	-16.4	0.0	
0.34375	-1.0	-455	16.6	16.3	0.3	0.0	-16.3	0.0	
0.34766	-0.8	-455	16.7	16.3	0.4	0.0	-16.3	0.0	
0.35156	-0.9	-455	16.8	16.3	0.5	0.0	-16.3	0.0	
0.35547	-1.0	-455	16.8	16.3	0.5	0.0	-16.3	0.0	
0.35938	-0.8	-455	16.9	16.2	0.7	0.0	-16.2	0.0	
0.36328	-0.7	-455	16.8	16.2	0.6	0.0	-16.2	0.0	
0.36719	-0.8	-455	16.8	16.2	0.6	0.0	-16.2	0.0	
0.37109	-0.8	-455	16.9	16.2	0.7	0.0	-16.2	0.0	
0.37500	-0.8	-455	16.9	16.2	0.7	0.0	-16.2	0.0	
0.37891	-0.9	-455	16.9	16.2	0.7	0.0	-16.2	0.0	
0.38281	-0.8	-455	16.9	16.2	0.7	0.0	-16.2	0.0	
0.38672	-0.7	-455	16.9	16.2	0.7	0.0	-16.2	0.0	
0.39062	-0.7	-455	16.9	16.2	0.7	0.0	-16.2	0.0	
0.39453	-0.9	-456	16.9	16.2	0.7	0.0	-16.2	0.0	
0.39844	-0.8	-456	17.0	16.2	0.8	0.0	-16.2	0.0	
0.40234	-0.9	-456	16.9	16.2	0.7	0.0	-16.2	0.0	
0.40625	-1.1	-456	16.8	16.2	0.6	0.0	-16.2	0.0	
0.41016	-0.9	-456	17.0	16.2	0.8	0.0	-16.2	0.0	
0.41406	-0.8	-456	16.9	16.2	0.7	0.0	-16.2	0.0	
0.41797	-1.1	-456	16.8	16.2	0.6	0.0	-16.2	0.0	
0.42188	-0.3	-456	17.4	16.2	1.2	0.0	-16.2	0.0	
0.42578	0.2	-456	17.8	16.2	1.6	0.0	-16.2	0.0	
0.42969	-0.2	-456	17.6	16.2	1.4	0.0	-16.2	0.0	
0.43359	0.2	-456	17.2	16.2	1.0	0.0	-16.2	0.0	
0.43750	0.2	-456	16.7	16.2	0.5	0.0	-16.2	0.0	
0.44141	-0.5	-456	16.7	16.2	0.5	0.0	-16.2	0.0	
0.44531	-0.7	-456	17.1	16.2	0.9	0.0	-16.2	0.0	
0.44922	-0.4	-456	17.2	16.2	1.0	0.0	-16.2	0.0	
0.45312	-0.2	-456	17.3	16.2	1.1	0.0	-16.2	0.0	
0.45703	-0.0	-456	17.3	16.2	1.1	0.0	-16.2	0.0	
0.46094	0.2	-456	17.1	16.2	0.9	0.0	-16.2	0.0	
0.46484	0.2	-456	16.9	16.2	0.7	0.0	-16.2	0.0	
0.46875	-0.0	-456	16.8	16.2	0.6	0.0	-16.2	0.0	
0.47266	-0.3	-456	17.0	16.2	0.8	0.0	-16.2	0.0	
0.47656	-0.3	-456	17.0	16.3	0.7	0.0	-16.3	0.0	
0.48047	-0.2	-456	17.0	16.2	0.8	0.0	-16.2	0.0	
0.48438	-0.2	-456	17.0	16.2	0.8	0.0	-16.2	0.0	
0.48828	-0.0	-456	17.0	16.2	0.8	0.0	-16.2	0.0	
0.49219	-0.2	-456	17.0	16.3	0.7	0.0	-16.3	0.0	
0.49609	-0.3	-456	17.1	16.3	0.8	0.0	-16.3	0.0	
0.50000	-0.3	-456	17.0	16.3	0.7	0.0	-16.3	0.0	
0.50391	-0.3	-456	16.9	16.3	0.6	0.0	-16.3	0.0	
0.50781	-0.4	-456	16.9	16.3	0.6	0.0	-16.3	0.0	
0.51172	-0.3	-456	17.0	16.3	0.7	0.0	-16.3	0.0	
0.51562	-0.2	-456	17.0	16.4	0.6	0.0	-16.4	0.0	
0.51953	-0.3	-456	17.0	16.4	0.6	0.0	-16.4	0.0	
0.52344	-0.2	-456	17.1	16.4	0.7	0.0	-16.4	0.0	
0.52734	-0.2	-456	17.1	16.4	0.7	0.0	-16.4	0.0	
0.53125	-0.2	-456	17.0	16.4	0.6	0.0	-16.4	0.0	
0.53516	-0.2	-456	17.0	16.4	0.6	0.0	-16.4	0.0	
0.53906	-0.1	-456	17.0	16.4	0.6	0.0	-16.4	0.0	
0.54297	-0.1	-456	17.0	16.4	0.6	0.0	-16.4	0.0	
0.54688	-0.1	-456	17.0	16.4	0.6	0.0	-16.4	0.0	
0.55078	-0.2	-456	17.0	16.4	0.6	0.0	-16.4	0.0	
0.55469	-0.2	-456	16.9	16.4	0.5	0.0	-16.4	0.0	
0.55859	-0.2	-456	17.0	16.4	0.6	0.0	-16.4	0.0	
0.56250	-0.2	-456	17.1	16.4	0.7	0.0	-16.4	0.0	
0.56641	-0.3	-456	17.0	16.5	0.5	0.0	-16.5	0.0	
0.57031	-0.3	-456	17.0	16.5	0.5	0.0	-16.5	0.0	
0.57422	-0.3	-456	17.0	16.4	0.6	0.0	-16.4	0.0	
0.57812	-0.4	-456	17.0	16.4	0.6	0.0	-16.4	0.0	
0.58203	-0.5	-456	17.0	16.4	0.6	0.0	-16.4	0.0	
0.58594	-0.2	-456	17.0	16.5	0.5	0.0	-16.5	0.0	
0.58984	-0.2	-456	17.0	16.4	0.6	0.0	-16.4	0.0	
0.59375	-0.4	-456	17.0	16.4	0.6	0.0	-16.4	0.0	
0.59766	-0.2	-456	17.1	16.5	0.6	0.0	-16.5	0.0	
0.60156	-0.1	-456	17.1	16.5	0.6	0.0	-16.5	0.0	
0.60547	-0.3	-456	17.1	16.5	0.6	0.0	-16.5	0.0	
0.60938	-0.3	-457	17.1	16.5	0.6	0.0	-16.5	0.0	
0.61328	-0.1	-457	17.1	16.5	0.6	0.0	-16.5	0.0	
0.61719	-0.1	-457	17.1	16.5	0.6	0.0	-16.5	0.0	
0.62109	-0.3	-457	17.1	16.5	0.6	0.0	-16.5	0.0	
0.62500	-0.3	-457	17.1	16.5	0.6	0.0	-16.5	0.0	
0.62891	-0.3	-457	17.1	16.5	0.6	0.0	-16.5	0.0	
0.63281	-0.4	-457	17.1	16.5	0.6	0.0	-16.5	0.0	
0.63672	-0.1	-457	17.1	16.5	0.6	0.0	-16.5	0.0	
0.64062	-0.0	-457	17.0	16.6	0.4	0.0	-16.6	0.0	
0.64453	-0.3	-457	17.0	16.6	0.4	0.0	-16.6	0.0	
0.64844	-0.3	-457	17.0	16.5	0.5	0.0	-16.5	0.0	
0.65234	-0.3	-457	17.0	16.5	0.5	0.0	-16.5	0.0	
0.65625	-0.3	-457	16.9	16.6	0.3	0.0	-16.6	0.0	
0.66016	-0.1	-457	16.9	16.6	0.3	0.0	-16.6	0.0	
0.66406	-0.1	-457	17.0	16.6	0.4	0.0	-16.6	0.0	
0.66797	-0.1	-457	16.9	16.6	0.3	0.0	-16.6	0.0	
0.67188	-0.2	-457	17.0	16.6	0.4	0.0	-16.6	0.0	
0.67578	-0.3	-457	17.0	16.6	0.4	0.0	-16.6	0.0	
0.67969	-0.3	-457	17.0	16.6	0.4	0.0	-16.6	0.0	
0.68359	-0.2	-457	17.0	16.6	0.4	0.0	-16.6	0.0	
0.68750	-0.2	-457	17.1	16.7	0.4	0.0	-16.7	0.0	
0.69141	-0.2	-457	17.0	16.7	0.3	0.0	-16.7	0.0	
0.69531	-0.2	-457	17.0	16.7	0.3	0.0	-16.7	0.0	
0.69922	-0.3	-457	17.0	16.7	0.3	0.0	-16.7	0.0	
0.70312	-0.3	-457	16.9	16.7	0.2	0.0	-16.7	0.0	
0.70703	-0.3	-457	17.0	16.7	0.3	0.0	-16.7	0.0	
0.71094	-0.2	-457	17.0	16.7	0.3	0.0	-16.7	0.0	
0.71484	-0.3	-457	17.0	16.7	0.3	0.0	-16.7	0.0	
0.71875	-0.4	-457	17.0	16.7	0.3	0.0	-16.7	0.0	
0.72266	-0.3	-457	17.0	16.8	0.2	0.0	-16.8	0.0	
0.72656	-0.2	-457	17.0	16.8	0.2	0.0	-16.8	0.0	
0.73047	-0.3	-457	17.0	16.8	0.2	0.0	-16.8	0.0	
0.73438	-0.3	-457	17.0	16.8	0.2	0.0	-16.8	0.0	
0.73828	-0.3	-457	17.1	16.8	0.3	0.0	-16.8	0.0	
0.74219	-0.3	-457	17.1	16.9	0.2	0.0	-16.9	0.0	
0.74609	-0.3	-457	17.0	16.8	0.2	0.0	-16.8	0.0	
0.75000	-0.2	-457	17.1	16.9	0.2	0.0	-16.9	0.0	
0.75391	-0.3	-457	17.1	16.9	0.2	0.0	-16.9	0.0	
0.75781	-0.4	-457	17.1	16.9	0.2	0.0	-16.9	0.0	
0.76172	-0.3	-457	17.1	17.0	0.1	0.0	-17.0	0.0	
0.76562	-0.4	-457	17.1	17.0	0.1	0.0	-17.0	0.0	
0.76953	-0.5	-457	17.1	17.0	0.1	0.0	-17.0	0.0	
0.77344	-0.4	-457	17.2	16.9	0.3	0.0	-16.9	0.0	
0.77734	-0.2	-457	17.2	16.9	0.3	0.0	-16.9	0.0	
0.78125	-0.2	-457	17.2	17.0	0.2	0.0	-17.0	0.0	
0.78516	-0.2	-457	17.2	17.1	0.1	0.0	-17.1	0.0	
0.78906	-0.2	-457	17.2	17.1	0.1	0.0	-17.1	0.0	
0.79297	-0.3	-457	17.2	17.1	0.1	0.0	-17.1	0.0	
0.79688	-0.2	-457	17.2	17.1	0.1	0.0	-17.1	0.0	
0.80078	-0.2	-457	17.3	17.1	0.2	0.0	-17.1	0.0	
0.80469	-0.2	-457	17.2	17.1	0.1	0.0	-17.1	0.0	
0.80859	-0.2	-457	17.2	17.1	0.1	0.0	-17.1	0.0	
0.81250	-0.1	-457	17.2	17.2	0.0	0.0	-17.2	0.0	
0.81641	-0.1	-457	17.1	17.2	-0.1	0.0	-17.2	0.0	
0.82031	-0.3	-457	17.1	17.2	-0.1	0.0	-17.2	0.0	
0.82422	-0.3	-457	17.2	17.2	0.0	0.0	-17.2	0.0	
0.82812	-0.2	-457	17.1	17.2	-0.1	0.0	-17.2	0.0	
0.83203	-0.3	-457	17.1	17.2	-0.1	0.0	-17.2	0.0	
0.83594	-0.3	-457	17.1	17.2	-0.1	0.0	-17.2	0.0	
0.83984	-0.2	-457	17.1	17.3	-0.2	0.0	-17.3	0.0	
0.84375	-0.2	-457	17.1	17.3	-0.2	0.0	-17.3	0.0	
0.84766	-0.2	-457	17.1	17.3	-0.2	0.0	-17.3	0.0	
0.85156	-0.3	-458	17.1	17.3	-0.2	0.0	-17.3	0.0	
0.85547	-0.4	-458	17.1	17.3	-0.2	0.0	-17.3	0.0	
0.85938	-0.2	-458	17.1	17.3	-0.2	0.0	-17.3	0.0	
0.86328	-0.2	-458	17.1	17.3	-0.2	0.0	-17.3	0.0	
0.86719	-0.3	-458	17.1	17.3	-0.2	0.0	-17.3	0.0	
0.87109	-0.4	-458	17.2	17.3	-0.1	0.0	-17.3	0.0	
0.87500	-0.3	-458	17.2	17.4	-0.2	0.0	-17.4	0.0	
0.87891	-0.3	-458	17.1	17.4	-0.3	0.0	-17.4	0.0	
0.88281	-0.4	-458	17.1	17.4	-0.3	0.0	-17.4	0.0	
0.88672	-0.3	-458	17.1	17.4	-0.3	0.0	-17.4	0.0	
0.89062	-0.2	-458	17.1	17.4	-0.3	0.0	-17.4	0.0	
0.89453	-0.4	-458	17.1	17.4	-0.3	0.0	-17.4	0.0	
0.89844	-0.3	-458	17.1	17.4	-0.3	0.0	-17.4	0.0	
0.90234	-0.3	-458	17.2	17.4	-0.2	0.0	-17.4	0.0	
0.90625	-0.4	-458	17.2	17.4	-0.2	0.0	-17.4	0.0	
0.91016	-0.2	-458	17.2	17.4	-0.2	0.0	-17.4	0.0	
0.91406	-0.2	-458	17.2	17.5	-0.3	0.0	-17.5	0.0	
0.91797	-0.2	-458	17.2	17.5	-0.3	0.0	-17.5	0.0	
0.92188	-0.2	-458	17.1	17.5	-0.4	0.0	-17.5	0.0	
0.92578	-0.2	-458	17.1	17.4	-0.3	0.0	-17.4	0.0	
0.92969	-0.3	-458	17.2	17.5	-0.3	0.0	-17.5	0.0	
0.93359	-0.3	-458	17.2	17.5	-0.3	0.0	-17.5	0.0	
0.93750	-0.3	-458	17.2	17.5	-0.3	0.0	-17.5	0.0	
0.94141	-0.2	-458	17.2	17.5	-0.3	0.0	-17.5	0.0	
0.94531	-0.3	-458	17.2	17.5	-0.3	0.0	-17.5	0.0	
0.94922	-0.4	-458	17.2	17.5	-0.3	0.0	-17.5	0.0	
0.95312	-0.4	-458	17.2	17.5	-0.3	0.0	-17.5	0.0	
0.95703	-0.3	-458	17.2	17.5	-0.3	0.0	-17.5	0.0	
0.96094	-0.2	-458	17.3	17.4	-0.1	0.0	-17.4	0.0	
0.96484	-0.3	-458	17.3	17.4	-0.1	0.0	-17.4	0.0	
0.96875	-0.3	-458	17.2	17.4	-0.2	0.0	-17.4	0.0	
0.97266	-0.3	-458	17.3	17.5	-0.2	0.0	-17.5	0.0	
0.97656	-0.3	-458	17.3	17.5	-0.2	0.0	-17.5	0.0	
0.98047	-0.4	-458	17.3	17.4	-0.1	0.0	-17.4	0.0	
0.98438	-0.3	-458	17.4	17.4	0.0	0.0	-17.4	0.0	
0.98828	-0.3	-458	17.4	17.4	0.0	0.0	-17.4	0.0	
0.99219	-0.4	-458	17.4	17.4	0.0	0.0	-17.4	0.0	
0.99609	-0.4	-458	17.4	17.4	0.0	0.0	-17.4	0.0	
1.00000	-0.4	-458	17.4	17.4	0.0	0.0	-17.4	0.0	
1.00391	-0.3	-458	17.5	17.4	0.1	0.0	-17.4	0.0	
1.00781	-0.4	-458	17.4	17.4	0.0	0.0	-17.4	0.0	
1.01172	-0.3	-458	17.4	17.4	0.0	0.0	-17.4	0.0	
1.01562	-0.2	-458	17.5	17.4	0.1	0.0	-17.4	0.0	
1.01953	-0.4	-458	17.5	17.4	0.1	0.0	-17.4	0.0	
1.02344	-0.2	-458	17.4	17.4	0.0	0.0	-17.4	0.0	
1.02734	-0.2	-458	17.5	17.4	0.1	0.0	-17.4	0.0	
1.03125	-0.2	-458	17.5	17.4	0.1	0.0	-17.4	0.0	
1.03516	-0.1	-458	17.5	17.4	0.1	0.0	-17.4	0.0	
1.03906	-0.2	-458	17.5	17.4	0.1	0.0	-17.4	0.0	
1.04297	-0.3	-458	17.5	17.4	0.1	0.0	-17.4	0.0	
1.04688	-0.3	-458	17.5	17.5	0.0	0.0	-17.5	0.0	
1.05078	-0.2	-458	17.5	17.5	0.0	0.0	-17.5	0.0	
1.05469	-0.2	-458	17.4	17.5	-0.1	0.0	-17.5	0.0	
1.05859	-0.3	-459	17.5	17.5	0.0	0.0	-17.5	0.0	
1.06250	-0.2	-459	17.5	17.5	0.0	0.0	-17.5	0.0	
1.06641	-0.2	-459	17.4	17.5	-0.1	0.0	-17.5	0.0	
1.07031	-0.3	-459	17.4	17.5	-0.1	0.0	-17.5	0.0	
1.07422	-0.1	-459	17.5	17.5	0.0	0.0	-17.5	0.0	
1.07812	-0.1	-459	17.4	17.6	-0.2	0.0	-17.6	0.0	
1.08203	-0.2	-459	17.4	17.6	-0.2	0.0	-17.6	0.0	
1.08594	0.0	-459	17.4	17.6	-0.2	0.0	-17.6	0.0	
1.08984	0.0	-459	17.4	17.6	-0.2	0.0	-17.6	0.0	
1.09375	-0.3	-459	17.4	17.7	-0.3	0.0	-17.7	0.0	
1.09766	-0.2	-459	17.4	17.7	-0.3	0.0	-17.7	0.0	
1.10156	-0.2	-459	17.4	17.7	-0.3	0.0	-17.7	0.0	
1.10547	-0.4	-459	17.4	17.7	-0.3	0.0	-17.7	0.0	
1.10938	-0.2	-459	17.4	17.7	-0.3	0.0	-17.7	0.0	
1.11328	-0.2	-459	17.4	17.7	-0.3	0.0	-17.7	0.0	
1.11719	-0.4	-459	17.4	17.7	-0.3	0.0	-17.7	0.0	
1.12109	-0.4	-459	17.4	17.7	-0.3	0.0	-17.7	0.0	
1.12500	-0.2	-459	17.4	17.7	-0.3	0.0	-17.7	0.0	
1.12891	-0.3	-459	17.4	17.8	-0.4	0.0	-17.8	0.0	
1.13281	-0.3	-459	17.4	17.8	-0.4	0.0	-17.8	0.0	
1.13672	-0.3	-459	17.5	17.8	-0.3	0.0	-17.8	0.0	
1.14062	-0.3	-459	17.4	17.8	-0.4	0.0	-17.8	0.0	
1.14453	-0.2	-459	17.4	17.7	-0.3	0.0	-17.7	0.0	
1.14844	-0.2	-459	17.4	17.8	-0.4	0.0	-17.8	0.0	
1.15234	-0.2	-459	17.4	17.8	-0.4	0.0	-17.8	0.0	
1.15625	-0.2	-459	17.4	17.8	-0.4	0.0	-17.8	0.0	
1.16016	-0.1	-459	17.3	17.7	-0.4	0.0	-17.7	0.0	
1.16406	0.1	-459	17.3	17.7	-0.4	0.0	-17.7	0.0	
1.16797	-0.1	-459	17.2	17.6	-0.4	0.0	-17.6	0.0	
1.17188	-0.1	-459	17.2	17.5	-0.3	0.0	-17.5	0.0	
1.17578	0.1	-459	17.2	17.5	-0.3	0.0	-17.5	0.0	
1.17969	0.1	-459	17.1	17.5	-0.4	0.0	-17.5	0.0	
1.18359	0.2	-459	17.1	17.4	-0.3	0.0	-17.4	0.0	
1.18750	0.3	-459	17.0	17.4	-0.4	0.0	-17.4	0.0	
1.19141	0.1	-459	17.0	17.3	-0.3	0.0	-17.3	0.0	
1.19531	-0.0	-459	17.0	17.2	-0.2	0.0	-17.2	0.0	
1.19922	0.2	-459	16.9	17.2	-0.3	0.0	-17.2	0.0	
1.20312	-0.0	-459	16.9	17.1	-0.2	0.0	-17.1	0.0	
1.20703	-0.2	-459	16.9	17.0	-0.1	0.0	-17.0	0.0	
1.21094	-0.1	-459	16.9	17.0	-0.1	0.0	-17.0	0.0	
1.21484	-0.2	-459	16.9	16.9	0.0	0.0	-16.9	0.0	
1.21875	-0.5	-459	16.9	16.8	0.1	0.0	-16.8	0.0	
1.22266	-0.5	-459	16.9	16.8	0.1	0.0	-16.8	0.0	
1.22656	-0.4	-459	17.0	16.8	0.2	0.0	-16.8	0.0	
1.23047	-0.3	-459	17.0	16.7	0.3	0.0	-16.7	0.0	
1.23438	-0.3	-459	17.0	16.7	0.3	0.0	-16.7	0.0	
1.23828	-0.5	-459	17.1	16.6	0.5	0.0	-16.6	0.0	
1.24219	-0.8	-459	17.1	16.6	0.5	0.0	-16.6	0.0	
1.24609	-0.8	-459	17.2	16.6	0.6	0.0	-16.6	0.0	
1.25000	-0.7	-459	17.2	16.6	0.6	0.0	-16.6	0.0	
1.25391	-0.7	-459	17.2	16.5	0.7	0.0	-16.5	0.0	
1.25781	-0.7	-459	17.3	16.5	0.8	0.0	-16.5	0.0	
1.26172	-0.4	-459	17.3	16.5	0.8	0.0	-16.5	0.0	
1.26562	-0.4	-459	17.4	16.5	0.9	0.0	-16.5	0.0	
1.26953	-0.6	-459	17.5	16.4	1.1	0.0	-16.4	0.0	
1.27344	-0.4	-459	17.5	16.5	1.0	0.0	-16.5	0.0	
1.27734	-0.2	-459	17.5	16.5	1.0	0.0	-16.5	0.0	
1.28125	-0.4	-459	17.5	16.4	1.1	0.0	-16.4	0.0	
1.28516	-0.3	-459	17.5	16.5	1.0	0.0	-16.5	0.0	
1.28906	-0.2	-459	17.6	16.5	1.1	0.0	-16.5	0.0	
1.29297	-0.3	-459	17.5	16.5	1.0	0.0	-16.5	0.0	
1.29688	-0.2	-459	17.5	16.5	1.0	0.0	-16.5	0.0	
1.30078	-0.1	-459	17.5	16.5	1.0	0.0	-16.5	0.0	
1.30469	-0.2	-460	17.5	16.5	1.0	0.0	-16.5	0.0	
1.30859	-0.2	-460	17.6	16.5	1.1	0.0	-16.5	0.0	
1.31250	-0.3	-460	17.6	16.5	1.1	0.0	-16.5	0.0	
1.31641	-0.4	-460	17.5	16.5	1.0	0.0	-16.5	0.0	
1.32031	-0.2	-460	17.5	16.5	1.0	0.0	-16.5	0.0	
1.32422	-0.1	-460	17.5	16.5	1.0	0.0	-16.5	0.0	
1.32812	-0.3	-460	17.5	16.5	1.0	0.0	-16.5	0.0	
1.33203	-0.3	-460	17.5	16.5	1.0	0.0	-16.5	0.0	
1.33594	-0.2	-460	17.5	16.6	0.9	0.0	-16.6	0.0	
1.33984	-0.1	-460	17.5	16.6	0.9	0.0	-16.6	0.0	
1.34375	-0.2	-460	17.5	16.5	1.0	0.0	-16.5	0.0	
1.34766	-0.2	-460	17.5	16.5	1.0	0.0	-16.5	0.0	
1.35156	-0.2	-460	17.4	16.5	0.9	0.0	-16.5	0.0	
1.35547	-0.3	-460	17.4	16.5	0.9	0.0	-16.5	0.0	
1.35938	-0.2	-460	17.4	16.5	0.9	0.0	-16.5	0.0	
1.36328	-0.1	-460	17.4	16.5	0.9	0.0	-16.5	0.0	
1.36719	-0.4	-460	17.5	16.6	0.9	0.0	-16.6	0.0	
1.37109	-0.5	-460	17.5	16.5	1.0	0.0	-16.5	0.0	
1.37500	-0.3	-460	17.5	16.5	1.0	0.0	-16.5	0.0	
1.37891	-0.4	-460	17.5	16.5	1.0	0.0	-16.5	0.0	
1.38281	-0.4	-460	17.5	16.5	1.0	0.0	-16.5	0.0	
1.38672	-0.3	-460	17.5	16.6	0.9	0.0	-16.6	0.0	
1.39062	-0.4	-460	17.6	16.6	1.0	0.0	-16.6	0.0	
1.39453	-0.6	-460	17.6	16.6	1.0	0.0	-16.6	0.0	
1.39844	-0.5	-460	17.6	16.6	1.0	0.0	-16.6	0.0	
1.40234	-0.4	-460	17.6	16.7	0.9	0.0	-16.7	0.0	
1.40625	-0.4	-460	17.6	16.7	0.9	0.0	-16.7	0.0	
1.41016	-0.2	-460	17.7	16.7	1.0	0.0	-16.7	0.0	
1.41406	-0.2	-460	17.7	16.8	0.9	0.0	-16.8	0.0	
1.41797	-0.3	-460	17.7	16.8	0.9	0.0	-16.8	0.0	
1.42188	-0.1	-460	17.7	16.8	0.9	0.0	-16.8	0.0	
1.42578	-0.0	-460	17.7	16.8	0.9	0.0	-16.8	0.0	
1.42969	-0.1	-460	17.7	16.8	0.9	0.0	-16.8	0.0	
1.43359	-0.2	-460	17.6	16.8	0.8	0.0	-16.8	0.0	
1.43750	-0.1	-460	17.7	16.8	0.9	0.0	-16.8	0.0	
1.44141	-0.1	-460	17.6	16.8	0.8	0.0	-16.8	0.0	
1.44531	-0.1	-460	17.6	16.8	0.8	0.0	-16.8	0.0	
1.44922	-0.2	-460	17.7	16.8	0.9	0.0	-16.8	0.0	
1.45312	-0.3	-460	17.6	16.9	0.7	0.0	-16.9	0.0	
1.45703	-0.3	-460	17.6	16.9	0.7	0.0	-16.9	0.0	
1.46094	-0.3	-460	17.7	16.9	0.8	0.0	-16.9	0.0	
1.46484	-0.4	-460	17.7	16.9	0.8	0.0	-16.9	0.0	
1.46875	-0.4	-460	17.7	16.9	0.8	0.0	-16.9	0.0	
1.47266	-0.3	-460	17.8	16.9	0.9	0.0	-16.9	0.0	
1.47656	-0.4	-460	17.8	16.9	0.9	0.0	-16.9	0.0	
1.48047	-0.6	-460	17.8	16.9	0.9	0.0	-16.9	0.0	
1.48438	-0.6	-460	17.9	17.0	0.9	0.0	-17.0	0.0	
1.48828	-0.4	-460	18.0	17.0	1.0	0.0	-17.0	0.0	
1.49219	-0.6	-460	18.0	17.0	1.0	0.0	-17.0	0.0	
1.49609	-0.5	-460	17.9	17.0	0.9	0.0	-17.0	0.0	
1.50000	-0.3	-460	18.0	17.0	1.0	0.0	-17.0	0.0	
1.50391	-0.4	-461	18.1	17.0	1.1	0.0	-17.0	0.0	
1.50781	-0.4	-461	18.0	17.0	1.0	0.0	-17.0	0.0	
1.51172	-0.3	-461	18.1	17.0	1.1	0.0	-17.0	0.0	
1.51562	-0.3	-461	18.1	17.1	1.0	0.0	-17.1	0.0	
1.51953	-0.2	-461	18.1	17.1	1.0	0.0	-17.1	0.0	
1.52344	-0.4	-461	18.2	17.1	1.1	0.0	-17.1	0.0	
1.52734	-0.4	-461	18.3	17.1	1.2	0.0	-17.1	0.0	
1.53125	-0.3	-461	18.2	17.1	1.1	0.0	-17.1	0.0	
1.53516	-0.3	-461	18.2	17.2	1.0	0.0	-17.2	0.0	
1.53906	-0.3	-461	18.3	17.2	1.1	0.0	-17.2	0.0	
1.54297	-0.4	-461	18.3	17.2	1.1	0.0	-17.2	0.0	
1.54688	-0.3	-461	18.3	17.2	1.1	0.0	-17.2	0.0	
1.55078	-0.3	-461	18.3	17.3	1.0	0.0	-17.3	0.0	
1.55469	-0.4	-461	18.4	17.3	1.1	0.0	-17.3	0.0	
1.55859	-0.4	-461	18.4	17.3	1.1	0.0	-17.3	0.0	
1.56250	-0.2	-461	18.4	17.3	1.1	0.0	-17.3	0.0	
1.56641	-0.3	-461	18.4	17.4	1.0	0.0	-17.4	0.0	
1.57031	-0.4	-461	18.4	17.4	1.0	0.0	-17.4	0.0	
1.57422	-0.3	-461	18.4	17.4	1.0	0.0	-17.4	0.0	
1.57812	-0.3	-461	18.5	17.4	1.1	0.0	-17.4	0.0	
1.58203	-0.5	-461	18.5	17.5	1.0	0.0	-17.5	0.0	
1.58594	-0.4	-461	18.5	17.6	0.9	0.0	-17.6	0.0	
1.58984	-0.3	-461	18.6	17.6	1.0	0.0	-17.6	0.0	
1.59375	-0.7	-461	18.5	17.6	0.9	0.0	-17.6	0.0	
1.59766	-0.5	-461	18.6	17.6	1.0	0.0	-17.6	0.0	
1.60156	-0.4	-461	18.7	17.7	1.0	0.0	-17.7	0.0	
1.60547	-0.7	-461	18.7	17.7	1.0	0.0	-17.7	0.0	
1.60938	-0.7	-461	18.7	17.7	1.0	0.0	-17.7	0.0	
1.61328	-0.6	-461	18.8	17.8	1.0	0.0	-17.8	0.0	
1.61719	-0.7	-461	18.8	17.9	0.9	0.0	-17.9	0.0	
1.62109	-0.9	-461	18.9	17.9	1.0	0.0	-17.9	0.0	
1.62500	-0.9	-461	19.0	17.9	1.1	0.0	-17.9	0.0	
1.62891	-0.9	-461	18.9	17.9	1.0	0.0	-17.9	0.0	
1.63281	-1.0	-462	18.9	18.0	0.9	0.0	-18.0	0.0	
1.63672	-0.8	-462	19.1	18.0	1.1	0.0	-18.0	0.0	
1.64062	-0.7	-462	19.2	18.1	1.1	0.0	-18.1	0.0	
1.64453	-0.7	-462	19.2	18.2	1.0	0.0	-18.2	0.0	
1.64844	-0.7	-462	19.2	18.2	1.0	0.0	-18.2	0.0	
1.65234	-0.9	-462	19.1	18.2	0.9	0.0	-18.2	0.0	
1.65625	-1.3	-462	19.2	18.3	0.9	0.0	-18.3	0.0	
1.66016	-1.2	-462	19.6	18.3	1.3	0.0	-18.3	0.0	
1.66406	-0.8	-462	19.8	18.3	1.5	0.0	-18.3	0.0	
1.66797	-0.7	-462	19.7	18.4	1.3	0.0	-18.4	0.0	
1.67188	-0.7	-462	19.4	18.4	1.0	0.0	-18.4	0.0	
1.67578	-0.6	-462	19.3	18.5	0.8	0.0	-18.5	0.0	
1.67969	-0.9	-462	19.4	18.5	0.9	0.0	-18.5	0.0	
1.68359	-1.2	-462	19.7	18.6	1.1	0.0	-18.6	0.0	
1.68750	-1.1	-462	20.1	18.7	1.4	0.0	-18.7	0.0	
1.69141	-0.9	-462	20.0	18.7	1.3	0.0	-18.7	0.0	
1.69531	-0.8	-462	19.8	18.8	1.0	0.0	-18.8	0.0	
1.69922	-0.7	-462	19.7	18.8	0.9	0.0	-18.8	0.0	
1.70312	-0.8	-463	19.8	18.9	0.9	0.0	-18.9	0.0	
1.70703	-0.8	-463	20.1	18.9	1.2	0.0	-18.9	0.0	
1.71094	-0.6	-463	20.3	18.9	1.4	0.0	-18.9	0.0	
1.71484	-0.4	-463	20.2	18.9	1.3	0.0	-18.9	0.0	
1.71875	-0.2	-463	20.0	19.0	1.0	0.0	-19.0	0.0	
1.72266	-0.3	-463	19.8	19.1	0.7	0.0	-19.1	0.0	
1.72656	-0.3	-463	19.9	19.1	0.8	0.0	-19.1	0.0	
1.73047	-0.4	-463	20.2	19.2	1.0	0.0	-19.2	0.0	
1.73438	-0.3	-463	20.4	19.2	1.2	0.0	-19.2	0.0	
1.73828	-0.0	-463	20.3	19.2	1.1	0.0	-19.2	0.0	
1.74219	-0.0	-463	20.1	19.3	0.8	0.0	-19.3	0.0	
1.74609	-0.3	-463	19.9	19.3	0.6	0.0	-19.3	0.0	
1.75000	-0.2	-463	20.0	19.3	0.7	0.0	-19.3	0.0	
1.75391	-0.1	-463	20.2	19.4	0.8	0.0	-19.4	0.0	
1.75781	-0.0	-463	20.3	19.5	0.8	0.0	-19.5	0.0	
1.76172	0.0	-463	20.2	19.5	0.7	0.0	-19.5	0.0	
1.76562	-0.1	-463	20.0	19.5	0.5	0.0	-19.5	0.0	
1.76953	-0.2	-463	19.9	19.5	0.4	0.0	-19.5	0.0	
1.77344	-0.3	-463	20.0	19.5	0.5	0.0	-19.5	0.0	
1.77734	-0.3	-463	20.1	19.5	0.6	0.0	-19.5	0.0	
1.78125	-0.4	-463	20.1	19.6	0.5	0.0	-19.6	0.0	
1.78516	-0.3	-463	20.1	19.7	0.4	0.0	-19.7	0.0	
1.78906	-0.3	-463	20.0	19.6	0.4	0.0	-19.6	0.0	
1.79297	-0.3	-463	19.9	19.6	0.3	0.0	-19.6	0.0	
1.79688	-0.3	-463	19.9	19.7	0.2	0.0	-19.7	0.0	
1.80078	-0.3	-463	20.0	19.7	0.3	0.0	-19.7	0.0	
1.80469	-0.5	-463	20.0	19.8	0.2	0.0	-19.8	0.0	
1.80859	-0.4	-463	20.0	19.8	0.2	0.0	-19.8	0.0	
1.81250	-0.2	-463	19.9	19.8	0.1	0.0	-19.8	0.0	
1.81641	-0.2	-463	19.9	19.8	0.1	0.0	-19.8	0.0	
1.82031	-0.3	-463	19.9	19.8	0.1	0.0	-19.8	0.0	
1.82422	-0.2	-463	20.0	19.8	0.2	0.0	-19.8	0.0	
1.82812	-0.3	-463	20.0	19.9	0.1	0.0	-19.9	0.0	
1.83203	-0.3	-463	19.8	19.8	0.0	0.0	-19.8	0.0	
1.83594	-0.2	-463	19.8	19.8	0.0	0.0	-19.8	0.0	
1.83984	-0.2	-463	19.8	19.8	0.0	0.0	-19.8	0.0	
1.84375	-0.3	-463	19.8	19.8	0.0	0.0	-19.8	0.0	
1.84766	-0.3	-463	19.8	19.8	0.0	0.0	-19.8	0.0	
1.85156	-0.3	-463	19.8	19.8	0.0	0.0	-19.8	0.0	
1.85547	-0.4	-463	19.7	19.8	-0.1	0.0	-19.8	0.0	
1.85938	-0.4	-463	19.7	19.8	-0.1	0.0	-19.8	0.0	
1.86328	-0.4	-463	19.7	19.8	-0.1	0.0	-19.8	0.0	
1.86719	-0.5	-463	19.8	19.8	0.0	0.0	-19.8	0.0	
1.87109	-0.5	-463	19.9	19.8	0.1	0.0	-19.8	0.0	
1.87500	-0.5	-463	19.9	19.7	0.2	0.0	-19.7	0.0	
1.87891	-0.5	-463	19.8	19.8	0.0	0.0	-19.8	0.0	
1.88281	-0.6	-463	19.9	19.7	0.2	0.0	-19.7	0.0	
1.88672	-0.6	-463	19.9	19.8	0.1	0.0	-19.8	0.0	
1.89062	-0.6	-464	20.0	19.8	0.2	0.0	-19.8	0.0	
1.89453	-0.6	-464	20.1	19.8	0.3	0.0	-19.8	0.0	
1.89844	-0.4	-464	20.0	19.8	0.2	0.0	-19.8	0.0	
1.90234	-0.4	-464	20.0	19.8	0.2	0.0	-19.8	0.0	
1.90625	-0.4	-464	20.1	19.7	0.4	0.0	-19.7	0.0	
1.91016	-0.2	-464	20.1	19.7	0.4	0.0	-19.7	0.0	
1.91406	-0.1	-464	20.2	19.7	0.5	0.0	-19.7	0.0	
1.91797	-0.3	-464	20.1	19.7	0.4	0.0	-19.7	0.0	
1.92188	-0.4	-464	20.1	19.8	0.3	0.0	-19.8	0.0	
1.92578	-0.3	-464	20.1	19.8	0.3	0.0	-19.8	0.0	
1.92969	-0.3	-464	20.1	19.7	0.4	0.0	-19.7	0.0	
1.93359	-0.3	-464	20.1	19.8	0.3	0.0	-19.8	0.0	
1.93750	-0.2	-464	20.2	19.8	0.4	0.0	-19.8	0.0	
1.94141	-0.3	-464	20.2	19.8	0.4	0.0	-19.8	0.0	
1.94531	-0.3	-464	20.2	19.7	0.5	0.0	-19.7	0.0	
1.94922	-0.3	-464	20.2	19.8	0.4	0.0	-19.8	0.0	
1.95312	-0.4	-464	20.3	19.9	0.4	0.0	-19.9	0.0	
1.95703	-0.5	-464	20.3	19.8	0.5	0.0	-19.8	0.0	
1.96094	-0.4	-464	20.3	19.8	0.5	0.0	-19.8	0.0	
1.96484	-0.3	-464	20.3	19.9	0.4	0.0	-19.9	0.0	
1.96875	-0.4	-464	20.3	19.9	0.4	0.0	-19.9	0.0	
1.97266	-0.3	-464	20.4	19.9	0.5	0.0	-19.9	0.0	
1.97656	-0.2	-464	20.4	20.0	0.4	0.0	-20.0	0.0	
1.98047	-0.2	-464	20.4	20.0	0.4	0.0	-20.0	0.0	
1.98438	-0.2	-464	20.4	20.0	0.4	0.0	-20.0	0.0	
1.98828	-0.3	-464	20.5	20.1	0.4	0.0	-20.1	0.0	
1.99219	-0.3	-464	20.5	20.1	0.4	0.0	-20.1	0.0	
1.99609	-0.4	-464	20.5	20.1	0.4	0.0	-20.1	0.0	
2.00000	-0.4	-464	20.5	20.1	0.4	0.0	-20.1	0.0	
2.00391	-0.3	-464	20.6	20.1	0.5	0.0	-20.1	0.0	
2.00781	-0.4	-464	20.6	20.2	0.4	0.0	-20.2	0.0	
2.01172	-0.4	-464	20.6	20.2	0.4	0.0	-20.2	0.0	
2.01562	-0.4	-464	20.7	20.2	0.5	0.0	-20.2	0.0	
2.01953	-0.6	-464	20.7	20.3	0.4	0.0	-20.3	0.0	
2.02344	-0.7	-464	20.7	20.3	0.4	0.0	-20.3	0.0	
2.02734	-0.8	-464	20.7	20.4	0.3	0.0	-20.4	0.0	
2.03125	-0.9	-464	20.8	20.4	0.4	0.0	-20.4	0.0	
2.03516	-1.0	-464	20.8	20.4	0.4	0.0	-20.4	0.0	
2.03906	-0.8	-465	20.9	20.4	0.5	0.0	-20.4	0.0	
2.04297	-0.7	-465	20.8	20.5	0.3	0.0	-20.5	0.0	
2.04688	-0.6	-465	20.7	20.5	0.2	0.0	-20.5	0.0	
2.05078	-0.3	-465	20.8	20.5	0.3	0.0	-20.5	0.0	
2.05469	-0.0	-465	20.9	20.5	0.4	0.0	-20.5	0.0	
2.05859	-0.0	-465	20.8	20.4	0.4	0.0	-20.4	0.0	
2.06250	0.0	-465	20.7	20.4	0.3	0.0	-20.4	0.0	
2.06641	0.0	-465	20.7	20.4	0.3	0.0	-20.4	0.0	
2.07031	-0.1	-465	20.6	20.3	0.3	0.0	-20.3	0.0	
2.07422	0.0	-465	20.6	20.3	0.3	0.0	-20.3	0.0	
2.07812	0.1	-465	20.6	20.3	0.3	0.0	-20.3	0.0	
2.08203	0.1	-465	20.6	20.3	0.3	0.0	-20.3	0.0	
2.08594	-0.0	-465	20.6	20.3	0.3	0.0	-20.3	0.0	
2.08984	-0.2	-465	20.6	20.2	0.4	0.0	-20.2	0.0	
2.09375	-0.4	-465	20.5	20.1	0.4	0.0	-20.1	0.0	
2.09766	-0.5	-465	20.6	20.1	0.5	0.0	-20.1	0.0	
2.10156	-0.4	-465	20.6	20.1	0.5	0.0	-20.1	0.0	
2.10547	-0.5	-465	20.7	20.1	0.6	0.0	-20.1	0.0	
2.10938	-0.7	-465	20.8	20.1	0.7	0.0	-20.1	0.0	
2.11328	-0.9	-465	20.9	20.0	0.9	0.0	-20.0	0.0	
2.11719	-1.3	-465	21.0	19.9	1.1	0.0	-19.9	0.0	
2.12109	-1.8	-465	21.1	20.0	1.1	0.0	-20.0	0.0	
2.12500	-2.0	-465	21.2	20.0	1.2	0.0	-20.0	0.0	
2.12891	-2.1	-465	21.3	19.9	1.4	0.0	-19.9	0.0	
2.13281	-2.3	-465	21.4	20.0	1.4	0.0	-20.0	0.0	
2.13672	-2.0	-466	21.5	20.0	1.5	0.0	-20.0	0.0	
2.14062	-1.9	-466	21.7	19.9	1.8	0.0	-19.9	0.0	
2.14453	-2.1	-466	21.7	19.9	1.8	0.0	-19.9	0.0	
2.14844	-1.7	-466	21.8	19.9	1.9	0.0	-19.9	0.0	
2.15234	-1.4	-466	21.9	19.9	2.0	0.0	-19.9	0.0	
2.15625	-1.2	-466	22.0	19.9	2.1	0.0	-19.9	0.0	
2.16016	-0.9	-466	22.1	20.0	2.1	0.0	-20.0	0.0	
2.16406	-0.8	-466	22.1	20.0	2.1	0.0	-20.0	0.0	
2.16797	-0.8	-466	22.2	20.0	2.2	0.0	-20.0	0.0	
2.17188	-0.9	-466	22.2	20.0	2.2	0.0	-20.0	0.0	
2.17578	-0.8	-466	22.3	20.1	2.2	0.0	-20.1	0.0	
2.17969	-0.7	-466	22.3	20.1	2.2	0.0	-20.1	0.0	
2.18359	-0.9	-467	22.4	20.2	2.2	0.0	-20.2	0.0	
2.18750	-1.0	-467	22.6	20.2	2.4	0.0	-20.2	0.0	
2.19141	-1.3	-467	22.6	20.2	2.4	0.0	-20.2	0.0	
2.19531	-1.7	-467	22.7	20.2	2.5	0.0	-20.2	0.0	
2.19922	-1.9	-467	22.8	20.3	2.5	0.0	-20.3	0.0	
2.20312	-2.0	-467	23.0	20.3	2.7	0.0	-20.3	0.0	
2.20703	-2.2	-467	23.0	20.4	2.6	0.0	-20.4	0.0	
2.21094	-2.3	-467	23.1	20.5	2.6	0.0	-20.5	0.0	
2.21484	-2.4	-467	23.3	20.5	2.8	0.0	-20.5	0.0	
2.21875	-2.7	-468	23.4	20.6	2.8	0.0	-20.6	0.0	
2.22266	-2.8	-468	23.5	20.6	2.9	0.0	-20.6	0.0	
2.22656	-2.5	-468	23.6	20.7	2.9	0.0	-20.7	0.0	
2.23047	-2.0	-468	23.7	20.7	3.0	0.0	-20.7	0.0	
2.23438	-1.4	-468	23.8	20.8	3.0	0.0	-20.8	0.0	
2.23828	-1.2	-468	23.8	20.9	2.9	0.0	-20.9	0.0	
2.24219	-1.3	-468	23.8	20.9	2.9	0.0	-20.9	0.0	
2.24609	-1.0	-468	23.9	20.9	3.0	0.0	-20.9	0.0	
2.25000	-0.6	-468	23.9	21.0	2.9	0.0	-21.0	0.0	
2.25391	-0.4	-469	23.9	21.1	2.8	0.0	-21.1	0.0	
2.25781	-0.1	-469	23.9	21.1	2.8	0.0	-21.1	0.0	
2.26172	0.0	-469	23.9	21.2	2.7	0.0	-21.2	0.0	
2.26562	-0.2	-469	24.0	21.2	2.8	0.0	-21.2	0.0	
2.26953	-0.5	-469	24.0	21.3	2.7	0.0	-21.3	0.0	
2.27344	-0.5	-469	24.0	21.3	2.7	0.0	-21.3	0.0	
2.27734	-0.6	-469	24.0	21.3	2.7	0.0	-21.3	0.0	
2.28125	-0.7	-469	24.1	21.4	2.7	0.0	-21.4	0.0	
2.28516	-0.8	-469	24.2	21.5	2.7	0.0	-21.5	0.0	
2.28906	-1.2	-469	24.4	21.5	2.9	0.0	-21.5	0.0	
2.29297	-1.9	-469	24.5	21.7	2.8	0.0	-21.7	0.0	
2.29688	-2.7	-469	24.6	21.8	2.8	0.0	-21.8	0.0	
2.30078	-3.1	-469	24.8	21.9	2.9	0.0	-21.9	0.0	
2.30469	-3.6	-470	24.9	22.0	2.9	0.0	-22.0	0.0	
2.30859	-4.1	-470	25.1	22.1	3.0	0.0	-22.1	0.0	
2.31250	-4.0	-470	25.3	22.1	3.2	0.0	-22.1	0.0	
2.31641	-4.1	-470	25.5	22.2	3.3	0.0	-22.2	0.0	
2.32031	-4.5	-471	25.6	22.3	3.3	0.0	-22.3	0.0	
2.32422	-4.5	-471	25.8	22.4	3.4	0.0	-22.4	0.0	
2.32812	-4.2	-471	25.9	22.5	3.4	0.0	-22.5	0.0	
2.33203	-3.8	-471	25.9	22.6	3.3	0.0	-22.6	0.0	
2.33594	-2.8	-472	26.1	22.7	3.4	0.0	-22.7	0.0	
2.33984	-2.0	-472	26.2	22.8	3.4	0.0	-22.8	0.0	
2.34375	-1.6	-472	26.2	22.8	3.4	0.0	-22.8	0.0	
2.34766	-1.2	-472	26.3	22.9	3.4	0.0	-22.9	0.0	
2.35156	-0.7	-472	26.3	23.1	3.2	0.0	-23.1	0.0	
2.35547	-0.5	-472	26.2	23.1	3.1	0.0	-23.1	0.0	
2.35938	-0.2	-472	26.3	23.2	3.1	0.0	-23.2	0.0	
2.36328	0.2	-472	26.2	23.3	2.9	0.0	-23.3	0.0	
2.36719	0.1	-472	26.2	23.3	2.9	0.0	-23.3	0.0	
2.37109	-0.0	-472	26.2	23.3	2.9	0.0	-23.3	0.0	
2.37500	-0.2	-472	26.2	23.4	2.8	0.0	-23.4	0.0	
2.37891	-0.2	-472	26.1	23.5	2.6	0.0	-23.5	0.0	
2.38281	-0.2	-472	26.1	23.5	2.6	0.0	-23.5	0.0	
2.38672	-0.2	-472	26.1	23.6	2.5	0.0	-23.6	0.0	
2.39062	-0.3	-472	26.1	23.6	2.5	0.0	-23.6	0.0	
2.39453	-0.4	-472	26.1	23.7	2.4	0.0	-23.7	0.0	
2.39844	-0.5	-472	26.1	23.8	2.3	0.0	-23.8	0.0	
2.40234	-0.6	-472	26.2	23.8	2.4	0.0	-23.8	0.0	
2.40625	-0.7	-472	26.2	23.9	2.3	0.0	-23.9	0.0	
2.41016	-0.8	-472	26.3	23.9	2.4	0.0	-23.9	0.0	
2.41406	-1.0	-472	26.4	24.0	2.4	0.0	-24.0	0.0	
2.41797	-1.5	-472	26.4	24.0	2.4	0.0	-24.0	0.0	
2.42188	-1.8	-473	26.5	24.1	2.4	0.0	-24.1	0.0	
2.42578	-1.8	-473	26.6	24.2	2.4	0.0	-24.2	0.0	
2.42969	-1.8	-473	26.7	24.3	2.4	0.0	-24.3	0.0	
2.43359	-1.8	-473	26.8	24.3	2.5	0.0	-24.3	0.0	
2.43750	-1.7	-473	26.9	24.4	2.5	0.0	-24.4	0.0	
2.44141	-1.7	-473	27.0	24.5	2.5	0.0	-24.5	0.0	
2.44531	-1.9	-473	27.1	24.6	2.5	0.0	-24.6	0.0	
2.44922	-2.1	-473	27.2	24.6	2.6	0.0	-24.6	0.0	
2.45312	-2.3	-474	27.3	24.7	2.6	0.0	-24.7	0.0	
2.45703	-2.6	-474	27.5	24.8	2.7	0.0	-24.8	0.0	
2.46094	-2.6	-474	27.6	24.9	2.7	0.0	-24.9	0.0	
2.46484	-2.4	-474	27.7	25.0	2.7	0.0	-25.0	0.0	
2.46875	-2.6	-474	27.9	25.1	2.8	0.0	-25.1	0.0	
2.47266	-2.9	-474	27.9	25.2	2.7	0.0	-25.2	0.0	
2.47656	-2.9	-475	28.0	25.3	2.7	0.0	-25.3	0.0	
2.48047	-3.0	-475	28.1	25.4	2.7	0.0	-25.4	0.0	
2.48438	-2.8	-475	28.3	25.5	2.8	0.0	-25.5	0.0	
2.48828	-2.3	-475	28.4	25.6	2.8	0.0	-25.6	0.0	
2.49219	-2.3	-475	28.6	25.7	2.9	0.0	-25.7	0.0	
2.49609	-2.0	-475	28.6	25.7	2.9	0.0	-25.7	0.0	
2.50000	-1.3	-475	28.6	25.9	2.7	0.0	-25.9	0.0	
2.50391	-1.2	-476	28.6	26.0	2.6	0.0	-26.0	0.0	
2.50781	-1.3	-476	28.7	26.0	2.7	0.0	-26.0	0.0	
2.51172	-1.0	-476	28.8	26.2	2.6	0.0	-26.2	0.0	
2.51562	-0.7	-476	28.9	26.2	2.7	0.0	-26.2	0.0	
2.51953	-0.4	-476	28.9	26.3	2.6	0.0	-26.3	0.0	
2.52344	-0.1	-476	28.9	26.4	2.5	0.0	-26.4	0.0	
2.52734	-0.1	-476	28.8	26.5	2.3	0.0	-26.5	0.0	
2.53125	-0.3	-476	28.8	26.6	2.2	0.0	-26.6	0.0	
2.53516	-0.3	-476	28.8	26.7	2.1	0.0	-26.7	0.0	
2.53906	-0.3	-476	28.8	26.7	2.1	0.0	-26.7	0.0	
2.54297	-0.4	-476	28.9	26.8	2.1	0.0	-26.8	0.0	
2.54688	-0.5	-476	28.9	26.9	2.0	0.0	-26.9	0.0	
2.55078	-0.3	-476	28.9	26.9	2.0	0.0	-26.9	0.0	
2.55469	-0.3	-476	28.9	27.0	1.9	0.0	-27.0	0.0	
2.55859	-0.5	-476	29.0	27.1	1.9	0.0	-27.1	0.0	
2.56250	-0.5	-476	29.0	27.2	1.8	0.0	-27.2	0.0	
2.56641	-0.8	-476	29.0	27.2	1.8	0.0	-27.2	0.0	
2.57031	-1.0	-476	29.1	27.3	1.8	0.0	-27.3	0.0	
2.57422	-1.1	-476	29.1	27.3	1.8	0.0	-27.3	0.0	
2.57812	-1.2	-476	29.2	27.4	1.8	0.0	-27.4	0.0	
2.58203	-1.6	-476	29.3	27.5	1.8	0.0	-27.5	0.0	
2.58594	-1.9	-477	29.4	27.6	1.8	0.0	-27.6	0.0	
2.58984	-2.1	-477	29.5	27.6	1.9	0.0	-27.6	0.0	
2.59375	-2.0	-477	29.6	27.7	1.9	0.0	-27.7	0.0	
2.59766	-1.8	-477	29.6	27.8	1.8	0.0	-27.8	0.0	
2.60156	-1.6	-477	29.7	27.9	1.8	0.0	-27.9	0.0	
2.60547	-1.4	-477	29.8	27.9	1.9	0.0	-27.9	0.0	
2.60938	-1.2	-477	29.8	28.0	1.8	0.0	-28.0	0.0	
2.61328	-0.9	-477	29.8	28.1	1.7	0.0	-28.1	0.0	
2.61719	-0.8	-477	29.8	28.1	1.7	0.0	-28.1	0.0	
2.62109	-0.7	-477	29.9	28.2	1.7	0.0	-28.2	0.0	
2.62500	-0.4	-477	29.9	28.2	1.7	0.0	-28.2	0.0	
2.62891	-0.3	-477	30.0	28.3	1.7	0.0	-28.3	0.0	
2.63281	-0.2	-477	30.0	28.4	1.6	0.0	-28.4	0.0	
2.63672	0.0	-477	30.0	28.4	1.6	0.0	-28.4	0.0	
2.64062	-0.0	-477	29.9	28.5	1.4	0.0	-28.5	0.0	
2.64453	-0.3	-477	29.9	28.6	1.3	0.0	-28.6	0.0	
2.64844	-0.4	-477	29.9	28.6	1.3	0.0	-28.6	0.0	
2.65234	-0.3	-477	30.0	28.7	1.3	0.0	-28.7	0.0	
2.65625	-0.2	-477	29.9	28.7	1.2	0.0	-28.7	0.0	
2.66016	-0.1	-477	29.9	28.7	1.2	0.0	-28.7	0.0	
2.66406	-0.1	-477	30.0	28.7	1.3	0.0	-28.7	0.0	
2.66797	-0.3	-477	30.0	28.8	1.2	0.0	-28.8	0.0	
2.67188	-0.4	-478	30.0	28.8	1.2	0.0	-28.8	0.0	
2.67578	-0.4	-478	30.0	28.9	1.1	0.0	-28.9	0.0	
2.67969	-0.5	-478	30.0	29.0	1.0	0.0	-29.0	0.0	
2.68359	-0.6	-478	30.0	29.0	1.0	0.0	-29.0	0.0	
2.68750	-0.8	-478	30.1	29.0	1.1	0.0	-29.0	0.0	
2.69141	-1.1	-478	30.2	29.1	1.1	0.0	-29.1	0.0	
2.69531	-1.2	-478	30.3	29.1	1.2	0.0	-29.1	0.0	
2.69922	-1.0	-478	30.4	29.2	1.2	0.0	-29.2	0.0	
2.70312	-1.1	-478	30.4	29.2	1.2	0.0	-29.2	0.0	
2.70703	-1.1	-478	30.4	29.3	1.1	0.0	-29.3	0.0	
2.71094	-0.9	-478	30.5	29.3	1.2	0.0	-29.3	0.0	
2.71484	-0.9	-478	30.5	29.4	1.1	0.0	-29.4	0.0	
2.71875	-1.1	-478	30.6	29.4	1.2	0.0	-29.4	0.0	
2.72266	-0.9	-478	30.7	29.5	1.2	0.0	-29.5	0.0	
2.72656	-0.7	-478	30.7	29.5	1.2	0.0	-29.5	0.0	
2.73047	-0.8	-478	30.8	29.5	1.3	0.0	-29.5	0.0	
2.73438	-0.7	-478	30.8	29.6	1.2	0.0	-29.6	0.0	
2.73828	-0.5	-478	30.9	29.6	1.3	0.0	-29.6	0.0	
2.74219	-0.6	-478	30.9	29.6	1.3	0.0	-29.6	0.0	
2.74609	-0.7	-479	30.9	29.7	1.2	0.0	-29.7	0.0	
2.75000	-0.5	-479	30.9	29.7	1.2	0.0	-29.7	0.0	
2.75391	-0.5	-479	31.0	29.7	1.3	0.0	-29.7	0.0	
2.75781	-0.6	-479	31.0	29.8	1.2	0.0	-29.8	0.0	
2.76172	-0.3	-479	31.0	29.8	1.2	0.0	-29.8	0.0	
2.76562	-0.3	-479	31.0	29.8	1.2	0.0	-29.8	0.0	
2.76953	-0.5	-479	30.9	29.9	1.0	0.0	-29.9	0.0	
2.77344	-0.4	-479	31.0	29.9	1.1	0.0	-29.9	0.0	
2.77734	-0.3	-479	31.0	30.0	1.0	0.0	-30.0	0.0	
2.78125	-0.3	-479	31.0	30.0	1.0	0.0	-30.0	0.0	
2.78516	-0.2	-479	31.0	30.0	1.0	0.0	-30.0	0.0	
2.78906	-0.1	-479	31.0	30.0	1.0	0.0	-30.0	0.0	
2.79297	-0.1	-479	30.9	30.0	0.9	0.0	-30.0	0.0	
2.79688	-0.2	-479	30.9	30.0	0.9	0.0	-30.0	0.0	
2.80078	-0.1	-479	30.9	30.1	0.8	0.0	-30.1	0.0	
2.80469	-0.1	-479	30.8	30.1	0.7	0.0	-30.1	0.0	
2.80859	-0.2	-479	30.8	30.1	0.7	0.0	-30.1	0.0	
2.81250	-0.1	-479	30.8	30.1	0.7	0.0	-30.1	0.0	
2.81641	-0.2	-479	30.7	30.1	0.6	0.0	-30.1	0.0	
2.82031	-0.3	-479	30.6	30.1	0.5	0.0	-30.1	0.0	
2.82422	-0.2	-479	30.7	30.2	0.5	0.0	-30.2	0.0	
2.82812	-0.4	-479	30.7	30.2	0.5	0.0	-30.2	0.0	
2.83203	-0.5	-479	30.7	30.2	0.5	0.0	-30.2	0.0	
2.83594	-0.4	-479	30.7	30.2	0.5	0.0	-30.2	0.0	
2.83984	-0.4	-479	30.8	30.3	0.5	0.0	-30.3	0.0	
2.84375	-0.6	-479	30.8	30.3	0.5	0.0	-30.3	0.0	
2.84766	-0.8	-479	30.9	30.3	0.6	0.0	-30.3	0.0	
2.85156	-1.0	-479	31.0	30.4	0.6	0.0	-30.4	0.0	
2.85547	-1.3	-479	31.1	30.4	0.7	0.0	-30.4	0.0	
2.85938	-1.4	-479	31.1	30.4	0.7	0.0	-30.4	0.0	
2.86328	-1.4	-479	31.2	30.5	0.7	0.0	-30.5	0.0	
2.86719	-1.5	-480	31.2	30.5	0.7	0.0	-30.5	0.0	
2.87109	-1.3	-480	31.3	30.5	0.8	0.0	-30.5	0.0	
2.87500	-1.0	-480	31.3	30.6	0.7	0.0	-30.6	0.0	
2.87891	-0.7	-480	31.3	30.6	0.7	0.0	-30.6	0.0	
2.88281	-0.4	-480	31.4	30.7	0.7	0.0	-30.7	0.0	
2.88672	-0.1	-480	31.4	30.7	0.7	0.0	-30.7	0.0	
2.89062	-0.2	-480	31.4	30.8	0.6	0.0	-30.8	0.0	
2.89453	-0.4	-480	31.5	30.8	0.7	0.0	-30.8	0.0	
2.89844	-0.3	-480	31.5	30.8	0.7	0.0	-30.8	0.0	
2.90234	-0.4	-480	31.5	30.9	0.6	0.0	-30.9	0.0	
2.90625	-0.6	-480	31.6	30.9	0.7	0.0	-30.9	0.0	
2.91016	-0.5	-480	31.7	30.9	0.8	0.0	-30.9	0.0	
2.91406	-0.6	-480	31.7	31.0	0.7	0.0	-31.0	0.0	
2.91797	-1.0	-480	31.8	31.1	0.7	0.0	-31.1	0.0	
2.92188	-1.4	-480	31.9	31.1	0.8	0.0	-31.1	0.0	
2.92578	-1.6	-480	32.0	31.2	0.8	0.0	-31.2	0.0	
2.92969	-2.1	-480	32.1	31.2	0.9	0.0	-31.2	0.0	
2.93359	-2.7	-481	32.3	31.3	1.0	0.0	-31.3	0.0	
2.93750	-2.7	-481	32.4	31.3	1.1	0.0	-31.3	0.0	
2.94141	-2.8	-481	32.5	31.4	1.1	0.0	-31.4	0.0	
2.94531	-2.7	-481	32.6	31.5	1.1	0.0	-31.5	0.0	
2.94922	-2.0	-481	32.7	31.5	1.2	0.0	-31.5	0.0	
2.95312	-1.3	-481	32.7	31.5	1.2	0.0	-31.5	0.0	
2.95703	-0.9	-481	32.7	31.6	1.1	0.0	-31.6	0.0	
2.96094	-0.6	-481	32.8	31.6	1.2	0.0	-31.6	0.0	
2.96484	-0.0	-481	32.7	31.5	1.2	0.0	-31.5	0.0	
2.96875	0.4	-481	32.6	31.5	1.1	0.0	-31.5	0.0	
2.97266	0.3	-481	32.6	31.5	1.1	0.0	-31.5	0.0	
2.97656	0.1	-481	32.6	31.5	1.1	0.0	-31.5	0.0	
2.98047	-0.0	-481	32.5	31.5	1.0	0.0	-31.5	0.0	
2.98438	-0.1	-481	32.5	31.6	0.9	0.0	-31.6	0.0	
2.98828	0.1	-481	32.4	31.5	0.9	0.0	-31.5	0.0	
2.99219	-0.0	-481	32.4	31.5	0.9	0.0	-31.5	0.0	
2.99609	-0.4	-481	32.5	31.5	1.0	0.0	-31.5	0.0	
3.00000	-0.6	-481	32.6	31.5	1.1	0.0	-31.5	0.0	
3.00391	-0.8	-481	32.7	31.5	1.2	0.0	-31.5	0.0	
3.00781	-1.3	-482	32.8	31.5	1.3	0.0	-31.5	0.0	
3.01172	-2.0	-482	32.9	31.6	1.3	0.0	-31.6	0.0	
3.01562	-3.1	-482	33.1	31.6	1.5	0.0	-31.6	0.0	
3.01953	-4.1	-482	33.3	31.6	1.7	0.0	-31.6	0.0	
3.02344	-4.6	-482	33.5	31.6	1.9	0.0	-31.6	0.0	
3.02734	-4.6	-483	33.6	31.7	1.9	0.0	-31.7	0.0	
3.03125	-3.7	-483	33.7	31.7	2.0	0.0	-31.7	0.0	
3.03516	-2.8	-483	33.7	31.7	2.0	0.0	-31.7	0.0	
3.03906	-2.5	-483	33.8	31.8	2.0	0.0	-31.8	0.0	
3.04297	-1.7	-483	33.9	31.8	2.1	0.0	-31.8	0.0	
3.04688	-0.4	-483	33.8	31.7	2.1	0.0	-31.7	0.0	
3.05078	0.5	-483	33.7	31.7	2.0	0.0	-31.7	0.0	
3.05469	1.0	-483	33.7	31.8	1.9	0.0	-31.8	0.0	
3.05859	0.8	-483	33.5	31.8	1.7	0.0	-31.8	0.0	
3.06250	0.6	-483	33.5	31.7	1.8	0.0	-31.7	0.0	
3.06641	0.6	-483	33.4	31.7	1.7	0.0	-31.7	0.0	
3.07031	1.1	-483	33.2	31.8	1.4	0.0	-31.8	0.0	
3.07422	1.7	-483	33.1	31.7	1.4	0.0	-31.7	0.0	
3.07812	1.7	-483	33.0	31.7	1.3	0.0	-31.7	0.0	
3.08203	1.0	-483	33.0	31.7	1.3	0.0	-31.7	0.0	
3.08594	0.3	-483	33.0	31.7	1.3	0.0	-31.7	0.0	
3.08984	-0.6	-483	33.0	31.7	1.3	0.0	-31.7	0.0	
3.09375	-1.4	-483	33.0	31.7	1.3	0.0	-31.7	0.0	
3.09766	-1.0	-483	33.1	31.7	1.4	0.0	-31.7	0.0	
3.10156	-0.6	-483	33.2	31.7	1.5	0.0	-31.7	0.0	
3.10547	-0.9	-483	33.2	31.7	1.5	0.0	-31.7	0.0	
3.10938	-1.4	-483	33.3	31.7	1.6	0.0	-31.7	0.0	
3.11328	-1.8	-483	33.4	31.8	1.6	0.0	-31.8	0.0	
3.11719	-2.1	-483	33.4	31.7	1.7	0.0	-31.7	0.0	
3.12109	-1.6	-484	33.4	31.7	1.7	0.0	-31.7	0.0	
3.12500	-0.6	-484	33.4	31.8	1.6	0.0	-31.8	0.0	
3.12891	0.2	-484	33.4	31.7	1.7	0.0	-31.7	0.0	
3.13281	0.6	-484	33.4	31.7	1.7	0.0	-31.7	0.0	
3.13672	0.6	-484	33.4	31.7	1.7	0.0	-31.7	0.0	
3.14062	0.2	-484	33.4	31.7	1.7	0.0	-31.7	0.0	
3.14453	-0.0	-484	33.2	31.6	1.6	0.0	-31.6	0.0	
3.14844	0.1	-484	33.2	31.6	1.6	0.0	-31.6	0.0	
3.15234	0.4	-483	33.1	31.6	1.5	0.0	-31.6	0.0	
3.15625	0.6	-483	33.1	31.7	1.4	0.0	-31.7	0.0	
3.16016	0.5	-483	33.0	31.6	1.4	0.0	-31.6	0.0	
3.16406	0.1	-483	32.9	31.6	1.3	0.0	-31.6	0.0	
3.16797	-0.4	-483	33.0	31.6	1.4	0.0	-31.6	0.0	
3.17188	-0.6	-483	33.0	31.6	1.4	0.0	-31.6	0.0	
3.17578	-0.5	-483	33.0	31.7	1.3	0.0	-31.7	0.0	
3.17969	-0.5	-484	33.0	31.7	1.3	0.0	-31.7	0.0	
3.18359	-0.3	-484	33.0	31.7	1.3	0.0	-31.7	0.0	
3.18750	0.1	-484	32.9	31.8	1.1	0.0	-31.8	0.0	
3.19141	0.1	-484	32.9	31.8	1.1	0.0	-31.8	0.0	
3.19531	-0.1	-484	32.8	31.7	1.1	0.0	-31.7	0.0	
3.19922	0.3	-484	32.7	31.7	1.0	0.0	-31.7	0.0	
3.20312	0.8	-483	32.5	31.7	0.8	0.0	-31.7	0.0	
3.20703	1.5	-483	32.4	31.7	0.7	0.0	-31.7	0.0	
3.21094	2.4	-483	32.2	31.6	0.6	0.0	-31.6	0.0	
3.21484	3.2	-483	32.0	31.6	0.4	0.0	-31.6	0.0	
3.21875	3.6	-483	31.8	31.6	0.2	0.0	-31.6	0.0	
3.22266	3.7	-483	31.7	31.5	0.2	0.0	-31.5	0.0	
3.22656	3.4	-482	31.6	31.4	0.2	0.0	-31.4	0.0	
3.23047	2.5	-482	31.5	31.4	0.1	0.0	-31.4	0.0	
3.23438	1.5	-482	31.4	31.3	0.1	0.0	-31.3	0.0	
3.23828	0.7	-482	31.3	31.2	0.1	0.0	-31.2	0.0	
3.24219	-0.2	-482	31.3	31.2	0.1	0.0	-31.2	0.0	
3.24609	-0.6	-482	31.3	31.2	0.1	0.0	-31.2	0.0	
3.25000	-0.7	-482	31.4	31.2	0.2	0.0	-31.2	0.0	
3.25391	-0.8	-482	31.4	31.2	0.2	0.0	-31.2	0.0	
3.25781	-0.6	-482	31.4	31.1	0.3	0.0	-31.1	0.0	
3.26172	-0.2	-482	31.4	31.1	0.3	0.0	-31.1	0.0	
3.26562	-0.2	-482	31.4	31.1	0.3	0.0	-31.1	0.0	
3.26953	-0.3	-482	31.4	31.0	0.4	0.0	-31.0	0.0	
3.27344	0.0	-482	31.3	30.9	0.4	0.0	-30.9	0.0	
3.27734	0.1	-482	31.2	30.9	0.3	0.0	-30.9	0.0	
3.28125	0.4	-482	31.1	30.9	0.2	0.0	-30.9	0.0	
3.28516	1.1	-482	30.9	30.9	0.0	0.0	-30.9	0.0	
3.28906	2.0	-482	30.7	30.7	0.0	0.0	-30.7	0.0	
3.29297	2.9	-482	30.5	30.7	-0.2	0.0	-30.7	0.0	
3.29688	3.7	-482	30.3	30.6	-0.3	0.0	-30.6	0.0	
3.30078	4.3	-481	30.1	30.6	-0.5	0.0	-30.6	0.0	
3.30469	4.7	-481	29.9	30.5	-0.6	0.0	-30.5	0.0	
3.30859	4.9	-481	29.6	30.4	-0.8	0.0	-30.4	0.0	
3.31250	5.0	-480	29.4	30.3	-0.9	0.0	-30.3	0.0	
3.31641	4.9	-480	29.2	30.3	-1.1	0.0	-30.3	0.0	
3.32031	4.7	-480	29.0	30.2	-1.2	0.0	-30.2	0.0	
3.32422	4.5	-479	28.8	30.0	-1.2	0.0	-30.0	0.0	
3.32812	4.1	-479	28.6	30.0	-1.4	0.0	-30.0	0.0	
3.33203	3.9	-479	28.4	29.9	-1.5	0.0	-29.9	0.0	
3.33594	4.3	-479	28.2	29.8	-1.6	0.0	-29.8	0.0	
3.33984	4.6	-478	27.9	29.7	-1.8	0.0	-29.7	0.0	
3.34375	4.8	-478	27.6	29.6	-2.0	0.0	-29.6	0.0	
3.34766	5.1	-478	27.3	29.4	-2.1	0.0	-29.4	0.0	
3.35156	5.8	-477	27.0	29.3	-2.3	0.0	-29.3	0.0	
3.35547	6.4	-477	26.8	29.1	-2.3	0.0	-29.1	0.0	
3.35938	6.8	-476	26.5	29.0	-2.5	0.0	-29.0	0.0	
3.36328	7.1	-476	26.2	28.9	-2.7	0.0	-28.9	0.0	
3.36719	7.2	-476	25.9	28.7	-2.8	0.0	-28.7	0.0	
3.37109	7.4	-475	25.6	28.5	-2.9	0.0	-28.5	0.0	
3.37500	7.4	-475	25.3	28.4	-3.1	0.0	-28.4	0.0	
3.37891	7.3	-474	25.0	28.3	-3.3	0.0	-28.3	0.0	
3.38281	7.3	-474	24.7	28.1	-3.4	0.0	-28.1	0.0	
3.38672	7.2	-473	24.4	27.9	-3.5	0.0	-27.9	0.0	
3.39062	7.2	-473	24.1	27.7	-3.6	0.0	-27.7	0.0	
3.39453	7.3	-472	23.8	27.5	-3.7	0.0	-27.5	0.0	
3.39844	7.2	-472	23.4	27.4	-4.0	0.0	-27.4	0.0	
3.40234	7.0	-471	23.2	27.1	-3.9	0.0	-27.1	0.0	
3.40625	6.5	-471	22.9	27.0	-4.1	0.0	-27.0	0.0	
3.41016	6.0	-470	22.7	26.8	-4.1	0.0	-26.8	0.0	
3.41406	5.3	-470	22.5	26.6	-4.1	0.0	-26.6	0.0	
3.41797	4.3	-470	22.3	26.4	-4.1	0.0	-26.4	0.0	
3.42188	3.7	-470	22.1	26.2	-4.1	0.0	-26.2	0.0	
3.42578	3.5	-469	22.0	26.1	-4.1	0.0	-26.1	0.0	
3.42969	3.0	-469	21.9	25.9	-4.0	0.0	-25.9	0.0	
3.43359	2.4	-469	21.8	25.7	-3.9	0.0	-25.7	0.0	
3.43750	2.0	-469	21.7	25.6	-3.9	0.0	-25.6	0.0	
3.44141	1.8	-469	21.5	25.4	-3.9	0.0	-25.4	0.0	
3.44531	1.7	-469	21.4	25.2	-3.8	0.0	-25.2	0.0	
3.44922	1.6	-469	21.3	25.0	-3.7	0.0	-25.0	0.0	
3.45312	1.7	-468	21.2	24.9	-3.7	0.0	-24.9	0.0	
3.45703	1.8	-468	21.1	24.7	-3.6	0.0	-24.7	0.0	
3.46094	1.9	-468	21.0	24.6	-3.6	0.0	-24.6	0.0	
3.46484	1.9	-468	20.9	24.4	-3.5	0.0	-24.4	0.0	
3.46875	2.1	-468	20.7	24.3	-3.6	0.0	-24.3	0.0	
3.47266	2.3	-468	20.6	24.1	-3.5	0.0	-24.1	0.0	
3.47656	2.4	-468	20.5	24.0	-3.5	0.0	-24.0	0.0	
3.48047	2.4	-467	20.3	23.8	-3.5	0.0	-23.8	0.0	
3.48438	2.4	-467	20.2	23.7	-3.5	0.0	-23.7	0.0	
3.48828	2.4	-467	20.1	23.6	-3.5	0.0	-23.6	0.0	
3.49219	2.1	-467	20.0	23.4	-3.4	0.0	-23.4	0.0	
3.49609	1.9	-467	19.9	23.3	-3.4	0.0	-23.3	0.0	
3.50000	2.0	-467	19.8	23.1	-3.3	0.0	-23.1	0.0	
3.50391	1.6	-467	19.7	23.0	-3.3	0.0	-23.0	0.0	
3.50781	1.3	-467	19.7	22.9	-3.2	0.0	-22.9	0.0	
3.51172	1.3	-466	19.6	22.8	-3.2	0.0	-22.8	0.0	
3.51562	0.9	-466	19.5	22.6	-3.1	0.0	-22.6	0.0	
3.51953	0.5	-466	19.4	22.6	-3.2	0.0	-22.6	0.0	
3.52344	0.5	-466	19.4	22.4	-3.0	0.0	-22.4	0.0	
3.52734	0.4	-466	19.3	22.3	-3.0	0.0	-22.3	0.0	
3.53125	0.3	-466	19.2	22.2	-3.0	0.0	-22.2	0.0	
3.53516	0.4	-466	19.2	22.1	-2.9	0.0	-22.1	0.0	
3.53906	0.4	-466	19.2	22.0	-2.8	0.0	-22.0	0.0	
3.54297	0.4	-466	19.0	21.9	-2.9	0.0	-21.9	0.0	
3.54688	0.5	-466	18.9	21.8	-2.9	0.0	-21.8	0.0	
3.55078	0.6	-466	18.9	21.7	-2.8	0.0	-21.7	0.0	
3.55469	0.8	-466	18.8	21.6	-2.8	0.0	-21.6	0.0	
3.55859	1.0	-466	18.7	21.5	-2.8	0.0	-21.5	0.0	
3.56250	1.0	-466	18.6	21.4	-2.8	0.0	-21.4	0.0	
3.56641	1.0	-466	18.6	21.3	-2.7	0.0	-21.3	0.0	
3.57031	1.0	-466	18.5	21.2	-2.7	0.0	-21.2	0.0	
3.57422	0.9	-466	18.5	21.1	-2.6	0.0	-21.1	0.0	
3.57812	0.7	-466	18.4	21.0	-2.6	0.0	-21.0	0.0	
3.58203	0.7	-466	18.4	20.9	-2.5	0.0	-20.9	0.0	
3.58594	0.8	-466	18.3	20.9	-2.6	0.0	-20.9	0.0	
3.58984	0.6	-466	18.2	20.8	-2.6	0.0	-20.8	0.0	
3.59375	0.6	-466	18.1	20.7	-2.6	0.0	-20.7	0.0	
3.59766	0.8	-466	18.1	20.6	-2.5	0.0	-20.6	0.0	
3.60156	0.6	-465	18.1	20.5	-2.4	0.0	-20.5	0.0	
3.60547	0.5	-465	18.0	20.5	-2.5	0.0	-20.5	0.0	
3.60938	0.7	-465	18.0	20.4	-2.4	0.0	-20.4	0.0	
3.61328	0.7	-465	17.9	20.3	-2.4	0.0	-20.3	0.0	
3.61719	0.7	-465	17.8	20.3	-2.5	0.0	-20.3	0.0	
3.62109	0.7	-465	17.7	20.2	-2.5	0.0	-20.2	0.0	
3.62500	0.8	-465	17.7	20.0	-2.3	0.0	-20.0	0.0	
3.62891	0.9	-465	17.6	20.0	-2.4	0.0	-20.0	0.0	
3.63281	0.8	-465	17.5	19.9	-2.4	0.0	-19.9	0.0	
3.63672	0.9	-465	17.5	19.8	-2.3	0.0	-19.8	0.0	
3.64062	0.9	-465	17.4	19.7	-2.3	0.0	-19.7	0.0	
3.64453	0.8	-465	17.3	19.6	-2.3	0.0	-19.6	0.0	
3.64844	0.9	-465	17.3	19.5	-2.2	0.0	-19.5	0.0	
3.65234	0.8	-465	17.3	19.5	-2.2	0.0	-19.5	0.0	
3.65625	0.5	-465	17.2	19.5	-2.3	0.0	-19.5	0.0	
3.66016	0.5	-465	17.1	19.3	-2.2	0.0	-19.3	0.0	
3.66406	0.5	-465	17.1	19.2	-2.1	0.0	-19.2	0.0	
3.66797	0.2	-465	17.1	19.1	-2.0	0.0	-19.1	0.0	
3.67188	0.2	-465	17.0	19.1	-2.1	0.0	-19.1	0.0	
3.67578	0.2	-465	16.9	19.0	-2.1	0.0	-19.0	0.0	
3.67969	-0.0	-465	16.9	18.9	-2.0	0.0	-18.9	0.0	
3.68359	0.0	-465	17.0	18.9	-1.9	0.0	-18.9	0.0	
3.68750	0.1	-465	17.0	18.8	-1.8	0.0	-18.8	0.0	
3.69141	-0.3	-465	16.9	18.7	-1.8	0.0	-18.7	0.0	
3.69531	-0.3	-465	16.9	18.7	-1.8	0.0	-18.7	0.0	
3.69922	-0.1	-465	16.9	18.7	-1.8	0.0	-18.7	0.0	
3.70312	-0.2	-465	16.9	18.7	-1.8	0.0	-18.7	0.0	
3.70703	-0.3	-465	16.9	18.6	-1.7	0.0	-18.6	0.0	
3.71094	-0.2	-465	16.9	18.5	-1.6	0.0	-18.5	0.0	
3.71484	-0.4	-465	16.9	18.5	-1.6	0.0	-18.5	0.0	
3.71875	-0.5	-465	16.9	18.4	-1.5	0.0	-18.4	0.0	
3.72266	-0.3	-465	17.0	18.4	-1.4	0.0	-18.4	0.0	
3.72656	-0.2	-465	17.0	18.4	-1.4	0.0	-18.4	0.0	
3.73047	-0.4	-465	17.0	18.3	-1.3	0.0	-18.3	0.0	
3.73438	-0.3	-465	17.0	18.3	-1.3	0.0	-18.3	0.0	
3.73828	-0.1	-465	17.1	18.3	-1.2	0.0	-18.3	0.0	
3.74219	-0.3	-465	17.1	18.2	-1.1	0.0	-18.2	0.0	
3.74609	-0.4	-465	17.1	18.2	-1.1	0.0	-18.2	0.0	
3.75000	-0.2	-465	17.1	18.2	-1.1	0.0	-18.2	0.0	
3.75391	-0.3	-465	17.0	18.2	-1.2	0.0	-18.2	0.0	
3.75781	-0.3	-465	17.0	18.2	-1.2	0.0	-18.2	0.0	
3.76172	-0.1	-465	17.1	18.2	-1.1	0.0	-18.2	0.0	
3.76562	-0.2	-465	17.1	18.2	-1.1	0.0	-18.2	0.0	
3.76953	-0.3	-465	17.1	18.2	-1.1	0.0	-18.2	0.0	
3.77344	-0.3	-465	17.1	18.2	-1.1	0.0	-18.2	0.0	
3.77734	-0.2	-465	17.1	18.1	-1.0	0.0	-18.1	0.0	
3.78125	-0.4	-465	17.1	18.1	-1.0	0.0	-18.1	0.0	
3.78516	-0.3	-465	17.1	18.1	-1.0	0.0	-18.1	0.0	
3.78906	-0.1	-465	17.1	18.1	-1.0	0.0	-18.1	0.0	
3.79297	-0.3	-465	17.1	18.1	-1.0	0.0	-18.1	0.0	
3.79688	-0.4	-465	17.1	18.1	-1.0	0.0	-18.1	0.0	
3.80078	-0.3	-465	17.1	18.1	-1.0	0.0	-18.1	0.0	
3.80469	-0.4	-465	17.1	18.0	-0.9	0.0	-18.0	0.0	
3.80859	-0.3	-465	17.2	18.0	-0.8	0.0	-18.0	0.0	
3.81250	-0.2	-465	17.2	18.0	-0.8	0.0	-18.0	0.0	
3.81641	-0.3	-465	17.1	18.0	-0.9	0.0	-18.0	0.0	
3.82031	-0.3	-465	17.1	18.0	-0.9	0.0	-18.0	0.0	
3.82422	-0.1	-465	17.2	18.0	-0.8	0.0	-18.0	0.0	
3.82812	-0.1	-465	17.1	18.0	-0.9	0.0	-18.0	0.0	
3.83203	-0.1	-465	17.1	17.9	-0.8	0.0	-17.9	0.0	
3.83594	-0.0	-465	17.1	17.9	-0.8	0.0	-17.9	0.0	
3.83984	-0.1	-465	17.0	17.9	-0.9	0.0	-17.9	0.0	
3.84375	-0.1	-465	17.0	17.8	-0.8	0.0	-17.8	0.0	
3.84766	-0.1	-465	17.0	17.8	-0.8	0.0	-17.8	0.0	
3.85156	0.1	-465	16.9	17.7	-0.8	0.0	-17.7	0.0	
3.85547	0.0	-465	16.9	17.6	-0.7	0.0	-17.6	0.0	
3.85938	0.1	-465	16.9	17.6	-0.7	0.0	-17.6	0.0	
3.86328	0.3	-465	16.8	17.5	-0.7	0.0	-17.5	0.0	
3.86719	0.2	-465	16.7	17.4	-0.7	0.0	-17.4	0.0	
3.87109	0.2	-465	16.7	17.4	-0.7	0.0	-17.4	0.0	
3.87500	0.3	-465	16.6	17.3	-0.7	0.0	-17.3	0.0	
3.87891	0.1	-465	16.6	17.3	-0.7	0.0	-17.3	0.0	
3.88281	0.1	-465	16.6	17.2	-0.6	0.0	-17.2	0.0	
3.88672	0.2	-465	16.5	17.1	-0.6	0.0	-17.1	0.0	
3.89062	-0.1	-465	16.5	17.1	-0.6	0.0	-17.1	0.0	
3.89453	-0.3	-465	16.6	17.0	-0.4	0.0	-17.0	0.0	
3.89844	-0.3	-465	16.6	17.0	-0.4	0.0	-17.0	0.0	
3.90234	-0.3	-465	16.5	16.9	-0.4	0.0	-16.9	0.0	
3.90625	-0.5	-465	16.5	16.9	-0.4	0.0	-16.9	0.0	
3.91016	-0.4	-465	16.6	16.8	-0.2	0.0	-16.8	0.0	
3.91406	-0.3	-465	16.6	16.7	-0.1	0.0	-16.7	0.0	
3.91797	-0.4	-465	16.6	16.7	-0.1	0.0	-16.7	0.0	
3.92188	-0.5	-465	16.6	16.7	-0.1	0.0	-16.7	0.0	
3.92578	-0.5	-465	16.7	16.7	0.0	0.0	-16.7	0.0	
3.92969	-0.6	-466	16.7	16.6	0.1	0.0	-16.6	0.0	
3.93359	-0.6	-466	16.8	16.6	0.2	0.0	-16.6	0.0	
3.93750	-0.5	-466	16.8	16.5	0.3	0.0	-16.5	0.0	
3.94141	-0.5	-466	16.9	16.5	0.4	0.0	-16.5	0.0	
3.94531	-0.5	-466	16.9	16.5	0.4	0.0	-16.5	0.0	
3.94922	-0.4	-466	16.9	16.5	0.4	0.0	-16.5	0.0	
3.95312	-0.5	-466	17.0	16.5	0.5	0.0	-16.5	0.0	
3.95703	-0.3	-466	17.0	16.5	0.5	0.0	-16.5	0.0	
3.96094	-0.2	-466	17.0	16.5	0.5	0.0	-16.5	0.0	
3.96484	-0.3	-466	17.1	16.5	0.6	0.0	-16.5	0.0	
3.96875	-0.3	-466	17.1	16.4	0.7	0.0	-16.4	0.0	
3.97266	-0.4	-466	17.0	16.5	0.5	0.0	-16.5	0.0	
3.97656	-0.3	-466	17.1	16.5	0.6	0.0	-16.5	0.0	
3.98047	-0.3	-466	17.1	16.5	0.6	0.0	-16.5	0.0	
3.98438	-0.3	-466	17.1	16.5	0.6	0.0	-16.5	0.0	
3.98828	-0.3	-466	17.2	16.4	0.8	0.0	-16.4	0.0	
3.99219	-0.4	-466	17.2	16.4	0.8	0.0	-16.4	0.0	
3.99609	-0.3	-466	17.1	16.4	0.7	0.0	-16.4	0.0	
4.00000	-0.1	-466	17.1	16.4	0.7	0.0	-16.4	0.0	
4.00391	-0.2	-466	17.1	16.5	0.6	0.0	-16.5	0.0	
4.00781	-0.3	-466	17.1	16.5	0.6	0.0	-16.5	0.0	
4.01172	-0.2	-466	17.1	16.5	0.6	0.0	-16.5	0.0	
4.01562	-0.2	-466	17.1	16.5	0.6	0.0	-16.5	0.0	
4.01953	-0.3	-466	17.2	16.4	0.8	0.0	-16.4	0.0	
4.02344	-0.2	-466	17.2	16.5	0.7	0.0	-16.5	0.0	
4.02734	-0.1	-466	17.1	16.5	0.6	0.0	-16.5	0.0	
4.03125	-0.3	-466	17.1	16.4	0.7	0.0	-16.4	0.0	
4.03516	-0.2	-466	17.1	16.5	0.6	0.0	-16.5	0.0	
4.03906	-0.1	-466	17.2	16.5	0.7	0.0	-16.5	0.0	
4.04297	-0.3	-466	17.1	16.5	0.6	0.0	-16.5	0.0	
4.04688	-0.3	-466	17.1	16.5	0.6	0.0	-16.5	0.0	
4.05078	-0.2	-466	17.1	16.5	0.6	0.0	-16.5	0.0	
4.05469	-0.2	-466	17.2	16.5	0.7	0.0	-16.5	0.0	
4.05859	-0.2	-466	17.1	16.5	0.6	0.0	-16.5	0.0	
4.06250	-0.1	-466	17.1	16.5	0.6	0.0	-16.5	0.0	
4.06641	-0.3	-466	17.1	16.5	0.6	0.0	-16.5	0.0	
4.07031	-0.4	-466	17.1	16.5	0.6	0.0	-16.5	0.0	
4.07422	-0.2	-466	17.2	16.5	0.7	0.0	-16.5	0.0	
4.07812	-0.2	-466	17.2	16.5	0.7	0.0	-16.5	0.0	
4.08203	-0.2	-466	17.1	16.6	0.5	0.0	-16.6	0.0	
4.08594	-0.2	-466	17.1	16.7	0.4	0.0	-16.7	0.0	
4.08984	-0.1	-466	17.1	16.7	0.4	0.0	-16.7	0.0	
4.09375	-0.3	-466	17.1	16.6	0.5	0.0	-16.6	0.0	
4.09766	-0.3	-466	17.1	16.7	0.4	0.0	-16.7	0.0	
4.10156	-0.2	-466	17.1	16.6	0.5	0.0	-16.6	0.0	
4.10547	-0.2	-466	17.1	16.6	0.5	0.0	-16.6	0.0	
4.10938	-0.2	-466	17.0	16.7	0.3	0.0	-16.7	0.0	
4.11328	-0.2	-466	17.0	16.6	0.4	0.0	-16.6	0.0	
4.11719	-0.3	-466	17.1	16.6	0.5	0.0	-16.6	0.0	
4.12109	-0.3	-466	17.0	16.6	0.4	0.0	-16.6	0.0	
4.12500	-0.2	-466	17.0	16.6	0.4	0.0	-16.6	0.0	
4.12891	-0.2	-466	17.0	16.7	0.3	0.0	-16.7	0.0	
4.13281	-0.2	-466	17.0	16.7	0.3	0.0	-16.7	0.0	
4.13672	-0.1	-466	17.1	16.7	0.4	0.0	-16.7	0.0	
4.14062	-0.2	-466	17.0	16.7	0.3	0.0	-16.7	0.0	
4.14453	-0.4	-466	17.0	16.7	0.3	0.0	-16.7	0.0	
4.14844	-0.3	-466	17.0	16.7	0.3	0.0	-16.7	0.0	
4.15234	-0.2	-467	17.0	16.7	0.3	0.0	-16.7	0.0	
4.15625	-0.3	-467	17.0	16.7	0.3	0.0	-16.7	0.0	
4.16016	-0.3	-467	17.0	16.7	0.3	0.0	-16.7	0.0	
4.16406	-0.2	-467	17.0	16.7	0.3	0.0	-16.7	0.0	
4.16797	-0.3	-467	17.0	16.6	0.4	0.0	-16.6	0.0	
4.17188	-0.3	-467	17.0	16.7	0.3	0.0	-16.7	0.0	
4.17578	-0.2	-467	17.0	16.7	0.3	0.0	-16.7	0.0	
4.17969	-0.2	-467	17.0	16.7	0.3	0.0	-16.7	0.0	
4.18359	-0.3	-467	17.1	16.7	0.4	0.0	-16.7	0.0	
4.18750	-0.3	-467	17.1	16.7	0.4	0.0	-16.7	0.0	
4.19141	-0.1	-467	17.0	16.7	0.3	0.0	-16.7	0.0	
4.19531	-0.2	-467	17.0	16.7	0.3	0.0	-16.7	0.0	
4.19922	-0.3	-467	17.0	16.7	0.3	0.0	-16.7	0.0	
4.20312	-0.3	-467	17.0	16.7	0.3	0.0	-16.7	0.0	
4.20703	-0.4	-467	17.1	16.6	0.5	0.0	-16.6	0.0	
4.21094	-0.3	-467	17.0	16.6	0.4	0.0	-16.6	0.0	
4.21484	-0.3	-467	17.0	16.7	0.3	0.0	-16.7	0.0	
4.21875	-0.4	-467	17.0	16.7	0.3	0.0	-16.7	0.0	
4.22266	-0.3	-467	17.0	16.7	0.3	0.0	-16.7	0.0	
4.22656	-0.1	-467	17.1	16.7	0.4	0.0	-16.7	0.0	
4.23047	-0.3	-467	17.0	16.7	0.3	0.0	-16.7	0.0	
4.23438	-0.3	-467	17.0	16.7	0.3	0.0	-16.7	0.0	
4.23828	-0.2	-467	17.0	16.7	0.3	0.0	-16.7	0.0	
4.24219	-0.4	-467	17.0	16.7	0.3	0.0	-16.7	0.0	
4.24609	-0.5	-467	17.0	16.7	0.3	0.0	-16.7	0.0	
4.25000	-0.2	-467	17.0	16.7	0.3	0.0	-16.7	0.0	
4.25391	-0.2	-467	17.0	16.7	0.3	0.0	-16.7	0.0	
4.25781	-0.4	-467	17.0	16.7	0.3	0.0	-16.7	0.0	
4.26172	-0.3	-467	17.0	16.7	0.3	0.0	-16.7	0.0	
4.26562	-0.3	-467	16.9	16.8	0.1	0.0	-16.8	0.0	
4.26953	-0.3	-467	17.0	16.8	0.2	0.0	-16.8	0.0	
4.27344	-0.2	-467	17.0	16.8	0.2	0.0	-16.8	0.0	
4.27734	-0.3	-467	17.0	16.9	0.1	0.0	-16.9	0.0	
4.28125	-0.3	-467	17.0	16.8	0.2	0.0	-16.8	0.0	
4.28516	-0.2	-467	17.0	16.9	0.1	0.0	-16.9	0.0	
4.28906	-0.3	-467	17.0	16.9	0.1	0.0	-16.9	0.0	
4.29297	-0.2	-467	17.0	16.8	0.2	0.0	-16.8	0.0	
4.29688	-0.1	-467	17.0	16.9	0.1	0.0	-16.9	0.0	
4.30078	-0.2	-467	17.0	16.9	0.1	0.0	-16.9	0.0	
4.30469	-0.2	-467	16.9	16.9	0.0	0.0	-16.9	0.0	
4.30859	-0.1	-467	17.0	16.8	0.2	0.0	-16.8	0.0	
4.31250	-0.2	-467	17.0	16.9	0.1	0.0	-16.9	0.0	
4.31641	-0.3	-467	16.9	16.9	0.0	0.0	-16.9	0.0	
4.32031	-0.4	-467	17.0	16.9	0.1	0.0	-16.9	0.0	
4.32422	-0.3	-467	17.0	17.0	0.0	0.0	-17.0	0.0	
4.32812	-0.2	-467	17.0	16.9	0.1	0.0	-16.9	0.0	
4.33203	-0.3	-467	17.0	16.9	0.1	0.0	-16.9	0.0	
4.33594	-0.3	-467	17.0	17.0	0.0	0.0	-17.0	0.0	
4.33984	-0.3	-467	16.9	17.0	-0.1	0.0	-17.0	0.0	
4.34375	-0.4	-467	16.9	17.0	-0.1	0.0	-17.0	0.0	
4.34766	-0.4	-467	16.9	17.0	-0.1	0.0	-17.0	0.0	
4.35156	-0.2	-467	17.0	17.0	0.0	0.0	-17.0	0.0	
4.35547	-0.2	-467	17.1	17.0	0.1	0.0	-17.0	0.0	
4.35938	-0.3	-467	17.0	17.0	0.0	0.0	-17.0	0.0	
4.36328	-0.3	-467	17.0	17.1	-0.1	0.0	-17.1	0.0	
4.36719	-0.3	-467	16.9	17.1	-0.2	0.0	-17.1	0.0	
4.37109	-0.2	-467	16.9	17.1	-0.2	0.0	-17.1	0.0	
4.37500	-0.2	-468	17.0	17.1	-0.1	0.0	-17.1	0.0	
4.37891	-0.3	-468	17.0	17.1	-0.1	0.0	-17.1	0.0	
4.38281	-0.3	-468	17.0	17.1	-0.1	0.0	-17.1	0.0	
4.38672	-0.3	-468	17.0	17.1	-0.1	0.0	-17.1	0.0	
4.39062	-0.3	-468	17.0	17.1	-0.1	0.0	-17.1	0.0	
4.39453	-0.4	-468	17.0	17.1	-0.1	0.0	-17.1	0.0	
4.39844	-0.3	-468	17.0	17.2	-0.2	0.0	-17.2	0.0	
4.40234	-0.2	-468	17.0	17.1	-0.1	0.0	-17.1	0.0	
4.40625	-0.2	-468	17.0	17.1	-0.1	0.0	-17.1	0.0	
4.41016	-0.2	-468	17.0	17.2	-0.2	0.0	-17.2	0.0	
4.41406	-0.3	-468	17.0	17.2	-0.2	0.0	-17.2	0.0	
4.41797	-0.3	-468	17.0	17.2	-0.2	0.0	-17.2	0.0	
4.42188	-0.3	-468	17.0	17.2	-0.2	0.0	-17.2	0.0	
4.42578	-0.3	-468	17.0	17.2	-0.2	0.0	-17.2	0.0	
4.42969	-0.3	-468	17.0	17.2	-0.2	0.0	-17.2	0.0	
4.43359	-0.4	-468	17.0	17.2	-0.2	0.0	-17.2	0.0	
4.43750	-0.3	-468	17.0	17.2	-0.2	0.0	-17.2	0.0	
4.44141	-0.3	-468	17.0	17.2	-0.2	0.0	-17.2	0.0	
4.44531	-0.4	-468	17.0	17.2	-0.2	0.0	-17.2	0.0	
4.44922	-0.3	-468	17.1	17.3	-0.2	0.0	-17.3	0.0	
4.45312	-0.3	-468	17.0	17.3	-0.3	0.0	-17.3	0.0	
4.45703	-0.3	-468	17.0	17.3	-0.3	0.0	-17.3	0.0	
4.46094	-0.3	-468	17.0	17.3	-0.3	0.0	-17.3	0.0	
4.46484	-0.3	-468	17.1	17.3	-0.2	0.0	-17.3	0.0	
4.46875	-0.3	-468	17.1	17.3	-0.2	0.0	-17.3	0.0	
4.47266	-0.2	-468	17.0	17.3	-0.3	0.0	-17.3	0.0	
4.47656	-0.2	-468	17.0	17.3	-0.3	0.0	-17.3	0.0	
4.48047	-0.3	-468	17.0	17.3	-0.3	0.0	-17.3	0.0	
4.48438	-0.2	-468	17.0	17.3	-0.3	0.0	-17.3	0.0	
4.48828	-0.1	-468	17.1	17.3	-0.2	0.0	-17.3	0.0	
4.49219	-0.3	-468	17.1	17.3	-0.2	0.0	-17.3	0.0	
4.49609	-0.4	-468	17.0	17.3	-0.3	0.0	-17.3	0.0	
4.50000	-0.3	-468	17.1	17.3	-0.2	0.0	-17.3	0.0	
4.50391	-0.3	-468	17.1	17.3	-0.2	0.0	-17.3	0.0	
4.50781	-0.4	-468	17.1	17.3	-0.2	0.0	-17.3	0.0	
4.51172	-0.3	-468	17.1	17.4	-0.3	0.0	-17.4	0.0	
4.51562	-0.4	-468	17.1	17.3	-0.2	0.0	-17.3	0.0	
4.51953	-0.4	-468	17.1	17.4	-0.3	0.0	-17.4	0.0	
4.52344	-0.2	-468	17.1	17.4	-0.3	0.0	-17.4	0.0	
4.52734	-0.3	-468	17.1	17.3	-0.2	0.0	-17.3	0.0	
4.53125	-0.4	-468	17.1	17.3	-0.2	0.0	-17.3	0.0	
4.53516	-0.2	-468	17.1	17.3	-0.2	0.0	-17.3	0.0	
4.53906	-0.3	-468	17.1	17.4	-0.3	0.0	-17.4	0.0	
4.54297	-0.3	-468	17.1	17.3	-0.2	0.0	-17.3	0.0	
4.54688	-0.3	-468	17.1	17.3	-0.2	0.0	-17.3	0.0	
4.55078	-0.4	-468	17.2	17.3	-0.1	0.0	-17.3	0.0	
4.55469	-0.3	-468	17.2	17.3	-0.1	0.0	-17.3	0.0	
4.55859	-0.3	-468	17.2	17.3	-0.1	0.0	-17.3	0.0	
4.56250	-0.3	-468	17.2	17.3	-0.1	0.0	-17.3	0.0	
4.56641	-0.2	-468	17.2	17.3	-0.1	0.0	-17.3	0.0	
4.57031	-0.3	-468	17.2	17.3	-0.1	0.0	-17.3	0.0	
4.57422	-0.4	-469	17.2	17.3	-0.1	0.0	-17.3	0.0	
4.57812	-0.3	-469	17.2	17.3	-0.1	0.0	-17.3	0.0	
4.58203	-0.3	-469	17.2	17.3	-0.1	0.0	-17.3	0.0	
4.58594	-0.3	-469	17.2	17.3	-0.1	0.0	-17.3	0.0	
4.58984	-0.2	-469	17.2	17.3	-0.1	0.0	-17.3	0.0	
4.59375	-0.2	-469	17.2	17.3	-0.1	0.0	-17.3	0.0	
4.59766	-0.3	-469	17.2	17.3	-0.1	0.0	-17.3	0.0	
4.60156	-0.2	-469	17.3	17.3	0.0	0.0	-17.3	0.0	
4.60547	-0.2	-469	17.3	17.4	-0.1	0.0	-17.4	0.0	
4.60938	-0.3	-469	17.2	17.3	-0.1	0.0	-17.3	0.0	
4.61328	-0.4	-469	17.2	17.3	-0.1	0.0	-17.3	0.0	
4.61719	-0.3	-469	17.2	17.4	-0.2	0.0	-17.4	0.0	
4.62109	-0.3	-469	17.2	17.3	-0.1	0.0	-17.3	0.0	
4.62500	-0.4	-469	17.2	17.4	-0.2	0.0	-17.4	0.0	
4.62891	-0.4	-469	17.2	17.4	-0.2	0.0	-17.4	0.0	
4.63281	-0.3	-469	17.2	17.4	-0.2	0.0	-17.4	0.0	
4.63672	-0.1	-469	17.2	17.4	-0.2	0.0	-17.4	0.0	
4.64062	-0.0	-469	17.2	17.5	-0.3	0.0	-17.5	0.0	
4.64453	-0.1	-469	17.1	17.4	-0.3	0.0	-17.4	0.0	
4.64844	-0.1	-469	17.1	17.5	-0.4	0.0	-17.5	0.0	
4.65234	-0.1	-469	17.2	17.5	-0.3	0.0	-17.5	0.0	
4.65625	-0.1	-469	17.1	17.5	-0.4	0.0	-17.5	0.0	
4.66016	-0.2	-469	17.1	17.5	-0.4	0.0	-17.5	0.0	
4.66406	-0.1	-469	17.2	17.5	-0.3	0.0	-17.5	0.0	
4.66797	-0.3	-469	17.1	17.5	-0.4	0.0	-17.5	0.0	
4.67188	-0.4	-469	17.2	17.5	-0.3	0.0	-17.5	0.0	
4.67578	-0.3	-469	17.2	17.5	-0.3	0.0	-17.5	0.0	
4.67969	-0.4	-469	17.2	17.6	-0.4	0.0	-17.6	0.0	
4.68359	-0.5	-469	17.2	17.6	-0.4	0.0	-17.6	0.0	
4.68750	-0.4	-469	17.2	17.6	-0.4	0.0	-17.6	0.0	
4.69141	-0.3	-469	17.2	17.6	-0.4	0.0	-17.6	0.0	
4.69531	-0.4	-469	17.3	17.6	-0.3	0.0	-17.6	0.0	
4.69922	-0.3	-469	17.3	17.6	-0.3	0.0	-17.6	0.0	
4.70312	-0.2	-469	17.3	17.6	-0.3	0.0	-17.6	0.0	
4.70703	-0.3	-469	17.3	17.6	-0.3	0.0	-17.6	0.0	
4.71094	-0.3	-469	17.3	17.6	-0.3	0.0	-17.6	0.0	
4.71484	-0.2	-469	17.3	17.6	-0.3	0.0	-17.6	0.0	
4.71875	-0.2	-469	17.3	17.5	-0.2	0.0	-17.5	0.0	
4.72266	-0.1	-469	17.3	17.5	-0.2	0.0	-17.5	0.0	
