FluxView - FluxMed acquisition system
Signal file
Serial Number	:
W version:	1.20h-OX-CO2	File version:	1.13
Sampling rate:	256 Hz
Time	Flow	Volume	Paw	Pes	Ptpulm	Pga	Ptdiaf	CO2	
0.00391	2.3	501	13.2	22.5	-9.3	0.0	-22.5	0.0	
0.00781	2.9	502	13.1	22.4	-9.3	0.0	-22.4	0.0	
0.01172	3.1	502	12.9	22.4	-9.5	0.0	-22.4	0.0	
0.01562	3.9	502	12.8	22.4	-9.6	0.0	-22.4	0.0	
0.01953	4.1	502	12.6	22.4	-9.8	0.0	-22.4	0.0	
0.02344	2.7	503	12.5	22.3	-9.8	0.0	-22.3	0.0	
0.02734	3.2	503	12.3	22.3	-10.0	0.0	-22.3	0.0	
0.03125	4.4	503	12.1	22.2	-10.1	0.0	-22.2	0.0	
0.03516	4.8	503	11.9	22.2	-10.3	0.0	-22.2	0.0	
0.03906	5.8	504	11.7	22.2	-10.5	0.0	-22.2	0.0	
0.04297	5.9	504	11.5	22.1	-10.6	0.0	-22.1	0.0	
0.04688	6.1	505	11.3	22.1	-10.8	0.0	-22.1	0.0	
0.05078	6.8	505	11.2	22.0	-10.8	0.0	-22.0	0.0	
0.05469	6.2	505	10.9	22.0	-11.1	0.0	-22.0	0.0	
0.05859	5.8	506	10.4	22.0	-11.6	0.0	-22.0	0.0	
0.06250	5.9	506	10.0	21.9	-11.9	0.0	-21.9	0.0	
0.06641	6.1	507	9.8	21.9	-12.1	0.0	-21.9	0.0	
0.07031	6.3	507	9.6	21.8	-12.2	0.0	-21.8	0.0	
0.07422	6.5	507	9.4	21.8	-12.4	0.0	-21.8	0.0	
0.07812	6.8	508	9.3	21.7	-12.4	0.0	-21.7	0.0	
0.08203	6.5	508	9.0	21.7	-12.7	0.0	-21.7	0.0	
0.08594	6.3	509	8.6	21.7	-13.1	0.0	-21.7	0.0	
0.08984	6.5	509	8.2	21.6	-13.4	0.0	-21.6	0.0	
0.09375	6.2	509	8.0	21.5	-13.5	0.0	-21.5	0.0	
0.09766	6.3	510	7.7	21.5	-13.8	0.0	-21.5	0.0	
0.10156	6.6	510	7.5	21.4	-13.9	0.0	-21.4	0.0	
0.10547	6.3	511	7.2	21.4	-14.2	0.0	-21.4	0.0	
0.10938	6.4	511	7.0	21.4	-14.4	0.0	-21.4	0.0	
0.11328	6.7	512	6.7	21.3	-14.6	0.0	-21.3	0.0	
0.11719	6.5	512	6.4	21.3	-14.9	0.0	-21.3	0.0	
0.12109	6.0	512	6.1	21.3	-15.2	0.0	-21.3	0.0	
0.12500	5.6	513	5.9	21.2	-15.3	0.0	-21.2	0.0	
0.12891	5.9	513	5.7	21.2	-15.5	0.0	-21.2	0.0	
0.13281	6.0	514	5.4	21.2	-15.8	0.0	-21.2	0.0	
0.13672	6.0	514	5.2	21.2	-16.0	0.0	-21.2	0.0	
0.14062	5.9	514	4.9	21.1	-16.2	0.0	-21.1	0.0	
0.14453	5.6	515	4.6	21.1	-16.5	0.0	-21.1	0.0	
0.14844	5.2	515	4.4	21.0	-16.6	0.0	-21.0	0.0	
0.15234	5.0	515	4.2	21.0	-16.8	0.0	-21.0	0.0	
0.15625	5.2	516	4.0	21.0	-17.0	0.0	-21.0	0.0	
0.16016	5.3	516	3.8	21.0	-17.2	0.0	-21.0	0.0	
0.16406	5.0	516	3.6	21.0	-17.4	0.0	-21.0	0.0	
0.16797	4.5	517	3.4	21.0	-17.6	0.0	-21.0	0.0	
0.17188	4.7	517	3.2	20.9	-17.7	0.0	-20.9	0.0	
0.17578	4.5	517	3.0	20.9	-17.9	0.0	-20.9	0.0	
0.17969	4.3	518	2.9	20.9	-18.0	0.0	-20.9	0.0	
0.18359	4.6	518	2.6	20.8	-18.2	0.0	-20.8	0.0	
0.18750	4.1	518	2.4	20.8	-18.4	0.0	-20.8	0.0	
0.19141	3.6	518	2.3	20.8	-18.5	0.0	-20.8	0.0	
0.19531	3.8	519	2.2	20.7	-18.5	0.0	-20.7	0.0	
0.19922	3.6	519	2.0	20.6	-18.6	0.0	-20.6	0.0	
0.20312	3.6	519	1.8	20.6	-18.8	0.0	-20.6	0.0	
0.20703	3.7	519	1.7	20.6	-18.9	0.0	-20.6	0.0	
0.21094	3.4	519	1.6	20.5	-18.9	0.0	-20.5	0.0	
0.21484	3.2	520	1.4	20.5	-19.1	0.0	-20.5	0.0	
0.21875	3.1	520	1.3	20.5	-19.2	0.0	-20.5	0.0	
0.22266	2.9	520	1.1	20.4	-19.3	0.0	-20.4	0.0	
0.22656	3.1	520	1.0	20.3	-19.3	0.0	-20.3	0.0	
0.23047	3.2	520	0.9	20.2	-19.3	0.0	-20.2	0.0	
0.23438	3.1	521	0.7	20.2	-19.5	0.0	-20.2	0.0	
0.23828	3.0	521	0.6	20.2	-19.6	0.0	-20.2	0.0	
0.24219	2.9	521	0.5	20.1	-19.6	0.0	-20.1	0.0	
0.24609	3.0	521	0.3	20.1	-19.8	0.0	-20.1	0.0	
0.25000	3.1	521	0.2	20.1	-19.9	0.0	-20.1	0.0	
0.25391	3.0	522	0.1	20.0	-19.9	0.0	-20.0	0.0	
0.25781	2.9	522	-0.0	20.0	-20.0	0.0	-20.0	0.0	
0.26172	3.0	522	-0.1	20.0	-20.1	0.0	-20.0	0.0	
0.26562	2.8	522	-0.2	19.9	-20.1	0.0	-19.9	0.0	
0.26953	2.7	522	-0.4	19.9	-20.3	0.0	-19.9	0.0	
0.27344	2.7	523	-0.6	19.7	-20.3	0.0	-19.7	0.0	
0.27734	2.9	523	-0.7	19.7	-20.4	0.0	-19.7	0.0	
0.28125	3.0	523	-0.8	19.6	-20.4	0.0	-19.6	0.0	
0.28516	2.9	523	-0.9	19.6	-20.5	0.0	-19.6	0.0	
0.28906	2.9	523	-1.0	19.5	-20.5	0.0	-19.5	0.0	
0.29297	3.3	524	-1.2	19.4	-20.6	0.0	-19.4	0.0	
0.29688	3.8	524	-1.4	19.3	-20.7	0.0	-19.3	0.0	
0.30078	4.2	524	-1.6	19.2	-20.8	0.0	-19.2	0.0	
0.30469	4.7	524	-1.9	19.1	-21.0	0.0	-19.1	0.0	
0.30859	5.1	525	-2.1	19.0	-21.1	0.0	-19.0	0.0	
0.31250	5.2	525	-2.3	18.8	-21.1	0.0	-18.8	0.0	
0.31641	5.4	525	-2.4	18.7	-21.1	0.0	-18.7	0.0	
0.32031	5.4	526	-2.6	18.5	-21.1	0.0	-18.5	0.0	
0.32422	5.1	526	-2.8	18.4	-21.2	0.0	-18.4	0.0	
0.32812	4.7	526	-3.0	18.2	-21.2	0.0	-18.2	0.0	
0.33203	4.4	527	-3.1	18.0	-21.1	0.0	-18.0	0.0	
0.33594	3.9	527	-3.3	17.9	-21.2	0.0	-17.9	0.0	
0.33984	3.8	527	-3.5	17.8	-21.3	0.0	-17.8	0.0	
0.34375	3.8	527	-3.7	17.6	-21.3	0.0	-17.6	0.0	
0.34766	3.4	528	-3.7	17.5	-21.2	0.0	-17.5	0.0	
0.35156	3.0	528	-3.8	17.4	-21.2	0.0	-17.4	0.0	
0.35547	2.9	528	-4.0	17.2	-21.2	0.0	-17.2	0.0	
0.35938	2.7	528	-4.1	17.1	-21.2	0.0	-17.1	0.0	
0.36328	2.7	528	-4.2	17.0	-21.2	0.0	-17.0	0.0	
0.36719	2.8	529	-4.3	16.9	-21.2	0.0	-16.9	0.0	
0.37109	2.8	529	-4.5	16.7	-21.2	0.0	-16.7	0.0	
0.37500	2.9	529	-4.6	16.6	-21.2	0.0	-16.6	0.0	
0.37891	2.8	529	-4.8	16.5	-21.3	0.0	-16.5	0.0	
0.38281	2.8	529	-4.9	16.4	-21.3	0.0	-16.4	0.0	
0.38672	3.0	530	-5.0	16.3	-21.3	0.0	-16.3	0.0	
0.39062	3.2	530	-5.2	16.2	-21.4	0.0	-16.2	0.0	
0.39453	3.4	530	-5.2	16.0	-21.2	0.0	-16.0	0.0	
0.39844	3.3	530	-5.4	16.0	-21.4	0.0	-16.0	0.0	
0.40234	3.1	530	-5.5	15.9	-21.4	0.0	-15.9	0.0	
0.40625	2.7	531	-5.6	15.8	-21.4	0.0	-15.8	0.0	
0.41016	2.5	531	-5.7	15.6	-21.3	0.0	-15.6	0.0	
0.41406	2.6	531	-5.8	15.5	-21.3	0.0	-15.5	0.0	
0.41797	2.6	531	-5.9	15.4	-21.3	0.0	-15.4	0.0	
0.42188	2.5	531	-6.1	15.4	-21.5	0.0	-15.4	0.0	
0.42578	2.5	531	-6.2	15.3	-21.5	0.0	-15.3	0.0	
0.42969	2.4	532	-6.3	15.2	-21.5	0.0	-15.2	0.0	
0.43359	2.2	532	-6.4	15.1	-21.5	0.0	-15.1	0.0	
0.43750	2.0	532	-6.5	15.0	-21.5	0.0	-15.0	0.0	
0.44141	2.1	532	-6.5	15.0	-21.5	0.0	-15.0	0.0	
0.44531	2.2	532	-6.7	14.9	-21.6	0.0	-14.9	0.0	
0.44922	2.1	532	-6.7	14.9	-21.6	0.0	-14.9	0.0	
0.45312	1.9	532	-6.9	14.8	-21.7	0.0	-14.8	0.0	
0.45703	1.9	532	-6.9	14.8	-21.7	0.0	-14.8	0.0	
0.46094	1.8	533	-7.0	14.8	-21.8	0.0	-14.8	0.0	
0.46484	1.8	533	-7.1	14.7	-21.8	0.0	-14.7	0.0	
0.46875	1.9	533	-7.2	14.7	-21.9	0.0	-14.7	0.0	
0.47266	1.9	533	-7.2	14.6	-21.8	0.0	-14.6	0.0	
0.47656	1.8	533	-7.3	14.7	-22.0	0.0	-14.7	0.0	
0.48047	1.7	533	-7.4	14.6	-22.0	0.0	-14.6	0.0	
0.48438	1.9	533	-7.5	14.5	-22.0	0.0	-14.5	0.0	
0.48828	1.8	533	-7.6	14.6	-22.2	0.0	-14.6	0.0	
0.49219	1.7	534	-7.7	14.6	-22.3	0.0	-14.6	0.0	
0.49609	1.9	534	-7.7	14.5	-22.2	0.0	-14.5	0.0	
0.50000	1.9	534	-7.8	14.6	-22.4	0.0	-14.6	0.0	
0.50391	1.6	534	-7.9	14.6	-22.5	0.0	-14.6	0.0	
0.50781	1.5	534	-8.0	14.6	-22.6	0.0	-14.6	0.0	
0.51172	1.5	534	-8.0	14.6	-22.6	0.0	-14.6	0.0	
0.51562	1.4	534	-8.0	14.6	-22.6	0.0	-14.6	0.0	
0.51953	1.4	534	-8.2	14.6	-22.8	0.0	-14.6	0.0	
0.52344	1.4	534	-8.3	14.6	-22.9	0.0	-14.6	0.0	
0.52734	1.4	534	-8.3	14.6	-22.9	0.0	-14.6	0.0	
0.53125	1.6	535	-8.4	14.6	-23.0	0.0	-14.6	0.0	
0.53516	1.7	535	-8.4	14.6	-23.0	0.0	-14.6	0.0	
0.53906	1.7	535	-8.6	14.6	-23.2	0.0	-14.6	0.0	
0.54297	1.9	535	-8.7	14.6	-23.3	0.0	-14.6	0.0	
0.54688	2.0	535	-8.7	14.6	-23.3	0.0	-14.6	0.0	
0.55078	2.1	535	-8.8	14.6	-23.4	0.0	-14.6	0.0	
0.55469	2.0	535	-8.9	14.6	-23.5	0.0	-14.6	0.0	
0.55859	1.7	535	-9.0	14.6	-23.6	0.0	-14.6	0.0	
0.56250	1.7	535	-9.0	14.6	-23.6	0.0	-14.6	0.0	
0.56641	1.6	536	-9.1	14.6	-23.7	0.0	-14.6	0.0	
0.57031	1.5	536	-9.2	14.6	-23.8	0.0	-14.6	0.0	
0.57422	1.6	536	-9.3	14.6	-23.9	0.0	-14.6	0.0	
0.57812	1.6	536	-9.4	14.6	-24.0	0.0	-14.6	0.0	
0.58203	1.6	536	-9.5	14.6	-24.1	0.0	-14.6	0.0	
0.58594	1.5	536	-9.5	14.6	-24.1	0.0	-14.6	0.0	
0.58984	1.3	536	-9.6	14.6	-24.2	0.0	-14.6	0.0	
0.59375	1.4	536	-9.7	14.5	-24.2	0.0	-14.5	0.0	
0.59766	1.5	536	-9.7	14.5	-24.2	0.0	-14.5	0.0	
0.60156	1.4	536	-9.8	14.6	-24.4	0.0	-14.6	0.0	
0.60547	1.3	537	-9.9	14.5	-24.4	0.0	-14.5	0.0	
0.60938	1.3	537	-9.9	14.5	-24.4	0.0	-14.5	0.0	
0.61328	1.4	537	-9.9	14.5	-24.4	0.0	-14.5	0.0	
0.61719	1.3	537	-10.1	14.5	-24.6	0.0	-14.5	0.0	
0.62109	1.2	537	-10.1	14.5	-24.6	0.0	-14.5	0.0	
0.62500	1.2	537	-10.1	14.5	-24.6	0.0	-14.5	0.0	
0.62891	1.3	537	-10.2	14.5	-24.7	0.0	-14.5	0.0	
0.63281	1.3	537	-10.3	14.5	-24.8	0.0	-14.5	0.0	
0.63672	1.0	537	-10.3	14.5	-24.8	0.0	-14.5	0.0	
0.64062	1.0	537	-10.4	14.5	-24.9	0.0	-14.5	0.0	
0.64453	1.0	537	-10.5	14.6	-25.1	0.0	-14.6	0.0	
0.64844	0.9	537	-10.5	14.6	-25.1	0.0	-14.6	0.0	
0.65234	1.0	537	-10.6	14.6	-25.2	0.0	-14.6	0.0	
0.65625	1.0	538	-10.7	14.6	-25.3	0.0	-14.6	0.0	
0.66016	1.1	538	-10.7	14.7	-25.4	0.0	-14.7	0.0	
0.66406	1.2	538	-10.7	14.7	-25.4	0.0	-14.7	0.0	
0.66797	1.2	538	-10.8	14.7	-25.5	0.0	-14.7	0.0	
0.67188	1.3	538	-10.9	14.7	-25.6	0.0	-14.7	0.0	
0.67578	1.4	538	-11.0	14.7	-25.7	0.0	-14.7	0.0	
0.67969	1.2	538	-11.0	14.8	-25.8	0.0	-14.8	0.0	
0.68359	1.4	538	-11.1	14.8	-25.9	0.0	-14.8	0.0	
0.68750	1.5	538	-11.2	14.8	-26.0	0.0	-14.8	0.0	
0.69141	1.4	538	-11.2	14.9	-26.1	0.0	-14.9	0.0	
0.69531	1.4	538	-11.3	14.9	-26.2	0.0	-14.9	0.0	
0.69922	1.4	538	-11.4	14.9	-26.3	0.0	-14.9	0.0	
0.70312	1.4	539	-11.5	15.0	-26.5	0.0	-15.0	0.0	
0.70703	1.4	539	-11.6	15.1	-26.7	0.0	-15.1	0.0	
0.71094	1.4	539	-11.6	15.1	-26.7	0.0	-15.1	0.0	
0.71484	1.5	539	-11.7	15.1	-26.8	0.0	-15.1	0.0	
0.71875	1.5	539	-11.8	15.1	-26.9	0.0	-15.1	0.0	
0.72266	1.5	539	-11.9	15.2	-27.1	0.0	-15.2	0.0	
0.72656	1.4	539	-11.9	15.2	-27.1	0.0	-15.2	0.0	
0.73047	1.5	539	-12.0	15.3	-27.3	0.0	-15.3	0.0	
0.73438	1.4	539	-12.1	15.4	-27.5	0.0	-15.4	0.0	
0.73828	1.2	539	-12.2	15.4	-27.6	0.0	-15.4	0.0	
0.74219	1.2	539	-12.2	15.4	-27.6	0.0	-15.4	0.0	
0.74609	1.2	540	-12.2	15.4	-27.6	0.0	-15.4	0.0	
0.75000	1.1	540	-12.2	15.5	-27.7	0.0	-15.5	0.0	
0.75391	0.9	540	-12.3	15.5	-27.8	0.0	-15.5	0.0	
0.75781	0.8	540	-12.4	15.5	-27.9	0.0	-15.5	0.0	
0.76172	0.7	540	-12.4	15.5	-27.9	0.0	-15.5	0.0	
0.76562	0.6	540	-12.4	15.5	-27.9	0.0	-15.5	0.0	
0.76953	0.4	540	-12.5	15.5	-28.0	0.0	-15.5	0.0	
0.77344	0.4	540	-12.5	15.5	-28.0	0.0	-15.5	0.0	
0.77734	0.4	540	-12.5	15.5	-28.0	0.0	-15.5	0.0	
0.78125	0.3	540	-12.5	15.5	-28.0	0.0	-15.5	0.0	
0.78516	0.3	540	-12.5	15.5	-28.0	0.0	-15.5	0.0	
0.78906	0.2	540	-12.6	15.5	-28.1	0.0	-15.5	0.0	
0.79297	-0.0	540	-12.6	15.5	-28.1	0.0	-15.5	0.0	
0.79688	-0.1	540	-12.5	15.5	-28.0	0.0	-15.5	0.0	
0.80078	-0.0	540	-12.5	15.6	-28.1	0.0	-15.6	0.0	
0.80469	-0.1	540	-12.5	15.6	-28.1	0.0	-15.6	0.0	
0.80859	-0.1	540	-12.5	15.6	-28.1	0.0	-15.6	0.0	
0.81250	0.0	540	-12.4	15.6	-28.0	0.0	-15.6	0.0	
0.81641	-0.1	540	-12.4	15.6	-28.0	0.0	-15.6	0.0	
0.82031	-0.2	540	-12.4	15.7	-28.1	0.0	-15.7	0.0	
0.82422	-0.1	540	-12.3	15.7	-28.0	0.0	-15.7	0.0	
0.82812	-0.4	540	-12.2	15.7	-27.9	0.0	-15.7	0.0	
0.83203	-0.6	540	-12.2	15.7	-27.9	0.0	-15.7	0.0	
0.83594	-0.7	540	-12.1	15.8	-27.9	0.0	-15.8	0.0	
0.83984	-1.0	540	-12.0	15.7	-27.7	0.0	-15.7	0.0	
0.84375	-1.2	540	-11.9	15.7	-27.6	0.0	-15.7	0.0	
0.84766	-1.5	540	-11.7	15.7	-27.4	0.0	-15.7	0.0	
0.85156	-1.9	539	-11.6	15.7	-27.3	0.0	-15.7	0.0	
0.85547	-2.1	539	-11.5	15.7	-27.2	0.0	-15.7	0.0	
0.85938	-2.2	539	-11.4	15.7	-27.1	0.0	-15.7	0.0	
0.86328	-2.2	539	-11.3	15.7	-27.0	0.0	-15.7	0.0	
0.86719	-2.0	539	-11.2	15.7	-26.9	0.0	-15.7	0.0	
0.87109	-2.0	539	-11.0	15.6	-26.6	0.0	-15.6	0.0	
0.87500	-2.1	539	-10.9	15.6	-26.5	0.0	-15.6	0.0	
0.87891	-2.1	538	-10.7	15.5	-26.2	0.0	-15.5	0.0	
0.88281	-2.4	538	-10.5	15.5	-26.0	0.0	-15.5	0.0	
0.88672	-3.0	538	-10.4	15.4	-25.8	0.0	-15.4	0.0	
0.89062	-3.7	538	-10.2	15.3	-25.5	0.0	-15.3	0.0	
0.89453	-4.1	538	-10.0	15.3	-25.3	0.0	-15.3	0.0	
0.89844	-4.3	537	-9.7	15.3	-25.0	0.0	-15.3	0.0	
0.90234	-5.3	537	-9.6	15.2	-24.8	0.0	-15.2	0.0	
0.90625	-6.3	537	-9.3	15.1	-24.4	0.0	-15.1	0.0	
0.91016	-6.5	536	-9.0	15.1	-24.1	0.0	-15.1	0.0	
0.91406	-6.6	536	-8.8	15.0	-23.8	0.0	-15.0	0.0	
0.91797	-6.8	535	-8.5	15.0	-23.5	0.0	-15.0	0.0	
0.92188	-7.0	535	-8.2	15.0	-23.2	0.0	-15.0	0.0	
0.92578	-7.1	534	-8.0	14.9	-22.9	0.0	-14.9	0.0	
0.92969	-7.3	534	-7.6	14.9	-22.5	0.0	-14.9	0.0	
0.93359	-7.7	533	-7.3	14.9	-22.2	0.0	-14.9	0.0	
0.93750	-7.8	533	-7.1	14.9	-22.0	0.0	-14.9	0.0	
0.94141	-7.7	532	-6.7	14.9	-21.6	0.0	-14.9	0.0	
0.94531	-7.6	532	-6.5	14.9	-21.4	0.0	-14.9	0.0	
0.94922	-7.7	531	-6.2	14.9	-21.1	0.0	-14.9	0.0	
0.95312	-7.8	531	-6.0	14.9	-20.9	0.0	-14.9	0.0	
0.95703	-8.0	530	-5.7	14.9	-20.6	0.0	-14.9	0.0	
0.96094	-8.0	530	-5.4	14.9	-20.3	0.0	-14.9	0.0	
0.96484	-7.9	529	-5.1	14.9	-20.0	0.0	-14.9	0.0	
0.96875	-8.3	529	-4.8	15.0	-19.8	0.0	-15.0	0.0	
0.97266	-8.7	528	-4.5	15.0	-19.5	0.0	-15.0	0.0	
0.97656	-8.5	528	-4.2	15.0	-19.2	0.0	-15.0	0.0	
0.98047	-8.4	527	-3.9	15.1	-19.0	0.0	-15.1	0.0	
0.98438	-8.0	527	-3.6	15.1	-18.7	0.0	-15.1	0.0	
0.98828	-6.9	526	-3.4	15.1	-18.5	0.0	-15.1	0.0	
0.99219	-7.1	526	-3.0	15.2	-18.2	0.0	-15.2	0.0	
0.99609	-7.9	525	-2.7	15.3	-18.0	0.0	-15.3	0.0	
1.00000	-7.8	525	-2.4	15.3	-17.7	0.0	-15.3	0.0	
1.00391	-8.1	524	-2.2	15.4	-17.6	0.0	-15.4	0.0	
1.00781	-8.5	524	-1.9	15.4	-17.3	0.0	-15.4	0.0	
1.01172	-8.1	523	-1.6	15.5	-17.1	0.0	-15.5	0.0	
1.01562	-7.5	523	-1.3	15.6	-16.9	0.0	-15.6	0.0	
1.01953	-7.7	522	-1.1	15.7	-16.8	0.0	-15.7	0.0	
1.02344	-7.9	522	-0.8	15.8	-16.6	0.0	-15.8	0.0	
1.02734	-7.1	521	-0.6	15.8	-16.4	0.0	-15.8	0.0	
1.03125	-6.9	521	-0.3	15.9	-16.2	0.0	-15.9	0.0	
1.03516	-6.9	520	-0.1	16.0	-16.1	0.0	-16.0	0.0	
1.03906	-6.7	520	0.2	16.1	-15.9	0.0	-16.1	0.0	
1.04297	-6.6	519	0.4	16.1	-15.7	0.0	-16.1	0.0	
1.04688	-6.0	519	0.7	16.2	-15.5	0.0	-16.2	0.0	
1.05078	-5.9	519	0.9	16.3	-15.4	0.0	-16.3	0.0	
1.05469	-6.9	518	1.1	16.4	-15.3	0.0	-16.4	0.0	
1.05859	-7.1	518	1.3	16.5	-15.2	0.0	-16.5	0.0	
1.06250	-6.7	517	1.5	16.6	-15.1	0.0	-16.6	0.0	
1.06641	-6.6	517	1.8	16.7	-14.9	0.0	-16.7	0.0	
1.07031	-5.9	516	2.0	16.8	-14.8	0.0	-16.8	0.0	
1.07422	-5.6	516	2.2	16.9	-14.7	0.0	-16.9	0.0	
1.07812	-6.2	516	2.4	17.0	-14.6	0.0	-17.0	0.0	
1.08203	-6.2	515	2.7	17.1	-14.4	0.0	-17.1	0.0	
1.08594	-5.5	515	2.8	17.2	-14.4	0.0	-17.2	0.0	
1.08984	-5.0	515	3.0	17.2	-14.2	0.0	-17.2	0.0	
1.09375	-4.5	514	3.2	17.3	-14.1	0.0	-17.3	0.0	
1.09766	-4.1	514	3.4	17.4	-14.0	0.0	-17.4	0.0	
1.10156	-4.4	514	3.5	17.5	-14.0	0.0	-17.5	0.0	
1.10547	-4.6	513	3.7	17.5	-13.8	0.0	-17.5	0.0	
1.10938	-4.2	513	3.9	17.6	-13.7	0.0	-17.6	0.0	
1.11328	-3.8	513	4.0	17.6	-13.6	0.0	-17.6	0.0	
1.11719	-4.0	513	4.2	17.7	-13.5	0.0	-17.7	0.0	
1.12109	-4.0	512	4.3	17.7	-13.4	0.0	-17.7	0.0	
1.12500	-3.7	512	4.5	17.7	-13.2	0.0	-17.7	0.0	
1.12891	-3.7	512	4.6	17.8	-13.2	0.0	-17.8	0.0	
1.13281	-3.7	512	4.7	17.8	-13.1	0.0	-17.8	0.0	
1.13672	-3.5	511	4.9	17.8	-12.9	0.0	-17.8	0.0	
1.14062	-3.5	511	5.0	17.9	-12.9	0.0	-17.9	0.0	
1.14453	-3.4	511	5.1	17.9	-12.8	0.0	-17.9	0.0	
1.14844	-3.1	511	5.3	18.0	-12.7	0.0	-18.0	0.0	
1.15234	-3.1	511	5.4	18.0	-12.6	0.0	-18.0	0.0	
1.15625	-3.4	510	5.5	18.0	-12.5	0.0	-18.0	0.0	
1.16016	-3.3	510	5.6	18.1	-12.5	0.0	-18.1	0.0	
1.16406	-3.0	510	5.7	18.1	-12.4	0.0	-18.1	0.0	
1.16797	-2.9	510	5.9	18.2	-12.3	0.0	-18.2	0.0	
1.17188	-2.7	510	6.0	18.2	-12.2	0.0	-18.2	0.0	
1.17578	-2.6	509	6.1	18.2	-12.1	0.0	-18.2	0.0	
1.17969	-2.7	509	6.2	18.3	-12.1	0.0	-18.3	0.0	
1.18359	-2.5	509	6.3	18.3	-12.0	0.0	-18.3	0.0	
1.18750	-2.3	509	6.3	18.3	-12.0	0.0	-18.3	0.0	
1.19141	-2.4	509	6.5	18.4	-11.9	0.0	-18.4	0.0	
1.19531	-2.4	509	6.6	18.4	-11.8	0.0	-18.4	0.0	
1.19922	-2.3	508	6.7	18.5	-11.8	0.0	-18.5	0.0	
1.20312	-2.5	508	6.8	18.5	-11.7	0.0	-18.5	0.0	
1.20703	-2.6	508	6.9	18.6	-11.7	0.0	-18.6	0.0	
1.21094	-2.4	508	7.0	18.6	-11.6	0.0	-18.6	0.0	
1.21484	-2.2	508	7.1	18.6	-11.5	0.0	-18.6	0.0	
1.21875	-2.1	508	7.2	18.6	-11.4	0.0	-18.6	0.0	
1.22266	-2.0	508	7.3	18.7	-11.4	0.0	-18.7	0.0	
1.22656	-2.0	507	7.4	18.7	-11.3	0.0	-18.7	0.0	
1.23047	-1.9	507	7.5	18.8	-11.3	0.0	-18.8	0.0	
1.23438	-1.8	507	7.5	18.8	-11.3	0.0	-18.8	0.0	
1.23828	-1.7	507	7.6	18.8	-11.2	0.0	-18.8	0.0	
1.24219	-1.4	507	7.7	18.9	-11.2	0.0	-18.9	0.0	
1.24609	-1.4	507	7.8	18.9	-11.1	0.0	-18.9	0.0	
1.25000	-1.5	507	7.9	18.9	-11.0	0.0	-18.9	0.0	
1.25391	-1.5	507	7.9	19.0	-11.1	0.0	-19.0	0.0	
1.25781	-1.4	507	8.0	19.0	-11.0	0.0	-19.0	0.0	
1.26172	-1.2	506	8.0	19.1	-11.1	0.0	-19.1	0.0	
1.26562	-1.0	506	8.1	19.1	-11.0	0.0	-19.1	0.0	
1.26953	-0.9	506	8.2	19.2	-11.0	0.0	-19.2	0.0	
1.27344	-0.9	506	8.2	19.3	-11.1	0.0	-19.3	0.0	
1.27734	-0.9	506	8.2	19.4	-11.2	0.0	-19.4	0.0	
1.28125	-1.0	506	8.3	19.4	-11.1	0.0	-19.4	0.0	
1.28516	-1.0	506	8.4	19.5	-11.1	0.0	-19.5	0.0	
1.28906	-0.9	506	8.4	19.6	-11.2	0.0	-19.6	0.0	
1.29297	-0.7	506	8.4	19.6	-11.2	0.0	-19.6	0.0	
1.29688	-0.7	506	8.5	19.7	-11.2	0.0	-19.7	0.0	
1.30078	-0.6	506	8.5	19.8	-11.3	0.0	-19.8	0.0	
1.30469	-0.7	506	8.6	19.8	-11.2	0.0	-19.8	0.0	
1.30859	-0.8	506	8.7	19.9	-11.2	0.0	-19.9	0.0	
1.31250	-0.7	506	8.7	19.9	-11.2	0.0	-19.9	0.0	
1.31641	-0.7	506	8.7	19.9	-11.2	0.0	-19.9	0.0	
1.32031	-0.8	506	8.8	20.0	-11.2	0.0	-20.0	0.0	
1.32422	-0.7	506	8.8	20.1	-11.3	0.0	-20.1	0.0	
1.32812	-0.7	506	8.9	20.1	-11.2	0.0	-20.1	0.0	
1.33203	-0.8	506	8.9	20.1	-11.2	0.0	-20.1	0.0	
1.33594	-0.8	505	8.9	20.2	-11.3	0.0	-20.2	0.0	
1.33984	-0.8	505	9.0	20.2	-11.2	0.0	-20.2	0.0	
1.34375	-0.8	505	9.0	20.2	-11.2	0.0	-20.2	0.0	
1.34766	-0.7	505	9.1	20.2	-11.1	0.0	-20.2	0.0	
1.35156	-0.5	505	9.1	20.2	-11.1	0.0	-20.2	0.0	
1.35547	-0.6	505	9.2	20.3	-11.1	0.0	-20.3	0.0	
1.35938	-0.6	505	9.2	20.3	-11.1	0.0	-20.3	0.0	
1.36328	-0.6	505	9.3	20.4	-11.1	0.0	-20.4	0.0	
1.36719	-0.6	505	9.3	20.4	-11.1	0.0	-20.4	0.0	
1.37109	-0.6	505	9.3	20.4	-11.1	0.0	-20.4	0.0	
1.37500	-0.4	505	9.4	20.5	-11.1	0.0	-20.5	0.0	
1.37891	-0.4	505	9.4	20.6	-11.2	0.0	-20.6	0.0	
1.38281	-0.5	505	9.4	20.6	-11.2	0.0	-20.6	0.0	
1.38672	-0.5	505	9.5	20.7	-11.2	0.0	-20.7	0.0	
1.39062	-0.5	505	9.5	20.7	-11.2	0.0	-20.7	0.0	
1.39453	-0.6	505	9.5	20.7	-11.2	0.0	-20.7	0.0	
1.39844	-0.4	505	9.6	20.7	-11.1	0.0	-20.7	0.0	
1.40234	-0.5	505	9.6	20.7	-11.1	0.0	-20.7	0.0	
1.40625	-0.7	505	9.7	20.8	-11.1	0.0	-20.8	0.0	
1.41016	-0.6	505	9.7	20.8	-11.1	0.0	-20.8	0.0	
1.41406	-0.6	505	9.7	20.8	-11.1	0.0	-20.8	0.0	
1.41797	-0.5	505	9.8	20.8	-11.0	0.0	-20.8	0.0	
1.42188	-0.4	505	9.8	20.8	-11.0	0.0	-20.8	0.0	
1.42578	-0.1	505	9.8	20.7	-10.9	0.0	-20.7	0.0	
1.42969	0.1	505	9.8	20.7	-10.9	0.0	-20.7	0.0	
1.43359	0.1	505	9.8	20.7	-10.9	0.0	-20.7	0.0	
1.43750	0.3	505	9.7	20.7	-11.0	0.0	-20.7	0.0	
1.44141	0.2	505	9.7	20.7	-11.0	0.0	-20.7	0.0	
1.44531	0.1	505	9.7	20.6	-10.9	0.0	-20.6	0.0	
1.44922	0.4	505	9.6	20.6	-11.0	0.0	-20.6	0.0	
1.45312	0.5	505	9.5	20.6	-11.1	0.0	-20.6	0.0	
1.45703	0.5	505	9.5	20.6	-11.1	0.0	-20.6	0.0	
1.46094	0.5	505	9.5	20.5	-11.0	0.0	-20.5	0.0	
1.46484	0.2	505	9.4	20.5	-11.1	0.0	-20.5	0.0	
1.46875	-0.0	505	9.4	20.5	-11.1	0.0	-20.5	0.0	
1.47266	-0.2	505	9.4	20.4	-11.0	0.0	-20.4	0.0	
1.47656	-0.4	505	9.4	20.3	-10.9	0.0	-20.3	0.0	
1.48047	-0.2	505	9.4	20.3	-10.9	0.0	-20.3	0.0	
1.48438	-0.1	505	9.4	20.3	-10.9	0.0	-20.3	0.0	
1.48828	-0.2	505	9.4	20.3	-10.9	0.0	-20.3	0.0	
1.49219	-0.4	505	9.4	20.2	-10.8	0.0	-20.2	0.0	
1.49609	-0.5	505	9.5	20.2	-10.7	0.0	-20.2	0.0	
1.50000	-0.7	505	9.5	20.1	-10.6	0.0	-20.1	0.0	
1.50391	-0.8	505	9.6	20.1	-10.5	0.0	-20.1	0.0	
1.50781	-0.9	505	9.6	20.1	-10.5	0.0	-20.1	0.0	
1.51172	-0.7	505	9.7	20.1	-10.4	0.0	-20.1	0.0	
1.51562	-0.5	505	9.7	20.0	-10.3	0.0	-20.0	0.0	
1.51953	-0.6	504	9.7	20.0	-10.3	0.0	-20.0	0.0	
1.52344	-0.5	504	9.8	20.0	-10.2	0.0	-20.0	0.0	
1.52734	-0.4	504	9.8	19.9	-10.1	0.0	-19.9	0.0	
1.53125	-0.3	504	9.9	19.9	-10.0	0.0	-19.9	0.0	
1.53516	-0.2	504	9.9	19.9	-10.0	0.0	-19.9	0.0	
1.53906	-0.2	504	9.9	19.9	-10.0	0.0	-19.9	0.0	
1.54297	-0.3	504	9.9	19.8	-9.9	0.0	-19.8	0.0	
1.54688	-0.1	504	9.9	19.8	-9.9	0.0	-19.8	0.0	
1.55078	-0.0	504	9.9	19.8	-9.9	0.0	-19.8	0.0	
1.55469	-0.1	504	10.0	19.8	-9.8	0.0	-19.8	0.0	
1.55859	-0.1	504	9.9	19.8	-9.9	0.0	-19.8	0.0	
1.56250	-0.1	504	9.9	19.8	-9.9	0.0	-19.8	0.0	
1.56641	-0.2	504	10.0	19.8	-9.8	0.0	-19.8	0.0	
1.57031	-0.1	504	9.9	19.8	-9.9	0.0	-19.8	0.0	
1.57422	-0.1	504	10.0	19.7	-9.7	0.0	-19.7	0.0	
1.57812	-0.2	504	10.0	19.8	-9.8	0.0	-19.8	0.0	
1.58203	-0.1	504	10.0	19.8	-9.8	0.0	-19.8	0.0	
1.58594	-0.1	504	10.0	19.7	-9.7	0.0	-19.7	0.0	
1.58984	-0.1	504	10.0	19.7	-9.7	0.0	-19.7	0.0	
1.59375	-0.3	504	10.1	19.8	-9.7	0.0	-19.8	0.0	
1.59766	-0.2	504	10.1	19.8	-9.7	0.0	-19.8	0.0	
1.60156	-0.3	504	10.1	19.8	-9.7	0.0	-19.8	0.0	
1.60547	-0.4	504	10.1	19.8	-9.7	0.0	-19.8	0.0	
1.60938	-0.3	504	10.2	19.8	-9.6	0.0	-19.8	0.0	
1.61328	-0.4	504	10.2	19.8	-9.6	0.0	-19.8	0.0	
1.61719	-0.5	504	10.2	19.8	-9.6	0.0	-19.8	0.0	
1.62109	-0.4	504	10.3	19.8	-9.5	0.0	-19.8	0.0	
1.62500	-0.5	504	10.3	19.9	-9.6	0.0	-19.9	0.0	
1.62891	-0.5	504	10.3	19.9	-9.6	0.0	-19.9	0.0	
1.63281	-0.4	504	10.4	19.9	-9.5	0.0	-19.9	0.0	
1.63672	-0.4	504	10.4	20.0	-9.6	0.0	-20.0	0.0	
1.64062	-0.6	504	10.5	20.0	-9.5	0.0	-20.0	0.0	
1.64453	-0.5	504	10.5	20.0	-9.5	0.0	-20.0	0.0	
1.64844	-0.5	504	10.6	20.0	-9.4	0.0	-20.0	0.0	
1.65234	-0.8	504	10.6	20.1	-9.5	0.0	-20.1	0.0	
1.65625	-0.9	504	10.7	20.1	-9.4	0.0	-20.1	0.0	
1.66016	-0.9	504	10.7	20.2	-9.5	0.0	-20.2	0.0	
1.66406	-0.9	504	10.8	20.2	-9.4	0.0	-20.2	0.0	
1.66797	-0.9	504	10.9	20.3	-9.4	0.0	-20.3	0.0	
1.67188	-0.9	504	10.9	20.3	-9.4	0.0	-20.3	0.0	
1.67578	-0.8	503	11.0	20.3	-9.3	0.0	-20.3	0.0	
1.67969	-0.7	503	11.1	20.4	-9.3	0.0	-20.4	0.0	
1.68359	-0.6	503	11.1	20.4	-9.3	0.0	-20.4	0.0	
1.68750	-0.6	503	11.2	20.4	-9.2	0.0	-20.4	0.0	
1.69141	-0.6	503	11.2	20.4	-9.2	0.0	-20.4	0.0	
1.69531	-0.3	503	11.2	20.4	-9.2	0.0	-20.4	0.0	
1.69922	-0.2	503	11.3	20.4	-9.1	0.0	-20.4	0.0	
1.70312	-0.3	503	11.3	20.4	-9.1	0.0	-20.4	0.0	
1.70703	-0.2	503	11.3	20.4	-9.1	0.0	-20.4	0.0	
1.71094	-0.1	503	11.3	20.4	-9.1	0.0	-20.4	0.0	
1.71484	-0.1	503	11.3	20.4	-9.1	0.0	-20.4	0.0	
1.71875	-0.2	503	11.4	20.4	-9.0	0.0	-20.4	0.0	
1.72266	-0.3	503	11.4	20.5	-9.1	0.0	-20.5	0.0	
1.72656	-0.2	503	11.3	20.5	-9.2	0.0	-20.5	0.0	
1.73047	-0.0	503	11.4	20.5	-9.1	0.0	-20.5	0.0	
1.73438	-0.2	503	11.4	20.5	-9.1	0.0	-20.5	0.0	
1.73828	-0.3	503	11.5	20.5	-9.0	0.0	-20.5	0.0	
1.74219	-0.4	503	11.5	20.5	-9.0	0.0	-20.5	0.0	
1.74609	-0.4	503	11.5	20.5	-9.0	0.0	-20.5	0.0	
1.75000	-0.3	503	11.5	20.5	-9.0	0.0	-20.5	0.0	
1.75391	-0.4	503	11.6	20.5	-8.9	0.0	-20.5	0.0	
1.75781	-0.4	503	11.6	20.6	-9.0	0.0	-20.6	0.0	
1.76172	-0.5	503	11.7	20.5	-8.8	0.0	-20.5	0.0	
1.76562	-0.6	503	11.8	20.6	-8.8	0.0	-20.6	0.0	
1.76953	-0.7	503	11.8	20.7	-8.9	0.0	-20.7	0.0	
1.77344	-0.8	503	11.8	20.7	-8.9	0.0	-20.7	0.0	
1.77734	-0.8	503	11.9	20.7	-8.8	0.0	-20.7	0.0	
1.78125	-0.6	503	11.9	20.7	-8.8	0.0	-20.7	0.0	
1.78516	-0.6	503	12.0	20.7	-8.7	0.0	-20.7	0.0	
1.78906	-0.7	503	12.0	20.8	-8.8	0.0	-20.8	0.0	
1.79297	-0.7	503	12.0	20.8	-8.8	0.0	-20.8	0.0	
1.79688	-0.7	503	12.1	20.8	-8.7	0.0	-20.8	0.0	
1.80078	-0.7	503	12.2	20.8	-8.6	0.0	-20.8	0.0	
1.80469	-0.7	502	12.2	20.9	-8.7	0.0	-20.9	0.0	
1.80859	-0.6	502	12.3	20.9	-8.6	0.0	-20.9	0.0	
1.81250	-0.5	502	12.3	21.0	-8.7	0.0	-21.0	0.0	
1.81641	-0.4	502	12.4	21.0	-8.6	0.0	-21.0	0.0	
1.82031	-0.5	502	12.4	21.0	-8.6	0.0	-21.0	0.0	
1.82422	-0.7	502	12.4	21.1	-8.7	0.0	-21.1	0.0	
1.82812	-0.6	502	12.5	21.1	-8.6	0.0	-21.1	0.0	
1.83203	-0.4	502	12.6	21.2	-8.6	0.0	-21.2	0.0	
1.83594	-0.5	502	12.6	21.2	-8.6	0.0	-21.2	0.0	
1.83984	-0.5	502	12.6	21.3	-8.7	0.0	-21.3	0.0	
1.84375	-0.5	502	12.7	21.4	-8.7	0.0	-21.4	0.0	
1.84766	-0.5	502	12.7	21.4	-8.7	0.0	-21.4	0.0	
1.85156	-0.5	502	12.7	21.5	-8.8	0.0	-21.5	0.0	
1.85547	-0.6	502	12.8	21.6	-8.8	0.0	-21.6	0.0	
1.85938	-0.7	502	12.9	21.6	-8.7	0.0	-21.6	0.0	
1.86328	-0.7	502	12.9	21.6	-8.7	0.0	-21.6	0.0	
1.86719	-0.7	502	13.0	21.7	-8.7	0.0	-21.7	0.0	
1.87109	-0.8	502	13.0	21.8	-8.8	0.0	-21.8	0.0	
1.87500	-0.8	502	13.1	21.8	-8.7	0.0	-21.8	0.0	
1.87891	-0.7	502	13.1	21.9	-8.8	0.0	-21.9	0.0	
1.88281	-0.7	502	13.2	22.0	-8.8	0.0	-22.0	0.0	
1.88672	-0.9	502	13.3	22.0	-8.7	0.0	-22.0	0.0	
1.89062	-0.9	502	13.3	22.1	-8.8	0.0	-22.1	0.0	
1.89453	-0.8	502	13.4	22.1	-8.7	0.0	-22.1	0.0	
1.89844	-0.9	501	13.4	22.1	-8.7	0.0	-22.1	0.0	
1.90234	-1.0	501	13.5	22.2	-8.7	0.0	-22.2	0.0	
1.90625	-1.0	501	13.5	22.3	-8.8	0.0	-22.3	0.0	
1.91016	-1.0	501	13.6	22.3	-8.7	0.0	-22.3	0.0	
1.91406	-1.0	501	13.7	22.3	-8.6	0.0	-22.3	0.0	
1.91797	-1.0	501	13.7	22.4	-8.7	0.0	-22.4	0.0	
1.92188	-0.9	501	13.8	22.4	-8.6	0.0	-22.4	0.0	
1.92578	-0.9	501	13.9	22.5	-8.6	0.0	-22.5	0.0	
1.92969	-1.0	501	14.0	22.5	-8.5	0.0	-22.5	0.0	
1.93359	-0.9	501	14.1	22.6	-8.5	0.0	-22.6	0.0	
1.93750	-0.9	501	14.1	22.6	-8.5	0.0	-22.6	0.0	
1.94141	-1.0	501	14.1	22.6	-8.5	0.0	-22.6	0.0	
1.94531	-0.9	501	14.2	22.7	-8.5	0.0	-22.7	0.0	
1.94922	-0.9	501	14.3	22.8	-8.5	0.0	-22.8	0.0	
1.95312	-0.9	501	14.3	22.8	-8.5	0.0	-22.8	0.0	
1.95703	-0.9	501	14.4	22.9	-8.5	0.0	-22.9	0.0	
1.96094	-0.9	501	14.5	22.9	-8.4	0.0	-22.9	0.0	
1.96484	-1.0	500	14.6	23.0	-8.4	0.0	-23.0	0.0	
1.96875	-1.1	500	14.6	23.1	-8.5	0.0	-23.1	0.0	
1.97266	-1.0	500	14.6	23.1	-8.5	0.0	-23.1	0.0	
1.97656	-0.9	500	14.7	23.1	-8.4	0.0	-23.1	0.0	
1.98047	-0.9	500	14.8	23.2	-8.4	0.0	-23.2	0.0	
1.98438	-1.0	500	14.9	23.2	-8.3	0.0	-23.2	0.0	
1.98828	-1.1	500	14.9	23.3	-8.4	0.0	-23.3	0.0	
1.99219	-1.0	500	15.0	23.2	-8.2	0.0	-23.2	0.0	
1.99609	-0.8	500	15.0	23.3	-8.3	0.0	-23.3	0.0	
2.00000	-0.5	500	15.0	23.3	-8.3	0.0	-23.3	0.0	
2.00391	-0.2	500	15.1	23.3	-8.2	0.0	-23.3	0.0	
2.00781	-0.0	500	15.0	23.3	-8.3	0.0	-23.3	0.0	
2.01172	0.2	500	15.0	23.4	-8.4	0.0	-23.4	0.0	
2.01562	0.4	500	14.9	23.3	-8.4	0.0	-23.3	0.0	
2.01953	0.4	500	14.9	23.3	-8.4	0.0	-23.3	0.0	
2.02344	0.3	500	14.9	23.3	-8.4	0.0	-23.3	0.0	
2.02734	0.5	500	14.8	23.3	-8.5	0.0	-23.3	0.0	
2.03125	0.9	500	14.7	23.2	-8.5	0.0	-23.2	0.0	
2.03516	0.9	500	14.7	23.2	-8.5	0.0	-23.2	0.0	
2.03906	0.5	500	14.6	23.2	-8.6	0.0	-23.2	0.0	
2.04297	0.2	500	14.6	23.2	-8.6	0.0	-23.2	0.0	
2.04688	0.0	500	14.6	23.2	-8.6	0.0	-23.2	0.0	
2.05078	-0.1	500	14.5	23.1	-8.6	0.0	-23.1	0.0	
2.05469	-0.3	500	14.6	23.0	-8.4	0.0	-23.0	0.0	
2.05859	-0.2	500	14.5	23.0	-8.5	0.0	-23.0	0.0	
2.06250	-0.1	500	14.5	23.0	-8.5	0.0	-23.0	0.0	
2.06641	-0.2	500	14.6	23.0	-8.4	0.0	-23.0	0.0	
2.07031	-0.3	500	14.6	22.9	-8.3	0.0	-22.9	0.0	
2.07422	-0.5	500	14.6	22.9	-8.3	0.0	-22.9	0.0	
2.07812	-0.7	500	14.7	22.9	-8.2	0.0	-22.9	0.0	
2.08203	-0.7	500	14.7	23.0	-8.3	0.0	-23.0	0.0	
2.08594	-0.7	500	14.7	22.9	-8.2	0.0	-22.9	0.0	
2.08984	-0.6	500	14.8	22.8	-8.0	0.0	-22.8	0.0	
2.09375	-0.5	500	14.9	22.9	-8.0	0.0	-22.9	0.0	
2.09766	-0.3	500	14.9	22.8	-7.9	0.0	-22.8	0.0	
2.10156	-0.2	500	14.9	22.8	-7.9	0.0	-22.8	0.0	
2.10547	-0.3	500	14.9	22.8	-7.9	0.0	-22.8	0.0	
2.10938	-0.1	500	14.9	22.8	-7.9	0.0	-22.8	0.0	
2.11328	-0.0	500	14.9	22.8	-7.9	0.0	-22.8	0.0	
2.11719	-0.1	500	15.0	22.7	-7.7	0.0	-22.7	0.0	
2.12109	-0.1	500	15.0	22.8	-7.8	0.0	-22.8	0.0	
2.12500	-0.1	500	15.0	22.8	-7.8	0.0	-22.8	0.0	
2.12891	-0.0	500	15.0	22.7	-7.7	0.0	-22.7	0.0	
2.13281	0.1	500	15.0	22.7	-7.7	0.0	-22.7	0.0	
2.13672	-0.0	500	15.0	22.8	-7.8	0.0	-22.8	0.0	
2.14062	-0.1	500	15.0	22.7	-7.7	0.0	-22.7	0.0	
2.14453	-0.0	500	15.0	22.7	-7.7	0.0	-22.7	0.0	
2.14844	-0.0	500	15.0	22.7	-7.7	0.0	-22.7	0.0	
2.15234	-0.0	500	15.0	22.7	-7.7	0.0	-22.7	0.0	
2.15625	-0.1	500	15.0	22.7	-7.7	0.0	-22.7	0.0	
2.16016	-0.1	500	15.0	22.7	-7.7	0.0	-22.7	0.0	
2.16406	-0.1	500	15.0	22.7	-7.7	0.0	-22.7	0.0	
2.16797	-0.1	500	15.0	22.7	-7.7	0.0	-22.7	0.0	
2.17188	-0.2	500	15.0	22.7	-7.7	0.0	-22.7	0.0	
2.17578	-0.2	500	15.0	22.7	-7.7	0.0	-22.7	0.0	
2.17969	-0.2	500	15.0	22.7	-7.7	0.0	-22.7	0.0	
2.18359	-0.0	500	15.1	22.7	-7.6	0.0	-22.7	0.0	
2.18750	-0.3	500	15.2	22.7	-7.5	0.0	-22.7	0.0	
2.19141	-0.4	500	15.2	22.7	-7.5	0.0	-22.7	0.0	
2.19531	-0.3	500	15.1	22.7	-7.6	0.0	-22.7	0.0	
2.19922	-0.3	500	15.2	22.7	-7.5	0.0	-22.7	0.0	
2.20312	-0.3	500	15.2	22.8	-7.6	0.0	-22.8	0.0	
2.20703	-0.2	500	15.3	22.8	-7.5	0.0	-22.8	0.0	
2.21094	-0.2	500	15.3	22.7	-7.4	0.0	-22.7	0.0	
2.21484	-0.3	500	15.3	22.8	-7.5	0.0	-22.8	0.0	
2.21875	-0.3	500	15.3	22.8	-7.5	0.0	-22.8	0.0	
2.22266	-0.3	500	15.3	22.9	-7.6	0.0	-22.9	0.0	
2.22656	-0.4	499	15.3	22.9	-7.6	0.0	-22.9	0.0	
2.23047	-0.4	499	15.4	22.9	-7.5	0.0	-22.9	0.0	
2.23438	-0.4	499	15.5	22.9	-7.4	0.0	-22.9	0.0	
2.23828	-0.6	499	15.5	23.0	-7.5	0.0	-23.0	0.0	
2.24219	-0.7	499	15.6	23.0	-7.4	0.0	-23.0	0.0	
2.24609	-0.6	499	15.6	23.1	-7.5	0.0	-23.1	0.0	
2.25000	-0.5	499	15.7	23.0	-7.3	0.0	-23.0	0.0	
2.25391	-0.5	499	15.7	23.0	-7.3	0.0	-23.0	0.0	
2.25781	-0.4	499	15.7	23.1	-7.4	0.0	-23.1	0.0	
2.26172	-0.4	499	15.7	23.1	-7.4	0.0	-23.1	0.0	
2.26562	-0.3	499	15.8	23.1	-7.3	0.0	-23.1	0.0	
2.26953	-0.2	499	15.8	23.1	-7.3	0.0	-23.1	0.0	
2.27344	-0.2	499	15.8	23.1	-7.3	0.0	-23.1	0.0	
2.27734	-0.1	499	15.8	23.1	-7.3	0.0	-23.1	0.0	
2.28125	0.0	499	15.9	23.1	-7.2	0.0	-23.1	0.0	
2.28516	-0.1	499	15.9	23.2	-7.3	0.0	-23.2	0.0	
2.28906	-0.1	499	15.8	23.1	-7.3	0.0	-23.1	0.0	
2.29297	-0.1	499	15.9	23.1	-7.2	0.0	-23.1	0.0	
2.29688	0.0	499	15.9	23.1	-7.2	0.0	-23.1	0.0	
2.30078	0.0	499	15.8	23.1	-7.3	0.0	-23.1	0.0	
2.30469	-0.2	499	15.8	23.1	-7.3	0.0	-23.1	0.0	
2.30859	-0.2	499	15.8	23.1	-7.3	0.0	-23.1	0.0	
2.31250	-0.2	499	15.9	23.2	-7.3	0.0	-23.2	0.0	
2.31641	-0.0	499	15.9	23.2	-7.3	0.0	-23.2	0.0	
2.32031	0.0	499	15.9	23.1	-7.2	0.0	-23.1	0.0	
2.32422	-0.1	499	15.9	23.1	-7.2	0.0	-23.1	0.0	
2.32812	-0.1	499	15.9	23.1	-7.2	0.0	-23.1	0.0	
2.33203	-0.1	499	15.9	23.1	-7.2	0.0	-23.1	0.0	
2.33594	-0.2	499	15.9	23.2	-7.3	0.0	-23.2	0.0	
2.33984	-0.2	499	15.9	23.2	-7.3	0.0	-23.2	0.0	
2.34375	-0.1	499	15.9	23.2	-7.3	0.0	-23.2	0.0	
2.34766	-0.2	499	15.9	23.3	-7.4	0.0	-23.3	0.0	
2.35156	-0.2	499	16.0	23.3	-7.3	0.0	-23.3	0.0	
2.35547	-0.2	499	16.0	23.3	-7.3	0.0	-23.3	0.0	
2.35938	-0.1	499	16.0	23.3	-7.3	0.0	-23.3	0.0	
2.36328	-0.1	499	16.1	23.3	-7.2	0.0	-23.3	0.0	
2.36719	-0.2	499	16.1	23.3	-7.2	0.0	-23.3	0.0	
2.37109	-0.1	499	16.1	23.4	-7.3	0.0	-23.4	0.0	
2.37500	-0.2	499	16.1	23.4	-7.3	0.0	-23.4	0.0	
2.37891	-0.1	499	16.1	23.4	-7.3	0.0	-23.4	0.0	
2.38281	-0.0	499	16.2	23.5	-7.3	0.0	-23.5	0.0	
2.38672	-0.1	499	16.2	23.5	-7.3	0.0	-23.5	0.0	
2.39062	-0.1	499	16.1	23.5	-7.4	0.0	-23.5	0.0	
2.39453	-0.1	499	16.2	23.6	-7.4	0.0	-23.6	0.0	
2.39844	-0.1	499	16.2	23.6	-7.4	0.0	-23.6	0.0	
2.40234	0.0	499	16.2	23.6	-7.4	0.0	-23.6	0.0	
2.40625	0.1	499	16.2	23.7	-7.5	0.0	-23.7	0.0	
2.41016	-0.1	499	16.2	23.8	-7.6	0.0	-23.8	0.0	
2.41406	0.0	499	16.2	23.8	-7.6	0.0	-23.8	0.0	
2.41797	0.0	499	16.2	23.8	-7.6	0.0	-23.8	0.0	
2.42188	-0.2	499	16.2	23.9	-7.7	0.0	-23.9	0.0	
2.42578	-0.1	499	16.1	23.9	-7.8	0.0	-23.9	0.0	
2.42969	0.1	499	16.2	23.9	-7.7	0.0	-23.9	0.0	
2.43359	-0.0	499	16.2	24.0	-7.8	0.0	-24.0	0.0	
2.43750	-0.1	499	16.2	24.0	-7.8	0.0	-24.0	0.0	
2.44141	-0.1	499	16.2	24.0	-7.8	0.0	-24.0	0.0	
2.44531	-0.1	499	16.2	24.1	-7.9	0.0	-24.1	0.0	
2.44922	-0.0	499	16.2	24.2	-8.0	0.0	-24.2	0.0	
2.45312	-0.1	499	16.2	24.2	-8.0	0.0	-24.2	0.0	
2.45703	-0.1	499	16.2	24.3	-8.1	0.0	-24.3	0.0	
2.46094	0.0	499	16.2	24.3	-8.1	0.0	-24.3	0.0	
2.46484	-0.1	499	16.3	24.4	-8.1	0.0	-24.4	0.0	
2.46875	-0.1	499	16.3	24.4	-8.1	0.0	-24.4	0.0	
2.47266	-0.1	499	16.3	24.4	-8.1	0.0	-24.4	0.0	
2.47656	-0.2	499	16.2	24.5	-8.3	0.0	-24.5	0.0	
2.48047	-0.1	499	16.3	24.5	-8.2	0.0	-24.5	0.0	
2.48438	-0.1	499	16.3	24.5	-8.2	0.0	-24.5	0.0	
2.48828	-0.2	499	16.3	24.5	-8.2	0.0	-24.5	0.0	
2.49219	-0.2	499	16.3	24.5	-8.2	0.0	-24.5	0.0	
2.49609	-0.1	499	16.4	24.6	-8.2	0.0	-24.6	0.0	
2.50000	-0.1	499	16.3	24.6	-8.3	0.0	-24.6	0.0	
2.50391	-0.1	499	16.3	24.5	-8.2	0.0	-24.5	0.0	
2.50781	-0.1	499	16.4	24.6	-8.2	0.0	-24.6	0.0	
2.51172	-0.2	499	16.3	24.6	-8.3	0.0	-24.6	0.0	
2.51562	-0.1	499	16.3	24.6	-8.3	0.0	-24.6	0.0	
2.51953	-0.1	499	16.4	24.7	-8.3	0.0	-24.7	0.0	
2.52344	-0.1	499	16.4	24.7	-8.3	0.0	-24.7	0.0	
2.52734	-0.1	499	16.3	24.7	-8.4	0.0	-24.7	0.0	
2.53125	-0.1	499	16.3	24.7	-8.4	0.0	-24.7	0.0	
2.53516	-0.1	499	16.4	24.8	-8.4	0.0	-24.8	0.0	
2.53906	-0.2	499	16.4	24.9	-8.5	0.0	-24.9	0.0	
2.54297	-0.1	499	16.4	24.9	-8.5	0.0	-24.9	0.0	
2.54688	-0.0	499	16.4	24.9	-8.5	0.0	-24.9	0.0	
2.55078	-0.0	499	16.5	24.9	-8.4	0.0	-24.9	0.0	
2.55469	-0.1	499	16.4	24.9	-8.5	0.0	-24.9	0.0	
2.55859	-0.3	499	16.4	24.9	-8.5	0.0	-24.9	0.0	
2.56250	-0.3	499	16.5	25.0	-8.5	0.0	-25.0	0.0	
2.56641	-0.3	499	16.5	25.0	-8.5	0.0	-25.0	0.0	
2.57031	-0.3	499	16.5	25.0	-8.5	0.0	-25.0	0.0	
2.57422	-0.2	499	16.5	24.9	-8.4	0.0	-24.9	0.0	
2.57812	-0.1	499	16.5	24.9	-8.4	0.0	-24.9	0.0	
2.58203	0.1	499	16.5	24.9	-8.4	0.0	-24.9	0.0	
2.58594	0.3	499	16.4	24.9	-8.5	0.0	-24.9	0.0	
2.58984	0.3	499	16.3	24.9	-8.6	0.0	-24.9	0.0	
2.59375	0.5	499	16.3	24.9	-8.6	0.0	-24.9	0.0	
2.59766	1.1	499	16.2	24.8	-8.6	0.0	-24.8	0.0	
2.60156	1.6	499	16.1	24.8	-8.7	0.0	-24.8	0.0	
2.60547	2.0	499	16.0	24.8	-8.8	0.0	-24.8	0.0	
2.60938	2.3	499	15.9	24.7	-8.8	0.0	-24.7	0.0	
2.61328	2.1	499	15.8	24.6	-8.8	0.0	-24.6	0.0	
2.61719	1.4	499	15.8	24.6	-8.8	0.0	-24.6	0.0	
2.62109	0.8	499	15.7	24.6	-8.9	0.0	-24.6	0.0	
2.62500	0.2	499	15.6	24.5	-8.9	0.0	-24.5	0.0	
2.62891	-0.1	499	15.6	24.4	-8.8	0.0	-24.4	0.0	
2.63281	0.1	499	15.6	24.4	-8.8	0.0	-24.4	0.0	
2.63672	0.1	499	15.5	24.4	-8.9	0.0	-24.4	0.0	
2.64062	-0.2	499	15.5	24.3	-8.8	0.0	-24.3	0.0	
2.64453	-0.1	499	15.6	24.3	-8.7	0.0	-24.3	0.0	
2.64844	-0.1	499	15.6	24.2	-8.6	0.0	-24.2	0.0	
2.65234	-0.2	499	15.6	24.2	-8.6	0.0	-24.2	0.0	
2.65625	-0.3	499	15.6	24.1	-8.5	0.0	-24.1	0.0	
2.66016	-0.3	499	15.6	24.1	-8.5	0.0	-24.1	0.0	
2.66406	-0.1	499	15.6	24.1	-8.5	0.0	-24.1	0.0	
2.66797	-0.0	499	15.6	24.0	-8.4	0.0	-24.0	0.0	
2.67188	-0.2	499	15.6	24.0	-8.4	0.0	-24.0	0.0	
2.67578	-0.0	499	15.6	24.0	-8.4	0.0	-24.0	0.0	
2.67969	0.2	499	15.7	23.9	-8.2	0.0	-23.9	0.0	
2.68359	0.2	499	15.7	23.8	-8.1	0.0	-23.8	0.0	
2.68750	0.1	499	15.7	23.9	-8.2	0.0	-23.9	0.0	
2.69141	0.1	499	15.6	23.8	-8.2	0.0	-23.8	0.0	
2.69531	0.1	499	15.6	23.7	-8.1	0.0	-23.7	0.0	
2.69922	0.1	499	15.6	23.7	-8.1	0.0	-23.7	0.0	
2.70312	0.1	499	15.6	23.7	-8.1	0.0	-23.7	0.0	
2.70703	0.1	499	15.5	23.7	-8.2	0.0	-23.7	0.0	
2.71094	0.2	499	15.5	23.7	-8.2	0.0	-23.7	0.0	
2.71484	0.1	499	15.5	23.6	-8.1	0.0	-23.6	0.0	
2.71875	0.1	499	15.5	23.6	-8.1	0.0	-23.6	0.0	
2.72266	0.0	499	15.4	23.6	-8.2	0.0	-23.6	0.0	
2.72656	-0.0	499	15.4	23.6	-8.2	0.0	-23.6	0.0	
2.73047	-0.0	499	15.4	23.6	-8.2	0.0	-23.6	0.0	
2.73438	-0.0	499	15.5	23.5	-8.0	0.0	-23.5	0.0	
2.73828	-0.1	499	15.4	23.5	-8.1	0.0	-23.5	0.0	
2.74219	-0.1	499	15.4	23.5	-8.1	0.0	-23.5	0.0	
2.74609	-0.1	499	15.4	23.5	-8.1	0.0	-23.5	0.0	
2.75000	-0.1	499	15.4	23.5	-8.1	0.0	-23.5	0.0	
2.75391	-0.2	499	15.4	23.4	-8.0	0.0	-23.4	0.0	
2.75781	-0.3	499	15.4	23.5	-8.1	0.0	-23.5	0.0	
2.76172	-0.2	499	15.5	23.4	-7.9	0.0	-23.4	0.0	
2.76562	-0.1	499	15.5	23.4	-7.9	0.0	-23.4	0.0	
2.76953	-0.2	499	15.5	23.5	-8.0	0.0	-23.5	0.0	
2.77344	-0.3	499	15.6	23.4	-7.8	0.0	-23.4	0.0	
2.77734	-0.3	499	15.6	23.4	-7.8	0.0	-23.4	0.0	
2.78125	-0.2	499	15.7	23.4	-7.7	0.0	-23.4	0.0	
2.78516	-0.3	499	15.7	23.4	-7.7	0.0	-23.4	0.0	
2.78906	-0.4	499	15.7	23.4	-7.7	0.0	-23.4	0.0	
2.79297	-0.3	499	15.8	23.5	-7.7	0.0	-23.5	0.0	
2.79688	-0.3	499	15.8	23.5	-7.7	0.0	-23.5	0.0	
2.80078	-0.3	499	15.8	23.5	-7.7	0.0	-23.5	0.0	
2.80469	-0.5	499	15.9	23.5	-7.6	0.0	-23.5	0.0	
2.80859	-0.7	499	15.9	23.6	-7.7	0.0	-23.6	0.0	
2.81250	-0.8	499	16.0	23.6	-7.6	0.0	-23.6	0.0	
2.81641	-0.9	499	16.1	23.6	-7.5	0.0	-23.6	0.0	
2.82031	-1.0	499	16.2	23.7	-7.5	0.0	-23.7	0.0	
2.82422	-0.9	499	16.2	23.7	-7.5	0.0	-23.7	0.0	
2.82812	-0.8	499	16.3	23.7	-7.4	0.0	-23.7	0.0	
2.83203	-0.7	499	16.3	23.7	-7.4	0.0	-23.7	0.0	
2.83594	-0.6	499	16.4	23.7	-7.3	0.0	-23.7	0.0	
2.83984	-0.5	499	16.5	23.8	-7.3	0.0	-23.8	0.0	
2.84375	-0.4	499	16.5	23.7	-7.2	0.0	-23.7	0.0	
2.84766	-0.2	499	16.5	23.8	-7.3	0.0	-23.8	0.0	
2.85156	-0.1	499	16.6	23.8	-7.2	0.0	-23.8	0.0	
2.85547	-0.1	499	16.6	23.8	-7.2	0.0	-23.8	0.0	
2.85938	-0.1	499	16.6	23.8	-7.2	0.0	-23.8	0.0	
2.86328	-0.1	499	16.6	23.8	-7.2	0.0	-23.8	0.0	
2.86719	-0.1	499	16.6	23.8	-7.2	0.0	-23.8	0.0	
2.87109	-0.1	499	16.6	23.8	-7.2	0.0	-23.8	0.0	
2.87500	-0.1	499	16.6	23.8	-7.2	0.0	-23.8	0.0	
2.87891	-0.1	499	16.7	23.8	-7.1	0.0	-23.8	0.0	
2.88281	0.0	499	16.6	23.8	-7.2	0.0	-23.8	0.0	
2.88672	-0.1	499	16.6	23.8	-7.2	0.0	-23.8	0.0	
2.89062	-0.2	499	16.6	23.8	-7.2	0.0	-23.8	0.0	
2.89453	-0.1	499	16.6	23.8	-7.2	0.0	-23.8	0.0	
2.89844	-0.1	499	16.7	23.8	-7.1	0.0	-23.8	0.0	
2.90234	-0.1	499	16.7	23.8	-7.1	0.0	-23.8	0.0	
2.90625	-0.1	499	16.7	23.9	-7.2	0.0	-23.9	0.0	
2.91016	-0.2	499	16.7	23.9	-7.2	0.0	-23.9	0.0	
2.91406	-0.1	499	16.7	23.9	-7.2	0.0	-23.9	0.0	
2.91797	-0.1	499	16.8	23.9	-7.1	0.0	-23.9	0.0	
2.92188	-0.3	499	16.8	23.9	-7.1	0.0	-23.9	0.0	
2.92578	-0.3	498	16.8	24.0	-7.2	0.0	-24.0	0.0	
2.92969	-0.2	498	16.8	24.1	-7.3	0.0	-24.1	0.0	
2.93359	-0.2	498	16.8	24.0	-7.2	0.0	-24.0	0.0	
2.93750	-0.3	498	16.9	24.0	-7.1	0.0	-24.0	0.0	
2.94141	-0.3	498	16.9	24.0	-7.1	0.0	-24.0	0.0	
2.94531	-0.2	498	16.9	24.0	-7.1	0.0	-24.0	0.0	
2.94922	-0.1	498	17.0	24.1	-7.1	0.0	-24.1	0.0	
2.95312	-0.1	498	17.0	24.2	-7.2	0.0	-24.2	0.0	
2.95703	-0.1	498	16.9	24.2	-7.3	0.0	-24.2	0.0	
2.96094	-0.1	498	17.0	24.2	-7.2	0.0	-24.2	0.0	
2.96484	-0.1	498	17.0	24.2	-7.2	0.0	-24.2	0.0	
2.96875	-0.2	498	17.0	24.2	-7.2	0.0	-24.2	0.0	
2.97266	-0.1	498	17.0	24.3	-7.3	0.0	-24.3	0.0	
2.97656	-0.1	498	17.0	24.3	-7.3	0.0	-24.3	0.0	
2.98047	-0.0	498	17.0	24.4	-7.4	0.0	-24.4	0.0	
2.98438	0.1	498	17.0	24.4	-7.4	0.0	-24.4	0.0	
2.98828	-0.0	498	17.1	24.5	-7.4	0.0	-24.5	0.0	
2.99219	-0.1	498	17.1	24.5	-7.4	0.0	-24.5	0.0	
2.99609	0.0	498	17.0	24.5	-7.5	0.0	-24.5	0.0	
3.00000	0.0	498	17.1	24.5	-7.4	0.0	-24.5	0.0	
3.00391	-0.1	498	17.1	24.6	-7.5	0.0	-24.6	0.0	
3.00781	-0.1	498	17.0	24.7	-7.7	0.0	-24.7	0.0	
3.01172	-0.1	498	17.1	24.7	-7.6	0.0	-24.7	0.0	
3.01562	-0.1	498	17.1	24.7	-7.6	0.0	-24.7	0.0	
3.01953	-0.1	498	17.1	24.8	-7.7	0.0	-24.8	0.0	
3.02344	-0.1	498	17.1	24.9	-7.8	0.0	-24.9	0.0	
3.02734	-0.1	498	17.1	24.9	-7.8	0.0	-24.9	0.0	
3.03125	-0.0	498	17.1	24.9	-7.8	0.0	-24.9	0.0	
3.03516	-0.0	498	17.1	25.0	-7.9	0.0	-25.0	0.0	
3.03906	-0.1	498	17.1	25.0	-7.9	0.0	-25.0	0.0	
3.04297	-0.1	498	17.1	25.1	-8.0	0.0	-25.1	0.0	
3.04688	-0.1	498	17.1	25.1	-8.0	0.0	-25.1	0.0	
3.05078	-0.1	498	17.2	25.1	-7.9	0.0	-25.1	0.0	
3.05469	-0.1	498	17.2	25.1	-7.9	0.0	-25.1	0.0	
3.05859	-0.1	498	17.1	25.1	-8.0	0.0	-25.1	0.0	
3.06250	-0.2	498	17.2	25.2	-8.0	0.0	-25.2	0.0	
3.06641	-0.2	498	17.2	25.2	-8.0	0.0	-25.2	0.0	
3.07031	-0.1	498	17.2	25.2	-8.0	0.0	-25.2	0.0	
3.07422	-0.0	498	17.2	25.2	-8.0	0.0	-25.2	0.0	
3.07812	-0.1	498	17.2	25.2	-8.0	0.0	-25.2	0.0	
3.08203	-0.1	498	17.3	25.2	-7.9	0.0	-25.2	0.0	
3.08594	-0.0	498	17.3	25.3	-8.0	0.0	-25.3	0.0	
3.08984	-0.1	498	17.2	25.2	-8.0	0.0	-25.2	0.0	
3.09375	-0.0	498	17.2	25.2	-8.0	0.0	-25.2	0.0	
3.09766	0.0	498	17.2	25.3	-8.1	0.0	-25.3	0.0	
3.10156	0.0	498	17.2	25.4	-8.2	0.0	-25.4	0.0	
3.10547	-0.0	498	17.2	25.4	-8.2	0.0	-25.4	0.0	
3.10938	-0.0	498	17.2	25.4	-8.2	0.0	-25.4	0.0	
3.11328	-0.1	498	17.2	25.4	-8.2	0.0	-25.4	0.0	
3.11719	0.0	498	17.3	25.5	-8.2	0.0	-25.5	0.0	
3.12109	-0.0	498	17.3	25.5	-8.2	0.0	-25.5	0.0	
3.12500	-0.1	498	17.3	25.5	-8.2	0.0	-25.5	0.0	
3.12891	-0.1	498	17.3	25.5	-8.2	0.0	-25.5	0.0	
3.13281	-0.1	498	17.3	25.6	-8.3	0.0	-25.6	0.0	
3.13672	-0.2	498	17.3	25.6	-8.3	0.0	-25.6	0.0	
3.14062	-0.2	498	17.3	25.6	-8.3	0.0	-25.6	0.0	
3.14453	-0.2	498	17.3	25.6	-8.3	0.0	-25.6	0.0	
3.14844	-0.1	498	17.3	25.6	-8.3	0.0	-25.6	0.0	
3.15234	-0.1	498	17.4	25.6	-8.2	0.0	-25.6	0.0	
3.15625	0.0	498	17.3	25.6	-8.3	0.0	-25.6	0.0	
3.16016	0.2	498	17.2	25.5	-8.3	0.0	-25.5	0.0	
3.16406	0.3	498	17.2	25.5	-8.3	0.0	-25.5	0.0	
3.16797	0.6	498	17.2	25.5	-8.3	0.0	-25.5	0.0	
3.17188	1.0	498	17.1	25.5	-8.4	0.0	-25.5	0.0	
3.17578	1.5	498	17.0	25.4	-8.4	0.0	-25.4	0.0	
3.17969	2.0	499	16.8	25.4	-8.6	0.0	-25.4	0.0	
3.18359	2.3	499	16.7	25.4	-8.7	0.0	-25.4	0.0	
3.18750	2.0	499	16.7	25.3	-8.6	0.0	-25.3	0.0	
3.19141	1.4	499	16.6	25.2	-8.6	0.0	-25.2	0.0	
3.19531	0.7	499	16.5	25.2	-8.7	0.0	-25.2	0.0	
3.19922	0.2	499	16.5	25.1	-8.6	0.0	-25.1	0.0	
3.20312	0.0	499	16.4	25.1	-8.7	0.0	-25.1	0.0	
3.20703	-0.1	499	16.4	25.0	-8.6	0.0	-25.0	0.0	
3.21094	-0.1	499	16.4	25.0	-8.6	0.0	-25.0	0.0	
3.21484	-0.0	499	16.4	25.0	-8.6	0.0	-25.0	0.0	
3.21875	-0.0	499	16.4	24.9	-8.5	0.0	-24.9	0.0	
3.22266	-0.2	499	16.4	24.9	-8.5	0.0	-24.9	0.0	
3.22656	-0.3	499	16.4	24.8	-8.4	0.0	-24.8	0.0	
3.23047	-0.1	499	16.5	24.8	-8.3	0.0	-24.8	0.0	
3.23438	0.0	499	16.5	24.8	-8.3	0.0	-24.8	0.0	
3.23828	-0.1	499	16.5	24.7	-8.2	0.0	-24.7	0.0	
3.24219	-0.0	499	16.5	24.7	-8.2	0.0	-24.7	0.0	
3.24609	0.1	499	16.5	24.7	-8.2	0.0	-24.7	0.0	
3.25000	0.1	499	16.5	24.6	-8.1	0.0	-24.6	0.0	
3.25391	0.1	499	16.5	24.5	-8.0	0.0	-24.5	0.0	
3.25781	0.1	499	16.5	24.5	-8.0	0.0	-24.5	0.0	
3.26172	0.1	499	16.5	24.5	-8.0	0.0	-24.5	0.0	
3.26562	0.2	499	16.4	24.4	-8.0	0.0	-24.4	0.0	
3.26953	0.3	499	16.4	24.4	-8.0	0.0	-24.4	0.0	
3.27344	0.3	499	16.4	24.4	-8.0	0.0	-24.4	0.0	
3.27734	0.2	499	16.4	24.3	-7.9	0.0	-24.3	0.0	
3.28125	0.2	499	16.3	24.3	-8.0	0.0	-24.3	0.0	
3.28516	0.3	499	16.3	24.2	-7.9	0.0	-24.2	0.0	
3.28906	0.2	499	16.3	24.3	-8.0	0.0	-24.3	0.0	
3.29297	0.1	499	16.2	24.3	-8.1	0.0	-24.3	0.0	
3.29688	0.1	499	16.2	24.2	-8.0	0.0	-24.2	0.0	
3.30078	0.2	499	16.2	24.1	-7.9	0.0	-24.1	0.0	
3.30469	0.1	499	16.1	24.2	-8.1	0.0	-24.2	0.0	
3.30859	-0.0	499	16.1	24.1	-8.0	0.0	-24.1	0.0	
3.31250	-0.1	499	16.2	24.1	-7.9	0.0	-24.1	0.0	
3.31641	-0.0	499	16.1	24.1	-8.0	0.0	-24.1	0.0	
3.32031	-0.0	499	16.1	24.1	-8.0	0.0	-24.1	0.0	
3.32422	-0.1	499	16.1	24.1	-8.0	0.0	-24.1	0.0	
3.32812	-0.1	499	16.1	24.0	-7.9	0.0	-24.0	0.0	
3.33203	0.0	499	16.1	24.0	-7.9	0.0	-24.0	0.0	
3.33594	-0.0	499	16.1	24.0	-7.9	0.0	-24.0	0.0	
3.33984	-0.2	499	16.1	24.0	-7.9	0.0	-24.0	0.0	
3.34375	-0.1	499	16.1	24.0	-7.9	0.0	-24.0	0.0	
3.34766	0.0	499	16.1	24.0	-7.9	0.0	-24.0	0.0	
3.35156	0.0	499	16.1	24.0	-7.9	0.0	-24.0	0.0	
3.35547	-0.1	499	16.1	24.0	-7.9	0.0	-24.0	0.0	
3.35938	-0.2	499	16.2	24.0	-7.8	0.0	-24.0	0.0	
3.36328	-0.1	499	16.2	23.9	-7.7	0.0	-23.9	0.0	
3.36719	-0.0	499	16.2	24.0	-7.8	0.0	-24.0	0.0	
3.37109	-0.0	499	16.2	24.0	-7.8	0.0	-24.0	0.0	
3.37500	-0.1	499	16.2	24.0	-7.8	0.0	-24.0	0.0	
3.37891	-0.1	499	16.2	24.0	-7.8	0.0	-24.0	0.0	
3.38281	-0.1	499	16.3	24.0	-7.7	0.0	-24.0	0.0	
3.38672	-0.2	499	16.3	24.0	-7.7	0.0	-24.0	0.0	
3.39062	-0.3	499	16.3	24.1	-7.8	0.0	-24.1	0.0	
3.39453	-0.2	499	16.3	24.0	-7.7	0.0	-24.0	0.0	
3.39844	-0.1	499	16.3	24.1	-7.8	0.0	-24.1	0.0	
3.40234	-0.2	499	16.3	24.1	-7.8	0.0	-24.1	0.0	
3.40625	-0.0	499	16.4	24.1	-7.7	0.0	-24.1	0.0	
3.41016	-0.0	499	16.4	24.1	-7.7	0.0	-24.1	0.0	
3.41406	-0.1	499	16.3	24.1	-7.8	0.0	-24.1	0.0	
3.41797	0.0	499	16.4	24.1	-7.7	0.0	-24.1	0.0	
3.42188	0.0	499	16.3	24.1	-7.8	0.0	-24.1	0.0	
3.42578	-0.1	499	16.3	24.0	-7.7	0.0	-24.0	0.0	
3.42969	0.2	499	16.3	24.0	-7.7	0.0	-24.0	0.0	
3.43359	0.2	499	16.3	24.0	-7.7	0.0	-24.0	0.0	
3.43750	0.1	499	16.3	24.0	-7.7	0.0	-24.0	0.0	
3.44141	0.1	499	16.2	24.0	-7.8	0.0	-24.0	0.0	
3.44531	0.2	499	16.2	24.0	-7.8	0.0	-24.0	0.0	
3.44922	0.1	499	16.2	24.0	-7.8	0.0	-24.0	0.0	
3.45312	-0.0	499	16.2	24.0	-7.8	0.0	-24.0	0.0	
3.45703	0.0	499	16.2	24.0	-7.8	0.0	-24.0	0.0	
3.46094	0.0	499	16.1	24.0	-7.9	0.0	-24.0	0.0	
3.46484	-0.0	499	16.1	23.9	-7.8	0.0	-23.9	0.0	
3.46875	-0.0	499	16.1	23.9	-7.8	0.0	-23.9	0.0	
3.47266	-0.1	499	16.1	23.9	-7.8	0.0	-23.9	0.0	
3.47656	-0.1	499	16.1	24.0	-7.9	0.0	-24.0	0.0	
3.48047	-0.1	499	16.1	24.0	-7.9	0.0	-24.0	0.0	
3.48438	0.0	499	16.1	24.0	-7.9	0.0	-24.0	0.0	
3.48828	-0.1	499	16.1	24.0	-7.9	0.0	-24.0	0.0	
3.49219	-0.1	499	16.1	24.0	-7.9	0.0	-24.0	0.0	
3.49609	-0.1	499	16.2	24.0	-7.8	0.0	-24.0	0.0	
3.50000	-0.0	499	16.2	24.0	-7.8	0.0	-24.0	0.0	
3.50391	-0.0	499	16.2	24.0	-7.8	0.0	-24.0	0.0	
3.50781	-0.2	499	16.2	24.0	-7.8	0.0	-24.0	0.0	
3.51172	-0.2	499	16.2	24.0	-7.8	0.0	-24.0	0.0	
3.51562	-0.1	499	16.2	24.1	-7.9	0.0	-24.1	0.0	
3.51953	-0.1	499	16.3	24.1	-7.8	0.0	-24.1	0.0	
3.52344	0.0	499	16.3	24.1	-7.8	0.0	-24.1	0.0	
3.52734	-0.1	499	16.3	24.1	-7.8	0.0	-24.1	0.0	
3.53125	-0.1	499	16.3	24.1	-7.8	0.0	-24.1	0.0	
3.53516	0.1	499	16.3	24.1	-7.8	0.0	-24.1	0.0	
3.53906	-0.1	499	16.3	24.2	-7.9	0.0	-24.2	0.0	
3.54297	-0.1	499	16.3	24.2	-7.9	0.0	-24.2	0.0	
3.54688	0.1	499	16.3	24.2	-7.9	0.0	-24.2	0.0	
3.55078	0.1	499	16.3	24.2	-7.9	0.0	-24.2	0.0	
3.55469	-0.1	499	16.3	24.3	-8.0	0.0	-24.3	0.0	
3.55859	-0.0	499	16.3	24.3	-8.0	0.0	-24.3	0.0	
3.56250	-0.0	499	16.3	24.4	-8.1	0.0	-24.4	0.0	
3.56641	-0.0	499	16.3	24.4	-8.1	0.0	-24.4	0.0	
3.57031	0.1	499	16.3	24.4	-8.1	0.0	-24.4	0.0	
3.57422	-0.1	499	16.2	24.4	-8.2	0.0	-24.4	0.0	
3.57812	-0.1	499	16.2	24.5	-8.3	0.0	-24.5	0.0	
3.58203	0.0	499	16.3	24.5	-8.2	0.0	-24.5	0.0	
3.58594	0.0	499	16.3	24.5	-8.2	0.0	-24.5	0.0	
3.58984	-0.1	499	16.2	24.6	-8.4	0.0	-24.6	0.0	
3.59375	-0.1	499	16.2	24.6	-8.4	0.0	-24.6	0.0	
3.59766	-0.0	499	16.2	24.7	-8.5	0.0	-24.7	0.0	
3.60156	0.0	499	16.2	24.7	-8.5	0.0	-24.7	0.0	
3.60547	-0.0	499	16.2	24.7	-8.5	0.0	-24.7	0.0	
3.60938	-0.1	499	16.2	24.7	-8.5	0.0	-24.7	0.0	
3.61328	-0.1	499	16.2	24.8	-8.6	0.0	-24.8	0.0	
3.61719	-0.0	499	16.3	24.8	-8.5	0.0	-24.8	0.0	
3.62109	-0.1	499	16.2	24.8	-8.6	0.0	-24.8	0.0	
3.62500	-0.1	499	16.3	24.8	-8.5	0.0	-24.8	0.0	
3.62891	-0.1	499	16.3	24.9	-8.6	0.0	-24.9	0.0	
3.63281	-0.1	499	16.3	24.9	-8.6	0.0	-24.9	0.0	
3.63672	-0.2	499	16.3	24.9	-8.6	0.0	-24.9	0.0	
3.64062	-0.2	499	16.3	24.9	-8.6	0.0	-24.9	0.0	
3.64453	-0.1	499	16.3	25.0	-8.7	0.0	-25.0	0.0	
3.64844	-0.1	499	16.3	24.9	-8.6	0.0	-24.9	0.0	
3.65234	-0.1	499	16.3	24.9	-8.6	0.0	-24.9	0.0	
3.65625	-0.1	499	16.3	25.0	-8.7	0.0	-25.0	0.0	
3.66016	-0.0	499	16.3	25.0	-8.7	0.0	-25.0	0.0	
3.66406	-0.1	499	16.3	25.0	-8.7	0.0	-25.0	0.0	
3.66797	-0.1	499	16.4	24.9	-8.5	0.0	-24.9	0.0	
3.67188	-0.0	499	16.3	25.0	-8.7	0.0	-25.0	0.0	
3.67578	-0.0	499	16.3	25.0	-8.7	0.0	-25.0	0.0	
3.67969	-0.1	499	16.3	25.0	-8.7	0.0	-25.0	0.0	
3.68359	-0.1	499	16.3	25.0	-8.7	0.0	-25.0	0.0	
3.68750	-0.2	499	16.3	25.1	-8.8	0.0	-25.1	0.0	
3.69141	-0.1	499	16.3	25.1	-8.8	0.0	-25.1	0.0	
3.69531	-0.0	499	16.4	25.1	-8.7	0.0	-25.1	0.0	
3.69922	-0.1	499	16.4	25.2	-8.8	0.0	-25.2	0.0	
3.70312	-0.1	499	16.4	25.2	-8.8	0.0	-25.2	0.0	
3.70703	-0.1	499	16.4	25.2	-8.8	0.0	-25.2	0.0	
3.71094	-0.1	499	16.4	25.2	-8.8	0.0	-25.2	0.0	
3.71484	-0.0	499	16.5	25.2	-8.7	0.0	-25.2	0.0	
3.71875	-0.1	499	16.5	25.2	-8.7	0.0	-25.2	0.0	
3.72266	-0.2	499	16.5	25.2	-8.7	0.0	-25.2	0.0	
3.72656	-0.1	499	16.5	25.2	-8.7	0.0	-25.2	0.0	
3.73047	0.1	499	16.5	25.1	-8.6	0.0	-25.1	0.0	
3.73438	0.3	499	16.5	25.1	-8.6	0.0	-25.1	0.0	
3.73828	0.2	499	16.4	25.1	-8.7	0.0	-25.1	0.0	
3.74219	0.3	499	16.3	25.1	-8.8	0.0	-25.1	0.0	
3.74609	0.7	499	16.2	25.1	-8.9	0.0	-25.1	0.0	
3.75000	1.2	499	16.1	25.0	-8.9	0.0	-25.0	0.0	
3.75391	1.7	499	16.0	25.0	-9.0	0.0	-25.0	0.0	
3.75781	2.3	499	15.9	24.9	-9.0	0.0	-24.9	0.0	
3.76172	2.6	499	15.9	24.9	-9.0	0.0	-24.9	0.0	
3.76562	2.3	499	15.8	24.8	-9.0	0.0	-24.8	0.0	
3.76953	1.6	500	15.7	24.8	-9.1	0.0	-24.8	0.0	
3.77344	0.9	500	15.6	24.7	-9.1	0.0	-24.7	0.0	
3.77734	0.4	500	15.5	24.6	-9.1	0.0	-24.6	0.0	
3.78125	0.2	500	15.5	24.6	-9.1	0.0	-24.6	0.0	
3.78516	0.2	500	15.4	24.6	-9.2	0.0	-24.6	0.0	
3.78906	-0.1	500	15.4	24.5	-9.1	0.0	-24.5	0.0	
3.79297	-0.3	500	15.4	24.4	-9.0	0.0	-24.4	0.0	
3.79688	-0.2	500	15.4	24.4	-9.0	0.0	-24.4	0.0	
3.80078	-0.3	500	15.4	24.4	-9.0	0.0	-24.4	0.0	
3.80469	-0.3	500	15.4	24.3	-8.9	0.0	-24.3	0.0	
3.80859	-0.0	500	15.4	24.2	-8.8	0.0	-24.2	0.0	
3.81250	-0.1	500	15.5	24.2	-8.7	0.0	-24.2	0.0	
3.81641	-0.1	500	15.5	24.2	-8.7	0.0	-24.2	0.0	
3.82031	0.0	500	15.5	24.1	-8.6	0.0	-24.1	0.0	
3.82422	-0.1	500	15.5	24.1	-8.6	0.0	-24.1	0.0	
3.82812	0.1	500	15.4	24.0	-8.6	0.0	-24.0	0.0	
3.83203	0.2	500	15.4	24.0	-8.6	0.0	-24.0	0.0	
3.83594	0.0	500	15.5	23.9	-8.4	0.0	-23.9	0.0	
3.83984	0.1	500	15.4	23.9	-8.5	0.0	-23.9	0.0	
3.84375	0.2	500	15.3	23.8	-8.5	0.0	-23.8	0.0	
3.84766	0.3	500	15.3	23.8	-8.5	0.0	-23.8	0.0	
3.85156	0.4	500	15.3	23.8	-8.5	0.0	-23.8	0.0	
3.85547	0.4	500	15.2	23.8	-8.6	0.0	-23.8	0.0	
3.85938	0.4	500	15.2	23.7	-8.5	0.0	-23.7	0.0	
3.86328	0.4	500	15.2	23.7	-8.5	0.0	-23.7	0.0	
3.86719	0.4	500	15.1	23.6	-8.5	0.0	-23.6	0.0	
3.87109	0.3	500	15.1	23.6	-8.5	0.0	-23.6	0.0	
3.87500	0.2	500	15.1	23.6	-8.5	0.0	-23.6	0.0	
3.87891	0.2	500	15.0	23.6	-8.6	0.0	-23.6	0.0	
3.88281	0.1	500	15.0	23.5	-8.5	0.0	-23.5	0.0	
3.88672	0.0	500	15.0	23.5	-8.5	0.0	-23.5	0.0	
3.89062	-0.0	500	14.9	23.4	-8.5	0.0	-23.4	0.0	
3.89453	0.0	500	15.0	23.4	-8.4	0.0	-23.4	0.0	
3.89844	0.0	500	15.0	23.4	-8.4	0.0	-23.4	0.0	
3.90234	-0.1	500	14.9	23.4	-8.5	0.0	-23.4	0.0	
3.90625	-0.1	500	14.9	23.4	-8.5	0.0	-23.4	0.0	
3.91016	-0.1	500	15.0	23.4	-8.4	0.0	-23.4	0.0	
3.91406	-0.2	500	15.0	23.4	-8.4	0.0	-23.4	0.0	
3.91797	-0.1	500	15.0	23.4	-8.4	0.0	-23.4	0.0	
3.92188	-0.1	500	15.0	23.3	-8.3	0.0	-23.3	0.0	
3.92578	-0.1	500	15.0	23.3	-8.3	0.0	-23.3	0.0	
3.92969	-0.1	500	15.1	23.3	-8.2	0.0	-23.3	0.0	
3.93359	-0.1	500	15.1	23.3	-8.2	0.0	-23.3	0.0	
3.93750	-0.2	500	15.1	23.3	-8.2	0.0	-23.3	0.0	
3.94141	-0.2	500	15.1	23.4	-8.3	0.0	-23.4	0.0	
3.94531	-0.3	500	15.1	23.4	-8.3	0.0	-23.4	0.0	
3.94922	-0.2	500	15.2	23.4	-8.2	0.0	-23.4	0.0	
3.95312	-0.2	500	15.2	23.4	-8.2	0.0	-23.4	0.0	
3.95703	-0.4	500	15.2	23.4	-8.2	0.0	-23.4	0.0	
3.96094	-0.4	500	15.3	23.4	-8.1	0.0	-23.4	0.0	
3.96484	-0.3	500	15.4	23.5	-8.1	0.0	-23.5	0.0	
3.96875	-0.3	500	15.4	23.5	-8.1	0.0	-23.5	0.0	
3.97266	-0.4	500	15.4	23.4	-8.0	0.0	-23.4	0.0	
3.97656	-0.3	499	15.4	23.5	-8.1	0.0	-23.5	0.0	
3.98047	-0.3	499	15.5	23.5	-8.0	0.0	-23.5	0.0	
3.98438	-0.3	499	15.5	23.5	-8.0	0.0	-23.5	0.0	
3.98828	-0.2	499	15.5	23.5	-8.0	0.0	-23.5	0.0	
3.99219	-0.1	499	15.5	23.5	-8.0	0.0	-23.5	0.0	
3.99609	0.1	499	15.6	23.5	-7.9	0.0	-23.5	0.0	
4.00000	0.2	499	15.6	23.5	-7.9	0.0	-23.5	0.0	
4.00391	0.1	499	15.6	23.5	-7.9	0.0	-23.5	0.0	
4.00781	-0.0	499	15.6	23.5	-7.9	0.0	-23.5	0.0	
4.01172	0.0	499	15.6	23.5	-7.9	0.0	-23.5	0.0	
4.01562	0.1	499	15.5	23.4	-7.9	0.0	-23.4	0.0	
4.01953	0.2	499	15.5	23.4	-7.9	0.0	-23.4	0.0	
4.02344	-0.0	499	15.5	23.5	-8.0	0.0	-23.5	0.0	
4.02734	-0.2	499	15.5	23.5	-8.0	0.0	-23.5	0.0	
4.03125	-0.1	499	15.5	23.5	-8.0	0.0	-23.5	0.0	
4.03516	-0.1	499	15.5	23.5	-8.0	0.0	-23.5	0.0	
4.03906	-0.1	499	15.5	23.5	-8.0	0.0	-23.5	0.0	
4.04297	-0.0	499	15.5	23.5	-8.0	0.0	-23.5	0.0	
4.04688	-0.1	499	15.4	23.5	-8.1	0.0	-23.5	0.0	
4.05078	-0.1	499	15.4	23.5	-8.1	0.0	-23.5	0.0	
4.05469	-0.1	499	15.5	23.5	-8.0	0.0	-23.5	0.0	
4.05859	-0.1	499	15.5	23.5	-8.0	0.0	-23.5	0.0	
4.06250	-0.0	499	15.5	23.6	-8.1	0.0	-23.6	0.0	
4.06641	-0.0	499	15.5	23.6	-8.1	0.0	-23.6	0.0	
4.07031	-0.1	499	15.5	23.6	-8.1	0.0	-23.6	0.0	
4.07422	-0.2	499	15.5	23.6	-8.1	0.0	-23.6	0.0	
4.07812	-0.2	499	15.5	23.6	-8.1	0.0	-23.6	0.0	
4.08203	-0.2	499	15.6	23.6	-8.0	0.0	-23.6	0.0	
4.08594	-0.1	499	15.6	23.7	-8.1	0.0	-23.7	0.0	
4.08984	-0.1	499	15.6	23.7	-8.1	0.0	-23.7	0.0	
4.09375	-0.1	499	15.6	23.7	-8.1	0.0	-23.7	0.0	
4.09766	-0.2	499	15.6	23.7	-8.1	0.0	-23.7	0.0	
4.10156	-0.1	499	15.7	23.7	-8.0	0.0	-23.7	0.0	
4.10547	-0.0	499	15.7	23.7	-8.0	0.0	-23.7	0.0	
4.10938	-0.1	499	15.7	23.7	-8.0	0.0	-23.7	0.0	
4.11328	0.0	499	15.7	23.7	-8.0	0.0	-23.7	0.0	
4.11719	0.0	499	15.7	23.8	-8.1	0.0	-23.8	0.0	
4.12109	-0.0	499	15.7	23.8	-8.1	0.0	-23.8	0.0	
4.12500	-0.1	499	15.7	23.8	-8.1	0.0	-23.8	0.0	
4.12891	-0.2	499	15.7	23.8	-8.1	0.0	-23.8	0.0	
4.13281	0.0	499	15.7	23.9	-8.2	0.0	-23.9	0.0	
4.13672	0.2	499	15.7	23.9	-8.2	0.0	-23.9	0.0	
4.14062	-0.0	499	15.7	23.9	-8.2	0.0	-23.9	0.0	
4.14453	-0.1	499	15.7	24.0	-8.3	0.0	-24.0	0.0	
4.14844	0.0	499	15.7	24.0	-8.3	0.0	-24.0	0.0	
4.15234	-0.2	499	15.7	24.1	-8.4	0.0	-24.1	0.0	
4.15625	-0.2	499	15.6	24.1	-8.5	0.0	-24.1	0.0	
4.16016	-0.0	499	15.6	24.1	-8.5	0.0	-24.1	0.0	
4.16406	-0.0	499	15.7	24.2	-8.5	0.0	-24.2	0.0	
4.16797	-0.0	499	15.7	24.3	-8.6	0.0	-24.3	0.0	
4.17188	-0.1	499	15.7	24.3	-8.6	0.0	-24.3	0.0	
4.17578	-0.1	499	15.7	24.3	-8.6	0.0	-24.3	0.0	
4.17969	0.0	499	15.7	24.3	-8.6	0.0	-24.3	0.0	
4.18359	0.0	499	15.7	24.4	-8.7	0.0	-24.4	0.0	
4.18750	-0.1	499	15.7	24.4	-8.7	0.0	-24.4	0.0	
4.19141	-0.0	499	15.6	24.5	-8.9	0.0	-24.5	0.0	
4.19531	-0.0	499	15.7	24.5	-8.8	0.0	-24.5	0.0	
4.19922	-0.1	499	15.7	24.5	-8.8	0.0	-24.5	0.0	
4.20312	-0.0	499	15.7	24.5	-8.8	0.0	-24.5	0.0	
4.20703	-0.1	499	15.7	24.5	-8.8	0.0	-24.5	0.0	
4.21094	-0.1	499	15.7	24.6	-8.9	0.0	-24.6	0.0	
4.21484	0.0	499	15.7	24.6	-8.9	0.0	-24.6	0.0	
4.21875	0.0	499	15.8	24.6	-8.8	0.0	-24.6	0.0	
4.22266	-0.1	499	15.7	24.6	-8.9	0.0	-24.6	0.0	
4.22656	-0.2	499	15.7	24.6	-8.9	0.0	-24.6	0.0	
4.23047	-0.1	499	15.8	24.6	-8.8	0.0	-24.6	0.0	
4.23438	-0.0	499	15.8	24.6	-8.8	0.0	-24.6	0.0	
4.23828	-0.2	499	15.9	24.6	-8.7	0.0	-24.6	0.0	
4.24219	-0.2	499	15.9	24.7	-8.8	0.0	-24.7	0.0	
4.24609	-0.0	499	15.8	24.7	-8.9	0.0	-24.7	0.0	
4.25000	-0.0	499	15.8	24.7	-8.9	0.0	-24.7	0.0	
4.25391	-0.1	499	15.9	24.7	-8.8	0.0	-24.7	0.0	
4.25781	-0.2	499	15.9	24.7	-8.8	0.0	-24.7	0.0	
4.26172	-0.3	499	15.9	24.8	-8.9	0.0	-24.8	0.0	
4.26562	-0.1	499	15.9	24.8	-8.9	0.0	-24.8	0.0	
4.26953	-0.1	499	15.9	24.8	-8.9	0.0	-24.8	0.0	
4.27344	-0.1	499	15.9	24.8	-8.9	0.0	-24.8	0.0	
4.27734	-0.2	499	15.9	24.9	-9.0	0.0	-24.9	0.0	
4.28125	-0.2	499	16.0	24.9	-8.9	0.0	-24.9	0.0	
4.28516	-0.2	499	16.0	24.9	-8.9	0.0	-24.9	0.0	
4.28906	-0.3	499	16.1	24.9	-8.8	0.0	-24.9	0.0	
4.29297	-0.4	499	16.1	25.0	-8.9	0.0	-25.0	0.0	
4.29688	-0.4	499	16.1	24.9	-8.8	0.0	-24.9	0.0	
4.30078	-0.3	499	16.1	24.9	-8.8	0.0	-24.9	0.0	
4.30469	-0.2	499	16.1	24.9	-8.8	0.0	-24.9	0.0	
4.30859	0.0	499	16.1	24.9	-8.8	0.0	-24.9	0.0	
4.31250	0.3	499	16.1	24.9	-8.8	0.0	-24.9	0.0	
4.31641	0.3	499	16.1	24.9	-8.8	0.0	-24.9	0.0	
4.32031	0.3	499	16.0	24.8	-8.8	0.0	-24.8	0.0	
4.32422	0.5	499	15.9	24.8	-8.9	0.0	-24.8	0.0	
4.32812	1.1	499	15.8	24.8	-9.0	0.0	-24.8	0.0	
4.33203	1.7	499	15.7	24.7	-9.0	0.0	-24.7	0.0	
4.33594	2.2	499	15.6	24.6	-9.0	0.0	-24.6	0.0	
4.33984	2.3	500	15.5	24.6	-9.1	0.0	-24.6	0.0	
4.34375	2.0	500	15.5	24.5	-9.0	0.0	-24.5	0.0	
4.34766	1.4	500	15.4	24.5	-9.1	0.0	-24.5	0.0	
4.35156	0.6	500	15.3	24.4	-9.1	0.0	-24.4	0.0	
4.35547	0.1	500	15.3	24.4	-9.1	0.0	-24.4	0.0	
4.35938	0.1	500	15.2	24.3	-9.1	0.0	-24.3	0.0	
4.36328	-0.0	500	15.2	24.3	-9.1	0.0	-24.3	0.0	
4.36719	-0.2	500	15.2	24.2	-9.0	0.0	-24.2	0.0	
4.37109	-0.2	500	15.2	24.2	-9.0	0.0	-24.2	0.0	
4.37500	-0.3	500	15.1	24.1	-9.0	0.0	-24.1	0.0	
4.37891	-0.3	500	15.2	24.1	-8.9	0.0	-24.1	0.0	
4.38281	-0.2	500	15.2	24.1	-8.9	0.0	-24.1	0.0	
4.38672	0.0	500	15.2	24.1	-8.9	0.0	-24.1	0.0	
4.39062	0.0	500	15.2	24.0	-8.8	0.0	-24.0	0.0	
4.39453	-0.2	500	15.3	23.9	-8.6	0.0	-23.9	0.0	
4.39844	-0.0	500	15.3	23.8	-8.5	0.0	-23.8	0.0	
4.40234	0.2	500	15.3	23.8	-8.5	0.0	-23.8	0.0	
4.40625	0.1	500	15.3	23.8	-8.5	0.0	-23.8	0.0	
4.41016	0.1	500	15.3	23.7	-8.4	0.0	-23.7	0.0	
4.41406	0.2	500	15.2	23.7	-8.5	0.0	-23.7	0.0	
4.41797	0.2	500	15.3	23.7	-8.4	0.0	-23.7	0.0	
4.42188	0.2	500	15.2	23.6	-8.4	0.0	-23.6	0.0	
4.42578	0.1	500	15.1	23.6	-8.5	0.0	-23.6	0.0	
4.42969	0.2	500	15.2	23.5	-8.3	0.0	-23.5	0.0	
4.43359	0.3	500	15.2	23.5	-8.3	0.0	-23.5	0.0	
4.43750	0.2	500	15.1	23.4	-8.3	0.0	-23.4	0.0	
4.44141	0.1	500	15.0	23.4	-8.4	0.0	-23.4	0.0	
4.44531	0.1	500	15.0	23.4	-8.4	0.0	-23.4	0.0	
4.44922	0.1	500	15.0	23.4	-8.4	0.0	-23.4	0.0	
4.45312	0.0	500	14.9	23.4	-8.5	0.0	-23.4	0.0	
4.45703	-0.0	500	14.9	23.3	-8.4	0.0	-23.3	0.0	
4.46094	-0.0	500	14.9	23.3	-8.4	0.0	-23.3	0.0	
4.46484	0.0	500	14.9	23.2	-8.3	0.0	-23.2	0.0	
4.46875	0.0	500	15.0	23.2	-8.2	0.0	-23.2	0.0	
4.47266	0.0	500	14.9	23.2	-8.3	0.0	-23.2	0.0	
4.47656	-0.2	500	14.9	23.2	-8.3	0.0	-23.2	0.0	
4.48047	-0.1	500	14.9	23.2	-8.3	0.0	-23.2	0.0	
4.48438	0.1	500	14.9	23.2	-8.3	0.0	-23.2	0.0	
4.48828	-0.0	500	14.9	23.2	-8.3	0.0	-23.2	0.0	
4.49219	-0.1	500	15.0	23.2	-8.2	0.0	-23.2	0.0	
4.49609	-0.1	500	15.0	23.2	-8.2	0.0	-23.2	0.0	
4.50000	-0.1	500	15.0	23.2	-8.2	0.0	-23.2	0.0	
4.50391	-0.0	500	15.0	23.2	-8.2	0.0	-23.2	0.0	
4.50781	-0.1	500	15.0	23.1	-8.1	0.0	-23.1	0.0	
4.51172	-0.1	500	15.0	23.1	-8.1	0.0	-23.1	0.0	
4.51562	-0.0	500	15.0	23.2	-8.2	0.0	-23.2	0.0	
4.51953	-0.1	500	15.1	23.2	-8.1	0.0	-23.2	0.0	
4.52344	-0.2	500	15.1	23.2	-8.1	0.0	-23.2	0.0	
4.52734	-0.2	500	15.1	23.2	-8.1	0.0	-23.2	0.0	
4.53125	-0.2	500	15.2	23.2	-8.0	0.0	-23.2	0.0	
4.53516	-0.3	500	15.2	23.3	-8.1	0.0	-23.3	0.0	
4.53906	-0.3	500	15.2	23.3	-8.1	0.0	-23.3	0.0	
4.54297	-0.4	500	15.2	23.3	-8.1	0.0	-23.3	0.0	
4.54688	-0.3	500	15.3	23.3	-8.0	0.0	-23.3	0.0	
4.55078	-0.1	500	15.3	23.3	-8.0	0.0	-23.3	0.0	
4.55469	-0.1	500	15.3	23.4	-8.1	0.0	-23.4	0.0	
4.55859	-0.2	500	15.4	23.4	-8.0	0.0	-23.4	0.0	
4.56250	-0.1	500	15.4	23.3	-7.9	0.0	-23.3	0.0	
4.56641	0.0	500	15.4	23.4	-8.0	0.0	-23.4	0.0	
4.57031	0.1	500	15.4	23.4	-8.0	0.0	-23.4	0.0	
4.57422	0.1	500	15.3	23.4	-8.1	0.0	-23.4	0.0	
4.57812	0.1	500	15.3	23.3	-8.0	0.0	-23.3	0.0	
4.58203	0.1	500	15.4	23.3	-7.9	0.0	-23.3	0.0	
4.58594	0.1	500	15.4	23.3	-7.9	0.0	-23.3	0.0	
4.58984	0.2	500	15.3	23.3	-8.0	0.0	-23.3	0.0	
4.59375	0.1	500	15.3	23.3	-8.0	0.0	-23.3	0.0	
4.59766	0.0	500	15.3	23.3	-8.0	0.0	-23.3	0.0	
4.60156	0.2	500	15.2	23.4	-8.2	0.0	-23.4	0.0	
4.60547	0.1	500	15.3	23.4	-8.1	0.0	-23.4	0.0	
4.60938	-0.1	500	15.3	23.3	-8.0	0.0	-23.3	0.0	
4.61328	-0.1	500	15.2	23.3	-8.1	0.0	-23.3	0.0	
4.61719	-0.1	500	15.2	23.4	-8.2	0.0	-23.4	0.0	
4.62109	-0.1	500	15.2	23.4	-8.2	0.0	-23.4	0.0	
4.62500	-0.1	500	15.2	23.4	-8.2	0.0	-23.4	0.0	
4.62891	-0.1	500	15.2	23.4	-8.2	0.0	-23.4	0.0	
4.63281	-0.1	500	15.3	23.4	-8.1	0.0	-23.4	0.0	
4.63672	-0.1	500	15.2	23.5	-8.3	0.0	-23.5	0.0	
4.64062	-0.1	500	15.2	23.5	-8.3	0.0	-23.5	0.0	
4.64453	-0.2	500	15.3	23.4	-8.1	0.0	-23.4	0.0	
4.64844	-0.2	500	15.3	23.5	-8.2	0.0	-23.5	0.0	
4.65234	-0.2	500	15.4	23.5	-8.1	0.0	-23.5	0.0	
4.65625	-0.2	500	15.3	23.5	-8.2	0.0	-23.5	0.0	
4.66016	-0.1	500	15.3	23.5	-8.2	0.0	-23.5	0.0	
4.66406	-0.0	500	15.4	23.5	-8.1	0.0	-23.5	0.0	
4.66797	0.1	500	15.4	23.6	-8.2	0.0	-23.6	0.0	
4.67188	-0.1	500	15.4	23.6	-8.2	0.0	-23.6	0.0	
4.67578	-0.2	500	15.4	23.6	-8.2	0.0	-23.6	0.0	
4.67969	-0.1	500	15.4	23.6	-8.2	0.0	-23.6	0.0	
4.68359	-0.1	500	15.4	23.6	-8.2	0.0	-23.6	0.0	
4.68750	0.1	500	15.5	23.6	-8.1	0.0	-23.6	0.0	
4.69141	0.1	500	15.4	23.7	-8.3	0.0	-23.7	0.0	
4.69531	-0.1	500	15.4	23.7	-8.3	0.0	-23.7	0.0	
4.69922	-0.1	500	15.4	23.7	-8.3	0.0	-23.7	0.0	
4.70312	0.0	500	15.4	23.8	-8.4	0.0	-23.8	0.0	
4.70703	-0.1	500	15.4	23.8	-8.4	0.0	-23.8	0.0	
4.71094	-0.1	500	15.4	23.8	-8.4	0.0	-23.8	0.0	
4.71484	0.1	500	15.3	23.8	-8.5	0.0	-23.8	0.0	
4.71875	0.2	500	15.3	23.9	-8.6	0.0	-23.9	0.0	
4.72266	0.0	500	15.3	23.9	-8.6	0.0	-23.9	0.0	
4.72656	-0.1	500	15.3	23.9	-8.6	0.0	-23.9	0.0	
4.73047	0.0	500	15.3	24.0	-8.7	0.0	-24.0	0.0	
4.73438	0.1	500	15.3	24.0	-8.7	0.0	-24.0	0.0	
4.73828	-0.0	500	15.3	24.1	-8.8	0.0	-24.1	0.0	
4.74219	-0.1	500	15.3	24.1	-8.8	0.0	-24.1	0.0	
4.74609	-0.1	500	15.3	24.2	-8.9	0.0	-24.2	0.0	
4.75000	-0.0	500	15.2	24.2	-9.0	0.0	-24.2	0.0	
4.75391	0.0	500	15.2	24.2	-9.0	0.0	-24.2	0.0	
4.75781	-0.0	500	15.2	24.2	-9.0	0.0	-24.2	0.0	
4.76172	-0.1	500	15.1	24.3	-9.2	0.0	-24.3	0.0	
4.76562	0.0	500	15.2	24.4	-9.2	0.0	-24.4	0.0	
4.76953	0.1	500	15.2	24.3	-9.1	0.0	-24.3	0.0	
4.77344	0.0	500	15.2	24.3	-9.1	0.0	-24.3	0.0	
4.77734	0.0	500	15.2	24.4	-9.2	0.0	-24.4	0.0	
4.78125	0.0	500	15.2	24.4	-9.2	0.0	-24.4	0.0	
4.78516	-0.0	500	15.1	24.4	-9.3	0.0	-24.4	0.0	
4.78906	0.0	500	15.2	24.4	-9.2	0.0	-24.4	0.0	
4.79297	0.0	500	15.1	24.4	-9.3	0.0	-24.4	0.0	
4.79688	0.0	500	15.1	24.4	-9.3	0.0	-24.4	0.0	
4.80078	0.1	500	15.1	24.4	-9.3	0.0	-24.4	0.0	
4.80469	0.2	500	15.1	24.5	-9.4	0.0	-24.5	0.0	
4.80859	0.3	500	15.1	24.5	-9.4	0.0	-24.5	0.0	
4.81250	0.3	500	15.0	24.5	-9.5	0.0	-24.5	0.0	
4.81641	0.3	500	15.0	24.4	-9.4	0.0	-24.4	0.0	
4.82031	0.4	500	15.0	24.5	-9.5	0.0	-24.5	0.0	
4.82422	0.6	500	14.9	24.4	-9.5	0.0	-24.4	0.0	
4.82812	0.8	500	14.8	24.4	-9.6	0.0	-24.4	0.0	
4.83203	1.2	500	14.7	24.4	-9.7	0.0	-24.4	0.0	
4.83594	1.5	500	14.6	24.4	-9.8	0.0	-24.4	0.0	
4.83984	1.9	500	14.4	24.4	-10.0	0.0	-24.4	0.0	
4.84375	2.7	500	14.3	24.5	-10.2	0.0	-24.5	0.0	
4.84766	3.2	500	14.2	24.4	-10.2	0.0	-24.4	0.0	
4.85156	3.3	501	14.0	24.4	-10.4	0.0	-24.4	0.0	
4.85547	3.8	501	13.8	24.4	-10.6	0.0	-24.4	0.0	
4.85938	4.2	501	13.6	24.4	-10.8	0.0	-24.4	0.0	
4.86328	5.0	502	13.3	24.3	-11.0	0.0	-24.3	0.0	
4.86719	6.5	502	13.2	24.2	-11.0	0.0	-24.2	0.0	
4.87109	5.7	502	13.2	24.2	-11.0	0.0	-24.2	0.0	
4.87500	4.4	503	13.0	24.2	-11.2	0.0	-24.2	0.0	
4.87891	5.9	503	12.8	24.1	-11.3	0.0	-24.1	0.0	
4.88281	6.6	503	12.8	24.0	-11.2	0.0	-24.0	0.0	
4.88672	7.3	504	13.0	23.9	-10.9	0.0	-23.9	0.0	
4.89062	9.9	505	13.0	23.8	-10.8	0.0	-23.8	0.0	
4.89453	11.8	505	12.9	23.8	-10.9	0.0	-23.8	0.0	
4.89844	13.2	506	13.0	23.7	-10.7	0.0	-23.7	0.0	
4.90234	14.8	507	13.0	23.6	-10.6	0.0	-23.6	0.0	
4.90625	16.1	508	12.8	23.5	-10.7	0.0	-23.5	0.0	
