FluxView - FluxMed acquisition system
Signal file
Serial Number	:
W version:	1.20h-OX-CO2	File version:	1.13
Sampling rate:	256 Hz
Time	Flow	Volume	Paw	Pes	Ptpulm	Pga	Ptdiaf	CO2	
0.00391	0.5	3086	8.4	12.5	-4.1	12.5	0.0	12.5	
0.00781	0.5	3086	8.4	12.5	-4.1	12.5	0.0	12.5	
0.01172	0.4	3086	8.3	12.5	-4.2	12.5	0.0	12.5	
0.01562	0.4	3086	8.3	12.5	-4.2	12.5	0.0	12.5	
0.01953	0.3	3086	8.2	12.5	-4.3	12.5	0.0	12.5	
0.02344	0.1	3086	8.2	12.4	-4.2	12.4	0.0	12.4	
0.02734	0.1	3086	8.1	12.4	-4.3	12.4	0.0	12.4	
0.03125	0.0	3086	8.1	12.4	-4.3	12.4	0.0	12.4	
0.03516	-0.1	3086	8.1	12.4	-4.3	12.4	0.0	12.4	
0.03906	-0.2	3086	8.1	12.4	-4.3	12.4	0.0	12.4	
0.04297	-0.2	3086	8.1	12.4	-4.3	12.4	0.0	12.4	
0.04688	-0.3	3086	8.1	12.4	-4.3	12.4	0.0	12.4	
0.05078	-0.3	3086	8.2	12.4	-4.2	12.4	0.0	12.4	
0.05469	-0.4	3086	8.2	12.4	-4.2	12.4	0.0	12.4	
0.05859	-0.4	3086	8.2	12.5	-4.3	12.5	0.0	12.5	
0.06250	-0.5	3086	8.3	12.5	-4.2	12.5	0.0	12.5	
0.06641	-0.4	3086	8.3	12.5	-4.2	12.5	0.0	12.5	
0.07031	-0.4	3086	8.3	12.5	-4.2	12.5	0.0	12.5	
0.07422	-0.4	3086	8.4	12.5	-4.1	12.5	0.0	12.5	
0.07812	-0.4	3086	8.4	12.5	-4.1	12.5	0.0	12.5	
0.08203	-0.3	3086	8.5	12.5	-4.0	12.5	0.0	12.5	
0.08594	-0.3	3086	8.5	12.5	-4.0	12.5	0.0	12.5	
0.08984	-0.3	3086	8.5	12.5	-4.0	12.5	0.0	12.5	
0.09375	-0.2	3086	8.5	12.5	-4.0	12.5	0.0	12.5	
0.09766	-0.2	3086	8.6	12.6	-4.0	12.6	0.0	12.6	
0.10156	-0.2	3086	8.6	12.6	-4.0	12.6	0.0	12.6	
0.10547	-0.2	3086	8.6	12.6	-4.0	12.6	0.0	12.6	
0.10938	-0.2	3086	8.6	12.6	-4.0	12.6	0.0	12.6	
0.11328	-0.2	3086	8.6	12.6	-4.0	12.6	0.0	12.6	
0.11719	-0.2	3086	8.7	12.6	-3.9	12.6	0.0	12.6	
0.12109	-0.2	3086	8.7	12.6	-3.9	12.6	0.0	12.6	
0.12500	-0.2	3086	8.7	12.6	-3.9	12.6	0.0	12.6	
0.12891	-0.2	3086	8.7	12.6	-3.9	12.6	0.0	12.6	
0.13281	-0.2	3086	8.7	12.6	-3.9	12.6	0.0	12.6	
0.13672	-0.2	3086	8.7	12.6	-3.9	12.6	0.0	12.6	
0.14062	-0.2	3086	8.7	12.7	-4.0	12.7	0.0	12.7	
0.14453	-0.2	3086	8.7	12.7	-4.0	12.7	0.0	12.7	
0.14844	-0.3	3086	8.7	12.7	-4.0	12.7	0.0	12.7	
0.15234	-0.2	3086	8.7	12.7	-4.0	12.7	0.0	12.7	
0.15625	-0.2	3086	8.7	12.7	-4.0	12.7	0.0	12.7	
0.16016	-0.2	3086	8.8	12.7	-3.9	12.7	0.0	12.7	
0.16406	-0.2	3086	8.8	12.7	-3.9	12.7	0.0	12.7	
0.16797	-0.2	3086	8.8	12.7	-3.9	12.7	0.0	12.7	
0.17188	-0.2	3086	8.8	12.7	-3.9	12.7	0.0	12.7	
0.17578	-0.1	3086	8.8	12.6	-3.8	12.6	0.0	12.6	
0.17969	-0.1	3086	8.8	12.6	-3.8	12.6	0.0	12.6	
0.18359	-0.1	3086	8.8	12.7	-3.9	12.7	0.0	12.7	
0.18750	-0.1	3086	8.8	12.7	-3.9	12.7	0.0	12.7	
0.19141	-0.1	3086	8.8	12.6	-3.8	12.6	0.0	12.6	
0.19531	-0.1	3086	8.8	12.6	-3.8	12.6	0.0	12.6	
0.19922	-0.1	3086	8.8	12.6	-3.8	12.6	0.0	12.6	
0.20312	-0.1	3086	8.8	12.6	-3.8	12.6	0.0	12.6	
0.20703	-0.1	3086	8.8	12.6	-3.8	12.6	0.0	12.6	
0.21094	-0.1	3086	8.8	12.6	-3.8	12.6	0.0	12.6	
0.21484	-0.1	3086	8.7	12.6	-3.9	12.6	0.0	12.6	
0.21875	-0.1	3086	8.7	12.6	-3.9	12.6	0.0	12.6	
0.22266	-0.2	3086	8.7	12.6	-3.9	12.6	0.0	12.6	
0.22656	-0.2	3086	8.7	12.6	-3.9	12.6	0.0	12.6	
0.23047	-0.2	3085	8.7	12.6	-3.9	12.6	0.0	12.6	
0.23438	-0.2	3085	8.7	12.6	-3.9	12.6	0.0	12.6	
0.23828	-0.2	3085	8.8	12.6	-3.8	12.6	0.0	12.6	
0.24219	-0.2	3085	8.8	12.6	-3.8	12.6	0.0	12.6	
0.24609	-0.2	3085	8.8	12.6	-3.8	12.6	0.0	12.6	
0.25000	-0.2	3085	8.8	12.6	-3.8	12.6	0.0	12.6	
0.25391	-0.1	3085	8.8	12.6	-3.8	12.6	0.0	12.6	
0.25781	-0.2	3085	8.8	12.6	-3.8	12.6	0.0	12.6	
0.26172	-0.2	3085	8.8	12.6	-3.8	12.6	0.0	12.6	
0.26562	-0.2	3085	8.8	12.6	-3.8	12.6	0.0	12.6	
0.26953	-0.2	3085	8.8	12.6	-3.8	12.6	0.0	12.6	
0.27344	-0.2	3085	8.8	12.6	-3.8	12.6	0.0	12.6	
0.27734	-0.2	3085	8.8	12.6	-3.8	12.6	0.0	12.6	
0.28125	-0.2	3085	8.8	12.5	-3.7	12.5	0.0	12.5	
0.28516	-0.2	3085	8.9	12.6	-3.7	12.6	0.0	12.6	
0.28906	-0.2	3085	8.9	12.6	-3.7	12.6	0.0	12.6	
0.29297	-0.1	3085	8.9	12.5	-3.6	12.5	0.0	12.5	
0.29688	-0.2	3085	8.9	12.5	-3.6	12.5	0.0	12.5	
0.30078	-0.2	3085	8.9	12.5	-3.6	12.5	0.0	12.5	
0.30469	-0.2	3085	8.9	12.5	-3.6	12.5	0.0	12.5	
0.30859	-0.2	3085	8.9	12.6	-3.7	12.6	0.0	12.6	
0.31250	-0.2	3085	8.9	12.6	-3.7	12.6	0.0	12.6	
0.31641	-0.2	3085	8.9	12.5	-3.6	12.5	0.0	12.5	
0.32031	-0.2	3085	8.9	12.6	-3.7	12.6	0.0	12.6	
0.32422	-0.2	3085	8.9	12.6	-3.7	12.6	0.0	12.6	
0.32812	-0.2	3085	8.9	12.6	-3.7	12.6	0.0	12.6	
0.33203	-0.2	3085	9.0	12.6	-3.6	12.6	0.0	12.6	
0.33594	-0.2	3085	9.0	12.6	-3.6	12.6	0.0	12.6	
0.33984	-0.2	3085	9.0	12.6	-3.6	12.6	0.0	12.6	
0.34375	-0.2	3085	9.0	12.6	-3.6	12.6	0.0	12.6	
0.34766	-0.1	3085	9.0	12.6	-3.6	12.6	0.0	12.6	
0.35156	-0.1	3085	9.0	12.6	-3.6	12.6	0.0	12.6	
0.35547	-0.1	3085	9.0	12.6	-3.6	12.6	0.0	12.6	
0.35938	-0.1	3085	9.0	12.6	-3.6	12.6	0.0	12.6	
0.36328	-0.1	3085	8.9	12.6	-3.7	12.6	0.0	12.6	
0.36719	-0.1	3085	9.0	12.6	-3.6	12.6	0.0	12.6	
0.37109	-0.1	3085	8.9	12.6	-3.7	12.6	0.0	12.6	
0.37500	-0.1	3085	8.9	12.6	-3.7	12.6	0.0	12.6	
0.37891	-0.1	3085	8.9	12.6	-3.7	12.6	0.0	12.6	
0.38281	-0.1	3085	8.9	12.6	-3.7	12.6	0.0	12.6	
0.38672	-0.1	3085	8.9	12.6	-3.7	12.6	0.0	12.6	
0.39062	-0.0	3085	8.9	12.6	-3.7	12.6	0.0	12.6	
0.39453	-0.0	3085	8.8	12.6	-3.8	12.6	0.0	12.6	
0.39844	-0.0	3085	8.8	12.6	-3.8	12.6	0.0	12.6	
0.40234	-0.0	3085	8.8	12.6	-3.8	12.6	0.0	12.6	
0.40625	-0.1	3085	8.8	12.6	-3.8	12.6	0.0	12.6	
0.41016	-0.0	3085	8.7	12.6	-3.9	12.6	0.0	12.6	
0.41406	-0.0	3085	8.7	12.6	-3.9	12.6	0.0	12.6	
0.41797	-0.1	3085	8.7	12.6	-3.9	12.6	0.0	12.6	
0.42188	-0.1	3085	8.7	12.6	-3.9	12.6	0.0	12.6	
0.42578	-0.1	3085	8.7	12.6	-3.9	12.6	0.0	12.6	
0.42969	-0.1	3085	8.7	12.6	-3.9	12.6	0.0	12.6	
0.43359	-0.1	3085	8.7	12.6	-3.9	12.6	0.0	12.6	
0.43750	-0.1	3085	8.6	12.6	-4.0	12.6	0.0	12.6	
0.44141	-0.1	3085	8.6	12.5	-3.9	12.5	0.0	12.5	
0.44531	-0.1	3085	8.6	12.5	-3.9	12.5	0.0	12.5	
0.44922	-0.1	3085	8.6	12.5	-3.9	12.5	0.0	12.5	
0.45312	-0.1	3085	8.6	12.5	-3.9	12.5	0.0	12.5	
0.45703	0.0	3085	8.6	12.5	-3.9	12.5	0.0	12.5	
0.46094	0.0	3085	8.5	12.4	-3.9	12.4	0.0	12.4	
0.46484	0.0	3085	8.5	12.4	-3.9	12.4	0.0	12.4	
0.46875	0.1	3085	8.5	12.4	-3.9	12.4	0.0	12.4	
0.47266	0.1	3085	8.5	12.4	-3.9	12.4	0.0	12.4	
0.47656	0.0	3085	8.4	12.4	-4.0	12.4	0.0	12.4	
0.48047	0.0	3085	8.4	12.4	-4.0	12.4	0.0	12.4	
0.48438	0.0	3085	8.4	12.4	-4.0	12.4	0.0	12.4	
0.48828	-0.1	3085	8.3	12.4	-4.1	12.4	0.0	12.4	
0.49219	-0.1	3085	8.3	12.4	-4.1	12.4	0.0	12.4	
0.49609	-0.1	3085	8.3	12.4	-4.1	12.4	0.0	12.4	
0.50000	-0.1	3085	8.3	12.4	-4.1	12.4	0.0	12.4	
0.50391	-0.2	3085	8.3	12.4	-4.1	12.4	0.0	12.4	
0.50781	-0.3	3085	8.4	12.4	-4.0	12.4	0.0	12.4	
0.51172	-0.4	3085	8.4	12.4	-4.0	12.4	0.0	12.4	
0.51562	-0.4	3085	8.4	12.4	-4.0	12.4	0.0	12.4	
0.51953	-0.4	3085	8.4	12.4	-4.0	12.4	0.0	12.4	
0.52344	-0.4	3085	8.5	12.4	-3.9	12.4	0.0	12.4	
0.52734	-0.4	3085	8.5	12.5	-4.0	12.5	0.0	12.5	
0.53125	-0.5	3085	8.5	12.5	-4.0	12.5	0.0	12.5	
0.53516	-0.4	3085	8.6	12.5	-3.9	12.5	0.0	12.5	
0.53906	-0.4	3085	8.6	12.5	-3.9	12.5	0.0	12.5	
0.54297	-0.4	3085	8.7	12.5	-3.8	12.5	0.0	12.5	
0.54688	-0.4	3085	8.7	12.5	-3.8	12.5	0.0	12.5	
0.55078	-0.3	3085	8.8	12.5	-3.7	12.5	0.0	12.5	
0.55469	-0.3	3085	8.8	12.5	-3.7	12.5	0.0	12.5	
0.55859	-0.3	3085	8.8	12.6	-3.8	12.6	0.0	12.6	
0.56250	-0.3	3085	8.8	12.6	-3.8	12.6	0.0	12.6	
0.56641	-0.3	3085	8.8	12.6	-3.8	12.6	0.0	12.6	
0.57031	-0.3	3085	8.9	12.6	-3.7	12.6	0.0	12.6	
0.57422	-0.2	3085	8.9	12.6	-3.7	12.6	0.0	12.6	
0.57812	-0.2	3085	8.9	12.6	-3.7	12.6	0.0	12.6	
0.58203	-0.2	3085	8.9	12.6	-3.7	12.6	0.0	12.6	
0.58594	-0.2	3085	8.9	12.6	-3.7	12.6	0.0	12.6	
0.58984	-0.2	3084	8.9	12.7	-3.8	12.7	0.0	12.7	
0.59375	-0.2	3084	9.0	12.7	-3.7	12.7	0.0	12.7	
0.59766	-0.2	3084	9.0	12.7	-3.7	12.7	0.0	12.7	
0.60156	-0.2	3084	9.0	12.7	-3.7	12.7	0.0	12.7	
0.60547	-0.2	3084	9.0	12.7	-3.7	12.7	0.0	12.7	
0.60938	-0.2	3084	9.0	12.7	-3.7	12.7	0.0	12.7	
0.61328	-0.2	3084	9.0	12.7	-3.7	12.7	0.0	12.7	
0.61719	-0.2	3084	9.1	12.7	-3.6	12.7	0.0	12.7	
0.62109	-0.2	3084	9.1	12.7	-3.6	12.7	0.0	12.7	
0.62500	-0.2	3084	9.1	12.7	-3.6	12.7	0.0	12.7	
0.62891	-0.2	3084	9.1	12.7	-3.6	12.7	0.0	12.7	
0.63281	-0.1	3084	9.1	12.7	-3.6	12.7	0.0	12.7	
0.63672	-0.1	3084	9.1	12.7	-3.6	12.7	0.0	12.7	
0.64062	-0.1	3084	9.1	12.7	-3.6	12.7	0.0	12.7	
0.64453	-0.1	3084	9.1	12.7	-3.6	12.7	0.0	12.7	
0.64844	-0.1	3084	9.1	12.7	-3.6	12.7	0.0	12.7	
0.65234	-0.1	3084	9.0	12.7	-3.7	12.7	0.0	12.7	
0.65625	-0.1	3084	9.0	12.7	-3.7	12.7	0.0	12.7	
0.66016	-0.1	3084	9.0	12.7	-3.7	12.7	0.0	12.7	
0.66406	-0.1	3084	9.0	12.7	-3.7	12.7	0.0	12.7	
0.66797	-0.1	3084	9.0	12.7	-3.7	12.7	0.0	12.7	
0.67188	-0.1	3084	9.0	12.7	-3.7	12.7	0.0	12.7	
0.67578	-0.1	3084	9.0	12.7	-3.7	12.7	0.0	12.7	
0.67969	-0.2	3084	9.0	12.7	-3.7	12.7	0.0	12.7	
0.68359	-0.2	3084	9.0	12.7	-3.7	12.7	0.0	12.7	
0.68750	-0.2	3084	9.0	12.7	-3.7	12.7	0.0	12.7	
0.69141	-0.2	3084	9.0	12.7	-3.7	12.7	0.0	12.7	
0.69531	-0.2	3084	9.0	12.7	-3.7	12.7	0.0	12.7	
0.69922	-0.2	3084	9.0	12.7	-3.7	12.7	0.0	12.7	
0.70312	-0.2	3084	9.0	12.7	-3.7	12.7	0.0	12.7	
0.70703	-0.2	3084	9.0	12.7	-3.7	12.7	0.0	12.7	
0.71094	-0.2	3084	9.0	12.6	-3.6	12.6	0.0	12.6	
0.71484	-0.2	3084	9.0	12.6	-3.6	12.6	0.0	12.6	
0.71875	-0.2	3084	9.0	12.6	-3.6	12.6	0.0	12.6	
0.72266	-0.1	3084	9.0	12.6	-3.6	12.6	0.0	12.6	
0.72656	-0.2	3084	9.0	12.6	-3.6	12.6	0.0	12.6	
0.73047	-0.2	3084	9.0	12.6	-3.6	12.6	0.0	12.6	
0.73438	-0.1	3084	9.0	12.6	-3.6	12.6	0.0	12.6	
0.73828	-0.2	3084	9.0	12.6	-3.6	12.6	0.0	12.6	
0.74219	-0.2	3084	9.0	12.6	-3.6	12.6	0.0	12.6	
0.74609	-0.2	3084	9.0	12.6	-3.6	12.6	0.0	12.6	
0.75000	-0.2	3084	9.0	12.6	-3.6	12.6	0.0	12.6	
0.75391	-0.2	3084	9.0	12.6	-3.6	12.6	0.0	12.6	
0.75781	-0.2	3084	9.0	12.6	-3.6	12.6	0.0	12.6	
0.76172	-0.2	3084	9.0	12.6	-3.6	12.6	0.0	12.6	
0.76562	-0.2	3084	9.0	12.6	-3.6	12.6	0.0	12.6	
0.76953	-0.2	3084	9.0	12.6	-3.6	12.6	0.0	12.6	
0.77344	-0.2	3084	9.1	12.6	-3.5	12.6	0.0	12.6	
0.77734	-0.2	3084	9.1	12.6	-3.5	12.6	0.0	12.6	
0.78125	-0.2	3084	9.1	12.6	-3.5	12.6	0.0	12.6	
0.78516	-0.2	3084	9.1	12.6	-3.5	12.6	0.0	12.6	
0.78906	-0.2	3084	9.1	12.6	-3.5	12.6	0.0	12.6	
0.79297	-0.2	3084	9.1	12.6	-3.5	12.6	0.0	12.6	
0.79688	-0.2	3084	9.1	12.6	-3.5	12.6	0.0	12.6	
0.80078	-0.2	3084	9.1	12.6	-3.5	12.6	0.0	12.6	
0.80469	-0.2	3084	9.1	12.6	-3.5	12.6	0.0	12.6	
0.80859	-0.1	3084	9.1	12.6	-3.5	12.6	0.0	12.6	
0.81250	-0.1	3084	9.1	12.6	-3.5	12.6	0.0	12.6	
0.81641	-0.2	3084	9.1	12.6	-3.5	12.6	0.0	12.6	
0.82031	-0.1	3084	9.1	12.6	-3.5	12.6	0.0	12.6	
0.82422	-0.1	3084	9.1	12.6	-3.5	12.6	0.0	12.6	
0.82812	-0.1	3084	9.1	12.6	-3.5	12.6	0.0	12.6	
0.83203	-0.1	3084	9.0	12.6	-3.6	12.6	0.0	12.6	
0.83594	-0.0	3084	9.0	12.6	-3.6	12.6	0.0	12.6	
0.83984	-0.1	3084	9.0	12.6	-3.6	12.6	0.0	12.6	
0.84375	-0.0	3084	9.0	12.6	-3.6	12.6	0.0	12.6	
0.84766	-0.0	3084	9.0	12.6	-3.6	12.6	0.0	12.6	
0.85156	-0.1	3084	9.0	12.6	-3.6	12.6	0.0	12.6	
0.85547	-0.0	3084	8.9	12.6	-3.7	12.6	0.0	12.6	
0.85938	-0.0	3084	8.9	12.7	-3.8	12.7	0.0	12.7	
0.86328	-0.1	3084	8.9	12.6	-3.7	12.6	0.0	12.6	
0.86719	-0.1	3084	8.9	12.6	-3.7	12.6	0.0	12.6	
0.87109	-0.1	3084	8.9	12.6	-3.7	12.6	0.0	12.6	
0.87500	-0.1	3084	8.8	12.6	-3.8	12.6	0.0	12.6	
0.87891	-0.1	3084	8.9	12.6	-3.7	12.6	0.0	12.6	
0.88281	-0.1	3084	8.8	12.6	-3.8	12.6	0.0	12.6	
0.88672	-0.1	3084	8.8	12.6	-3.8	12.6	0.0	12.6	
0.89062	-0.1	3084	8.8	12.6	-3.8	12.6	0.0	12.6	
0.89453	-0.1	3084	8.8	12.6	-3.8	12.6	0.0	12.6	
0.89844	-0.1	3084	8.8	12.6	-3.8	12.6	0.0	12.6	
0.90234	-0.1	3084	8.8	12.6	-3.8	12.6	0.0	12.6	
0.90625	-0.0	3084	8.8	12.5	-3.7	12.5	0.0	12.5	
0.91016	0.0	3084	8.7	12.5	-3.8	12.5	0.0	12.5	
0.91406	0.0	3084	8.7	12.5	-3.8	12.5	0.0	12.5	
0.91797	0.1	3084	8.7	12.5	-3.8	12.5	0.0	12.5	
0.92188	0.1	3084	8.7	12.5	-3.8	12.5	0.0	12.5	
0.92578	0.1	3084	8.6	12.5	-3.9	12.5	0.0	12.5	
0.92969	0.1	3084	8.6	12.5	-3.9	12.5	0.0	12.5	
0.93359	0.1	3084	8.6	12.5	-3.9	12.5	0.0	12.5	
0.93750	0.0	3084	8.6	12.4	-3.8	12.4	0.0	12.4	
0.94141	-0.0	3084	8.5	12.5	-4.0	12.5	0.0	12.5	
0.94531	-0.0	3084	8.5	12.5	-4.0	12.5	0.0	12.5	
0.94922	-0.1	3084	8.5	12.5	-4.0	12.5	0.0	12.5	
0.95312	-0.2	3084	8.5	12.5	-4.0	12.5	0.0	12.5	
0.95703	-0.2	3084	8.5	12.5	-4.0	12.5	0.0	12.5	
0.96094	-0.2	3084	8.5	12.5	-4.0	12.5	0.0	12.5	
0.96484	-0.3	3084	8.5	12.5	-4.0	12.5	0.0	12.5	
0.96875	-0.4	3084	8.6	12.5	-3.9	12.5	0.0	12.5	
0.97266	-0.4	3084	8.6	12.5	-3.9	12.5	0.0	12.5	
0.97656	-0.4	3084	8.6	12.5	-3.9	12.5	0.0	12.5	
0.98047	-0.4	3084	8.7	12.5	-3.8	12.5	0.0	12.5	
0.98438	-0.4	3084	8.7	12.5	-3.8	12.5	0.0	12.5	
0.98828	-0.4	3084	8.7	12.6	-3.9	12.6	0.0	12.6	
0.99219	-0.4	3084	8.8	12.6	-3.8	12.6	0.0	12.6	
0.99609	-0.4	3083	8.8	12.6	-3.8	12.6	0.0	12.6	
1.00000	-0.4	3083	8.9	12.6	-3.7	12.6	0.0	12.6	
1.00391	-0.3	3083	8.9	12.6	-3.7	12.6	0.0	12.6	
1.00781	-0.3	3083	8.9	12.6	-3.7	12.6	0.0	12.6	
1.01172	-0.3	3083	8.9	12.6	-3.7	12.6	0.0	12.6	
1.01562	-0.2	3083	9.0	12.6	-3.6	12.6	0.0	12.6	
1.01953	-0.2	3083	9.0	12.6	-3.6	12.6	0.0	12.6	
1.02344	-0.2	3083	9.0	12.7	-3.7	12.7	0.0	12.7	
1.02734	-0.2	3083	9.0	12.7	-3.7	12.7	0.0	12.7	
1.03125	-0.2	3083	9.0	12.7	-3.7	12.7	0.0	12.7	
1.03516	-0.2	3083	9.0	12.7	-3.7	12.7	0.0	12.7	
1.03906	-0.2	3083	9.0	12.7	-3.7	12.7	0.0	12.7	
1.04297	-0.2	3083	9.0	12.7	-3.7	12.7	0.0	12.7	
1.04688	-0.2	3083	9.0	12.7	-3.7	12.7	0.0	12.7	
1.05078	-0.2	3083	9.1	12.7	-3.6	12.7	0.0	12.7	
1.05469	-0.2	3083	9.1	12.7	-3.6	12.7	0.0	12.7	
1.05859	-0.2	3083	9.1	12.7	-3.6	12.7	0.0	12.7	
1.06250	-0.2	3083	9.1	12.7	-3.6	12.7	0.0	12.7	
1.06641	-0.2	3083	9.1	12.7	-3.6	12.7	0.0	12.7	
1.07031	-0.2	3083	9.1	12.7	-3.6	12.7	0.0	12.7	
1.07422	-0.2	3083	9.1	12.7	-3.6	12.7	0.0	12.7	
1.07812	-0.1	3083	9.1	12.8	-3.7	12.8	0.0	12.8	
1.08203	-0.1	3083	9.1	12.7	-3.6	12.7	0.0	12.7	
1.08594	-0.1	3083	9.1	12.7	-3.6	12.7	0.0	12.7	
1.08984	-0.1	3083	9.1	12.7	-3.6	12.7	0.0	12.7	
1.09375	-0.1	3083	9.1	12.7	-3.6	12.7	0.0	12.7	
1.09766	-0.1	3083	9.1	12.7	-3.6	12.7	0.0	12.7	
1.10156	-0.0	3083	9.1	12.7	-3.6	12.7	0.0	12.7	
1.10547	-0.0	3083	9.1	12.7	-3.6	12.7	0.0	12.7	
1.10938	-0.1	3083	9.0	12.7	-3.7	12.7	0.0	12.7	
1.11328	-0.1	3083	9.0	12.7	-3.7	12.7	0.0	12.7	
1.11719	-0.1	3083	9.0	12.7	-3.7	12.7	0.0	12.7	
1.12109	-0.1	3083	9.0	12.7	-3.7	12.7	0.0	12.7	
1.12500	-0.1	3083	9.0	12.7	-3.7	12.7	0.0	12.7	
1.12891	-0.1	3083	9.0	12.7	-3.7	12.7	0.0	12.7	
1.13281	-0.1	3083	9.0	12.7	-3.7	12.7	0.0	12.7	
1.13672	-0.2	3083	9.0	12.7	-3.7	12.7	0.0	12.7	
1.14062	-0.2	3083	8.9	12.7	-3.8	12.7	0.0	12.7	
1.14453	-0.2	3083	8.9	12.7	-3.8	12.7	0.0	12.7	
1.14844	-0.2	3083	9.0	12.7	-3.7	12.7	0.0	12.7	
1.15234	-0.2	3083	9.0	12.7	-3.7	12.7	0.0	12.7	
1.15625	-0.2	3083	9.0	12.7	-3.7	12.7	0.0	12.7	
1.16016	-0.2	3083	8.9	12.7	-3.8	12.7	0.0	12.7	
1.16406	-0.2	3083	9.0	12.7	-3.7	12.7	0.0	12.7	
1.16797	-0.2	3083	9.0	12.7	-3.7	12.7	0.0	12.7	
1.17188	-0.2	3083	9.0	12.7	-3.7	12.7	0.0	12.7	
1.17578	-0.2	3083	9.0	12.6	-3.6	12.6	0.0	12.6	
1.17969	-0.2	3083	9.0	12.6	-3.6	12.6	0.0	12.6	
1.18359	-0.2	3083	9.0	12.6	-3.6	12.6	0.0	12.6	
1.18750	-0.2	3083	9.0	12.6	-3.6	12.6	0.0	12.6	
1.19141	-0.2	3083	9.0	12.6	-3.6	12.6	0.0	12.6	
1.19531	-0.2	3083	9.0	12.6	-3.6	12.6	0.0	12.6	
1.19922	-0.2	3083	9.0	12.6	-3.6	12.6	0.0	12.6	
1.20312	-0.2	3083	9.0	12.6	-3.6	12.6	0.0	12.6	
1.20703	-0.2	3083	9.1	12.6	-3.5	12.6	0.0	12.6	
1.21094	-0.2	3083	9.1	12.6	-3.5	12.6	0.0	12.6	
1.21484	-0.2	3083	9.1	12.6	-3.5	12.6	0.0	12.6	
1.21875	-0.2	3083	9.1	12.6	-3.5	12.6	0.0	12.6	
1.22266	-0.2	3083	9.1	12.6	-3.5	12.6	0.0	12.6	
1.22656	-0.2	3083	9.1	12.6	-3.5	12.6	0.0	12.6	
1.23047	-0.2	3083	9.2	12.6	-3.4	12.6	0.0	12.6	
1.23438	-0.2	3083	9.2	12.6	-3.4	12.6	0.0	12.6	
1.23828	-0.3	3083	9.2	12.6	-3.4	12.6	0.0	12.6	
1.24219	-0.2	3083	9.2	12.6	-3.4	12.6	0.0	12.6	
1.24609	-0.2	3083	9.2	12.6	-3.4	12.6	0.0	12.6	
1.25000	-0.1	3083	9.2	12.6	-3.4	12.6	0.0	12.6	
1.25391	-0.1	3083	9.2	12.6	-3.4	12.6	0.0	12.6	
1.25781	-0.1	3083	9.2	12.6	-3.4	12.6	0.0	12.6	
1.26172	-0.1	3083	9.2	12.6	-3.4	12.6	0.0	12.6	
1.26562	-0.1	3083	9.2	12.6	-3.4	12.6	0.0	12.6	
1.26953	-0.1	3083	9.2	12.6	-3.4	12.6	0.0	12.6	
1.27344	-0.0	3083	9.2	12.6	-3.4	12.6	0.0	12.6	
1.27734	-0.0	3083	9.2	12.6	-3.4	12.6	0.0	12.6	
1.28125	0.0	3083	9.2	12.6	-3.4	12.6	0.0	12.6	
1.28516	0.0	3083	9.1	12.6	-3.5	12.6	0.0	12.6	
1.28906	0.0	3083	9.1	12.6	-3.5	12.6	0.0	12.6	
1.29297	0.1	3083	9.1	12.6	-3.5	12.6	0.0	12.6	
1.29688	0.1	3083	9.0	12.6	-3.6	12.6	0.0	12.6	
1.30078	0.0	3083	9.0	12.6	-3.6	12.6	0.0	12.6	
1.30469	0.0	3083	9.0	12.6	-3.6	12.6	0.0	12.6	
1.30859	0.1	3083	9.0	12.6	-3.6	12.6	0.0	12.6	
1.31250	0.0	3083	8.9	12.6	-3.7	12.6	0.0	12.6	
1.31641	0.0	3083	8.9	12.6	-3.7	12.6	0.0	12.6	
1.32031	0.0	3083	8.9	12.6	-3.7	12.6	0.0	12.6	
1.32422	-0.0	3083	8.9	12.6	-3.7	12.6	0.0	12.6	
1.32812	-0.0	3083	8.8	12.6	-3.8	12.6	0.0	12.6	
1.33203	-0.0	3083	8.8	12.6	-3.8	12.6	0.0	12.6	
1.33594	-0.1	3083	8.8	12.6	-3.8	12.6	0.0	12.6	
1.33984	-0.1	3083	8.8	12.6	-3.8	12.6	0.0	12.6	
1.34375	-0.1	3083	8.8	12.6	-3.8	12.6	0.0	12.6	
1.34766	-0.1	3083	8.8	12.6	-3.8	12.6	0.0	12.6	
1.35156	-0.1	3083	8.7	12.5	-3.8	12.5	0.0	12.5	
1.35547	-0.1	3083	8.7	12.5	-3.8	12.5	0.0	12.5	
1.35938	-0.1	3083	8.7	12.5	-3.8	12.5	0.0	12.5	
1.36328	-0.0	3083	8.7	12.5	-3.8	12.5	0.0	12.5	
1.36719	0.0	3083	8.7	12.5	-3.8	12.5	0.0	12.5	
1.37109	0.0	3083	8.6	12.5	-3.9	12.5	0.0	12.5	
1.37500	0.0	3083	8.6	12.4	-3.8	12.4	0.0	12.4	
1.37891	0.1	3083	8.6	12.4	-3.8	12.4	0.0	12.4	
1.38281	0.1	3083	8.6	12.4	-3.8	12.4	0.0	12.4	
1.38672	0.0	3083	8.5	12.4	-3.9	12.4	0.0	12.4	
1.39062	0.0	3083	8.5	12.4	-3.9	12.4	0.0	12.4	
1.39453	-0.0	3083	8.5	12.4	-3.9	12.4	0.0	12.4	
1.39844	-0.1	3083	8.5	12.4	-3.9	12.4	0.0	12.4	
1.40234	-0.1	3083	8.5	12.4	-3.9	12.4	0.0	12.4	
1.40625	-0.2	3083	8.5	12.4	-3.9	12.4	0.0	12.4	
1.41016	-0.2	3083	8.5	12.4	-3.9	12.4	0.0	12.4	
1.41406	-0.3	3083	8.5	12.4	-3.9	12.4	0.0	12.4	
1.41797	-0.4	3083	8.5	12.4	-3.9	12.4	0.0	12.4	
1.42188	-0.4	3083	8.5	12.5	-4.0	12.5	0.0	12.5	
1.42578	-0.4	3083	8.6	12.5	-3.9	12.5	0.0	12.5	
1.42969	-0.5	3083	8.6	12.5	-3.9	12.5	0.0	12.5	
1.43359	-0.5	3082	8.7	12.5	-3.8	12.5	0.0	12.5	
1.43750	-0.5	3082	8.7	12.5	-3.8	12.5	0.0	12.5	
1.44141	-0.5	3082	8.8	12.5	-3.7	12.5	0.0	12.5	
1.44531	-0.5	3082	8.8	12.5	-3.7	12.5	0.0	12.5	
1.44922	-0.5	3082	8.8	12.5	-3.7	12.5	0.0	12.5	
1.45312	-0.5	3082	8.8	12.6	-3.8	12.6	0.0	12.6	
1.45703	-0.4	3082	8.9	12.6	-3.7	12.6	0.0	12.6	
1.46094	-0.3	3082	8.9	12.6	-3.7	12.6	0.0	12.6	
1.46484	-0.3	3082	9.0	12.6	-3.6	12.6	0.0	12.6	
1.46875	-0.3	3082	9.0	12.6	-3.6	12.6	0.0	12.6	
1.47266	-0.2	3082	9.0	12.6	-3.6	12.6	0.0	12.6	
1.47656	-0.2	3082	9.0	12.6	-3.6	12.6	0.0	12.6	
1.48047	-0.2	3082	9.0	12.6	-3.6	12.6	0.0	12.6	
1.48438	-0.2	3082	9.0	12.7	-3.7	12.7	0.0	12.7	
1.48828	-0.1	3082	9.0	12.7	-3.7	12.7	0.0	12.7	
1.49219	-0.1	3082	9.0	12.7	-3.7	12.7	0.0	12.7	
1.49609	-0.1	3082	9.0	12.7	-3.7	12.7	0.0	12.7	
1.50000	-0.1	3082	9.0	12.7	-3.7	12.7	0.0	12.7	
1.50391	-0.1	3082	9.0	12.7	-3.7	12.7	0.0	12.7	
1.50781	-0.1	3082	9.0	12.7	-3.7	12.7	0.0	12.7	
1.51172	-0.1	3082	9.0	12.7	-3.7	12.7	0.0	12.7	
1.51562	-0.1	3082	9.0	12.7	-3.7	12.7	0.0	12.7	
1.51953	-0.1	3082	9.0	12.7	-3.7	12.7	0.0	12.7	
1.52344	-0.1	3082	9.0	12.7	-3.7	12.7	0.0	12.7	
1.52734	-0.1	3082	9.0	12.7	-3.7	12.7	0.0	12.7	
1.53125	-0.1	3082	8.9	12.7	-3.8	12.7	0.0	12.7	
1.53516	-0.1	3082	8.9	12.7	-3.8	12.7	0.0	12.7	
1.53906	-0.1	3082	8.9	12.7	-3.8	12.7	0.0	12.7	
1.54297	-0.0	3082	8.9	12.7	-3.8	12.7	0.0	12.7	
1.54688	-0.0	3082	8.9	12.7	-3.8	12.7	0.0	12.7	
1.55078	-0.0	3082	8.9	12.7	-3.8	12.7	0.0	12.7	
1.55469	-0.0	3082	8.8	12.6	-3.8	12.6	0.0	12.6	
1.55859	-0.0	3082	8.8	12.6	-3.8	12.6	0.0	12.6	
1.56250	0.0	3082	8.8	12.6	-3.8	12.6	0.0	12.6	
1.56641	-0.0	3082	8.8	12.6	-3.8	12.6	0.0	12.6	
1.57031	-0.1	3082	8.7	12.6	-3.9	12.6	0.0	12.6	
1.57422	-0.1	3082	8.7	12.6	-3.9	12.6	0.0	12.6	
1.57812	-0.1	3082	8.7	12.6	-3.9	12.6	0.0	12.6	
1.58203	-0.1	3082	8.7	12.6	-3.9	12.6	0.0	12.6	
1.58594	-0.2	3082	8.7	12.6	-3.9	12.6	0.0	12.6	
1.58984	-0.2	3082	8.7	12.6	-3.9	12.6	0.0	12.6	
1.59375	-0.2	3082	8.7	12.6	-3.9	12.6	0.0	12.6	
1.59766	-0.2	3082	8.7	12.6	-3.9	12.6	0.0	12.6	
1.60156	-0.2	3082	8.7	12.6	-3.9	12.6	0.0	12.6	
1.60547	-0.2	3082	8.7	12.6	-3.9	12.6	0.0	12.6	
1.60938	-0.2	3082	8.7	12.6	-3.9	12.6	0.0	12.6	
1.61328	-0.2	3082	8.7	12.5	-3.8	12.5	0.0	12.5	
1.61719	-0.3	3082	8.8	12.5	-3.7	12.5	0.0	12.5	
1.62109	-0.3	3082	8.8	12.5	-3.7	12.5	0.0	12.5	
1.62500	-0.2	3082	8.8	12.5	-3.7	12.5	0.0	12.5	
1.62891	-0.2	3082	8.8	12.5	-3.7	12.5	0.0	12.5	
1.63281	-0.3	3082	8.8	12.5	-3.7	12.5	0.0	12.5	
1.63672	-0.3	3082	8.9	12.5	-3.6	12.5	0.0	12.5	
1.64062	-0.2	3082	8.9	12.5	-3.6	12.5	0.0	12.5	
1.64453	-0.2	3082	8.9	12.5	-3.6	12.5	0.0	12.5	
1.64844	-0.3	3082	8.9	12.5	-3.6	12.5	0.0	12.5	
1.65234	-0.2	3082	8.9	12.5	-3.6	12.5	0.0	12.5	
1.65625	-0.2	3082	8.9	12.5	-3.6	12.5	0.0	12.5	
1.66016	-0.3	3082	8.9	12.5	-3.6	12.5	0.0	12.5	
1.66406	-0.3	3082	9.0	12.5	-3.5	12.5	0.0	12.5	
1.66797	-0.3	3082	9.0	12.5	-3.5	12.5	0.0	12.5	
1.67188	-0.3	3082	9.0	12.5	-3.5	12.5	0.0	12.5	
1.67578	-0.3	3082	9.0	12.5	-3.5	12.5	0.0	12.5	
1.67969	-0.3	3082	9.0	12.5	-3.5	12.5	0.0	12.5	
1.68359	-0.3	3082	9.1	12.5	-3.4	12.5	0.0	12.5	
1.68750	-0.3	3082	9.1	12.5	-3.4	12.5	0.0	12.5	
1.69141	-0.3	3082	9.1	12.5	-3.4	12.5	0.0	12.5	
1.69531	-0.3	3082	9.1	12.5	-3.4	12.5	0.0	12.5	
1.69922	-0.3	3082	9.2	12.5	-3.3	12.5	0.0	12.5	
1.70312	-0.2	3082	9.2	12.5	-3.3	12.5	0.0	12.5	
1.70703	-0.2	3082	9.2	12.5	-3.3	12.5	0.0	12.5	
1.71094	-0.2	3082	9.2	12.5	-3.3	12.5	0.0	12.5	
1.71484	-0.2	3082	9.2	12.5	-3.3	12.5	0.0	12.5	
1.71875	-0.2	3081	9.2	12.5	-3.3	12.5	0.0	12.5	
1.72266	-0.2	3081	9.2	12.5	-3.3	12.5	0.0	12.5	
1.72656	-0.1	3081	9.2	12.5	-3.3	12.5	0.0	12.5	
1.73047	-0.1	3081	9.2	12.5	-3.3	12.5	0.0	12.5	
1.73438	-0.1	3081	9.2	12.6	-3.4	12.6	0.0	12.6	
1.73828	-0.1	3081	9.2	12.6	-3.4	12.6	0.0	12.6	
1.74219	-0.1	3081	9.2	12.6	-3.4	12.6	0.0	12.6	
1.74609	-0.1	3081	9.2	12.6	-3.4	12.6	0.0	12.6	
1.75000	-0.1	3081	9.2	12.6	-3.4	12.6	0.0	12.6	
1.75391	-0.1	3081	9.2	12.6	-3.4	12.6	0.0	12.6	
1.75781	-0.2	3081	9.2	12.6	-3.4	12.6	0.0	12.6	
1.76172	-0.1	3081	9.2	12.6	-3.4	12.6	0.0	12.6	
1.76562	-0.1	3081	9.2	12.6	-3.4	12.6	0.0	12.6	
1.76953	-0.2	3081	9.2	12.6	-3.4	12.6	0.0	12.6	
1.77344	-0.1	3081	9.1	12.6	-3.5	12.6	0.0	12.6	
1.77734	-0.2	3081	9.1	12.6	-3.5	12.6	0.0	12.6	
1.78125	-0.2	3081	9.1	12.6	-3.5	12.6	0.0	12.6	
1.78516	-0.2	3081	9.1	12.6	-3.5	12.6	0.0	12.6	
1.78906	-0.2	3081	9.1	12.6	-3.5	12.6	0.0	12.6	
1.79297	-0.2	3081	9.1	12.6	-3.5	12.6	0.0	12.6	
1.79688	-0.2	3081	9.1	12.6	-3.5	12.6	0.0	12.6	
1.80078	-0.1	3081	9.1	12.6	-3.5	12.6	0.0	12.6	
1.80469	-0.1	3081	9.1	12.6	-3.5	12.6	0.0	12.6	
1.80859	-0.1	3081	9.1	12.6	-3.5	12.6	0.0	12.6	
1.81250	-0.0	3081	9.1	12.6	-3.5	12.6	0.0	12.6	
1.81641	0.0	3081	9.0	12.5	-3.5	12.5	0.0	12.5	
1.82031	0.0	3081	9.0	12.5	-3.5	12.5	0.0	12.5	
1.82422	0.0	3081	9.0	12.5	-3.5	12.5	0.0	12.5	
1.82812	0.1	3081	9.0	12.5	-3.5	12.5	0.0	12.5	
1.83203	0.1	3081	8.9	12.5	-3.6	12.5	0.0	12.5	
1.83594	0.1	3081	8.9	12.5	-3.6	12.5	0.0	12.5	
1.83984	0.1	3081	8.9	12.5	-3.6	12.5	0.0	12.5	
1.84375	0.0	3081	8.8	12.5	-3.7	12.5	0.0	12.5	
1.84766	-0.0	3081	8.8	12.5	-3.7	12.5	0.0	12.5	
1.85156	-0.1	3081	8.8	12.5	-3.7	12.5	0.0	12.5	
1.85547	-0.2	3081	8.8	12.5	-3.7	12.5	0.0	12.5	
1.85938	-0.2	3081	8.8	12.5	-3.7	12.5	0.0	12.5	
1.86328	-0.3	3081	8.8	12.5	-3.7	12.5	0.0	12.5	
1.86719	-0.4	3081	8.8	12.5	-3.7	12.5	0.0	12.5	
1.87109	-0.5	3081	8.9	12.5	-3.6	12.5	0.0	12.5	
1.87500	-0.5	3081	8.9	12.5	-3.6	12.5	0.0	12.5	
1.87891	-0.6	3081	8.9	12.5	-3.6	12.5	0.0	12.5	
1.88281	-0.7	3081	9.0	12.6	-3.6	12.6	0.0	12.6	
1.88672	-0.7	3081	9.1	12.6	-3.5	12.6	0.0	12.6	
1.89062	-0.7	3081	9.1	12.6	-3.5	12.6	0.0	12.6	
1.89453	-0.7	3081	9.2	12.6	-3.4	12.6	0.0	12.6	
1.89844	-0.7	3081	9.2	12.6	-3.4	12.6	0.0	12.6	
1.90234	-0.6	3081	9.3	12.7	-3.4	12.7	0.0	12.7	
1.90625	-0.6	3081	9.3	12.7	-3.4	12.7	0.0	12.7	
1.91016	-0.6	3081	9.4	12.7	-3.3	12.7	0.0	12.7	
1.91406	-0.5	3081	9.4	12.7	-3.3	12.7	0.0	12.7	
1.91797	-0.4	3081	9.5	12.7	-3.2	12.7	0.0	12.7	
1.92188	-0.4	3081	9.5	12.7	-3.2	12.7	0.0	12.7	
1.92578	-0.4	3081	9.5	12.8	-3.3	12.8	0.0	12.8	
1.92969	-0.3	3081	9.6	12.8	-3.2	12.8	0.0	12.8	
1.93359	-0.3	3081	9.6	12.8	-3.2	12.8	0.0	12.8	
1.93750	-0.3	3081	9.7	12.8	-3.1	12.8	0.0	12.8	
1.94141	-0.4	3081	9.7	12.8	-3.1	12.8	0.0	12.8	
1.94531	-0.3	3081	9.7	12.8	-3.1	12.8	0.0	12.8	
1.94922	-0.4	3081	9.7	12.9	-3.2	12.9	0.0	12.9	
1.95312	-0.4	3081	9.8	12.9	-3.1	12.9	0.0	12.9	
1.95703	-0.4	3080	9.8	12.9	-3.1	12.9	0.0	12.9	
1.96094	-0.5	3080	9.8	12.9	-3.1	12.9	0.0	12.9	
1.96484	-0.5	3080	9.9	12.9	-3.0	12.9	0.0	12.9	
1.96875	-0.6	3080	9.9	12.9	-3.0	12.9	0.0	12.9	
1.97266	-0.6	3080	10.0	13.0	-3.0	13.0	0.0	13.0	
1.97656	-0.6	3080	10.0	13.0	-3.0	13.0	0.0	13.0	
1.98047	-0.6	3080	10.1	13.0	-2.9	13.0	0.0	13.0	
1.98438	-0.5	3080	10.1	13.0	-2.9	13.0	0.0	13.0	
1.98828	-0.5	3080	10.1	13.0	-2.9	13.0	0.0	13.0	
1.99219	-0.5	3080	10.2	13.0	-2.8	13.0	0.0	13.0	
1.99609	-0.4	3080	10.2	13.0	-2.8	13.0	0.0	13.0	
2.00000	-0.4	3080	10.2	13.0	-2.8	13.0	0.0	13.0	
2.00391	-0.3	3080	10.3	13.1	-2.8	13.1	0.0	13.1	
2.00781	-0.3	3080	10.3	13.1	-2.8	13.1	0.0	13.1	
2.01172	-0.2	3080	10.3	13.1	-2.8	13.1	0.0	13.1	
2.01562	-0.2	3080	10.3	13.1	-2.8	13.1	0.0	13.1	
2.01953	-0.2	3080	10.3	13.1	-2.8	13.1	0.0	13.1	
2.02344	-0.2	3080	10.3	13.1	-2.8	13.1	0.0	13.1	
2.02734	-0.1	3080	10.3	13.1	-2.8	13.1	0.0	13.1	
2.03125	-0.2	3080	10.3	13.2	-2.9	13.2	0.0	13.2	
2.03516	-0.2	3080	10.3	13.2	-2.9	13.2	0.0	13.2	
2.03906	-0.2	3080	10.4	13.2	-2.8	13.2	0.0	13.2	
2.04297	-0.2	3080	10.4	13.2	-2.8	13.2	0.0	13.2	
2.04688	-0.3	3080	10.4	13.2	-2.8	13.2	0.0	13.2	
2.05078	-0.3	3080	10.4	13.2	-2.8	13.2	0.0	13.2	
2.05469	-0.4	3080	10.4	13.2	-2.8	13.2	0.0	13.2	
2.05859	-0.3	3080	10.5	13.2	-2.7	13.2	0.0	13.2	
2.06250	-0.4	3080	10.5	13.3	-2.8	13.3	0.0	13.3	
2.06641	-0.4	3080	10.5	13.3	-2.8	13.3	0.0	13.3	
2.07031	-0.4	3080	10.6	13.3	-2.7	13.3	0.0	13.3	
2.07422	-0.4	3080	10.6	13.3	-2.7	13.3	0.0	13.3	
2.07812	-0.4	3080	10.6	13.3	-2.7	13.3	0.0	13.3	
2.08203	-0.4	3080	10.7	13.3	-2.6	13.3	0.0	13.3	
2.08594	-0.4	3080	10.7	13.3	-2.6	13.3	0.0	13.3	
2.08984	-0.3	3080	10.7	13.3	-2.6	13.3	0.0	13.3	
2.09375	-0.3	3080	10.8	13.4	-2.6	13.4	0.0	13.4	
2.09766	-0.3	3080	10.8	13.4	-2.6	13.4	0.0	13.4	
2.10156	-0.4	3080	10.8	13.4	-2.6	13.4	0.0	13.4	
2.10547	-0.4	3080	10.9	13.4	-2.5	13.4	0.0	13.4	
2.10938	-0.4	3080	10.9	13.4	-2.5	13.4	0.0	13.4	
2.11328	-0.4	3080	11.0	13.4	-2.4	13.4	0.0	13.4	
2.11719	-0.4	3080	11.0	13.4	-2.4	13.4	0.0	13.4	
2.12109	-0.5	3079	11.0	13.5	-2.5	13.5	0.0	13.5	
2.12500	-0.5	3079	11.1	13.5	-2.4	13.5	0.0	13.5	
2.12891	-0.6	3079	11.1	13.5	-2.4	13.5	0.0	13.5	
2.13281	-0.6	3079	11.2	13.5	-2.3	13.5	0.0	13.5	
2.13672	-0.6	3079	11.2	13.5	-2.3	13.5	0.0	13.5	
2.14062	-0.6	3079	11.3	13.6	-2.3	13.6	0.0	13.6	
2.14453	-0.6	3079	11.3	13.6	-2.3	13.6	0.0	13.6	
2.14844	-0.6	3079	11.4	13.6	-2.2	13.6	0.0	13.6	
2.15234	-0.6	3079	11.4	13.6	-2.2	13.6	0.0	13.6	
2.15625	-0.5	3079	11.5	13.6	-2.1	13.6	0.0	13.6	
2.16016	-0.4	3079	11.5	13.7	-2.2	13.7	0.0	13.7	
2.16406	-0.5	3079	11.5	13.7	-2.2	13.7	0.0	13.7	
2.16797	-0.5	3079	11.6	13.7	-2.1	13.7	0.0	13.7	
2.17188	-0.4	3079	11.6	13.7	-2.1	13.7	0.0	13.7	
2.17578	-0.4	3079	11.7	13.7	-2.0	13.7	0.0	13.7	
2.17969	-0.5	3079	11.7	13.8	-2.1	13.8	0.0	13.8	
2.18359	-0.5	3079	11.8	13.8	-2.0	13.8	0.0	13.8	
2.18750	-0.5	3079	11.8	13.8	-2.0	13.8	0.0	13.8	
2.19141	-0.4	3079	11.8	13.9	-2.1	13.9	0.0	13.9	
2.19531	-0.5	3079	11.9	13.9	-2.0	13.9	0.0	13.9	
2.19922	-0.5	3079	11.9	13.9	-2.0	13.9	0.0	13.9	
2.20312	-0.5	3079	12.0	13.9	-1.9	13.9	0.0	13.9	
2.20703	-0.5	3079	12.0	14.0	-2.0	14.0	0.0	14.0	
2.21094	-0.5	3079	12.0	14.0	-2.0	14.0	0.0	14.0	
2.21484	-0.6	3079	12.1	14.1	-2.0	14.1	0.0	14.1	
2.21875	-0.6	3079	12.1	14.1	-2.0	14.1	0.0	14.1	
2.22266	-0.6	3079	12.2	14.1	-1.9	14.1	0.0	14.1	
2.22656	-0.6	3079	12.2	14.2	-2.0	14.2	0.0	14.2	
2.23047	-0.7	3079	12.3	14.2	-1.9	14.2	0.0	14.2	
2.23438	-0.8	3078	12.4	14.3	-1.9	14.3	0.0	14.3	
2.23828	-0.8	3078	12.4	14.3	-1.9	14.3	0.0	14.3	
2.24219	-0.8	3078	12.5	14.3	-1.8	14.3	0.0	14.3	
2.24609	-0.9	3078	12.6	14.4	-1.8	14.4	0.0	14.4	
2.25000	-1.0	3078	12.6	14.4	-1.8	14.4	0.0	14.4	
2.25391	-1.0	3078	12.7	14.4	-1.7	14.4	0.0	14.4	
2.25781	-1.0	3078	12.8	14.4	-1.6	14.4	0.0	14.4	
2.26172	-1.0	3078	12.8	14.5	-1.7	14.5	0.0	14.5	
2.26562	-1.0	3078	12.9	14.5	-1.6	14.5	0.0	14.5	
2.26953	-1.0	3078	13.0	14.5	-1.5	14.5	0.0	14.5	
2.27344	-0.9	3078	13.0	14.6	-1.6	14.6	0.0	14.6	
2.27734	-0.8	3078	13.1	14.6	-1.5	14.6	0.0	14.6	
2.28125	-0.8	3078	13.2	14.6	-1.4	14.6	0.0	14.6	
2.28516	-0.8	3078	13.2	14.7	-1.5	14.7	0.0	14.7	
2.28906	-0.8	3078	13.3	14.7	-1.4	14.7	0.0	14.7	
2.29297	-0.9	3078	13.4	14.7	-1.3	14.7	0.0	14.7	
2.29688	-0.9	3078	13.4	14.8	-1.4	14.8	0.0	14.8	
2.30078	-0.9	3077	13.5	14.9	-1.4	14.9	0.0	14.9	
2.30469	-1.0	3077	13.6	14.9	-1.3	14.9	0.0	14.9	
2.30859	-1.0	3077	13.7	15.0	-1.3	15.0	0.0	15.0	
2.31250	-1.0	3077	13.7	15.0	-1.3	15.0	0.0	15.0	
2.31641	-1.1	3077	13.8	15.1	-1.3	15.1	0.0	15.1	
2.32031	-1.2	3077	13.9	15.1	-1.2	15.1	0.0	15.1	
2.32422	-1.3	3077	14.0	15.2	-1.2	15.2	0.0	15.2	
2.32812	-1.3	3077	14.0	15.3	-1.3	15.3	0.0	15.3	
2.33203	-1.3	3077	14.1	15.3	-1.2	15.3	0.0	15.3	
2.33594	-1.3	3077	14.2	15.4	-1.2	15.4	0.0	15.4	
2.33984	-1.4	3077	14.3	15.5	-1.2	15.5	0.0	15.5	
2.34375	-1.3	3077	14.4	15.5	-1.1	15.5	0.0	15.5	
2.34766	-1.4	3077	14.5	15.6	-1.1	15.6	0.0	15.6	
2.35156	-1.3	3076	14.5	15.7	-1.2	15.7	0.0	15.7	
2.35547	-1.3	3076	14.6	15.7	-1.1	15.7	0.0	15.7	
2.35938	-1.3	3076	14.7	15.8	-1.1	15.8	0.0	15.8	
2.36328	-1.3	3076	14.8	15.8	-1.0	15.8	0.0	15.8	
2.36719	-1.2	3076	14.9	15.9	-1.0	15.9	0.0	15.9	
2.37109	-1.2	3076	15.0	16.0	-1.0	16.0	0.0	16.0	
2.37500	-1.3	3076	15.0	16.0	-1.0	16.0	0.0	16.0	
2.37891	-1.3	3076	15.1	16.1	-1.0	16.1	0.0	16.1	
2.38281	-1.3	3076	15.2	16.2	-1.0	16.2	0.0	16.2	
2.38672	-1.3	3076	15.3	16.2	-0.9	16.2	0.0	16.2	
2.39062	-1.4	3076	15.4	16.3	-0.9	16.3	0.0	16.3	
2.39453	-1.4	3076	15.5	16.3	-0.8	16.3	0.0	16.3	
2.39844	-1.5	3075	15.6	16.4	-0.8	16.4	0.0	16.4	
2.40234	-1.5	3075	15.7	16.4	-0.7	16.4	0.0	16.4	
2.40625	-1.5	3075	15.7	16.5	-0.8	16.5	0.0	16.5	
2.41016	-1.6	3075	15.8	16.5	-0.7	16.5	0.0	16.5	
2.41406	-1.5	3075	15.9	16.6	-0.7	16.6	0.0	16.6	
2.41797	-1.5	3075	16.0	16.7	-0.7	16.7	0.0	16.7	
2.42188	-1.5	3075	16.1	16.7	-0.6	16.7	0.0	16.7	
2.42578	-1.5	3075	16.2	16.7	-0.5	16.7	0.0	16.7	
2.42969	-1.4	3075	16.3	16.8	-0.5	16.8	0.0	16.8	
2.43359	-1.3	3075	16.3	16.8	-0.5	16.8	0.0	16.8	
2.43750	-1.2	3074	16.4	16.9	-0.5	16.9	0.0	16.9	
2.44141	-1.1	3074	16.5	16.9	-0.4	16.9	0.0	16.9	
2.44531	-0.9	3074	16.5	17.0	-0.5	17.0	0.0	17.0	
2.44922	-0.8	3074	16.6	17.0	-0.4	17.0	0.0	17.0	
2.45312	-0.7	3074	16.6	17.1	-0.5	17.1	0.0	17.1	
2.45703	-0.6	3074	16.7	17.1	-0.4	17.1	0.0	17.1	
2.46094	-0.6	3074	16.7	17.2	-0.5	17.2	0.0	17.2	
2.46484	-0.5	3074	16.8	17.2	-0.4	17.2	0.0	17.2	
2.46875	-0.5	3074	16.8	17.3	-0.5	17.3	0.0	17.3	
2.47266	-0.5	3074	16.8	17.3	-0.5	17.3	0.0	17.3	
2.47656	-0.5	3074	16.9	17.4	-0.5	17.4	0.0	17.4	
2.48047	-0.6	3074	16.9	17.4	-0.5	17.4	0.0	17.4	
2.48438	-0.6	3074	17.0	17.5	-0.5	17.5	0.0	17.5	
2.48828	-0.7	3074	17.0	17.6	-0.6	17.6	0.0	17.6	
2.49219	-0.8	3074	17.1	17.6	-0.5	17.6	0.0	17.6	
2.49609	-0.8	3074	17.1	17.7	-0.6	17.7	0.0	17.7	
2.50000	-0.9	3074	17.2	17.7	-0.5	17.7	0.0	17.7	
2.50391	-0.9	3074	17.2	17.8	-0.6	17.8	0.0	17.8	
2.50781	-0.9	3074	17.3	17.8	-0.5	17.8	0.0	17.8	
2.51172	-0.9	3074	17.4	17.9	-0.5	17.9	0.0	17.9	
2.51562	-0.9	3074	17.4	18.0	-0.6	18.0	0.0	18.0	
2.51953	-0.9	3073	17.5	18.0	-0.5	18.0	0.0	18.0	
2.52344	-0.8	3073	17.5	18.1	-0.6	18.1	0.0	18.1	
2.52734	-0.7	3073	17.6	18.1	-0.5	18.1	0.0	18.1	
2.53125	-0.7	3073	17.6	18.2	-0.6	18.2	0.0	18.2	
2.53516	-0.6	3073	17.7	18.2	-0.5	18.2	0.0	18.2	
2.53906	-0.5	3073	17.7	18.3	-0.6	18.3	0.0	18.3	
2.54297	-0.5	3073	17.7	18.3	-0.6	18.3	0.0	18.3	
2.54688	-0.4	3073	17.8	18.4	-0.6	18.4	0.0	18.4	
2.55078	-0.3	3073	17.8	18.4	-0.6	18.4	0.0	18.4	
2.55469	-0.3	3073	17.8	18.5	-0.7	18.5	0.0	18.5	
2.55859	-0.3	3073	17.8	18.5	-0.7	18.5	0.0	18.5	
2.56250	-0.2	3073	17.9	18.6	-0.7	18.6	0.0	18.6	
2.56641	-0.3	3073	17.9	18.6	-0.7	18.6	0.0	18.6	
2.57031	-0.3	3073	17.9	18.7	-0.8	18.7	0.0	18.7	
2.57422	-0.3	3073	17.9	18.7	-0.8	18.7	0.0	18.7	
2.57812	-0.3	3073	17.9	18.7	-0.8	18.7	0.0	18.7	
2.58203	-0.3	3073	18.0	18.8	-0.8	18.8	0.0	18.8	
2.58594	-0.3	3073	18.0	18.8	-0.8	18.8	0.0	18.8	
2.58984	-0.3	3073	18.0	18.9	-0.9	18.9	0.0	18.9	
2.59375	-0.3	3073	18.0	18.9	-0.9	18.9	0.0	18.9	
2.59766	-0.2	3073	18.0	19.0	-1.0	19.0	0.0	19.0	
2.60156	-0.2	3073	18.0	19.0	-1.0	19.0	0.0	19.0	
2.60547	-0.2	3073	18.0	19.0	-1.0	19.0	0.0	19.0	
2.60938	-0.3	3073	18.1	19.1	-1.0	19.1	0.0	19.1	
2.61328	-0.2	3073	18.1	19.1	-1.0	19.1	0.0	19.1	
2.61719	-0.2	3073	18.1	19.2	-1.1	19.2	0.0	19.2	
2.62109	-0.2	3073	18.1	19.2	-1.1	19.2	0.0	19.2	
2.62500	-0.1	3073	18.1	19.3	-1.2	19.3	0.0	19.3	
2.62891	-0.1	3073	18.1	19.3	-1.2	19.3	0.0	19.3	
2.63281	-0.1	3073	18.1	19.4	-1.3	19.4	0.0	19.4	
2.63672	-0.1	3073	18.1	19.4	-1.3	19.4	0.0	19.4	
2.64062	-0.1	3073	18.0	19.5	-1.5	19.5	0.0	19.5	
2.64453	-0.1	3073	18.0	19.6	-1.6	19.6	0.0	19.6	
2.64844	-0.0	3073	18.0	19.6	-1.6	19.6	0.0	19.6	
2.65234	-0.0	3073	18.0	19.7	-1.7	19.7	0.0	19.7	
2.65625	-0.1	3073	18.0	19.7	-1.7	19.7	0.0	19.7	
2.66016	-0.0	3073	17.9	19.8	-1.9	19.8	0.0	19.8	
2.66406	-0.1	3073	17.9	19.9	-2.0	19.9	0.0	19.9	
2.66797	-0.1	3073	17.9	19.9	-2.0	19.9	0.0	19.9	
2.67188	-0.1	3073	17.9	20.0	-2.1	20.0	0.0	20.0	
2.67578	-0.2	3073	17.9	20.0	-2.1	20.0	0.0	20.0	
2.67969	-0.2	3073	17.9	20.1	-2.2	20.1	0.0	20.1	
2.68359	-0.3	3073	17.9	20.1	-2.2	20.1	0.0	20.1	
2.68750	-0.4	3073	17.9	20.2	-2.3	20.2	0.0	20.2	
2.69141	-0.4	3073	17.9	20.2	-2.3	20.2	0.0	20.2	
2.69531	-0.5	3073	17.9	20.3	-2.4	20.3	0.0	20.3	
2.69922	-0.6	3073	18.0	20.3	-2.3	20.3	0.0	20.3	
2.70312	-0.7	3073	18.0	20.3	-2.3	20.3	0.0	20.3	
2.70703	-0.7	3073	18.1	20.4	-2.3	20.4	0.0	20.4	
2.71094	-0.8	3072	18.1	20.4	-2.3	20.4	0.0	20.4	
2.71484	-0.8	3072	18.2	20.5	-2.3	20.5	0.0	20.5	
2.71875	-0.8	3072	18.3	20.5	-2.2	20.5	0.0	20.5	
2.72266	-0.9	3072	18.3	20.5	-2.2	20.5	0.0	20.5	
2.72656	-0.9	3072	18.4	20.5	-2.1	20.5	0.0	20.5	
2.73047	-0.9	3072	18.5	20.6	-2.1	20.6	0.0	20.6	
2.73438	-0.9	3072	18.6	20.6	-2.0	20.6	0.0	20.6	
2.73828	-0.9	3072	18.6	20.7	-2.1	20.7	0.0	20.7	
2.74219	-0.9	3072	18.7	20.7	-2.0	20.7	0.0	20.7	
2.74609	-0.9	3072	18.8	20.8	-2.0	20.8	0.0	20.8	
2.75000	-0.8	3072	18.8	20.8	-2.0	20.8	0.0	20.8	
2.75391	-0.8	3072	18.9	20.9	-2.0	20.9	0.0	20.9	
2.75781	-0.9	3072	18.9	21.0	-2.1	21.0	0.0	21.0	
2.76172	-0.9	3072	19.0	21.0	-2.0	21.0	0.0	21.0	
2.76562	-0.8	3072	19.1	21.1	-2.0	21.1	0.0	21.1	
2.76953	-0.8	3072	19.1	21.2	-2.1	21.2	0.0	21.2	
2.77344	-0.9	3072	19.2	21.3	-2.1	21.3	0.0	21.3	
2.77734	-0.9	3072	19.3	21.3	-2.0	21.3	0.0	21.3	
2.78125	-0.9	3071	19.3	21.4	-2.1	21.4	0.0	21.4	
2.78516	-0.9	3071	19.4	21.4	-2.0	21.4	0.0	21.4	
2.78906	-0.9	3071	19.5	21.5	-2.0	21.5	0.0	21.5	
2.79297	-0.9	3071	19.5	21.6	-2.1	21.6	0.0	21.6	
2.79688	-0.9	3071	19.6	21.6	-2.0	21.6	0.0	21.6	
2.80078	-0.8	3071	19.7	21.7	-2.0	21.7	0.0	21.7	
2.80469	-0.7	3071	19.7	21.8	-2.1	21.8	0.0	21.8	
2.80859	-0.7	3071	19.8	21.8	-2.0	21.8	0.0	21.8	
2.81250	-0.7	3071	19.8	21.9	-2.1	21.9	0.0	21.9	
2.81641	-0.6	3071	19.9	21.9	-2.0	21.9	0.0	21.9	
2.82031	-0.5	3071	19.9	22.0	-2.1	22.0	0.0	22.0	
2.82422	-0.5	3071	19.9	22.0	-2.1	22.0	0.0	22.0	
2.82812	-0.5	3071	20.0	22.1	-2.1	22.1	0.0	22.1	
2.83203	-0.4	3071	20.0	22.1	-2.1	22.1	0.0	22.1	
2.83594	-0.3	3071	20.0	22.1	-2.1	22.1	0.0	22.1	
2.83984	-0.3	3071	20.1	22.2	-2.1	22.2	0.0	22.2	
2.84375	-0.3	3071	20.1	22.2	-2.1	22.2	0.0	22.2	
2.84766	-0.3	3071	20.1	22.2	-2.1	22.2	0.0	22.2	
2.85156	-0.3	3071	20.1	22.2	-2.1	22.2	0.0	22.2	
2.85547	-0.3	3071	20.1	22.3	-2.2	22.3	0.0	22.3	
2.85938	-0.3	3071	20.1	22.3	-2.2	22.3	0.0	22.3	
2.86328	-0.3	3071	20.2	22.3	-2.1	22.3	0.0	22.3	
2.86719	-0.3	3071	20.2	22.3	-2.1	22.3	0.0	22.3	
2.87109	-0.3	3071	20.2	22.3	-2.1	22.3	0.0	22.3	
2.87500	-0.3	3071	20.2	22.3	-2.1	22.3	0.0	22.3	
2.87891	-0.3	3071	20.2	22.3	-2.1	22.3	0.0	22.3	
2.88281	-0.3	3071	20.3	22.3	-2.0	22.3	0.0	22.3	
2.88672	-0.3	3071	20.3	22.4	-2.1	22.4	0.0	22.4	
2.89062	-0.3	3071	20.3	22.4	-2.1	22.4	0.0	22.4	
2.89453	-0.4	3071	20.3	22.4	-2.1	22.4	0.0	22.4	
2.89844	-0.3	3071	20.4	22.4	-2.0	22.4	0.0	22.4	
2.90234	-0.3	3071	20.4	22.4	-2.0	22.4	0.0	22.4	
2.90625	-0.3	3070	20.4	22.4	-2.0	22.4	0.0	22.4	
2.91016	-0.3	3070	20.4	22.5	-2.1	22.5	0.0	22.5	
2.91406	-0.3	3070	20.5	22.5	-2.0	22.5	0.0	22.5	
2.91797	-0.3	3070	20.5	22.5	-2.0	22.5	0.0	22.5	
2.92188	-0.3	3070	20.5	22.5	-2.0	22.5	0.0	22.5	
2.92578	-0.3	3070	20.5	22.6	-2.1	22.6	0.0	22.6	
2.92969	-0.3	3070	20.5	22.6	-2.1	22.6	0.0	22.6	
2.93359	-0.3	3070	20.5	22.6	-2.1	22.6	0.0	22.6	
2.93750	-0.3	3070	20.5	22.6	-2.1	22.6	0.0	22.6	
2.94141	-0.3	3070	20.6	22.7	-2.1	22.7	0.0	22.7	
2.94531	-0.2	3070	20.6	22.7	-2.1	22.7	0.0	22.7	
2.94922	-0.3	3070	20.6	22.7	-2.1	22.7	0.0	22.7	
2.95312	-0.3	3070	20.6	22.7	-2.1	22.7	0.0	22.7	
2.95703	-0.3	3070	20.6	22.8	-2.2	22.8	0.0	22.8	
2.96094	-0.3	3070	20.6	22.8	-2.2	22.8	0.0	22.8	
2.96484	-0.3	3070	20.7	22.8	-2.1	22.8	0.0	22.8	
2.96875	-0.3	3070	20.7	22.8	-2.1	22.8	0.0	22.8	
2.97266	-0.3	3070	20.7	22.8	-2.1	22.8	0.0	22.8	
2.97656	-0.3	3070	20.7	22.9	-2.2	22.9	0.0	22.9	
2.98047	-0.3	3070	20.7	22.9	-2.2	22.9	0.0	22.9	
2.98438	-0.3	3070	20.8	22.9	-2.1	22.9	0.0	22.9	
2.98828	-0.4	3070	20.8	22.9	-2.1	22.9	0.0	22.9	
2.99219	-0.3	3070	20.8	22.9	-2.1	22.9	0.0	22.9	
2.99609	-0.3	3070	20.8	23.0	-2.2	23.0	0.0	23.0	
3.00000	-0.4	3070	20.9	23.0	-2.1	23.0	0.0	23.0	
3.00391	-0.3	3070	20.9	23.0	-2.1	23.0	0.0	23.0	
3.00781	-0.3	3070	20.9	23.0	-2.1	23.0	0.0	23.0	
3.01172	-0.4	3070	21.0	23.0	-2.0	23.0	0.0	23.0	
3.01562	-0.3	3070	21.0	23.0	-2.0	23.0	0.0	23.0	
3.01953	-0.3	3070	21.0	23.1	-2.1	23.1	0.0	23.1	
3.02344	-0.3	3070	21.0	23.1	-2.1	23.1	0.0	23.1	
3.02734	-0.3	3070	21.0	23.1	-2.1	23.1	0.0	23.1	
3.03125	-0.2	3070	21.0	23.1	-2.1	23.1	0.0	23.1	
3.03516	-0.2	3070	21.0	23.1	-2.1	23.1	0.0	23.1	
3.03906	-0.1	3070	21.0	23.1	-2.1	23.1	0.0	23.1	
3.04297	-0.1	3070	21.0	23.2	-2.2	23.2	0.0	23.2	
3.04688	-0.1	3070	21.0	23.2	-2.2	23.2	0.0	23.2	
3.05078	-0.0	3070	21.0	23.2	-2.2	23.2	0.0	23.2	
3.05469	-0.0	3070	21.0	23.2	-2.2	23.2	0.0	23.2	
3.05859	-0.0	3070	20.9	23.2	-2.3	23.2	0.0	23.2	
3.06250	0.0	3070	20.9	23.2	-2.3	23.2	0.0	23.2	
3.06641	0.1	3070	20.8	23.2	-2.4	23.2	0.0	23.2	
3.07031	0.1	3070	20.8	23.2	-2.4	23.2	0.0	23.2	
3.07422	0.2	3070	20.8	23.2	-2.4	23.2	0.0	23.2	
3.07812	0.2	3070	20.7	23.3	-2.6	23.3	0.0	23.3	
3.08203	0.3	3070	20.6	23.3	-2.7	23.3	0.0	23.3	
3.08594	0.5	3070	20.6	23.3	-2.7	23.3	0.0	23.3	
3.08984	0.6	3070	20.5	23.3	-2.8	23.3	0.0	23.3	
3.09375	0.8	3070	20.4	23.3	-2.9	23.3	0.0	23.3	
3.09766	1.1	3070	20.3	23.3	-3.0	23.3	0.0	23.3	
3.10156	1.3	3070	20.2	23.3	-3.1	23.3	0.0	23.3	
3.10547	1.7	3070	20.1	23.3	-3.2	23.3	0.0	23.3	
3.10938	2.0	3070	19.9	23.3	-3.4	23.3	0.0	23.3	
3.11328	2.4	3071	19.7	23.3	-3.6	23.3	0.0	23.3	
3.11719	2.8	3071	19.6	23.3	-3.7	23.3	0.0	23.3	
3.12109	3.2	3071	19.4	23.3	-3.9	23.3	0.0	23.3	
3.12500	3.5	3071	19.2	23.3	-4.1	23.3	0.0	23.3	
3.12891	3.9	3071	19.0	23.3	-4.3	23.3	0.0	23.3	
3.13281	4.1	3072	18.8	23.3	-4.5	23.3	0.0	23.3	
3.13672	4.2	3072	18.5	23.2	-4.7	23.2	0.0	23.2	
3.14062	4.4	3072	18.3	23.2	-4.9	23.2	0.0	23.2	
3.14453	4.5	3073	18.1	23.2	-5.1	23.2	0.0	23.2	
3.14844	4.5	3073	17.9	23.1	-5.2	23.1	0.0	23.1	
3.15234	4.5	3073	17.7	23.1	-5.4	23.1	0.0	23.1	
3.15625	4.4	3073	17.5	23.0	-5.5	23.0	0.0	23.0	
3.16016	4.3	3074	17.3	22.9	-5.6	22.9	0.0	22.9	
3.16406	4.2	3074	17.1	22.8	-5.7	22.8	0.0	22.8	
3.16797	4.1	3074	16.9	22.8	-5.9	22.8	0.0	22.8	
3.17188	4.0	3075	16.7	22.7	-6.0	22.7	0.0	22.7	
3.17578	4.0	3075	16.4	22.6	-6.2	22.6	0.0	22.6	
3.17969	3.9	3075	16.2	22.5	-6.3	22.5	0.0	22.5	
3.18359	4.0	3075	16.1	22.4	-6.3	22.4	0.0	22.4	
3.18750	4.0	3076	15.9	22.3	-6.4	22.3	0.0	22.3	
3.19141	4.1	3076	15.7	22.2	-6.5	22.2	0.0	22.2	
3.19531	4.2	3076	15.5	22.1	-6.6	22.1	0.0	22.1	
3.19922	4.3	3076	15.3	22.1	-6.8	22.1	0.0	22.1	
3.20312	4.3	3077	15.0	22.0	-7.0	22.0	0.0	22.0	
3.20703	4.4	3077	14.8	21.9	-7.1	21.9	0.0	21.9	
3.21094	4.5	3077	14.6	21.8	-7.2	21.8	0.0	21.8	
3.21484	4.6	3078	14.4	21.7	-7.3	21.7	0.0	21.7	
3.21875	4.7	3078	14.2	21.6	-7.4	21.6	0.0	21.6	
3.22266	4.7	3078	13.9	21.5	-7.6	21.5	0.0	21.5	
3.22656	4.7	3078	13.7	21.4	-7.7	21.4	0.0	21.4	
3.23047	4.7	3079	13.5	21.3	-7.8	21.3	0.0	21.3	
3.23438	4.6	3079	13.3	21.2	-7.9	21.2	0.0	21.2	
3.23828	4.5	3079	13.1	21.1	-8.0	21.1	0.0	21.1	
3.24219	4.4	3080	12.9	21.0	-8.1	21.0	0.0	21.0	
3.24609	4.3	3080	12.7	20.9	-8.2	20.9	0.0	20.9	
3.25000	4.1	3080	12.5	20.8	-8.3	20.8	0.0	20.8	
3.25391	3.9	3080	12.3	20.7	-8.4	20.7	0.0	20.7	
3.25781	3.8	3081	12.1	20.6	-8.5	20.6	0.0	20.6	
3.26172	3.6	3081	11.9	20.5	-8.6	20.5	0.0	20.5	
3.26562	3.4	3081	11.8	20.4	-8.6	20.4	0.0	20.4	
3.26953	3.2	3081	11.6	20.2	-8.6	20.2	0.0	20.2	
3.27344	3.0	3082	11.5	20.1	-8.6	20.1	0.0	20.1	
3.27734	2.8	3082	11.3	20.0	-8.7	20.0	0.0	20.0	
3.28125	2.6	3082	11.2	19.9	-8.7	19.9	0.0	19.9	
3.28516	2.4	3082	11.1	19.8	-8.7	19.8	0.0	19.8	
3.28906	2.3	3082	10.9	19.7	-8.8	19.7	0.0	19.7	
3.29297	2.1	3082	10.8	19.5	-8.7	19.5	0.0	19.5	
3.29688	1.9	3082	10.7	19.4	-8.7	19.4	0.0	19.4	
3.30078	1.9	3083	10.6	19.3	-8.7	19.3	0.0	19.3	
3.30469	1.8	3083	10.5	19.2	-8.7	19.2	0.0	19.2	
3.30859	1.7	3083	10.4	19.1	-8.7	19.1	0.0	19.1	
3.31250	1.6	3083	10.3	18.9	-8.6	18.9	0.0	18.9	
3.31641	1.7	3083	10.2	18.8	-8.6	18.8	0.0	18.8	
3.32031	1.6	3083	10.1	18.7	-8.6	18.7	0.0	18.7	
3.32422	1.6	3083	10.0	18.6	-8.6	18.6	0.0	18.6	
3.32812	1.6	3083	9.9	18.5	-8.6	18.5	0.0	18.5	
3.33203	1.6	3083	9.8	18.3	-8.5	18.3	0.0	18.3	
3.33594	1.5	3084	9.7	18.2	-8.5	18.2	0.0	18.2	
3.33984	1.5	3084	9.6	18.1	-8.5	18.1	0.0	18.1	
3.34375	1.4	3084	9.5	18.0	-8.5	18.0	0.0	18.0	
3.34766	1.3	3084	9.5	17.9	-8.4	17.9	0.0	17.9	
3.35156	1.2	3084	9.4	17.8	-8.4	17.8	0.0	17.8	
3.35547	1.1	3084	9.3	17.7	-8.4	17.7	0.0	17.7	
3.35938	1.0	3084	9.3	17.6	-8.3	17.6	0.0	17.6	
3.36328	0.9	3084	9.2	17.4	-8.2	17.4	0.0	17.4	
3.36719	0.8	3084	9.1	17.3	-8.2	17.3	0.0	17.3	
3.37109	0.6	3084	9.1	17.2	-8.1	17.2	0.0	17.2	
3.37500	0.5	3084	9.1	17.1	-8.0	17.1	0.0	17.1	
3.37891	0.3	3084	9.0	17.1	-8.1	17.1	0.0	17.1	
3.38281	0.2	3084	9.0	17.0	-8.0	17.0	0.0	17.0	
3.38672	0.1	3084	9.0	16.9	-7.9	16.9	0.0	16.9	
3.39062	0.0	3084	9.0	16.8	-7.8	16.8	0.0	16.8	
3.39453	-0.0	3084	8.9	16.7	-7.8	16.7	0.0	16.7	
3.39844	-0.1	3084	8.9	16.6	-7.7	16.6	0.0	16.6	
3.40234	-0.1	3084	8.9	16.5	-7.6	16.5	0.0	16.5	
3.40625	-0.2	3084	8.9	16.4	-7.5	16.4	0.0	16.4	
3.41016	-0.1	3084	8.9	16.4	-7.5	16.4	0.0	16.4	
3.41406	-0.2	3084	8.9	16.3	-7.4	16.3	0.0	16.3	
3.41797	-0.2	3084	8.9	16.2	-7.3	16.2	0.0	16.2	
3.42188	-0.1	3084	8.9	16.1	-7.2	16.1	0.0	16.1	
3.42578	-0.1	3084	8.9	16.1	-7.2	16.1	0.0	16.1	
3.42969	-0.1	3084	8.9	16.0	-7.1	16.0	0.0	16.0	
3.43359	-0.1	3084	8.9	15.9	-7.0	15.9	0.0	15.9	
3.43750	-0.1	3084	8.9	15.9	-7.0	15.9	0.0	15.9	
3.44141	-0.1	3084	8.9	15.8	-6.9	15.8	0.0	15.8	
3.44531	-0.1	3084	8.9	15.7	-6.8	15.7	0.0	15.7	
3.44922	-0.1	3084	8.9	15.6	-6.7	15.6	0.0	15.6	
3.45312	-0.1	3084	8.9	15.6	-6.7	15.6	0.0	15.6	
3.45703	-0.1	3084	8.9	15.5	-6.6	15.5	0.0	15.5	
3.46094	-0.1	3084	8.9	15.4	-6.5	15.4	0.0	15.4	
3.46484	-0.1	3084	8.9	15.4	-6.5	15.4	0.0	15.4	
3.46875	-0.1	3084	8.8	15.3	-6.5	15.3	0.0	15.3	
3.47266	-0.1	3084	8.8	15.2	-6.4	15.2	0.0	15.2	
3.47656	-0.1	3084	8.9	15.2	-6.3	15.2	0.0	15.2	
3.48047	-0.1	3084	8.8	15.1	-6.3	15.1	0.0	15.1	
3.48438	-0.2	3084	8.8	15.1	-6.3	15.1	0.0	15.1	
3.48828	-0.2	3084	8.8	15.0	-6.2	15.0	0.0	15.0	
3.49219	-0.2	3084	8.8	15.0	-6.2	15.0	0.0	15.0	
3.49609	-0.2	3084	8.8	14.9	-6.1	14.9	0.0	14.9	
3.50000	-0.2	3084	8.8	14.9	-6.1	14.9	0.0	14.9	
3.50391	-0.2	3084	8.8	14.8	-6.0	14.8	0.0	14.8	
3.50781	-0.2	3084	8.9	14.8	-5.9	14.8	0.0	14.8	
3.51172	-0.2	3084	8.9	14.7	-5.8	14.7	0.0	14.7	
3.51562	-0.1	3084	8.9	14.7	-5.8	14.7	0.0	14.7	
3.51953	-0.1	3084	8.9	14.6	-5.7	14.6	0.0	14.6	
3.52344	-0.1	3084	8.8	14.6	-5.8	14.6	0.0	14.6	
3.52734	-0.1	3084	8.9	14.6	-5.7	14.6	0.0	14.6	
3.53125	-0.1	3084	8.9	14.5	-5.6	14.5	0.0	14.5	
3.53516	-0.1	3084	8.8	14.5	-5.7	14.5	0.0	14.5	
3.53906	-0.0	3084	8.8	14.4	-5.6	14.4	0.0	14.4	
3.54297	-0.1	3084	8.8	14.4	-5.6	14.4	0.0	14.4	
3.54688	-0.0	3084	8.8	14.4	-5.6	14.4	0.0	14.4	
3.55078	-0.0	3084	8.8	14.3	-5.5	14.3	0.0	14.3	
3.55469	-0.1	3084	8.8	14.3	-5.5	14.3	0.0	14.3	
3.55859	-0.1	3084	8.7	14.3	-5.6	14.3	0.0	14.3	
3.56250	-0.0	3084	8.7	14.3	-5.6	14.3	0.0	14.3	
3.56641	-0.0	3084	8.7	14.2	-5.5	14.2	0.0	14.2	
3.57031	-0.0	3084	8.7	14.2	-5.5	14.2	0.0	14.2	
3.57422	-0.0	3084	8.7	14.2	-5.5	14.2	0.0	14.2	
3.57812	-0.0	3084	8.6	14.1	-5.5	14.1	0.0	14.1	
3.58203	-0.1	3084	8.6	14.1	-5.5	14.1	0.0	14.1	
3.58594	-0.1	3084	8.6	14.1	-5.5	14.1	0.0	14.1	
3.58984	-0.1	3084	8.6	14.0	-5.4	14.0	0.0	14.0	
3.59375	-0.1	3084	8.6	14.0	-5.4	14.0	0.0	14.0	
3.59766	-0.1	3084	8.6	13.9	-5.3	13.9	0.0	13.9	
3.60156	-0.2	3084	8.6	13.9	-5.3	13.9	0.0	13.9	
3.60547	-0.1	3084	8.6	13.9	-5.3	13.9	0.0	13.9	
3.60938	-0.1	3084	8.6	13.8	-5.2	13.8	0.0	13.8	
3.61328	-0.1	3084	8.6	13.8	-5.2	13.8	0.0	13.8	
3.61719	-0.0	3084	8.6	13.7	-5.1	13.7	0.0	13.7	
3.62109	-0.0	3084	8.5	13.7	-5.2	13.7	0.0	13.7	
3.62500	-0.0	3084	8.5	13.6	-5.1	13.6	0.0	13.6	
3.62891	0.1	3084	8.5	13.6	-5.1	13.6	0.0	13.6	
3.63281	0.1	3084	8.5	13.6	-5.1	13.6	0.0	13.6	
3.63672	0.2	3084	8.4	13.5	-5.1	13.5	0.0	13.5	
3.64062	0.2	3084	8.4	13.5	-5.1	13.5	0.0	13.5	
3.64453	0.2	3084	8.4	13.4	-5.0	13.4	0.0	13.4	
3.64844	0.2	3084	8.3	13.4	-5.1	13.4	0.0	13.4	
3.65234	0.2	3084	8.3	13.4	-5.1	13.4	0.0	13.4	
3.65625	0.1	3084	8.3	13.3	-5.0	13.3	0.0	13.3	
3.66016	0.1	3084	8.3	13.3	-5.0	13.3	0.0	13.3	
3.66406	-0.0	3084	8.2	13.3	-5.1	13.3	0.0	13.3	
3.66797	-0.1	3084	8.2	13.3	-5.1	13.3	0.0	13.3	
3.67188	-0.1	3084	8.2	13.2	-5.0	13.2	0.0	13.2	
3.67578	-0.2	3084	8.2	13.2	-5.0	13.2	0.0	13.2	
3.67969	-0.3	3084	8.2	13.2	-5.0	13.2	0.0	13.2	
3.68359	-0.4	3084	8.3	13.2	-4.9	13.2	0.0	13.2	
3.68750	-0.4	3084	8.3	13.2	-4.9	13.2	0.0	13.2	
3.69141	-0.5	3084	8.3	13.2	-4.9	13.2	0.0	13.2	
3.69531	-0.5	3084	8.4	13.2	-4.8	13.2	0.0	13.2	
3.69922	-0.6	3084	8.4	13.2	-4.8	13.2	0.0	13.2	
3.70312	-0.6	3084	8.5	13.2	-4.7	13.2	0.0	13.2	
3.70703	-0.6	3084	8.5	13.2	-4.7	13.2	0.0	13.2	
3.71094	-0.5	3084	8.6	13.2	-4.6	13.2	0.0	13.2	
3.71484	-0.5	3084	8.7	13.2	-4.5	13.2	0.0	13.2	
3.71875	-0.5	3084	8.7	13.2	-4.5	13.2	0.0	13.2	
3.72266	-0.5	3084	8.8	13.2	-4.4	13.2	0.0	13.2	
3.72656	-0.4	3084	8.8	13.2	-4.4	13.2	0.0	13.2	
3.73047	-0.4	3083	8.9	13.2	-4.3	13.2	0.0	13.2	
3.73438	-0.3	3083	8.9	13.2	-4.3	13.2	0.0	13.2	
3.73828	-0.3	3083	8.9	13.2	-4.3	13.2	0.0	13.2	
3.74219	-0.3	3083	9.0	13.2	-4.2	13.2	0.0	13.2	
3.74609	-0.3	3083	9.0	13.2	-4.2	13.2	0.0	13.2	
3.75000	-0.2	3083	9.0	13.2	-4.2	13.2	0.0	13.2	
3.75391	-0.2	3083	9.1	13.3	-4.2	13.3	0.0	13.3	
3.75781	-0.2	3083	9.1	13.3	-4.2	13.3	0.0	13.3	
3.76172	-0.2	3083	9.1	13.3	-4.2	13.3	0.0	13.3	
3.76562	-0.2	3083	9.1	13.3	-4.2	13.3	0.0	13.3	
3.76953	-0.2	3083	9.1	13.3	-4.2	13.3	0.0	13.3	
3.77344	-0.2	3083	9.1	13.3	-4.2	13.3	0.0	13.3	
3.77734	-0.1	3083	9.1	13.3	-4.2	13.3	0.0	13.3	
3.78125	-0.1	3083	9.1	13.3	-4.2	13.3	0.0	13.3	
3.78516	-0.1	3083	9.1	13.3	-4.2	13.3	0.0	13.3	
3.78906	-0.1	3083	9.1	13.3	-4.2	13.3	0.0	13.3	
3.79297	-0.1	3083	9.1	13.3	-4.2	13.3	0.0	13.3	
3.79688	-0.1	3083	9.1	13.3	-4.2	13.3	0.0	13.3	
3.80078	-0.1	3083	9.1	13.3	-4.2	13.3	0.0	13.3	
3.80469	-0.1	3083	9.1	13.3	-4.2	13.3	0.0	13.3	
3.80859	-0.1	3083	9.1	13.3	-4.2	13.3	0.0	13.3	
3.81250	-0.1	3083	9.1	13.3	-4.2	13.3	0.0	13.3	
3.81641	-0.0	3083	9.1	13.3	-4.2	13.3	0.0	13.3	
3.82031	-0.0	3083	9.1	13.3	-4.2	13.3	0.0	13.3	
3.82422	-0.1	3083	9.1	13.3	-4.2	13.3	0.0	13.3	
3.82812	-0.1	3083	9.0	13.3	-4.3	13.3	0.0	13.3	
3.83203	-0.1	3083	9.0	13.3	-4.3	13.3	0.0	13.3	
3.83594	-0.0	3083	9.0	13.3	-4.3	13.3	0.0	13.3	
3.83984	-0.0	3083	9.0	13.3	-4.3	13.3	0.0	13.3	
3.84375	-0.1	3083	9.0	13.2	-4.2	13.2	0.0	13.2	
3.84766	-0.1	3083	8.9	13.2	-4.3	13.2	0.0	13.2	
3.85156	-0.1	3083	8.9	13.2	-4.3	13.2	0.0	13.2	
3.85547	-0.1	3083	8.9	13.2	-4.3	13.2	0.0	13.2	
3.85938	-0.1	3083	8.9	13.2	-4.3	13.2	0.0	13.2	
3.86328	-0.1	3083	8.9	13.2	-4.3	13.2	0.0	13.2	
3.86719	-0.1	3083	8.9	13.2	-4.3	13.2	0.0	13.2	
3.87109	-0.1	3083	8.9	13.1	-4.2	13.1	0.0	13.1	
3.87500	-0.1	3083	8.9	13.1	-4.2	13.1	0.0	13.1	
3.87891	-0.2	3083	8.9	13.1	-4.2	13.1	0.0	13.1	
3.88281	-0.1	3083	8.8	13.1	-4.3	13.1	0.0	13.1	
3.88672	-0.1	3083	8.8	13.1	-4.3	13.1	0.0	13.1	
3.89062	-0.1	3083	8.8	13.1	-4.3	13.1	0.0	13.1	
3.89453	-0.1	3083	8.8	13.1	-4.3	13.1	0.0	13.1	
3.89844	-0.1	3083	8.8	13.0	-4.2	13.0	0.0	13.0	
3.90234	-0.1	3083	8.8	13.0	-4.2	13.0	0.0	13.0	
3.90625	-0.1	3083	8.8	13.0	-4.2	13.0	0.0	13.0	
3.91016	-0.1	3083	8.8	13.0	-4.2	13.0	0.0	13.0	
3.91406	-0.1	3083	8.8	13.0	-4.2	13.0	0.0	13.0	
3.91797	-0.1	3083	8.8	13.0	-4.2	13.0	0.0	13.0	
3.92188	-0.1	3083	8.8	13.0	-4.2	13.0	0.0	13.0	
3.92578	-0.1	3083	8.8	12.9	-4.1	12.9	0.0	12.9	
3.92969	-0.2	3083	8.8	12.9	-4.1	12.9	0.0	12.9	
3.93359	-0.2	3083	8.8	12.9	-4.1	12.9	0.0	12.9	
3.93750	-0.2	3083	8.8	12.9	-4.1	12.9	0.0	12.9	
3.94141	-0.2	3083	8.8	12.9	-4.1	12.9	0.0	12.9	
3.94531	-0.2	3083	8.8	12.9	-4.1	12.9	0.0	12.9	
3.94922	-0.2	3083	8.8	12.9	-4.1	12.9	0.0	12.9	
3.95312	-0.2	3083	8.8	12.9	-4.1	12.9	0.0	12.9	
3.95703	-0.2	3083	8.8	12.9	-4.1	12.9	0.0	12.9	
3.96094	-0.2	3083	8.8	12.9	-4.1	12.9	0.0	12.9	
3.96484	-0.2	3083	8.9	12.9	-4.0	12.9	0.0	12.9	
3.96875	-0.2	3083	8.9	12.9	-4.0	12.9	0.0	12.9	
3.97266	-0.2	3083	8.9	12.8	-3.9	12.8	0.0	12.8	
3.97656	-0.2	3083	8.9	12.8	-3.9	12.8	0.0	12.8	
3.98047	-0.2	3083	8.9	12.8	-3.9	12.8	0.0	12.8	
3.98438	-0.2	3083	8.9	12.8	-3.9	12.8	0.0	12.8	
3.98828	-0.1	3083	8.9	12.8	-3.9	12.8	0.0	12.8	
3.99219	-0.1	3083	8.9	12.8	-3.9	12.8	0.0	12.8	
3.99609	-0.1	3083	8.9	12.8	-3.9	12.8	0.0	12.8	
4.00000	-0.1	3083	8.9	12.8	-3.9	12.8	0.0	12.8	
4.00391	-0.1	3083	8.9	12.8	-3.9	12.8	0.0	12.8	
4.00781	-0.1	3083	8.9	12.8	-3.9	12.8	0.0	12.8	
4.01172	-0.0	3083	8.9	12.8	-3.9	12.8	0.0	12.8	
4.01562	-0.0	3083	8.8	12.8	-4.0	12.8	0.0	12.8	
4.01953	-0.0	3083	8.8	12.8	-4.0	12.8	0.0	12.8	
4.02344	-0.0	3083	8.8	12.8	-4.0	12.8	0.0	12.8	
4.02734	-0.0	3083	8.8	12.8	-4.0	12.8	0.0	12.8	
4.03125	-0.0	3083	8.8	12.8	-4.0	12.8	0.0	12.8	
4.03516	-0.1	3083	8.7	12.8	-4.1	12.8	0.0	12.8	
4.03906	-0.1	3083	8.7	12.8	-4.1	12.8	0.0	12.8	
4.04297	-0.1	3083	8.7	12.8	-4.1	12.8	0.0	12.8	
4.04688	-0.1	3083	8.7	12.8	-4.1	12.8	0.0	12.8	
4.05078	-0.1	3083	8.7	12.8	-4.1	12.8	0.0	12.8	
4.05469	-0.1	3083	8.6	12.8	-4.2	12.8	0.0	12.8	
4.05859	-0.1	3083	8.6	12.8	-4.2	12.8	0.0	12.8	
4.06250	-0.1	3083	8.6	12.8	-4.2	12.8	0.0	12.8	
4.06641	-0.1	3083	8.6	12.7	-4.1	12.7	0.0	12.7	
4.07031	-0.1	3083	8.6	12.7	-4.1	12.7	0.0	12.7	
4.07422	-0.1	3083	8.6	12.7	-4.1	12.7	0.0	12.7	
4.07812	-0.1	3083	8.6	12.7	-4.1	12.7	0.0	12.7	
4.08203	-0.0	3083	8.6	12.6	-4.0	12.6	0.0	12.6	
4.08594	-0.0	3083	8.5	12.6	-4.1	12.6	0.0	12.6	
4.08984	-0.0	3083	8.5	12.6	-4.1	12.6	0.0	12.6	
4.09375	0.0	3083	8.5	12.6	-4.1	12.6	0.0	12.6	
4.09766	0.0	3083	8.5	12.6	-4.1	12.6	0.0	12.6	
4.10156	0.0	3083	8.5	12.6	-4.1	12.6	0.0	12.6	
4.10547	-0.0	3083	8.4	12.6	-4.2	12.6	0.0	12.6	
4.10938	-0.1	3083	8.4	12.6	-4.2	12.6	0.0	12.6	
4.11328	-0.1	3083	8.4	12.6	-4.2	12.6	0.0	12.6	
4.11719	-0.1	3083	8.4	12.6	-4.2	12.6	0.0	12.6	
4.12109	-0.2	3083	8.4	12.6	-4.2	12.6	0.0	12.6	
4.12500	-0.3	3083	8.4	12.6	-4.2	12.6	0.0	12.6	
4.12891	-0.3	3083	8.4	12.6	-4.2	12.6	0.0	12.6	
4.13281	-0.3	3083	8.5	12.6	-4.1	12.6	0.0	12.6	
4.13672	-0.3	3083	8.5	12.6	-4.1	12.6	0.0	12.6	
4.14062	-0.3	3083	8.5	12.6	-4.1	12.6	0.0	12.6	
4.14453	-0.4	3083	8.5	12.7	-4.2	12.7	0.0	12.7	
4.14844	-0.4	3083	8.6	12.7	-4.1	12.7	0.0	12.7	
4.15234	-0.4	3083	8.6	12.7	-4.1	12.7	0.0	12.7	
4.15625	-0.4	3083	8.7	12.7	-4.0	12.7	0.0	12.7	
4.16016	-0.4	3083	8.7	12.7	-4.0	12.7	0.0	12.7	
4.16406	-0.4	3082	8.8	12.7	-3.9	12.7	0.0	12.7	
4.16797	-0.3	3082	8.8	12.7	-3.9	12.7	0.0	12.7	
4.17188	-0.4	3082	8.8	12.8	-4.0	12.8	0.0	12.8	
4.17578	-0.4	3082	8.9	12.8	-3.9	12.8	0.0	12.8	
4.17969	-0.3	3082	8.9	12.8	-3.9	12.8	0.0	12.8	
4.18359	-0.3	3082	8.9	12.8	-3.9	12.8	0.0	12.8	
4.18750	-0.2	3082	8.9	12.8	-3.9	12.8	0.0	12.8	
4.19141	-0.2	3082	9.0	12.8	-3.8	12.8	0.0	12.8	
4.19531	-0.2	3082	9.0	12.8	-3.8	12.8	0.0	12.8	
4.19922	-0.2	3082	9.0	12.9	-3.9	12.9	0.0	12.9	
4.20312	-0.2	3082	9.0	12.9	-3.9	12.9	0.0	12.9	
4.20703	-0.2	3082	9.0	12.9	-3.9	12.9	0.0	12.9	
4.21094	-0.2	3082	9.0	12.9	-3.9	12.9	0.0	12.9	
4.21484	-0.2	3082	9.0	12.9	-3.9	12.9	0.0	12.9	
4.21875	-0.2	3082	9.0	12.9	-3.9	12.9	0.0	12.9	
4.22266	-0.2	3082	9.0	12.9	-3.9	12.9	0.0	12.9	
4.22656	-0.1	3082	9.1	12.9	-3.8	12.9	0.0	12.9	
4.23047	-0.2	3082	9.1	12.9	-3.8	12.9	0.0	12.9	
4.23438	-0.1	3082	9.0	12.9	-3.9	12.9	0.0	12.9	
4.23828	-0.1	3082	9.0	12.9	-3.9	12.9	0.0	12.9	
4.24219	-0.1	3082	9.0	12.9	-3.9	12.9	0.0	12.9	
4.24609	-0.1	3082	9.0	12.9	-3.9	12.9	0.0	12.9	
4.25000	-0.1	3082	9.0	12.9	-3.9	12.9	0.0	12.9	
4.25391	-0.0	3082	9.0	12.9	-3.9	12.9	0.0	12.9	
4.25781	-0.0	3082	9.0	12.9	-3.9	12.9	0.0	12.9	
4.26172	-0.0	3082	8.9	12.9	-4.0	12.9	0.0	12.9	
4.26562	-0.0	3082	8.9	12.9	-4.0	12.9	0.0	12.9	
4.26953	0.0	3082	8.9	12.9	-4.0	12.9	0.0	12.9	
4.27344	-0.0	3082	8.9	12.9	-4.0	12.9	0.0	12.9	
4.27734	-0.0	3082	8.8	12.9	-4.1	12.9	0.0	12.9	
4.28125	0.0	3082	8.8	12.9	-4.1	12.9	0.0	12.9	
4.28516	-0.1	3082	8.8	12.9	-4.1	12.9	0.0	12.9	
4.28906	-0.1	3082	8.8	12.9	-4.1	12.9	0.0	12.9	
4.29297	-0.1	3082	8.7	12.9	-4.2	12.9	0.0	12.9	
4.29688	-0.1	3082	8.7	12.9	-4.2	12.9	0.0	12.9	
4.30078	-0.1	3082	8.7	12.8	-4.1	12.8	0.0	12.8	
4.30469	-0.1	3082	8.7	12.8	-4.1	12.8	0.0	12.8	
4.30859	-0.2	3082	8.7	12.8	-4.1	12.8	0.0	12.8	
4.31250	-0.2	3082	8.7	12.8	-4.1	12.8	0.0	12.8	
4.31641	-0.2	3082	8.7	12.8	-4.1	12.8	0.0	12.8	
4.32031	-0.2	3082	8.7	12.8	-4.1	12.8	0.0	12.8	
4.32422	-0.2	3082	8.7	12.8	-4.1	12.8	0.0	12.8	
4.32812	-0.2	3082	8.7	12.8	-4.1	12.8	0.0	12.8	
4.33203	-0.2	3082	8.7	12.8	-4.1	12.8	0.0	12.8	
4.33594	-0.2	3082	8.7	12.7	-4.0	12.7	0.0	12.7	
4.33984	-0.2	3082	8.7	12.7	-4.0	12.7	0.0	12.7	
4.34375	-0.2	3082	8.7	12.7	-4.0	12.7	0.0	12.7	
4.34766	-0.2	3082	8.7	12.7	-4.0	12.7	0.0	12.7	
4.35156	-0.2	3082	8.7	12.7	-4.0	12.7	0.0	12.7	
4.35547	-0.2	3082	8.7	12.7	-4.0	12.7	0.0	12.7	
4.35938	-0.2	3082	8.7	12.7	-4.0	12.7	0.0	12.7	
4.36328	-0.1	3082	8.7	12.7	-4.0	12.7	0.0	12.7	
4.36719	-0.2	3082	8.7	12.7	-4.0	12.7	0.0	12.7	
4.37109	-0.2	3082	8.7	12.7	-4.0	12.7	0.0	12.7	
4.37500	-0.2	3082	8.7	12.7	-4.0	12.7	0.0	12.7	
4.37891	-0.2	3082	8.7	12.6	-3.9	12.6	0.0	12.6	
4.38281	-0.2	3082	8.7	12.6	-3.9	12.6	0.0	12.6	
4.38672	-0.2	3082	8.7	12.7	-4.0	12.7	0.0	12.7	
4.39062	-0.2	3082	8.7	12.6	-3.9	12.6	0.0	12.6	
4.39453	-0.2	3082	8.8	12.6	-3.8	12.6	0.0	12.6	
4.39844	-0.2	3082	8.8	12.6	-3.8	12.6	0.0	12.6	
4.40234	-0.3	3082	8.8	12.6	-3.8	12.6	0.0	12.6	
4.40625	-0.2	3082	8.8	12.6	-3.8	12.6	0.0	12.6	
4.41016	-0.2	3082	8.8	12.6	-3.8	12.6	0.0	12.6	
4.41406	-0.2	3082	8.8	12.6	-3.8	12.6	0.0	12.6	
4.41797	-0.2	3082	8.8	12.6	-3.8	12.6	0.0	12.6	
4.42188	-0.2	3082	8.8	12.6	-3.8	12.6	0.0	12.6	
4.42578	-0.2	3082	8.8	12.6	-3.8	12.6	0.0	12.6	
4.42969	-0.2	3082	8.8	12.6	-3.8	12.6	0.0	12.6	
4.43359	-0.2	3082	8.8	12.6	-3.8	12.6	0.0	12.6	
4.43750	-0.2	3082	8.8	12.6	-3.8	12.6	0.0	12.6	
4.44141	-0.1	3082	8.8	12.6	-3.8	12.6	0.0	12.6	
4.44531	-0.1	3082	8.8	12.6	-3.8	12.6	0.0	12.6	
4.44922	-0.1	3082	8.8	12.6	-3.8	12.6	0.0	12.6	
4.45312	-0.1	3082	8.8	12.6	-3.8	12.6	0.0	12.6	
4.45703	-0.1	3082	8.8	12.6	-3.8	12.6	0.0	12.6	
4.46094	-0.1	3082	8.8	12.6	-3.8	12.6	0.0	12.6	
4.46484	-0.1	3082	8.8	12.6	-3.8	12.6	0.0	12.6	
4.46875	-0.1	3082	8.7	12.6	-3.9	12.6	0.0	12.6	
4.47266	-0.1	3082	8.7	12.7	-4.0	12.7	0.0	12.7	
4.47656	-0.0	3082	8.7	12.7	-4.0	12.7	0.0	12.7	
4.48047	-0.1	3082	8.7	12.7	-4.0	12.7	0.0	12.7	
4.48438	-0.1	3082	8.7	12.7	-4.0	12.7	0.0	12.7	
4.48828	-0.1	3082	8.7	12.7	-4.0	12.7	0.0	12.7	
4.49219	-0.1	3082	8.7	12.7	-4.0	12.7	0.0	12.7	
4.49609	-0.1	3082	8.6	12.7	-4.1	12.7	0.0	12.7	
4.50000	-0.1	3082	8.6	12.7	-4.1	12.7	0.0	12.7	
4.50391	-0.1	3082	8.6	12.6	-4.0	12.6	0.0	12.6	
4.50781	-0.1	3082	8.6	12.6	-4.0	12.6	0.0	12.6	
4.51172	-0.1	3082	8.6	12.6	-4.0	12.6	0.0	12.6	
4.51562	-0.1	3082	8.6	12.6	-4.0	12.6	0.0	12.6	
4.51953	-0.1	3082	8.6	12.6	-4.0	12.6	0.0	12.6	
4.52344	-0.0	3082	8.5	12.5	-4.0	12.5	0.0	12.5	
4.52734	0.0	3082	8.5	12.5	-4.0	12.5	0.0	12.5	
4.53125	0.1	3082	8.5	12.5	-4.0	12.5	0.0	12.5	
4.53516	0.1	3082	8.5	12.5	-4.0	12.5	0.0	12.5	
4.53906	0.1	3082	8.4	12.5	-4.1	12.5	0.0	12.5	
4.54297	0.2	3082	8.4	12.4	-4.0	12.4	0.0	12.4	
4.54688	0.2	3082	8.3	12.4	-4.1	12.4	0.0	12.4	
4.55078	0.2	3082	8.3	12.4	-4.1	12.4	0.0	12.4	
4.55469	0.1	3082	8.3	12.4	-4.1	12.4	0.0	12.4	
4.55859	0.1	3082	8.3	12.4	-4.1	12.4	0.0	12.4	
4.56250	0.1	3082	8.2	12.4	-4.2	12.4	0.0	12.4	
4.56641	0.1	3082	8.2	12.4	-4.2	12.4	0.0	12.4	
4.57031	-0.0	3082	8.2	12.4	-4.2	12.4	0.0	12.4	
4.57422	-0.1	3082	8.2	12.4	-4.2	12.4	0.0	12.4	
4.57812	-0.1	3082	8.3	12.4	-4.1	12.4	0.0	12.4	
4.58203	0.0	3082	8.4	12.4	-4.0	12.4	0.0	12.4	
4.58594	0.2	3082	8.6	12.4	-3.8	12.4	0.0	12.4	
4.58984	0.5	3082	8.8	12.4	-3.6	12.4	0.0	12.4	
4.59375	1.1	3082	9.1	12.4	-3.3	12.4	0.0	12.4	
4.59766	2.0	3082	9.5	12.5	-3.0	12.5	0.0	12.5	
4.60156	3.2	3082	9.8	12.5	-2.7	12.5	0.0	12.5	
