FluxView - FluxMed acquisition system
Signal file
Serial Number	:
W version:	1.20h-OX-CO2	File version:	1.13
Sampling rate:	256 Hz
Time	Flow	Volume	Paw	Pes	Ptpulm	Pga	Ptdiaf	CO2	
0.00391	1.0	18010	19.1	16.9	2.2	10.1	-6.8	16.9	
0.00781	1.0	18010	19.0	16.9	2.1	10.1	-6.8	16.9	
0.01172	0.9	18010	19.0	16.9	2.1	10.1	-6.8	16.9	
0.01562	0.8	18010	18.9	16.9	2.0	10.1	-6.8	16.9	
0.01953	0.7	18010	18.9	16.9	2.0	10.1	-6.8	16.9	
0.02344	0.6	18010	18.9	16.9	2.0	10.1	-6.8	16.9	
0.02734	0.5	18010	18.9	16.9	2.0	10.1	-6.8	16.9	
0.03125	0.4	18010	18.8	16.9	1.9	10.1	-6.8	16.9	
0.03516	0.3	18010	18.8	16.9	1.9	10.1	-6.8	16.9	
0.03906	0.2	18010	18.9	16.9	2.0	10.1	-6.8	16.9	
0.04297	0.2	18010	18.8	16.9	1.9	10.1	-6.8	16.9	
0.04688	0.1	18010	18.9	16.8	2.1	10.1	-6.7	16.8	
0.05078	0.1	18010	18.9	16.8	2.1	10.1	-6.7	16.8	
0.05469	0.1	18010	18.9	16.8	2.1	10.1	-6.7	16.8	
0.05859	0.1	18010	18.9	16.8	2.1	10.1	-6.7	16.8	
0.06250	0.1	18010	18.9	16.8	2.1	10.1	-6.7	16.8	
0.06641	0.1	18010	19.0	16.8	2.2	10.1	-6.7	16.8	
0.07031	0.2	18010	19.0	16.8	2.2	10.1	-6.7	16.8	
0.07422	0.2	18010	19.0	16.8	2.2	10.1	-6.7	16.8	
0.07812	0.2	18010	19.0	16.8	2.2	10.1	-6.7	16.8	
0.08203	0.3	18010	19.0	16.8	2.2	10.1	-6.7	16.8	
0.08594	0.3	18010	19.0	16.8	2.2	10.1	-6.7	16.8	
0.08984	0.3	18010	19.0	16.8	2.2	10.1	-6.7	16.8	
0.09375	0.4	18010	19.0	16.7	2.3	10.1	-6.6	16.7	
0.09766	0.4	18011	19.0	16.7	2.3	10.1	-6.6	16.7	
0.10156	0.3	18011	18.9	16.7	2.2	10.1	-6.6	16.7	
0.10547	0.3	18011	18.9	16.7	2.2	10.1	-6.6	16.7	
0.10938	0.3	18011	18.9	16.7	2.2	10.1	-6.6	16.7	
0.11328	0.3	18011	18.9	16.7	2.2	10.1	-6.6	16.7	
0.11719	0.3	18011	18.9	16.7	2.2	10.1	-6.6	16.7	
0.12109	0.3	18011	18.9	16.7	2.2	10.1	-6.6	16.7	
0.12500	0.3	18011	18.9	16.8	2.1	10.1	-6.7	16.8	
0.12891	0.2	18011	18.9	16.8	2.1	10.1	-6.7	16.8	
0.13281	0.2	18011	18.9	16.8	2.1	10.1	-6.7	16.8	
0.13672	0.2	18011	18.9	16.8	2.1	10.1	-6.7	16.8	
0.14062	0.2	18011	19.0	16.8	2.2	10.1	-6.7	16.8	
0.14453	0.2	18011	19.0	16.8	2.2	10.1	-6.7	16.8	
0.14844	0.2	18011	19.0	16.8	2.2	10.1	-6.7	16.8	
0.15234	0.2	18011	19.0	16.8	2.2	10.1	-6.7	16.8	
0.15625	0.2	18011	19.0	16.8	2.2	10.1	-6.7	16.8	
0.16016	0.2	18011	19.0	16.8	2.2	10.1	-6.7	16.8	
0.16406	0.2	18011	19.1	16.8	2.3	10.1	-6.7	16.8	
0.16797	0.2	18011	19.1	16.8	2.3	10.1	-6.7	16.8	
0.17188	0.2	18011	19.1	16.8	2.3	10.1	-6.7	16.8	
0.17578	0.3	18011	19.1	16.8	2.3	10.1	-6.7	16.8	
0.17969	0.3	18011	19.1	16.8	2.3	10.1	-6.7	16.8	
0.18359	0.3	18011	19.1	16.8	2.3	10.1	-6.7	16.8	
0.18750	0.3	18011	19.1	16.8	2.3	10.1	-6.7	16.8	
0.19141	0.3	18011	19.1	16.8	2.3	10.1	-6.7	16.8	
0.19531	0.3	18011	19.1	16.8	2.3	10.1	-6.7	16.8	
0.19922	0.3	18011	19.1	16.8	2.3	10.1	-6.7	16.8	
0.20312	0.3	18011	19.1	16.8	2.3	10.1	-6.7	16.8	
0.20703	0.4	18011	19.1	16.8	2.3	10.1	-6.7	16.8	
0.21094	0.4	18011	19.1	16.8	2.3	10.1	-6.7	16.8	
0.21484	0.4	18011	19.1	16.8	2.3	10.1	-6.7	16.8	
0.21875	0.4	18011	19.0	16.8	2.2	10.1	-6.7	16.8	
0.22266	0.4	18011	19.0	16.8	2.2	10.1	-6.7	16.8	
0.22656	0.4	18011	19.0	16.8	2.2	10.1	-6.7	16.8	
0.23047	0.3	18011	19.0	16.8	2.2	10.1	-6.7	16.8	
0.23438	0.3	18011	19.0	16.7	2.3	10.1	-6.6	16.7	
0.23828	0.2	18011	19.0	16.7	2.3	10.1	-6.6	16.7	
0.24219	0.1	18011	19.0	16.7	2.3	10.1	-6.6	16.7	
0.24609	0.1	18011	19.0	16.7	2.3	10.1	-6.6	16.7	
0.25000	0.0	18011	19.1	16.7	2.4	10.1	-6.6	16.7	
0.25391	-0.1	18011	19.1	16.7	2.4	10.1	-6.6	16.7	
0.25781	-0.2	18011	19.1	16.7	2.4	10.1	-6.6	16.7	
0.26172	-0.2	18011	19.2	16.7	2.5	10.1	-6.6	16.7	
0.26562	-0.3	18011	19.3	16.7	2.6	10.1	-6.6	16.7	
0.26953	-0.4	18011	19.3	16.7	2.6	10.1	-6.6	16.7	
0.27344	-0.3	18011	19.4	16.7	2.7	10.1	-6.6	16.7	
0.27734	-0.4	18011	19.5	16.7	2.8	10.1	-6.6	16.7	
0.28125	-0.3	18011	19.5	16.7	2.8	10.1	-6.6	16.7	
0.28516	-0.3	18011	19.6	16.7	2.9	10.1	-6.6	16.7	
0.28906	-0.2	18011	19.6	16.7	2.9	10.1	-6.6	16.7	
0.29297	-0.1	18011	19.7	16.7	3.0	10.1	-6.6	16.7	
0.29688	0.0	18011	19.7	16.7	3.0	10.1	-6.6	16.7	
0.30078	0.1	18011	19.7	16.7	3.0	10.1	-6.6	16.7	
0.30469	0.2	18011	19.8	16.7	3.1	10.1	-6.6	16.7	
0.30859	0.3	18011	19.8	16.7	3.1	10.1	-6.6	16.7	
0.31250	0.4	18011	19.8	16.7	3.1	10.1	-6.6	16.7	
0.31641	0.4	18011	19.7	16.7	3.0	10.1	-6.6	16.7	
0.32031	0.5	18011	19.7	16.7	3.0	10.1	-6.6	16.7	
0.32422	0.6	18011	19.7	16.7	3.0	10.1	-6.6	16.7	
0.32812	0.6	18011	19.7	16.7	3.0	10.1	-6.6	16.7	
0.33203	0.6	18011	19.6	16.7	2.9	10.1	-6.6	16.7	
0.33594	0.6	18011	19.6	16.7	2.9	10.1	-6.6	16.7	
0.33984	0.5	18011	19.5	16.7	2.8	10.1	-6.6	16.7	
0.34375	0.5	18011	19.5	16.7	2.8	10.1	-6.6	16.7	
0.34766	0.5	18011	19.4	16.7	2.7	10.1	-6.6	16.7	
0.35156	0.4	18011	19.4	16.7	2.7	10.1	-6.6	16.7	
0.35547	0.4	18011	19.4	16.7	2.7	10.1	-6.6	16.7	
0.35938	0.4	18011	19.4	16.7	2.7	10.1	-6.6	16.7	
0.36328	0.3	18011	19.3	16.7	2.6	10.1	-6.6	16.7	
0.36719	0.2	18011	19.4	16.7	2.7	10.1	-6.6	16.7	
0.37109	0.2	18011	19.4	16.7	2.7	10.1	-6.6	16.7	
0.37500	0.2	18012	19.4	16.7	2.7	10.1	-6.6	16.7	
0.37891	0.2	18012	19.4	16.8	2.6	10.1	-6.7	16.8	
0.38281	0.1	18012	19.4	16.7	2.7	10.1	-6.6	16.7	
0.38672	0.1	18012	19.4	16.8	2.6	10.1	-6.7	16.8	
0.39062	0.1	18012	19.4	16.8	2.6	10.1	-6.7	16.8	
0.39453	0.2	18012	19.4	16.8	2.6	10.1	-6.7	16.8	
0.39844	0.2	18012	19.4	16.8	2.6	10.1	-6.7	16.8	
0.40234	0.2	18012	19.5	16.8	2.7	10.1	-6.7	16.8	
0.40625	0.2	18012	19.5	16.8	2.7	10.1	-6.7	16.8	
0.41016	0.3	18012	19.5	16.8	2.7	10.1	-6.7	16.8	
0.41406	0.3	18012	19.5	16.8	2.7	10.1	-6.7	16.8	
0.41797	0.3	18012	19.5	16.8	2.7	10.1	-6.7	16.8	
0.42188	0.4	18012	19.5	16.8	2.7	10.1	-6.7	16.8	
0.42578	0.4	18012	19.5	16.8	2.7	10.1	-6.7	16.8	
0.42969	0.4	18012	19.5	16.8	2.7	10.1	-6.7	16.8	
0.43359	0.4	18012	19.5	16.8	2.7	10.1	-6.7	16.8	
0.43750	0.4	18012	19.4	16.8	2.6	10.1	-6.7	16.8	
0.44141	0.4	18012	19.4	16.8	2.6	10.1	-6.7	16.8	
0.44531	0.4	18012	19.4	16.9	2.5	10.1	-6.8	16.9	
0.44922	0.4	18012	19.3	16.9	2.4	10.1	-6.8	16.9	
0.45312	0.5	18012	19.3	16.9	2.4	10.1	-6.8	16.9	
0.45703	0.4	18012	19.3	16.9	2.4	10.1	-6.8	16.9	
0.46094	0.3	18012	19.3	16.9	2.4	10.1	-6.8	16.9	
0.46484	0.4	18012	19.3	16.9	2.4	10.1	-6.8	16.9	
0.46875	0.3	18012	19.3	16.9	2.4	10.1	-6.8	16.9	
0.47266	0.3	18012	19.2	16.9	2.3	10.1	-6.8	16.9	
0.47656	0.3	18012	19.2	16.9	2.3	10.1	-6.8	16.9	
0.48047	0.2	18012	19.2	16.9	2.3	10.1	-6.8	16.9	
0.48438	0.2	18012	19.2	16.9	2.3	10.1	-6.8	16.9	
0.48828	0.2	18012	19.2	16.9	2.3	10.1	-6.8	16.9	
0.49219	0.2	18012	19.2	16.9	2.3	10.1	-6.8	16.9	
0.49609	0.2	18012	19.2	16.9	2.3	10.1	-6.8	16.9	
0.50000	0.2	18012	19.2	16.9	2.3	10.1	-6.8	16.9	
0.50391	0.2	18012	19.3	16.9	2.4	10.1	-6.8	16.9	
0.50781	0.2	18012	19.3	16.9	2.4	10.1	-6.8	16.9	
0.51172	0.2	18012	19.3	16.9	2.4	10.1	-6.8	16.9	
0.51562	0.3	18012	19.3	16.9	2.4	10.1	-6.8	16.9	
0.51953	0.3	18012	19.3	16.9	2.4	10.1	-6.8	16.9	
0.52344	0.3	18012	19.3	16.9	2.4	10.1	-6.8	16.9	
0.52734	0.3	18012	19.3	16.9	2.4	10.1	-6.8	16.9	
0.53125	0.3	18012	19.3	16.9	2.4	10.1	-6.8	16.9	
0.53516	0.3	18012	19.3	16.9	2.4	10.1	-6.8	16.9	
0.53906	0.3	18012	19.3	16.9	2.4	10.1	-6.8	16.9	
0.54297	0.3	18012	19.3	16.9	2.4	10.1	-6.8	16.9	
0.54688	0.3	18012	19.2	16.9	2.3	10.1	-6.8	16.9	
0.55078	0.3	18012	19.2	16.9	2.3	10.1	-6.8	16.9	
0.55469	0.3	18012	19.2	16.9	2.3	10.1	-6.8	16.9	
0.55859	0.3	18012	19.2	16.9	2.3	10.1	-6.8	16.9	
0.56250	0.3	18012	19.2	16.9	2.3	10.1	-6.8	16.9	
0.56641	0.2	18012	19.2	16.9	2.3	10.1	-6.8	16.9	
0.57031	0.2	18012	19.2	16.9	2.3	10.1	-6.8	16.9	
0.57422	0.2	18012	19.2	16.9	2.3	10.1	-6.8	16.9	
0.57812	0.2	18012	19.2	16.9	2.3	10.1	-6.8	16.9	
0.58203	0.3	18012	19.2	16.9	2.3	10.1	-6.8	16.9	
0.58594	0.2	18012	19.2	16.9	2.3	10.1	-6.8	16.9	
0.58984	0.2	18012	19.2	16.9	2.3	10.1	-6.8	16.9	
0.59375	0.2	18012	19.2	16.9	2.3	10.1	-6.8	16.9	
0.59766	0.2	18013	19.2	16.9	2.3	10.1	-6.8	16.9	
0.60156	0.2	18013	19.2	16.9	2.3	10.1	-6.8	16.9	
0.60547	0.2	18013	19.2	16.9	2.3	10.1	-6.8	16.9	
0.60938	0.2	18013	19.3	16.9	2.4	10.1	-6.8	16.9	
0.61328	0.2	18013	19.3	16.9	2.4	10.1	-6.8	16.9	
0.61719	0.2	18013	19.3	16.9	2.4	10.1	-6.8	16.9	
0.62109	0.2	18013	19.3	16.9	2.4	10.1	-6.8	16.9	
0.62500	0.2	18013	19.3	16.9	2.4	10.1	-6.8	16.9	
0.62891	0.2	18013	19.3	16.9	2.4	10.1	-6.8	16.9	
0.63281	0.2	18013	19.3	16.9	2.4	10.1	-6.8	16.9	
0.63672	0.2	18013	19.4	16.9	2.5	10.1	-6.8	16.9	
0.64062	0.2	18013	19.4	16.9	2.5	10.1	-6.8	16.9	
0.64453	0.2	18013	19.4	16.9	2.5	10.1	-6.8	16.9	
0.64844	0.3	18013	19.4	16.9	2.5	10.1	-6.8	16.9	
0.65234	0.3	18013	19.4	16.9	2.5	10.1	-6.8	16.9	
0.65625	0.3	18013	19.4	16.9	2.5	10.1	-6.8	16.9	
0.66016	0.2	18013	19.4	16.9	2.5	10.1	-6.8	16.9	
0.66406	0.2	18013	19.4	16.9	2.5	10.1	-6.8	16.9	
0.66797	0.3	18013	19.4	16.9	2.5	10.1	-6.8	16.9	
0.67188	0.3	18013	19.4	16.9	2.5	10.1	-6.8	16.9	
0.67578	0.3	18013	19.4	16.9	2.5	10.1	-6.8	16.9	
0.67969	0.3	18013	19.4	16.9	2.5	10.1	-6.8	16.9	
0.68359	0.3	18013	19.4	16.9	2.5	10.1	-6.8	16.9	
0.68750	0.3	18013	19.4	17.0	2.4	10.1	-6.9	17.0	
0.69141	0.3	18013	19.4	17.0	2.4	10.1	-6.9	17.0	
0.69531	0.3	18013	19.4	17.0	2.4	10.1	-6.9	17.0	
0.69922	0.3	18013	19.4	17.0	2.4	10.1	-6.9	17.0	
0.70312	0.3	18013	19.4	17.0	2.4	10.1	-6.9	17.0	
0.70703	0.3	18013	19.4	17.0	2.4	10.1	-6.9	17.0	
0.71094	0.3	18013	19.4	17.0	2.4	10.1	-6.9	17.0	
0.71484	0.3	18013	19.4	17.0	2.4	10.1	-6.9	17.0	
0.71875	0.3	18013	19.4	17.0	2.4	10.1	-6.9	17.0	
0.72266	0.3	18013	19.4	17.0	2.4	10.1	-6.9	17.0	
0.72656	0.3	18013	19.4	17.0	2.4	10.1	-6.9	17.0	
0.73047	0.3	18013	19.4	17.1	2.3	10.1	-7.0	17.1	
0.73438	0.3	18013	19.4	17.0	2.4	10.1	-6.9	17.0	
0.73828	0.3	18013	19.4	17.1	2.3	10.1	-7.0	17.1	
0.74219	0.3	18013	19.4	17.1	2.3	10.1	-7.0	17.1	
0.74609	0.3	18013	19.4	17.1	2.3	10.1	-7.0	17.1	
0.75000	0.3	18013	19.4	17.0	2.4	10.1	-6.9	17.0	
0.75391	0.3	18013	19.4	17.0	2.4	10.1	-6.9	17.0	
0.75781	0.3	18013	19.4	17.0	2.4	10.1	-6.9	17.0	
0.76172	0.3	18013	19.4	17.0	2.4	10.1	-6.9	17.0	
0.76562	0.3	18013	19.4	17.0	2.4	10.1	-6.9	17.0	
0.76953	0.3	18013	19.4	17.0	2.4	10.1	-6.9	17.0	
0.77344	0.3	18013	19.4	17.0	2.4	10.1	-6.9	17.0	
0.77734	0.3	18013	19.4	17.0	2.4	10.1	-6.9	17.0	
0.78125	0.3	18013	19.4	17.0	2.4	10.1	-6.9	17.0	
0.78516	0.3	18013	19.4	17.0	2.4	10.1	-6.9	17.0	
0.78906	0.2	18013	19.3	17.0	2.3	10.1	-6.9	17.0	
0.79297	0.2	18013	19.3	17.0	2.3	10.1	-6.9	17.0	
0.79688	0.3	18013	19.3	16.9	2.4	10.1	-6.8	16.9	
0.80078	0.3	18013	19.3	16.9	2.4	10.1	-6.8	16.9	
0.80469	0.2	18013	19.3	16.9	2.4	10.1	-6.8	16.9	
0.80859	0.2	18013	19.3	16.9	2.4	10.1	-6.8	16.9	
0.81250	0.2	18013	19.3	16.9	2.4	10.1	-6.8	16.9	
0.81641	0.2	18013	19.3	16.9	2.4	10.1	-6.8	16.9	
0.82031	0.2	18013	19.3	16.9	2.4	10.1	-6.8	16.9	
0.82422	0.2	18014	19.3	16.9	2.4	10.1	-6.8	16.9	
0.82812	0.2	18014	19.3	16.9	2.4	10.1	-6.8	16.9	
0.83203	0.2	18014	19.3	16.9	2.4	10.1	-6.8	16.9	
0.83594	0.2	18014	19.3	17.0	2.3	10.1	-6.9	17.0	
0.83984	0.2	18014	19.3	16.9	2.4	10.1	-6.8	16.9	
0.84375	0.2	18014	19.4	17.0	2.4	10.1	-6.9	17.0	
0.84766	0.2	18014	19.4	17.0	2.4	10.1	-6.9	17.0	
0.85156	0.2	18014	19.4	17.0	2.4	10.1	-6.9	17.0	
0.85547	0.2	18014	19.4	17.0	2.4	10.1	-6.9	17.0	
0.85938	0.2	18014	19.4	17.0	2.4	10.1	-6.9	17.0	
0.86328	0.2	18014	19.4	17.0	2.4	10.1	-6.9	17.0	
0.86719	0.2	18014	19.5	17.0	2.5	10.1	-6.9	17.0	
0.87109	0.2	18014	19.5	17.0	2.5	10.1	-6.9	17.0	
0.87500	0.2	18014	19.5	17.0	2.5	10.1	-6.9	17.0	
0.87891	0.3	18014	19.5	17.0	2.5	10.1	-6.9	17.0	
0.88281	0.2	18014	19.5	17.0	2.5	10.1	-6.9	17.0	
0.88672	0.2	18014	19.5	17.0	2.5	10.1	-6.9	17.0	
0.89062	0.3	18014	19.5	17.0	2.5	10.1	-6.9	17.0	
0.89453	0.3	18014	19.5	17.0	2.5	10.1	-6.9	17.0	
0.89844	0.3	18014	19.5	17.0	2.5	10.1	-6.9	17.0	
0.90234	0.3	18014	19.5	17.0	2.5	10.1	-6.9	17.0	
0.90625	0.3	18014	19.5	17.0	2.5	10.1	-6.9	17.0	
0.91016	0.4	18014	19.5	17.0	2.5	10.1	-6.9	17.0	
0.91406	0.4	18014	19.5	17.0	2.5	10.1	-6.9	17.0	
0.91797	0.4	18014	19.5	17.0	2.5	10.1	-6.9	17.0	
0.92188	0.4	18014	19.4	17.0	2.4	10.1	-6.9	17.0	
0.92578	0.4	18014	19.4	17.0	2.4	10.1	-6.9	17.0	
0.92969	0.5	18014	19.4	17.0	2.4	10.1	-6.9	17.0	
0.93359	0.5	18014	19.4	17.0	2.4	10.1	-6.9	17.0	
0.93750	0.4	18014	19.3	17.0	2.3	10.1	-6.9	17.0	
0.94141	0.3	18014	19.3	17.0	2.3	10.1	-6.9	17.0	
0.94531	0.3	18014	19.3	17.0	2.3	10.1	-6.9	17.0	
0.94922	0.2	18014	19.3	17.0	2.3	10.1	-6.9	17.0	
0.95312	0.2	18014	19.3	17.0	2.3	10.1	-6.9	17.0	
0.95703	0.1	18014	19.4	16.9	2.5	10.1	-6.8	16.9	
0.96094	-0.0	18014	19.4	16.9	2.5	10.1	-6.8	16.9	
0.96484	-0.1	18014	19.4	17.0	2.4	10.1	-6.9	17.0	
0.96875	-0.2	18014	19.5	16.9	2.6	10.1	-6.8	16.9	
0.97266	-0.3	18014	19.5	16.9	2.6	10.1	-6.8	16.9	
0.97656	-0.3	18014	19.6	16.9	2.7	10.1	-6.8	16.9	
0.98047	-0.4	18014	19.7	16.9	2.8	10.1	-6.8	16.9	
0.98438	-0.4	18014	19.7	16.9	2.8	10.1	-6.8	16.9	
0.98828	-0.3	18014	19.8	16.9	2.9	10.1	-6.8	16.9	
0.99219	-0.3	18014	19.9	16.9	3.0	10.1	-6.8	16.9	
0.99609	-0.3	18014	19.9	16.9	3.0	10.1	-6.8	16.9	
1.00000	-0.2	18014	20.0	16.9	3.1	10.1	-6.8	16.9	
1.00391	-0.1	18014	20.0	16.9	3.1	10.1	-6.8	16.9	
1.00781	0.0	18014	20.0	16.9	3.1	10.1	-6.8	16.9	
1.01172	0.2	18014	20.1	16.9	3.2	10.1	-6.8	16.9	
1.01562	0.2	18014	20.1	16.9	3.2	10.1	-6.8	16.9	
1.01953	0.3	18014	20.1	16.9	3.2	10.1	-6.8	16.9	
1.02344	0.4	18014	20.1	16.9	3.2	10.1	-6.8	16.9	
1.02734	0.4	18014	20.0	16.9	3.1	10.1	-6.8	16.9	
1.03125	0.5	18014	20.0	16.9	3.1	10.1	-6.8	16.9	
1.03516	0.6	18014	20.0	16.9	3.1	10.1	-6.8	16.9	
1.03906	0.6	18014	19.9	16.9	3.0	10.1	-6.8	16.9	
1.04297	0.6	18014	19.9	16.9	3.0	10.1	-6.8	16.9	
1.04688	0.6	18014	19.8	16.9	2.9	10.1	-6.8	16.9	
1.05078	0.5	18014	19.8	16.9	2.9	10.1	-6.8	16.9	
1.05469	0.6	18014	19.8	17.0	2.8	10.1	-6.9	17.0	
1.05859	0.5	18014	19.7	16.9	2.8	10.1	-6.8	16.9	
1.06250	0.4	18014	19.7	16.9	2.8	10.1	-6.8	16.9	
1.06641	0.4	18014	19.7	17.0	2.7	10.1	-6.9	17.0	
1.07031	0.3	18014	19.7	16.9	2.8	10.1	-6.8	16.9	
1.07422	0.3	18014	19.7	16.9	2.8	10.1	-6.8	16.9	
1.07812	0.2	18014	19.6	16.9	2.7	10.1	-6.8	16.9	
1.08203	0.2	18014	19.6	17.0	2.6	10.1	-6.9	17.0	
1.08594	0.2	18014	19.6	17.0	2.6	10.1	-6.9	17.0	
1.08984	0.1	18014	19.7	17.0	2.7	10.1	-6.9	17.0	
1.09375	0.1	18014	19.7	17.0	2.7	10.1	-6.9	17.0	
1.09766	0.1	18014	19.7	17.0	2.7	10.1	-6.9	17.0	
1.10156	0.1	18014	19.7	17.0	2.7	10.1	-6.9	17.0	
1.10547	0.1	18014	19.8	17.0	2.8	10.1	-6.9	17.0	
1.10938	0.2	18014	19.8	17.0	2.8	10.1	-6.9	17.0	
1.11328	0.2	18014	19.8	17.0	2.8	10.1	-6.9	17.0	
1.11719	0.2	18015	19.8	17.0	2.8	10.1	-6.9	17.0	
1.12109	0.3	18015	19.8	17.0	2.8	10.1	-6.9	17.0	
1.12500	0.3	18015	19.8	17.0	2.8	10.1	-6.9	17.0	
1.12891	0.3	18015	19.8	17.0	2.8	10.1	-6.9	17.0	
1.13281	0.3	18015	19.8	17.0	2.8	10.1	-6.9	17.0	
1.13672	0.4	18015	19.7	17.0	2.7	10.1	-6.9	17.0	
1.14062	0.5	18015	19.7	17.0	2.7	10.1	-6.9	17.0	
1.14453	0.5	18015	19.7	17.1	2.6	10.1	-7.0	17.1	
1.14844	0.5	18015	19.7	17.1	2.6	10.1	-7.0	17.1	
1.15234	0.4	18015	19.6	17.1	2.5	10.1	-7.0	17.1	
1.15625	0.5	18015	19.6	17.1	2.5	10.1	-7.0	17.1	
1.16016	0.5	18015	19.6	17.1	2.5	10.1	-7.0	17.1	
1.16406	0.4	18015	19.6	17.1	2.5	10.1	-7.0	17.1	
1.16797	0.4	18015	19.5	17.1	2.4	10.1	-7.0	17.1	
1.17188	0.4	18015	19.5	17.1	2.4	10.1	-7.0	17.1	
1.17578	0.3	18015	19.5	17.1	2.4	10.1	-7.0	17.1	
1.17969	0.3	18015	19.5	17.1	2.4	10.1	-7.0	17.1	
1.18359	0.3	18015	19.4	17.1	2.3	10.1	-7.0	17.1	
1.18750	0.3	18015	19.4	17.1	2.3	10.1	-7.0	17.1	
1.19141	0.2	18015	19.5	17.1	2.4	10.1	-7.0	17.1	
1.19531	0.2	18015	19.4	17.1	2.3	10.1	-7.0	17.1	
1.19922	0.2	18015	19.5	17.1	2.4	10.1	-7.0	17.1	
1.20312	0.2	18015	19.5	17.1	2.4	10.1	-7.0	17.1	
1.20703	0.2	18015	19.5	17.1	2.4	10.1	-7.0	17.1	
1.21094	0.2	18015	19.5	17.2	2.3	10.1	-7.1	17.2	
1.21484	0.2	18015	19.5	17.1	2.4	10.1	-7.0	17.1	
1.21875	0.2	18015	19.5	17.1	2.4	10.1	-7.0	17.1	
1.22266	0.2	18015	19.5	17.1	2.4	10.1	-7.0	17.1	
1.22656	0.2	18015	19.5	17.1	2.4	10.1	-7.0	17.1	
1.23047	0.3	18015	19.5	17.1	2.4	10.1	-7.0	17.1	
1.23438	0.3	18015	19.5	17.1	2.4	10.1	-7.0	17.1	
1.23828	0.3	18015	19.5	17.1	2.4	10.1	-7.0	17.1	
1.24219	0.3	18015	19.5	17.1	2.4	10.1	-7.0	17.1	
1.24609	0.3	18015	19.5	17.2	2.3	10.1	-7.1	17.2	
1.25000	0.3	18015	19.5	17.1	2.4	10.1	-7.0	17.1	
1.25391	0.3	18015	19.5	17.1	2.4	10.1	-7.0	17.1	
1.25781	0.3	18015	19.5	17.1	2.4	10.1	-7.0	17.1	
1.26172	0.3	18015	19.5	17.1	2.4	10.1	-7.0	17.1	
1.26562	0.3	18015	19.5	17.1	2.4	10.1	-7.0	17.1	
1.26953	0.3	18015	19.5	17.1	2.4	10.1	-7.0	17.1	
1.27344	0.3	18015	19.4	17.1	2.3	10.1	-7.0	17.1	
1.27734	0.3	18015	19.4	17.1	2.3	10.1	-7.0	17.1	
1.28125	0.3	18015	19.4	17.1	2.3	10.1	-7.0	17.1	
1.28516	0.3	18015	19.4	17.1	2.3	10.1	-7.0	17.1	
1.28906	0.3	18015	19.4	17.1	2.3	10.1	-7.0	17.1	
1.29297	0.3	18015	19.4	17.1	2.3	10.1	-7.0	17.1	
1.29688	0.2	18015	19.4	17.1	2.3	10.1	-7.0	17.1	
1.30078	0.2	18015	19.4	17.1	2.3	10.1	-7.0	17.1	
1.30469	0.3	18015	19.4	17.1	2.3	10.1	-7.0	17.1	
1.30859	0.2	18015	19.4	17.1	2.3	10.1	-7.0	17.1	
1.31250	0.2	18015	19.5	17.1	2.4	10.1	-7.0	17.1	
1.31641	0.2	18016	19.5	17.1	2.4	10.1	-7.0	17.1	
1.32031	0.2	18016	19.5	17.1	2.4	10.1	-7.0	17.1	
1.32422	0.2	18016	19.5	17.1	2.4	10.1	-7.0	17.1	
1.32812	0.2	18016	19.5	17.1	2.4	10.1	-7.0	17.1	
1.33203	0.2	18016	19.5	17.1	2.4	10.1	-7.0	17.1	
1.33594	0.2	18016	19.5	17.1	2.4	10.1	-7.0	17.1	
1.33984	0.2	18016	19.6	17.1	2.5	10.1	-7.0	17.1	
1.34375	0.2	18016	19.6	17.1	2.5	10.1	-7.0	17.1	
1.34766	0.2	18016	19.6	17.1	2.5	10.1	-7.0	17.1	
1.35156	0.2	18016	19.6	17.1	2.5	10.1	-7.0	17.1	
1.35547	0.2	18016	19.6	17.1	2.5	10.1	-7.0	17.1	
1.35938	0.3	18016	19.6	17.1	2.5	10.1	-7.0	17.1	
1.36328	0.3	18016	19.6	17.1	2.5	10.1	-7.0	17.1	
1.36719	0.3	18016	19.6	17.1	2.5	10.1	-7.0	17.1	
1.37109	0.3	18016	19.6	17.1	2.5	10.1	-7.0	17.1	
1.37500	0.3	18016	19.6	17.1	2.5	10.1	-7.0	17.1	
1.37891	0.3	18016	19.6	17.1	2.5	10.1	-7.0	17.1	
1.38281	0.3	18016	19.6	17.1	2.5	10.1	-7.0	17.1	
1.38672	0.3	18016	19.6	17.1	2.5	10.1	-7.0	17.1	
1.39062	0.3	18016	19.6	17.1	2.5	10.1	-7.0	17.1	
1.39453	0.2	18016	19.6	17.1	2.5	10.1	-7.0	17.1	
1.39844	0.3	18016	19.7	17.1	2.6	10.1	-7.0	17.1	
1.40234	0.3	18016	19.7	17.2	2.5	10.1	-7.1	17.2	
1.40625	0.3	18016	19.7	17.2	2.5	10.1	-7.1	17.2	
1.41016	0.3	18016	19.7	17.2	2.5	10.1	-7.1	17.2	
1.41406	0.3	18016	19.7	17.2	2.5	10.1	-7.1	17.2	
1.41797	0.2	18016	19.7	17.2	2.5	10.1	-7.1	17.2	
1.42188	0.2	18016	19.7	17.2	2.5	10.1	-7.1	17.2	
1.42578	0.3	18016	19.7	17.2	2.5	10.1	-7.1	17.2	
1.42969	0.3	18016	19.7	17.2	2.5	10.1	-7.1	17.2	
1.43359	0.2	18016	19.7	17.2	2.5	10.1	-7.1	17.2	
1.43750	0.2	18016	19.7	17.3	2.4	10.1	-7.2	17.3	
1.44141	0.3	18016	19.7	17.3	2.4	10.1	-7.2	17.3	
1.44531	0.3	18016	19.7	17.3	2.4	10.1	-7.2	17.3	
1.44922	0.3	18016	19.7	17.3	2.4	10.1	-7.2	17.3	
1.45312	0.3	18016	19.7	17.3	2.4	10.1	-7.2	17.3	
1.45703	0.3	18016	19.7	17.3	2.4	10.1	-7.2	17.3	
1.46094	0.3	18016	19.7	17.3	2.4	10.1	-7.2	17.3	
1.46484	0.3	18016	19.7	17.2	2.5	10.1	-7.1	17.2	
1.46875	0.3	18016	19.7	17.2	2.5	10.1	-7.1	17.2	
1.47266	0.3	18016	19.7	17.2	2.5	10.1	-7.1	17.2	
1.47656	0.3	18016	19.6	17.2	2.4	10.1	-7.1	17.2	
1.48047	0.3	18016	19.6	17.2	2.4	10.1	-7.1	17.2	
1.48438	0.3	18016	19.6	17.2	2.4	10.1	-7.1	17.2	
1.48828	0.3	18016	19.6	17.2	2.4	10.1	-7.1	17.2	
1.49219	0.3	18016	19.6	17.2	2.4	10.1	-7.1	17.2	
1.49609	0.3	18016	19.6	17.2	2.4	10.1	-7.1	17.2	
1.50000	0.3	18016	19.6	17.2	2.4	10.1	-7.1	17.2	
1.50391	0.3	18016	19.6	17.2	2.4	10.1	-7.1	17.2	
1.50781	0.3	18016	19.5	17.2	2.3	10.1	-7.1	17.2	
1.51172	0.3	18016	19.6	17.1	2.5	10.1	-7.0	17.1	
1.51562	0.3	18016	19.5	17.1	2.4	10.1	-7.0	17.1	
1.51953	0.3	18016	19.5	17.1	2.4	10.1	-7.0	17.1	
1.52344	0.3	18016	19.5	17.1	2.4	10.1	-7.0	17.1	
1.52734	0.2	18016	19.5	17.1	2.4	10.1	-7.0	17.1	
1.53125	0.2	18016	19.5	17.1	2.4	10.1	-7.0	17.1	
1.53516	0.2	18016	19.5	17.1	2.4	10.1	-7.0	17.1	
1.53906	0.2	18016	19.6	17.1	2.5	10.1	-7.0	17.1	
1.54297	0.2	18017	19.6	17.1	2.5	10.1	-7.0	17.1	
1.54688	0.2	18017	19.6	17.2	2.4	10.1	-7.1	17.2	
1.55078	0.2	18017	19.6	17.2	2.4	10.1	-7.1	17.2	
1.55469	0.2	18017	19.6	17.2	2.4	10.1	-7.1	17.2	
1.55859	0.2	18017	19.6	17.2	2.4	10.1	-7.1	17.2	
1.56250	0.2	18017	19.6	17.2	2.4	10.1	-7.1	17.2	
1.56641	0.2	18017	19.6	17.2	2.4	10.1	-7.1	17.2	
1.57031	0.2	18017	19.7	17.2	2.5	10.1	-7.1	17.2	
1.57422	0.2	18017	19.7	17.2	2.5	10.1	-7.1	17.2	
1.57812	0.3	18017	19.7	17.2	2.5	10.1	-7.1	17.2	
1.58203	0.2	18017	19.7	17.2	2.5	10.1	-7.1	17.2	
1.58594	0.2	18017	19.7	17.2	2.5	10.1	-7.1	17.2	
1.58984	0.3	18017	19.7	17.2	2.5	10.1	-7.1	17.2	
1.59375	0.3	18017	19.7	17.2	2.5	10.1	-7.1	17.2	
1.59766	0.2	18017	19.7	17.2	2.5	10.1	-7.1	17.2	
1.60156	0.2	18017	19.7	17.2	2.5	10.1	-7.1	17.2	
1.60547	0.3	18017	19.7	17.2	2.5	10.1	-7.1	17.2	
1.60938	0.3	18017	19.7	17.2	2.5	10.1	-7.1	17.2	
1.61328	0.3	18017	19.7	17.2	2.5	10.1	-7.1	17.2	
1.61719	0.3	18017	19.7	17.2	2.5	10.1	-7.1	17.2	
1.62109	0.3	18017	19.7	17.2	2.5	10.1	-7.1	17.2	
1.62500	0.4	18017	19.7	17.2	2.5	10.1	-7.1	17.2	
1.62891	0.4	18017	19.7	17.2	2.5	10.1	-7.1	17.2	
1.63281	0.4	18017	19.6	17.2	2.4	10.1	-7.1	17.2	
1.63672	0.4	18017	19.6	17.2	2.4	10.1	-7.1	17.2	
1.64062	0.4	18017	19.6	17.2	2.4	10.1	-7.1	17.2	
1.64453	0.4	18017	19.6	17.2	2.4	10.1	-7.1	17.2	
1.64844	0.3	18017	19.6	17.2	2.4	10.1	-7.1	17.2	
1.65234	0.3	18017	19.5	17.2	2.3	10.1	-7.1	17.2	
1.65625	0.3	18017	19.6	17.2	2.4	10.1	-7.1	17.2	
1.66016	0.2	18017	19.6	17.2	2.4	10.1	-7.1	17.2	
1.66406	0.1	18017	19.6	17.1	2.5	10.1	-7.0	17.1	
1.66797	0.0	18017	19.6	17.1	2.5	10.1	-7.0	17.1	
1.67188	-0.1	18017	19.6	17.1	2.5	10.1	-7.0	17.1	
1.67578	-0.1	18017	19.7	17.1	2.6	10.1	-7.0	17.1	
1.67969	-0.2	18017	19.7	17.1	2.6	10.1	-7.0	17.1	
1.68359	-0.3	18017	19.8	17.1	2.7	10.1	-7.0	17.1	
1.68750	-0.3	18017	19.9	17.1	2.8	10.1	-7.0	17.1	
1.69141	-0.4	18017	19.9	17.1	2.8	10.1	-7.0	17.1	
1.69531	-0.4	18017	20.0	17.1	2.9	10.1	-7.0	17.1	
1.69922	-0.3	18017	20.0	17.1	2.9	10.1	-7.0	17.1	
1.70312	-0.3	18017	20.1	17.1	3.0	10.1	-7.0	17.1	
1.70703	-0.2	18017	20.2	17.1	3.1	10.1	-7.0	17.1	
1.71094	-0.1	18017	20.2	17.1	3.1	10.1	-7.0	17.1	
1.71484	-0.0	18017	20.2	17.1	3.1	10.1	-7.0	17.1	
1.71875	0.1	18017	20.3	17.1	3.2	10.1	-7.0	17.1	
1.72266	0.2	18017	20.3	17.1	3.2	10.1	-7.0	17.1	
1.72656	0.3	18017	20.3	17.1	3.2	10.1	-7.0	17.1	
1.73047	0.3	18017	20.3	17.1	3.2	10.1	-7.0	17.1	
1.73438	0.4	18017	20.2	17.1	3.1	10.1	-7.0	17.1	
1.73828	0.5	18017	20.2	17.1	3.1	10.1	-7.0	17.1	
1.74219	0.5	18017	20.2	17.1	3.1	10.1	-7.0	17.1	
1.74609	0.6	18017	20.2	17.1	3.1	10.1	-7.0	17.1	
1.75000	0.6	18017	20.1	17.1	3.0	10.1	-7.0	17.1	
1.75391	0.6	18017	20.1	17.1	3.0	10.1	-7.0	17.1	
1.75781	0.6	18017	20.0	17.1	2.9	10.1	-7.0	17.1	
1.76172	0.6	18017	20.0	17.1	2.9	10.1	-7.0	17.1	
1.76562	0.5	18017	19.9	17.1	2.8	10.1	-7.0	17.1	
1.76953	0.5	18017	19.9	17.1	2.8	10.1	-7.0	17.1	
1.77344	0.4	18017	19.9	17.1	2.8	10.1	-7.0	17.1	
1.77734	0.3	18017	19.8	17.1	2.7	10.1	-7.0	17.1	
1.78125	0.3	18017	19.8	17.1	2.7	10.1	-7.0	17.1	
1.78516	0.2	18017	19.8	17.1	2.7	10.1	-7.0	17.1	
1.78906	0.2	18017	19.9	17.1	2.8	10.1	-7.0	17.1	
1.79297	0.2	18017	19.9	17.1	2.8	10.1	-7.0	17.1	
1.79688	0.1	18017	19.9	17.1	2.8	10.1	-7.0	17.1	
1.80078	0.1	18017	19.9	17.1	2.8	10.1	-7.0	17.1	
1.80469	0.1	18017	19.9	17.1	2.8	10.1	-7.0	17.1	
1.80859	0.1	18017	19.9	17.1	2.8	10.1	-7.0	17.1	
1.81250	0.0	18017	20.0	17.1	2.9	10.1	-7.0	17.1	
1.81641	0.1	18017	20.0	17.2	2.8	10.1	-7.1	17.2	
1.82031	0.1	18017	20.0	17.2	2.8	10.1	-7.1	17.2	
1.82422	0.1	18017	20.0	17.2	2.8	10.1	-7.1	17.2	
1.82812	0.2	18017	20.1	17.2	2.9	10.1	-7.1	17.2	
1.83203	0.2	18017	20.1	17.2	2.9	10.1	-7.1	17.2	
1.83594	0.3	18017	20.1	17.2	2.9	10.1	-7.1	17.2	
1.83984	0.3	18018	20.1	17.2	2.9	10.1	-7.1	17.2	
1.84375	0.3	18018	20.1	17.2	2.9	10.1	-7.1	17.2	
1.84766	0.4	18018	20.1	17.2	2.9	10.1	-7.1	17.2	
1.85156	0.4	18018	20.1	17.2	2.9	10.1	-7.1	17.2	
1.85547	0.4	18018	20.0	17.2	2.8	10.1	-7.1	17.2	
1.85938	0.4	18018	20.0	17.3	2.7	10.1	-7.2	17.3	
1.86328	0.4	18018	20.0	17.3	2.7	10.1	-7.2	17.3	
1.86719	0.4	18018	20.0	17.3	2.7	10.1	-7.2	17.3	
1.87109	0.4	18018	20.0	17.3	2.7	10.1	-7.2	17.3	
1.87500	0.3	18018	19.9	17.3	2.6	10.1	-7.2	17.3	
1.87891	0.3	18018	19.9	17.3	2.6	10.1	-7.2	17.3	
1.88281	0.3	18018	19.9	17.3	2.6	10.1	-7.2	17.3	
1.88672	0.3	18018	19.9	17.3	2.6	10.1	-7.2	17.3	
1.89062	0.3	18018	19.9	17.4	2.5	10.1	-7.3	17.4	
1.89453	0.2	18018	19.9	17.3	2.6	10.1	-7.2	17.3	
1.89844	0.2	18018	19.9	17.4	2.5	10.1	-7.3	17.4	
1.90234	0.2	18018	19.9	17.4	2.5	10.1	-7.3	17.4	
1.90625	0.2	18018	19.9	17.4	2.5	10.1	-7.3	17.4	
1.91016	0.1	18018	19.9	17.4	2.5	10.1	-7.3	17.4	
1.91406	0.1	18018	19.9	17.4	2.5	10.1	-7.3	17.4	
1.91797	0.1	18018	19.9	17.4	2.5	10.1	-7.3	17.4	
1.92188	0.1	18018	20.0	17.4	2.6	10.1	-7.3	17.4	
1.92578	0.0	18018	20.0	17.4	2.6	10.1	-7.3	17.4	
1.92969	0.1	18018	20.0	17.4	2.6	10.1	-7.3	17.4	
1.93359	0.1	18018	20.1	17.4	2.7	10.1	-7.3	17.4	
1.93750	0.1	18018	20.1	17.4	2.7	10.1	-7.3	17.4	
1.94141	0.1	18018	20.1	17.4	2.7	10.1	-7.3	17.4	
1.94531	0.1	18018	20.1	17.4	2.7	10.1	-7.3	17.4	
1.94922	0.1	18018	20.2	17.4	2.8	10.1	-7.3	17.4	
1.95312	0.2	18018	20.2	17.4	2.8	10.1	-7.3	17.4	
1.95703	0.2	18018	20.2	17.4	2.8	10.1	-7.3	17.4	
1.96094	0.2	18018	20.2	17.4	2.8	10.1	-7.3	17.4	
1.96484	0.3	18018	20.2	17.4	2.8	10.1	-7.3	17.4	
1.96875	0.3	18018	20.2	17.4	2.8	10.1	-7.3	17.4	
1.97266	0.3	18018	20.3	17.4	2.9	10.1	-7.3	17.4	
1.97656	0.3	18018	20.2	17.4	2.8	10.1	-7.3	17.4	
1.98047	0.3	18018	20.2	17.4	2.8	10.1	-7.3	17.4	
1.98438	0.2	18018	20.3	17.4	2.9	10.1	-7.3	17.4	
1.98828	0.3	18018	20.3	17.4	2.9	10.1	-7.3	17.4	
1.99219	0.3	18018	20.3	17.4	2.9	10.1	-7.3	17.4	
1.99609	0.2	18018	20.3	17.4	2.9	10.1	-7.3	17.4	
2.00000	0.3	18018	20.3	17.4	2.9	10.1	-7.3	17.4	
2.00391	0.2	18018	20.3	17.4	2.9	10.1	-7.3	17.4	
2.00781	0.2	18018	20.3	17.4	2.9	10.1	-7.3	17.4	
2.01172	0.2	18018	20.3	17.4	2.9	10.1	-7.3	17.4	
2.01562	0.2	18018	20.3	17.4	2.9	10.1	-7.3	17.4	
2.01953	0.2	18018	20.4	17.5	2.9	10.1	-7.4	17.5	
2.02344	0.2	18018	20.4	17.4	3.0	10.1	-7.3	17.4	
2.02734	0.1	18018	20.4	17.5	2.9	10.1	-7.4	17.5	
2.03125	0.2	18018	20.4	17.5	2.9	10.1	-7.4	17.5	
2.03516	0.2	18018	20.4	17.5	2.9	10.1	-7.4	17.5	
2.03906	0.2	18018	20.5	17.5	3.0	10.1	-7.4	17.5	
2.04297	0.2	18018	20.5	17.5	3.0	10.1	-7.4	17.5	
2.04688	0.2	18018	20.5	17.5	3.0	10.1	-7.4	17.5	
2.05078	0.2	18018	20.5	17.5	3.0	10.1	-7.4	17.5	
2.05469	0.2	18018	20.5	17.5	3.0	10.1	-7.4	17.5	
2.05859	0.2	18018	20.6	17.5	3.1	10.1	-7.4	17.5	
2.06250	0.2	18018	20.6	17.5	3.1	10.1	-7.4	17.5	
2.06641	0.1	18018	20.6	17.5	3.1	10.1	-7.4	17.5	
2.07031	0.2	18018	20.6	17.5	3.1	10.1	-7.4	17.5	
2.07422	0.2	18018	20.6	17.5	3.1	10.1	-7.4	17.5	
2.07812	0.2	18018	20.6	17.5	3.1	10.1	-7.4	17.5	
2.08203	0.2	18018	20.7	17.5	3.2	10.1	-7.4	17.5	
2.08594	0.3	18018	20.7	17.5	3.2	10.1	-7.4	17.5	
2.08984	0.2	18018	20.7	17.5	3.2	10.1	-7.4	17.5	
2.09375	0.2	18018	20.7	17.5	3.2	10.1	-7.4	17.5	
2.09766	0.2	18018	20.7	17.6	3.1	10.1	-7.5	17.6	
2.10156	0.2	18018	20.7	17.6	3.1	10.1	-7.5	17.6	
2.10547	0.2	18018	20.7	17.6	3.1	10.1	-7.5	17.6	
2.10938	0.2	18019	20.7	17.6	3.1	10.1	-7.5	17.6	
2.11328	0.2	18019	20.7	17.6	3.1	10.1	-7.5	17.6	
2.11719	0.2	18019	20.8	17.7	3.1	10.1	-7.6	17.7	
2.12109	0.2	18019	20.8	17.7	3.1	10.1	-7.6	17.7	
2.12500	0.2	18019	20.8	17.7	3.1	10.1	-7.6	17.7	
2.12891	0.2	18019	20.8	17.7	3.1	10.1	-7.6	17.7	
2.13281	0.2	18019	20.8	17.7	3.1	10.1	-7.6	17.7	
2.13672	0.2	18019	20.8	17.7	3.1	10.1	-7.6	17.7	
2.14062	0.2	18019	20.9	17.7	3.2	10.1	-7.6	17.7	
2.14453	0.2	18019	20.9	17.8	3.1	10.1	-7.7	17.8	
2.14844	0.2	18019	20.9	17.8	3.1	10.1	-7.7	17.8	
2.15234	0.2	18019	20.9	17.8	3.1	10.1	-7.7	17.8	
2.15625	0.2	18019	20.9	17.8	3.1	10.1	-7.7	17.8	
2.16016	0.2	18019	20.9	17.8	3.1	10.1	-7.7	17.8	
2.16406	0.2	18019	21.0	17.8	3.2	10.1	-7.7	17.8	
2.16797	0.2	18019	21.0	17.8	3.2	10.1	-7.7	17.8	
2.17188	0.2	18019	21.0	17.8	3.2	10.1	-7.7	17.8	
2.17578	0.2	18019	21.0	17.8	3.2	10.1	-7.7	17.8	
2.17969	0.2	18019	21.0	17.8	3.2	10.1	-7.7	17.8	
2.18359	0.2	18019	21.1	17.8	3.3	10.1	-7.7	17.8	
2.18750	0.1	18019	21.1	17.8	3.3	10.1	-7.7	17.8	
2.19141	0.2	18019	21.1	17.8	3.3	10.1	-7.7	17.8	
2.19531	0.1	18019	21.1	17.8	3.3	10.1	-7.7	17.8	
2.19922	0.1	18019	21.2	17.8	3.4	10.1	-7.7	17.8	
2.20312	0.1	18019	21.2	17.8	3.4	10.1	-7.7	17.8	
2.20703	0.1	18019	21.2	17.8	3.4	10.1	-7.7	17.8	
2.21094	0.1	18019	21.2	17.8	3.4	10.1	-7.7	17.8	
2.21484	0.1	18019	21.3	17.8	3.5	10.1	-7.7	17.8	
2.21875	0.1	18019	21.3	17.8	3.5	10.1	-7.7	17.8	
2.22266	0.1	18019	21.3	17.8	3.5	10.1	-7.7	17.8	
2.22656	0.1	18019	21.4	17.8	3.6	10.1	-7.7	17.8	
2.23047	0.1	18019	21.4	17.8	3.6	10.1	-7.7	17.8	
2.23438	0.1	18019	21.4	17.8	3.6	10.1	-7.7	17.8	
2.23828	0.1	18019	21.5	17.9	3.6	10.1	-7.8	17.9	
2.24219	0.1	18019	21.5	17.9	3.6	10.1	-7.8	17.9	
2.24609	0.2	18019	21.5	17.9	3.6	10.1	-7.8	17.9	
2.25000	0.2	18019	21.5	17.9	3.6	10.1	-7.8	17.9	
2.25391	0.2	18019	21.6	17.9	3.7	10.1	-7.8	17.9	
2.25781	0.2	18019	21.6	17.9	3.7	10.1	-7.8	17.9	
2.26172	0.2	18019	21.6	17.9	3.7	10.1	-7.8	17.9	
2.26562	0.2	18019	21.6	18.0	3.6	10.1	-7.9	18.0	
2.26953	0.2	18019	21.7	18.0	3.7	10.1	-7.9	18.0	
2.27344	0.2	18019	21.7	18.0	3.7	10.1	-7.9	18.0	
2.27734	0.2	18019	21.7	18.0	3.7	10.1	-7.9	18.0	
2.28125	0.2	18019	21.7	18.0	3.7	10.1	-7.9	18.0	
2.28516	0.1	18019	21.7	18.1	3.6	10.1	-8.0	18.1	
2.28906	0.1	18019	21.8	18.1	3.7	10.1	-8.0	18.1	
2.29297	0.1	18019	21.8	18.1	3.7	10.1	-8.0	18.1	
2.29688	0.1	18019	21.8	18.1	3.7	10.1	-8.0	18.1	
2.30078	0.1	18019	21.9	18.1	3.8	10.1	-8.0	18.1	
2.30469	0.1	18019	21.9	18.1	3.8	10.1	-8.0	18.1	
2.30859	0.1	18019	21.9	18.2	3.7	10.1	-8.1	18.2	
2.31250	0.1	18019	21.9	18.2	3.7	10.1	-8.1	18.2	
2.31641	0.1	18019	22.0	18.2	3.8	10.1	-8.1	18.2	
2.32031	0.2	18019	22.0	18.2	3.8	10.1	-8.1	18.2	
2.32422	0.2	18019	22.0	18.2	3.8	10.1	-8.1	18.2	
2.32812	0.2	18019	22.0	18.2	3.8	10.1	-8.1	18.2	
2.33203	0.2	18019	22.1	18.3	3.8	10.1	-8.2	18.3	
2.33594	0.2	18019	22.1	18.3	3.8	10.1	-8.2	18.3	
2.33984	0.2	18019	22.1	18.3	3.8	10.1	-8.2	18.3	
2.34375	0.3	18019	22.1	18.3	3.8	10.1	-8.2	18.3	
2.34766	0.3	18019	22.1	18.3	3.8	10.1	-8.2	18.3	
2.35156	0.3	18019	22.1	18.3	3.8	10.1	-8.2	18.3	
2.35547	0.2	18019	22.1	18.3	3.8	10.1	-8.2	18.3	
2.35938	0.2	18019	22.1	18.3	3.8	10.1	-8.2	18.3	
2.36328	0.1	18019	22.2	18.3	3.9	10.1	-8.2	18.3	
2.36719	0.1	18019	22.2	18.3	3.9	10.1	-8.2	18.3	
2.37109	-0.1	18019	22.2	18.3	3.9	10.1	-8.2	18.3	
2.37500	-0.2	18019	22.3	18.4	3.9	10.1	-8.3	18.4	
2.37891	-0.3	18019	22.3	18.4	3.9	10.1	-8.3	18.4	
2.38281	-0.4	18019	22.4	18.4	4.0	10.1	-8.3	18.4	
2.38672	-0.6	18019	22.5	18.4	4.1	10.1	-8.3	18.4	
2.39062	-0.8	18019	22.6	18.4	4.2	10.1	-8.3	18.4	
2.39453	-0.9	18019	22.7	18.4	4.3	10.1	-8.3	18.4	
2.39844	-1.0	18019	22.7	18.4	4.3	10.1	-8.3	18.4	
2.40234	-1.0	18019	22.9	18.4	4.5	10.1	-8.3	18.4	
2.40625	-1.1	18019	22.9	18.5	4.4	10.1	-8.4	18.5	
2.41016	-1.0	18019	23.0	18.5	4.5	10.1	-8.4	18.5	
2.41406	-0.9	18019	23.1	18.5	4.6	10.1	-8.4	18.5	
2.41797	-0.9	18019	23.2	18.5	4.7	10.1	-8.4	18.5	
2.42188	-0.7	18019	23.3	18.5	4.8	10.1	-8.4	18.5	
2.42578	-0.6	18019	23.4	18.5	4.9	10.1	-8.4	18.5	
2.42969	-0.4	18019	23.4	18.6	4.8	10.1	-8.5	18.6	
2.43359	-0.2	18018	23.4	18.6	4.8	10.1	-8.5	18.6	
2.43750	-0.0	18018	23.5	18.6	4.9	10.1	-8.5	18.6	
2.44141	0.1	18019	23.5	18.7	4.8	10.1	-8.6	18.7	
2.44531	0.2	18019	23.5	18.7	4.8	10.1	-8.6	18.7	
2.44922	0.3	18019	23.5	18.7	4.8	10.1	-8.6	18.7	
2.45312	0.4	18019	23.5	18.7	4.8	10.1	-8.6	18.7	
2.45703	0.5	18019	23.5	18.7	4.8	10.1	-8.6	18.7	
2.46094	0.5	18019	23.5	18.8	4.7	10.1	-8.7	18.8	
2.46484	0.5	18019	23.4	18.8	4.6	10.1	-8.7	18.8	
2.46875	0.5	18019	23.4	18.8	4.6	10.1	-8.7	18.8	
2.47266	0.5	18019	23.4	18.8	4.6	10.1	-8.7	18.8	
2.47656	0.4	18019	23.4	18.9	4.5	10.1	-8.8	18.9	
2.48047	0.3	18019	23.4	18.9	4.5	10.1	-8.8	18.9	
2.48438	0.3	18019	23.4	18.9	4.5	10.1	-8.8	18.9	
2.48828	0.2	18019	23.4	18.9	4.5	10.1	-8.8	18.9	
2.49219	0.1	18019	23.4	19.0	4.4	10.1	-8.9	19.0	
2.49609	0.0	18019	23.4	19.0	4.4	10.1	-8.9	19.0	
2.50000	-0.0	18019	23.4	19.0	4.4	10.1	-8.9	19.0	
2.50391	-0.1	18019	23.5	19.0	4.5	10.1	-8.9	19.0	
2.50781	-0.2	18019	23.5	19.0	4.5	10.1	-8.9	19.0	
2.51172	-0.2	18019	23.6	19.1	4.5	10.1	-9.0	19.1	
2.51562	-0.3	18019	23.6	19.1	4.5	10.1	-9.0	19.1	
2.51953	-0.4	18019	23.7	19.1	4.6	10.1	-9.0	19.1	
2.52344	-0.4	18019	23.8	19.2	4.6	10.1	-9.1	19.2	
2.52734	-0.4	18019	23.8	19.2	4.6	10.1	-9.1	19.2	
2.53125	-0.4	18019	23.9	19.2	4.7	10.1	-9.1	19.2	
2.53516	-0.3	18019	24.0	19.2	4.8	10.1	-9.1	19.2	
2.53906	-0.2	18019	24.0	19.3	4.7	10.1	-9.2	19.3	
2.54297	-0.2	18019	24.1	19.3	4.8	10.1	-9.2	19.3	
2.54688	-0.1	18019	24.1	19.4	4.7	10.1	-9.3	19.4	
2.55078	-0.0	18019	24.2	19.4	4.8	10.1	-9.3	19.4	
2.55469	0.0	18019	24.2	19.4	4.8	10.1	-9.3	19.4	
2.55859	0.1	18019	24.2	19.5	4.7	10.1	-9.4	19.5	
2.56250	0.2	18019	24.2	19.5	4.7	10.1	-9.4	19.5	
2.56641	0.3	18019	24.2	19.5	4.7	10.1	-9.4	19.5	
2.57031	0.3	18019	24.2	19.6	4.6	10.1	-9.5	19.6	
2.57422	0.3	18019	24.2	19.6	4.6	10.1	-9.5	19.6	
2.57812	0.3	18019	24.2	19.6	4.6	10.1	-9.5	19.6	
2.58203	0.4	18019	24.2	19.7	4.5	10.1	-9.6	19.7	
2.58594	0.3	18019	24.2	19.7	4.5	10.1	-9.6	19.7	
2.58984	0.3	18019	24.2	19.7	4.5	10.1	-9.6	19.7	
2.59375	0.2	18019	24.2	19.8	4.4	10.1	-9.7	19.8	
2.59766	0.2	18019	24.2	19.8	4.4	10.1	-9.7	19.8	
2.60156	0.1	18019	24.2	19.8	4.4	10.1	-9.7	19.8	
2.60547	0.1	18019	24.2	19.9	4.3	10.1	-9.8	19.9	
2.60938	0.0	18019	24.3	19.9	4.4	10.1	-9.8	19.9	
2.61328	-0.0	18019	24.3	19.9	4.4	10.1	-9.8	19.9	
2.61719	-0.1	18019	24.3	19.9	4.4	10.1	-9.8	19.9	
2.62109	-0.1	18019	24.4	20.0	4.4	10.1	-9.9	20.0	
2.62500	-0.1	18019	24.4	20.0	4.4	10.1	-9.9	20.0	
2.62891	-0.1	18019	24.4	20.0	4.4	10.1	-9.9	20.0	
2.63281	-0.0	18019	24.5	20.0	4.5	10.1	-9.9	20.0	
2.63672	0.0	18019	24.5	20.1	4.4	10.1	-10.0	20.1	
2.64062	0.1	18019	24.5	20.1	4.4	10.1	-10.0	20.1	
2.64453	0.1	18019	24.6	20.1	4.5	10.1	-10.0	20.1	
2.64844	0.2	18019	24.6	20.1	4.5	10.1	-10.0	20.1	
2.65234	0.3	18019	24.6	20.1	4.5	10.1	-10.0	20.1	
2.65625	0.3	18019	24.5	20.2	4.3	10.1	-10.1	20.2	
2.66016	0.4	18019	24.5	20.2	4.3	10.1	-10.1	20.2	
2.66406	0.5	18019	24.5	20.2	4.3	10.1	-10.1	20.2	
2.66797	0.6	18019	24.5	20.2	4.3	10.1	-10.1	20.2	
2.67188	0.6	18019	24.4	20.2	4.2	10.1	-10.1	20.2	
2.67578	0.7	18019	24.4	20.2	4.2	10.1	-10.1	20.2	
2.67969	0.7	18019	24.3	20.2	4.1	10.1	-10.1	20.2	
2.68359	0.7	18019	24.3	20.2	4.1	10.1	-10.1	20.2	
2.68750	0.7	18019	24.2	20.3	3.9	10.1	-10.2	20.3	
2.69141	0.7	18019	24.2	20.3	3.9	10.1	-10.2	20.3	
2.69531	0.7	18019	24.1	20.3	3.8	10.1	-10.2	20.3	
2.69922	0.6	18019	24.1	20.3	3.8	10.1	-10.2	20.3	
2.70312	0.5	18019	24.0	20.3	3.7	10.1	-10.2	20.3	
2.70703	0.5	18019	24.0	20.3	3.7	10.1	-10.2	20.3	
2.71094	0.4	18019	24.0	20.3	3.7	10.1	-10.2	20.3	
2.71484	0.3	18019	24.0	20.3	3.7	10.1	-10.2	20.3	
2.71875	0.2	18019	24.0	20.3	3.7	10.1	-10.2	20.3	
2.72266	0.1	18019	24.0	20.4	3.6	10.1	-10.3	20.4	
2.72656	-0.0	18019	24.0	20.4	3.6	10.1	-10.3	20.4	
2.73047	-0.1	18019	24.0	20.4	3.6	10.1	-10.3	20.4	
2.73438	-0.2	18019	24.1	20.4	3.7	10.1	-10.3	20.4	
2.73828	-0.2	18019	24.2	20.4	3.8	10.1	-10.3	20.4	
2.74219	-0.2	18019	24.2	20.4	3.8	10.1	-10.3	20.4	
2.74609	-0.2	18019	24.3	20.4	3.9	10.1	-10.3	20.4	
2.75000	-0.3	18019	24.3	20.4	3.9	10.1	-10.3	20.4	
2.75391	-0.3	18019	24.4	20.4	4.0	10.1	-10.3	20.4	
2.75781	-0.2	18019	24.4	20.4	4.0	10.1	-10.3	20.4	
2.76172	-0.1	18019	24.5	20.5	4.0	10.1	-10.4	20.5	
2.76562	-0.1	18019	24.5	20.5	4.0	10.1	-10.4	20.5	
2.76953	-0.0	18019	24.6	20.5	4.1	10.1	-10.4	20.5	
2.77344	0.1	18019	24.6	20.5	4.1	10.1	-10.4	20.5	
2.77734	0.1	18019	24.6	20.5	4.1	10.1	-10.4	20.5	
2.78125	0.1	18019	24.7	20.5	4.2	10.1	-10.4	20.5	
2.78516	0.2	18019	24.7	20.6	4.1	10.1	-10.5	20.6	
2.78906	0.2	18019	24.7	20.6	4.1	10.1	-10.5	20.6	
2.79297	0.2	18019	24.7	20.6	4.1	10.1	-10.5	20.6	
2.79688	0.2	18019	24.7	20.6	4.1	10.1	-10.5	20.6	
2.80078	0.2	18019	24.7	20.6	4.1	10.1	-10.5	20.6	
2.80469	0.2	18019	24.8	20.6	4.2	10.1	-10.5	20.6	
2.80859	0.2	18019	24.8	20.7	4.1	10.1	-10.6	20.7	
2.81250	0.1	18019	24.8	20.7	4.1	10.1	-10.6	20.7	
2.81641	0.1	18019	24.8	20.7	4.1	10.1	-10.6	20.7	
2.82031	0.1	18019	24.9	20.7	4.2	10.1	-10.6	20.7	
2.82422	-0.0	18019	24.9	20.7	4.2	10.1	-10.6	20.7	
2.82812	-0.0	18019	24.9	20.8	4.1	10.1	-10.7	20.8	
2.83203	-0.0	18019	25.0	20.8	4.2	10.1	-10.7	20.8	
2.83594	-0.0	18019	25.0	20.8	4.2	10.1	-10.7	20.8	
2.83984	-0.0	18019	25.0	20.9	4.1	10.1	-10.8	20.9	
2.84375	0.0	18019	25.1	20.9	4.2	10.1	-10.8	20.9	
2.84766	0.0	18019	25.1	20.9	4.2	10.1	-10.8	20.9	
2.85156	0.1	18019	25.1	21.0	4.1	10.1	-10.9	21.0	
2.85547	0.1	18019	25.2	21.0	4.2	10.1	-10.9	21.0	
2.85938	0.1	18019	25.2	21.0	4.2	10.1	-10.9	21.0	
2.86328	0.1	18019	25.2	21.0	4.2	10.1	-10.9	21.0	
2.86719	0.2	18019	25.2	21.0	4.2	10.1	-10.9	21.0	
2.87109	0.3	18019	25.2	21.0	4.2	10.1	-10.9	21.0	
2.87500	0.3	18020	25.2	21.1	4.1	10.1	-11.0	21.1	
2.87891	0.3	18020	25.2	21.1	4.1	10.1	-11.0	21.1	
2.88281	0.4	18020	25.2	21.1	4.1	10.1	-11.0	21.1	
2.88672	0.3	18020	25.2	21.1	4.1	10.1	-11.0	21.1	
2.89062	0.4	18020	25.2	21.1	4.1	10.1	-11.0	21.1	
2.89453	0.4	18020	25.1	21.1	4.0	10.1	-11.0	21.1	
2.89844	0.4	18020	25.1	21.1	4.0	10.1	-11.0	21.1	
2.90234	0.4	18020	25.1	21.1	4.0	10.1	-11.0	21.1	
2.90625	0.4	18020	25.1	21.1	4.0	10.1	-11.0	21.1	
2.91016	0.4	18020	25.1	21.1	4.0	10.1	-11.0	21.1	
2.91406	0.4	18020	25.0	21.1	3.9	10.1	-11.0	21.1	
2.91797	0.4	18020	25.0	21.1	3.9	10.1	-11.0	21.1	
2.92188	0.4	18020	25.0	21.1	3.9	10.1	-11.0	21.1	
2.92578	0.3	18020	25.0	21.2	3.8	10.1	-11.1	21.2	
2.92969	0.3	18020	25.0	21.1	3.9	10.1	-11.0	21.1	
2.93359	0.3	18020	24.9	21.2	3.7	10.1	-11.1	21.2	
2.93750	0.2	18020	24.9	21.2	3.7	10.1	-11.1	21.2	
2.94141	0.2	18020	24.9	21.2	3.7	10.1	-11.1	21.2	
2.94531	0.2	18020	24.9	21.2	3.7	10.1	-11.1	21.2	
2.94922	0.2	18020	24.9	21.2	3.7	10.1	-11.1	21.2	
2.95312	0.2	18020	25.0	21.2	3.8	10.1	-11.1	21.2	
2.95703	0.2	18020	25.0	21.2	3.8	10.1	-11.1	21.2	
2.96094	0.2	18020	25.0	21.2	3.8	10.1	-11.1	21.2	
2.96484	0.2	18020	25.0	21.3	3.7	10.1	-11.2	21.3	
2.96875	0.2	18020	25.0	21.3	3.7	10.1	-11.2	21.3	
2.97266	0.2	18020	25.0	21.3	3.7	10.1	-11.2	21.3	
2.97656	0.2	18020	25.0	21.3	3.7	10.1	-11.2	21.3	
2.98047	0.2	18020	25.0	21.3	3.7	10.1	-11.2	21.3	
2.98438	0.2	18020	25.1	21.3	3.8	10.1	-11.2	21.3	
2.98828	0.2	18020	25.1	21.4	3.7	10.1	-11.3	21.4	
2.99219	0.2	18020	25.1	21.4	3.7	10.1	-11.3	21.4	
2.99609	0.2	18020	25.1	21.4	3.7	10.1	-11.3	21.4	
3.00000	0.2	18020	25.1	21.4	3.7	10.1	-11.3	21.4	
3.00391	0.2	18020	25.1	21.5	3.6	10.1	-11.4	21.5	
3.00781	0.1	18020	25.1	21.5	3.6	10.1	-11.4	21.5	
3.01172	0.1	18020	25.2	21.5	3.7	10.1	-11.4	21.5	
3.01562	0.0	18020	25.2	21.5	3.7	10.1	-11.4	21.5	
3.01953	0.0	18020	25.3	21.5	3.8	10.1	-11.4	21.5	
3.02344	-0.0	18020	25.3	21.5	3.8	10.1	-11.4	21.5	
3.02734	-0.1	18020	25.4	21.6	3.8	10.1	-11.5	21.6	
3.03125	-0.1	18020	25.4	21.6	3.8	10.1	-11.5	21.6	
3.03516	-0.1	18020	25.5	21.6	3.9	10.1	-11.5	21.6	
3.03906	-0.1	18020	25.5	21.6	3.9	10.1	-11.5	21.6	
3.04297	-0.1	18020	25.6	21.6	4.0	10.1	-11.5	21.6	
3.04688	-0.1	18020	25.6	21.6	4.0	10.1	-11.5	21.6	
3.05078	-0.1	18020	25.7	21.6	4.1	10.1	-11.5	21.6	
3.05469	-0.1	18020	25.7	21.6	4.1	10.1	-11.5	21.6	
3.05859	-0.1	18020	25.8	21.7	4.1	10.1	-11.6	21.7	
3.06250	-0.1	18020	25.8	21.7	4.1	10.1	-11.6	21.7	
3.06641	-0.1	18020	25.8	21.7	4.1	10.1	-11.6	21.7	
3.07031	-0.0	18020	25.9	21.7	4.2	10.1	-11.6	21.7	
3.07422	-0.1	18020	25.9	21.7	4.2	10.1	-11.6	21.7	
3.07812	-0.1	18020	26.0	21.7	4.3	10.1	-11.6	21.7	
3.08203	-0.0	18020	26.0	21.7	4.3	10.1	-11.6	21.7	
3.08594	-0.1	18020	26.1	21.8	4.3	10.1	-11.7	21.8	
3.08984	-0.1	18020	26.1	21.8	4.3	10.1	-11.7	21.8	
3.09375	-0.1	18020	26.2	21.8	4.4	10.1	-11.7	21.8	
3.09766	-0.2	18020	26.2	21.8	4.4	10.1	-11.7	21.8	
3.10156	-0.2	18020	26.3	21.8	4.5	10.1	-11.7	21.8	
3.10547	-0.2	18020	26.3	21.9	4.4	10.1	-11.8	21.9	
3.10938	-0.2	18020	26.4	21.9	4.5	10.1	-11.8	21.9	
3.11328	-0.2	18020	26.5	21.9	4.6	10.1	-11.8	21.9	
3.11719	-0.3	18020	26.5	21.9	4.6	10.1	-11.8	21.9	
3.12109	-0.3	18020	26.6	21.9	4.7	10.1	-11.8	21.9	
3.12500	-0.3	18020	26.7	22.0	4.7	10.1	-11.9	22.0	
3.12891	-0.4	18020	26.7	22.0	4.7	10.1	-11.9	22.0	
3.13281	-0.4	18020	26.8	22.0	4.8	10.1	-11.9	22.0	
3.13672	-0.4	18020	26.9	22.1	4.8	10.1	-12.0	22.1	
3.14062	-0.5	18020	26.9	22.1	4.8	10.1	-12.0	22.1	
3.14453	-0.5	18020	27.0	22.1	4.9	10.1	-12.0	22.1	
3.14844	-0.5	18020	27.1	22.1	5.0	10.1	-12.0	22.1	
3.15234	-0.5	18020	27.1	22.2	4.9	10.1	-12.1	22.2	
3.15625	-0.4	18020	27.2	22.2	5.0	10.1	-12.1	22.2	
3.16016	-0.4	18020	27.3	22.2	5.1	10.1	-12.1	22.2	
3.16406	-0.3	18020	27.3	22.3	5.0	10.1	-12.2	22.3	
3.16797	-0.2	18020	27.4	22.3	5.1	10.1	-12.2	22.3	
3.17188	-0.1	18020	27.4	22.3	5.1	10.1	-12.2	22.3	
3.17578	-0.0	18020	27.4	22.4	5.0	10.1	-12.3	22.4	
3.17969	0.0	18020	27.5	22.4	5.1	10.1	-12.3	22.4	
3.18359	0.1	18020	27.5	22.4	5.1	10.1	-12.3	22.4	
3.18750	0.2	18020	27.5	22.5	5.0	10.1	-12.4	22.5	
3.19141	0.2	18020	27.5	22.5	5.0	10.1	-12.4	22.5	
3.19531	0.3	18020	27.5	22.6	4.9	10.1	-12.5	22.6	
3.19922	0.3	18020	27.5	22.6	4.9	10.1	-12.5	22.6	
3.20312	0.3	18020	27.5	22.6	4.9	10.1	-12.5	22.6	
3.20703	0.3	18020	27.5	22.7	4.8	10.1	-12.6	22.7	
3.21094	0.3	18020	27.5	22.7	4.8	10.1	-12.6	22.7	
3.21484	0.3	18020	27.5	22.7	4.8	10.1	-12.6	22.7	
3.21875	0.2	18020	27.5	22.8	4.7	10.1	-12.7	22.8	
3.22266	0.2	18020	27.5	22.8	4.7	10.1	-12.7	22.8	
3.22656	0.2	18020	27.5	22.9	4.6	10.1	-12.8	22.9	
3.23047	0.1	18020	27.6	22.9	4.7	10.1	-12.8	22.9	
3.23438	0.1	18020	27.6	22.9	4.7	10.1	-12.8	22.9	
3.23828	0.0	18020	27.6	23.0	4.6	10.1	-12.9	23.0	
3.24219	-0.0	18020	27.7	23.0	4.7	10.1	-12.9	23.0	
3.24609	-0.0	18020	27.7	23.0	4.7	10.1	-12.9	23.0	
3.25000	-0.1	18020	27.7	23.1	4.6	10.1	-13.0	23.1	
3.25391	-0.1	18020	27.8	23.1	4.7	10.1	-13.0	23.1	
3.25781	-0.0	18020	27.8	23.2	4.6	10.1	-13.1	23.2	
3.26172	-0.0	18020	27.8	23.2	4.6	10.1	-13.1	23.2	
3.26562	0.0	18020	27.9	23.2	4.7	10.1	-13.1	23.2	
3.26953	0.1	18020	27.9	23.3	4.6	10.1	-13.2	23.3	
3.27344	0.2	18020	27.9	23.3	4.6	10.1	-13.2	23.3	
3.27734	0.2	18020	27.9	23.4	4.5	10.1	-13.3	23.4	
3.28125	0.3	18020	27.9	23.4	4.5	10.1	-13.3	23.4	
3.28516	0.3	18020	27.9	23.5	4.4	10.1	-13.4	23.5	
3.28906	0.3	18020	27.9	23.5	4.4	10.1	-13.4	23.5	
3.29297	0.3	18020	27.9	23.5	4.4	10.1	-13.4	23.5	
3.29688	0.3	18020	27.9	23.6	4.3	10.1	-13.5	23.6	
3.30078	0.3	18020	27.9	23.6	4.3	10.1	-13.5	23.6	
3.30469	0.3	18020	27.9	23.7	4.2	10.1	-13.6	23.7	
3.30859	0.3	18020	27.9	23.7	4.2	10.1	-13.6	23.7	
3.31250	0.3	18020	27.8	23.7	4.1	10.1	-13.6	23.7	
3.31641	0.3	18020	27.8	23.8	4.0	10.1	-13.7	23.8	
3.32031	0.3	18020	27.8	23.8	4.0	10.1	-13.7	23.8	
3.32422	0.3	18020	27.8	23.8	4.0	10.1	-13.7	23.8	
3.32812	0.3	18020	27.8	23.8	4.0	10.1	-13.7	23.8	
3.33203	0.3	18020	27.8	23.9	3.9	10.1	-13.8	23.9	
3.33594	0.3	18020	27.8	23.9	3.9	10.1	-13.8	23.9	
3.33984	0.4	18020	27.8	23.9	3.9	10.1	-13.8	23.9	
3.34375	0.4	18020	27.7	23.9	3.8	10.1	-13.8	23.9	
3.34766	0.5	18020	27.7	23.9	3.8	10.1	-13.8	23.9	
3.35156	0.6	18020	27.6	24.0	3.6	10.1	-13.9	24.0	
3.35547	0.7	18020	27.6	24.0	3.6	10.1	-13.9	24.0	
3.35938	0.7	18020	27.6	24.0	3.6	10.1	-13.9	24.0	
3.36328	0.8	18020	27.5	24.0	3.5	10.1	-13.9	24.0	
3.36719	0.8	18020	27.4	24.0	3.4	10.1	-13.9	24.0	
3.37109	0.9	18020	27.4	24.0	3.4	10.1	-13.9	24.0	
3.37500	0.9	18021	27.3	24.0	3.3	10.1	-13.9	24.0	
3.37891	0.8	18021	27.2	24.0	3.2	10.1	-13.9	24.0	
3.38281	0.8	18021	27.2	24.0	3.2	10.1	-13.9	24.0	
3.38672	0.8	18021	27.1	24.0	3.1	10.1	-13.9	24.0	
3.39062	0.7	18021	27.1	24.1	3.0	10.1	-14.0	24.1	
3.39453	0.7	18021	27.0	24.1	2.9	10.1	-14.0	24.1	
3.39844	0.7	18021	27.0	24.1	2.9	10.1	-14.0	24.1	
3.40234	0.7	18021	26.9	24.1	2.8	10.1	-14.0	24.1	
3.40625	0.7	18021	26.8	24.1	2.7	10.1	-14.0	24.1	
3.41016	0.8	18021	26.8	24.1	2.7	10.1	-14.0	24.1	
3.41406	0.8	18021	26.7	24.1	2.6	10.1	-14.0	24.1	
3.41797	0.8	18021	26.7	24.1	2.6	10.1	-14.0	24.1	
3.42188	0.9	18021	26.6	24.1	2.5	10.1	-14.0	24.1	
3.42578	0.9	18021	26.5	24.1	2.4	10.1	-14.0	24.1	
3.42969	0.9	18021	26.5	24.1	2.4	10.1	-14.0	24.1	
3.43359	0.9	18021	26.4	24.1	2.3	10.1	-14.0	24.1	
3.43750	0.8	18021	26.4	24.1	2.3	10.1	-14.0	24.1	
3.44141	0.8	18021	26.3	24.1	2.2	10.1	-14.0	24.1	
3.44531	0.7	18021	26.3	24.1	2.2	10.1	-14.0	24.1	
3.44922	0.7	18022	26.2	24.1	2.1	10.1	-14.0	24.1	
3.45312	0.6	18022	26.2	24.1	2.1	10.1	-14.0	24.1	
3.45703	0.5	18022	26.1	24.0	2.1	10.1	-13.9	24.0	
3.46094	0.5	18022	26.1	24.0	2.1	10.1	-13.9	24.0	
3.46484	0.4	18022	26.1	24.1	2.0	10.1	-14.0	24.1	
3.46875	0.4	18022	26.0	24.0	2.0	10.1	-13.9	24.0	
3.47266	0.5	18022	26.0	24.0	2.0	10.1	-13.9	24.0	
3.47656	0.5	18022	26.0	24.0	2.0	10.1	-13.9	24.0	
3.48047	0.6	18022	25.9	24.0	1.9	10.1	-13.9	24.0	
3.48438	0.7	18022	25.9	24.0	1.9	10.1	-13.9	24.0	
3.48828	0.8	18022	25.8	24.0	1.8	10.1	-13.9	24.0	
3.49219	0.9	18022	25.8	24.0	1.8	10.1	-13.9	24.0	
3.49609	1.0	18022	25.7	24.0	1.7	10.1	-13.9	24.0	
3.50000	1.2	18022	25.6	24.0	1.6	10.1	-13.9	24.0	
3.50391	1.3	18022	25.5	24.0	1.5	10.1	-13.9	24.0	
3.50781	1.5	18022	25.4	24.0	1.4	10.1	-13.9	24.0	
3.51172	1.6	18022	25.3	24.0	1.3	10.1	-13.9	24.0	
3.51562	1.6	18022	25.2	24.0	1.2	10.1	-13.9	24.0	
3.51953	1.7	18023	25.1	24.0	1.1	10.1	-13.9	24.0	
3.52344	1.8	18023	25.0	24.0	1.0	10.1	-13.9	24.0	
3.52734	1.8	18023	24.9	24.0	0.9	10.1	-13.9	24.0	
3.53125	1.8	18023	24.8	23.9	0.9	10.1	-13.8	23.9	
3.53516	1.9	18023	24.6	23.9	0.7	10.1	-13.8	23.9	
3.53906	2.0	18023	24.5	23.9	0.6	10.1	-13.8	23.9	
3.54297	2.0	18023	24.4	23.9	0.5	10.1	-13.8	23.9	
3.54688	2.1	18023	24.3	23.9	0.4	10.1	-13.8	23.9	
3.55078	2.2	18024	24.1	23.9	0.2	10.1	-13.8	23.9	
3.55469	2.3	18024	24.0	23.9	0.1	10.1	-13.8	23.9	
3.55859	2.3	18024	23.9	23.9	0.0	10.1	-13.8	23.9	
3.56250	2.4	18024	23.7	23.9	-0.2	10.1	-13.8	23.9	
3.56641	2.4	18024	23.6	23.8	-0.2	10.1	-13.7	23.8	
3.57031	2.4	18024	23.5	23.8	-0.3	10.1	-13.7	23.8	
3.57422	2.4	18025	23.3	23.8	-0.5	10.1	-13.7	23.8	
3.57812	2.3	18025	23.2	23.8	-0.6	10.1	-13.7	23.8	
3.58203	2.2	18025	23.1	23.7	-0.6	10.1	-13.6	23.7	
3.58594	2.1	18025	23.0	23.7	-0.7	10.1	-13.6	23.7	
3.58984	2.0	18025	22.9	23.6	-0.7	10.1	-13.5	23.6	
3.59375	2.0	18025	22.8	23.6	-0.8	10.1	-13.5	23.6	
3.59766	1.8	18025	22.7	23.6	-0.9	10.1	-13.5	23.6	
3.60156	1.7	18025	22.6	23.6	-1.0	10.1	-13.5	23.6	
3.60547	1.6	18026	22.5	23.5	-1.0	10.1	-13.4	23.5	
3.60938	1.6	18026	22.4	23.5	-1.1	10.1	-13.4	23.5	
3.61328	1.5	18026	22.4	23.5	-1.1	10.1	-13.4	23.5	
3.61719	1.5	18026	22.3	23.4	-1.1	10.1	-13.3	23.4	
3.62109	1.5	18026	22.2	23.4	-1.2	10.1	-13.3	23.4	
3.62500	1.5	18026	22.1	23.4	-1.3	10.1	-13.3	23.4	
3.62891	1.5	18026	22.0	23.3	-1.3	10.1	-13.2	23.3	
3.63281	1.5	18026	22.0	23.3	-1.3	10.1	-13.2	23.3	
3.63672	1.5	18026	21.9	23.3	-1.4	10.1	-13.2	23.3	
3.64062	1.6	18026	21.8	23.2	-1.4	10.1	-13.1	23.2	
3.64453	1.6	18027	21.7	23.2	-1.5	10.1	-13.1	23.2	
3.64844	1.6	18027	21.6	23.2	-1.6	10.1	-13.1	23.2	
3.65234	1.7	18027	21.5	23.1	-1.6	10.1	-13.0	23.1	
3.65625	1.7	18027	21.4	23.1	-1.7	10.1	-13.0	23.1	
3.66016	1.7	18027	21.3	23.1	-1.8	10.1	-13.0	23.1	
3.66406	1.7	18027	21.2	23.0	-1.8	10.1	-12.9	23.0	
3.66797	1.7	18027	21.1	23.0	-1.9	10.1	-12.9	23.0	
3.67188	1.6	18027	21.0	23.0	-2.0	10.1	-12.9	23.0	
3.67578	1.6	18027	21.0	22.9	-1.9	10.1	-12.8	22.9	
3.67969	1.5	18027	20.9	22.9	-2.0	10.1	-12.8	22.9	
3.68359	1.4	18028	20.8	22.9	-2.1	10.1	-12.8	22.9	
3.68750	1.4	18028	20.7	22.9	-2.2	10.1	-12.8	22.9	
3.69141	1.2	18028	20.7	22.8	-2.1	10.1	-12.7	22.8	
3.69531	1.2	18028	20.6	22.8	-2.2	10.1	-12.7	22.8	
3.69922	1.0	18028	20.5	22.7	-2.2	10.1	-12.6	22.7	
3.70312	1.0	18028	20.5	22.7	-2.2	10.1	-12.6	22.7	
3.70703	0.9	18028	20.5	22.7	-2.2	10.1	-12.6	22.7	
3.71094	0.8	18028	20.4	22.7	-2.3	10.1	-12.6	22.7	
3.71484	0.8	18028	20.4	22.6	-2.2	10.1	-12.5	22.6	
3.71875	0.7	18028	20.3	22.6	-2.3	10.1	-12.5	22.6	
3.72266	0.6	18028	20.3	22.5	-2.2	10.1	-12.4	22.5	
3.72656	0.6	18028	20.2	22.5	-2.3	10.1	-12.4	22.5	
3.73047	0.6	18028	20.2	22.5	-2.3	10.1	-12.4	22.5	
3.73438	0.6	18028	20.2	22.4	-2.2	10.1	-12.3	22.4	
3.73828	0.6	18028	20.1	22.4	-2.3	10.1	-12.3	22.4	
3.74219	0.7	18028	20.1	22.3	-2.2	10.1	-12.2	22.3	
3.74609	0.7	18028	20.0	22.3	-2.3	10.1	-12.2	22.3	
3.75000	0.7	18028	20.0	22.2	-2.2	10.1	-12.1	22.2	
3.75391	0.7	18029	19.9	22.2	-2.3	10.1	-12.1	22.2	
3.75781	0.8	18029	19.9	22.1	-2.2	10.1	-12.0	22.1	
3.76172	0.8	18029	19.8	22.0	-2.2	10.1	-11.9	22.0	
3.76562	0.8	18029	19.8	22.0	-2.2	10.1	-11.9	22.0	
3.76953	0.9	18029	19.7	21.9	-2.2	10.1	-11.8	21.9	
3.77344	0.9	18029	19.7	21.9	-2.2	10.1	-11.8	21.9	
3.77734	1.0	18029	19.6	21.8	-2.2	10.1	-11.7	21.8	
3.78125	1.0	18029	19.6	21.8	-2.2	10.1	-11.7	21.8	
3.78516	0.9	18029	19.5	21.7	-2.2	10.1	-11.6	21.7	
3.78906	0.9	18029	19.5	21.7	-2.2	10.1	-11.6	21.7	
3.79297	0.9	18029	19.4	21.6	-2.2	10.1	-11.5	21.6	
3.79688	0.8	18029	19.4	21.6	-2.2	10.1	-11.5	21.6	
3.80078	0.7	18029	19.3	21.5	-2.2	10.1	-11.4	21.5	
3.80469	0.7	18029	19.3	21.5	-2.2	10.1	-11.4	21.5	
3.80859	0.5	18029	19.3	21.4	-2.1	10.1	-11.3	21.4	
3.81250	0.4	18029	19.2	21.4	-2.2	10.1	-11.3	21.4	
3.81641	0.4	18029	19.2	21.3	-2.1	10.1	-11.2	21.3	
3.82031	0.3	18029	19.2	21.3	-2.1	10.1	-11.2	21.3	
3.82422	0.2	18029	19.2	21.3	-2.1	10.1	-11.2	21.3	
3.82812	0.2	18029	19.3	21.2	-1.9	10.1	-11.1	21.2	
3.83203	0.2	18029	19.3	21.2	-1.9	10.1	-11.1	21.2	
3.83594	0.2	18029	19.2	21.1	-1.9	10.1	-11.0	21.1	
3.83984	0.2	18029	19.3	21.1	-1.8	10.1	-11.0	21.1	
3.84375	0.2	18029	19.3	21.0	-1.7	10.1	-10.9	21.0	
3.84766	0.2	18029	19.3	21.0	-1.7	10.1	-10.9	21.0	
3.85156	0.3	18029	19.3	21.0	-1.7	10.1	-10.9	21.0	
3.85547	0.3	18029	19.3	20.9	-1.6	10.1	-10.8	20.9	
3.85938	0.4	18030	19.3	20.9	-1.6	10.1	-10.8	20.9	
3.86328	0.5	18030	19.2	20.8	-1.6	10.1	-10.7	20.8	
3.86719	0.6	18030	19.2	20.8	-1.6	10.1	-10.7	20.8	
3.87109	0.7	18030	19.1	20.7	-1.6	10.1	-10.6	20.7	
3.87500	0.7	18030	19.1	20.7	-1.6	10.1	-10.6	20.7	
3.87891	0.8	18030	19.1	20.7	-1.6	10.1	-10.6	20.7	
3.88281	0.9	18030	19.0	20.6	-1.6	10.1	-10.5	20.6	
3.88672	0.9	18030	19.0	20.6	-1.6	10.1	-10.5	20.6	
3.89062	0.9	18030	18.9	20.5	-1.6	10.1	-10.4	20.5	
3.89453	0.9	18030	18.8	20.5	-1.7	10.1	-10.4	20.5	
3.89844	0.8	18030	18.8	20.5	-1.7	10.1	-10.4	20.5	
3.90234	0.8	18030	18.7	20.4	-1.7	10.1	-10.3	20.4	
3.90625	0.8	18030	18.7	20.4	-1.7	10.1	-10.3	20.4	
3.91016	0.6	18030	18.7	20.3	-1.6	10.1	-10.2	20.3	
3.91406	0.6	18030	18.6	20.3	-1.7	10.1	-10.2	20.3	
3.91797	0.5	18030	18.6	20.3	-1.7	10.1	-10.2	20.3	
3.92188	0.3	18030	18.6	20.2	-1.6	10.1	-10.1	20.2	
3.92578	0.3	18030	18.6	20.2	-1.6	10.1	-10.1	20.2	
3.92969	0.2	18030	18.6	20.2	-1.6	10.1	-10.1	20.2	
3.93359	0.2	18030	18.6	20.1	-1.5	10.1	-10.0	20.1	
3.93750	0.1	18030	18.6	20.1	-1.5	10.1	-10.0	20.1	
3.94141	0.1	18030	18.6	20.1	-1.5	10.1	-10.0	20.1	
3.94531	0.1	18030	18.7	20.0	-1.3	10.1	-9.9	20.0	
3.94922	0.1	18030	18.7	20.0	-1.3	10.1	-9.9	20.0	
3.95312	0.2	18030	18.7	20.0	-1.3	10.1	-9.9	20.0	
3.95703	0.2	18030	18.7	19.9	-1.2	10.1	-9.8	19.9	
3.96094	0.2	18030	18.7	19.9	-1.2	10.1	-9.8	19.9	
3.96484	0.3	18030	18.8	19.9	-1.1	10.1	-9.8	19.9	
3.96875	0.3	18030	18.8	19.8	-1.0	10.1	-9.7	19.8	
3.97266	0.3	18030	18.8	19.8	-1.0	10.1	-9.7	19.8	
3.97656	0.4	18030	18.8	19.8	-1.0	10.1	-9.7	19.8	
3.98047	0.4	18030	18.7	19.7	-1.0	10.1	-9.6	19.7	
3.98438	0.5	18031	18.7	19.7	-1.0	10.1	-9.6	19.7	
3.98828	0.5	18031	18.7	19.7	-1.0	10.1	-9.6	19.7	
3.99219	0.5	18031	18.7	19.6	-0.9	10.1	-9.5	19.6	
3.99609	0.5	18031	18.7	19.6	-0.9	10.1	-9.5	19.6	
4.00000	0.6	18031	18.6	19.6	-1.0	10.1	-9.5	19.6	
4.00391	0.5	18031	18.6	19.6	-1.0	10.1	-9.5	19.6	
4.00781	0.5	18031	18.6	19.5	-0.9	10.1	-9.4	19.5	
4.01172	0.5	18031	18.5	19.5	-1.0	10.1	-9.4	19.5	
4.01562	0.4	18031	18.5	19.5	-1.0	10.1	-9.4	19.5	
4.01953	0.4	18031	18.5	19.4	-0.9	10.1	-9.3	19.4	
4.02344	0.4	18031	18.5	19.4	-0.9	10.1	-9.3	19.4	
4.02734	0.4	18031	18.4	19.4	-1.0	10.1	-9.3	19.4	
4.03125	0.3	18031	18.4	19.3	-0.9	10.1	-9.2	19.3	
4.03516	0.3	18031	18.4	19.3	-0.9	10.1	-9.2	19.3	
4.03906	0.3	18031	18.4	19.3	-0.9	10.1	-9.2	19.3	
4.04297	0.3	18031	18.4	19.3	-0.9	10.1	-9.2	19.3	
4.04688	0.2	18031	18.4	19.2	-0.8	10.1	-9.1	19.2	
4.05078	0.2	18031	18.4	19.2	-0.8	10.1	-9.1	19.2	
4.05469	0.2	18031	18.4	19.2	-0.8	10.1	-9.1	19.2	
4.05859	0.2	18031	18.4	19.2	-0.8	10.1	-9.1	19.2	
4.06250	0.2	18031	18.5	19.1	-0.6	10.1	-9.0	19.1	
4.06641	0.2	18031	18.5	19.1	-0.6	10.1	-9.0	19.1	
4.07031	0.2	18031	18.4	19.1	-0.7	10.1	-9.0	19.1	
4.07422	0.3	18031	18.5	19.1	-0.6	10.1	-9.0	19.1	
4.07812	0.3	18031	18.5	19.1	-0.6	10.1	-9.0	19.1	
4.08203	0.3	18031	18.5	19.0	-0.5	10.1	-8.9	19.0	
4.08594	0.3	18031	18.5	19.0	-0.5	10.1	-8.9	19.0	
4.08984	0.3	18031	18.5	19.0	-0.5	10.1	-8.9	19.0	
4.09375	0.3	18031	18.5	18.9	-0.4	10.1	-8.8	18.9	
4.09766	0.3	18031	18.5	18.9	-0.4	10.1	-8.8	18.9	
4.10156	0.3	18031	18.5	18.9	-0.4	10.1	-8.8	18.9	
4.10547	0.3	18031	18.4	18.9	-0.5	10.1	-8.8	18.9	
4.10938	0.3	18031	18.4	18.9	-0.5	10.1	-8.8	18.9	
4.11328	0.3	18031	18.4	18.8	-0.4	10.1	-8.7	18.8	
4.11719	0.3	18031	18.4	18.8	-0.4	10.1	-8.7	18.8	
4.12109	0.3	18031	18.4	18.8	-0.4	10.1	-8.7	18.8	
4.12500	0.3	18031	18.4	18.8	-0.4	10.1	-8.7	18.8	
4.12891	0.3	18031	18.4	18.7	-0.3	10.1	-8.6	18.7	
4.13281	0.3	18031	18.4	18.7	-0.3	10.1	-8.6	18.7	
4.13672	0.2	18031	18.4	18.7	-0.3	10.1	-8.6	18.7	
4.14062	0.2	18031	18.4	18.7	-0.3	10.1	-8.6	18.7	
4.14453	0.2	18031	18.4	18.7	-0.3	10.1	-8.6	18.7	
4.14844	0.2	18031	18.4	18.6	-0.2	10.1	-8.5	18.6	
4.15234	0.2	18031	18.5	18.6	-0.1	10.1	-8.5	18.6	
4.15625	0.2	18031	18.5	18.6	-0.1	10.1	-8.5	18.6	
4.16016	0.2	18031	18.5	18.6	-0.1	10.1	-8.5	18.6	
4.16406	0.2	18031	18.5	18.5	0.0	10.1	-8.4	18.5	
4.16797	0.2	18031	18.5	18.5	0.0	10.1	-8.4	18.5	
4.17188	0.2	18031	18.6	18.5	0.1	10.1	-8.4	18.5	
4.17578	0.2	18031	18.6	18.5	0.1	10.1	-8.4	18.5	
4.17969	0.2	18031	18.6	18.5	0.1	10.1	-8.4	18.5	
4.18359	0.2	18032	18.6	18.5	0.1	10.1	-8.4	18.5	
4.18750	0.2	18032	18.7	18.4	0.3	10.1	-8.3	18.4	
4.19141	0.2	18032	18.7	18.4	0.3	10.1	-8.3	18.4	
4.19531	0.2	18032	18.7	18.4	0.3	10.1	-8.3	18.4	
4.19922	0.2	18032	18.7	18.4	0.3	10.1	-8.3	18.4	
4.20312	0.2	18032	18.7	18.4	0.3	10.1	-8.3	18.4	
4.20703	0.2	18032	18.7	18.3	0.4	10.1	-8.2	18.3	
4.21094	0.3	18032	18.7	18.3	0.4	10.1	-8.2	18.3	
4.21484	0.2	18032	18.8	18.3	0.5	10.1	-8.2	18.3	
4.21875	0.2	18032	18.7	18.3	0.4	10.1	-8.2	18.3	
4.22266	0.3	18032	18.8	18.3	0.5	10.1	-8.2	18.3	
4.22656	0.2	18032	18.8	18.3	0.5	10.1	-8.2	18.3	
4.23047	0.2	18032	18.8	18.3	0.5	10.1	-8.2	18.3	
4.23438	0.3	18032	18.8	18.3	0.5	10.1	-8.2	18.3	
4.23828	0.3	18032	18.8	18.2	0.6	10.1	-8.1	18.2	
4.24219	0.2	18032	18.8	18.2	0.6	10.1	-8.1	18.2	
4.24609	0.3	18032	18.8	18.2	0.6	10.1	-8.1	18.2	
4.25000	0.2	18032	18.8	18.2	0.6	10.1	-8.1	18.2	
4.25391	0.2	18032	18.8	18.2	0.6	10.1	-8.1	18.2	
4.25781	0.3	18032	18.8	18.2	0.6	10.1	-8.1	18.2	
4.26172	0.3	18032	18.8	18.2	0.6	10.1	-8.1	18.2	
4.26562	0.2	18032	18.8	18.2	0.6	10.1	-8.1	18.2	
4.26953	0.2	18032	18.8	18.2	0.6	10.1	-8.1	18.2	
4.27344	0.2	18032	18.8	18.2	0.6	10.1	-8.1	18.2	
4.27734	0.2	18032	18.8	18.2	0.6	10.1	-8.1	18.2	
4.28125	0.2	18032	18.8	18.2	0.6	10.1	-8.1	18.2	
4.28516	0.2	18032	18.8	18.2	0.6	10.1	-8.1	18.2	
4.28906	0.2	18032	18.8	18.1	0.7	10.1	-8.0	18.1	
4.29297	0.2	18032	18.9	18.1	0.8	10.1	-8.0	18.1	
4.29688	0.3	18032	18.9	18.1	0.8	10.1	-8.0	18.1	
4.30078	0.3	18032	18.9	18.1	0.8	10.1	-8.0	18.1	
4.30469	0.3	18032	18.9	18.1	0.8	10.1	-8.0	18.1	
4.30859	0.3	18032	18.9	18.1	0.8	10.1	-8.0	18.1	
4.31250	0.3	18032	18.9	18.0	0.9	10.1	-7.9	18.0	
4.31641	0.2	18032	18.9	18.0	0.9	10.1	-7.9	18.0	
4.32031	0.2	18032	18.9	18.0	0.9	10.1	-7.9	18.0	
4.32422	0.3	18032	18.9	18.0	0.9	10.1	-7.9	18.0	
4.32812	0.3	18032	18.9	18.0	0.9	10.1	-7.9	18.0	
4.33203	0.3	18032	18.9	17.9	1.0	10.1	-7.8	17.9	
4.33594	0.3	18032	18.9	17.9	1.0	10.1	-7.8	17.9	
4.33984	0.3	18032	18.9	17.9	1.0	10.1	-7.8	17.9	
4.34375	0.3	18032	18.9	17.9	1.0	10.1	-7.8	17.9	
4.34766	0.3	18032	18.9	17.9	1.0	10.1	-7.8	17.9	
4.35156	0.3	18032	18.9	17.8	1.1	10.1	-7.7	17.8	
4.35547	0.3	18032	18.9	17.8	1.1	10.1	-7.7	17.8	
4.35938	0.3	18032	18.9	17.8	1.1	10.1	-7.7	17.8	
4.36328	0.2	18032	18.9	17.8	1.1	10.1	-7.7	17.8	
4.36719	0.2	18032	18.9	17.8	1.1	10.1	-7.7	17.8	
4.37109	0.2	18032	18.9	17.8	1.1	10.1	-7.7	17.8	
4.37500	0.2	18032	18.9	17.8	1.1	10.1	-7.7	17.8	
4.37891	0.3	18032	18.9	17.7	1.2	10.1	-7.6	17.7	
4.38281	0.2	18032	18.9	17.7	1.2	10.1	-7.6	17.7	
4.38672	0.2	18032	18.9	17.7	1.2	10.1	-7.6	17.7	
4.39062	0.2	18032	18.9	17.7	1.2	10.1	-7.6	17.7	
4.39453	0.2	18032	18.9	17.7	1.2	10.1	-7.6	17.7	
4.39844	0.2	18032	19.0	17.7	1.3	10.1	-7.6	17.7	
4.40234	0.2	18032	19.0	17.7	1.3	10.1	-7.6	17.7	
4.40625	0.2	18032	19.0	17.7	1.3	10.1	-7.6	17.7	
4.41016	0.2	18032	19.0	17.7	1.3	10.1	-7.6	17.7	
4.41406	0.2	18032	19.0	17.7	1.3	10.1	-7.6	17.7	
4.41797	0.2	18032	19.0	17.7	1.3	10.1	-7.6	17.7	
4.42188	0.2	18032	19.0	17.7	1.3	10.1	-7.6	17.7	
4.42578	0.2	18032	19.1	17.7	1.4	10.1	-7.6	17.7	
4.42969	0.2	18032	19.1	17.7	1.4	10.1	-7.6	17.7	
4.43359	0.2	18032	19.1	17.7	1.4	10.1	-7.6	17.7	
4.43750	0.3	18033	19.1	17.7	1.4	10.1	-7.6	17.7	
4.44141	0.3	18033	19.1	17.7	1.4	10.1	-7.6	17.7	
4.44531	0.2	18033	19.1	17.7	1.4	10.1	-7.6	17.7	
4.44922	0.3	18033	19.1	17.7	1.4	10.1	-7.6	17.7	
4.45312	0.3	18033	19.1	17.6	1.5	10.1	-7.5	17.6	
4.45703	0.3	18033	19.1	17.6	1.5	10.1	-7.5	17.6	
4.46094	0.3	18033	19.1	17.6	1.5	10.1	-7.5	17.6	
4.46484	0.3	18033	19.1	17.6	1.5	10.1	-7.5	17.6	
4.46875	0.3	18033	19.1	17.6	1.5	10.1	-7.5	17.6	
4.47266	0.3	18033	19.1	17.6	1.5	10.1	-7.5	17.6	
4.47656	0.4	18033	19.1	17.5	1.6	10.1	-7.4	17.5	
4.48047	0.4	18033	19.1	17.5	1.6	10.1	-7.4	17.5	
4.48438	0.4	18033	19.0	17.5	1.5	10.1	-7.4	17.5	
4.48828	0.3	18033	19.0	17.5	1.5	10.1	-7.4	17.5	
4.49219	0.3	18033	19.0	17.5	1.5	10.1	-7.4	17.5	
4.49609	0.3	18033	19.0	17.5	1.5	10.1	-7.4	17.5	
4.50000	0.2	18033	19.0	17.4	1.6	10.1	-7.3	17.4	
4.50391	0.2	18033	19.0	17.4	1.6	10.1	-7.3	17.4	
4.50781	0.1	18033	19.0	17.4	1.6	10.1	-7.3	17.4	
4.51172	0.0	18033	19.1	17.4	1.7	10.1	-7.3	17.4	
4.51562	-0.0	18033	19.1	17.4	1.7	10.1	-7.3	17.4	
4.51953	-0.1	18033	19.1	17.4	1.7	10.1	-7.3	17.4	
4.52344	-0.2	18033	19.2	17.4	1.8	10.1	-7.3	17.4	
4.52734	-0.3	18033	19.3	17.4	1.9	10.1	-7.3	17.4	
4.53125	-0.3	18033	19.3	17.3	2.0	10.1	-7.2	17.3	
4.53516	-0.4	18033	19.4	17.3	2.1	10.1	-7.2	17.3	
4.53906	-0.4	18033	19.4	17.3	2.1	10.1	-7.2	17.3	
4.54297	-0.4	18033	19.5	17.3	2.2	10.1	-7.2	17.3	
4.54688	-0.4	18033	19.6	17.3	2.3	10.1	-7.2	17.3	
4.55078	-0.3	18033	19.6	17.3	2.3	10.1	-7.2	17.3	
4.55469	-0.2	18033	19.7	17.3	2.4	10.1	-7.2	17.3	
4.55859	-0.1	18033	19.8	17.3	2.5	10.1	-7.2	17.3	
4.56250	-0.0	18033	19.8	17.3	2.5	10.1	-7.2	17.3	
4.56641	0.0	18033	19.8	17.3	2.5	10.1	-7.2	17.3	
4.57031	0.2	18033	19.8	17.3	2.5	10.1	-7.2	17.3	
4.57422	0.2	18033	19.8	17.3	2.5	10.1	-7.2	17.3	
4.57812	0.3	18033	19.8	17.3	2.5	10.1	-7.2	17.3	
4.58203	0.4	18033	19.8	17.3	2.5	10.1	-7.2	17.3	
4.58594	0.4	18033	19.8	17.3	2.5	10.1	-7.2	17.3	
4.58984	0.5	18033	19.8	17.3	2.5	10.1	-7.2	17.3	
4.59375	0.5	18033	19.8	17.3	2.5	10.1	-7.2	17.3	
4.59766	0.5	18033	19.7	17.3	2.4	10.1	-7.2	17.3	
4.60156	0.5	18033	19.7	17.3	2.4	10.1	-7.2	17.3	
4.60547	0.5	18033	19.6	17.3	2.3	10.1	-7.2	17.3	
4.60938	0.5	18033	19.6	17.3	2.3	10.1	-7.2	17.3	
4.61328	0.5	18033	19.6	17.3	2.3	10.1	-7.2	17.3	
4.61719	0.4	18033	19.5	17.3	2.2	10.1	-7.2	17.3	
4.62109	0.3	18033	19.5	17.3	2.2	10.1	-7.2	17.3	
4.62500	0.3	18033	19.5	17.3	2.2	10.1	-7.2	17.3	
4.62891	0.2	18033	19.5	17.3	2.2	10.1	-7.2	17.3	
4.63281	0.2	18033	19.5	17.3	2.2	10.1	-7.2	17.3	
4.63672	0.2	18033	19.5	17.3	2.2	10.1	-7.2	17.3	
4.64062	0.2	18033	19.5	17.3	2.2	10.1	-7.2	17.3	
4.64453	0.1	18033	19.5	17.3	2.2	10.1	-7.2	17.3	
4.64844	0.1	18033	19.5	17.3	2.2	10.1	-7.2	17.3	
4.65234	0.1	18033	19.6	17.3	2.3	10.1	-7.2	17.3	
4.65625	0.2	18033	19.6	17.3	2.3	10.1	-7.2	17.3	
4.66016	0.1	18033	19.6	17.3	2.3	10.1	-7.2	17.3	
4.66406	0.1	18033	19.6	17.3	2.3	10.1	-7.2	17.3	
4.66797	0.2	18033	19.6	17.3	2.3	10.1	-7.2	17.3	
4.67188	0.3	18033	19.7	17.3	2.4	10.1	-7.2	17.3	
4.67578	0.2	18033	19.6	17.3	2.3	10.1	-7.2	17.3	
4.67969	0.3	18033	19.6	17.3	2.3	10.1	-7.2	17.3	
4.68359	0.3	18033	19.7	17.3	2.4	10.1	-7.2	17.3	
4.68750	0.3	18033	19.6	17.3	2.3	10.1	-7.2	17.3	
4.69141	0.4	18033	19.6	17.3	2.3	10.1	-7.2	17.3	
4.69531	0.4	18033	19.6	17.3	2.3	10.1	-7.2	17.3	
4.69922	0.4	18033	19.6	17.3	2.3	10.1	-7.2	17.3	
4.70312	0.4	18033	19.5	17.3	2.2	10.1	-7.2	17.3	
4.70703	0.4	18033	19.5	17.3	2.2	10.1	-7.2	17.3	
4.71094	0.4	18033	19.5	17.3	2.2	10.1	-7.2	17.3	
4.71484	0.4	18033	19.5	17.3	2.2	10.1	-7.2	17.3	
4.71875	0.3	18033	19.5	17.3	2.2	10.1	-7.2	17.3	
4.72266	0.3	18033	19.5	17.3	2.2	10.1	-7.2	17.3	
4.72656	0.3	18033	19.4	17.3	2.1	10.1	-7.2	17.3	
4.73047	0.3	18033	19.4	17.3	2.1	10.1	-7.2	17.3	
4.73438	0.3	18034	19.4	17.4	2.0	10.1	-7.3	17.4	
4.73828	0.3	18034	19.4	17.4	2.0	10.1	-7.3	17.4	
4.74219	0.2	18034	19.4	17.4	2.0	10.1	-7.3	17.4	
4.74609	0.2	18034	19.4	17.4	2.0	10.1	-7.3	17.4	
4.75000	0.2	18034	19.4	17.4	2.0	10.1	-7.3	17.4	
4.75391	0.2	18034	19.4	17.4	2.0	10.1	-7.3	17.4	
4.75781	0.2	18034	19.4	17.3	2.1	10.1	-7.2	17.3	
4.76172	0.2	18034	19.4	17.4	2.0	10.1	-7.3	17.4	
4.76562	0.2	18034	19.4	17.4	2.0	10.1	-7.3	17.4	
4.76953	0.3	18034	19.4	17.3	2.1	10.1	-7.2	17.3	
4.77344	0.2	18034	19.4	17.4	2.0	10.1	-7.3	17.4	
4.77734	0.2	18034	19.4	17.4	2.0	10.1	-7.3	17.4	
4.78125	0.2	18034	19.4	17.4	2.0	10.1	-7.3	17.4	
4.78516	0.3	18034	19.4	17.4	2.0	10.1	-7.3	17.4	
4.78906	0.3	18034	19.4	17.3	2.1	10.1	-7.2	17.3	
4.79297	0.3	18034	19.4	17.3	2.1	10.1	-7.2	17.3	
4.79688	0.3	18034	19.4	17.4	2.0	10.1	-7.3	17.4	
4.80078	0.3	18034	19.4	17.4	2.0	10.1	-7.3	17.4	
4.80469	0.3	18034	19.4	17.3	2.1	10.1	-7.2	17.3	
4.80859	0.3	18034	19.4	17.3	2.1	10.1	-7.2	17.3	
4.81250	0.3	18034	19.4	17.3	2.1	10.1	-7.2	17.3	
4.81641	0.3	18034	19.4	17.3	2.1	10.1	-7.2	17.3	
4.82031	0.3	18034	19.4	17.3	2.1	10.1	-7.2	17.3	
4.82422	0.3	18034	19.3	17.3	2.0	10.1	-7.2	17.3	
4.82812	0.2	18034	19.3	17.3	2.0	10.1	-7.2	17.3	
4.83203	0.2	18034	19.3	17.3	2.0	10.1	-7.2	17.3	
4.83594	0.3	18034	19.4	17.3	2.1	10.1	-7.2	17.3	
4.83984	0.2	18034	19.3	17.3	2.0	10.1	-7.2	17.3	
4.84375	0.2	18034	19.3	17.3	2.0	10.1	-7.2	17.3	
4.84766	0.2	18034	19.3	17.3	2.0	10.1	-7.2	17.3	
4.85156	0.2	18034	19.3	17.3	2.0	10.1	-7.2	17.3	
4.85547	0.2	18034	19.3	17.3	2.0	10.1	-7.2	17.3	
4.85938	0.2	18034	19.4	17.3	2.1	10.1	-7.2	17.3	
4.86328	0.2	18034	19.4	17.3	2.1	10.1	-7.2	17.3	
4.86719	0.2	18034	19.4	17.3	2.1	10.1	-7.2	17.3	
4.87109	0.2	18034	19.4	17.3	2.1	10.1	-7.2	17.3	
4.87500	0.2	18034	19.4	17.3	2.1	10.1	-7.2	17.3	
4.87891	0.2	18034	19.4	17.3	2.1	10.1	-7.2	17.3	
4.88281	0.2	18034	19.4	17.3	2.1	10.1	-7.2	17.3	
4.88672	0.3	18034	19.4	17.3	2.1	10.1	-7.2	17.3	
4.89062	0.2	18034	19.4	17.3	2.1	10.1	-7.2	17.3	
4.89453	0.2	18034	19.4	17.3	2.1	10.1	-7.2	17.3	
4.89844	0.3	18034	19.4	17.3	2.1	10.1	-7.2	17.3	
4.90234	0.2	18034	19.4	17.3	2.1	10.1	-7.2	17.3	
4.90625	0.2	18034	19.4	17.3	2.1	10.1	-7.2	17.3	
4.91016	0.3	18034	19.4	17.3	2.1	10.1	-7.2	17.3	
4.91406	0.2	18034	19.5	17.3	2.2	10.1	-7.2	17.3	
4.91797	0.2	18034	19.4	17.3	2.1	10.1	-7.2	17.3	
4.92188	0.2	18034	19.4	17.3	2.1	10.1	-7.2	17.3	
4.92578	0.2	18034	19.5	17.3	2.2	10.1	-7.2	17.3	
4.92969	0.2	18034	19.5	17.3	2.2	10.1	-7.2	17.3	
4.93359	0.2	18034	19.5	17.3	2.2	10.1	-7.2	17.3	
4.93750	0.2	18034	19.5	17.3	2.2	10.1	-7.2	17.3	
4.94141	0.3	18034	19.5	17.3	2.2	10.1	-7.2	17.3	
4.94531	0.2	18034	19.5	17.3	2.2	10.1	-7.2	17.3	
4.94922	0.2	18034	19.5	17.3	2.2	10.1	-7.2	17.3	
4.95312	0.2	18034	19.5	17.3	2.2	10.1	-7.2	17.3	
4.95703	0.2	18034	19.5	17.3	2.2	10.1	-7.2	17.3	
4.96094	0.2	18034	19.5	17.3	2.2	10.1	-7.2	17.3	
4.96484	0.2	18034	19.5	17.3	2.2	10.1	-7.2	17.3	
4.96875	0.2	18034	19.5	17.4	2.1	10.1	-7.3	17.4	
4.97266	0.2	18034	19.5	17.3	2.2	10.1	-7.2	17.3	
4.97656	0.2	18034	19.5	17.4	2.1	10.1	-7.3	17.4	
4.98047	0.3	18034	19.5	17.4	2.1	10.1	-7.3	17.4	
4.98438	0.3	18034	19.5	17.4	2.1	10.1	-7.3	17.4	
4.98828	0.3	18034	19.5	17.4	2.1	10.1	-7.3	17.4	
4.99219	0.3	18035	19.5	17.4	2.1	10.1	-7.3	17.4	
4.99609	0.3	18035	19.5	17.4	2.1	10.1	-7.3	17.4	
5.00000	0.3	18035	19.5	17.4	2.1	10.1	-7.3	17.4	
5.00391	0.3	18035	19.5	17.4	2.1	10.1	-7.3	17.4	
5.00781	0.3	18035	19.5	17.4	2.1	10.1	-7.3	17.4	
5.01172	0.3	18035	19.5	17.4	2.1	10.1	-7.3	17.4	
5.01562	0.3	18035	19.5	17.4	2.1	10.1	-7.3	17.4	
5.01953	0.3	18035	19.5	17.4	2.1	10.1	-7.3	17.4	
5.02344	0.3	18035	19.5	17.4	2.1	10.1	-7.3	17.4	
5.02734	0.3	18035	19.5	17.4	2.1	10.1	-7.3	17.4	
5.03125	0.3	18035	19.5	17.3	2.2	10.1	-7.2	17.3	
5.03516	0.3	18035	19.4	17.3	2.1	10.1	-7.2	17.3	
5.03906	0.3	18035	19.4	17.3	2.1	10.1	-7.2	17.3	
5.04297	0.3	18035	19.4	17.3	2.1	10.1	-7.2	17.3	
5.04688	0.3	18035	19.4	17.3	2.1	10.1	-7.2	17.3	
5.05078	0.3	18035	19.4	17.3	2.1	10.1	-7.2	17.3	
5.05469	0.3	18035	19.4	17.3	2.1	10.1	-7.2	17.3	
5.05859	0.3	18035	19.4	17.3	2.1	10.1	-7.2	17.3	
5.06250	0.3	18035	19.4	17.3	2.1	10.1	-7.2	17.3	
5.06641	0.3	18035	19.4	17.3	2.1	10.1	-7.2	17.3	
5.07031	0.3	18035	19.4	17.2	2.2	10.1	-7.1	17.2	
5.07422	0.3	18035	19.4	17.2	2.2	10.1	-7.1	17.2	
5.07812	0.2	18035	19.4	17.2	2.2	10.1	-7.1	17.2	
5.08203	0.2	18035	19.4	17.2	2.2	10.1	-7.1	17.2	
5.08594	0.3	18035	19.4	17.2	2.2	10.1	-7.1	17.2	
5.08984	0.2	18035	19.4	17.2	2.2	10.1	-7.1	17.2	
5.09375	0.2	18035	19.4	17.2	2.2	10.1	-7.1	17.2	
5.09766	0.2	18035	19.4	17.3	2.1	10.1	-7.2	17.3	
5.10156	0.2	18035	19.4	17.2	2.2	10.1	-7.1	17.2	
5.10547	0.2	18035	19.4	17.2	2.2	10.1	-7.1	17.2	
5.10938	0.2	18035	19.4	17.3	2.1	10.1	-7.2	17.3	
5.11328	0.2	18035	19.4	17.3	2.1	10.1	-7.2	17.3	
5.11719	0.2	18035	19.4	17.3	2.1	10.1	-7.2	17.3	
5.12109	0.2	18035	19.4	17.3	2.1	10.1	-7.2	17.3	
5.12500	0.2	18035	19.4	17.3	2.1	10.1	-7.2	17.3	
5.12891	0.2	18035	19.5	17.3	2.2	10.1	-7.2	17.3	
5.13281	0.2	18035	19.5	17.3	2.2	10.1	-7.2	17.3	
5.13672	0.2	18035	19.5	17.3	2.2	10.1	-7.2	17.3	
5.14062	0.2	18035	19.5	17.3	2.2	10.1	-7.2	17.3	
5.14453	0.2	18035	19.5	17.3	2.2	10.1	-7.2	17.3	
5.14844	0.2	18035	19.5	17.3	2.2	10.1	-7.2	17.3	
5.15234	0.2	18035	19.5	17.3	2.2	10.1	-7.2	17.3	
5.15625	0.2	18035	19.5	17.3	2.2	10.1	-7.2	17.3	
5.16016	0.3	18035	19.5	17.3	2.2	10.1	-7.2	17.3	
5.16406	0.3	18035	19.5	17.3	2.2	10.1	-7.2	17.3	
5.16797	0.3	18035	19.5	17.3	2.2	10.1	-7.2	17.3	
5.17188	0.3	18035	19.5	17.3	2.2	10.1	-7.2	17.3	
5.17578	0.3	18035	19.5	17.3	2.2	10.1	-7.2	17.3	
5.17969	0.4	18035	19.5	17.3	2.2	10.1	-7.2	17.3	
5.18359	0.3	18035	19.5	17.3	2.2	10.1	-7.2	17.3	
5.18750	0.4	18035	19.5	17.3	2.2	10.1	-7.2	17.3	
5.19141	0.4	18035	19.5	17.3	2.2	10.1	-7.2	17.3	
5.19531	0.4	18035	19.4	17.2	2.2	10.1	-7.1	17.2	
5.19922	0.3	18035	19.4	17.2	2.2	10.1	-7.1	17.2	
5.20312	0.3	18035	19.4	17.2	2.2	10.1	-7.1	17.2	
5.20703	0.3	18035	19.4	17.2	2.2	10.1	-7.1	17.2	
5.21094	0.2	18036	19.4	17.2	2.2	10.1	-7.1	17.2	
5.21484	0.2	18036	19.4	17.2	2.2	10.1	-7.1	17.2	
5.21875	0.1	18036	19.4	17.2	2.2	10.1	-7.1	17.2	
5.22266	0.1	18036	19.5	17.2	2.3	10.1	-7.1	17.2	
5.22656	-0.1	18036	19.5	17.2	2.3	10.1	-7.1	17.2	
5.23047	-0.2	18036	19.5	17.2	2.3	10.1	-7.1	17.2	
5.23438	-0.2	18035	19.6	17.2	2.4	10.1	-7.1	17.2	
5.23828	-0.3	18035	19.6	17.2	2.4	10.1	-7.1	17.2	
5.24219	-0.4	18035	19.7	17.2	2.5	10.1	-7.1	17.2	
5.24609	-0.4	18035	19.8	17.2	2.6	10.1	-7.1	17.2	
5.25000	-0.4	18035	19.8	17.2	2.6	10.1	-7.1	17.2	
5.25391	-0.3	18035	19.9	17.1	2.8	10.1	-7.0	17.1	
5.25781	-0.3	18035	20.0	17.1	2.9	10.1	-7.0	17.1	
5.26172	-0.3	18035	20.0	17.1	2.9	10.1	-7.0	17.1	
5.26562	-0.2	18035	20.1	17.1	3.0	10.1	-7.0	17.1	
5.26953	-0.1	18035	20.1	17.1	3.0	10.1	-7.0	17.1	
5.27344	-0.0	18035	20.1	17.1	3.0	10.1	-7.0	17.1	
5.27734	0.1	18035	20.2	17.1	3.1	10.1	-7.0	17.1	
5.28125	0.2	18035	20.2	17.1	3.1	10.1	-7.0	17.1	
5.28516	0.3	18035	20.2	17.2	3.0	10.1	-7.1	17.2	
5.28906	0.3	18035	20.2	17.1	3.1	10.1	-7.0	17.1	
5.29297	0.4	18035	20.2	17.2	3.0	10.1	-7.1	17.2	
5.29688	0.5	18035	20.1	17.2	2.9	10.1	-7.1	17.2	
5.30078	0.5	18035	20.1	17.2	2.9	10.1	-7.1	17.2	
5.30469	0.5	18036	20.1	17.2	2.9	10.1	-7.1	17.2	
5.30859	0.5	18036	20.0	17.2	2.8	10.1	-7.1	17.2	
5.31250	0.5	18036	20.0	17.2	2.8	10.1	-7.1	17.2	
5.31641	0.5	18036	20.0	17.2	2.8	10.1	-7.1	17.2	
5.32031	0.4	18036	20.0	17.2	2.8	10.1	-7.1	17.2	
5.32422	0.4	18036	19.9	17.2	2.7	10.1	-7.1	17.2	
5.32812	0.4	18036	19.9	17.2	2.7	10.1	-7.1	17.2	
5.33203	0.3	18036	19.9	17.2	2.7	10.1	-7.1	17.2	
5.33594	0.3	18036	19.9	17.2	2.7	10.1	-7.1	17.2	
5.33984	0.2	18036	19.9	17.2	2.7	10.1	-7.1	17.2	
5.34375	0.2	18036	19.9	17.2	2.7	10.1	-7.1	17.2	
5.34766	0.2	18036	19.9	17.2	2.7	10.1	-7.1	17.2	
5.35156	0.1	18036	19.9	17.2	2.7	10.1	-7.1	17.2	
5.35547	0.1	18036	19.9	17.2	2.7	10.1	-7.1	17.2	
5.35938	0.1	18036	19.9	17.2	2.7	10.1	-7.1	17.2	
5.36328	0.1	18036	19.9	17.2	2.7	10.1	-7.1	17.2	
5.36719	0.1	18036	20.0	17.2	2.8	10.1	-7.1	17.2	
5.37109	0.2	18036	20.0	17.2	2.8	10.1	-7.1	17.2	
5.37500	0.2	18036	20.0	17.3	2.7	10.1	-7.2	17.3	
5.37891	0.2	18036	20.0	17.3	2.7	10.1	-7.2	17.3	
5.38281	0.3	18036	20.0	17.3	2.7	10.1	-7.2	17.3	
5.38672	0.3	18036	20.0	17.3	2.7	10.1	-7.2	17.3	
5.39062	0.3	18036	20.0	17.3	2.7	10.1	-7.2	17.3	
5.39453	0.3	18036	20.0	17.3	2.7	10.1	-7.2	17.3	
5.39844	0.4	18036	20.0	17.3	2.7	10.1	-7.2	17.3	
5.40234	0.4	18036	20.0	17.3	2.7	10.1	-7.2	17.3	
5.40625	0.4	18036	19.9	17.3	2.6	10.1	-7.2	17.3	
5.41016	0.5	18036	19.9	17.3	2.6	10.1	-7.2	17.3	
5.41406	0.4	18036	19.9	17.3	2.6	10.1	-7.2	17.3	
5.41797	0.4	18036	19.9	17.3	2.6	10.1	-7.2	17.3	
5.42188	0.4	18036	19.8	17.3	2.5	10.1	-7.2	17.3	
5.42578	0.4	18036	19.8	17.4	2.4	10.1	-7.3	17.4	
5.42969	0.4	18036	19.8	17.4	2.4	10.1	-7.3	17.4	
5.43359	0.3	18036	19.8	17.4	2.4	10.1	-7.3	17.4	
5.43750	0.3	18036	19.7	17.4	2.3	10.1	-7.3	17.4	
5.44141	0.3	18036	19.7	17.4	2.3	10.1	-7.3	17.4	
5.44531	0.3	18036	19.7	17.4	2.3	10.1	-7.3	17.4	
5.44922	0.3	18036	19.7	17.4	2.3	10.1	-7.3	17.4	
5.45312	0.2	18036	19.7	17.4	2.3	10.1	-7.3	17.4	
5.45703	0.2	18036	19.7	17.4	2.3	10.1	-7.3	17.4	
5.46094	0.2	18036	19.7	17.4	2.3	10.1	-7.3	17.4	
5.46484	0.2	18036	19.7	17.4	2.3	10.1	-7.3	17.4	
5.46875	0.2	18036	19.7	17.4	2.3	10.1	-7.3	17.4	
5.47266	0.2	18036	19.7	17.4	2.3	10.1	-7.3	17.4	
5.47656	0.2	18036	19.7	17.4	2.3	10.1	-7.3	17.4	
5.48047	0.2	18036	19.7	17.4	2.3	10.1	-7.3	17.4	
5.48438	0.2	18036	19.7	17.4	2.3	10.1	-7.3	17.4	
5.48828	0.2	18036	19.7	17.4	2.3	10.1	-7.3	17.4	
5.49219	0.2	18036	19.7	17.4	2.3	10.1	-7.3	17.4	
5.49609	0.3	18036	19.7	17.4	2.3	10.1	-7.3	17.4	
5.50000	0.3	18036	19.7	17.4	2.3	10.1	-7.3	17.4	
5.50391	0.3	18036	19.7	17.4	2.3	10.1	-7.3	17.4	
5.50781	0.3	18036	19.7	17.4	2.3	10.1	-7.3	17.4	
5.51172	0.3	18036	19.6	17.4	2.2	10.1	-7.3	17.4	
5.51562	0.3	18037	19.6	17.4	2.2	10.1	-7.3	17.4	
5.51953	0.3	18037	19.6	17.4	2.2	10.1	-7.3	17.4	
5.52344	0.3	18037	19.6	17.4	2.2	10.1	-7.3	17.4	
5.52734	0.3	18037	19.6	17.4	2.2	10.1	-7.3	17.4	
5.53125	0.3	18037	19.6	17.4	2.2	10.1	-7.3	17.4	
5.53516	0.3	18037	19.5	17.4	2.1	10.1	-7.3	17.4	
5.53906	0.3	18037	19.5	17.4	2.1	10.1	-7.3	17.4	
5.54297	0.3	18037	19.5	17.4	2.1	10.1	-7.3	17.4	
5.54688	0.3	18037	19.5	17.4	2.1	10.1	-7.3	17.4	
5.55078	0.3	18037	19.5	17.4	2.1	10.1	-7.3	17.4	
5.55469	0.3	18037	19.5	17.4	2.1	10.1	-7.3	17.4	
5.55859	0.3	18037	19.5	17.4	2.1	10.1	-7.3	17.4	
5.56250	0.3	18037	19.5	17.4	2.1	10.1	-7.3	17.4	
5.56641	0.2	18037	19.5	17.4	2.1	10.1	-7.3	17.4	
5.57031	0.2	18037	19.5	17.4	2.1	10.1	-7.3	17.4	
5.57422	0.2	18037	19.5	17.4	2.1	10.1	-7.3	17.4	
5.57812	0.2	18037	19.5	17.4	2.1	10.1	-7.3	17.4	
5.58203	0.2	18037	19.5	17.4	2.1	10.1	-7.3	17.4	
5.58594	0.2	18037	19.5	17.4	2.1	10.1	-7.3	17.4	
5.58984	0.2	18037	19.6	17.4	2.2	10.1	-7.3	17.4	
5.59375	0.2	18037	19.6	17.3	2.3	10.1	-7.2	17.3	
5.59766	0.2	18037	19.6	17.3	2.3	10.2	-7.1	17.3	
5.60156	0.2	18037	19.6	17.3	2.3	10.2	-7.1	17.3	
5.60547	0.2	18037	19.6	17.3	2.3	10.2	-7.1	17.3	
5.60938	0.2	18037	19.6	17.4	2.2	10.2	-7.2	17.4	
5.61328	0.2	18037	19.6	17.4	2.2	10.2	-7.2	17.4	
5.61719	0.3	18037	19.6	17.3	2.3	10.2	-7.1	17.3	
5.62109	0.3	18037	19.6	17.3	2.3	10.2	-7.1	17.3	
5.62500	0.3	18037	19.6	17.3	2.3	10.2	-7.1	17.3	
5.62891	0.3	18037	19.7	17.3	2.4	10.2	-7.1	17.3	
5.63281	0.3	18037	19.7	17.3	2.4	10.2	-7.1	17.3	
5.63672	0.2	18037	19.7	17.4	2.3	10.2	-7.2	17.4	
5.64062	0.3	18037	19.7	17.4	2.3	10.2	-7.2	17.4	
5.64453	0.3	18037	19.7	17.4	2.3	10.2	-7.2	17.4	
5.64844	0.3	18037	19.7	17.4	2.3	10.2	-7.2	17.4	
5.65234	0.3	18037	19.7	17.4	2.3	10.2	-7.2	17.4	
5.65625	0.3	18037	19.7	17.4	2.3	10.2	-7.2	17.4	
5.66016	0.2	18037	19.7	17.4	2.3	10.2	-7.2	17.4	
5.66406	0.3	18037	19.7	17.4	2.3	10.2	-7.2	17.4	
5.66797	0.3	18037	19.7	17.4	2.3	10.2	-7.2	17.4	
5.67188	0.3	18037	19.7	17.4	2.3	10.2	-7.2	17.4	
5.67578	0.3	18037	19.7	17.4	2.3	10.2	-7.2	17.4	
5.67969	0.3	18037	19.7	17.4	2.3	10.2	-7.2	17.4	
5.68359	0.3	18037	19.7	17.4	2.3	10.2	-7.2	17.4	
5.68750	0.2	18037	19.7	17.5	2.2	10.2	-7.3	17.5	
5.69141	0.2	18037	19.7	17.5	2.2	10.2	-7.3	17.5	
5.69531	0.3	18037	19.7	17.5	2.2	10.2	-7.3	17.5	
5.69922	0.3	18037	19.7	17.5	2.2	10.2	-7.3	17.5	
5.70312	0.3	18037	19.7	17.5	2.2	10.2	-7.3	17.5	
5.70703	0.3	18037	19.7	17.5	2.2	10.2	-7.3	17.5	
5.71094	0.3	18037	19.7	17.5	2.2	10.2	-7.3	17.5	
5.71484	0.3	18037	19.7	17.5	2.2	10.2	-7.3	17.5	
5.71875	0.3	18037	19.7	17.5	2.2	10.2	-7.3	17.5	
5.72266	0.3	18037	19.7	17.5	2.2	10.2	-7.3	17.5	
5.72656	0.3	18037	19.7	17.5	2.2	10.2	-7.3	17.5	
5.73047	0.3	18037	19.7	17.5	2.2	10.2	-7.3	17.5	
5.73438	0.3	18037	19.7	17.5	2.2	10.2	-7.3	17.5	
5.73828	0.3	18038	19.7	17.5	2.2	10.2	-7.3	17.5	
5.74219	0.3	18038	19.7	17.5	2.2	10.2	-7.3	17.5	
5.74609	0.3	18038	19.6	17.5	2.1	10.2	-7.3	17.5	
5.75000	0.3	18038	19.6	17.4	2.2	10.2	-7.2	17.4	
5.75391	0.3	18038	19.6	17.4	2.2	10.2	-7.2	17.4	
5.75781	0.3	18038	19.6	17.4	2.2	10.2	-7.2	17.4	
5.76172	0.3	18038	19.6	17.4	2.2	10.2	-7.2	17.4	
5.76562	0.3	18038	19.6	17.4	2.2	10.2	-7.2	17.4	
5.76953	0.3	18038	19.6	17.4	2.2	10.2	-7.2	17.4	
5.77344	0.3	18038	19.6	17.4	2.2	10.2	-7.2	17.4	
5.77734	0.2	18038	19.6	17.4	2.2	10.2	-7.2	17.4	
5.78125	0.3	18038	19.6	17.4	2.2	10.2	-7.2	17.4	
5.78516	0.2	18038	19.6	17.4	2.2	10.2	-7.2	17.4	
5.78906	0.2	18038	19.6	17.4	2.2	10.2	-7.2	17.4	
5.79297	0.3	18038	19.6	17.4	2.2	10.2	-7.2	17.4	
5.79688	0.3	18038	19.6	17.4	2.2	10.2	-7.2	17.4	
5.80078	0.2	18038	19.6	17.4	2.2	10.2	-7.2	17.4	
5.80469	0.2	18038	19.6	17.4	2.2	10.2	-7.2	17.4	
5.80859	0.2	18038	19.6	17.4	2.2	10.2	-7.2	17.4	
5.81250	0.2	18038	19.6	17.4	2.2	10.2	-7.2	17.4	
5.81641	0.3	18038	19.6	17.4	2.2	10.2	-7.2	17.4	
5.82031	0.2	18038	19.6	17.4	2.2	10.2	-7.2	17.4	
5.82422	0.2	18038	19.6	17.4	2.2	10.2	-7.2	17.4	
5.82812	0.2	18038	19.6	17.4	2.2	10.2	-7.2	17.4	
5.83203	0.2	18038	19.6	17.4	2.2	10.2	-7.2	17.4	
5.83594	0.2	18038	19.6	17.4	2.2	10.2	-7.2	17.4	
5.83984	0.2	18038	19.7	17.4	2.3	10.2	-7.2	17.4	
5.84375	0.2	18038	19.7	17.4	2.3	10.2	-7.2	17.4	
5.84766	0.2	18038	19.7	17.4	2.3	10.2	-7.2	17.4	
5.85156	0.2	18038	19.7	17.4	2.3	10.2	-7.2	17.4	
5.85547	0.2	18038	19.7	17.5	2.2	10.2	-7.3	17.5	
5.85938	0.2	18038	19.7	17.4	2.3	10.2	-7.2	17.4	
5.86328	0.2	18038	19.7	17.4	2.3	10.2	-7.2	17.4	
5.86719	0.3	18038	19.7	17.5	2.2	10.2	-7.3	17.5	
5.87109	0.3	18038	19.7	17.5	2.2	10.2	-7.3	17.5	
5.87500	0.3	18038	19.7	17.4	2.3	10.2	-7.2	17.4	
5.87891	0.3	18038	19.7	17.4	2.3	10.2	-7.2	17.4	
5.88281	0.3	18038	19.7	17.4	2.3	10.2	-7.2	17.4	
5.88672	0.4	18038	19.7	17.4	2.3	10.2	-7.2	17.4	
5.89062	0.4	18038	19.7	17.4	2.3	10.2	-7.2	17.4	
5.89453	0.4	18038	19.6	17.4	2.2	10.2	-7.2	17.4	
5.89844	0.4	18038	19.6	17.4	2.2	10.2	-7.2	17.4	
5.90234	0.5	18038	19.6	17.4	2.2	10.2	-7.2	17.4	
5.90625	0.4	18038	19.6	17.4	2.2	10.2	-7.2	17.4	
5.91016	0.4	18038	19.6	17.4	2.2	10.2	-7.2	17.4	
5.91406	0.4	18038	19.5	17.4	2.1	10.2	-7.2	17.4	
5.91797	0.4	18038	19.5	17.3	2.2	10.2	-7.1	17.3	
5.92188	0.3	18038	19.5	17.3	2.2	10.2	-7.1	17.3	
5.92578	0.2	18038	19.5	17.3	2.2	10.2	-7.1	17.3	
5.92969	0.2	18038	19.5	17.3	2.2	10.2	-7.1	17.3	
5.93359	0.1	18038	19.5	17.3	2.2	10.2	-7.1	17.3	
5.93750	-0.0	18038	19.6	17.3	2.3	10.2	-7.1	17.3	
5.94141	-0.1	18038	19.6	17.3	2.3	10.2	-7.1	17.3	
5.94531	-0.2	18038	19.6	17.3	2.3	10.2	-7.1	17.3	
5.94922	-0.3	18038	19.7	17.3	2.4	10.2	-7.1	17.3	
5.95312	-0.3	18038	19.8	17.3	2.5	10.2	-7.1	17.3	
5.95703	-0.4	18038	19.8	17.3	2.5	10.2	-7.1	17.3	
5.96094	-0.4	18038	19.9	17.3	2.6	10.2	-7.1	17.3	
5.96484	-0.4	18038	20.0	17.3	2.7	10.2	-7.1	17.3	
5.96875	-0.3	18038	20.0	17.3	2.7	10.2	-7.1	17.3	
5.97266	-0.2	18038	20.1	17.3	2.8	10.2	-7.1	17.3	
5.97656	-0.2	18038	20.1	17.3	2.8	10.2	-7.1	17.3	
5.98047	-0.1	18038	20.2	17.3	2.9	10.2	-7.1	17.3	
5.98438	0.0	18038	20.2	17.3	2.9	10.2	-7.1	17.3	
5.98828	0.1	18038	20.2	17.3	2.9	10.2	-7.1	17.3	
5.99219	0.2	18038	20.2	17.3	2.9	10.2	-7.1	17.3	
5.99609	0.3	18038	20.2	17.3	2.9	10.2	-7.1	17.3	
6.00000	0.4	18038	20.2	17.3	2.9	10.2	-7.1	17.3	
6.00391	0.5	18038	20.2	17.3	2.9	10.2	-7.1	17.3	
6.00781	0.5	18038	20.1	17.3	2.8	10.2	-7.1	17.3	
6.01172	0.5	18038	20.1	17.3	2.8	10.2	-7.1	17.3	
6.01562	0.6	18038	20.1	17.3	2.8	10.2	-7.1	17.3	
6.01953	0.6	18038	20.0	17.3	2.7	10.2	-7.1	17.3	
6.02344	0.6	18038	20.0	17.3	2.7	10.2	-7.1	17.3	
6.02734	0.6	18039	19.9	17.3	2.6	10.2	-7.1	17.3	
6.03125	0.5	18039	19.9	17.3	2.6	10.2	-7.1	17.3	
6.03516	0.5	18039	19.9	17.3	2.6	10.2	-7.1	17.3	
6.03906	0.4	18039	19.8	17.3	2.5	10.2	-7.1	17.3	
6.04297	0.3	18039	19.8	17.3	2.5	10.2	-7.1	17.3	
6.04688	0.3	18039	19.8	17.3	2.5	10.2	-7.1	17.3	
6.05078	0.3	18039	19.8	17.3	2.5	10.2	-7.1	17.3	
6.05469	0.2	18039	19.8	17.3	2.5	10.2	-7.1	17.3	
6.05859	0.2	18039	19.8	17.3	2.5	10.2	-7.1	17.3	
6.06250	0.2	18039	19.8	17.3	2.5	10.2	-7.1	17.3	
6.06641	0.1	18039	19.8	17.3	2.5	10.2	-7.1	17.3	
6.07031	0.1	18039	19.9	17.3	2.6	10.2	-7.1	17.3	
6.07422	0.1	18039	19.9	17.3	2.6	10.2	-7.1	17.3	
6.07812	0.1	18039	19.9	17.3	2.6	10.2	-7.1	17.3	
6.08203	0.1	18039	19.9	17.3	2.6	10.2	-7.1	17.3	
6.08594	0.1	18039	19.9	17.3	2.6	10.2	-7.1	17.3	
6.08984	0.2	18039	19.9	17.4	2.5	10.2	-7.2	17.4	
6.09375	0.3	18039	19.9	17.3	2.6	10.2	-7.1	17.3	
6.09766	0.3	18039	20.0	17.3	2.7	10.2	-7.1	17.3	
6.10156	0.3	18039	20.0	17.3	2.7	10.2	-7.1	17.3	
6.10547	0.4	18039	19.9	17.4	2.5	10.2	-7.2	17.4	
6.10938	0.4	18039	19.9	17.4	2.5	10.2	-7.2	17.4	
6.11328	0.4	18039	19.9	17.4	2.5	10.2	-7.2	17.4	
6.11719	0.5	18039	19.9	17.4	2.5	10.2	-7.2	17.4	
6.12109	0.5	18039	19.8	17.4	2.4	10.2	-7.2	17.4	
6.12500	0.5	18039	19.8	17.4	2.4	10.2	-7.2	17.4	
6.12891	0.5	18039	19.8	17.4	2.4	10.2	-7.2	17.4	
6.13281	0.5	18039	19.8	17.4	2.4	10.2	-7.2	17.4	
6.13672	0.4	18039	19.7	17.4	2.3	10.2	-7.2	17.4	
6.14062	0.4	18039	19.7	17.4	2.3	10.2	-7.2	17.4	
6.14453	0.3	18039	19.7	17.4	2.3	10.2	-7.2	17.4	
6.14844	0.3	18039	19.7	17.5	2.2	10.2	-7.3	17.5	
6.15234	0.3	18039	19.6	17.5	2.1	10.2	-7.3	17.5	
6.15625	0.3	18039	19.6	17.5	2.1	10.2	-7.3	17.5	
6.16016	0.3	18039	19.6	17.5	2.1	10.2	-7.3	17.5	
6.16406	0.2	18039	19.6	17.5	2.1	10.2	-7.3	17.5	
6.16797	0.2	18039	19.6	17.5	2.1	10.2	-7.3	17.5	
6.17188	0.2	18039	19.6	17.5	2.1	10.2	-7.3	17.5	
6.17578	0.2	18039	19.6	17.5	2.1	10.2	-7.3	17.5	
6.17969	0.2	18039	19.6	17.5	2.1	10.2	-7.3	17.5	
6.18359	0.2	18039	19.6	17.5	2.1	10.2	-7.3	17.5	
6.18750	0.2	18039	19.6	17.5	2.1	10.2	-7.3	17.5	
6.19141	0.2	18039	19.6	17.5	2.1	10.2	-7.3	17.5	
6.19531	0.2	18039	19.6	17.5	2.1	10.2	-7.3	17.5	
6.19922	0.2	18039	19.7	17.5	2.2	10.2	-7.3	17.5	
6.20312	0.2	18039	19.6	17.5	2.1	10.2	-7.3	17.5	
6.20703	0.3	18039	19.7	17.5	2.2	10.2	-7.3	17.5	
6.21094	0.3	18039	19.6	17.5	2.1	10.2	-7.3	17.5	
6.21484	0.3	18039	19.6	17.5	2.1	10.2	-7.3	17.5	
6.21875	0.3	18039	19.6	17.5	2.1	10.2	-7.3	17.5	
6.22266	0.3	18039	19.6	17.5	2.1	10.2	-7.3	17.5	
6.22656	0.3	18039	19.6	17.5	2.1	10.2	-7.3	17.5	
6.23047	0.3	18039	19.6	17.5	2.1	10.2	-7.3	17.5	
6.23438	0.3	18040	19.6	17.5	2.1	10.2	-7.3	17.5	
6.23828	0.3	18040	19.6	17.5	2.1	10.2	-7.3	17.5	
6.24219	0.3	18040	19.6	17.4	2.2	10.2	-7.2	17.4	
6.24609	0.3	18040	19.6	17.4	2.2	10.2	-7.2	17.4	
6.25000	0.3	18040	19.5	17.4	2.1	10.2	-7.2	17.4	
6.25391	0.3	18040	19.5	17.4	2.1	10.2	-7.2	17.4	
6.25781	0.3	18040	19.5	17.4	2.1	10.2	-7.2	17.4	
6.26172	0.3	18040	19.5	17.4	2.1	10.2	-7.2	17.4	
6.26562	0.3	18040	19.5	17.4	2.1	10.2	-7.2	17.4	
6.26953	0.2	18040	19.5	17.4	2.1	10.2	-7.2	17.4	
6.27344	0.2	18040	19.5	17.4	2.1	10.2	-7.2	17.4	
6.27734	0.2	18040	19.5	17.4	2.1	10.2	-7.2	17.4	
6.28125	0.2	18040	19.5	17.4	2.1	10.2	-7.2	17.4	
6.28516	0.2	18040	19.5	17.4	2.1	10.2	-7.2	17.4	
6.28906	0.2	18040	19.5	17.4	2.1	10.2	-7.2	17.4	
6.29297	0.2	18040	19.6	17.4	2.2	10.2	-7.2	17.4	
6.29688	0.2	18040	19.6	17.4	2.2	10.2	-7.2	17.4	
6.30078	0.2	18040	19.6	17.4	2.2	10.2	-7.2	17.4	
6.30469	0.2	18040	19.6	17.4	2.2	10.2	-7.2	17.4	
6.30859	0.2	18040	19.6	17.4	2.2	10.2	-7.2	17.4	
6.31250	0.2	18040	19.6	17.4	2.2	10.2	-7.2	17.4	
6.31641	0.2	18040	19.6	17.4	2.2	10.2	-7.2	17.4	
6.32031	0.3	18040	19.7	17.4	2.3	10.2	-7.2	17.4	
6.32422	0.3	18040	19.7	17.4	2.3	10.2	-7.2	17.4	
6.32812	0.2	18040	19.7	17.4	2.3	10.2	-7.2	17.4	
6.33203	0.2	18040	19.7	17.4	2.3	10.2	-7.2	17.4	
6.33594	0.2	18040	19.7	17.4	2.3	10.2	-7.2	17.4	
6.33984	0.3	18040	19.7	17.4	2.3	10.2	-7.2	17.4	
6.34375	0.3	18040	19.7	17.4	2.3	10.2	-7.2	17.4	
6.34766	0.2	18040	19.7	17.4	2.3	10.2	-7.2	17.4	
6.35156	0.2	18040	19.7	17.4	2.3	10.2	-7.2	17.4	
6.35547	0.3	18040	19.7	17.4	2.3	10.2	-7.2	17.4	
6.35938	0.3	18040	19.7	17.4	2.3	10.2	-7.2	17.4	
6.36328	0.2	18040	19.7	17.4	2.3	10.2	-7.2	17.4	
6.36719	0.2	18040	19.7	17.4	2.3	10.2	-7.2	17.4	
6.37109	0.3	18040	19.7	17.4	2.3	10.2	-7.2	17.4	
6.37500	0.3	18040	19.7	17.5	2.2	10.2	-7.3	17.5	
6.37891	0.2	18040	19.7	17.5	2.2	10.2	-7.3	17.5	
6.38281	0.2	18040	19.7	17.4	2.3	10.2	-7.2	17.4	
6.38672	0.2	18040	19.7	17.5	2.2	10.2	-7.3	17.5	
6.39062	0.3	18040	19.7	17.5	2.2	10.2	-7.3	17.5	
6.39453	0.2	18040	19.7	17.5	2.2	10.2	-7.3	17.5	
6.39844	0.3	18040	19.7	17.5	2.2	10.2	-7.3	17.5	
6.40234	0.3	18040	19.7	17.5	2.2	10.2	-7.3	17.5	
6.40625	0.2	18040	19.7	17.5	2.2	10.2	-7.3	17.5	
6.41016	0.3	18040	19.7	17.5	2.2	10.2	-7.3	17.5	
6.41406	0.3	18040	19.7	17.5	2.2	10.2	-7.3	17.5	
6.41797	0.3	18040	19.7	17.5	2.2	10.2	-7.3	17.5	
6.42188	0.2	18040	19.7	17.5	2.2	10.2	-7.3	17.5	
6.42578	0.3	18040	19.7	17.5	2.2	10.2	-7.3	17.5	
6.42969	0.3	18040	19.7	17.5	2.2	10.2	-7.3	17.5	
6.43359	0.3	18040	19.7	17.5	2.2	10.2	-7.3	17.5	
6.43750	0.3	18040	19.7	17.5	2.2	10.2	-7.3	17.5	
6.44141	0.3	18040	19.7	17.5	2.2	10.2	-7.3	17.5	
6.44531	0.3	18040	19.7	17.5	2.2	10.2	-7.3	17.5	
6.44922	0.3	18040	19.7	17.5	2.2	10.2	-7.3	17.5	
6.45312	0.3	18040	19.7	17.5	2.2	10.2	-7.3	17.5	
6.45703	0.3	18040	19.7	17.5	2.2	10.2	-7.3	17.5	
6.46094	0.3	18040	19.7	17.5	2.2	10.2	-7.3	17.5	
6.46484	0.4	18041	19.7	17.5	2.2	10.2	-7.3	17.5	
6.46875	0.6	18041	19.8	17.5	2.3	10.2	-7.3	17.5	
6.47266	0.9	18041	19.9	17.4	2.5	10.2	-7.2	17.4	
6.47656	1.4	18041	20.1	17.4	2.7	10.2	-7.2	17.4	
6.48047	2.2	18041	20.3	17.4	2.9	10.2	-7.2	17.4	
6.48438	3.4	18041	20.5	17.4	3.1	10.2	-7.2	17.4	
6.48828	5.0	18041	20.8	17.4	3.4	10.2	-7.2	17.4	
6.49219	7.1	18042	21.1	17.4	3.7	10.2	-7.2	17.4	
6.49609	9.5	18042	21.4	17.4	4.0	10.2	-7.2	17.4	
6.50000	12.2	18043	21.7	17.4	4.3	10.2	-7.2	17.4	
6.50391	14.9	18044	22.0	17.4	4.6	10.2	-7.2	17.4	
