FluxView - FluxMed acquisition system
Signal file
Serial Number	:
W version:	1.20h-OX-CO2	File version:	1.13
Sampling rate:	256 Hz
Time	Flow	Volume	Paw	Pes	Ptpulm	Pga	Ptdiaf	CO2	
0.00391	-1.5	1372	16.9	15.1	1.8	0.0	-15.1	0.0	
0.00781	-1.4	1372	16.9	15.1	1.8	0.0	-15.1	0.0	
0.01172	-1.3	1372	16.9	15.1	1.8	0.0	-15.1	0.0	
0.01562	-1.5	1372	16.8	15.0	1.8	0.0	-15.0	0.0	
0.01953	-1.5	1371	16.9	15.1	1.8	0.0	-15.1	0.0	
0.02344	-1.4	1371	16.8	15.1	1.7	0.0	-15.1	0.0	
0.02734	-1.4	1371	16.8	15.1	1.7	0.0	-15.1	0.0	
0.03125	-1.4	1371	16.9	15.1	1.8	0.0	-15.1	0.0	
0.03516	-1.4	1371	16.9	15.1	1.8	0.0	-15.1	0.0	
0.03906	-1.5	1371	16.9	15.1	1.8	0.0	-15.1	0.0	
0.04297	-1.5	1371	16.9	15.1	1.8	0.0	-15.1	0.0	
0.04688	-1.3	1371	16.8	15.1	1.7	0.0	-15.1	0.0	
0.05078	-1.5	1371	16.9	15.2	1.7	0.0	-15.2	0.0	
0.05469	-1.6	1371	16.9	15.2	1.7	0.0	-15.2	0.0	
0.05859	-1.5	1371	16.9	15.2	1.7	0.0	-15.2	0.0	
0.06250	-1.5	1370	16.9	15.2	1.7	0.0	-15.2	0.0	
0.06641	-1.6	1370	16.9	15.2	1.7	0.0	-15.2	0.0	
0.07031	-1.5	1370	16.9	15.2	1.7	0.0	-15.2	0.0	
0.07422	-1.4	1370	16.9	15.3	1.6	0.0	-15.3	0.0	
0.07812	-1.4	1370	16.9	15.3	1.6	0.0	-15.3	0.0	
0.08203	-1.3	1370	16.9	15.3	1.6	0.0	-15.3	0.0	
0.08594	-1.2	1370	16.9	15.3	1.6	0.0	-15.3	0.0	
0.08984	-1.3	1370	16.8	15.3	1.5	0.0	-15.3	0.0	
0.09375	-1.2	1370	16.8	15.4	1.4	0.0	-15.4	0.0	
0.09766	-1.1	1370	16.8	15.4	1.4	0.0	-15.4	0.0	
0.10156	-1.2	1370	16.8	15.4	1.4	0.0	-15.4	0.0	
0.10547	-1.2	1369	16.8	15.4	1.4	0.0	-15.4	0.0	
0.10938	-1.0	1369	16.7	15.4	1.3	0.0	-15.4	0.0	
0.11328	-1.1	1369	16.7	15.4	1.3	0.0	-15.4	0.0	
0.11719	-1.3	1369	16.7	15.4	1.3	0.0	-15.4	0.0	
0.12109	-1.2	1369	16.7	15.4	1.3	0.0	-15.4	0.0	
0.12500	-1.2	1369	16.7	15.4	1.3	0.0	-15.4	0.0	
0.12891	-1.4	1369	16.7	15.4	1.3	0.0	-15.4	0.0	
0.13281	-1.2	1369	16.7	15.4	1.3	0.0	-15.4	0.0	
0.13672	-1.2	1369	16.7	15.4	1.3	0.0	-15.4	0.0	
0.14062	-1.5	1369	16.7	15.4	1.3	0.0	-15.4	0.0	
0.14453	-1.4	1369	16.7	15.5	1.2	0.0	-15.5	0.0	
0.14844	-1.3	1369	16.8	15.5	1.3	0.0	-15.5	0.0	
0.15234	-1.4	1368	16.8	15.5	1.3	0.0	-15.5	0.0	
0.15625	-1.3	1368	16.7	15.6	1.1	0.0	-15.6	0.0	
0.16016	-1.3	1368	16.8	15.6	1.2	0.0	-15.6	0.0	
0.16406	-1.4	1368	16.8	15.6	1.2	0.0	-15.6	0.0	
0.16797	-1.3	1368	16.8	15.6	1.2	0.0	-15.6	0.0	
0.17188	-1.1	1368	16.8	15.7	1.1	0.0	-15.7	0.0	
0.17578	-1.1	1368	16.8	15.7	1.1	0.0	-15.7	0.0	
0.17969	-1.3	1368	16.8	15.6	1.2	0.0	-15.6	0.0	
0.18359	-1.2	1368	16.8	15.7	1.1	0.0	-15.7	0.0	
0.18750	-1.3	1368	16.8	15.7	1.1	0.0	-15.7	0.0	
0.19141	-1.4	1368	16.7	15.7	1.0	0.0	-15.7	0.0	
0.19531	-1.1	1368	16.8	15.7	1.1	0.0	-15.7	0.0	
0.19922	-1.1	1368	16.8	15.8	1.0	0.0	-15.8	0.0	
0.20312	-1.2	1367	16.8	15.7	1.1	0.0	-15.7	0.0	
0.20703	-1.1	1367	16.8	15.8	1.0	0.0	-15.8	0.0	
0.21094	-1.0	1367	16.7	15.8	0.9	0.0	-15.8	0.0	
0.21484	-1.2	1367	16.8	15.8	1.0	0.0	-15.8	0.0	
0.21875	-1.2	1367	16.8	15.8	1.0	0.0	-15.8	0.0	
0.22266	-1.0	1367	16.8	15.8	1.0	0.0	-15.8	0.0	
0.22656	-1.1	1367	16.7	15.8	0.9	0.0	-15.8	0.0	
0.23047	-1.2	1367	16.7	15.8	0.9	0.0	-15.8	0.0	
0.23438	-1.1	1367	16.8	15.9	0.9	0.0	-15.9	0.0	
0.23828	-1.2	1367	16.8	16.0	0.8	0.0	-16.0	0.0	
0.24219	-1.3	1367	16.8	15.9	0.9	0.0	-15.9	0.0	
0.24609	-1.4	1367	16.8	16.0	0.8	0.0	-16.0	0.0	
0.25000	-1.3	1367	16.8	16.0	0.8	0.0	-16.0	0.0	
0.25391	-1.2	1366	16.8	16.0	0.8	0.0	-16.0	0.0	
0.25781	-1.2	1366	16.8	16.0	0.8	0.0	-16.0	0.0	
0.26172	-1.3	1366	16.8	16.0	0.8	0.0	-16.0	0.0	
0.26562	-1.3	1366	16.8	16.0	0.8	0.0	-16.0	0.0	
0.26953	-1.3	1366	16.8	16.1	0.7	0.0	-16.1	0.0	
0.27344	-1.1	1366	16.8	16.1	0.7	0.0	-16.1	0.0	
0.27734	-1.2	1366	16.8	16.1	0.7	0.0	-16.1	0.0	
0.28125	-1.3	1366	16.8	16.2	0.6	0.0	-16.2	0.0	
0.28516	-1.1	1366	16.8	16.2	0.6	0.0	-16.2	0.0	
0.28906	-1.2	1366	16.8	16.2	0.6	0.0	-16.2	0.0	
0.29297	-1.3	1366	16.8	16.2	0.6	0.0	-16.2	0.0	
0.29688	-1.1	1366	16.7	16.2	0.5	0.0	-16.2	0.0	
0.30078	-1.1	1366	16.8	16.3	0.5	0.0	-16.3	0.0	
0.30469	-1.1	1365	16.8	16.3	0.5	0.0	-16.3	0.0	
0.30859	-1.1	1365	16.8	16.3	0.5	0.0	-16.3	0.0	
0.31250	-1.1	1365	16.7	16.3	0.4	0.0	-16.3	0.0	
0.31641	-1.2	1365	16.7	16.4	0.3	0.0	-16.4	0.0	
0.32031	-1.1	1365	16.7	16.4	0.3	0.0	-16.4	0.0	
0.32422	-1.2	1365	16.7	16.3	0.4	0.0	-16.3	0.0	
0.32812	-1.2	1365	16.7	16.4	0.3	0.0	-16.4	0.0	
0.33203	-1.1	1365	16.7	16.5	0.2	0.0	-16.5	0.0	
0.33594	-1.1	1365	16.7	16.5	0.2	0.0	-16.5	0.0	
0.33984	-1.3	1365	16.7	16.5	0.2	0.0	-16.5	0.0	
0.34375	-1.3	1365	16.7	16.5	0.2	0.0	-16.5	0.0	
0.34766	-1.1	1365	16.7	16.5	0.2	0.0	-16.5	0.0	
0.35156	-1.1	1365	16.7	16.5	0.2	0.0	-16.5	0.0	
0.35547	-1.2	1364	16.7	16.5	0.2	0.0	-16.5	0.0	
0.35938	-1.1	1364	16.8	16.5	0.3	0.0	-16.5	0.0	
0.36328	-1.2	1364	16.7	16.6	0.1	0.0	-16.6	0.0	
0.36719	-1.2	1364	16.7	16.5	0.2	0.0	-16.5	0.0	
0.37109	-1.1	1364	16.7	16.5	0.2	0.0	-16.5	0.0	
0.37500	-1.3	1364	16.7	16.6	0.1	0.0	-16.6	0.0	
0.37891	-1.3	1364	16.7	16.6	0.1	0.0	-16.6	0.0	
0.38281	-1.2	1364	16.7	16.6	0.1	0.0	-16.6	0.0	
0.38672	-1.2	1364	16.7	16.6	0.1	0.0	-16.6	0.0	
0.39062	-1.2	1364	16.7	16.5	0.2	0.0	-16.5	0.0	
0.39453	-1.2	1364	16.8	16.6	0.2	0.0	-16.6	0.0	
0.39844	-1.2	1364	16.8	16.6	0.2	0.0	-16.6	0.0	
0.40234	-1.2	1364	16.8	16.6	0.2	0.0	-16.6	0.0	
0.40625	-1.2	1363	16.8	16.6	0.2	0.0	-16.6	0.0	
0.41016	-1.1	1363	16.8	16.7	0.1	0.0	-16.7	0.0	
0.41406	-1.2	1363	16.8	16.6	0.2	0.0	-16.6	0.0	
0.41797	-1.2	1363	16.9	16.6	0.3	0.0	-16.6	0.0	
0.42188	-1.2	1363	16.9	16.6	0.3	0.0	-16.6	0.0	
0.42578	-1.4	1363	16.9	16.6	0.3	0.0	-16.6	0.0	
0.42969	-1.4	1363	16.9	16.7	0.2	0.0	-16.7	0.0	
0.43359	-1.3	1363	16.9	16.7	0.2	0.0	-16.7	0.0	
0.43750	-1.4	1363	16.9	16.7	0.2	0.0	-16.7	0.0	
0.44141	-1.3	1363	16.9	16.7	0.2	0.0	-16.7	0.0	
0.44531	-1.2	1363	16.9	16.7	0.2	0.0	-16.7	0.0	
0.44922	-1.2	1363	17.0	16.7	0.3	0.0	-16.7	0.0	
0.45312	-1.3	1362	16.9	16.7	0.2	0.0	-16.7	0.0	
0.45703	-1.2	1362	16.9	16.7	0.2	0.0	-16.7	0.0	
0.46094	-1.1	1362	17.0	16.7	0.3	0.0	-16.7	0.0	
0.46484	-1.2	1362	16.9	16.7	0.2	0.0	-16.7	0.0	
0.46875	-1.2	1362	16.9	16.7	0.2	0.0	-16.7	0.0	
0.47266	-1.1	1362	16.9	16.8	0.1	0.0	-16.8	0.0	
0.47656	-1.3	1362	16.9	16.7	0.2	0.0	-16.7	0.0	
0.48047	-1.3	1362	16.9	16.7	0.2	0.0	-16.7	0.0	
0.48438	-1.2	1362	16.9	16.8	0.1	0.0	-16.8	0.0	
0.48828	-1.3	1362	16.8	16.8	0.0	0.0	-16.8	0.0	
0.49219	-1.2	1362	16.8	16.8	0.0	0.0	-16.8	0.0	
0.49609	-1.1	1362	16.8	16.8	0.0	0.0	-16.8	0.0	
0.50000	-1.2	1362	16.8	16.8	0.0	0.0	-16.8	0.0	
0.50391	-1.2	1361	16.8	16.8	0.0	0.0	-16.8	0.0	
0.50781	-1.3	1361	16.7	16.9	-0.2	0.0	-16.9	0.0	
0.51172	-0.9	1361	17.0	16.9	0.1	0.0	-16.9	0.0	
0.51562	-0.3	1361	17.7	16.9	0.8	0.0	-16.9	0.0	
0.51953	-0.8	1361	17.5	16.9	0.6	0.0	-16.9	0.0	
0.52344	-1.1	1361	16.9	16.9	0.0	0.0	-16.9	0.0	
0.52734	-0.8	1361	16.5	16.9	-0.4	0.0	-16.9	0.0	
0.53125	-1.0	1361	16.5	16.9	-0.4	0.0	-16.9	0.0	
0.53516	-1.3	1361	16.9	17.0	-0.1	0.0	-17.0	0.0	
0.53906	-1.3	1361	17.0	17.0	0.0	0.0	-17.0	0.0	
0.54297	-1.1	1361	17.0	17.0	0.0	0.0	-17.0	0.0	
0.54688	-1.0	1361	17.1	17.0	0.1	0.0	-17.0	0.0	
0.55078	-0.9	1361	17.0	17.0	0.0	0.0	-17.0	0.0	
0.55469	-1.0	1361	16.9	17.1	-0.2	0.0	-17.1	0.0	
0.55859	-0.8	1361	16.9	17.1	-0.2	0.0	-17.1	0.0	
0.56250	-1.0	1360	17.0	17.1	-0.1	0.0	-17.1	0.0	
0.56641	-1.1	1360	16.9	17.1	-0.2	0.0	-17.1	0.0	
0.57031	-0.9	1360	16.9	17.1	-0.2	0.0	-17.1	0.0	
0.57422	-0.9	1360	16.8	17.1	-0.3	0.0	-17.1	0.0	
0.57812	-0.9	1360	16.9	17.1	-0.2	0.0	-17.1	0.0	
0.58203	-0.7	1360	16.9	17.0	-0.1	0.0	-17.0	0.0	
0.58594	-0.6	1360	16.9	17.0	-0.1	0.0	-17.0	0.0	
0.58984	-0.5	1360	16.8	17.0	-0.2	0.0	-17.0	0.0	
0.59375	-0.3	1360	16.6	16.9	-0.3	0.0	-16.9	0.0	
0.59766	-0.2	1360	16.5	16.8	-0.3	0.0	-16.8	0.0	
0.60156	-0.3	1360	16.5	16.8	-0.3	0.0	-16.8	0.0	
0.60547	-0.3	1360	16.5	16.7	-0.2	0.0	-16.7	0.0	
0.60938	-0.3	1360	16.4	16.6	-0.2	0.0	-16.6	0.0	
0.61328	-0.6	1360	16.4	16.5	-0.1	0.0	-16.5	0.0	
0.61719	-0.6	1360	16.3	16.5	-0.2	0.0	-16.5	0.0	
0.62109	-0.5	1360	16.3	16.4	-0.1	0.0	-16.4	0.0	
0.62500	-0.7	1360	16.3	16.3	0.0	0.0	-16.3	0.0	
0.62891	-0.9	1360	16.3	16.2	0.1	0.0	-16.2	0.0	
0.63281	-1.1	1360	16.3	16.1	0.2	0.0	-16.1	0.0	
0.63672	-1.2	1360	16.3	16.1	0.2	0.0	-16.1	0.0	
0.64062	-1.2	1360	16.3	16.0	0.3	0.0	-16.0	0.0	
0.64453	-1.2	1360	16.3	16.0	0.3	0.0	-16.0	0.0	
0.64844	-1.1	1359	16.4	15.9	0.5	0.0	-15.9	0.0	
0.65234	-1.3	1359	16.5	15.8	0.7	0.0	-15.8	0.0	
0.65625	-1.4	1359	16.5	15.7	0.8	0.0	-15.7	0.0	
0.66016	-1.2	1359	16.6	15.7	0.9	0.0	-15.7	0.0	
0.66406	-1.3	1359	16.6	15.6	1.0	0.0	-15.6	0.0	
0.66797	-1.5	1359	16.6	15.5	1.1	0.0	-15.5	0.0	
0.67188	-1.4	1359	16.7	15.5	1.2	0.0	-15.5	0.0	
0.67578	-1.3	1359	16.8	15.5	1.3	0.0	-15.5	0.0	
0.67969	-1.2	1359	16.8	15.5	1.3	0.0	-15.5	0.0	
0.68359	-1.0	1359	16.8	15.4	1.4	0.0	-15.4	0.0	
0.68750	-1.1	1359	16.8	15.4	1.4	0.0	-15.4	0.0	
0.69141	-1.1	1359	16.8	15.4	1.4	0.0	-15.4	0.0	
0.69531	-1.0	1358	16.9	15.3	1.6	0.0	-15.3	0.0	
0.69922	-1.0	1358	16.9	15.3	1.6	0.0	-15.3	0.0	
0.70312	-1.0	1358	16.9	15.3	1.6	0.0	-15.3	0.0	
0.70703	-0.8	1358	16.9	15.3	1.6	0.0	-15.3	0.0	
0.71094	-0.9	1358	16.8	15.3	1.5	0.0	-15.3	0.0	
0.71484	-1.0	1358	16.8	15.2	1.6	0.0	-15.2	0.0	
0.71875	-1.0	1358	16.8	15.2	1.6	0.0	-15.2	0.0	
0.72266	-0.9	1358	16.8	15.1	1.7	0.0	-15.1	0.0	
0.72656	-0.9	1358	16.8	15.1	1.7	0.0	-15.1	0.0	
0.73047	-1.0	1358	16.8	15.1	1.7	0.0	-15.1	0.0	
0.73438	-0.8	1358	16.9	15.1	1.8	0.0	-15.1	0.0	
0.73828	-0.9	1358	16.8	15.1	1.7	0.0	-15.1	0.0	
0.74219	-1.1	1358	16.8	15.0	1.8	0.0	-15.0	0.0	
0.74609	-1.0	1358	16.8	15.1	1.7	0.0	-15.1	0.0	
0.75000	-0.9	1358	16.8	15.1	1.7	0.0	-15.1	0.0	
0.75391	-1.0	1358	16.8	15.0	1.8	0.0	-15.0	0.0	
0.75781	-0.9	1357	16.8	15.0	1.8	0.0	-15.0	0.0	
0.76172	-1.0	1357	16.8	15.0	1.8	0.0	-15.0	0.0	
0.76562	-1.0	1357	16.7	15.0	1.7	0.0	-15.0	0.0	
0.76953	-0.9	1357	16.7	15.0	1.7	0.0	-15.0	0.0	
0.77344	-1.0	1357	16.7	15.1	1.6	0.0	-15.1	0.0	
0.77734	-1.0	1357	16.8	15.1	1.7	0.0	-15.1	0.0	
0.78125	-0.9	1357	16.8	15.0	1.8	0.0	-15.0	0.0	
0.78516	-1.0	1357	16.8	15.0	1.8	0.0	-15.0	0.0	
0.78906	-1.1	1357	16.8	15.1	1.7	0.0	-15.1	0.0	
0.79297	-1.2	1357	16.8	15.1	1.7	0.0	-15.1	0.0	
0.79688	-1.0	1357	16.8	15.1	1.7	0.0	-15.1	0.0	
0.80078	-0.9	1357	16.8	15.1	1.7	0.0	-15.1	0.0	
0.80469	-1.1	1357	16.8	15.2	1.6	0.0	-15.2	0.0	
0.80859	-1.0	1357	16.8	15.2	1.6	0.0	-15.2	0.0	
0.81250	-0.9	1357	16.8	15.2	1.6	0.0	-15.2	0.0	
0.81641	-1.0	1357	16.8	15.3	1.5	0.0	-15.3	0.0	
0.82031	-0.9	1356	16.8	15.3	1.5	0.0	-15.3	0.0	
0.82422	-0.9	1356	16.8	15.3	1.5	0.0	-15.3	0.0	
0.82812	-1.0	1356	16.8	15.3	1.5	0.0	-15.3	0.0	
0.83203	-0.8	1356	16.8	15.3	1.5	0.0	-15.3	0.0	
0.83594	-0.8	1356	16.8	15.3	1.5	0.0	-15.3	0.0	
0.83984	-1.0	1356	16.7	15.3	1.4	0.0	-15.3	0.0	
0.84375	-0.8	1356	16.7	15.3	1.4	0.0	-15.3	0.0	
0.84766	-0.7	1356	16.8	15.3	1.5	0.0	-15.3	0.0	
0.85156	-0.9	1356	16.7	15.3	1.4	0.0	-15.3	0.0	
0.85547	-0.7	1356	16.7	15.3	1.4	0.0	-15.3	0.0	
0.85938	-0.7	1356	16.7	15.3	1.4	0.0	-15.3	0.0	
0.86328	-0.9	1356	16.6	15.4	1.2	0.0	-15.4	0.0	
0.86719	-1.0	1356	16.6	15.3	1.3	0.0	-15.3	0.0	
0.87109	-0.9	1356	16.6	15.3	1.3	0.0	-15.3	0.0	
0.87500	-0.9	1356	16.6	15.4	1.2	0.0	-15.4	0.0	
0.87891	-1.0	1356	16.6	15.4	1.2	0.0	-15.4	0.0	
0.88281	-1.0	1356	16.7	15.4	1.3	0.0	-15.4	0.0	
0.88672	-1.0	1355	16.6	15.4	1.2	0.0	-15.4	0.0	
0.89062	-1.0	1355	16.6	15.5	1.1	0.0	-15.5	0.0	
0.89453	-1.0	1355	16.6	15.5	1.1	0.0	-15.5	0.0	
0.89844	-0.9	1355	16.7	15.5	1.2	0.0	-15.5	0.0	
0.90234	-1.0	1355	16.7	15.5	1.2	0.0	-15.5	0.0	
0.90625	-0.9	1355	16.7	15.6	1.1	0.0	-15.6	0.0	
0.91016	-0.9	1355	16.7	15.6	1.1	0.0	-15.6	0.0	
0.91406	-1.1	1355	16.7	15.6	1.1	0.0	-15.6	0.0	
0.91797	-1.1	1355	16.7	15.6	1.1	0.0	-15.6	0.0	
0.92188	-0.9	1355	16.7	15.7	1.0	0.0	-15.7	0.0	
0.92578	-0.9	1355	16.7	15.7	1.0	0.0	-15.7	0.0	
0.92969	-0.9	1355	16.7	15.6	1.1	0.0	-15.6	0.0	
0.93359	-0.9	1355	16.7	15.7	1.0	0.0	-15.7	0.0	
0.93750	-0.9	1355	16.7	15.7	1.0	0.0	-15.7	0.0	
0.94141	-1.0	1355	16.7	15.7	1.0	0.0	-15.7	0.0	
0.94531	-1.0	1355	16.7	15.7	1.0	0.0	-15.7	0.0	
0.94922	-1.0	1354	16.7	15.8	0.9	0.0	-15.8	0.0	
0.95312	-0.9	1354	16.7	15.8	0.9	0.0	-15.8	0.0	
0.95703	-0.9	1354	16.7	15.8	0.9	0.0	-15.8	0.0	
0.96094	-0.9	1354	16.7	15.8	0.9	0.0	-15.8	0.0	
0.96484	-0.9	1354	16.7	15.8	0.9	0.0	-15.8	0.0	
0.96875	-1.0	1354	16.7	15.8	0.9	0.0	-15.8	0.0	
0.97266	-0.9	1354	16.7	15.8	0.9	0.0	-15.8	0.0	
0.97656	-1.0	1354	16.7	15.9	0.8	0.0	-15.9	0.0	
0.98047	-1.1	1354	16.7	15.9	0.8	0.0	-15.9	0.0	
0.98438	-1.0	1354	16.7	15.9	0.8	0.0	-15.9	0.0	
0.98828	-1.1	1354	16.6	15.9	0.7	0.0	-15.9	0.0	
0.99219	-1.1	1354	16.7	15.9	0.8	0.0	-15.9	0.0	
0.99609	-1.0	1354	16.7	16.0	0.7	0.0	-16.0	0.0	
1.00000	-1.0	1354	16.7	16.0	0.7	0.0	-16.0	0.0	
1.00391	-0.9	1354	16.7	16.0	0.7	0.0	-16.0	0.0	
1.00781	-0.8	1354	16.7	16.0	0.7	0.0	-16.0	0.0	
1.01172	-0.9	1353	16.7	16.1	0.6	0.0	-16.1	0.0	
1.01562	-1.0	1353	16.7	16.1	0.6	0.0	-16.1	0.0	
1.01953	-1.0	1353	16.7	16.1	0.6	0.0	-16.1	0.0	
1.02344	-1.0	1353	16.8	16.2	0.6	0.0	-16.2	0.0	
1.02734	-0.9	1353	16.8	16.2	0.6	0.0	-16.2	0.0	
1.03125	-0.9	1353	16.7	16.2	0.5	0.0	-16.2	0.0	
1.03516	-1.0	1353	16.7	16.2	0.5	0.0	-16.2	0.0	
1.03906	-1.0	1353	16.7	16.3	0.4	0.0	-16.3	0.0	
1.04297	-0.9	1353	16.7	16.3	0.4	0.0	-16.3	0.0	
1.04688	-0.8	1353	16.7	16.3	0.4	0.0	-16.3	0.0	
1.05078	-0.8	1353	16.7	16.4	0.3	0.0	-16.4	0.0	
1.05469	-0.9	1353	16.7	16.3	0.4	0.0	-16.3	0.0	
1.05859	-0.9	1353	16.7	16.3	0.4	0.0	-16.3	0.0	
1.06250	-1.0	1353	16.7	16.4	0.3	0.0	-16.4	0.0	
1.06641	-1.0	1353	16.7	16.4	0.3	0.0	-16.4	0.0	
1.07031	-0.9	1353	16.7	16.4	0.3	0.0	-16.4	0.0	
1.07422	-0.9	1353	16.7	16.5	0.2	0.0	-16.5	0.0	
1.07812	-1.0	1352	16.7	16.5	0.2	0.0	-16.5	0.0	
1.08203	-0.9	1352	16.7	16.4	0.3	0.0	-16.4	0.0	
1.08594	-0.9	1352	16.7	16.4	0.3	0.0	-16.4	0.0	
1.08984	-1.0	1352	16.6	16.5	0.1	0.0	-16.5	0.0	
1.09375	-0.9	1352	16.7	16.5	0.2	0.0	-16.5	0.0	
1.09766	-0.9	1352	16.7	16.5	0.2	0.0	-16.5	0.0	
1.10156	-1.1	1352	16.6	16.5	0.1	0.0	-16.5	0.0	
1.10547	-0.9	1352	16.7	16.5	0.2	0.0	-16.5	0.0	
1.10938	-0.9	1352	16.7	16.6	0.1	0.0	-16.6	0.0	
1.11328	-1.0	1352	16.7	16.6	0.1	0.0	-16.6	0.0	
1.11719	-1.0	1352	16.7	16.6	0.1	0.0	-16.6	0.0	
1.12109	-1.0	1352	16.7	16.6	0.1	0.0	-16.6	0.0	
1.12500	-1.0	1352	16.7	16.6	0.1	0.0	-16.6	0.0	
1.12891	-1.2	1352	16.7	16.6	0.1	0.0	-16.6	0.0	
1.13281	-1.0	1352	16.7	16.6	0.1	0.0	-16.6	0.0	
1.13672	-0.9	1351	16.8	16.6	0.2	0.0	-16.6	0.0	
1.14062	-1.1	1351	16.8	16.6	0.2	0.0	-16.6	0.0	
1.14453	-1.0	1351	16.8	16.6	0.2	0.0	-16.6	0.0	
1.14844	-0.9	1351	16.8	16.6	0.2	0.0	-16.6	0.0	
1.15234	-1.1	1351	16.8	16.6	0.2	0.0	-16.6	0.0	
1.15625	-1.0	1351	16.8	16.7	0.1	0.0	-16.7	0.0	
1.16016	-1.0	1351	16.9	16.7	0.2	0.0	-16.7	0.0	
1.16406	-1.1	1351	16.8	16.7	0.1	0.0	-16.7	0.0	
1.16797	-1.1	1351	16.8	16.7	0.1	0.0	-16.7	0.0	
1.17188	-1.0	1351	16.9	16.7	0.2	0.0	-16.7	0.0	
1.17578	-1.0	1351	16.9	16.7	0.2	0.0	-16.7	0.0	
1.17969	-0.9	1351	16.9	16.7	0.2	0.0	-16.7	0.0	
1.18359	-0.9	1351	17.0	16.7	0.3	0.0	-16.7	0.0	
1.18750	-1.1	1351	16.9	16.7	0.2	0.0	-16.7	0.0	
1.19141	-1.0	1351	16.9	16.7	0.2	0.0	-16.7	0.0	
1.19531	-0.9	1351	17.0	16.7	0.3	0.0	-16.7	0.0	
1.19922	-1.0	1350	16.9	16.8	0.1	0.0	-16.8	0.0	
1.20312	-0.9	1350	17.0	16.7	0.3	0.0	-16.7	0.0	
1.20703	-0.9	1350	17.0	16.7	0.3	0.0	-16.7	0.0	
1.21094	-1.0	1350	16.9	16.8	0.1	0.0	-16.8	0.0	
1.21484	-1.0	1350	17.0	16.8	0.2	0.0	-16.8	0.0	
1.21875	-0.9	1350	17.0	16.8	0.2	0.0	-16.8	0.0	
1.22266	-0.9	1350	17.0	16.8	0.2	0.0	-16.8	0.0	
1.22656	-0.8	1350	16.9	16.8	0.1	0.0	-16.8	0.0	
1.23047	-1.0	1350	16.9	16.8	0.1	0.0	-16.8	0.0	
1.23438	-1.1	1350	17.0	16.8	0.2	0.0	-16.8	0.0	
1.23828	-1.0	1350	16.9	16.8	0.1	0.0	-16.8	0.0	
1.24219	-0.9	1350	16.9	16.9	0.0	0.0	-16.9	0.0	
1.24609	-0.9	1350	16.9	16.8	0.1	0.0	-16.8	0.0	
1.25000	-0.9	1350	16.8	16.8	0.0	0.0	-16.8	0.0	
1.25391	-1.0	1350	16.8	16.9	-0.1	0.0	-16.9	0.0	
1.25781	-0.9	1350	16.9	16.9	0.0	0.0	-16.9	0.0	
1.26172	-0.8	1349	16.8	16.9	-0.1	0.0	-16.9	0.0	
1.26562	-1.0	1349	16.9	16.9	0.0	0.0	-16.9	0.0	
1.26953	-1.1	1349	16.9	17.0	-0.1	0.0	-17.0	0.0	
1.27344	-0.9	1349	16.8	17.0	-0.2	0.0	-17.0	0.0	
1.27734	-1.1	1349	16.8	17.0	-0.2	0.0	-17.0	0.0	
1.28125	-1.1	1349	16.9	17.0	-0.1	0.0	-17.0	0.0	
1.28516	-1.0	1349	16.9	17.1	-0.2	0.0	-17.1	0.0	
1.28906	-1.2	1349	16.9	17.1	-0.2	0.0	-17.1	0.0	
1.29297	-1.2	1349	17.0	17.1	-0.1	0.0	-17.1	0.0	
1.29688	-1.0	1349	17.0	17.1	-0.1	0.0	-17.1	0.0	
1.30078	-1.1	1349	17.0	17.1	-0.1	0.0	-17.1	0.0	
1.30469	-1.1	1349	17.0	17.1	-0.1	0.0	-17.1	0.0	
1.30859	-0.8	1349	17.0	17.2	-0.2	0.0	-17.2	0.0	
1.31250	-0.9	1349	17.0	17.1	-0.1	0.0	-17.1	0.0	
1.31641	-1.0	1349	17.0	17.1	-0.1	0.0	-17.1	0.0	
1.32031	-0.7	1348	16.9	17.1	-0.2	0.0	-17.1	0.0	
1.32422	-0.8	1348	16.8	17.1	-0.3	0.0	-17.1	0.0	
1.32812	-0.7	1348	16.8	17.0	-0.2	0.0	-17.0	0.0	
1.33203	-0.4	1348	16.7	17.0	-0.3	0.0	-17.0	0.0	
1.33594	-0.4	1348	16.7	16.9	-0.2	0.0	-16.9	0.0	
1.33984	-0.2	1348	16.6	16.9	-0.3	0.0	-16.9	0.0	
1.34375	-0.1	1348	16.5	16.8	-0.3	0.0	-16.8	0.0	
1.34766	-0.3	1348	16.5	16.7	-0.2	0.0	-16.7	0.0	
1.35156	-0.4	1348	16.4	16.7	-0.3	0.0	-16.7	0.0	
1.35547	-0.3	1348	16.3	16.6	-0.3	0.0	-16.6	0.0	
1.35938	-0.4	1348	16.3	16.5	-0.2	0.0	-16.5	0.0	
1.36328	-0.6	1348	16.3	16.4	-0.1	0.0	-16.4	0.0	
1.36719	-0.8	1348	16.3	16.4	-0.1	0.0	-16.4	0.0	
1.37109	-0.9	1348	16.3	16.3	0.0	0.0	-16.3	0.0	
1.37500	-1.0	1348	16.3	16.2	0.1	0.0	-16.2	0.0	
1.37891	-1.2	1348	16.3	16.1	0.2	0.0	-16.1	0.0	
1.38281	-1.1	1348	16.3	16.0	0.3	0.0	-16.0	0.0	
1.38672	-1.0	1348	16.4	15.9	0.5	0.0	-15.9	0.0	
1.39062	-1.1	1348	16.4	15.9	0.5	0.0	-15.9	0.0	
1.39453	-1.2	1348	16.4	15.9	0.5	0.0	-15.9	0.0	
1.39844	-1.3	1348	16.5	15.8	0.7	0.0	-15.8	0.0	
1.40234	-1.4	1347	16.5	15.7	0.8	0.0	-15.7	0.0	
1.40625	-1.5	1347	16.6	15.6	1.0	0.0	-15.6	0.0	
1.41016	-1.4	1347	16.7	15.6	1.1	0.0	-15.6	0.0	
1.41406	-1.3	1347	16.7	15.6	1.1	0.0	-15.6	0.0	
1.41797	-1.2	1347	16.7	15.5	1.2	0.0	-15.5	0.0	
1.42188	-1.2	1347	16.8	15.5	1.3	0.0	-15.5	0.0	
1.42578	-1.1	1347	16.8	15.4	1.4	0.0	-15.4	0.0	
1.42969	-1.1	1347	16.8	15.4	1.4	0.0	-15.4	0.0	
1.43359	-1.0	1347	16.8	15.4	1.4	0.0	-15.4	0.0	
1.43750	-1.0	1347	16.8	15.3	1.5	0.0	-15.3	0.0	
1.44141	-1.0	1347	16.8	15.3	1.5	0.0	-15.3	0.0	
1.44531	-0.8	1347	16.8	15.3	1.5	0.0	-15.3	0.0	
1.44922	-1.0	1347	16.8	15.3	1.5	0.0	-15.3	0.0	
1.45312	-1.1	1347	16.8	15.2	1.6	0.0	-15.2	0.0	
1.45703	-0.9	1346	16.8	15.2	1.6	0.0	-15.2	0.0	
1.46094	-0.9	1346	16.8	15.2	1.6	0.0	-15.2	0.0	
1.46484	-0.8	1346	16.8	15.2	1.6	0.0	-15.2	0.0	
1.46875	-0.8	1346	16.8	15.1	1.7	0.0	-15.1	0.0	
1.47266	-1.0	1346	16.8	15.2	1.6	0.0	-15.2	0.0	
1.47656	-1.1	1346	16.8	15.1	1.7	0.0	-15.1	0.0	
1.48047	-1.0	1346	16.8	15.1	1.7	0.0	-15.1	0.0	
1.48438	-0.9	1346	16.8	15.1	1.7	0.0	-15.1	0.0	
1.48828	-1.0	1346	16.7	15.1	1.6	0.0	-15.1	0.0	
1.49219	-1.0	1346	16.7	15.1	1.6	0.0	-15.1	0.0	
1.49609	-0.9	1346	16.8	15.1	1.7	0.0	-15.1	0.0	
1.50000	-0.9	1346	16.8	15.1	1.7	0.0	-15.1	0.0	
1.50391	-0.9	1346	16.7	15.0	1.7	0.0	-15.0	0.0	
1.50781	-0.9	1346	16.7	15.0	1.7	0.0	-15.0	0.0	
1.51172	-0.9	1346	16.7	15.1	1.6	0.0	-15.1	0.0	
1.51562	-1.0	1346	16.7	15.1	1.6	0.0	-15.1	0.0	
1.51953	-1.1	1345	16.7	15.1	1.6	0.0	-15.1	0.0	
1.52344	-0.9	1345	16.7	15.1	1.6	0.0	-15.1	0.0	
1.52734	-0.9	1345	16.7	15.0	1.7	0.0	-15.0	0.0	
1.53125	-1.0	1345	16.7	15.1	1.6	0.0	-15.1	0.0	
1.53516	-1.0	1345	16.8	15.1	1.7	0.0	-15.1	0.0	
1.53906	-1.0	1345	16.8	15.2	1.6	0.0	-15.2	0.0	
1.54297	-1.1	1345	16.8	15.2	1.6	0.0	-15.2	0.0	
1.54688	-1.1	1345	16.8	15.2	1.6	0.0	-15.2	0.0	
1.55078	-1.0	1345	16.9	15.2	1.7	0.0	-15.2	0.0	
1.55469	-1.0	1345	16.8	15.2	1.6	0.0	-15.2	0.0	
1.55859	-0.9	1345	16.8	15.3	1.5	0.0	-15.3	0.0	
1.56250	-1.0	1345	16.8	15.3	1.5	0.0	-15.3	0.0	
1.56641	-0.9	1345	16.8	15.3	1.5	0.0	-15.3	0.0	
1.57031	-0.8	1345	16.8	15.3	1.5	0.0	-15.3	0.0	
1.57422	-0.8	1345	16.8	15.4	1.4	0.0	-15.4	0.0	
1.57812	-0.8	1345	16.7	15.3	1.4	0.0	-15.3	0.0	
1.58203	-0.8	1344	16.8	15.3	1.5	0.0	-15.3	0.0	
1.58594	-0.9	1344	16.7	15.3	1.4	0.0	-15.3	0.0	
1.58984	-1.0	1344	16.7	15.3	1.4	0.0	-15.3	0.0	
1.59375	-1.0	1344	16.7	15.4	1.3	0.0	-15.4	0.0	
1.59766	-0.8	1344	16.7	15.4	1.3	0.0	-15.4	0.0	
1.60156	-0.9	1344	16.6	15.4	1.2	0.0	-15.4	0.0	
1.60547	-1.0	1344	16.6	15.4	1.2	0.0	-15.4	0.0	
1.60938	-0.9	1344	16.6	15.4	1.2	0.0	-15.4	0.0	
1.61328	-0.9	1344	16.6	15.4	1.2	0.0	-15.4	0.0	
1.61719	-1.0	1344	16.6	15.4	1.2	0.0	-15.4	0.0	
1.62109	-1.0	1344	16.6	15.5	1.1	0.0	-15.5	0.0	
1.62500	-1.0	1344	16.6	15.5	1.1	0.0	-15.5	0.0	
1.62891	-1.0	1344	16.6	15.5	1.1	0.0	-15.5	0.0	
1.63281	-0.9	1344	16.6	15.5	1.1	0.0	-15.5	0.0	
1.63672	-1.0	1344	16.7	15.5	1.2	0.0	-15.5	0.0	
1.64062	-1.0	1344	16.7	15.6	1.1	0.0	-15.6	0.0	
1.64453	-1.0	1343	16.7	15.5	1.2	0.0	-15.5	0.0	
1.64844	-0.9	1343	16.7	15.6	1.1	0.0	-15.6	0.0	
1.65234	-1.0	1343	16.7	15.6	1.1	0.0	-15.6	0.0	
1.65625	-1.0	1343	16.7	15.6	1.1	0.0	-15.6	0.0	
1.66016	-1.0	1343	16.7	15.6	1.1	0.0	-15.6	0.0	
1.66406	-1.0	1343	16.7	15.6	1.1	0.0	-15.6	0.0	
1.66797	-1.0	1343	16.7	15.6	1.1	0.0	-15.6	0.0	
1.67188	-0.9	1343	16.7	15.7	1.0	0.0	-15.7	0.0	
1.67578	-1.0	1343	16.7	15.7	1.0	0.0	-15.7	0.0	
1.67969	-1.1	1343	16.7	15.7	1.0	0.0	-15.7	0.0	
1.68359	-0.9	1343	16.7	15.8	0.9	0.0	-15.8	0.0	
1.68750	-0.9	1343	16.7	15.8	0.9	0.0	-15.8	0.0	
1.69141	-1.0	1343	16.7	15.8	0.9	0.0	-15.8	0.0	
1.69531	-1.0	1343	16.7	15.8	0.9	0.0	-15.8	0.0	
1.69922	-1.0	1343	16.7	15.8	0.9	0.0	-15.8	0.0	
1.70312	-1.0	1343	16.7	15.8	0.9	0.0	-15.8	0.0	
1.70703	-0.9	1342	16.7	15.9	0.8	0.0	-15.9	0.0	
1.71094	-1.0	1342	16.7	15.9	0.8	0.0	-15.9	0.0	
1.71484	-1.1	1342	16.7	15.9	0.8	0.0	-15.9	0.0	
1.71875	-1.1	1342	16.6	15.9	0.7	0.0	-15.9	0.0	
1.72266	-1.0	1342	16.7	15.9	0.8	0.0	-15.9	0.0	
1.72656	-1.0	1342	16.7	16.0	0.7	0.0	-16.0	0.0	
1.73047	-1.0	1342	16.7	16.0	0.7	0.0	-16.0	0.0	
1.73438	-1.0	1342	16.7	16.0	0.7	0.0	-16.0	0.0	
1.73828	-1.0	1342	16.7	16.0	0.7	0.0	-16.0	0.0	
1.74219	-1.0	1342	16.7	16.0	0.7	0.0	-16.0	0.0	
1.74609	-1.0	1342	16.8	16.1	0.7	0.0	-16.1	0.0	
1.75000	-1.0	1342	16.8	16.1	0.7	0.0	-16.1	0.0	
1.75391	-1.0	1342	16.8	16.1	0.7	0.0	-16.1	0.0	
1.75781	-0.9	1342	16.8	16.2	0.6	0.0	-16.2	0.0	
1.76172	-0.9	1342	16.8	16.1	0.7	0.0	-16.1	0.0	
1.76562	-1.1	1341	16.7	16.1	0.6	0.0	-16.1	0.0	
1.76953	-1.0	1341	16.8	16.2	0.6	0.0	-16.2	0.0	
1.77344	-1.0	1341	16.8	16.3	0.5	0.0	-16.3	0.0	
1.77734	-1.1	1341	16.8	16.2	0.6	0.0	-16.2	0.0	
1.78125	-0.9	1341	16.8	16.2	0.6	0.0	-16.2	0.0	
1.78516	-0.8	1341	16.7	16.3	0.4	0.0	-16.3	0.0	
1.78906	-1.0	1341	16.7	16.3	0.4	0.0	-16.3	0.0	
1.79297	-1.0	1341	16.8	16.3	0.5	0.0	-16.3	0.0	
1.79688	-0.9	1341	16.8	16.3	0.5	0.0	-16.3	0.0	
1.80078	-1.0	1341	16.8	16.4	0.4	0.0	-16.4	0.0	
1.80469	-1.0	1341	16.7	16.4	0.3	0.0	-16.4	0.0	
1.80859	-0.9	1341	16.7	16.4	0.3	0.0	-16.4	0.0	
1.81250	-0.9	1341	16.7	16.4	0.3	0.0	-16.4	0.0	
1.81641	-1.1	1341	16.7	16.4	0.3	0.0	-16.4	0.0	
1.82031	-1.0	1341	16.7	16.5	0.2	0.0	-16.5	0.0	
1.82422	-0.8	1341	16.7	16.5	0.2	0.0	-16.5	0.0	
1.82812	-0.9	1340	16.7	16.5	0.2	0.0	-16.5	0.0	
1.83203	-1.0	1340	16.7	16.6	0.1	0.0	-16.6	0.0	
1.83594	-0.9	1340	16.8	16.5	0.3	0.0	-16.5	0.0	
1.83984	-1.1	1340	16.7	16.5	0.2	0.0	-16.5	0.0	
1.84375	-1.1	1340	16.7	16.6	0.1	0.0	-16.6	0.0	
1.84766	-0.9	1340	16.7	16.6	0.1	0.0	-16.6	0.0	
1.85156	-1.0	1340	16.7	16.6	0.1	0.0	-16.6	0.0	
1.85547	-1.0	1340	16.7	16.6	0.1	0.0	-16.6	0.0	
1.85938	-0.8	1340	16.8	16.6	0.2	0.0	-16.6	0.0	
1.86328	-1.0	1340	16.8	16.7	0.1	0.0	-16.7	0.0	
1.86719	-1.2	1340	16.8	16.7	0.1	0.0	-16.7	0.0	
1.87109	-1.0	1340	16.8	16.6	0.2	0.0	-16.6	0.0	
1.87500	-1.0	1340	16.8	16.7	0.1	0.0	-16.7	0.0	
1.87891	-0.9	1340	16.8	16.7	0.1	0.0	-16.7	0.0	
1.88281	-0.9	1340	16.8	16.7	0.1	0.0	-16.7	0.0	
1.88672	-1.0	1340	16.8	16.7	0.1	0.0	-16.7	0.0	
1.89062	-1.0	1339	16.8	16.7	0.1	0.0	-16.7	0.0	
1.89453	-1.1	1339	16.8	16.7	0.1	0.0	-16.7	0.0	
1.89844	-1.0	1339	16.9	16.7	0.2	0.0	-16.7	0.0	
1.90234	-1.0	1339	16.9	16.7	0.2	0.0	-16.7	0.0	
1.90625	-0.9	1339	16.9	16.8	0.1	0.0	-16.8	0.0	
1.91016	-0.9	1339	16.9	16.8	0.1	0.0	-16.8	0.0	
1.91406	-1.1	1339	16.9	16.7	0.2	0.0	-16.7	0.0	
1.91797	-1.0	1339	16.9	16.7	0.2	0.0	-16.7	0.0	
1.92188	-0.9	1339	17.0	16.8	0.2	0.0	-16.8	0.0	
1.92578	-1.0	1339	17.0	16.8	0.2	0.0	-16.8	0.0	
1.92969	-1.0	1339	17.0	16.8	0.2	0.0	-16.8	0.0	
1.93359	-0.9	1339	17.0	16.8	0.2	0.0	-16.8	0.0	
1.93750	-0.9	1339	17.0	16.8	0.2	0.0	-16.8	0.0	
1.94141	-1.0	1339	17.0	16.8	0.2	0.0	-16.8	0.0	
1.94531	-1.0	1339	17.0	16.8	0.2	0.0	-16.8	0.0	
1.94922	-1.0	1339	17.0	16.8	0.2	0.0	-16.8	0.0	
1.95312	-1.1	1338	17.0	16.8	0.2	0.0	-16.8	0.0	
1.95703	-0.8	1338	17.1	16.8	0.3	0.0	-16.8	0.0	
1.96094	-0.8	1338	17.0	16.9	0.1	0.0	-16.9	0.0	
1.96484	-1.0	1338	17.0	16.9	0.1	0.0	-16.9	0.0	
1.96875	-0.9	1338	17.0	16.8	0.2	0.0	-16.8	0.0	
1.97266	-0.9	1338	17.0	16.9	0.1	0.0	-16.9	0.0	
1.97656	-1.0	1338	17.0	16.9	0.1	0.0	-16.9	0.0	
1.98047	-0.9	1338	16.9	16.9	0.0	0.0	-16.9	0.0	
1.98438	-0.7	1338	16.9	16.9	0.0	0.0	-16.9	0.0	
1.98828	-0.8	1338	16.9	17.0	-0.1	0.0	-17.0	0.0	
1.99219	-0.9	1338	16.9	17.0	-0.1	0.0	-17.0	0.0	
1.99609	-0.8	1338	16.9	17.0	-0.1	0.0	-17.0	0.0	
2.00000	-0.9	1338	16.9	17.0	-0.1	0.0	-17.0	0.0	
2.00391	-1.2	1338	16.8	16.9	-0.1	0.0	-16.9	0.0	
2.00781	-1.0	1338	16.9	17.0	-0.1	0.0	-17.0	0.0	
2.01172	-1.0	1338	16.9	17.1	-0.2	0.0	-17.1	0.0	
2.01562	-1.2	1337	16.9	17.1	-0.2	0.0	-17.1	0.0	
2.01953	-1.0	1337	16.9	17.1	-0.2	0.0	-17.1	0.0	
2.02344	-1.0	1337	16.9	17.1	-0.2	0.0	-17.1	0.0	
2.02734	-1.1	1337	17.0	17.1	-0.1	0.0	-17.1	0.0	
2.03125	-1.1	1337	17.0	17.2	-0.2	0.0	-17.2	0.0	
2.03516	-1.1	1337	17.0	17.2	-0.2	0.0	-17.2	0.0	
2.03906	-1.1	1337	17.0	17.2	-0.2	0.0	-17.2	0.0	
2.04297	-1.1	1337	17.0	17.2	-0.2	0.0	-17.2	0.0	
2.04688	-1.0	1337	17.0	17.2	-0.2	0.0	-17.2	0.0	
2.05078	-0.9	1337	17.0	17.3	-0.3	0.0	-17.3	0.0	
2.05469	-0.9	1337	17.0	17.2	-0.2	0.0	-17.2	0.0	
2.05859	-0.8	1337	17.1	17.2	-0.1	0.0	-17.2	0.0	
2.06250	-0.8	1337	17.0	17.2	-0.2	0.0	-17.2	0.0	
2.06641	-0.9	1337	16.9	17.2	-0.3	0.0	-17.2	0.0	
2.07031	-0.7	1337	16.9	17.2	-0.3	0.0	-17.2	0.0	
2.07422	-0.4	1337	16.8	17.1	-0.3	0.0	-17.1	0.0	
2.07812	-0.5	1337	16.7	17.0	-0.3	0.0	-17.0	0.0	
2.08203	-0.3	1337	16.7	16.9	-0.2	0.0	-16.9	0.0	
2.08594	-0.1	1337	16.6	16.9	-0.3	0.0	-16.9	0.0	
2.08984	-0.2	1336	16.5	16.8	-0.3	0.0	-16.8	0.0	
2.09375	-0.2	1336	16.5	16.7	-0.2	0.0	-16.7	0.0	
2.09766	-0.2	1336	16.4	16.7	-0.3	0.0	-16.7	0.0	
2.10156	-0.4	1336	16.3	16.7	-0.4	0.0	-16.7	0.0	
2.10547	-0.6	1336	16.4	16.5	-0.1	0.0	-16.5	0.0	
2.10938	-0.8	1336	16.4	16.5	-0.1	0.0	-16.5	0.0	
2.11328	-0.9	1336	16.3	16.4	-0.1	0.0	-16.4	0.0	
2.11719	-1.0	1336	16.3	16.3	0.0	0.0	-16.3	0.0	
2.12109	-1.1	1336	16.3	16.3	0.0	0.0	-16.3	0.0	
2.12500	-1.2	1336	16.4	16.2	0.2	0.0	-16.2	0.0	
2.12891	-1.2	1336	16.4	16.1	0.3	0.0	-16.1	0.0	
2.13281	-1.1	1336	16.5	16.0	0.5	0.0	-16.0	0.0	
2.13672	-1.2	1336	16.5	15.9	0.6	0.0	-15.9	0.0	
2.14062	-1.4	1336	16.5	15.9	0.6	0.0	-15.9	0.0	
2.14453	-1.4	1336	16.6	15.8	0.8	0.0	-15.8	0.0	
2.14844	-1.5	1336	16.6	15.8	0.8	0.0	-15.8	0.0	
2.15234	-1.5	1335	16.6	15.7	0.9	0.0	-15.7	0.0	
2.15625	-1.3	1335	16.7	15.6	1.1	0.0	-15.6	0.0	
2.16016	-1.2	1335	16.8	15.6	1.2	0.0	-15.6	0.0	
2.16406	-1.1	1335	16.8	15.6	1.2	0.0	-15.6	0.0	
2.16797	-1.1	1335	16.8	15.5	1.3	0.0	-15.5	0.0	
2.17188	-1.0	1335	16.9	15.5	1.4	0.0	-15.5	0.0	
2.17578	-0.9	1335	16.9	15.4	1.5	0.0	-15.4	0.0	
2.17969	-1.0	1335	16.9	15.5	1.4	0.0	-15.5	0.0	
2.18359	-1.0	1335	16.9	15.5	1.4	0.0	-15.5	0.0	
2.18750	-0.9	1335	16.9	15.4	1.5	0.0	-15.4	0.0	
2.19141	-1.0	1335	16.9	15.3	1.6	0.0	-15.3	0.0	
2.19531	-0.9	1335	16.9	15.3	1.6	0.0	-15.3	0.0	
2.19922	-0.9	1335	16.9	15.3	1.6	0.0	-15.3	0.0	
2.20312	-0.9	1335	16.9	15.3	1.6	0.0	-15.3	0.0	
2.20703	-1.0	1335	16.9	15.3	1.6	0.0	-15.3	0.0	
2.21094	-1.0	1334	16.9	15.3	1.6	0.0	-15.3	0.0	
2.21484	-1.0	1334	16.8	15.2	1.6	0.0	-15.2	0.0	
2.21875	-1.0	1334	16.8	15.2	1.6	0.0	-15.2	0.0	
2.22266	-1.0	1334	16.9	15.2	1.7	0.0	-15.2	0.0	
2.22656	-0.9	1334	16.9	15.2	1.7	0.0	-15.2	0.0	
2.23047	-1.0	1334	16.9	15.2	1.7	0.0	-15.2	0.0	
2.23438	-1.0	1334	16.8	15.2	1.6	0.0	-15.2	0.0	
2.23828	-0.9	1334	16.8	15.2	1.6	0.0	-15.2	0.0	
2.24219	-0.9	1334	16.8	15.2	1.6	0.0	-15.2	0.0	
2.24609	-0.9	1334	16.8	15.1	1.7	0.0	-15.1	0.0	
2.25000	-1.0	1334	16.8	15.1	1.7	0.0	-15.1	0.0	
2.25391	-1.0	1334	16.8	15.1	1.7	0.0	-15.1	0.0	
2.25781	-0.9	1334	16.8	15.2	1.6	0.0	-15.2	0.0	
2.26172	-1.0	1334	16.8	15.2	1.6	0.0	-15.2	0.0	
2.26562	-1.0	1334	16.8	15.1	1.7	0.0	-15.1	0.0	
2.26953	-0.9	1334	16.8	15.2	1.6	0.0	-15.2	0.0	
2.27344	-1.1	1333	16.8	15.2	1.6	0.0	-15.2	0.0	
2.27734	-1.1	1333	16.9	15.2	1.7	0.0	-15.2	0.0	
2.28125	-0.9	1333	16.9	15.2	1.7	0.0	-15.2	0.0	
2.28516	-0.9	1333	16.8	15.3	1.5	0.0	-15.3	0.0	
2.28906	-1.1	1333	16.8	15.3	1.5	0.0	-15.3	0.0	
2.29297	-1.1	1333	16.8	15.3	1.5	0.0	-15.3	0.0	
2.29688	-1.0	1333	16.9	15.3	1.6	0.0	-15.3	0.0	
2.30078	-0.9	1333	16.9	15.3	1.6	0.0	-15.3	0.0	
2.30469	-0.9	1333	16.9	15.4	1.5	0.0	-15.4	0.0	
2.30859	-0.9	1333	16.9	15.4	1.5	0.0	-15.4	0.0	
2.31250	-0.9	1333	16.8	15.4	1.4	0.0	-15.4	0.0	
2.31641	-0.9	1333	16.8	15.5	1.3	0.0	-15.5	0.0	
2.32031	-0.9	1333	16.8	15.4	1.4	0.0	-15.4	0.0	
2.32422	-0.9	1333	16.8	15.5	1.3	0.0	-15.5	0.0	
2.32812	-0.9	1333	16.8	15.5	1.3	0.0	-15.5	0.0	
2.33203	-1.0	1333	16.7	15.5	1.2	0.0	-15.5	0.0	
2.33594	-1.0	1332	16.8	15.5	1.3	0.0	-15.5	0.0	
2.33984	-0.9	1332	16.7	15.5	1.2	0.0	-15.5	0.0	
2.34375	-0.8	1332	16.8	15.5	1.3	0.0	-15.5	0.0	
2.34766	-0.8	1332	16.7	15.5	1.2	0.0	-15.5	0.0	
2.35156	-0.9	1332	16.7	15.5	1.2	0.0	-15.5	0.0	
2.35547	-0.8	1332	16.7	15.5	1.2	0.0	-15.5	0.0	
2.35938	-0.8	1332	16.7	15.6	1.1	0.0	-15.6	0.0	
2.36328	-1.1	1332	16.6	15.5	1.1	0.0	-15.5	0.0	
2.36719	-1.1	1332	16.7	15.5	1.2	0.0	-15.5	0.0	
2.37109	-1.0	1332	16.7	15.6	1.1	0.0	-15.6	0.0	
2.37500	-1.0	1332	16.7	15.6	1.1	0.0	-15.6	0.0	
2.37891	-1.0	1332	16.7	15.6	1.1	0.0	-15.6	0.0	
2.38281	-0.9	1332	16.8	15.6	1.2	0.0	-15.6	0.0	
2.38672	-1.0	1332	16.7	15.6	1.1	0.0	-15.6	0.0	
2.39062	-1.1	1332	16.7	15.6	1.1	0.0	-15.6	0.0	
2.39453	-0.9	1332	16.7	15.7	1.0	0.0	-15.7	0.0	
2.39844	-0.9	1332	16.8	15.7	1.1	0.0	-15.7	0.0	
2.40234	-1.0	1331	16.7	15.7	1.0	0.0	-15.7	0.0	
2.40625	-1.0	1331	16.7	15.8	0.9	0.0	-15.8	0.0	
2.41016	-0.9	1331	16.8	15.8	1.0	0.0	-15.8	0.0	
2.41406	-0.9	1331	16.8	15.8	1.0	0.0	-15.8	0.0	
2.41797	-1.0	1331	16.8	15.8	1.0	0.0	-15.8	0.0	
2.42188	-0.8	1331	16.8	15.8	1.0	0.0	-15.8	0.0	
2.42578	-0.8	1331	16.8	15.8	1.0	0.0	-15.8	0.0	
2.42969	-1.0	1331	16.8	15.9	0.9	0.0	-15.9	0.0	
2.43359	-0.9	1331	16.8	15.9	0.9	0.0	-15.9	0.0	
2.43750	-0.9	1331	16.7	15.9	0.8	0.0	-15.9	0.0	
2.44141	-1.1	1331	16.7	15.8	0.9	0.0	-15.8	0.0	
2.44531	-0.9	1331	16.7	15.9	0.8	0.0	-15.9	0.0	
2.44922	-1.0	1331	16.8	16.0	0.8	0.0	-16.0	0.0	
2.45312	-1.1	1331	16.8	16.0	0.8	0.0	-16.0	0.0	
2.45703	-0.9	1331	16.8	16.0	0.8	0.0	-16.0	0.0	
2.46094	-0.8	1331	16.8	16.0	0.8	0.0	-16.0	0.0	
2.46484	-0.9	1330	16.7	16.0	0.7	0.0	-16.0	0.0	
2.46875	-1.0	1330	16.8	16.0	0.8	0.0	-16.0	0.0	
2.47266	-1.1	1330	16.8	16.0	0.8	0.0	-16.0	0.0	
2.47656	-1.1	1330	16.8	16.1	0.7	0.0	-16.1	0.0	
2.48047	-1.1	1330	16.8	16.1	0.7	0.0	-16.1	0.0	
2.48438	-1.0	1330	16.8	16.1	0.7	0.0	-16.1	0.0	
2.48828	-0.9	1330	16.8	16.1	0.7	0.0	-16.1	0.0	
2.49219	-1.1	1330	16.8	16.2	0.6	0.0	-16.2	0.0	
2.49609	-1.0	1330	16.8	16.2	0.6	0.0	-16.2	0.0	
2.50000	-1.0	1330	16.8	16.2	0.6	0.0	-16.2	0.0	
2.50391	-1.1	1330	16.8	16.2	0.6	0.0	-16.2	0.0	
2.50781	-0.9	1330	16.8	16.2	0.6	0.0	-16.2	0.0	
2.51172	-0.8	1330	16.8	16.3	0.5	0.0	-16.3	0.0	
2.51562	-1.1	1330	16.8	16.3	0.5	0.0	-16.3	0.0	
2.51953	-1.0	1330	16.8	16.3	0.5	0.0	-16.3	0.0	
2.52344	-0.8	1329	16.8	16.3	0.5	0.0	-16.3	0.0	
2.52734	-1.0	1329	16.8	16.4	0.4	0.0	-16.4	0.0	
2.53125	-0.8	1329	16.8	16.4	0.4	0.0	-16.4	0.0	
2.53516	-0.8	1329	16.8	16.4	0.4	0.0	-16.4	0.0	
2.53906	-1.0	1329	16.7	16.4	0.3	0.0	-16.4	0.0	
2.54297	-0.9	1329	16.7	16.5	0.2	0.0	-16.5	0.0	
2.54688	-0.9	1329	16.8	16.5	0.3	0.0	-16.5	0.0	
2.55078	-1.1	1329	16.7	16.5	0.2	0.0	-16.5	0.0	
2.55469	-1.0	1329	16.7	16.5	0.2	0.0	-16.5	0.0	
2.55859	-0.9	1329	16.8	16.6	0.2	0.0	-16.6	0.0	
2.56250	-1.0	1329	16.7	16.6	0.1	0.0	-16.6	0.0	
2.56641	-1.0	1329	16.8	16.6	0.2	0.0	-16.6	0.0	
2.57031	-1.0	1329	16.8	16.6	0.2	0.0	-16.6	0.0	
2.57422	-1.0	1329	16.7	16.6	0.1	0.0	-16.6	0.0	
2.57812	-1.0	1329	16.7	16.6	0.1	0.0	-16.6	0.0	
2.58203	-0.9	1329	16.8	16.7	0.1	0.0	-16.7	0.0	
2.58594	-0.9	1329	16.8	16.7	0.1	0.0	-16.7	0.0	
2.58984	-1.1	1328	16.7	16.7	0.0	0.0	-16.7	0.0	
2.59375	-1.0	1328	16.7	16.7	0.0	0.0	-16.7	0.0	
2.59766	-0.9	1328	16.8	16.7	0.1	0.0	-16.7	0.0	
2.60156	-1.1	1328	16.8	16.7	0.1	0.0	-16.7	0.0	
2.60547	-1.1	1328	16.8	16.7	0.1	0.0	-16.7	0.0	
2.60938	-0.9	1328	16.8	16.7	0.1	0.0	-16.7	0.0	
2.61328	-1.0	1328	16.7	16.7	0.0	0.0	-16.7	0.0	
2.61719	-1.1	1328	16.8	16.8	0.0	0.0	-16.8	0.0	
2.62109	-0.9	1328	16.8	16.8	0.0	0.0	-16.8	0.0	
2.62500	-1.1	1328	16.8	16.8	0.0	0.0	-16.8	0.0	
2.62891	-1.1	1328	16.8	16.8	0.0	0.0	-16.8	0.0	
2.63281	-1.0	1328	16.9	16.8	0.1	0.0	-16.8	0.0	
2.63672	-1.0	1328	16.9	16.8	0.1	0.0	-16.8	0.0	
2.64062	-1.1	1328	16.9	16.8	0.1	0.0	-16.8	0.0	
2.64453	-1.1	1327	16.9	16.8	0.1	0.0	-16.8	0.0	
2.64844	-1.1	1327	17.0	16.8	0.2	0.0	-16.8	0.0	
2.65234	-1.1	1327	16.9	16.8	0.1	0.0	-16.8	0.0	
2.65625	-1.0	1327	17.0	16.8	0.2	0.0	-16.8	0.0	
2.66016	-1.0	1327	17.0	16.9	0.1	0.0	-16.9	0.0	
2.66406	-1.1	1327	17.1	16.9	0.2	0.0	-16.9	0.0	
2.66797	-1.1	1327	17.1	16.9	0.2	0.0	-16.9	0.0	
2.67188	-1.0	1327	17.1	16.9	0.2	0.0	-16.9	0.0	
2.67578	-0.9	1327	17.1	16.9	0.2	0.0	-16.9	0.0	
2.67969	-1.1	1327	17.1	16.9	0.2	0.0	-16.9	0.0	
2.68359	-1.0	1327	17.1	16.9	0.2	0.0	-16.9	0.0	
2.68750	-1.0	1327	17.1	16.9	0.2	0.0	-16.9	0.0	
2.69141	-1.0	1327	17.0	16.9	0.1	0.0	-16.9	0.0	
2.69531	-0.8	1327	17.0	16.9	0.1	0.0	-16.9	0.0	
2.69922	-0.9	1327	17.1	16.9	0.2	0.0	-16.9	0.0	
2.70312	-1.0	1327	17.0	16.9	0.1	0.0	-16.9	0.0	
2.70703	-0.8	1326	17.1	17.0	0.1	0.0	-17.0	0.0	
2.71094	-1.0	1326	17.1	17.0	0.1	0.0	-17.0	0.0	
2.71484	-1.0	1326	17.0	17.0	0.0	0.0	-17.0	0.0	
2.71875	-0.8	1326	17.0	17.0	0.0	0.0	-17.0	0.0	
2.72266	-0.9	1326	17.1	17.0	0.1	0.0	-17.0	0.0	
2.72656	-1.0	1326	17.0	16.9	0.1	0.0	-16.9	0.0	
2.73047	-0.9	1326	17.0	17.0	0.0	0.0	-17.0	0.0	
2.73438	-1.0	1326	17.0	17.1	-0.1	0.0	-17.1	0.0	
2.73828	-1.1	1326	17.0	17.1	-0.1	0.0	-17.1	0.0	
2.74219	-1.1	1326	17.0	17.1	-0.1	0.0	-17.1	0.0	
2.74609	-1.1	1326	17.1	17.1	0.0	0.0	-17.1	0.0	
2.75000	-1.0	1326	17.0	17.1	-0.1	0.0	-17.1	0.0	
2.75391	-1.1	1326	17.0	17.2	-0.2	0.0	-17.2	0.0	
2.75781	-1.1	1326	17.1	17.2	-0.1	0.0	-17.2	0.0	
2.76172	-1.1	1326	17.0	17.2	-0.2	0.0	-17.2	0.0	
2.76562	-1.0	1325	17.1	17.2	-0.1	0.0	-17.2	0.0	
2.76953	-1.0	1325	17.1	17.3	-0.2	0.0	-17.3	0.0	
2.77344	-1.1	1325	17.1	17.3	-0.2	0.0	-17.3	0.0	
2.77734	-1.2	1325	17.2	17.3	-0.1	0.0	-17.3	0.0	
2.78125	-1.1	1325	17.2	17.3	-0.1	0.0	-17.3	0.0	
2.78516	-1.1	1325	17.2	17.4	-0.2	0.0	-17.4	0.0	
2.78906	-1.0	1325	17.2	17.3	-0.1	0.0	-17.3	0.0	
2.79297	-1.0	1325	17.2	17.4	-0.2	0.0	-17.4	0.0	
2.79688	-1.0	1325	17.2	17.4	-0.2	0.0	-17.4	0.0	
2.80078	-0.9	1325	17.2	17.4	-0.2	0.0	-17.4	0.0	
2.80469	-0.8	1325	17.1	17.4	-0.3	0.0	-17.4	0.0	
2.80859	-0.9	1325	17.1	17.4	-0.3	0.0	-17.4	0.0	
2.81250	-0.9	1325	17.0	17.3	-0.3	0.0	-17.3	0.0	
2.81641	-0.8	1325	17.0	17.3	-0.3	0.0	-17.3	0.0	
2.82031	-0.5	1325	17.0	17.2	-0.2	0.0	-17.2	0.0	
2.82422	-0.3	1325	16.9	17.2	-0.3	0.0	-17.2	0.0	
2.82812	-0.3	1325	16.9	17.1	-0.2	0.0	-17.1	0.0	
2.83203	-0.2	1325	16.8	17.0	-0.2	0.0	-17.0	0.0	
2.83594	-0.1	1325	16.7	17.0	-0.3	0.0	-17.0	0.0	
2.83984	-0.4	1325	16.7	16.9	-0.2	0.0	-16.9	0.0	
2.84375	-0.6	1324	16.6	16.8	-0.2	0.0	-16.8	0.0	
2.84766	-0.6	1324	16.6	16.8	-0.2	0.0	-16.8	0.0	
2.85156	-0.7	1324	16.5	16.7	-0.2	0.0	-16.7	0.0	
2.85547	-0.9	1324	16.6	16.6	0.0	0.0	-16.6	0.0	
2.85938	-1.0	1324	16.6	16.6	0.0	0.0	-16.6	0.0	
2.86328	-1.2	1324	16.6	16.5	0.1	0.0	-16.5	0.0	
2.86719	-1.3	1324	16.6	16.4	0.2	0.0	-16.4	0.0	
2.87109	-1.2	1324	16.7	16.4	0.3	0.0	-16.4	0.0	
2.87500	-1.3	1324	16.7	16.3	0.4	0.0	-16.3	0.0	
2.87891	-1.3	1324	16.8	16.2	0.6	0.0	-16.2	0.0	
2.88281	-1.4	1324	16.9	16.2	0.7	0.0	-16.2	0.0	
2.88672	-1.6	1324	16.9	16.1	0.8	0.0	-16.1	0.0	
2.89062	-1.7	1324	16.9	16.1	0.8	0.0	-16.1	0.0	
2.89453	-1.7	1323	17.0	16.0	1.0	0.0	-16.0	0.0	
2.89844	-1.5	1323	17.1	16.0	1.1	0.0	-16.0	0.0	
2.90234	-1.5	1323	17.1	15.9	1.2	0.0	-15.9	0.0	
2.90625	-1.3	1323	17.1	15.9	1.2	0.0	-15.9	0.0	
2.91016	-1.2	1323	17.2	15.9	1.3	0.0	-15.9	0.0	
2.91406	-1.3	1323	17.2	15.8	1.4	0.0	-15.8	0.0	
2.91797	-1.2	1323	17.2	15.8	1.4	0.0	-15.8	0.0	
2.92188	-1.1	1323	17.3	15.8	1.5	0.0	-15.8	0.0	
2.92578	-1.2	1323	17.3	15.8	1.5	0.0	-15.8	0.0	
2.92969	-1.0	1323	17.3	15.7	1.6	0.0	-15.7	0.0	
2.93359	-0.9	1323	17.3	15.8	1.5	0.0	-15.8	0.0	
2.93750	-1.1	1323	17.3	15.7	1.6	0.0	-15.7	0.0	
2.94141	-1.1	1323	17.3	15.7	1.6	0.0	-15.7	0.0	
2.94531	-1.0	1322	17.3	15.7	1.6	0.0	-15.7	0.0	
2.94922	-1.0	1322	17.3	15.7	1.6	0.0	-15.7	0.0	
2.95312	-1.1	1322	17.3	15.7	1.6	0.0	-15.7	0.0	
2.95703	-0.9	1322	17.4	15.7	1.7	0.0	-15.7	0.0	
2.96094	-0.9	1322	17.4	15.6	1.8	0.0	-15.6	0.0	
2.96484	-1.1	1322	17.3	15.6	1.7	0.0	-15.6	0.0	
2.96875	-1.0	1322	17.4	15.6	1.8	0.0	-15.6	0.0	
2.97266	-0.9	1322	17.4	15.6	1.8	0.0	-15.6	0.0	
2.97656	-1.0	1322	17.4	15.7	1.7	0.0	-15.7	0.0	
2.98047	-1.0	1322	17.4	15.6	1.8	0.0	-15.6	0.0	
2.98438	-1.1	1322	17.4	15.6	1.8	0.0	-15.6	0.0	
2.98828	-1.0	1322	17.4	15.6	1.8	0.0	-15.6	0.0	
2.99219	-1.0	1322	17.4	15.6	1.8	0.0	-15.6	0.0	
2.99609	-1.1	1322	17.4	15.6	1.8	0.0	-15.6	0.0	
3.00000	-1.0	1322	17.4	15.6	1.8	0.0	-15.6	0.0	
3.00391	-1.0	1321	17.4	15.6	1.8	0.0	-15.6	0.0	
3.00781	-0.9	1321	17.4	15.7	1.7	0.0	-15.7	0.0	
3.01172	-0.7	1321	17.4	15.7	1.7	0.0	-15.7	0.0	
3.01562	-0.9	1321	17.4	15.7	1.7	0.0	-15.7	0.0	
3.01953	-1.0	1321	17.4	15.7	1.7	0.0	-15.7	0.0	
3.02344	-1.0	1321	17.5	15.7	1.8	0.0	-15.7	0.0	
3.02734	-1.1	1321	17.5	15.8	1.7	0.0	-15.8	0.0	
3.03125	-1.1	1321	17.5	15.8	1.7	0.0	-15.8	0.0	
3.03516	-1.0	1321	17.5	15.9	1.6	0.0	-15.9	0.0	
3.03906	-1.1	1321	17.5	15.9	1.6	0.0	-15.9	0.0	
3.04297	-1.1	1321	17.5	16.0	1.5	0.0	-16.0	0.0	
3.04688	-1.1	1321	17.5	16.0	1.5	0.0	-16.0	0.0	
3.05078	-1.1	1321	17.6	16.0	1.6	0.0	-16.0	0.0	
3.05469	-1.1	1321	17.6	16.1	1.5	0.0	-16.1	0.0	
3.05859	-1.0	1321	17.6	16.1	1.5	0.0	-16.1	0.0	
3.06250	-1.2	1320	17.7	16.0	1.7	0.0	-16.0	0.0	
3.06641	-1.2	1320	17.6	16.1	1.5	0.0	-16.1	0.0	
3.07031	-1.1	1320	17.7	16.1	1.6	0.0	-16.1	0.0	
3.07422	-1.0	1320	17.7	16.1	1.6	0.0	-16.1	0.0	
3.07812	-1.0	1320	17.7	16.1	1.6	0.0	-16.1	0.0	
3.08203	-1.0	1320	17.6	16.2	1.4	0.0	-16.2	0.0	
3.08594	-0.9	1320	17.7	16.2	1.5	0.0	-16.2	0.0	
3.08984	-1.0	1320	17.7	16.2	1.5	0.0	-16.2	0.0	
3.09375	-1.1	1320	17.7	16.2	1.5	0.0	-16.2	0.0	
3.09766	-1.0	1320	17.7	16.3	1.4	0.0	-16.3	0.0	
3.10156	-1.0	1320	17.7	16.3	1.4	0.0	-16.3	0.0	
3.10547	-1.1	1320	17.8	16.3	1.5	0.0	-16.3	0.0	
3.10938	-1.0	1320	17.8	16.4	1.4	0.0	-16.4	0.0	
3.11328	-1.1	1320	17.8	16.4	1.4	0.0	-16.4	0.0	
3.11719	-1.2	1319	17.8	16.5	1.3	0.0	-16.5	0.0	
3.12109	-1.2	1319	17.9	16.5	1.4	0.0	-16.5	0.0	
3.12500	-1.3	1319	17.9	16.5	1.4	0.0	-16.5	0.0	
3.12891	-1.3	1319	17.9	16.6	1.3	0.0	-16.6	0.0	
3.13281	-1.2	1319	18.0	16.6	1.4	0.0	-16.6	0.0	
3.13672	-1.4	1319	18.1	16.7	1.4	0.0	-16.7	0.0	
3.14062	-1.4	1319	18.1	16.7	1.4	0.0	-16.7	0.0	
3.14453	-1.1	1319	18.1	16.7	1.4	0.0	-16.7	0.0	
3.14844	-1.2	1319	18.2	16.8	1.4	0.0	-16.8	0.0	
3.15234	-1.2	1319	18.2	16.8	1.4	0.0	-16.8	0.0	
3.15625	-1.1	1319	18.2	16.8	1.4	0.0	-16.8	0.0	
3.16016	-1.2	1319	18.2	16.9	1.3	0.0	-16.9	0.0	
3.16406	-1.1	1319	18.3	16.9	1.4	0.0	-16.9	0.0	
3.16797	-1.1	1318	18.3	16.9	1.4	0.0	-16.9	0.0	
3.17188	-1.0	1318	18.3	17.0	1.3	0.0	-17.0	0.0	
3.17578	-1.0	1318	18.3	17.0	1.3	0.0	-17.0	0.0	
3.17969	-1.2	1318	18.3	17.0	1.3	0.0	-17.0	0.0	
3.18359	-1.2	1318	18.4	17.1	1.3	0.0	-17.1	0.0	
3.18750	-1.2	1318	18.5	17.1	1.4	0.0	-17.1	0.0	
3.19141	-1.3	1318	18.5	17.1	1.4	0.0	-17.1	0.0	
3.19531	-1.3	1318	18.5	17.2	1.3	0.0	-17.2	0.0	
3.19922	-1.3	1318	18.6	17.3	1.3	0.0	-17.3	0.0	
3.20312	-1.4	1318	18.6	17.3	1.3	0.0	-17.3	0.0	
3.20703	-1.5	1318	18.7	17.4	1.3	0.0	-17.4	0.0	
3.21094	-1.5	1318	18.8	17.4	1.4	0.0	-17.4	0.0	
3.21484	-1.6	1317	18.8	17.5	1.3	0.0	-17.5	0.0	
3.21875	-1.7	1317	18.9	17.5	1.4	0.0	-17.5	0.0	
3.22266	-1.7	1317	19.0	17.5	1.5	0.0	-17.5	0.0	
3.22656	-1.8	1317	19.0	17.6	1.4	0.0	-17.6	0.0	
3.23047	-1.8	1317	19.0	17.7	1.3	0.0	-17.7	0.0	
3.23438	-1.6	1317	19.1	17.7	1.4	0.0	-17.7	0.0	
3.23828	-1.7	1317	19.2	17.8	1.4	0.0	-17.8	0.0	
3.24219	-1.8	1317	19.2	17.8	1.4	0.0	-17.8	0.0	
3.24609	-1.6	1317	19.3	17.8	1.5	0.0	-17.8	0.0	
3.25000	-1.5	1316	19.4	18.0	1.4	0.0	-18.0	0.0	
3.25391	-1.5	1316	19.5	18.0	1.5	0.0	-18.0	0.0	
3.25781	-1.6	1316	19.6	18.1	1.5	0.0	-18.1	0.0	
3.26172	-1.7	1316	19.6	18.2	1.4	0.0	-18.2	0.0	
3.26562	-1.9	1316	19.7	18.2	1.5	0.0	-18.2	0.0	
3.26953	-2.0	1316	19.8	18.3	1.5	0.0	-18.3	0.0	
3.27344	-2.1	1316	19.9	18.3	1.6	0.0	-18.3	0.0	
3.27734	-2.4	1316	20.0	18.4	1.6	0.0	-18.4	0.0	
3.28125	-2.7	1315	20.1	18.5	1.6	0.0	-18.5	0.0	
3.28516	-2.9	1315	20.2	18.6	1.6	0.0	-18.6	0.0	
3.28906	-3.2	1315	20.4	18.7	1.7	0.0	-18.7	0.0	
3.29297	-3.3	1315	20.5	18.8	1.7	0.0	-18.8	0.0	
3.29688	-3.2	1315	20.6	18.9	1.7	0.0	-18.9	0.0	
3.30078	-3.3	1314	20.7	19.0	1.7	0.0	-19.0	0.0	
3.30469	-3.1	1314	20.8	19.0	1.8	0.0	-19.0	0.0	
3.30859	-2.9	1314	20.9	19.1	1.8	0.0	-19.1	0.0	
3.31250	-2.8	1314	21.0	19.2	1.8	0.0	-19.2	0.0	
3.31641	-2.5	1314	21.0	19.3	1.7	0.0	-19.3	0.0	
3.32031	-2.0	1314	21.1	19.3	1.8	0.0	-19.3	0.0	
3.32422	-1.5	1313	21.1	19.4	1.7	0.0	-19.4	0.0	
3.32812	-1.3	1313	21.1	19.5	1.6	0.0	-19.5	0.0	
3.33203	-1.3	1313	21.2	19.6	1.6	0.0	-19.6	0.0	
3.33594	-1.4	1313	21.2	19.7	1.5	0.0	-19.7	0.0	
3.33984	-1.3	1313	21.2	19.7	1.5	0.0	-19.7	0.0	
3.34375	-1.2	1313	21.3	19.8	1.5	0.0	-19.8	0.0	
3.34766	-1.2	1313	21.3	19.8	1.5	0.0	-19.8	0.0	
3.35156	-1.2	1313	21.4	19.9	1.5	0.0	-19.9	0.0	
3.35547	-1.2	1313	21.4	20.0	1.4	0.0	-20.0	0.0	
3.35938	-1.2	1313	21.4	20.1	1.3	0.0	-20.1	0.0	
3.36328	-1.4	1313	21.5	20.1	1.4	0.0	-20.1	0.0	
3.36719	-1.7	1313	21.5	20.2	1.3	0.0	-20.2	0.0	
3.37109	-1.8	1312	21.6	20.3	1.3	0.0	-20.3	0.0	
3.37500	-1.9	1312	21.7	20.3	1.4	0.0	-20.3	0.0	
3.37891	-2.0	1312	21.8	20.4	1.4	0.0	-20.4	0.0	
3.38281	-1.9	1312	21.8	20.5	1.3	0.0	-20.5	0.0	
3.38672	-1.9	1312	21.8	20.5	1.3	0.0	-20.5	0.0	
3.39062	-1.9	1312	21.9	20.6	1.3	0.0	-20.6	0.0	
3.39453	-1.5	1312	22.0	20.7	1.3	0.0	-20.7	0.0	
3.39844	-1.2	1312	22.0	20.7	1.3	0.0	-20.7	0.0	
3.40234	-1.2	1312	22.0	20.8	1.2	0.0	-20.8	0.0	
3.40625	-1.0	1311	22.0	20.8	1.2	0.0	-20.8	0.0	
3.41016	-0.7	1311	22.0	20.8	1.2	0.0	-20.8	0.0	
3.41406	-0.7	1311	21.9	20.9	1.0	0.0	-20.9	0.0	
3.41797	-0.8	1311	21.9	20.9	1.0	0.0	-20.9	0.0	
3.42188	-0.8	1311	21.8	20.9	0.9	0.0	-20.9	0.0	
3.42578	-0.8	1311	21.7	21.0	0.7	0.0	-21.0	0.0	
3.42969	-0.7	1311	21.7	21.0	0.7	0.0	-21.0	0.0	
3.43359	-0.5	1311	21.7	21.0	0.7	0.0	-21.0	0.0	
3.43750	-0.5	1311	21.6	21.1	0.5	0.0	-21.1	0.0	
3.44141	-0.6	1311	21.6	21.1	0.5	0.0	-21.1	0.0	
3.44531	-0.5	1311	21.5	21.1	0.4	0.0	-21.1	0.0	
3.44922	-0.7	1311	21.4	21.1	0.3	0.0	-21.1	0.0	
3.45312	-0.8	1311	21.4	21.1	0.3	0.0	-21.1	0.0	
3.45703	-0.6	1311	21.4	21.2	0.2	0.0	-21.2	0.0	
3.46094	-0.7	1311	21.3	21.2	0.1	0.0	-21.2	0.0	
3.46484	-0.7	1311	21.3	21.2	0.1	0.0	-21.2	0.0	
3.46875	-0.6	1311	21.2	21.3	-0.1	0.0	-21.3	0.0	
3.47266	-0.6	1311	21.2	21.2	0.0	0.0	-21.2	0.0	
3.47656	-0.7	1311	21.1	21.2	-0.1	0.0	-21.2	0.0	
3.48047	-0.5	1311	21.0	21.3	-0.3	0.0	-21.3	0.0	
3.48438	-0.2	1311	21.0	21.3	-0.3	0.0	-21.3	0.0	
3.48828	-0.2	1311	20.9	21.3	-0.4	0.0	-21.3	0.0	
3.49219	-0.1	1311	20.7	21.3	-0.6	0.0	-21.3	0.0	
3.49609	0.1	1311	20.6	21.2	-0.6	0.0	-21.2	0.0	
3.50000	0.1	1311	20.6	21.2	-0.6	0.0	-21.2	0.0	
3.50391	0.0	1311	20.5	21.2	-0.7	0.0	-21.2	0.0	
3.50781	0.2	1311	20.4	21.1	-0.7	0.0	-21.1	0.0	
3.51172	0.1	1311	20.3	21.2	-0.9	0.0	-21.2	0.0	
3.51562	-0.2	1311	20.3	21.2	-0.9	0.0	-21.2	0.0	
3.51953	-0.3	1311	20.2	21.2	-1.0	0.0	-21.2	0.0	
3.52344	-0.3	1311	20.2	21.2	-1.0	0.0	-21.2	0.0	
3.52734	-0.4	1311	20.1	21.2	-1.1	0.0	-21.2	0.0	
3.53125	-0.4	1311	20.0	21.1	-1.1	0.0	-21.1	0.0	
3.53516	-0.4	1310	19.9	21.1	-1.2	0.0	-21.1	0.0	
3.53906	-0.4	1310	19.9	21.1	-1.2	0.0	-21.1	0.0	
3.54297	-0.3	1310	19.8	21.0	-1.2	0.0	-21.0	0.0	
3.54688	-0.1	1310	19.7	21.0	-1.3	0.0	-21.0	0.0	
3.55078	0.1	1310	19.5	20.9	-1.4	0.0	-20.9	0.0	
3.55469	0.4	1310	19.4	20.9	-1.5	0.0	-20.9	0.0	
3.55859	0.8	1311	19.3	20.8	-1.5	0.0	-20.8	0.0	
3.56250	1.1	1311	19.1	20.7	-1.6	0.0	-20.7	0.0	
3.56641	1.2	1311	19.0	20.6	-1.6	0.0	-20.6	0.0	
3.57031	1.6	1311	18.8	20.5	-1.7	0.0	-20.5	0.0	
3.57422	1.7	1311	18.7	20.4	-1.7	0.0	-20.4	0.0	
3.57812	1.7	1311	18.6	20.2	-1.6	0.0	-20.2	0.0	
3.58203	1.9	1311	18.4	20.1	-1.7	0.0	-20.1	0.0	
3.58594	2.0	1311	18.3	20.0	-1.7	0.0	-20.0	0.0	
3.58984	1.6	1311	18.1	19.9	-1.8	0.0	-19.9	0.0	
3.59375	1.4	1311	18.0	19.8	-1.8	0.0	-19.8	0.0	
3.59766	1.4	1312	17.9	19.7	-1.8	0.0	-19.7	0.0	
3.60156	0.9	1312	17.8	19.5	-1.7	0.0	-19.5	0.0	
3.60547	0.6	1312	17.7	19.4	-1.7	0.0	-19.4	0.0	
3.60938	0.5	1312	17.7	19.3	-1.6	0.0	-19.3	0.0	
3.61328	0.0	1312	17.6	19.1	-1.5	0.0	-19.1	0.0	
3.61719	-0.5	1312	17.5	19.0	-1.5	0.0	-19.0	0.0	
3.62109	-0.5	1312	17.6	18.9	-1.3	0.0	-18.9	0.0	
3.62500	-0.7	1312	17.5	18.7	-1.2	0.0	-18.7	0.0	
3.62891	-0.9	1312	17.5	18.6	-1.1	0.0	-18.6	0.0	
3.63281	-0.9	1311	17.5	18.6	-1.1	0.0	-18.6	0.0	
3.63672	-1.0	1311	17.5	18.4	-0.9	0.0	-18.4	0.0	
3.64062	-1.1	1311	17.5	18.3	-0.8	0.0	-18.3	0.0	
3.64453	-0.9	1311	17.5	18.1	-0.6	0.0	-18.1	0.0	
3.64844	-0.8	1311	17.5	18.0	-0.5	0.0	-18.0	0.0	
3.65234	-0.9	1311	17.4	17.9	-0.5	0.0	-17.9	0.0	
3.65625	-0.9	1311	17.4	17.8	-0.4	0.0	-17.8	0.0	
3.66016	-0.9	1311	17.3	17.7	-0.4	0.0	-17.7	0.0	
3.66406	-0.8	1311	17.4	17.7	-0.3	0.0	-17.7	0.0	
3.66797	-1.0	1311	17.3	17.6	-0.3	0.0	-17.6	0.0	
3.67188	-0.9	1311	17.3	17.5	-0.2	0.0	-17.5	0.0	
3.67578	-0.8	1311	17.3	17.4	-0.1	0.0	-17.4	0.0	
3.67969	-0.9	1311	17.2	17.3	-0.1	0.0	-17.3	0.0	
3.68359	-0.7	1311	17.2	17.2	0.0	0.0	-17.2	0.0	
3.68750	-0.8	1311	17.2	17.2	0.0	0.0	-17.2	0.0	
3.69141	-0.8	1311	17.1	17.1	0.0	0.0	-17.1	0.0	
3.69531	-0.6	1311	17.1	17.0	0.1	0.0	-17.0	0.0	
3.69922	-0.7	1311	17.1	16.9	0.2	0.0	-16.9	0.0	
3.70312	-0.6	1310	17.1	16.9	0.2	0.0	-16.9	0.0	
3.70703	-0.6	1310	17.0	16.8	0.2	0.0	-16.8	0.0	
3.71094	-0.8	1310	17.0	16.8	0.2	0.0	-16.8	0.0	
3.71484	-0.8	1310	17.0	16.7	0.3	0.0	-16.7	0.0	
3.71875	-0.8	1310	16.9	16.7	0.2	0.0	-16.7	0.0	
3.72266	-0.8	1310	16.9	16.6	0.3	0.0	-16.6	0.0	
3.72656	-0.9	1310	16.9	16.6	0.3	0.0	-16.6	0.0	
3.73047	-0.9	1310	16.9	16.5	0.4	0.0	-16.5	0.0	
3.73438	-0.8	1310	16.9	16.5	0.4	0.0	-16.5	0.0	
3.73828	-1.0	1310	16.9	16.4	0.5	0.0	-16.4	0.0	
3.74219	-1.1	1310	16.9	16.4	0.5	0.0	-16.4	0.0	
3.74609	-1.0	1310	16.8	16.4	0.4	0.0	-16.4	0.0	
3.75000	-1.0	1310	16.8	16.3	0.5	0.0	-16.3	0.0	
3.75391	-1.0	1310	16.8	16.3	0.5	0.0	-16.3	0.0	
3.75781	-0.9	1310	16.9	16.3	0.6	0.0	-16.3	0.0	
3.76172	-1.0	1310	16.9	16.3	0.6	0.0	-16.3	0.0	
3.76562	-1.1	1310	16.9	16.3	0.6	0.0	-16.3	0.0	
3.76953	-1.0	1309	16.9	16.2	0.7	0.0	-16.2	0.0	
3.77344	-0.9	1309	16.9	16.2	0.7	0.0	-16.2	0.0	
3.77734	-1.0	1309	16.9	16.2	0.7	0.0	-16.2	0.0	
3.78125	-0.9	1309	16.9	16.2	0.7	0.0	-16.2	0.0	
3.78516	-0.9	1309	16.9	16.2	0.7	0.0	-16.2	0.0	
3.78906	-1.2	1309	16.9	16.3	0.6	0.0	-16.3	0.0	
3.79297	-1.1	1309	16.9	16.2	0.7	0.0	-16.2	0.0	
3.79688	-0.9	1309	16.9	16.2	0.7	0.0	-16.2	0.0	
3.80078	-1.1	1309	16.9	16.2	0.7	0.0	-16.2	0.0	
3.80469	-1.0	1309	16.9	16.2	0.7	0.0	-16.2	0.0	
3.80859	-0.9	1309	16.9	16.2	0.7	0.0	-16.2	0.0	
3.81250	-1.0	1309	16.9	16.2	0.7	0.0	-16.2	0.0	
3.81641	-1.0	1309	16.9	16.2	0.7	0.0	-16.2	0.0	
3.82031	-0.9	1309	16.9	16.1	0.8	0.0	-16.1	0.0	
3.82422	-0.9	1309	16.9	16.1	0.8	0.0	-16.1	0.0	
3.82812	-1.0	1308	16.8	16.1	0.7	0.0	-16.1	0.0	
3.83203	-1.0	1308	16.9	16.1	0.8	0.0	-16.1	0.0	
3.83594	-1.0	1308	16.9	16.1	0.8	0.0	-16.1	0.0	
3.83984	-1.1	1308	16.8	16.1	0.7	0.0	-16.1	0.0	
3.84375	-1.0	1308	16.9	16.1	0.8	0.0	-16.1	0.0	
3.84766	-0.9	1308	16.9	16.2	0.7	0.0	-16.2	0.0	
3.85156	-0.9	1308	16.8	16.1	0.7	0.0	-16.1	0.0	
3.85547	-1.0	1308	16.9	16.2	0.7	0.0	-16.2	0.0	
3.85938	-1.0	1308	17.0	16.2	0.8	0.0	-16.2	0.0	
3.86328	-1.0	1308	16.9	16.2	0.7	0.0	-16.2	0.0	
3.86719	-1.1	1308	16.9	16.2	0.7	0.0	-16.2	0.0	
3.87109	-1.0	1308	16.9	16.2	0.7	0.0	-16.2	0.0	
3.87500	-1.0	1308	17.0	16.2	0.8	0.0	-16.2	0.0	
3.87891	-1.0	1308	17.0	16.2	0.8	0.0	-16.2	0.0	
3.88281	-0.9	1308	17.0	16.2	0.8	0.0	-16.2	0.0	
3.88672	-0.9	1308	17.1	16.2	0.9	0.0	-16.2	0.0	
3.89062	-1.0	1307	17.1	16.3	0.8	0.0	-16.3	0.0	
3.89453	-1.0	1307	17.1	16.3	0.8	0.0	-16.3	0.0	
3.89844	-1.0	1307	17.0	16.3	0.7	0.0	-16.3	0.0	
3.90234	-1.0	1307	17.0	16.3	0.7	0.0	-16.3	0.0	
3.90625	-1.0	1307	17.1	16.3	0.8	0.0	-16.3	0.0	
3.91016	-1.0	1307	17.1	16.3	0.8	0.0	-16.3	0.0	
3.91406	-0.9	1307	17.1	16.4	0.7	0.0	-16.4	0.0	
3.91797	-0.9	1307	17.1	16.4	0.7	0.0	-16.4	0.0	
3.92188	-0.9	1307	17.1	16.4	0.7	0.0	-16.4	0.0	
3.92578	-1.0	1307	17.1	16.4	0.7	0.0	-16.4	0.0	
3.92969	-0.9	1307	17.0	16.4	0.6	0.0	-16.4	0.0	
3.93359	-0.8	1307	17.1	16.4	0.7	0.0	-16.4	0.0	
3.93750	-0.9	1307	17.1	16.4	0.7	0.0	-16.4	0.0	
3.94141	-1.0	1307	17.1	16.5	0.6	0.0	-16.5	0.0	
3.94531	-1.0	1307	17.1	16.5	0.6	0.0	-16.5	0.0	
3.94922	-1.0	1307	17.1	16.5	0.6	0.0	-16.5	0.0	
3.95312	-1.0	1306	17.1	16.5	0.6	0.0	-16.5	0.0	
3.95703	-1.0	1306	17.1	16.5	0.6	0.0	-16.5	0.0	
3.96094	-0.9	1306	17.2	16.5	0.7	0.0	-16.5	0.0	
3.96484	-0.9	1306	17.2	16.5	0.7	0.0	-16.5	0.0	
3.96875	-0.9	1306	17.2	16.6	0.6	0.0	-16.6	0.0	
3.97266	-1.0	1306	17.1	16.6	0.5	0.0	-16.6	0.0	
3.97656	-1.1	1306	17.2	16.6	0.6	0.0	-16.6	0.0	
3.98047	-1.1	1306	17.2	16.7	0.5	0.0	-16.7	0.0	
3.98438	-1.0	1306	17.2	16.7	0.5	0.0	-16.7	0.0	
3.98828	-1.1	1306	17.2	16.7	0.5	0.0	-16.7	0.0	
3.99219	-1.1	1306	17.2	16.8	0.4	0.0	-16.8	0.0	
3.99609	-0.9	1306	17.2	16.8	0.4	0.0	-16.8	0.0	
4.00000	-0.9	1306	17.2	16.8	0.4	0.0	-16.8	0.0	
4.00391	-1.1	1306	17.1	16.8	0.3	0.0	-16.8	0.0	
4.00781	-0.9	1306	17.2	16.8	0.4	0.0	-16.8	0.0	
4.01172	-0.7	1306	17.2	16.8	0.4	0.0	-16.8	0.0	
4.01562	-1.0	1305	17.2	16.9	0.3	0.0	-16.9	0.0	
4.01953	-0.9	1305	17.2	16.9	0.3	0.0	-16.9	0.0	
4.02344	-0.7	1305	17.1	16.9	0.2	0.0	-16.9	0.0	
4.02734	-1.0	1305	17.1	16.9	0.2	0.0	-16.9	0.0	
4.03125	-1.0	1305	17.1	17.0	0.1	0.0	-17.0	0.0	
4.03516	-0.7	1305	17.1	17.0	0.1	0.0	-17.0	0.0	
4.03906	-1.0	1305	17.1	17.0	0.1	0.0	-17.0	0.0	
4.04297	-1.0	1305	17.1	17.0	0.1	0.0	-17.0	0.0	
4.04688	-1.0	1305	17.1	17.0	0.1	0.0	-17.0	0.0	
4.05078	-1.0	1305	17.1	17.0	0.1	0.0	-17.0	0.0	
4.05469	-0.9	1305	17.0	17.1	-0.1	0.0	-17.1	0.0	
4.05859	-0.9	1305	17.0	17.1	-0.1	0.0	-17.1	0.0	
4.06250	-0.9	1305	17.1	17.1	0.0	0.0	-17.1	0.0	
4.06641	-1.0	1305	17.0	17.1	-0.1	0.0	-17.1	0.0	
4.07031	-1.0	1305	17.0	17.2	-0.2	0.0	-17.2	0.0	
4.07422	-1.0	1305	17.0	17.2	-0.2	0.0	-17.2	0.0	
4.07812	-0.9	1304	17.0	17.1	-0.1	0.0	-17.1	0.0	
4.08203	-0.9	1304	17.1	17.2	-0.1	0.0	-17.2	0.0	
4.08594	-0.9	1304	17.1	17.2	-0.1	0.0	-17.2	0.0	
4.08984	-1.0	1304	17.0	17.2	-0.2	0.0	-17.2	0.0	
4.09375	-1.0	1304	17.0	17.2	-0.2	0.0	-17.2	0.0	
4.09766	-0.9	1304	17.1	17.2	-0.1	0.0	-17.2	0.0	
4.10156	-1.0	1304	17.0	17.2	-0.2	0.0	-17.2	0.0	
4.10547	-1.0	1304	17.0	17.2	-0.2	0.0	-17.2	0.0	
4.10938	-1.0	1304	17.1	17.2	-0.1	0.0	-17.2	0.0	
4.11328	-1.1	1304	17.1	17.2	-0.1	0.0	-17.2	0.0	
4.11719	-1.1	1304	17.1	17.2	-0.1	0.0	-17.2	0.0	
4.12109	-1.1	1304	17.2	17.2	0.0	0.0	-17.2	0.0	
4.12500	-1.1	1304	17.2	17.2	0.0	0.0	-17.2	0.0	
4.12891	-1.1	1304	17.2	17.2	0.0	0.0	-17.2	0.0	
4.13281	-1.0	1304	17.2	17.3	-0.1	0.0	-17.3	0.0	
4.13672	-1.1	1303	17.3	17.3	0.0	0.0	-17.3	0.0	
4.14062	-1.2	1303	17.3	17.2	0.1	0.0	-17.2	0.0	
4.14453	-1.1	1303	17.3	17.2	0.1	0.0	-17.2	0.0	
4.14844	-1.1	1303	17.3	17.3	0.0	0.0	-17.3	0.0	
4.15234	-1.1	1303	17.4	17.3	0.1	0.0	-17.3	0.0	
4.15625	-1.1	1303	17.4	17.3	0.1	0.0	-17.3	0.0	
4.16016	-1.0	1303	17.4	17.3	0.1	0.0	-17.3	0.0	
4.16406	-1.1	1303	17.5	17.4	0.1	0.0	-17.4	0.0	
4.16797	-1.1	1303	17.5	17.4	0.1	0.0	-17.4	0.0	
4.17188	-1.1	1303	17.5	17.4	0.1	0.0	-17.4	0.0	
4.17578	-1.0	1303	17.5	17.4	0.1	0.0	-17.4	0.0	
4.17969	-1.0	1303	17.5	17.3	0.2	0.0	-17.3	0.0	
4.18359	-1.0	1303	17.6	17.4	0.2	0.0	-17.4	0.0	
4.18750	-1.1	1303	17.6	17.4	0.2	0.0	-17.4	0.0	
4.19141	-1.1	1303	17.6	17.4	0.2	0.0	-17.4	0.0	
4.19531	-1.0	1302	17.6	17.5	0.1	0.0	-17.5	0.0	
4.19922	-1.0	1302	17.6	17.5	0.1	0.0	-17.5	0.0	
4.20312	-1.1	1302	17.6	17.4	0.2	0.0	-17.4	0.0	
4.20703	-1.0	1302	17.7	17.5	0.2	0.0	-17.5	0.0	
4.21094	-0.9	1302	17.7	17.5	0.2	0.0	-17.5	0.0	
4.21484	-1.1	1302	17.6	17.5	0.1	0.0	-17.5	0.0	
4.21875	-0.9	1302	17.6	17.5	0.1	0.0	-17.5	0.0	
4.22266	-0.8	1302	17.6	17.6	0.0	0.0	-17.6	0.0	
4.22656	-1.0	1302	17.7	17.6	0.1	0.0	-17.6	0.0	
4.23047	-1.0	1302	17.7	17.6	0.1	0.0	-17.6	0.0	
4.23438	-0.9	1302	17.7	17.7	0.0	0.0	-17.7	0.0	
4.23828	-1.1	1302	17.7	17.7	0.0	0.0	-17.7	0.0	
4.24219	-1.2	1302	17.7	17.7	0.0	0.0	-17.7	0.0	
4.24609	-1.0	1302	17.7	17.7	0.0	0.0	-17.7	0.0	
4.25000	-1.0	1302	17.7	17.7	0.0	0.0	-17.7	0.0	
4.25391	-1.1	1301	17.8	17.8	0.0	0.0	-17.8	0.0	
4.25781	-1.2	1301	17.9	17.9	0.0	0.0	-17.9	0.0	
4.26172	-1.3	1301	17.9	17.8	0.1	0.0	-17.8	0.0	
4.26562	-1.4	1301	18.0	17.8	0.2	0.0	-17.8	0.0	
4.26953	-1.5	1301	18.0	17.9	0.1	0.0	-17.9	0.0	
4.27344	-1.4	1301	18.0	18.0	0.0	0.0	-18.0	0.0	
4.27734	-1.6	1301	18.1	18.0	0.1	0.0	-18.0	0.0	
4.28125	-1.5	1301	18.1	18.1	0.0	0.0	-18.1	0.0	
4.28516	-1.1	1301	18.1	18.1	0.0	0.0	-18.1	0.0	
4.28906	-1.2	1301	18.1	18.1	0.0	0.0	-18.1	0.0	
4.29297	-1.3	1301	18.2	18.1	0.1	0.0	-18.1	0.0	
4.29688	-1.0	1301	18.2	18.1	0.1	0.0	-18.1	0.0	
4.30078	-0.8	1300	18.2	18.1	0.1	0.0	-18.1	0.0	
4.30469	-0.9	1300	18.2	18.1	0.1	0.0	-18.1	0.0	
4.30859	-0.8	1300	18.2	18.0	0.2	0.0	-18.0	0.0	
4.31250	-0.8	1300	18.2	18.0	0.2	0.0	-18.0	0.0	
4.31641	-0.9	1300	18.1	18.0	0.1	0.0	-18.0	0.0	
4.32031	-0.9	1300	18.1	17.9	0.2	0.0	-17.9	0.0	
4.32422	-0.8	1300	18.1	17.9	0.2	0.0	-17.9	0.0	
4.32812	-0.9	1300	18.1	17.9	0.2	0.0	-17.9	0.0	
4.33203	-0.8	1300	18.1	17.8	0.3	0.0	-17.8	0.0	
4.33594	-0.8	1300	18.1	17.8	0.3	0.0	-17.8	0.0	
4.33984	-1.0	1300	18.1	17.7	0.4	0.0	-17.7	0.0	
4.34375	-1.3	1300	18.2	17.7	0.5	0.0	-17.7	0.0	
4.34766	-1.2	1300	18.2	17.6	0.6	0.0	-17.6	0.0	
4.35156	-1.2	1300	18.2	17.6	0.6	0.0	-17.6	0.0	
4.35547	-1.4	1300	18.3	17.6	0.7	0.0	-17.6	0.0	
4.35938	-1.6	1299	18.4	17.5	0.9	0.0	-17.5	0.0	
4.36328	-1.9	1299	18.5	17.5	1.0	0.0	-17.5	0.0	
4.36719	-2.3	1299	18.5	17.5	1.0	0.0	-17.5	0.0	
4.37109	-2.5	1299	18.7	17.4	1.3	0.0	-17.4	0.0	
4.37500	-2.7	1299	18.8	17.4	1.4	0.0	-17.4	0.0	
4.37891	-2.8	1299	18.9	17.4	1.5	0.0	-17.4	0.0	
4.38281	-2.7	1298	19.0	17.3	1.7	0.0	-17.3	0.0	
4.38672	-2.7	1298	19.1	17.4	1.7	0.0	-17.4	0.0	
4.39062	-2.7	1298	19.1	17.4	1.7	0.0	-17.4	0.0	
4.39453	-2.3	1298	19.3	17.4	1.9	0.0	-17.4	0.0	
4.39844	-2.0	1298	19.4	17.4	2.0	0.0	-17.4	0.0	
4.40234	-1.9	1298	19.4	17.4	2.0	0.0	-17.4	0.0	
4.40625	-1.8	1298	19.5	17.4	2.1	0.0	-17.4	0.0	
4.41016	-1.8	1298	19.6	17.4	2.2	0.0	-17.4	0.0	
4.41406	-2.0	1297	19.6	17.4	2.2	0.0	-17.4	0.0	
4.41797	-1.8	1297	19.7	17.5	2.2	0.0	-17.5	0.0	
4.42188	-1.8	1297	19.8	17.5	2.3	0.0	-17.5	0.0	
4.42578	-2.0	1297	19.9	17.5	2.4	0.0	-17.5	0.0	
4.42969	-1.9	1297	20.0	17.6	2.4	0.0	-17.6	0.0	
4.43359	-1.9	1297	20.1	17.6	2.5	0.0	-17.6	0.0	
4.43750	-2.0	1297	20.1	17.6	2.5	0.0	-17.6	0.0	
4.44141	-2.0	1297	20.2	17.7	2.5	0.0	-17.7	0.0	
4.44531	-1.9	1296	20.3	17.8	2.5	0.0	-17.8	0.0	
4.44922	-1.9	1296	20.3	17.7	2.6	0.0	-17.7	0.0	
4.45312	-1.9	1296	20.4	17.8	2.6	0.0	-17.8	0.0	
4.45703	-1.8	1296	20.5	17.8	2.7	0.0	-17.8	0.0	
4.46094	-1.7	1296	20.5	17.9	2.6	0.0	-17.9	0.0	
4.46484	-1.8	1296	20.6	18.0	2.6	0.0	-18.0	0.0	
4.46875	-1.6	1296	20.6	18.0	2.6	0.0	-18.0	0.0	
4.47266	-1.5	1296	20.6	18.0	2.6	0.0	-18.0	0.0	
4.47656	-1.6	1295	20.7	18.1	2.6	0.0	-18.1	0.0	
4.48047	-1.6	1295	20.8	18.1	2.7	0.0	-18.1	0.0	
4.48438	-1.5	1295	20.8	18.2	2.6	0.0	-18.2	0.0	
4.48828	-1.6	1295	20.9	18.2	2.7	0.0	-18.2	0.0	
4.49219	-1.6	1295	21.0	18.3	2.7	0.0	-18.3	0.0	
4.49609	-1.7	1295	21.1	18.3	2.8	0.0	-18.3	0.0	
4.50000	-2.0	1295	21.1	18.4	2.7	0.0	-18.4	0.0	
4.50391	-2.1	1295	21.2	18.5	2.7	0.0	-18.5	0.0	
4.50781	-2.0	1295	21.3	18.6	2.7	0.0	-18.6	0.0	
4.51172	-2.2	1294	21.4	18.6	2.8	0.0	-18.6	0.0	
4.51562	-2.6	1294	21.5	18.7	2.8	0.0	-18.7	0.0	
4.51953	-2.8	1294	21.6	18.8	2.8	0.0	-18.8	0.0	
4.52344	-2.8	1294	21.7	18.8	2.9	0.0	-18.8	0.0	
4.52734	-2.7	1294	21.8	19.0	2.8	0.0	-19.0	0.0	
4.53125	-2.6	1294	21.8	19.1	2.7	0.0	-19.1	0.0	
4.53516	-2.4	1293	22.0	19.2	2.8	0.0	-19.2	0.0	
4.53906	-2.2	1293	22.0	19.3	2.7	0.0	-19.3	0.0	
4.54297	-1.9	1293	22.1	19.3	2.8	0.0	-19.3	0.0	
4.54688	-1.7	1293	22.2	19.4	2.8	0.0	-19.4	0.0	
4.55078	-1.7	1293	22.1	19.5	2.6	0.0	-19.5	0.0	
4.55469	-1.5	1293	22.2	19.6	2.6	0.0	-19.6	0.0	
4.55859	-1.5	1293	22.3	19.7	2.6	0.0	-19.7	0.0	
4.56250	-1.7	1293	22.4	19.7	2.7	0.0	-19.7	0.0	
4.56641	-1.8	1292	22.4	19.8	2.6	0.0	-19.8	0.0	
4.57031	-1.9	1292	22.5	19.9	2.6	0.0	-19.9	0.0	
4.57422	-2.2	1292	22.6	20.0	2.6	0.0	-20.0	0.0	
4.57812	-2.7	1292	22.8	20.1	2.7	0.0	-20.1	0.0	
4.58203	-3.0	1292	23.0	20.2	2.8	0.0	-20.2	0.0	
4.58594	-3.6	1292	23.1	20.3	2.8	0.0	-20.3	0.0	
4.58984	-4.3	1291	23.3	20.4	2.9	0.0	-20.4	0.0	
4.59375	-4.3	1291	23.4	20.5	2.9	0.0	-20.5	0.0	
4.59766	-4.5	1291	23.6	20.6	3.0	0.0	-20.6	0.0	
4.60156	-5.1	1290	23.6	20.6	3.0	0.0	-20.6	0.0	
4.60547	-4.6	1290	23.8	20.8	3.0	0.0	-20.8	0.0	
4.60938	-3.8	1290	23.9	20.9	3.0	0.0	-20.9	0.0	
4.61328	-3.1	1290	23.9	21.0	2.9	0.0	-21.0	0.0	
4.61719	-2.3	1290	23.9	21.1	2.8	0.0	-21.1	0.0	
4.62109	-1.5	1289	24.0	21.2	2.8	0.0	-21.2	0.0	
4.62500	-1.1	1289	23.9	21.2	2.7	0.0	-21.2	0.0	
4.62891	-0.9	1289	23.9	21.3	2.6	0.0	-21.3	0.0	
4.63281	-0.7	1289	23.9	21.4	2.5	0.0	-21.4	0.0	
4.63672	-0.8	1289	23.9	21.5	2.4	0.0	-21.5	0.0	
4.64062	-0.9	1289	23.9	21.5	2.4	0.0	-21.5	0.0	
4.64453	-0.8	1289	23.8	21.6	2.2	0.0	-21.6	0.0	
4.64844	-0.8	1289	23.8	21.7	2.1	0.0	-21.7	0.0	
4.65234	-0.8	1289	23.8	21.7	2.1	0.0	-21.7	0.0	
4.65625	-0.7	1289	23.7	21.8	1.9	0.0	-21.8	0.0	
4.66016	-0.7	1289	23.7	21.8	1.9	0.0	-21.8	0.0	
4.66406	-0.9	1289	23.6	21.9	1.7	0.0	-21.9	0.0	
4.66797	-0.9	1289	23.6	21.9	1.7	0.0	-21.9	0.0	
4.67188	-0.7	1289	23.6	22.0	1.6	0.0	-22.0	0.0	
4.67578	-0.8	1289	23.5	22.1	1.4	0.0	-22.1	0.0	
4.67969	-0.8	1289	23.4	22.1	1.3	0.0	-22.1	0.0	
4.68359	-0.5	1289	23.4	22.0	1.4	0.0	-22.0	0.0	
4.68750	-0.4	1289	23.3	22.1	1.2	0.0	-22.1	0.0	
4.69141	-0.4	1289	23.1	22.2	0.9	0.0	-22.2	0.0	
4.69531	-0.1	1289	23.0	22.2	0.8	0.0	-22.2	0.0	
4.69922	-0.0	1289	22.9	22.2	0.7	0.0	-22.2	0.0	
4.70312	0.1	1289	22.9	22.2	0.7	0.0	-22.2	0.0	
4.70703	0.4	1289	22.8	22.2	0.6	0.0	-22.2	0.0	
4.71094	0.3	1289	22.7	22.3	0.4	0.0	-22.3	0.0	
4.71484	0.1	1289	22.6	22.2	0.4	0.0	-22.2	0.0	
4.71875	-0.0	1289	22.5	22.2	0.3	0.0	-22.2	0.0	
4.72266	-0.2	1289	22.5	22.2	0.3	0.0	-22.2	0.0	
4.72656	-0.3	1289	22.4	22.2	0.2	0.0	-22.2	0.0	
4.73047	-0.4	1289	22.4	22.2	0.2	0.0	-22.2	0.0	
4.73438	-0.4	1289	22.3	22.2	0.1	0.0	-22.2	0.0	
4.73828	-0.5	1288	22.2	22.2	0.0	0.0	-22.2	0.0	
4.74219	-0.6	1288	22.2	22.2	0.0	0.0	-22.2	0.0	
4.74609	-0.5	1288	22.1	22.2	-0.1	0.0	-22.2	0.0	
4.75000	-0.2	1288	22.0	22.2	-0.2	0.0	-22.2	0.0	
4.75391	-0.0	1288	21.8	22.2	-0.4	0.0	-22.2	0.0	
4.75781	0.1	1288	21.7	22.1	-0.4	0.0	-22.1	0.0	
4.76172	0.4	1288	21.6	22.1	-0.5	0.0	-22.1	0.0	
4.76562	0.6	1288	21.4	22.1	-0.7	0.0	-22.1	0.0	
4.76953	0.9	1289	21.3	22.1	-0.8	0.0	-22.1	0.0	
4.77344	1.4	1289	21.1	22.0	-0.9	0.0	-22.0	0.0	
4.77734	1.8	1289	20.9	22.0	-1.1	0.0	-22.0	0.0	
4.78125	2.2	1289	20.8	22.0	-1.2	0.0	-22.0	0.0	
4.78516	2.5	1289	20.6	21.9	-1.3	0.0	-21.9	0.0	
4.78906	2.6	1289	20.4	21.8	-1.4	0.0	-21.8	0.0	
4.79297	2.8	1289	20.2	21.8	-1.6	0.0	-21.8	0.0	
4.79688	2.8	1290	20.1	21.7	-1.6	0.0	-21.7	0.0	
4.80078	2.6	1290	19.9	21.6	-1.7	0.0	-21.6	0.0	
4.80469	2.5	1290	19.8	21.6	-1.8	0.0	-21.6	0.0	
4.80859	2.3	1290	19.6	21.5	-1.9	0.0	-21.5	0.0	
4.81250	1.8	1290	19.4	21.4	-2.0	0.0	-21.4	0.0	
4.81641	1.6	1290	19.3	21.3	-2.0	0.0	-21.3	0.0	
4.82031	1.2	1290	19.2	21.3	-2.1	0.0	-21.3	0.0	
4.82422	0.8	1290	19.1	21.2	-2.1	0.0	-21.2	0.0	
4.82812	0.5	1290	19.0	21.1	-2.1	0.0	-21.1	0.0	
4.83203	0.4	1290	18.9	21.0	-2.1	0.0	-21.0	0.0	
4.83594	0.1	1290	18.9	21.0	-2.1	0.0	-21.0	0.0	
4.83984	-0.4	1290	18.8	20.9	-2.1	0.0	-20.9	0.0	
4.84375	-0.5	1290	18.8	20.8	-2.0	0.0	-20.8	0.0	
4.84766	-0.5	1290	18.8	20.7	-1.9	0.0	-20.7	0.0	
4.85156	-0.6	1290	18.7	20.7	-2.0	0.0	-20.7	0.0	
4.85547	-0.7	1290	18.7	20.6	-1.9	0.0	-20.6	0.0	
4.85938	-0.7	1290	18.7	20.5	-1.8	0.0	-20.5	0.0	
4.86328	-0.7	1290	18.7	20.5	-1.8	0.0	-20.5	0.0	
4.86719	-0.7	1290	18.6	20.4	-1.8	0.0	-20.4	0.0	
4.87109	-0.7	1290	18.6	20.3	-1.7	0.0	-20.3	0.0	
4.87500	-0.6	1290	18.5	20.3	-1.8	0.0	-20.3	0.0	
4.87891	-0.6	1290	18.5	20.2	-1.7	0.0	-20.2	0.0	
4.88281	-0.5	1290	18.5	20.1	-1.6	0.0	-20.1	0.0	
4.88672	-0.5	1290	18.4	20.1	-1.7	0.0	-20.1	0.0	
4.89062	-0.6	1290	18.3	20.0	-1.7	0.0	-20.0	0.0	
4.89453	-0.5	1290	18.3	19.9	-1.6	0.0	-19.9	0.0	
4.89844	-0.5	1290	18.2	19.9	-1.7	0.0	-19.9	0.0	
4.90234	-0.6	1290	18.2	19.9	-1.7	0.0	-19.9	0.0	
4.90625	-0.4	1290	18.2	19.9	-1.7	0.0	-19.9	0.0	
4.91016	-0.5	1290	18.1	19.8	-1.7	0.0	-19.8	0.0	
4.91406	-0.6	1290	18.1	19.7	-1.6	0.0	-19.7	0.0	
4.91797	-0.6	1290	18.0	19.7	-1.7	0.0	-19.7	0.0	
4.92188	-0.6	1290	17.9	19.6	-1.7	0.0	-19.6	0.0	
4.92578	-0.6	1290	17.9	19.5	-1.6	0.0	-19.5	0.0	
4.92969	-0.6	1290	17.9	19.5	-1.6	0.0	-19.5	0.0	
4.93359	-0.4	1290	17.9	19.5	-1.6	0.0	-19.5	0.0	
4.93750	-0.5	1290	17.8	19.4	-1.6	0.0	-19.4	0.0	
4.94141	-0.7	1289	17.8	19.4	-1.6	0.0	-19.4	0.0	
4.94531	-0.7	1289	17.8	19.3	-1.5	0.0	-19.3	0.0	
4.94922	-0.6	1289	17.7	19.3	-1.6	0.0	-19.3	0.0	
4.95312	-0.7	1289	17.7	19.3	-1.6	0.0	-19.3	0.0	
4.95703	-0.7	1289	17.7	19.2	-1.5	0.0	-19.2	0.0	
4.96094	-0.6	1289	17.6	19.1	-1.5	0.0	-19.1	0.0	
4.96484	-0.7	1289	17.6	19.1	-1.5	0.0	-19.1	0.0	
4.96875	-0.8	1289	17.6	19.0	-1.4	0.0	-19.0	0.0	
4.97266	-0.8	1289	17.6	19.0	-1.4	0.0	-19.0	0.0	
4.97656	-0.7	1289	17.5	19.0	-1.5	0.0	-19.0	0.0	
4.98047	-0.8	1289	17.5	18.9	-1.4	0.0	-18.9	0.0	
4.98438	-0.7	1289	17.5	18.9	-1.4	0.0	-18.9	0.0	
4.98828	-0.9	1289	17.5	18.9	-1.4	0.0	-18.9	0.0	
4.99219	-1.1	1289	17.4	18.9	-1.5	0.0	-18.9	0.0	
4.99609	-1.0	1289	17.4	18.9	-1.5	0.0	-18.9	0.0	
5.00000	-0.9	1289	17.5	18.8	-1.3	0.0	-18.8	0.0	
5.00391	-1.0	1289	17.5	18.8	-1.3	0.0	-18.8	0.0	
5.00781	-1.0	1289	17.5	18.8	-1.3	0.0	-18.8	0.0	
5.01172	-1.1	1288	17.6	18.8	-1.2	0.0	-18.8	0.0	
5.01562	-1.2	1288	17.6	18.8	-1.2	0.0	-18.8	0.0	
5.01953	-1.0	1288	17.5	18.8	-1.3	0.0	-18.8	0.0	
5.02344	-1.1	1288	17.6	18.8	-1.2	0.0	-18.8	0.0	
5.02734	-1.2	1288	17.6	18.8	-1.2	0.0	-18.8	0.0	
5.03125	-1.0	1288	17.6	18.7	-1.1	0.0	-18.7	0.0	
5.03516	-0.8	1288	17.7	18.7	-1.0	0.0	-18.7	0.0	
5.03906	-0.9	1288	17.6	18.6	-1.0	0.0	-18.6	0.0	
5.04297	-0.9	1288	17.6	18.6	-1.0	0.0	-18.6	0.0	
5.04688	-0.8	1288	17.6	18.6	-1.0	0.0	-18.6	0.0	
5.05078	-0.8	1288	17.5	18.5	-1.0	0.0	-18.5	0.0	
5.05469	-0.7	1288	17.4	18.5	-1.1	0.0	-18.5	0.0	
5.05859	-0.6	1288	17.4	18.4	-1.0	0.0	-18.4	0.0	
5.06250	-0.3	1288	17.3	18.3	-1.0	0.0	-18.3	0.0	
5.06641	-0.3	1288	17.3	18.2	-0.9	0.0	-18.2	0.0	
5.07031	-0.2	1288	17.2	18.1	-0.9	0.0	-18.1	0.0	
5.07422	-0.3	1288	17.2	18.0	-0.8	0.0	-18.0	0.0	
5.07812	-0.6	1288	17.1	18.0	-0.9	0.0	-18.0	0.0	
5.08203	-0.7	1288	17.1	17.9	-0.8	0.0	-17.9	0.0	
5.08594	-0.7	1288	17.1	17.8	-0.7	0.0	-17.8	0.0	
5.08984	-0.9	1288	17.1	17.7	-0.6	0.0	-17.7	0.0	
5.09375	-1.0	1287	17.1	17.6	-0.5	0.0	-17.6	0.0	
5.09766	-1.0	1287	17.1	17.5	-0.4	0.0	-17.5	0.0	
5.10156	-1.1	1287	17.1	17.4	-0.3	0.0	-17.4	0.0	
5.10547	-1.0	1287	17.1	17.4	-0.3	0.0	-17.4	0.0	
5.10938	-1.0	1287	17.2	17.3	-0.1	0.0	-17.3	0.0	
5.11328	-1.1	1287	17.2	17.2	0.0	0.0	-17.2	0.0	
5.11719	-1.3	1287	17.3	17.1	0.2	0.0	-17.1	0.0	
5.12109	-1.4	1287	17.4	17.1	0.3	0.0	-17.1	0.0	
5.12500	-1.3	1287	17.4	17.0	0.4	0.0	-17.0	0.0	
5.12891	-1.4	1287	17.4	16.9	0.5	0.0	-16.9	0.0	
5.13281	-1.4	1287	17.5	16.9	0.6	0.0	-16.9	0.0	
5.13672	-1.3	1287	17.6	16.8	0.8	0.0	-16.8	0.0	
5.14062	-1.2	1287	17.6	16.8	0.8	0.0	-16.8	0.0	
5.14453	-1.1	1286	17.6	16.8	0.8	0.0	-16.8	0.0	
5.14844	-1.1	1286	17.6	16.7	0.9	0.0	-16.7	0.0	
5.15234	-1.1	1286	17.6	16.7	0.9	0.0	-16.7	0.0	
5.15625	-0.9	1286	17.7	16.7	1.0	0.0	-16.7	0.0	
5.16016	-0.9	1286	17.7	16.6	1.1	0.0	-16.6	0.0	
5.16406	-0.9	1286	17.6	16.5	1.1	0.0	-16.5	0.0	
5.16797	-0.9	1286	17.6	16.5	1.1	0.0	-16.5	0.0	
5.17188	-0.9	1286	17.6	16.5	1.1	0.0	-16.5	0.0	
5.17578	-0.9	1286	17.7	16.5	1.2	0.0	-16.5	0.0	
5.17969	-0.9	1286	17.7	16.4	1.3	0.0	-16.4	0.0	
5.18359	-0.9	1286	17.6	16.4	1.2	0.0	-16.4	0.0	
5.18750	-0.9	1286	17.6	16.4	1.2	0.0	-16.4	0.0	
5.19141	-0.8	1286	17.6	16.4	1.2	0.0	-16.4	0.0	
5.19531	-0.8	1286	17.6	16.3	1.3	0.0	-16.3	0.0	
5.19922	-0.9	1286	17.6	16.3	1.3	0.0	-16.3	0.0	
5.20312	-0.9	1286	17.6	16.3	1.3	0.0	-16.3	0.0	
5.20703	-0.9	1285	17.6	16.3	1.3	0.0	-16.3	0.0	
5.21094	-0.9	1285	17.5	16.3	1.2	0.0	-16.3	0.0	
5.21484	-0.9	1285	17.5	16.2	1.3	0.0	-16.2	0.0	
5.21875	-0.8	1285	17.5	16.3	1.2	0.0	-16.3	0.0	
5.22266	-0.9	1285	17.5	16.2	1.3	0.0	-16.2	0.0	
5.22656	-0.9	1285	17.5	16.2	1.3	0.0	-16.2	0.0	
5.23047	-0.9	1285	17.5	16.2	1.3	0.0	-16.2	0.0	
5.23438	-0.9	1285	17.4	16.1	1.3	0.0	-16.1	0.0	
5.23828	-0.9	1285	17.5	16.2	1.3	0.0	-16.2	0.0	
5.24219	-1.0	1285	17.5	16.2	1.3	0.0	-16.2	0.0	
5.24609	-0.9	1285	17.5	16.1	1.4	0.0	-16.1	0.0	
5.25000	-0.9	1285	17.5	16.2	1.3	0.0	-16.2	0.0	
5.25391	-1.0	1285	17.5	16.2	1.3	0.0	-16.2	0.0	
5.25781	-1.0	1285	17.5	16.2	1.3	0.0	-16.2	0.0	
5.26172	-0.9	1285	17.5	16.2	1.3	0.0	-16.2	0.0	
5.26562	-1.0	1285	17.5	16.2	1.3	0.0	-16.2	0.0	
5.26953	-1.0	1285	17.6	16.3	1.3	0.0	-16.3	0.0	
5.27344	-1.0	1284	17.5	16.3	1.2	0.0	-16.3	0.0	
5.27734	-1.0	1284	17.5	16.3	1.2	0.0	-16.3	0.0	
5.28125	-0.9	1284	17.6	16.3	1.3	0.0	-16.3	0.0	
5.28516	-0.9	1284	17.6	16.3	1.3	0.0	-16.3	0.0	
5.28906	-1.0	1284	17.5	16.4	1.1	0.0	-16.4	0.0	
5.29297	-1.0	1284	17.5	16.3	1.2	0.0	-16.3	0.0	
5.29688	-0.9	1284	17.5	16.4	1.1	0.0	-16.4	0.0	
5.30078	-0.9	1284	17.5	16.4	1.1	0.0	-16.4	0.0	
5.30469	-0.8	1284	17.4	16.4	1.0	0.0	-16.4	0.0	
5.30859	-0.6	1284	17.4	16.4	1.0	0.0	-16.4	0.0	
5.31250	-0.8	1284	17.4	16.4	1.0	0.0	-16.4	0.0	
5.31641	-1.0	1284	17.4	16.4	1.0	0.0	-16.4	0.0	
5.32031	-0.9	1284	17.4	16.4	1.0	0.0	-16.4	0.0	
5.32422	-0.9	1284	17.4	16.5	0.9	0.0	-16.5	0.0	
5.32812	-0.9	1284	17.3	16.4	0.9	0.0	-16.4	0.0	
5.33203	-0.9	1284	17.3	16.4	0.9	0.0	-16.4	0.0	
5.33594	-1.0	1284	17.4	16.5	0.9	0.0	-16.5	0.0	
5.33984	-1.0	1283	17.3	16.5	0.8	0.0	-16.5	0.0	
5.34375	-1.1	1283	17.3	16.5	0.8	0.0	-16.5	0.0	
5.34766	-1.1	1283	17.4	16.6	0.8	0.0	-16.6	0.0	
5.35156	-1.0	1283	17.4	16.5	0.9	0.0	-16.5	0.0	
5.35547	-1.0	1283	17.4	16.5	0.9	0.0	-16.5	0.0	
5.35938	-0.9	1283	17.5	16.6	0.9	0.0	-16.6	0.0	
5.36328	-1.0	1283	17.5	16.6	0.9	0.0	-16.6	0.0	
5.36719	-1.2	1283	17.5	16.5	1.0	0.0	-16.5	0.0	
5.37109	-1.0	1283	17.5	16.6	0.9	0.0	-16.6	0.0	
5.37500	-0.9	1283	17.5	16.7	0.8	0.0	-16.7	0.0	
5.37891	-0.9	1283	17.5	16.6	0.9	0.0	-16.6	0.0	
5.38281	-1.0	1283	17.6	16.6	1.0	0.0	-16.6	0.0	
5.38672	-1.1	1283	17.5	16.7	0.8	0.0	-16.7	0.0	
5.39062	-1.1	1283	17.5	16.7	0.8	0.0	-16.7	0.0	
5.39453	-1.0	1283	17.6	16.7	0.9	0.0	-16.7	0.0	
5.39844	-0.9	1282	17.6	16.8	0.8	0.0	-16.8	0.0	
5.40234	-0.9	1282	17.6	16.8	0.8	0.0	-16.8	0.0	
5.40625	-1.0	1282	17.7	16.8	0.9	0.0	-16.8	0.0	
5.41016	-1.0	1282	17.7	16.9	0.8	0.0	-16.9	0.0	
5.41406	-1.2	1282	17.7	16.9	0.8	0.0	-16.9	0.0	
5.41797	-1.1	1282	17.7	16.9	0.8	0.0	-16.9	0.0	
5.42188	-1.0	1282	17.7	16.9	0.8	0.0	-16.9	0.0	
5.42578	-1.1	1282	17.8	16.9	0.9	0.0	-16.9	0.0	
5.42969	-1.1	1282	17.8	17.0	0.8	0.0	-17.0	0.0	
5.43359	-1.0	1282	17.9	17.0	0.9	0.0	-17.0	0.0	
5.43750	-1.2	1282	17.9	17.0	0.9	0.0	-17.0	0.0	
5.44141	-1.4	1282	17.9	17.1	0.8	0.0	-17.1	0.0	
5.44531	-1.4	1282	18.0	17.1	0.9	0.0	-17.1	0.0	
5.44922	-1.3	1282	18.1	17.2	0.9	0.0	-17.2	0.0	
5.45312	-1.5	1281	18.1	17.2	0.9	0.0	-17.2	0.0	
5.45703	-1.5	1281	18.2	17.2	1.0	0.0	-17.2	0.0	
5.46094	-1.5	1281	18.2	17.3	0.9	0.0	-17.3	0.0	
5.46484	-1.7	1281	18.3	17.3	1.0	0.0	-17.3	0.0	
5.46875	-1.7	1281	18.4	17.4	1.0	0.0	-17.4	0.0	
5.47266	-1.7	1281	18.4	17.4	1.0	0.0	-17.4	0.0	
5.47656	-1.9	1281	18.5	17.5	1.0	0.0	-17.5	0.0	
5.48047	-1.9	1281	18.6	17.5	1.1	0.0	-17.5	0.0	
5.48438	-1.8	1281	18.7	17.6	1.1	0.0	-17.6	0.0	
5.48828	-2.1	1280	18.7	17.6	1.1	0.0	-17.6	0.0	
5.49219	-2.2	1280	18.8	17.7	1.1	0.0	-17.7	0.0	
5.49609	-2.1	1280	18.9	17.8	1.1	0.0	-17.8	0.0	
5.50000	-2.2	1280	19.1	17.8	1.3	0.0	-17.8	0.0	
5.50391	-2.3	1280	19.1	17.9	1.2	0.0	-17.9	0.0	
5.50781	-2.2	1280	19.2	18.0	1.2	0.0	-18.0	0.0	
5.51172	-2.4	1280	19.4	18.0	1.4	0.0	-18.0	0.0	
5.51562	-2.4	1279	19.5	18.1	1.4	0.0	-18.1	0.0	
5.51953	-2.2	1279	19.5	18.2	1.3	0.0	-18.2	0.0	
5.52344	-2.0	1279	19.6	18.2	1.4	0.0	-18.2	0.0	
5.52734	-2.2	1279	19.7	18.3	1.4	0.0	-18.3	0.0	
5.53125	-2.1	1279	19.7	18.4	1.3	0.0	-18.4	0.0	
5.53516	-1.8	1279	19.8	18.5	1.3	0.0	-18.5	0.0	
5.53906	-1.9	1279	19.9	18.5	1.4	0.0	-18.5	0.0	
5.54297	-1.9	1278	19.9	18.6	1.3	0.0	-18.6	0.0	
5.54688	-1.7	1278	20.0	18.7	1.3	0.0	-18.7	0.0	
5.55078	-1.8	1278	20.1	18.8	1.3	0.0	-18.8	0.0	
5.55469	-1.8	1278	20.1	18.8	1.3	0.0	-18.8	0.0	
5.55859	-1.6	1278	20.2	18.9	1.3	0.0	-18.9	0.0	
5.56250	-1.8	1278	20.3	19.0	1.3	0.0	-19.0	0.0	
5.56641	-2.2	1278	20.3	19.1	1.2	0.0	-19.1	0.0	
5.57031	-2.1	1278	20.5	19.2	1.3	0.0	-19.2	0.0	
5.57422	-2.0	1277	20.6	19.2	1.4	0.0	-19.2	0.0	
5.57812	-2.2	1277	20.6	19.2	1.4	0.0	-19.2	0.0	
5.58203	-2.2	1277	20.7	19.4	1.3	0.0	-19.4	0.0	
5.58594	-2.5	1277	20.8	19.4	1.4	0.0	-19.4	0.0	
5.58984	-2.7	1277	20.9	19.4	1.5	0.0	-19.4	0.0	
5.59375	-2.8	1277	21.1	19.6	1.5	0.0	-19.6	0.0	
5.59766	-2.6	1276	21.2	19.6	1.6	0.0	-19.6	0.0	
5.60156	-2.7	1276	21.3	19.6	1.7	0.0	-19.6	0.0	
5.60547	-2.6	1276	21.4	19.8	1.6	0.0	-19.8	0.0	
5.60938	-2.5	1276	21.5	19.8	1.7	0.0	-19.8	0.0	
5.61328	-2.9	1276	21.6	19.9	1.7	0.0	-19.9	0.0	
5.61719	-3.0	1276	21.7	20.0	1.7	0.0	-20.0	0.0	
5.62109	-2.9	1275	21.9	20.1	1.8	0.0	-20.1	0.0	
5.62500	-3.3	1275	22.0	20.2	1.8	0.0	-20.2	0.0	
5.62891	-3.5	1275	22.0	20.2	1.8	0.0	-20.2	0.0	
5.63281	-3.4	1275	22.2	20.3	1.9	0.0	-20.3	0.0	
5.63672	-3.3	1275	22.3	20.4	1.9	0.0	-20.4	0.0	
5.64062	-3.3	1274	22.4	20.5	1.9	0.0	-20.5	0.0	
5.64453	-3.1	1274	22.5	20.6	1.9	0.0	-20.6	0.0	
5.64844	-3.1	1274	22.6	20.7	1.9	0.0	-20.7	0.0	
5.65234	-3.0	1274	22.7	20.8	1.9	0.0	-20.8	0.0	
5.65625	-2.6	1274	22.7	20.9	1.8	0.0	-20.9	0.0	
5.66016	-2.3	1273	22.8	20.9	1.9	0.0	-20.9	0.0	
5.66406	-2.5	1273	22.9	21.0	1.9	0.0	-21.0	0.0	
5.66797	-2.4	1273	22.9	21.1	1.8	0.0	-21.1	0.0	
5.67188	-2.1	1273	23.0	21.2	1.8	0.0	-21.2	0.0	
5.67578	-1.8	1273	23.0	21.3	1.7	0.0	-21.3	0.0	
5.67969	-1.5	1273	23.1	21.3	1.8	0.0	-21.3	0.0	
5.68359	-1.4	1273	23.2	21.4	1.8	0.0	-21.4	0.0	
5.68750	-1.4	1273	23.2	21.5	1.7	0.0	-21.5	0.0	
5.69141	-1.4	1272	23.2	21.6	1.6	0.0	-21.6	0.0	
5.69531	-1.3	1272	23.2	21.6	1.6	0.0	-21.6	0.0	
5.69922	-1.1	1272	23.2	21.7	1.5	0.0	-21.7	0.0	
5.70312	-1.3	1272	23.3	21.8	1.5	0.0	-21.8	0.0	
5.70703	-1.3	1272	23.4	21.9	1.5	0.0	-21.9	0.0	
5.71094	-1.1	1272	23.4	22.0	1.4	0.0	-22.0	0.0	
5.71484	-1.4	1272	23.4	22.0	1.4	0.0	-22.0	0.0	
5.71875	-1.6	1272	23.5	22.1	1.4	0.0	-22.1	0.0	
5.72266	-1.3	1272	23.5	22.2	1.3	0.0	-22.2	0.0	
5.72656	-1.3	1272	23.5	22.2	1.3	0.0	-22.2	0.0	
5.73047	-1.3	1272	23.5	22.3	1.2	0.0	-22.3	0.0	
5.73438	-1.0	1272	23.5	22.4	1.1	0.0	-22.4	0.0	
5.73828	-1.0	1271	23.4	22.4	1.0	0.0	-22.4	0.0	
5.74219	-1.0	1271	23.4	22.5	0.9	0.0	-22.5	0.0	
5.74609	-0.7	1271	23.5	22.5	1.0	0.0	-22.5	0.0	
5.75000	-0.7	1271	23.4	22.6	0.8	0.0	-22.6	0.0	
5.75391	-0.7	1271	23.4	22.6	0.8	0.0	-22.6	0.0	
5.75781	-0.7	1271	23.3	22.7	0.6	0.0	-22.7	0.0	
5.76172	-0.5	1271	23.1	22.8	0.3	0.0	-22.8	0.0	
5.76562	-0.4	1271	23.1	22.8	0.3	0.0	-22.8	0.0	
5.76953	-0.2	1271	23.0	22.8	0.2	0.0	-22.8	0.0	
5.77344	0.2	1271	22.9	22.8	0.1	0.0	-22.8	0.0	
5.77734	0.5	1271	22.7	22.8	-0.1	0.0	-22.8	0.0	
5.78125	0.7	1271	22.6	22.8	-0.2	0.0	-22.8	0.0	
5.78516	0.9	1271	22.4	22.8	-0.4	0.0	-22.8	0.0	
5.78906	1.0	1271	22.3	22.7	-0.4	0.0	-22.7	0.0	
5.79297	1.1	1271	22.2	22.7	-0.5	0.0	-22.7	0.0	
5.79688	1.3	1272	22.1	22.6	-0.5	0.0	-22.6	0.0	
5.80078	1.2	1272	21.9	22.6	-0.7	0.0	-22.6	0.0	
5.80469	1.0	1272	21.8	22.5	-0.7	0.0	-22.5	0.0	
5.80859	0.8	1272	21.7	22.5	-0.8	0.0	-22.5	0.0	
5.81250	0.6	1272	21.6	22.4	-0.8	0.0	-22.4	0.0	
5.81641	0.4	1272	21.5	22.3	-0.8	0.0	-22.3	0.0	
5.82031	0.5	1272	21.4	22.2	-0.8	0.0	-22.2	0.0	
5.82422	0.4	1272	21.3	22.2	-0.9	0.0	-22.2	0.0	
5.82812	0.1	1272	21.2	22.1	-0.9	0.0	-22.1	0.0	
5.83203	0.1	1272	21.2	22.0	-0.8	0.0	-22.0	0.0	
5.83594	0.0	1272	21.1	21.9	-0.8	0.0	-21.9	0.0	
5.83984	-0.2	1272	20.9	21.9	-1.0	0.0	-21.9	0.0	
5.84375	-0.1	1272	20.9	21.7	-0.8	0.0	-21.7	0.0	
5.84766	0.0	1272	20.8	21.6	-0.8	0.0	-21.6	0.0	
5.85156	-0.2	1272	20.7	21.5	-0.8	0.0	-21.5	0.0	
5.85547	-0.2	1272	20.7	21.5	-0.8	0.0	-21.5	0.0	
5.85938	-0.1	1272	20.6	21.4	-0.8	0.0	-21.4	0.0	
5.86328	-0.2	1272	20.5	21.3	-0.8	0.0	-21.3	0.0	
5.86719	-0.2	1272	20.4	21.2	-0.8	0.0	-21.2	0.0	
5.87109	-0.1	1272	20.3	21.1	-0.8	0.0	-21.1	0.0	
5.87500	0.0	1272	20.3	21.0	-0.7	0.0	-21.0	0.0	
5.87891	-0.1	1272	20.2	20.9	-0.7	0.0	-20.9	0.0	
5.88281	-0.1	1272	20.2	20.8	-0.6	0.0	-20.8	0.0	
5.88672	-0.1	1272	20.1	20.7	-0.6	0.0	-20.7	0.0	
5.89062	-0.3	1272	20.0	20.6	-0.6	0.0	-20.6	0.0	
5.89453	-0.2	1272	19.9	20.6	-0.7	0.0	-20.6	0.0	
5.89844	-0.1	1272	19.8	20.5	-0.7	0.0	-20.5	0.0	
5.90234	-0.1	1272	19.8	20.4	-0.6	0.0	-20.4	0.0	
5.90625	-0.1	1272	19.7	20.2	-0.5	0.0	-20.2	0.0	
5.91016	0.0	1272	19.6	20.2	-0.6	0.0	-20.2	0.0	
5.91406	-0.0	1272	19.5	20.1	-0.6	0.0	-20.1	0.0	
5.91797	-0.0	1272	19.4	20.0	-0.6	0.0	-20.0	0.0	
5.92188	-0.0	1272	19.3	19.9	-0.6	0.0	-19.9	0.0	
5.92578	0.0	1272	19.2	19.8	-0.6	0.0	-19.8	0.0	
5.92969	0.2	1272	19.1	19.7	-0.6	0.0	-19.7	0.0	
5.93359	0.3	1272	19.0	19.6	-0.6	0.0	-19.6	0.0	
5.93750	0.1	1272	19.0	19.6	-0.6	0.0	-19.6	0.0	
5.94141	0.0	1272	18.9	19.5	-0.6	0.0	-19.5	0.0	
5.94531	0.1	1272	18.8	19.4	-0.6	0.0	-19.4	0.0	
5.94922	0.1	1272	18.8	19.3	-0.5	0.0	-19.3	0.0	
5.95312	-0.0	1272	18.7	19.3	-0.6	0.0	-19.3	0.0	
5.95703	-0.0	1272	18.7	19.2	-0.5	0.0	-19.2	0.0	
5.96094	-0.1	1272	18.6	19.1	-0.5	0.0	-19.1	0.0	
5.96484	-0.2	1272	18.5	19.1	-0.6	0.0	-19.1	0.0	
5.96875	-0.3	1272	18.4	19.0	-0.6	0.0	-19.0	0.0	
5.97266	-0.4	1272	18.4	18.9	-0.5	0.0	-18.9	0.0	
5.97656	-0.4	1272	18.4	18.9	-0.5	0.0	-18.9	0.0	
5.98047	-0.4	1272	18.3	18.8	-0.5	0.0	-18.8	0.0	
5.98438	-0.4	1272	18.3	18.7	-0.4	0.0	-18.7	0.0	
5.98828	-0.5	1272	18.2	18.7	-0.5	0.0	-18.7	0.0	
5.99219	-0.6	1272	18.1	18.6	-0.5	0.0	-18.6	0.0	
5.99609	-0.5	1272	18.1	18.6	-0.5	0.0	-18.6	0.0	
6.00000	-0.6	1271	18.0	18.5	-0.5	0.0	-18.5	0.0	
6.00391	-0.6	1271	18.0	18.5	-0.5	0.0	-18.5	0.0	
6.00781	-0.5	1271	18.0	18.4	-0.4	0.0	-18.4	0.0	
6.01172	-0.5	1271	18.0	18.4	-0.4	0.0	-18.4	0.0	
6.01562	-0.7	1271	17.9	18.3	-0.4	0.0	-18.3	0.0	
6.01953	-0.6	1271	17.9	18.3	-0.4	0.0	-18.3	0.0	
6.02344	-0.5	1271	17.8	18.3	-0.5	0.0	-18.3	0.0	
6.02734	-0.7	1271	17.7	18.3	-0.6	0.0	-18.3	0.0	
6.03125	-0.6	1271	17.7	18.2	-0.5	0.0	-18.2	0.0	
6.03516	-0.5	1271	17.7	18.2	-0.5	0.0	-18.2	0.0	
6.03906	-0.6	1271	17.6	18.1	-0.5	0.0	-18.1	0.0	
6.04297	-0.6	1271	17.6	18.1	-0.5	0.0	-18.1	0.0	
6.04688	-0.6	1271	17.5	18.0	-0.5	0.0	-18.0	0.0	
6.05078	-0.6	1271	17.5	18.0	-0.5	0.0	-18.0	0.0	
6.05469	-0.6	1271	17.4	17.9	-0.5	0.0	-17.9	0.0	
6.05859	-0.5	1271	17.4	17.9	-0.5	0.0	-17.9	0.0	
6.06250	-0.4	1271	17.3	17.9	-0.6	0.0	-17.9	0.0	
6.06641	-0.7	1271	17.3	17.8	-0.5	0.0	-17.8	0.0	
6.07031	-0.7	1271	17.3	17.8	-0.5	0.0	-17.8	0.0	
6.07422	-0.7	1271	17.3	17.7	-0.4	0.0	-17.7	0.0	
6.07812	-0.9	1271	17.2	17.7	-0.5	0.0	-17.7	0.0	
6.08203	-0.9	1271	17.2	17.7	-0.5	0.0	-17.7	0.0	
6.08594	-0.9	1271	17.2	17.6	-0.4	0.0	-17.6	0.0	
6.08984	-1.0	1270	17.2	17.6	-0.4	0.0	-17.6	0.0	
6.09375	-1.0	1270	17.2	17.6	-0.4	0.0	-17.6	0.0	
6.09766	-0.9	1270	17.2	17.6	-0.4	0.0	-17.6	0.0	
6.10156	-1.0	1270	17.2	17.6	-0.4	0.0	-17.6	0.0	
6.10547	-0.9	1270	17.2	17.5	-0.3	0.0	-17.5	0.0	
6.10938	-1.0	1270	17.2	17.5	-0.3	0.0	-17.5	0.0	
6.11328	-1.1	1270	17.2	17.5	-0.3	0.0	-17.5	0.0	
6.11719	-1.0	1270	17.2	17.5	-0.3	0.0	-17.5	0.0	
6.12109	-0.9	1270	17.2	17.4	-0.2	0.0	-17.4	0.0	
6.12500	-1.0	1270	17.2	17.5	-0.3	0.0	-17.5	0.0	
6.12891	-1.0	1270	17.2	17.4	-0.2	0.0	-17.4	0.0	
6.13281	-1.0	1270	17.3	17.4	-0.1	0.0	-17.4	0.0	
6.13672	-1.1	1270	17.3	17.4	-0.1	0.0	-17.4	0.0	
6.14062	-1.1	1270	17.3	17.4	-0.1	0.0	-17.4	0.0	
6.14453	-1.0	1270	17.4	17.4	0.0	0.0	-17.4	0.0	
6.14844	-0.9	1270	17.4	17.5	-0.1	0.0	-17.5	0.0	
6.15234	-1.1	1269	17.4	17.4	0.0	0.0	-17.4	0.0	
6.15625	-1.1	1269	17.4	17.4	0.0	0.0	-17.4	0.0	
6.16016	-1.0	1269	17.4	17.4	0.0	0.0	-17.4	0.0	
6.16406	-1.0	1269	17.4	17.4	0.0	0.0	-17.4	0.0	
6.16797	-1.0	1269	17.5	17.4	0.1	0.0	-17.4	0.0	
6.17188	-0.9	1269	17.3	17.4	-0.1	0.0	-17.4	0.0	
6.17578	-1.0	1269	17.5	17.4	0.1	0.0	-17.4	0.0	
6.17969	-1.0	1269	18.1	17.4	0.7	0.0	-17.4	0.0	
6.18359	-0.4	1269	18.1	17.4	0.7	0.0	-17.4	0.0	
6.18750	-0.2	1269	18.0	17.4	0.6	0.0	-17.4	0.0	
6.19141	0.0	1269	18.1	17.4	0.7	0.0	-17.4	0.0	
6.19531	1.5	1269	18.2	17.5	0.7	0.0	-17.5	0.0	
6.19922	3.9	1269	19.3	17.5	1.8	0.0	-17.5	0.0	
6.20312	7.2	1270	20.3	17.4	2.9	0.0	-17.4	0.0	
6.20703	12.6	1271	20.4	17.5	2.9	0.0	-17.5	0.0	
