FluxView - FluxMed acquisition system
Signal file
Serial Number	:
W version:	1.20h-OX-CO2	File version:	1.13
Sampling rate:	256 Hz
Time	Flow	Volume	Paw	Pes	Ptpulm	Pga	Ptdiaf	CO2	
0.00391	-5.5	-28	12.1	20.7	-8.6	20.7	0.0	20.7	
0.00781	-5.5	-29	12.1	20.7	-8.6	20.7	0.0	20.7	
0.01172	-5.5	-29	12.1	20.8	-8.7	20.8	0.0	20.8	
0.01562	-5.4	-29	12.1	20.8	-8.7	20.8	0.0	20.8	
0.01953	-5.4	-30	12.1	20.8	-8.7	20.8	0.0	20.8	
0.02344	-5.5	-30	12.1	20.8	-8.7	20.8	0.0	20.8	
0.02734	-5.4	-31	12.1	20.8	-8.7	20.8	0.0	20.8	
0.03125	-5.3	-31	12.1	20.8	-8.7	20.8	0.0	20.8	
0.03516	-5.3	-31	12.1	20.8	-8.7	20.8	0.0	20.8	
0.03906	-5.3	-32	12.1	20.8	-8.7	20.8	0.0	20.8	
0.04297	-5.2	-32	12.1	20.8	-8.7	20.8	0.0	20.8	
0.04688	-5.1	-32	12.1	20.9	-8.8	20.9	0.0	20.9	
0.05078	-5.1	-33	12.1	20.9	-8.8	20.9	0.0	20.9	
0.05469	-5.0	-33	12.1	20.9	-8.8	20.9	0.0	20.9	
0.05859	-4.9	-33	12.0	20.9	-8.9	20.9	0.0	20.9	
0.06250	-4.9	-34	12.0	20.9	-8.9	20.9	0.0	20.9	
0.06641	-4.9	-34	12.0	20.9	-8.9	20.9	0.0	20.9	
0.07031	-4.8	-34	12.0	20.9	-8.9	20.9	0.0	20.9	
0.07422	-4.8	-34	12.0	20.9	-8.9	20.9	0.0	20.9	
0.07812	-4.8	-35	12.0	20.9	-8.9	20.9	0.0	20.9	
0.08203	-4.7	-35	12.0	20.9	-8.9	20.9	0.0	20.9	
0.08594	-4.7	-35	12.0	20.9	-8.9	20.9	0.0	20.9	
0.08984	-4.7	-36	12.0	20.9	-8.9	20.9	0.0	20.9	
0.09375	-4.7	-36	12.0	20.9	-8.9	20.9	0.0	20.9	
0.09766	-4.7	-36	12.0	21.0	-9.0	21.0	0.0	21.0	
0.10156	-4.6	-37	12.0	21.0	-9.0	21.0	0.0	21.0	
0.10547	-4.6	-37	11.9	21.0	-9.1	21.0	0.0	21.0	
0.10938	-4.6	-37	11.9	21.0	-9.1	21.0	0.0	21.0	
0.11328	-4.6	-38	11.9	21.0	-9.1	21.0	0.0	21.0	
0.11719	-4.6	-38	11.9	21.0	-9.1	21.0	0.0	21.0	
0.12109	-4.6	-38	11.9	21.0	-9.1	21.0	0.0	21.0	
0.12500	-4.6	-38	11.9	21.0	-9.1	21.0	0.0	21.0	
0.12891	-4.6	-39	11.9	21.0	-9.1	21.0	0.0	21.0	
0.13281	-4.5	-39	11.9	21.0	-9.1	21.0	0.0	21.0	
0.13672	-4.5	-39	11.9	21.0	-9.1	21.0	0.0	21.0	
0.14062	-4.5	-40	11.9	21.0	-9.1	21.0	0.0	21.0	
0.14453	-4.4	-40	11.9	21.0	-9.1	21.0	0.0	21.0	
0.14844	-4.3	-40	11.9	21.0	-9.1	21.0	0.0	21.0	
0.15234	-4.3	-40	12.0	21.1	-9.1	21.1	0.0	21.1	
0.15625	-4.3	-41	12.0	21.1	-9.1	21.1	0.0	21.1	
0.16016	-4.2	-41	12.0	21.1	-9.1	21.1	0.0	21.1	
0.16406	-4.2	-41	12.0	21.1	-9.1	21.1	0.0	21.1	
0.16797	-4.2	-42	12.0	21.1	-9.1	21.1	0.0	21.1	
0.17188	-4.2	-42	12.0	21.1	-9.1	21.1	0.0	21.1	
0.17578	-4.2	-42	12.0	21.1	-9.1	21.1	0.0	21.1	
0.17969	-4.2	-42	12.0	21.1	-9.1	21.1	0.0	21.1	
0.18359	-4.2	-43	12.0	21.1	-9.1	21.1	0.0	21.1	
0.18750	-4.1	-43	12.0	21.1	-9.1	21.1	0.0	21.1	
0.19141	-4.1	-43	12.0	21.1	-9.1	21.1	0.0	21.1	
0.19531	-4.1	-43	12.0	21.2	-9.2	21.2	0.0	21.2	
0.19922	-4.1	-44	12.0	21.2	-9.2	21.2	0.0	21.2	
0.20312	-4.0	-44	11.9	21.2	-9.3	21.2	0.0	21.2	
0.20703	-4.0	-44	11.9	21.2	-9.3	21.2	0.0	21.2	
0.21094	-4.0	-44	11.9	21.2	-9.3	21.2	0.0	21.2	
0.21484	-4.1	-45	11.9	21.2	-9.3	21.2	0.0	21.2	
0.21875	-4.0	-45	11.9	21.2	-9.3	21.2	0.0	21.2	
0.22266	-4.0	-45	11.9	21.2	-9.3	21.2	0.0	21.2	
0.22656	-4.0	-46	11.9	21.2	-9.3	21.2	0.0	21.2	
0.23047	-4.1	-46	11.9	21.2	-9.3	21.2	0.0	21.2	
0.23438	-4.0	-46	11.9	21.2	-9.3	21.2	0.0	21.2	
0.23828	-4.0	-46	11.9	21.2	-9.3	21.2	0.0	21.2	
0.24219	-4.0	-47	11.9	21.2	-9.3	21.2	0.0	21.2	
0.24609	-4.0	-47	11.9	21.3	-9.4	21.3	0.0	21.3	
0.25000	-4.0	-47	11.9	21.3	-9.4	21.3	0.0	21.3	
0.25391	-4.0	-47	11.9	21.3	-9.4	21.3	0.0	21.3	
0.25781	-3.9	-48	11.9	21.3	-9.4	21.3	0.0	21.3	
0.26172	-3.9	-48	11.9	21.3	-9.4	21.3	0.0	21.3	
0.26562	-3.8	-48	11.9	21.3	-9.4	21.3	0.0	21.3	
0.26953	-3.8	-48	11.9	21.3	-9.4	21.3	0.0	21.3	
0.27344	-3.7	-49	11.9	21.3	-9.4	21.3	0.0	21.3	
0.27734	-3.6	-49	11.9	21.3	-9.4	21.3	0.0	21.3	
0.28125	-3.6	-49	11.9	21.3	-9.4	21.3	0.0	21.3	
0.28516	-3.6	-49	11.9	21.3	-9.4	21.3	0.0	21.3	
0.28906	-3.6	-50	11.9	21.4	-9.5	21.4	0.0	21.4	
0.29297	-3.6	-50	11.9	21.4	-9.5	21.4	0.0	21.4	
0.29688	-3.6	-50	11.9	21.4	-9.5	21.4	0.0	21.4	
0.30078	-3.6	-50	11.9	21.4	-9.5	21.4	0.0	21.4	
0.30469	-3.6	-50	11.9	21.4	-9.5	21.4	0.0	21.4	
0.30859	-3.7	-51	11.9	21.4	-9.5	21.4	0.0	21.4	
0.31250	-3.7	-51	11.9	21.4	-9.5	21.4	0.0	21.4	
0.31641	-3.6	-51	11.9	21.4	-9.5	21.4	0.0	21.4	
0.32031	-3.6	-51	11.9	21.4	-9.5	21.4	0.0	21.4	
0.32422	-3.6	-52	11.9	21.4	-9.5	21.4	0.0	21.4	
0.32812	-3.6	-52	11.9	21.4	-9.5	21.4	0.0	21.4	
0.33203	-3.6	-52	11.9	21.5	-9.6	21.5	0.0	21.5	
0.33594	-3.6	-52	11.9	21.5	-9.6	21.5	0.0	21.5	
0.33984	-3.5	-53	11.9	21.5	-9.6	21.5	0.0	21.5	
0.34375	-3.5	-53	11.9	21.5	-9.6	21.5	0.0	21.5	
0.34766	-3.5	-53	11.9	21.5	-9.6	21.5	0.0	21.5	
0.35156	-3.4	-53	11.9	21.5	-9.6	21.5	0.0	21.5	
0.35547	-3.4	-53	11.9	21.5	-9.6	21.5	0.0	21.5	
0.35938	-3.3	-54	11.9	21.5	-9.6	21.5	0.0	21.5	
0.36328	-3.3	-54	11.9	21.5	-9.6	21.5	0.0	21.5	
0.36719	-3.4	-54	11.9	21.5	-9.6	21.5	0.0	21.5	
0.37109	-3.4	-54	11.9	21.5	-9.6	21.5	0.0	21.5	
0.37500	-3.3	-55	11.9	21.5	-9.6	21.5	0.0	21.5	
0.37891	-3.3	-55	11.9	21.5	-9.6	21.5	0.0	21.5	
0.38281	-3.4	-55	11.9	21.5	-9.6	21.5	0.0	21.5	
0.38672	-3.4	-55	11.9	21.6	-9.7	21.6	0.0	21.6	
0.39062	-3.3	-55	11.9	21.6	-9.7	21.6	0.0	21.6	
0.39453	-3.3	-56	11.9	21.6	-9.7	21.6	0.0	21.6	
0.39844	-3.3	-56	11.8	21.6	-9.8	21.6	0.0	21.6	
0.40234	-3.3	-56	11.8	21.6	-9.8	21.6	0.0	21.6	
0.40625	-3.2	-56	11.8	21.6	-9.8	21.6	0.0	21.6	
0.41016	-3.2	-56	11.8	21.6	-9.8	21.6	0.0	21.6	
0.41406	-3.1	-57	11.8	21.6	-9.8	21.6	0.0	21.6	
0.41797	-3.1	-57	11.8	21.6	-9.8	21.6	0.0	21.6	
0.42188	-3.0	-57	11.8	21.6	-9.8	21.6	0.0	21.6	
0.42578	-3.0	-57	11.8	21.7	-9.9	21.7	0.0	21.7	
0.42969	-2.9	-57	11.8	21.7	-9.9	21.7	0.0	21.7	
0.43359	-2.9	-58	11.8	21.7	-9.9	21.7	0.0	21.7	
0.43750	-2.9	-58	11.8	21.7	-9.9	21.7	0.0	21.7	
0.44141	-2.8	-58	11.8	21.7	-9.9	21.7	0.0	21.7	
0.44531	-2.8	-58	11.8	21.7	-9.9	21.7	0.0	21.7	
0.44922	-2.9	-58	11.8	21.7	-9.9	21.7	0.0	21.7	
0.45312	-2.9	-59	11.8	21.7	-9.9	21.7	0.0	21.7	
0.45703	-2.8	-59	11.8	21.8	-10.0	21.8	0.0	21.8	
0.46094	-2.8	-59	11.8	21.8	-10.0	21.8	0.0	21.8	
0.46484	-2.8	-59	11.8	21.8	-10.0	21.8	0.0	21.8	
0.46875	-2.8	-59	11.8	21.8	-10.0	21.8	0.0	21.8	
0.47266	-2.8	-60	11.8	21.8	-10.0	21.8	0.0	21.8	
0.47656	-2.8	-60	11.8	21.8	-10.0	21.8	0.0	21.8	
0.48047	-2.8	-60	11.8	21.9	-10.1	21.9	0.0	21.9	
0.48438	-2.8	-60	11.8	21.9	-10.1	21.9	0.0	21.9	
0.48828	-2.8	-60	11.8	21.9	-10.1	21.9	0.0	21.9	
0.49219	-2.8	-60	11.8	21.9	-10.1	21.9	0.0	21.9	
0.49609	-2.8	-61	11.8	22.0	-10.2	22.0	0.0	22.0	
0.50000	-2.8	-61	11.8	22.0	-10.2	22.0	0.0	22.0	
0.50391	-2.8	-61	11.8	22.0	-10.2	22.0	0.0	22.0	
0.50781	-2.8	-61	11.8	22.0	-10.2	22.0	0.0	22.0	
0.51172	-2.8	-61	11.8	22.1	-10.3	22.1	0.0	22.1	
0.51562	-2.8	-62	11.8	22.1	-10.3	22.1	0.0	22.1	
0.51953	-2.8	-62	11.8	22.1	-10.3	22.1	0.0	22.1	
0.52344	-2.8	-62	11.8	22.1	-10.3	22.1	0.0	22.1	
0.52734	-2.8	-62	11.8	22.2	-10.4	22.2	0.0	22.2	
0.53125	-2.7	-62	11.8	22.2	-10.4	22.2	0.0	22.2	
0.53516	-2.6	-62	11.8	22.2	-10.4	22.2	0.0	22.2	
0.53906	-2.4	-63	11.7	22.2	-10.5	22.2	0.0	22.2	
0.54297	-2.3	-63	11.7	22.2	-10.5	22.2	0.0	22.2	
0.54688	-2.1	-63	11.7	22.2	-10.5	22.2	0.0	22.2	
0.55078	-1.9	-63	11.6	22.2	-10.6	22.2	0.0	22.2	
0.55469	-1.7	-63	11.6	22.2	-10.6	22.2	0.0	22.2	
0.55859	-1.4	-63	11.6	22.2	-10.6	22.2	0.0	22.2	
0.56250	-1.2	-63	11.5	22.2	-10.7	22.2	0.0	22.2	
0.56641	-1.1	-63	11.4	22.2	-10.8	22.2	0.0	22.2	
0.57031	-0.9	-63	11.4	22.2	-10.8	22.2	0.0	22.2	
0.57422	-0.8	-63	11.4	22.2	-10.8	22.2	0.0	22.2	
0.57812	-0.7	-63	11.3	22.1	-10.8	22.1	0.0	22.1	
0.58203	-0.7	-64	11.3	22.1	-10.8	22.1	0.0	22.1	
0.58594	-0.6	-64	11.3	22.1	-10.8	22.1	0.0	22.1	
0.58984	-0.7	-64	11.2	22.0	-10.8	22.0	0.0	22.0	
0.59375	-0.7	-64	11.2	21.9	-10.7	21.9	0.0	21.9	
0.59766	-0.7	-64	11.2	21.9	-10.7	21.9	0.0	21.9	
0.60156	-0.8	-64	11.2	21.9	-10.7	21.9	0.0	21.9	
0.60547	-0.9	-64	11.1	21.8	-10.7	21.8	0.0	21.8	
0.60938	-0.9	-64	11.1	21.8	-10.7	21.8	0.0	21.8	
0.61328	-0.9	-64	11.1	21.7	-10.6	21.7	0.0	21.7	
0.61719	-0.9	-64	11.2	21.7	-10.5	21.7	0.0	21.7	
0.62109	-0.8	-64	11.1	21.6	-10.5	21.6	0.0	21.6	
0.62500	-0.9	-64	11.2	21.6	-10.4	21.6	0.0	21.6	
0.62891	-0.9	-64	11.2	21.5	-10.3	21.5	0.0	21.5	
0.63281	-0.8	-64	11.2	21.5	-10.3	21.5	0.0	21.5	
0.63672	-0.8	-64	11.2	21.5	-10.3	21.5	0.0	21.5	
0.64062	-0.8	-64	11.2	21.4	-10.2	21.4	0.0	21.4	
0.64453	-0.8	-64	11.2	21.4	-10.2	21.4	0.0	21.4	
0.64844	-0.7	-64	11.2	21.3	-10.1	21.3	0.0	21.3	
0.65234	-0.7	-64	11.2	21.3	-10.1	21.3	0.0	21.3	
0.65625	-0.8	-65	11.2	21.3	-10.1	21.3	0.0	21.3	
0.66016	-0.8	-65	11.2	21.2	-10.0	21.2	0.0	21.2	
0.66406	-0.8	-65	11.2	21.2	-10.0	21.2	0.0	21.2	
0.66797	-0.8	-65	11.3	21.1	-9.8	21.1	0.0	21.1	
0.67188	-0.8	-65	11.3	21.1	-9.8	21.1	0.0	21.1	
0.67578	-0.8	-65	11.3	21.1	-9.8	21.1	0.0	21.1	
0.67969	-0.8	-65	11.3	21.0	-9.7	21.0	0.0	21.0	
0.68359	-0.8	-65	11.3	21.0	-9.7	21.0	0.0	21.0	
0.68750	-0.8	-65	11.4	21.0	-9.6	21.0	0.0	21.0	
0.69141	-0.8	-65	11.4	20.9	-9.5	20.9	0.0	20.9	
0.69531	-0.8	-65	11.4	20.9	-9.5	20.9	0.0	20.9	
0.69922	-0.8	-65	11.4	20.9	-9.5	20.9	0.0	20.9	
0.70312	-0.8	-65	11.4	20.8	-9.4	20.8	0.0	20.8	
0.70703	-0.8	-65	11.5	20.8	-9.3	20.8	0.0	20.8	
0.71094	-0.8	-65	11.5	20.7	-9.2	20.7	0.0	20.7	
0.71484	-0.7	-65	11.5	20.7	-9.2	20.7	0.0	20.7	
0.71875	-0.7	-65	11.5	20.7	-9.2	20.7	0.0	20.7	
0.72266	-0.7	-65	11.5	20.6	-9.1	20.6	0.0	20.6	
0.72656	-0.7	-65	11.5	20.6	-9.1	20.6	0.0	20.6	
0.73047	-0.7	-65	11.5	20.6	-9.1	20.6	0.0	20.6	
0.73438	-0.7	-66	11.6	20.5	-8.9	20.5	0.0	20.5	
0.73828	-0.7	-66	11.6	20.5	-8.9	20.5	0.0	20.5	
0.74219	-0.7	-66	11.6	20.4	-8.8	20.4	0.0	20.4	
0.74609	-0.6	-66	11.6	20.4	-8.8	20.4	0.0	20.4	
0.75000	-0.6	-66	11.6	20.4	-8.8	20.4	0.0	20.4	
0.75391	-0.7	-66	11.6	20.3	-8.7	20.3	0.0	20.3	
0.75781	-0.7	-66	11.7	20.3	-8.6	20.3	0.0	20.3	
0.76172	-0.7	-66	11.7	20.3	-8.6	20.3	0.0	20.3	
0.76562	-0.6	-66	11.7	20.2	-8.5	20.2	0.0	20.2	
0.76953	-0.6	-66	11.7	20.2	-8.5	20.2	0.0	20.2	
0.77344	-0.6	-66	11.7	20.2	-8.5	20.2	0.0	20.2	
0.77734	-0.6	-66	11.7	20.1	-8.4	20.1	0.0	20.1	
0.78125	-0.6	-66	11.7	20.1	-8.4	20.1	0.0	20.1	
0.78516	-0.6	-66	11.7	20.1	-8.4	20.1	0.0	20.1	
0.78906	-0.6	-66	11.7	20.1	-8.4	20.1	0.0	20.1	
0.79297	-0.6	-66	11.8	20.0	-8.2	20.0	0.0	20.0	
0.79688	-0.6	-66	11.8	20.0	-8.2	20.0	0.0	20.0	
0.80078	-0.6	-66	11.8	20.0	-8.2	20.0	0.0	20.0	
0.80469	-0.6	-66	11.8	19.9	-8.1	19.9	0.0	19.9	
0.80859	-0.6	-66	11.8	19.9	-8.1	19.9	0.0	19.9	
0.81250	-0.6	-66	11.8	19.9	-8.1	19.9	0.0	19.9	
0.81641	-0.5	-66	11.8	19.9	-8.1	19.9	0.0	19.9	
0.82031	-0.5	-66	11.8	19.8	-8.0	19.8	0.0	19.8	
0.82422	-0.5	-66	11.8	19.8	-8.0	19.8	0.0	19.8	
0.82812	-0.5	-66	11.8	19.8	-8.0	19.8	0.0	19.8	
0.83203	-0.5	-66	11.8	19.8	-8.0	19.8	0.0	19.8	
0.83594	-0.5	-67	11.8	19.8	-8.0	19.8	0.0	19.8	
0.83984	-0.4	-67	11.8	19.8	-8.0	19.8	0.0	19.8	
0.84375	-0.4	-67	11.7	19.7	-8.0	19.7	0.0	19.7	
0.84766	-0.4	-67	11.7	19.7	-8.0	19.7	0.0	19.7	
0.85156	-0.4	-67	11.7	19.7	-8.0	19.7	0.0	19.7	
0.85547	-0.4	-67	11.7	19.7	-8.0	19.7	0.0	19.7	
0.85938	-0.4	-67	11.7	19.7	-8.0	19.7	0.0	19.7	
0.86328	-0.4	-67	11.7	19.7	-8.0	19.7	0.0	19.7	
0.86719	-0.4	-67	11.7	19.7	-8.0	19.7	0.0	19.7	
0.87109	-0.4	-67	11.6	19.7	-8.1	19.7	0.0	19.7	
0.87500	-0.4	-67	11.6	19.7	-8.1	19.7	0.0	19.7	
0.87891	-0.4	-67	11.6	19.6	-8.0	19.6	0.0	19.6	
0.88281	-0.3	-67	11.6	19.7	-8.1	19.7	0.0	19.7	
0.88672	-0.3	-67	11.6	19.6	-8.0	19.6	0.0	19.6	
0.89062	-0.3	-67	11.6	19.6	-8.0	19.6	0.0	19.6	
0.89453	-0.3	-67	11.5	19.6	-8.1	19.6	0.0	19.6	
0.89844	-0.3	-67	11.5	19.6	-8.1	19.6	0.0	19.6	
0.90234	-0.2	-67	11.5	19.6	-8.1	19.6	0.0	19.6	
0.90625	-0.2	-67	11.5	19.6	-8.1	19.6	0.0	19.6	
0.91016	-0.2	-67	11.5	19.6	-8.1	19.6	0.0	19.6	
0.91406	-0.2	-67	11.4	19.5	-8.1	19.5	0.0	19.5	
0.91797	-0.1	-67	11.4	19.5	-8.1	19.5	0.0	19.5	
0.92188	-0.1	-67	11.3	19.5	-8.2	19.5	0.0	19.5	
0.92578	-0.0	-67	11.3	19.5	-8.2	19.5	0.0	19.5	
0.92969	-0.0	-67	11.3	19.5	-8.2	19.5	0.0	19.5	
0.93359	-0.0	-67	11.3	19.4	-8.1	19.4	0.0	19.4	
0.93750	-0.0	-67	11.2	19.4	-8.2	19.4	0.0	19.4	
0.94141	-0.0	-67	11.2	19.4	-8.2	19.4	0.0	19.4	
0.94531	0.0	-67	11.1	19.4	-8.3	19.4	0.0	19.4	
0.94922	0.0	-67	11.1	19.4	-8.3	19.4	0.0	19.4	
0.95312	0.0	-67	11.1	19.3	-8.2	19.3	0.0	19.3	
0.95703	0.0	-67	11.0	19.3	-8.3	19.3	0.0	19.3	
0.96094	0.0	-67	11.0	19.3	-8.3	19.3	0.0	19.3	
0.96484	0.1	-67	11.0	19.3	-8.3	19.3	0.0	19.3	
0.96875	0.1	-67	10.9	19.2	-8.3	19.2	0.0	19.2	
0.97266	0.1	-67	10.9	19.2	-8.3	19.2	0.0	19.2	
0.97656	0.2	-67	10.8	19.2	-8.4	19.2	0.0	19.2	
0.98047	0.2	-67	10.8	19.2	-8.4	19.2	0.0	19.2	
0.98438	0.3	-67	10.7	19.2	-8.5	19.2	0.0	19.2	
0.98828	0.4	-67	10.7	19.1	-8.4	19.1	0.0	19.1	
0.99219	0.5	-67	10.6	19.1	-8.5	19.1	0.0	19.1	
0.99609	0.6	-67	10.6	19.1	-8.5	19.1	0.0	19.1	
1.00000	0.7	-67	10.5	19.1	-8.6	19.1	0.0	19.1	
1.00391	0.8	-67	10.4	19.0	-8.6	19.0	0.0	19.0	
1.00781	1.0	-67	10.4	19.0	-8.6	19.0	0.0	19.0	
1.01172	1.2	-67	10.3	19.0	-8.7	19.0	0.0	19.0	
1.01562	1.3	-66	10.2	19.0	-8.8	19.0	0.0	19.0	
1.01953	1.5	-66	10.1	18.9	-8.8	18.9	0.0	18.9	
1.02344	1.6	-66	10.1	18.9	-8.8	18.9	0.0	18.9	
1.02734	1.8	-66	10.0	18.9	-8.9	18.9	0.0	18.9	
1.03125	2.0	-66	9.9	18.8	-8.9	18.8	0.0	18.8	
1.03516	2.2	-66	9.8	18.8	-9.0	18.8	0.0	18.8	
1.03906	2.4	-66	9.7	18.8	-9.1	18.8	0.0	18.8	
1.04297	2.5	-66	9.6	18.7	-9.1	18.7	0.0	18.7	
1.04688	2.7	-65	9.5	18.7	-9.2	18.7	0.0	18.7	
1.05078	2.9	-65	9.4	18.6	-9.2	18.6	0.0	18.6	
1.05469	3.1	-65	9.3	18.6	-9.3	18.6	0.0	18.6	
1.05859	3.2	-65	9.2	18.6	-9.4	18.6	0.0	18.6	
1.06250	3.3	-65	9.0	18.5	-9.5	18.5	0.0	18.5	
1.06641	3.3	-64	8.9	18.5	-9.6	18.5	0.0	18.5	
1.07031	3.3	-64	8.7	18.4	-9.7	18.4	0.0	18.4	
1.07422	3.3	-64	8.6	18.4	-9.8	18.4	0.0	18.4	
1.07812	3.2	-64	8.4	18.3	-9.9	18.3	0.0	18.3	
1.08203	3.1	-64	8.3	18.2	-9.9	18.2	0.0	18.2	
1.08594	3.0	-63	8.2	18.2	-10.0	18.2	0.0	18.2	
1.08984	2.9	-63	8.0	18.1	-10.1	18.1	0.0	18.1	
1.09375	2.7	-63	7.9	18.1	-10.2	18.1	0.0	18.1	
1.09766	2.5	-63	7.7	18.0	-10.3	18.0	0.0	18.0	
1.10156	2.4	-63	7.6	18.0	-10.4	18.0	0.0	18.0	
1.10547	2.3	-63	7.5	17.9	-10.4	17.9	0.0	17.9	
1.10938	2.2	-62	7.3	17.9	-10.6	17.9	0.0	17.9	
1.11328	2.1	-62	7.2	17.8	-10.6	17.8	0.0	17.8	
1.11719	2.1	-62	7.1	17.8	-10.7	17.8	0.0	17.8	
1.12109	2.0	-62	6.9	17.7	-10.8	17.7	0.0	17.7	
1.12500	2.0	-62	6.8	17.7	-10.9	17.7	0.0	17.7	
1.12891	2.0	-62	6.7	17.6	-10.9	17.6	0.0	17.6	
1.13281	2.0	-62	6.6	17.5	-10.9	17.5	0.0	17.5	
1.13672	2.0	-61	6.5	17.5	-11.0	17.5	0.0	17.5	
1.14062	2.0	-61	6.4	17.4	-11.0	17.4	0.0	17.4	
1.14453	2.0	-61	6.2	17.4	-11.2	17.4	0.0	17.4	
1.14844	2.0	-61	6.1	17.3	-11.2	17.3	0.0	17.3	
1.15234	2.0	-61	6.0	17.3	-11.3	17.3	0.0	17.3	
1.15625	1.9	-61	5.9	17.2	-11.3	17.2	0.0	17.2	
1.16016	1.9	-61	5.8	17.2	-11.4	17.2	0.0	17.2	
1.16406	1.9	-61	5.7	17.1	-11.4	17.1	0.0	17.1	
1.16797	1.9	-60	5.6	17.1	-11.5	17.1	0.0	17.1	
1.17188	1.8	-60	5.5	17.0	-11.5	17.0	0.0	17.0	
1.17578	1.7	-60	5.4	17.0	-11.6	17.0	0.0	17.0	
1.17969	1.6	-60	5.3	16.9	-11.6	16.9	0.0	16.9	
1.18359	1.6	-60	5.2	16.9	-11.7	16.9	0.0	16.9	
1.18750	1.6	-60	5.1	16.8	-11.7	16.8	0.0	16.8	
1.19141	1.5	-60	5.0	16.8	-11.8	16.8	0.0	16.8	
1.19531	1.4	-60	4.9	16.8	-11.9	16.8	0.0	16.8	
1.19922	1.3	-60	4.8	16.7	-11.9	16.7	0.0	16.7	
1.20312	1.3	-60	4.7	16.7	-12.0	16.7	0.0	16.7	
1.20703	1.2	-59	4.7	16.6	-11.9	16.6	0.0	16.6	
1.21094	1.2	-59	4.6	16.6	-12.0	16.6	0.0	16.6	
1.21484	1.1	-59	4.5	16.5	-12.0	16.5	0.0	16.5	
1.21875	1.1	-59	4.4	16.5	-12.1	16.5	0.0	16.5	
1.22266	1.2	-59	4.4	16.5	-12.1	16.5	0.0	16.5	
1.22656	1.1	-59	4.3	16.4	-12.1	16.4	0.0	16.4	
1.23047	1.1	-59	4.2	16.4	-12.2	16.4	0.0	16.4	
1.23438	1.1	-59	4.1	16.4	-12.3	16.4	0.0	16.4	
1.23828	1.1	-59	4.1	16.3	-12.2	16.3	0.0	16.3	
1.24219	1.2	-59	4.0	16.3	-12.3	16.3	0.0	16.3	
1.24609	1.2	-59	3.9	16.3	-12.4	16.3	0.0	16.3	
1.25000	1.2	-59	3.8	16.2	-12.4	16.2	0.0	16.2	
1.25391	1.3	-59	3.7	16.2	-12.5	16.2	0.0	16.2	
1.25781	1.3	-58	3.6	16.2	-12.6	16.2	0.0	16.2	
1.26172	1.3	-58	3.5	16.1	-12.6	16.1	0.0	16.1	
1.26562	1.4	-58	3.5	16.1	-12.6	16.1	0.0	16.1	
1.26953	1.4	-58	3.4	16.0	-12.6	16.0	0.0	16.0	
1.27344	1.4	-58	3.3	16.0	-12.7	16.0	0.0	16.0	
1.27734	1.4	-58	3.2	16.0	-12.8	16.0	0.0	16.0	
1.28125	1.4	-58	3.1	16.0	-12.9	16.0	0.0	16.0	
1.28516	1.4	-58	3.1	15.9	-12.8	15.9	0.0	15.9	
1.28906	1.3	-58	3.0	15.9	-12.9	15.9	0.0	15.9	
1.29297	1.3	-58	2.9	15.9	-13.0	15.9	0.0	15.9	
1.29688	1.2	-58	2.8	15.8	-13.0	15.8	0.0	15.8	
1.30078	1.1	-58	2.8	15.8	-13.0	15.8	0.0	15.8	
1.30469	1.0	-57	2.7	15.8	-13.1	15.8	0.0	15.8	
1.30859	0.9	-57	2.6	15.8	-13.2	15.8	0.0	15.8	
1.31250	0.8	-57	2.6	15.8	-13.2	15.8	0.0	15.8	
1.31641	0.7	-57	2.5	15.7	-13.2	15.7	0.0	15.7	
1.32031	0.7	-57	2.5	15.7	-13.2	15.7	0.0	15.7	
1.32422	0.6	-57	2.5	15.7	-13.2	15.7	0.0	15.7	
1.32812	0.5	-57	2.4	15.7	-13.3	15.7	0.0	15.7	
1.33203	0.4	-57	2.4	15.7	-13.3	15.7	0.0	15.7	
1.33594	0.4	-57	2.3	15.7	-13.4	15.7	0.0	15.7	
1.33984	0.3	-57	2.3	15.7	-13.4	15.7	0.0	15.7	
1.34375	0.3	-57	2.3	15.6	-13.3	15.6	0.0	15.6	
1.34766	0.2	-57	2.2	15.6	-13.4	15.6	0.0	15.6	
1.35156	0.2	-57	2.2	15.6	-13.4	15.6	0.0	15.6	
1.35547	0.1	-57	2.2	15.6	-13.4	15.6	0.0	15.6	
1.35938	0.1	-57	2.2	15.6	-13.4	15.6	0.0	15.6	
1.36328	0.1	-57	2.1	15.6	-13.5	15.6	0.0	15.6	
1.36719	-0.0	-57	2.2	15.6	-13.4	15.6	0.0	15.6	
1.37109	-0.0	-57	2.2	15.6	-13.4	15.6	0.0	15.6	
1.37500	-0.0	-57	2.2	15.6	-13.4	15.6	0.0	15.6	
1.37891	-0.1	-57	2.2	15.6	-13.4	15.6	0.0	15.6	
1.38281	-0.1	-57	2.1	15.6	-13.5	15.6	0.0	15.6	
1.38672	-0.1	-57	2.2	15.6	-13.4	15.6	0.0	15.6	
1.39062	-0.2	-57	2.2	15.6	-13.4	15.6	0.0	15.6	
1.39453	-0.2	-57	2.2	15.7	-13.5	15.7	0.0	15.7	
1.39844	-0.2	-57	2.2	15.7	-13.5	15.7	0.0	15.7	
1.40234	-0.2	-57	2.2	15.7	-13.5	15.7	0.0	15.7	
1.40625	-0.2	-57	2.2	15.7	-13.5	15.7	0.0	15.7	
1.41016	-0.2	-57	2.3	15.7	-13.4	15.7	0.0	15.7	
1.41406	-0.2	-57	2.3	15.8	-13.5	15.8	0.0	15.8	
1.41797	-0.2	-57	2.3	15.8	-13.5	15.8	0.0	15.8	
1.42188	-0.2	-57	2.3	15.8	-13.5	15.8	0.0	15.8	
1.42578	-0.2	-57	2.3	15.8	-13.5	15.8	0.0	15.8	
1.42969	-0.2	-57	2.4	15.9	-13.5	15.9	0.0	15.9	
1.43359	-0.1	-57	2.4	15.9	-13.5	15.9	0.0	15.9	
1.43750	-0.1	-57	2.4	15.9	-13.5	15.9	0.0	15.9	
1.44141	-0.0	-57	2.4	15.9	-13.5	15.9	0.0	15.9	
1.44531	0.0	-57	2.3	16.0	-13.7	16.0	0.0	16.0	
1.44922	0.1	-57	2.3	16.0	-13.7	16.0	0.0	16.0	
1.45312	0.2	-57	2.3	16.0	-13.7	16.0	0.0	16.0	
1.45703	0.2	-57	2.3	16.0	-13.7	16.0	0.0	16.0	
1.46094	0.2	-57	2.3	16.1	-13.8	16.1	0.0	16.1	
1.46484	0.2	-57	2.2	16.1	-13.9	16.1	0.0	16.1	
1.46875	0.2	-57	2.2	16.1	-13.9	16.1	0.0	16.1	
1.47266	0.1	-57	2.2	16.1	-13.9	16.1	0.0	16.1	
1.47656	0.1	-57	2.2	16.2	-14.0	16.2	0.0	16.2	
1.48047	-0.1	-57	2.2	16.2	-14.0	16.2	0.0	16.2	
1.48438	-0.2	-57	2.2	16.2	-14.0	16.2	0.0	16.2	
1.48828	-0.2	-57	2.2	16.3	-14.1	16.3	0.0	16.3	
1.49219	-0.4	-57	2.3	16.3	-14.0	16.3	0.0	16.3	
1.49609	-0.5	-57	2.3	16.4	-14.1	16.4	0.0	16.4	
1.50000	-0.5	-57	2.3	16.4	-14.1	16.4	0.0	16.4	
1.50391	-0.6	-57	2.4	16.5	-14.1	16.5	0.0	16.5	
1.50781	-0.6	-57	2.5	16.5	-14.0	16.5	0.0	16.5	
1.51172	-0.6	-57	2.5	16.6	-14.1	16.6	0.0	16.6	
1.51562	-0.5	-57	2.6	16.6	-14.0	16.6	0.0	16.6	
1.51953	-0.5	-57	2.6	16.7	-14.1	16.7	0.0	16.7	
1.52344	-0.4	-57	2.6	16.7	-14.1	16.7	0.0	16.7	
1.52734	-0.4	-57	2.7	16.8	-14.1	16.8	0.0	16.8	
1.53125	-0.3	-57	2.7	16.8	-14.1	16.8	0.0	16.8	
1.53516	-0.2	-58	2.7	16.9	-14.2	16.9	0.0	16.9	
1.53906	-0.2	-58	2.7	16.9	-14.2	16.9	0.0	16.9	
1.54297	-0.1	-58	2.7	17.0	-14.3	17.0	0.0	17.0	
1.54688	-0.1	-58	2.7	17.0	-14.3	17.0	0.0	17.0	
1.55078	0.0	-58	2.7	17.0	-14.3	17.0	0.0	17.0	
1.55469	0.0	-58	2.7	17.1	-14.4	17.1	0.0	17.1	
1.55859	0.0	-58	2.7	17.1	-14.4	17.1	0.0	17.1	
1.56250	0.0	-58	2.7	17.2	-14.5	17.2	0.0	17.2	
1.56641	0.1	-58	2.7	17.2	-14.5	17.2	0.0	17.2	
1.57031	0.0	-58	2.6	17.3	-14.7	17.3	0.0	17.3	
1.57422	-0.1	-58	2.6	17.3	-14.7	17.3	0.0	17.3	
1.57812	-0.1	-58	2.7	17.4	-14.7	17.4	0.0	17.4	
1.58203	-0.1	-58	2.7	17.4	-14.7	17.4	0.0	17.4	
1.58594	-0.3	-58	2.7	17.5	-14.8	17.5	0.0	17.5	
1.58984	-0.4	-58	2.7	17.6	-14.9	17.6	0.0	17.6	
1.59375	-0.5	-58	2.8	17.6	-14.8	17.6	0.0	17.6	
1.59766	-0.7	-58	2.8	17.7	-14.9	17.7	0.0	17.7	
1.60156	-1.0	-58	2.9	17.7	-14.8	17.7	0.0	17.7	
1.60547	-1.2	-58	3.0	17.8	-14.8	17.8	0.0	17.8	
1.60938	-1.5	-58	3.1	17.9	-14.8	17.9	0.0	17.9	
1.61328	-1.8	-58	3.2	17.9	-14.7	17.9	0.0	17.9	
1.61719	-2.2	-58	3.4	18.0	-14.6	18.0	0.0	18.0	
1.62109	-2.5	-58	3.5	18.1	-14.6	18.1	0.0	18.1	
1.62500	-2.9	-59	3.7	18.2	-14.5	18.2	0.0	18.2	
1.62891	-3.2	-59	3.9	18.3	-14.4	18.3	0.0	18.3	
1.63281	-3.5	-59	4.0	18.3	-14.3	18.3	0.0	18.3	
1.63672	-3.7	-59	4.2	18.4	-14.2	18.4	0.0	18.4	
1.64062	-3.9	-59	4.4	18.5	-14.1	18.5	0.0	18.5	
1.64453	-3.9	-60	4.6	18.6	-14.0	18.6	0.0	18.6	
1.64844	-3.9	-60	4.8	18.7	-13.9	18.7	0.0	18.7	
1.65234	-3.9	-60	5.0	18.8	-13.8	18.8	0.0	18.8	
1.65625	-3.7	-60	5.2	18.9	-13.7	18.9	0.0	18.9	
1.66016	-3.5	-61	5.4	19.0	-13.6	19.0	0.0	19.0	
1.66406	-3.3	-61	5.5	19.1	-13.6	19.1	0.0	19.1	
1.66797	-3.0	-61	5.7	19.2	-13.5	19.2	0.0	19.2	
1.67188	-2.8	-61	5.8	19.3	-13.5	19.3	0.0	19.3	
1.67578	-2.5	-61	6.0	19.4	-13.4	19.4	0.0	19.4	
1.67969	-2.3	-62	6.1	19.5	-13.4	19.5	0.0	19.5	
1.68359	-2.1	-62	6.2	19.7	-13.5	19.7	0.0	19.7	
1.68750	-2.0	-62	6.4	19.7	-13.3	19.7	0.0	19.7	
1.69141	-2.0	-62	6.5	19.8	-13.3	19.8	0.0	19.8	
1.69531	-2.1	-62	6.6	20.0	-13.4	20.0	0.0	20.0	
1.69922	-2.2	-62	6.7	20.1	-13.4	20.1	0.0	20.1	
1.70312	-2.3	-62	6.9	20.2	-13.3	20.2	0.0	20.2	
1.70703	-2.5	-63	7.0	20.3	-13.3	20.3	0.0	20.3	
1.71094	-2.8	-63	7.2	20.4	-13.2	20.4	0.0	20.4	
1.71484	-3.1	-63	7.3	20.5	-13.2	20.5	0.0	20.5	
1.71875	-3.4	-63	7.5	20.6	-13.1	20.6	0.0	20.6	
1.72266	-3.6	-63	7.7	20.7	-13.0	20.7	0.0	20.7	
1.72656	-3.9	-64	7.8	20.9	-13.1	20.9	0.0	20.9	
1.73047	-4.1	-64	8.0	21.0	-13.0	21.0	0.0	21.0	
1.73438	-4.3	-64	8.2	21.1	-12.9	21.1	0.0	21.1	
1.73828	-4.5	-65	8.4	21.2	-12.8	21.2	0.0	21.2	
1.74219	-4.6	-65	8.6	21.3	-12.7	21.3	0.0	21.3	
1.74609	-4.7	-65	8.8	21.4	-12.6	21.4	0.0	21.4	
1.75000	-4.7	-65	9.0	21.5	-12.5	21.5	0.0	21.5	
1.75391	-4.7	-66	9.3	21.7	-12.4	21.7	0.0	21.7	
1.75781	-4.7	-66	9.5	21.8	-12.3	21.8	0.0	21.8	
1.76172	-4.7	-66	9.7	21.9	-12.2	21.9	0.0	21.9	
1.76562	-4.7	-67	9.9	22.0	-12.1	22.0	0.0	22.0	
1.76953	-4.6	-67	10.1	22.1	-12.0	22.1	0.0	22.1	
1.77344	-4.5	-67	10.3	22.2	-11.9	22.2	0.0	22.2	
1.77734	-4.6	-68	10.5	22.3	-11.8	22.3	0.0	22.3	
1.78125	-4.6	-68	10.7	22.4	-11.7	22.4	0.0	22.4	
1.78516	-4.7	-68	10.9	22.6	-11.7	22.6	0.0	22.6	
1.78906	-4.7	-68	11.1	22.7	-11.6	22.7	0.0	22.7	
1.79297	-4.7	-69	11.4	22.8	-11.4	22.8	0.0	22.8	
1.79688	-4.8	-69	11.6	22.9	-11.3	22.9	0.0	22.9	
1.80078	-4.8	-69	11.8	23.0	-11.2	23.0	0.0	23.0	
1.80469	-4.9	-70	12.0	23.1	-11.1	23.1	0.0	23.1	
1.80859	-4.9	-70	12.2	23.2	-11.0	23.2	0.0	23.2	
1.81250	-4.9	-70	12.4	23.3	-10.9	23.3	0.0	23.3	
1.81641	-4.9	-71	12.6	23.4	-10.8	23.4	0.0	23.4	
1.82031	-4.8	-71	12.8	23.5	-10.7	23.5	0.0	23.5	
1.82422	-4.8	-71	13.0	23.5	-10.5	23.5	0.0	23.5	
1.82812	-4.7	-72	13.2	23.6	-10.4	23.6	0.0	23.6	
1.83203	-4.7	-72	13.4	23.7	-10.3	23.7	0.0	23.7	
1.83594	-4.7	-72	13.6	23.8	-10.2	23.8	0.0	23.8	
1.83984	-4.6	-73	13.8	23.9	-10.1	23.9	0.0	23.9	
1.84375	-4.5	-73	14.0	23.9	-9.9	23.9	0.0	23.9	
1.84766	-4.5	-73	14.2	24.0	-9.8	24.0	0.0	24.0	
1.85156	-4.5	-73	14.3	24.1	-9.8	24.1	0.0	24.1	
1.85547	-4.5	-74	14.5	24.1	-9.6	24.1	0.0	24.1	
1.85938	-4.4	-74	14.7	24.2	-9.5	24.2	0.0	24.2	
1.86328	-4.3	-74	14.9	24.3	-9.4	24.3	0.0	24.3	
1.86719	-4.2	-75	15.0	24.3	-9.3	24.3	0.0	24.3	
1.87109	-4.0	-75	15.2	24.4	-9.2	24.4	0.0	24.4	
1.87500	-3.9	-75	15.4	24.5	-9.1	24.5	0.0	24.5	
1.87891	-3.6	-75	15.5	24.5	-9.0	24.5	0.0	24.5	
1.88281	-3.4	-75	15.6	24.6	-9.0	24.6	0.0	24.6	
1.88672	-3.1	-76	15.8	24.6	-8.8	24.6	0.0	24.6	
1.89062	-2.7	-76	15.9	24.7	-8.8	24.7	0.0	24.7	
1.89453	-2.4	-76	16.0	24.7	-8.7	24.7	0.0	24.7	
1.89844	-2.1	-76	16.1	24.7	-8.6	24.7	0.0	24.7	
1.90234	-1.7	-76	16.1	24.8	-8.7	24.8	0.0	24.8	
1.90625	-1.3	-76	16.2	24.8	-8.6	24.8	0.0	24.8	
1.91016	-1.1	-76	16.2	24.8	-8.6	24.8	0.0	24.8	
1.91406	-0.8	-76	16.2	24.9	-8.7	24.9	0.0	24.9	
1.91797	-0.6	-77	16.3	24.9	-8.6	24.9	0.0	24.9	
1.92188	-0.4	-77	16.3	24.9	-8.6	24.9	0.0	24.9	
1.92578	-0.2	-77	16.3	24.9	-8.6	24.9	0.0	24.9	
1.92969	-0.1	-77	16.3	24.9	-8.6	24.9	0.0	24.9	
1.93359	0.0	-77	16.3	24.9	-8.6	24.9	0.0	24.9	
1.93750	0.1	-77	16.3	25.0	-8.7	25.0	0.0	25.0	
1.94141	0.1	-77	16.2	25.0	-8.8	25.0	0.0	25.0	
1.94531	0.2	-77	16.2	25.0	-8.8	25.0	0.0	25.0	
1.94922	0.2	-77	16.1	24.9	-8.8	24.9	0.0	24.9	
1.95312	0.2	-77	16.1	24.9	-8.8	24.9	0.0	24.9	
1.95703	0.3	-76	16.0	25.0	-9.0	25.0	0.0	25.0	
1.96094	0.5	-76	15.9	24.9	-9.0	24.9	0.0	24.9	
1.96484	0.5	-76	15.9	24.9	-9.0	24.9	0.0	24.9	
1.96875	0.6	-76	15.8	24.9	-9.1	24.9	0.0	24.9	
1.97266	0.7	-76	15.7	24.9	-9.2	24.9	0.0	24.9	
1.97656	0.8	-76	15.6	24.9	-9.3	24.9	0.0	24.9	
1.98047	0.9	-76	15.5	24.9	-9.4	24.9	0.0	24.9	
1.98438	1.0	-76	15.4	24.9	-9.5	24.9	0.0	24.9	
1.98828	0.9	-76	15.3	24.9	-9.6	24.9	0.0	24.9	
1.99219	0.8	-76	15.2	24.9	-9.7	24.9	0.0	24.9	
1.99609	0.7	-76	15.2	24.8	-9.6	24.8	0.0	24.8	
2.00000	0.6	-76	15.1	24.8	-9.7	24.8	0.0	24.8	
2.00391	0.6	-76	15.0	24.8	-9.8	24.8	0.0	24.8	
2.00781	0.4	-76	15.0	24.8	-9.8	24.8	0.0	24.8	
2.01172	0.2	-76	14.9	24.8	-9.9	24.8	0.0	24.8	
2.01562	0.1	-76	14.9	24.7	-9.8	24.7	0.0	24.7	
2.01953	0.0	-76	14.9	24.7	-9.8	24.7	0.0	24.7	
2.02344	-0.1	-76	14.8	24.7	-9.9	24.7	0.0	24.7	
2.02734	-0.1	-76	14.8	24.7	-9.9	24.7	0.0	24.7	
2.03125	-0.1	-76	14.8	24.6	-9.8	24.6	0.0	24.6	
2.03516	-0.1	-76	14.8	24.6	-9.8	24.6	0.0	24.6	
2.03906	-0.1	-76	14.8	24.6	-9.8	24.6	0.0	24.6	
2.04297	-0.1	-76	14.7	24.6	-9.9	24.6	0.0	24.6	
2.04688	-0.1	-76	14.7	24.6	-9.9	24.6	0.0	24.6	
2.05078	-0.0	-76	14.7	24.5	-9.8	24.5	0.0	24.5	
2.05469	0.0	-76	14.7	24.5	-9.8	24.5	0.0	24.5	
2.05859	0.1	-76	14.6	24.5	-9.9	24.5	0.0	24.5	
2.06250	0.1	-76	14.6	24.5	-9.9	24.5	0.0	24.5	
2.06641	0.1	-76	14.5	24.4	-9.9	24.4	0.0	24.4	
2.07031	0.1	-76	14.5	24.4	-9.9	24.4	0.0	24.4	
2.07422	0.1	-76	14.5	24.4	-9.9	24.4	0.0	24.4	
2.07812	0.0	-76	14.5	24.3	-9.8	24.3	0.0	24.3	
2.08203	-0.1	-76	14.4	24.3	-9.9	24.3	0.0	24.3	
2.08594	-0.1	-76	14.4	24.3	-9.9	24.3	0.0	24.3	
2.08984	-0.1	-76	14.4	24.3	-9.9	24.3	0.0	24.3	
2.09375	-0.2	-76	14.4	24.2	-9.8	24.2	0.0	24.2	
2.09766	-0.2	-76	14.5	24.2	-9.7	24.2	0.0	24.2	
2.10156	-0.3	-76	14.5	24.2	-9.7	24.2	0.0	24.2	
2.10547	-0.4	-76	14.5	24.2	-9.7	24.2	0.0	24.2	
2.10938	-0.4	-76	14.5	24.2	-9.7	24.2	0.0	24.2	
2.11328	-0.4	-76	14.5	24.1	-9.6	24.1	0.0	24.1	
2.11719	-0.4	-76	14.6	24.1	-9.5	24.1	0.0	24.1	
2.12109	-0.3	-76	14.6	24.1	-9.5	24.1	0.0	24.1	
2.12500	-0.3	-76	14.6	24.1	-9.5	24.1	0.0	24.1	
2.12891	-0.3	-76	14.6	24.0	-9.4	24.0	0.0	24.0	
2.13281	-0.2	-76	14.6	24.0	-9.4	24.0	0.0	24.0	
2.13672	-0.1	-76	14.6	24.0	-9.4	24.0	0.0	24.0	
2.14062	-0.1	-76	14.6	24.0	-9.4	24.0	0.0	24.0	
2.14453	-0.0	-76	14.6	23.9	-9.3	23.9	0.0	23.9	
2.14844	0.0	-76	14.6	23.9	-9.3	23.9	0.0	23.9	
2.15234	0.1	-76	14.5	23.8	-9.3	23.8	0.0	23.8	
2.15625	0.3	-76	14.5	23.8	-9.3	23.8	0.0	23.8	
2.16016	0.3	-76	14.4	23.8	-9.4	23.8	0.0	23.8	
2.16406	0.5	-76	14.3	23.7	-9.4	23.7	0.0	23.7	
2.16797	0.7	-76	14.3	23.7	-9.4	23.7	0.0	23.7	
2.17188	0.7	-76	14.2	23.6	-9.4	23.6	0.0	23.6	
2.17578	0.9	-76	14.1	23.6	-9.5	23.6	0.0	23.6	
2.17969	0.9	-76	14.0	23.5	-9.5	23.5	0.0	23.5	
2.18359	1.0	-76	13.9	23.5	-9.6	23.5	0.0	23.5	
2.18750	1.1	-76	13.9	23.4	-9.5	23.4	0.0	23.4	
2.19141	1.1	-76	13.8	23.4	-9.6	23.4	0.0	23.4	
2.19531	1.2	-76	13.7	23.3	-9.6	23.3	0.0	23.3	
2.19922	1.3	-75	13.6	23.3	-9.7	23.3	0.0	23.3	
2.20312	1.3	-75	13.5	23.2	-9.7	23.2	0.0	23.2	
2.20703	1.3	-75	13.4	23.2	-9.8	23.2	0.0	23.2	
2.21094	1.3	-75	13.3	23.1	-9.8	23.1	0.0	23.1	
2.21484	1.2	-75	13.2	23.0	-9.8	23.0	0.0	23.0	
2.21875	1.2	-75	13.2	23.0	-9.8	23.0	0.0	23.0	
2.22266	1.2	-75	13.1	22.9	-9.8	22.9	0.0	22.9	
2.22656	1.1	-75	13.0	22.9	-9.9	22.9	0.0	22.9	
2.23047	1.1	-75	12.9	22.8	-9.9	22.8	0.0	22.8	
2.23438	1.1	-75	12.9	22.7	-9.8	22.7	0.0	22.7	
2.23828	1.0	-75	12.8	22.7	-9.9	22.7	0.0	22.7	
2.24219	0.9	-75	12.8	22.6	-9.8	22.6	0.0	22.6	
2.24609	0.8	-75	12.7	22.6	-9.9	22.6	0.0	22.6	
2.25000	0.7	-75	12.6	22.5	-9.9	22.5	0.0	22.5	
2.25391	0.7	-75	12.6	22.4	-9.8	22.4	0.0	22.4	
2.25781	0.7	-74	12.5	22.4	-9.9	22.4	0.0	22.4	
2.26172	0.6	-74	12.5	22.3	-9.8	22.3	0.0	22.3	
2.26562	0.5	-74	12.4	22.3	-9.9	22.3	0.0	22.3	
2.26953	0.5	-74	12.4	22.2	-9.8	22.2	0.0	22.2	
2.27344	0.5	-74	12.3	22.2	-9.9	22.2	0.0	22.2	
2.27734	0.5	-74	12.3	22.1	-9.8	22.1	0.0	22.1	
2.28125	0.5	-74	12.2	22.1	-9.9	22.1	0.0	22.1	
2.28516	0.4	-74	12.2	22.0	-9.8	22.0	0.0	22.0	
2.28906	0.5	-74	12.1	22.0	-9.9	22.0	0.0	22.0	
2.29297	0.4	-74	12.1	21.9	-9.8	21.9	0.0	21.9	
2.29688	0.4	-74	12.0	21.8	-9.8	21.8	0.0	21.8	
2.30078	0.4	-74	12.0	21.8	-9.8	21.8	0.0	21.8	
2.30469	0.4	-74	11.9	21.7	-9.8	21.7	0.0	21.7	
2.30859	0.4	-74	11.9	21.7	-9.8	21.7	0.0	21.7	
2.31250	0.4	-74	11.9	21.6	-9.7	21.6	0.0	21.6	
2.31641	0.3	-74	11.8	21.6	-9.8	21.6	0.0	21.6	
2.32031	0.3	-74	11.8	21.5	-9.7	21.5	0.0	21.5	
2.32422	0.3	-74	11.8	21.5	-9.7	21.5	0.0	21.5	
2.32812	0.3	-74	11.7	21.4	-9.7	21.4	0.0	21.4	
2.33203	0.3	-74	11.7	21.4	-9.7	21.4	0.0	21.4	
2.33594	0.3	-74	11.6	21.3	-9.7	21.3	0.0	21.3	
2.33984	0.3	-74	11.6	21.3	-9.7	21.3	0.0	21.3	
2.34375	0.3	-74	11.5	21.2	-9.7	21.2	0.0	21.2	
2.34766	0.3	-74	11.5	21.2	-9.7	21.2	0.0	21.2	
2.35156	0.3	-74	11.4	21.1	-9.7	21.1	0.0	21.1	
2.35547	0.3	-74	11.4	21.1	-9.7	21.1	0.0	21.1	
2.35938	0.3	-74	11.4	21.1	-9.7	21.1	0.0	21.1	
2.36328	0.3	-74	11.3	21.0	-9.7	21.0	0.0	21.0	
2.36719	0.2	-74	11.3	20.9	-9.6	20.9	0.0	20.9	
2.37109	0.2	-74	11.3	20.9	-9.6	20.9	0.0	20.9	
2.37500	0.2	-74	11.3	20.9	-9.6	20.9	0.0	20.9	
2.37891	0.1	-74	11.2	20.8	-9.6	20.8	0.0	20.8	
2.38281	0.1	-74	11.2	20.8	-9.6	20.8	0.0	20.8	
2.38672	0.1	-74	11.2	20.7	-9.5	20.7	0.0	20.7	
2.39062	0.0	-74	11.2	20.7	-9.5	20.7	0.0	20.7	
2.39453	0.0	-74	11.1	20.7	-9.6	20.7	0.0	20.7	
2.39844	-0.0	-74	11.1	20.6	-9.5	20.6	0.0	20.6	
2.40234	-0.1	-74	11.1	20.6	-9.5	20.6	0.0	20.6	
2.40625	-0.1	-74	11.1	20.5	-9.4	20.5	0.0	20.5	
2.41016	-0.1	-74	11.1	20.5	-9.4	20.5	0.0	20.5	
2.41406	-0.1	-74	11.2	20.5	-9.3	20.5	0.0	20.5	
2.41797	-0.2	-74	11.2	20.5	-9.3	20.5	0.0	20.5	
2.42188	-0.2	-74	11.2	20.4	-9.2	20.4	0.0	20.4	
2.42578	-0.2	-74	11.2	20.4	-9.2	20.4	0.0	20.4	
2.42969	-0.2	-74	11.2	20.4	-9.2	20.4	0.0	20.4	
2.43359	-0.2	-74	11.3	20.3	-9.0	20.3	0.0	20.3	
2.43750	-0.3	-74	11.3	20.3	-9.0	20.3	0.0	20.3	
2.44141	-0.3	-74	11.3	20.3	-9.0	20.3	0.0	20.3	
2.44531	-0.3	-74	11.4	20.2	-8.8	20.2	0.0	20.2	
2.44922	-0.4	-74	11.4	20.2	-8.8	20.2	0.0	20.2	
2.45312	-0.4	-74	11.4	20.2	-8.8	20.2	0.0	20.2	
2.45703	-0.5	-74	11.5	20.1	-8.6	20.1	0.0	20.1	
2.46094	-0.5	-74	11.6	20.1	-8.5	20.1	0.0	20.1	
2.46484	-0.5	-74	11.6	20.1	-8.5	20.1	0.0	20.1	
2.46875	-0.5	-74	11.7	20.1	-8.4	20.1	0.0	20.1	
2.47266	-0.6	-74	11.7	20.1	-8.4	20.1	0.0	20.1	
2.47656	-0.6	-74	11.8	20.1	-8.3	20.1	0.0	20.1	
2.48047	-0.6	-74	11.8	20.1	-8.3	20.1	0.0	20.1	
2.48438	-0.7	-74	11.9	20.0	-8.1	20.0	0.0	20.0	
2.48828	-0.7	-74	11.9	20.0	-8.1	20.0	0.0	20.0	
2.49219	-0.6	-74	12.0	20.0	-8.0	20.0	0.0	20.0	
2.49609	-0.6	-74	12.0	20.0	-8.0	20.0	0.0	20.0	
2.50000	-0.6	-74	12.1	20.0	-7.9	20.0	0.0	20.0	
2.50391	-0.6	-74	12.1	20.0	-7.9	20.0	0.0	20.0	
2.50781	-0.5	-74	12.2	20.0	-7.8	20.0	0.0	20.0	
2.51172	-0.5	-75	12.2	19.9	-7.7	19.9	0.0	19.9	
2.51562	-0.4	-75	12.3	19.9	-7.6	19.9	0.0	19.9	
2.51953	-0.4	-75	12.3	19.9	-7.6	19.9	0.0	19.9	
2.52344	-0.4	-75	12.3	19.9	-7.6	19.9	0.0	19.9	
2.52734	-0.3	-75	12.3	19.9	-7.6	19.9	0.0	19.9	
2.53125	-0.2	-75	12.4	19.9	-7.5	19.9	0.0	19.9	
2.53516	-0.2	-75	12.4	19.8	-7.4	19.8	0.0	19.8	
2.53906	-0.1	-75	12.4	19.8	-7.4	19.8	0.0	19.8	
2.54297	-0.1	-75	12.4	19.8	-7.4	19.8	0.0	19.8	
2.54688	-0.1	-75	12.4	19.8	-7.4	19.8	0.0	19.8	
2.55078	-0.1	-75	12.5	19.8	-7.3	19.8	0.0	19.8	
2.55469	-0.2	-75	12.5	19.7	-7.2	19.7	0.0	19.7	
2.55859	-0.2	-75	12.5	19.7	-7.2	19.7	0.0	19.7	
2.56250	-0.2	-75	12.5	19.7	-7.2	19.7	0.0	19.7	
2.56641	-0.2	-75	12.5	19.7	-7.2	19.7	0.0	19.7	
2.57031	-0.2	-75	12.6	19.7	-7.1	19.7	0.0	19.7	
2.57422	-0.3	-75	12.6	19.7	-7.1	19.7	0.0	19.7	
2.57812	-0.3	-75	12.6	19.7	-7.1	19.7	0.0	19.7	
2.58203	-0.3	-75	12.7	19.7	-7.0	19.7	0.0	19.7	
2.58594	-0.3	-75	12.7	19.6	-6.9	19.6	0.0	19.6	
2.58984	-0.4	-75	12.7	19.6	-6.9	19.6	0.0	19.6	
2.59375	-0.4	-75	12.8	19.6	-6.8	19.6	0.0	19.6	
2.59766	-0.4	-75	12.8	19.6	-6.8	19.6	0.0	19.6	
2.60156	-0.4	-75	12.8	19.6	-6.8	19.6	0.0	19.6	
2.60547	-0.4	-75	12.9	19.6	-6.7	19.6	0.0	19.6	
2.60938	-0.4	-75	12.9	19.6	-6.7	19.6	0.0	19.6	
2.61328	-0.4	-75	13.0	19.6	-6.6	19.6	0.0	19.6	
2.61719	-0.5	-75	13.0	19.6	-6.6	19.6	0.0	19.6	
2.62109	-0.4	-75	13.1	19.6	-6.5	19.6	0.0	19.6	
2.62500	-0.4	-75	13.1	19.6	-6.5	19.6	0.0	19.6	
2.62891	-0.4	-75	13.1	19.6	-6.5	19.6	0.0	19.6	
2.63281	-0.4	-75	13.2	19.6	-6.4	19.6	0.0	19.6	
2.63672	-0.5	-75	13.2	19.6	-6.4	19.6	0.0	19.6	
2.64062	-0.5	-75	13.3	19.6	-6.3	19.6	0.0	19.6	
2.64453	-0.5	-75	13.3	19.6	-6.3	19.6	0.0	19.6	
2.64844	-0.4	-75	13.3	19.6	-6.3	19.6	0.0	19.6	
2.65234	-0.5	-75	13.4	19.6	-6.2	19.6	0.0	19.6	
2.65625	-0.5	-75	13.4	19.6	-6.2	19.6	0.0	19.6	
2.66016	-0.4	-75	13.5	19.6	-6.1	19.6	0.0	19.6	
2.66406	-0.4	-75	13.5	19.6	-6.1	19.6	0.0	19.6	
2.66797	-0.3	-75	13.5	19.6	-6.1	19.6	0.0	19.6	
2.67188	-0.3	-75	13.6	19.6	-6.0	19.6	0.0	19.6	
2.67578	-0.3	-75	13.6	19.6	-6.0	19.6	0.0	19.6	
2.67969	-0.3	-75	13.6	19.6	-6.0	19.6	0.0	19.6	
2.68359	-0.2	-75	13.6	19.6	-6.0	19.6	0.0	19.6	
2.68750	-0.2	-75	13.7	19.6	-5.9	19.6	0.0	19.6	
2.69141	-0.2	-75	13.7	19.6	-5.9	19.6	0.0	19.6	
2.69531	-0.2	-75	13.7	19.6	-5.9	19.6	0.0	19.6	
2.69922	-0.2	-76	13.7	19.7	-6.0	19.7	0.0	19.7	
2.70312	-0.3	-76	13.8	19.7	-5.9	19.7	0.0	19.7	
2.70703	-0.3	-76	13.8	19.7	-5.9	19.7	0.0	19.7	
2.71094	-0.4	-76	13.8	19.7	-5.9	19.7	0.0	19.7	
2.71484	-0.4	-76	13.9	19.7	-5.8	19.7	0.0	19.7	
2.71875	-0.4	-76	13.9	19.7	-5.8	19.7	0.0	19.7	
2.72266	-0.5	-76	14.0	19.7	-5.7	19.7	0.0	19.7	
2.72656	-0.6	-76	14.0	19.7	-5.7	19.7	0.0	19.7	
2.73047	-0.6	-76	14.1	19.7	-5.6	19.7	0.0	19.7	
2.73438	-0.6	-76	14.1	19.7	-5.6	19.7	0.0	19.7	
2.73828	-0.6	-76	14.2	19.7	-5.5	19.7	0.0	19.7	
2.74219	-0.7	-76	14.2	19.8	-5.6	19.8	0.0	19.8	
2.74609	-0.7	-76	14.3	19.8	-5.5	19.8	0.0	19.8	
2.75000	-0.7	-76	14.3	19.8	-5.5	19.8	0.0	19.8	
2.75391	-0.7	-76	14.4	19.8	-5.4	19.8	0.0	19.8	
2.75781	-0.7	-76	14.5	19.8	-5.3	19.8	0.0	19.8	
2.76172	-0.7	-76	14.5	19.9	-5.4	19.9	0.0	19.9	
2.76562	-0.7	-76	14.6	19.9	-5.3	19.9	0.0	19.9	
2.76953	-0.7	-76	14.6	19.9	-5.3	19.9	0.0	19.9	
2.77344	-0.6	-76	14.7	19.9	-5.2	19.9	0.0	19.9	
2.77734	-0.6	-76	14.7	20.0	-5.3	20.0	0.0	20.0	
2.78125	-0.6	-76	14.8	20.0	-5.2	20.0	0.0	20.0	
2.78516	-0.6	-76	14.8	20.0	-5.2	20.0	0.0	20.0	
2.78906	-0.6	-76	14.9	20.0	-5.1	20.0	0.0	20.0	
2.79297	-0.6	-76	14.9	20.1	-5.2	20.1	0.0	20.1	
2.79688	-0.5	-76	15.0	20.1	-5.1	20.1	0.0	20.1	
2.80078	-0.5	-76	15.0	20.1	-5.1	20.1	0.0	20.1	
2.80469	-0.5	-77	15.1	20.2	-5.1	20.2	0.0	20.2	
2.80859	-0.5	-77	15.1	20.2	-5.1	20.2	0.0	20.2	
2.81250	-0.5	-77	15.1	20.2	-5.1	20.2	0.0	20.2	
2.81641	-0.4	-77	15.2	20.3	-5.1	20.3	0.0	20.3	
2.82031	-0.5	-77	15.2	20.3	-5.1	20.3	0.0	20.3	
2.82422	-0.4	-77	15.3	20.3	-5.0	20.3	0.0	20.3	
2.82812	-0.4	-77	15.3	20.4	-5.1	20.4	0.0	20.4	
2.83203	-0.4	-77	15.3	20.4	-5.1	20.4	0.0	20.4	
2.83594	-0.4	-77	15.4	20.4	-5.0	20.4	0.0	20.4	
2.83984	-0.4	-77	15.4	20.5	-5.1	20.5	0.0	20.5	
2.84375	-0.4	-77	15.5	20.5	-5.0	20.5	0.0	20.5	
2.84766	-0.4	-77	15.5	20.5	-5.0	20.5	0.0	20.5	
2.85156	-0.4	-77	15.5	20.6	-5.1	20.6	0.0	20.6	
2.85547	-0.4	-77	15.6	20.6	-5.0	20.6	0.0	20.6	
2.85938	-0.4	-77	15.6	20.6	-5.0	20.6	0.0	20.6	
2.86328	-0.4	-77	15.6	20.7	-5.1	20.7	0.0	20.7	
2.86719	-0.4	-77	15.7	20.7	-5.0	20.7	0.0	20.7	
2.87109	-0.3	-77	15.7	20.8	-5.1	20.8	0.0	20.8	
2.87500	-0.3	-77	15.7	20.8	-5.1	20.8	0.0	20.8	
2.87891	-0.3	-77	15.8	20.8	-5.0	20.8	0.0	20.8	
2.88281	-0.3	-77	15.8	20.9	-5.1	20.9	0.0	20.9	
2.88672	-0.3	-77	15.8	20.9	-5.1	20.9	0.0	20.9	
2.89062	-0.3	-77	15.9	21.0	-5.1	21.0	0.0	21.0	
2.89453	-0.3	-77	15.9	21.0	-5.1	21.0	0.0	21.0	
2.89844	-0.3	-77	15.9	21.1	-5.2	21.1	0.0	21.1	
2.90234	-0.3	-77	15.9	21.1	-5.2	21.1	0.0	21.1	
2.90625	-0.3	-77	16.0	21.1	-5.1	21.1	0.0	21.1	
2.91016	-0.4	-77	16.0	21.2	-5.2	21.2	0.0	21.2	
2.91406	-0.4	-77	16.0	21.2	-5.2	21.2	0.0	21.2	
2.91797	-0.4	-77	16.1	21.3	-5.2	21.3	0.0	21.3	
2.92188	-0.4	-77	16.1	21.3	-5.2	21.3	0.0	21.3	
2.92578	-0.4	-77	16.1	21.4	-5.3	21.4	0.0	21.4	
2.92969	-0.4	-77	16.2	21.4	-5.2	21.4	0.0	21.4	
2.93359	-0.4	-77	16.2	21.4	-5.2	21.4	0.0	21.4	
2.93750	-0.4	-77	16.2	21.5	-5.3	21.5	0.0	21.5	
2.94141	-0.4	-77	16.3	21.5	-5.2	21.5	0.0	21.5	
2.94531	-0.4	-77	16.3	21.6	-5.3	21.6	0.0	21.6	
2.94922	-0.4	-77	16.3	21.6	-5.3	21.6	0.0	21.6	
2.95312	-0.4	-77	16.4	21.7	-5.3	21.7	0.0	21.7	
2.95703	-0.4	-77	16.4	21.7	-5.3	21.7	0.0	21.7	
2.96094	-0.4	-78	16.4	21.8	-5.4	21.8	0.0	21.8	
2.96484	-0.3	-78	16.5	21.8	-5.3	21.8	0.0	21.8	
2.96875	-0.3	-78	16.5	21.8	-5.3	21.8	0.0	21.8	
2.97266	-0.3	-78	16.5	21.9	-5.4	21.9	0.0	21.9	
2.97656	-0.3	-78	16.6	21.9	-5.3	21.9	0.0	21.9	
2.98047	-0.3	-78	16.6	22.0	-5.4	22.0	0.0	22.0	
2.98438	-0.3	-78	16.6	22.0	-5.4	22.0	0.0	22.0	
2.98828	-0.3	-78	16.6	22.1	-5.5	22.1	0.0	22.1	
2.99219	-0.2	-78	16.7	22.1	-5.4	22.1	0.0	22.1	
2.99609	-0.2	-78	16.7	22.1	-5.4	22.1	0.0	22.1	
3.00000	-0.2	-78	16.7	22.2	-5.5	22.2	0.0	22.2	
3.00391	-0.1	-78	16.7	22.2	-5.5	22.2	0.0	22.2	
3.00781	-0.2	-78	16.7	22.3	-5.6	22.3	0.0	22.3	
3.01172	-0.2	-78	16.7	22.3	-5.6	22.3	0.0	22.3	
3.01562	-0.2	-78	16.8	22.3	-5.5	22.3	0.0	22.3	
3.01953	-0.2	-78	16.8	22.4	-5.6	22.4	0.0	22.4	
3.02344	-0.2	-78	16.8	22.4	-5.6	22.4	0.0	22.4	
3.02734	-0.2	-78	16.8	22.5	-5.7	22.5	0.0	22.5	
3.03125	-0.2	-78	16.8	22.5	-5.7	22.5	0.0	22.5	
3.03516	-0.2	-78	16.8	22.6	-5.8	22.6	0.0	22.6	
3.03906	-0.2	-78	16.9	22.6	-5.7	22.6	0.0	22.6	
3.04297	-0.3	-78	16.9	22.6	-5.7	22.6	0.0	22.6	
3.04688	-0.3	-78	16.9	22.7	-5.8	22.7	0.0	22.7	
3.05078	-0.3	-78	16.9	22.7	-5.8	22.7	0.0	22.7	
3.05469	-0.3	-78	17.0	22.8	-5.8	22.8	0.0	22.8	
3.05859	-0.3	-78	17.0	22.8	-5.8	22.8	0.0	22.8	
3.06250	-0.3	-78	17.0	22.9	-5.9	22.9	0.0	22.9	
3.06641	-0.3	-78	17.1	22.9	-5.8	22.9	0.0	22.9	
3.07031	-0.4	-78	17.1	22.9	-5.8	22.9	0.0	22.9	
3.07422	-0.3	-78	17.1	23.0	-5.9	23.0	0.0	23.0	
3.07812	-0.3	-78	17.2	23.0	-5.8	23.0	0.0	23.0	
3.08203	-0.3	-78	17.2	23.1	-5.9	23.1	0.0	23.1	
3.08594	-0.3	-78	17.2	23.1	-5.9	23.1	0.0	23.1	
3.08984	-0.3	-78	17.3	23.2	-5.9	23.2	0.0	23.2	
3.09375	-0.3	-78	17.3	23.2	-5.9	23.2	0.0	23.2	
3.09766	-0.3	-78	17.3	23.2	-5.9	23.2	0.0	23.2	
3.10156	-0.3	-78	17.4	23.3	-5.9	23.3	0.0	23.3	
3.10547	-0.3	-78	17.4	23.3	-5.9	23.3	0.0	23.3	
3.10938	-0.3	-78	17.4	23.4	-6.0	23.4	0.0	23.4	
3.11328	-0.4	-78	17.5	23.4	-5.9	23.4	0.0	23.4	
3.11719	-0.4	-78	17.5	23.5	-6.0	23.5	0.0	23.5	
3.12109	-0.4	-78	17.5	23.5	-6.0	23.5	0.0	23.5	
3.12500	-0.4	-78	17.6	23.6	-6.0	23.6	0.0	23.6	
3.12891	-0.4	-78	17.6	23.6	-6.0	23.6	0.0	23.6	
3.13281	-0.4	-78	17.7	23.6	-5.9	23.6	0.0	23.6	
3.13672	-0.5	-78	17.7	23.7	-6.0	23.7	0.0	23.7	
3.14062	-0.5	-78	17.8	23.7	-5.9	23.7	0.0	23.7	
3.14453	-0.6	-78	17.8	23.8	-6.0	23.8	0.0	23.8	
3.14844	-0.6	-78	17.8	23.8	-6.0	23.8	0.0	23.8	
3.15234	-0.6	-78	17.9	23.8	-5.9	23.8	0.0	23.8	
3.15625	-0.6	-79	18.0	23.9	-5.9	23.9	0.0	23.9	
3.16016	-0.7	-79	18.0	24.0	-6.0	24.0	0.0	24.0	
3.16406	-0.7	-79	18.1	24.0	-5.9	24.0	0.0	24.0	
3.16797	-0.7	-79	18.1	24.0	-5.9	24.0	0.0	24.0	
3.17188	-0.7	-79	18.2	24.1	-5.9	24.1	0.0	24.1	
3.17578	-0.7	-79	18.2	24.1	-5.9	24.1	0.0	24.1	
3.17969	-0.7	-79	18.3	24.2	-5.9	24.2	0.0	24.2	
3.18359	-0.8	-79	18.4	24.2	-5.8	24.2	0.0	24.2	
3.18750	-0.7	-79	18.4	24.3	-5.9	24.3	0.0	24.3	
3.19141	-0.8	-79	18.5	24.3	-5.8	24.3	0.0	24.3	
3.19531	-0.9	-79	18.6	24.4	-5.8	24.4	0.0	24.4	
3.19922	-0.9	-79	18.6	24.4	-5.8	24.4	0.0	24.4	
3.20312	-1.0	-79	18.7	24.5	-5.8	24.5	0.0	24.5	
3.20703	-1.1	-79	18.8	24.5	-5.7	24.5	0.0	24.5	
3.21094	-1.3	-79	18.9	24.6	-5.7	24.6	0.0	24.6	
3.21484	-1.4	-79	19.0	24.6	-5.6	24.6	0.0	24.6	
3.21875	-1.6	-79	19.1	24.7	-5.6	24.7	0.0	24.7	
3.22266	-1.8	-80	19.2	24.8	-5.6	24.8	0.0	24.8	
3.22656	-1.9	-80	19.3	24.8	-5.5	24.8	0.0	24.8	
3.23047	-2.1	-80	19.4	24.9	-5.5	24.9	0.0	24.9	
3.23438	-2.2	-80	19.6	24.9	-5.3	24.9	0.0	24.9	
3.23828	-2.3	-80	19.7	25.0	-5.3	25.0	0.0	25.0	
3.24219	-2.4	-80	19.8	25.1	-5.3	25.1	0.0	25.1	
3.24609	-2.6	-80	20.0	25.1	-5.1	25.1	0.0	25.1	
3.25000	-2.7	-81	20.1	25.2	-5.1	25.2	0.0	25.2	
3.25391	-2.8	-81	20.3	25.3	-5.0	25.3	0.0	25.3	
3.25781	-3.0	-81	20.4	25.4	-5.0	25.4	0.0	25.4	
3.26172	-3.1	-81	20.6	25.5	-4.9	25.5	0.0	25.5	
3.26562	-3.3	-81	20.8	25.5	-4.7	25.5	0.0	25.5	
3.26953	-3.5	-82	21.0	25.6	-4.6	25.6	0.0	25.6	
3.27344	-3.7	-82	21.2	25.7	-4.5	25.7	0.0	25.7	
3.27734	-3.9	-82	21.4	25.8	-4.4	25.8	0.0	25.8	
3.28125	-4.1	-82	21.6	25.9	-4.3	25.9	0.0	25.9	
3.28516	-4.2	-83	21.8	26.0	-4.2	26.0	0.0	26.0	
3.28906	-4.3	-83	22.0	26.0	-4.0	26.0	0.0	26.0	
3.29297	-4.4	-83	22.2	26.1	-3.9	26.1	0.0	26.1	
3.29688	-4.4	-84	22.4	26.2	-3.8	26.2	0.0	26.2	
3.30078	-4.3	-84	22.6	26.3	-3.7	26.3	0.0	26.3	
3.30469	-4.2	-84	22.8	26.4	-3.6	26.4	0.0	26.4	
3.30859	-4.0	-84	23.0	26.5	-3.5	26.5	0.0	26.5	
3.31250	-3.9	-85	23.1	26.6	-3.5	26.6	0.0	26.6	
3.31641	-3.7	-85	23.3	26.7	-3.4	26.7	0.0	26.7	
3.32031	-3.5	-85	23.5	26.8	-3.3	26.8	0.0	26.8	
3.32422	-3.4	-85	23.6	26.9	-3.3	26.9	0.0	26.9	
3.32812	-3.3	-86	23.8	27.1	-3.3	27.1	0.0	27.1	
3.33203	-3.3	-86	24.0	27.2	-3.2	27.2	0.0	27.2	
3.33594	-3.3	-86	24.1	27.3	-3.2	27.3	0.0	27.3	
3.33984	-3.4	-86	24.3	27.4	-3.1	27.4	0.0	27.4	
3.34375	-3.5	-86	24.5	27.5	-3.0	27.5	0.0	27.5	
3.34766	-3.7	-87	24.6	27.6	-3.0	27.6	0.0	27.6	
3.35156	-3.8	-87	24.8	27.7	-2.9	27.7	0.0	27.7	
3.35547	-4.0	-87	25.0	27.8	-2.8	27.8	0.0	27.8	
3.35938	-4.1	-87	25.2	27.9	-2.7	27.9	0.0	27.9	
3.36328	-4.2	-88	25.4	28.0	-2.6	28.0	0.0	28.0	
3.36719	-4.2	-88	25.5	28.1	-2.6	28.1	0.0	28.1	
3.37109	-4.2	-88	25.7	28.3	-2.6	28.3	0.0	28.3	
3.37500	-4.1	-89	25.9	28.4	-2.5	28.4	0.0	28.4	
3.37891	-4.0	-89	26.1	28.5	-2.4	28.5	0.0	28.5	
3.38281	-3.8	-89	26.2	28.6	-2.4	28.6	0.0	28.6	
3.38672	-3.7	-89	26.4	28.7	-2.3	28.7	0.0	28.7	
3.39062	-3.5	-90	26.5	28.8	-2.3	28.8	0.0	28.8	
3.39453	-3.3	-90	26.7	28.9	-2.2	28.9	0.0	28.9	
3.39844	-3.1	-90	26.8	29.0	-2.2	29.0	0.0	29.0	
3.40234	-3.0	-90	26.9	29.1	-2.2	29.1	0.0	29.1	
3.40625	-2.8	-90	27.0	29.2	-2.2	29.2	0.0	29.2	
3.41016	-2.7	-90	27.1	29.4	-2.3	29.4	0.0	29.4	
3.41406	-2.6	-91	27.3	29.5	-2.2	29.5	0.0	29.5	
3.41797	-2.5	-91	27.4	29.6	-2.2	29.6	0.0	29.6	
3.42188	-2.4	-91	27.5	29.7	-2.2	29.7	0.0	29.7	
3.42578	-2.4	-91	27.6	29.8	-2.2	29.8	0.0	29.8	
3.42969	-2.5	-91	27.7	29.9	-2.2	29.9	0.0	29.9	
3.43359	-2.6	-91	27.8	29.9	-2.1	29.9	0.0	29.9	
3.43750	-2.7	-92	27.9	30.0	-2.1	30.0	0.0	30.0	
3.44141	-2.7	-92	28.1	30.1	-2.0	30.1	0.0	30.1	
3.44531	-2.8	-92	28.2	30.2	-2.0	30.2	0.0	30.2	
3.44922	-3.0	-92	28.3	30.3	-2.0	30.3	0.0	30.3	
3.45312	-3.0	-92	28.4	30.4	-2.0	30.4	0.0	30.4	
3.45703	-3.1	-93	28.6	30.4	-1.8	30.4	0.0	30.4	
3.46094	-3.2	-93	28.7	30.5	-1.8	30.5	0.0	30.5	
3.46484	-3.3	-93	28.9	30.6	-1.7	30.6	0.0	30.6	
3.46875	-3.3	-93	29.0	30.7	-1.7	30.7	0.0	30.7	
3.47266	-3.2	-93	29.1	30.8	-1.7	30.8	0.0	30.8	
3.47656	-3.1	-94	29.2	30.8	-1.6	30.8	0.0	30.8	
3.48047	-3.0	-94	29.4	30.9	-1.5	30.9	0.0	30.9	
3.48438	-2.9	-94	29.5	31.0	-1.5	31.0	0.0	31.0	
3.48828	-2.7	-94	29.6	31.0	-1.4	31.0	0.0	31.0	
3.49219	-2.6	-94	29.7	31.1	-1.4	31.1	0.0	31.1	
3.49609	-2.4	-95	29.8	31.2	-1.4	31.2	0.0	31.2	
3.50000	-2.3	-95	29.9	31.2	-1.3	31.2	0.0	31.2	
3.50391	-2.1	-95	30.0	31.3	-1.3	31.3	0.0	31.3	
3.50781	-2.0	-95	30.1	31.4	-1.3	31.4	0.0	31.4	
3.51172	-1.9	-95	30.2	31.4	-1.2	31.4	0.0	31.4	
3.51562	-1.9	-95	30.3	31.5	-1.2	31.5	0.0	31.5	
3.51953	-1.8	-95	30.3	31.5	-1.2	31.5	0.0	31.5	
3.52344	-1.7	-95	30.4	31.6	-1.2	31.6	0.0	31.6	
3.52734	-1.6	-96	30.5	31.7	-1.2	31.7	0.0	31.7	
3.53125	-1.5	-96	30.6	31.7	-1.1	31.7	0.0	31.7	
3.53516	-1.5	-96	30.6	31.8	-1.2	31.8	0.0	31.8	
3.53906	-1.4	-96	30.7	31.8	-1.1	31.8	0.0	31.8	
3.54297	-1.2	-96	30.7	31.9	-1.2	31.9	0.0	31.9	
3.54688	-1.1	-96	30.8	31.9	-1.1	31.9	0.0	31.9	
3.55078	-1.0	-96	30.8	32.0	-1.2	32.0	0.0	32.0	
3.55469	-0.8	-96	30.8	32.0	-1.2	32.0	0.0	32.0	
3.55859	-0.6	-96	30.8	32.1	-1.3	32.1	0.0	32.1	
3.56250	-0.5	-96	30.9	32.1	-1.2	32.1	0.0	32.1	
3.56641	-0.4	-96	30.9	32.1	-1.2	32.1	0.0	32.1	
3.57031	-0.3	-96	30.9	32.2	-1.3	32.2	0.0	32.2	
3.57422	-0.3	-96	30.9	32.2	-1.3	32.2	0.0	32.2	
3.57812	-0.1	-96	30.9	32.3	-1.4	32.3	0.0	32.3	
3.58203	-0.1	-96	30.9	32.3	-1.4	32.3	0.0	32.3	
3.58594	-0.0	-96	30.8	32.3	-1.5	32.3	0.0	32.3	
3.58984	0.0	-96	30.8	32.3	-1.5	32.3	0.0	32.3	
3.59375	0.0	-96	30.8	32.4	-1.6	32.4	0.0	32.4	
3.59766	0.0	-96	30.8	32.4	-1.6	32.4	0.0	32.4	
3.60156	0.0	-96	30.8	32.4	-1.6	32.4	0.0	32.4	
3.60547	-0.0	-96	30.7	32.4	-1.7	32.4	0.0	32.4	
3.60938	-0.0	-96	30.7	32.5	-1.8	32.5	0.0	32.5	
3.61328	-0.0	-96	30.7	32.5	-1.8	32.5	0.0	32.5	
3.61719	-0.1	-96	30.7	32.5	-1.8	32.5	0.0	32.5	
3.62109	-0.1	-96	30.7	32.6	-1.9	32.6	0.0	32.6	
3.62500	-0.1	-96	30.7	32.6	-1.9	32.6	0.0	32.6	
3.62891	-0.2	-96	30.7	32.6	-1.9	32.6	0.0	32.6	
3.63281	-0.2	-96	30.7	32.6	-1.9	32.6	0.0	32.6	
3.63672	-0.1	-96	30.6	32.6	-2.0	32.6	0.0	32.6	
3.64062	-0.1	-96	30.6	32.6	-2.0	32.6	0.0	32.6	
3.64453	0.1	-96	30.6	32.7	-2.1	32.7	0.0	32.7	
3.64844	0.2	-96	30.5	32.7	-2.2	32.7	0.0	32.7	
3.65234	0.5	-96	30.4	32.7	-2.3	32.7	0.0	32.7	
3.65625	0.8	-96	30.4	32.7	-2.3	32.7	0.0	32.7	
3.66016	1.2	-96	30.3	32.7	-2.4	32.7	0.0	32.7	
3.66406	1.6	-96	30.1	32.7	-2.6	32.7	0.0	32.7	
3.66797	2.0	-96	30.0	32.7	-2.7	32.7	0.0	32.7	
3.67188	2.4	-96	29.9	32.7	-2.8	32.7	0.0	32.7	
3.67578	2.7	-96	29.7	32.7	-3.0	32.7	0.0	32.7	
3.67969	2.9	-95	29.6	32.7	-3.1	32.7	0.0	32.7	
3.68359	3.1	-95	29.4	32.7	-3.3	32.7	0.0	32.7	
3.68750	3.2	-95	29.3	32.7	-3.4	32.7	0.0	32.7	
3.69141	3.3	-95	29.1	32.7	-3.6	32.7	0.0	32.7	
3.69531	3.3	-94	29.0	32.6	-3.6	32.6	0.0	32.6	
3.69922	3.4	-94	28.8	32.6	-3.8	32.6	0.0	32.6	
3.70312	3.6	-94	28.6	32.6	-4.0	32.6	0.0	32.6	
3.70703	3.8	-94	28.4	32.6	-4.2	32.6	0.0	32.6	
3.71094	4.2	-94	28.2	32.6	-4.4	32.6	0.0	32.6	
3.71484	4.8	-93	28.0	32.6	-4.6	32.6	0.0	32.6	
3.71875	5.4	-93	27.7	32.5	-4.8	32.5	0.0	32.5	
3.72266	6.3	-92	27.4	32.5	-5.1	32.5	0.0	32.5	
