FluxView - FluxMed acquisition system
Signal file
Serial Number	:
W version:	1.20h-OX-CO2	File version:	1.13
Sampling rate:	256 Hz
Time	Flow	Volume	Paw	Pes	Ptpulm	Pga	Ptdiaf	CO2	
0.00391	-4.0	888	17.0	15.6	1.4	0.0	-15.6	0.0	
0.00781	-3.8	887	17.0	15.5	1.5	0.0	-15.5	0.0	
0.01172	-4.0	887	17.1	15.5	1.6	0.0	-15.5	0.0	
0.01562	-3.9	887	17.1	15.4	1.7	0.0	-15.4	0.0	
0.01953	-3.8	887	17.1	15.3	1.8	0.0	-15.3	0.0	
0.02344	-3.9	886	17.1	15.3	1.8	0.0	-15.3	0.0	
0.02734	-3.9	886	17.1	15.2	1.9	0.0	-15.2	0.0	
0.03125	-3.8	886	17.2	15.2	2.0	0.0	-15.2	0.0	
0.03516	-3.9	886	17.2	15.2	2.0	0.0	-15.2	0.0	
0.03906	-4.0	885	17.2	15.1	2.1	0.0	-15.1	0.0	
0.04297	-3.8	885	17.2	15.1	2.1	0.0	-15.1	0.0	
0.04688	-3.8	885	17.2	15.1	2.1	0.0	-15.1	0.0	
0.05078	-3.9	885	17.2	15.0	2.2	0.0	-15.0	0.0	
0.05469	-3.9	884	17.2	15.0	2.2	0.0	-15.0	0.0	
0.05859	-4.1	884	17.2	15.0	2.2	0.0	-15.0	0.0	
0.06250	-4.5	884	17.2	15.0	2.2	0.0	-15.0	0.0	
0.06641	-4.5	884	17.2	14.9	2.3	0.0	-14.9	0.0	
0.07031	-4.2	883	17.2	14.9	2.3	0.0	-14.9	0.0	
0.07422	-4.0	883	17.2	14.9	2.3	0.0	-14.9	0.0	
0.07812	-4.0	883	17.2	14.9	2.3	0.0	-14.9	0.0	
0.08203	-4.1	883	17.2	14.8	2.4	0.0	-14.8	0.0	
0.08594	-4.1	882	17.2	14.8	2.4	0.0	-14.8	0.0	
0.08984	-4.2	882	17.2	14.9	2.3	0.0	-14.9	0.0	
0.09375	-4.3	882	17.2	14.9	2.3	0.0	-14.9	0.0	
0.09766	-4.2	881	17.2	14.9	2.3	0.0	-14.9	0.0	
0.10156	-4.2	881	17.1	14.8	2.3	0.0	-14.8	0.0	
0.10547	-4.2	881	17.1	14.8	2.3	0.0	-14.8	0.0	
0.10938	-4.3	881	17.2	14.8	2.4	0.0	-14.8	0.0	
0.11328	-4.4	880	17.2	14.8	2.4	0.0	-14.8	0.0	
0.11719	-4.3	880	17.2	14.8	2.4	0.0	-14.8	0.0	
0.12109	-4.2	880	17.1	14.8	2.3	0.0	-14.8	0.0	
0.12500	-4.2	879	17.1	14.8	2.3	0.0	-14.8	0.0	
0.12891	-4.2	879	17.1	14.8	2.3	0.0	-14.8	0.0	
0.13281	-4.1	879	17.1	14.8	2.3	0.0	-14.8	0.0	
0.13672	-4.1	879	17.1	14.8	2.3	0.0	-14.8	0.0	
0.14062	-4.2	878	17.1	14.8	2.3	0.0	-14.8	0.0	
0.14453	-4.3	878	17.1	14.8	2.3	0.0	-14.8	0.0	
0.14844	-4.3	878	17.1	14.8	2.3	0.0	-14.8	0.0	
0.15234	-4.3	878	17.1	14.9	2.2	0.0	-14.9	0.0	
0.15625	-4.2	877	17.1	14.9	2.2	0.0	-14.9	0.0	
0.16016	-4.1	877	17.1	14.9	2.2	0.0	-14.9	0.0	
0.16406	-4.2	877	17.1	14.9	2.2	0.0	-14.9	0.0	
0.16797	-4.2	876	17.1	15.0	2.1	0.0	-15.0	0.0	
0.17188	-4.2	876	17.1	15.0	2.1	0.0	-15.0	0.0	
0.17578	-4.1	876	17.1	15.0	2.1	0.0	-15.0	0.0	
0.17969	-3.9	876	17.1	15.0	2.1	0.0	-15.0	0.0	
0.18359	-3.8	875	17.1	15.0	2.1	0.0	-15.0	0.0	
0.18750	-3.8	875	17.1	15.0	2.1	0.0	-15.0	0.0	
0.19141	-3.6	875	17.0	15.0	2.0	0.0	-15.0	0.0	
0.19531	-3.3	875	17.0	15.0	2.0	0.0	-15.0	0.0	
0.19922	-3.2	875	17.0	15.1	1.9	0.0	-15.1	0.0	
0.20312	-3.2	874	17.0	15.1	1.9	0.0	-15.1	0.0	
0.20703	-3.2	874	17.0	15.0	2.0	0.0	-15.0	0.0	
0.21094	-3.3	874	17.0	15.0	2.0	0.0	-15.0	0.0	
0.21484	-3.3	874	17.0	15.0	2.0	0.0	-15.0	0.0	
0.21875	-3.2	873	16.9	15.0	1.9	0.0	-15.0	0.0	
0.22266	-3.3	873	16.9	15.1	1.8	0.0	-15.1	0.0	
0.22656	-3.2	873	16.9	15.1	1.8	0.0	-15.1	0.0	
0.23047	-3.1	873	16.9	15.1	1.8	0.0	-15.1	0.0	
0.23438	-3.3	873	16.9	15.2	1.7	0.0	-15.2	0.0	
0.23828	-3.4	872	16.9	15.2	1.7	0.0	-15.2	0.0	
0.24219	-3.3	872	16.9	15.2	1.7	0.0	-15.2	0.0	
0.24609	-3.2	872	17.0	15.2	1.8	0.0	-15.2	0.0	
0.25000	-3.3	872	17.0	15.2	1.8	0.0	-15.2	0.0	
0.25391	-3.4	872	16.9	15.2	1.7	0.0	-15.2	0.0	
0.25781	-3.3	871	17.0	15.2	1.8	0.0	-15.2	0.0	
0.26172	-3.2	871	17.0	15.2	1.8	0.0	-15.2	0.0	
0.26562	-3.0	871	17.0	15.3	1.7	0.0	-15.3	0.0	
0.26953	-2.9	871	17.0	15.3	1.7	0.0	-15.3	0.0	
0.27344	-2.9	871	17.0	15.3	1.7	0.0	-15.3	0.0	
0.27734	-2.8	870	17.0	15.4	1.6	0.0	-15.4	0.0	
0.28125	-2.8	870	17.0	15.4	1.6	0.0	-15.4	0.0	
0.28516	-2.8	870	17.0	15.4	1.6	0.0	-15.4	0.0	
0.28906	-2.7	870	16.9	15.4	1.5	0.0	-15.4	0.0	
0.29297	-2.8	870	16.9	15.4	1.5	0.0	-15.4	0.0	
0.29688	-2.8	869	17.0	15.4	1.6	0.0	-15.4	0.0	
0.30078	-2.7	869	16.9	15.4	1.5	0.0	-15.4	0.0	
0.30469	-2.7	869	17.0	15.4	1.6	0.0	-15.4	0.0	
0.30859	-2.6	869	17.0	15.5	1.5	0.0	-15.5	0.0	
0.31250	-2.7	869	16.9	15.5	1.4	0.0	-15.5	0.0	
0.31641	-2.9	869	16.9	15.5	1.4	0.0	-15.5	0.0	
0.32031	-2.8	868	17.0	15.5	1.5	0.0	-15.5	0.0	
0.32422	-2.7	868	17.0	15.5	1.5	0.0	-15.5	0.0	
0.32812	-2.7	868	16.9	15.6	1.3	0.0	-15.6	0.0	
0.33203	-2.8	868	17.0	15.5	1.5	0.0	-15.5	0.0	
0.33594	-2.8	868	17.0	15.5	1.5	0.0	-15.5	0.0	
0.33984	-2.8	867	16.9	15.6	1.3	0.0	-15.6	0.0	
0.34375	-2.8	867	16.9	15.6	1.3	0.0	-15.6	0.0	
0.34766	-2.8	867	17.0	15.6	1.4	0.0	-15.6	0.0	
0.35156	-2.6	867	16.9	15.6	1.3	0.0	-15.6	0.0	
0.35547	-2.6	867	16.9	15.7	1.2	0.0	-15.7	0.0	
0.35938	-2.6	867	16.9	15.7	1.2	0.0	-15.7	0.0	
0.36328	-2.5	866	16.9	15.7	1.2	0.0	-15.7	0.0	
0.36719	-2.5	866	16.9	15.8	1.1	0.0	-15.8	0.0	
0.37109	-2.4	866	17.0	15.8	1.2	0.0	-15.8	0.0	
0.37500	-2.5	866	17.0	15.8	1.2	0.0	-15.8	0.0	
0.37891	-2.6	866	17.0	15.8	1.2	0.0	-15.8	0.0	
0.38281	-2.3	866	17.0	15.8	1.2	0.0	-15.8	0.0	
0.38672	-2.1	866	17.0	15.9	1.1	0.0	-15.9	0.0	
0.39062	-2.1	865	16.9	15.9	1.0	0.0	-15.9	0.0	
0.39453	-2.1	865	16.9	15.9	1.0	0.0	-15.9	0.0	
0.39844	-2.1	865	17.0	15.9	1.1	0.0	-15.9	0.0	
0.40234	-2.2	865	17.0	15.9	1.1	0.0	-15.9	0.0	
0.40625	-2.0	865	16.9	16.0	0.9	0.0	-16.0	0.0	
0.41016	-1.8	865	16.9	16.0	0.9	0.0	-16.0	0.0	
0.41406	-1.9	865	16.9	16.0	0.9	0.0	-16.0	0.0	
0.41797	-1.9	864	16.9	16.0	0.9	0.0	-16.0	0.0	
0.42188	-1.8	864	16.9	16.1	0.8	0.0	-16.1	0.0	
0.42578	-1.9	864	16.9	16.1	0.8	0.0	-16.1	0.0	
0.42969	-2.0	864	16.9	16.1	0.8	0.0	-16.1	0.0	
0.43359	-2.0	864	17.0	16.1	0.9	0.0	-16.1	0.0	
0.43750	-2.0	864	17.0	16.1	0.9	0.0	-16.1	0.0	
0.44141	-1.8	864	16.9	16.2	0.7	0.0	-16.2	0.0	
0.44531	-1.8	864	16.9	16.2	0.7	0.0	-16.2	0.0	
0.44922	-1.9	863	16.9	16.2	0.7	0.0	-16.2	0.0	
0.45312	-1.9	863	16.9	16.2	0.7	0.0	-16.2	0.0	
0.45703	-2.0	863	16.9	16.2	0.7	0.0	-16.2	0.0	
0.46094	-1.9	863	16.9	16.2	0.7	0.0	-16.2	0.0	
0.46484	-1.9	863	16.9	16.2	0.7	0.0	-16.2	0.0	
0.46875	-1.9	863	16.9	16.2	0.7	0.0	-16.2	0.0	
0.47266	-1.9	863	16.9	16.3	0.6	0.0	-16.3	0.0	
0.47656	-2.1	863	16.9	16.3	0.6	0.0	-16.3	0.0	
0.48047	-2.0	862	17.0	16.3	0.7	0.0	-16.3	0.0	
0.48438	-1.7	862	17.0	16.3	0.7	0.0	-16.3	0.0	
0.48828	-1.9	862	17.0	16.3	0.7	0.0	-16.3	0.0	
0.49219	-2.1	862	17.0	16.3	0.7	0.0	-16.3	0.0	
0.49609	-2.0	862	17.0	16.3	0.7	0.0	-16.3	0.0	
0.50000	-2.1	862	17.0	16.3	0.7	0.0	-16.3	0.0	
0.50391	-2.1	862	17.0	16.3	0.7	0.0	-16.3	0.0	
0.50781	-2.2	862	17.0	16.3	0.7	0.0	-16.3	0.0	
0.51172	-2.2	861	17.1	16.4	0.7	0.0	-16.4	0.0	
0.51562	-2.2	861	17.1	16.4	0.7	0.0	-16.4	0.0	
0.51953	-2.2	861	17.1	16.4	0.7	0.0	-16.4	0.0	
0.52344	-2.3	861	17.1	16.4	0.7	0.0	-16.4	0.0	
0.52734	-2.5	861	17.1	16.4	0.7	0.0	-16.4	0.0	
0.53125	-2.5	861	17.2	16.4	0.8	0.0	-16.4	0.0	
0.53516	-2.3	860	17.1	16.4	0.7	0.0	-16.4	0.0	
0.53906	-2.4	860	17.1	16.4	0.7	0.0	-16.4	0.0	
0.54297	-2.4	860	17.1	16.4	0.7	0.0	-16.4	0.0	
0.54688	-2.4	860	17.1	16.4	0.7	0.0	-16.4	0.0	
0.55078	-2.6	860	17.1	16.4	0.7	0.0	-16.4	0.0	
0.55469	-2.8	860	17.2	16.5	0.7	0.0	-16.5	0.0	
0.55859	-2.7	859	17.1	16.5	0.6	0.0	-16.5	0.0	
0.56250	-2.7	859	17.1	16.4	0.7	0.0	-16.4	0.0	
0.56641	-2.8	859	17.2	16.5	0.7	0.0	-16.5	0.0	
0.57031	-2.9	859	17.2	16.5	0.7	0.0	-16.5	0.0	
0.57422	-3.0	859	17.2	16.5	0.7	0.0	-16.5	0.0	
0.57812	-3.2	859	17.2	16.5	0.7	0.0	-16.5	0.0	
0.58203	-3.2	858	17.1	16.5	0.6	0.0	-16.5	0.0	
0.58594	-3.1	858	17.2	16.5	0.7	0.0	-16.5	0.0	
0.58984	-3.0	858	17.1	16.5	0.6	0.0	-16.5	0.0	
0.59375	-3.0	858	17.1	16.6	0.5	0.0	-16.6	0.0	
0.59766	-3.0	858	17.1	16.6	0.5	0.0	-16.6	0.0	
0.60156	-3.2	857	17.1	16.6	0.5	0.0	-16.6	0.0	
0.60547	-3.1	857	17.1	16.6	0.5	0.0	-16.6	0.0	
0.60938	-2.9	857	17.1	16.6	0.5	0.0	-16.6	0.0	
0.61328	-3.0	857	17.1	16.6	0.5	0.0	-16.6	0.0	
0.61719	-3.1	857	17.1	16.6	0.5	0.0	-16.6	0.0	
0.62109	-2.9	856	17.1	16.7	0.4	0.0	-16.7	0.0	
0.62500	-3.1	856	17.1	16.7	0.4	0.0	-16.7	0.0	
0.62891	-3.2	856	17.1	16.7	0.4	0.0	-16.7	0.0	
0.63281	-3.3	856	17.1	16.8	0.3	0.0	-16.8	0.0	
0.63672	-3.3	856	17.1	16.7	0.4	0.0	-16.7	0.0	
0.64062	-3.4	855	17.1	16.7	0.4	0.0	-16.7	0.0	
0.64453	-3.6	855	17.2	16.8	0.4	0.0	-16.8	0.0	
0.64844	-3.8	855	17.2	16.8	0.4	0.0	-16.8	0.0	
0.65234	-3.9	855	17.2	16.9	0.3	0.0	-16.9	0.0	
0.65625	-4.3	854	17.2	16.9	0.3	0.0	-16.9	0.0	
0.66016	-4.4	854	17.2	16.9	0.3	0.0	-16.9	0.0	
0.66406	-4.1	854	17.2	17.0	0.2	0.0	-17.0	0.0	
0.66797	-4.1	853	17.3	16.9	0.4	0.0	-16.9	0.0	
0.67188	-3.8	853	17.2	16.9	0.3	0.0	-16.9	0.0	
0.67578	-3.6	853	17.2	17.0	0.2	0.0	-17.0	0.0	
0.67969	-3.5	853	17.2	16.9	0.3	0.0	-16.9	0.0	
0.68359	-3.1	853	17.2	16.9	0.3	0.0	-16.9	0.0	
0.68750	-2.7	852	17.1	16.9	0.2	0.0	-16.9	0.0	
0.69141	-2.6	852	17.1	16.9	0.2	0.0	-16.9	0.0	
0.69531	-2.4	852	17.0	16.8	0.2	0.0	-16.8	0.0	
0.69922	-2.3	852	17.0	16.8	0.2	0.0	-16.8	0.0	
0.70312	-2.3	852	16.9	16.8	0.1	0.0	-16.8	0.0	
0.70703	-2.0	852	16.9	16.7	0.2	0.0	-16.7	0.0	
0.71094	-2.0	851	16.8	16.6	0.2	0.0	-16.6	0.0	
0.71484	-2.0	851	16.8	16.5	0.3	0.0	-16.5	0.0	
0.71875	-1.8	851	16.8	16.4	0.4	0.0	-16.4	0.0	
0.72266	-1.9	851	16.7	16.4	0.3	0.0	-16.4	0.0	
0.72656	-2.0	851	16.7	16.4	0.3	0.0	-16.4	0.0	
0.73047	-2.0	851	16.7	16.3	0.4	0.0	-16.3	0.0	
0.73438	-2.2	851	16.7	16.2	0.5	0.0	-16.2	0.0	
0.73828	-2.3	851	16.7	16.1	0.6	0.0	-16.1	0.0	
0.74219	-2.4	850	16.7	16.0	0.7	0.0	-16.0	0.0	
0.74609	-2.5	850	16.8	15.9	0.9	0.0	-15.9	0.0	
0.75000	-2.7	850	16.8	15.9	0.9	0.0	-15.9	0.0	
0.75391	-2.7	850	16.9	15.8	1.1	0.0	-15.8	0.0	
0.75781	-2.5	850	16.9	15.7	1.2	0.0	-15.7	0.0	
0.76172	-2.5	850	16.9	15.7	1.2	0.0	-15.7	0.0	
0.76562	-2.5	849	17.0	15.7	1.3	0.0	-15.7	0.0	
0.76953	-2.4	849	17.0	15.6	1.4	0.0	-15.6	0.0	
0.77344	-2.3	849	17.1	15.5	1.6	0.0	-15.5	0.0	
0.77734	-2.4	849	17.0	15.5	1.5	0.0	-15.5	0.0	
0.78125	-2.3	849	17.0	15.5	1.5	0.0	-15.5	0.0	
0.78516	-2.4	849	17.0	15.4	1.6	0.0	-15.4	0.0	
0.78906	-2.5	848	17.1	15.3	1.8	0.0	-15.3	0.0	
0.79297	-2.3	848	17.1	15.4	1.7	0.0	-15.4	0.0	
0.79688	-2.3	848	17.1	15.4	1.7	0.0	-15.4	0.0	
0.80078	-2.6	848	17.1	15.3	1.8	0.0	-15.3	0.0	
0.80469	-2.6	848	17.1	15.3	1.8	0.0	-15.3	0.0	
0.80859	-2.6	848	17.1	15.2	1.9	0.0	-15.2	0.0	
0.81250	-2.8	847	17.1	15.2	1.9	0.0	-15.2	0.0	
0.81641	-2.9	847	17.1	15.2	1.9	0.0	-15.2	0.0	
0.82031	-3.0	847	17.1	15.2	1.9	0.0	-15.2	0.0	
0.82422	-3.0	847	17.1	15.2	1.9	0.0	-15.2	0.0	
0.82812	-3.1	847	17.1	15.2	1.9	0.0	-15.2	0.0	
0.83203	-3.1	847	17.1	15.1	2.0	0.0	-15.1	0.0	
0.83594	-3.0	846	17.1	15.1	2.0	0.0	-15.1	0.0	
0.83984	-3.2	846	17.1	15.1	2.0	0.0	-15.1	0.0	
0.84375	-3.4	846	17.1	15.1	2.0	0.0	-15.1	0.0	
0.84766	-3.4	846	17.1	15.1	2.0	0.0	-15.1	0.0	
0.85156	-3.3	845	17.1	15.1	2.0	0.0	-15.1	0.0	
0.85547	-3.1	845	17.1	15.0	2.1	0.0	-15.0	0.0	
0.85938	-3.0	845	17.1	15.0	2.1	0.0	-15.0	0.0	
0.86328	-3.1	845	17.1	15.0	2.1	0.0	-15.0	0.0	
0.86719	-3.3	845	17.1	15.0	2.1	0.0	-15.0	0.0	
0.87109	-3.2	844	17.1	15.1	2.0	0.0	-15.1	0.0	
0.87500	-3.1	844	17.1	15.1	2.0	0.0	-15.1	0.0	
0.87891	-3.2	844	17.1	15.0	2.1	0.0	-15.0	0.0	
0.88281	-3.2	844	17.1	15.0	2.1	0.0	-15.0	0.0	
0.88672	-3.2	844	17.1	15.1	2.0	0.0	-15.1	0.0	
0.89062	-3.4	843	17.1	15.1	2.0	0.0	-15.1	0.0	
0.89453	-3.6	843	17.2	15.1	2.1	0.0	-15.1	0.0	
0.89844	-3.7	843	17.2	15.1	2.1	0.0	-15.1	0.0	
0.90234	-3.7	843	17.2	15.1	2.1	0.0	-15.1	0.0	
0.90625	-3.7	842	17.2	15.2	2.0	0.0	-15.2	0.0	
0.91016	-3.6	842	17.2	15.2	2.0	0.0	-15.2	0.0	
0.91406	-3.8	842	17.2	15.3	1.9	0.0	-15.3	0.0	
0.91797	-3.8	842	17.2	15.3	1.9	0.0	-15.3	0.0	
0.92188	-3.8	841	17.2	15.3	1.9	0.0	-15.3	0.0	
0.92578	-3.9	841	17.2	15.3	1.9	0.0	-15.3	0.0	
0.92969	-3.8	841	17.2	15.4	1.8	0.0	-15.4	0.0	
0.93359	-3.6	841	17.2	15.4	1.8	0.0	-15.4	0.0	
0.93750	-3.7	840	17.2	15.4	1.8	0.0	-15.4	0.0	
0.94141	-3.5	840	17.2	15.4	1.8	0.0	-15.4	0.0	
0.94531	-3.3	840	17.2	15.5	1.7	0.0	-15.5	0.0	
0.94922	-3.3	840	17.2	15.5	1.7	0.0	-15.5	0.0	
0.95312	-3.2	840	17.2	15.5	1.7	0.0	-15.5	0.0	
0.95703	-3.3	839	17.1	15.5	1.6	0.0	-15.5	0.0	
0.96094	-3.2	839	17.1	15.5	1.6	0.0	-15.5	0.0	
0.96484	-3.1	839	17.1	15.5	1.6	0.0	-15.5	0.0	
0.96875	-3.2	839	17.1	15.5	1.6	0.0	-15.5	0.0	
0.97266	-3.2	839	17.1	15.5	1.6	0.0	-15.5	0.0	
0.97656	-3.2	838	17.1	15.6	1.5	0.0	-15.6	0.0	
0.98047	-3.4	838	16.9	15.6	1.3	0.0	-15.6	0.0	
0.98438	-3.2	838	17.1	15.6	1.5	0.0	-15.6	0.0	
0.98828	-3.6	838	17.1	15.6	1.5	0.0	-15.6	0.0	
0.99219	-4.0	837	16.9	15.7	1.2	0.0	-15.7	0.0	
0.99609	-2.3	837	18.0	15.7	2.3	0.0	-15.7	0.0	
1.00000	-1.0	837	18.8	15.7	3.1	0.0	-15.7	0.0	
1.00391	-1.2	837	18.0	15.7	2.3	0.0	-15.7	0.0	
1.00781	-0.7	837	17.0	15.7	1.3	0.0	-15.7	0.0	
1.01172	-0.6	837	16.8	15.8	1.0	0.0	-15.8	0.0	
1.01562	-1.8	837	17.3	15.8	1.5	0.0	-15.8	0.0	
1.01953	-2.2	837	17.7	15.8	1.9	0.0	-15.8	0.0	
1.02344	-1.4	837	17.8	15.9	1.9	0.0	-15.9	0.0	
1.02734	-0.8	837	17.9	15.8	2.1	0.0	-15.8	0.0	
1.03125	-0.5	837	17.9	15.9	2.0	0.0	-15.9	0.0	
1.03516	-0.3	837	17.6	16.0	1.6	0.0	-16.0	0.0	
1.03906	-0.7	837	17.4	16.0	1.4	0.0	-16.0	0.0	
1.04297	-1.1	836	17.5	16.0	1.5	0.0	-16.0	0.0	
1.04688	-1.1	836	17.7	16.1	1.6	0.0	-16.1	0.0	
1.05078	-1.1	836	17.7	16.1	1.6	0.0	-16.1	0.0	
1.05469	-1.0	836	17.5	16.1	1.4	0.0	-16.1	0.0	
1.05859	-0.9	836	17.5	16.1	1.4	0.0	-16.1	0.0	
1.06250	-0.8	836	17.6	16.2	1.4	0.0	-16.2	0.0	
1.06641	-0.9	836	17.8	16.2	1.6	0.0	-16.2	0.0	
1.07031	-1.0	836	17.8	16.3	1.5	0.0	-16.3	0.0	
1.07422	-1.1	836	17.7	16.3	1.4	0.0	-16.3	0.0	
1.07812	-1.1	836	17.6	16.3	1.3	0.0	-16.3	0.0	
1.08203	-1.0	836	17.6	16.3	1.3	0.0	-16.3	0.0	
1.08594	-1.1	836	17.6	16.3	1.3	0.0	-16.3	0.0	
1.08984	-1.1	836	17.7	16.4	1.3	0.0	-16.4	0.0	
1.09375	-1.1	836	17.8	16.4	1.4	0.0	-16.4	0.0	
1.09766	-1.2	836	17.9	16.4	1.5	0.0	-16.4	0.0	
1.10156	-1.1	835	17.9	16.5	1.4	0.0	-16.5	0.0	
1.10547	-1.2	835	17.9	16.5	1.4	0.0	-16.5	0.0	
1.10938	-1.2	835	18.0	16.6	1.4	0.0	-16.6	0.0	
1.11328	-1.1	835	18.0	16.6	1.4	0.0	-16.6	0.0	
1.11719	-1.2	835	18.0	16.6	1.4	0.0	-16.6	0.0	
1.12109	-1.2	835	18.1	16.7	1.4	0.0	-16.7	0.0	
1.12500	-1.2	835	18.1	16.7	1.4	0.0	-16.7	0.0	
1.12891	-1.3	835	18.1	16.8	1.3	0.0	-16.8	0.0	
1.13281	-1.3	835	18.2	16.8	1.4	0.0	-16.8	0.0	
1.13672	-1.1	835	18.2	16.9	1.3	0.0	-16.9	0.0	
1.14062	-1.1	835	18.2	16.9	1.3	0.0	-16.9	0.0	
1.14453	-1.1	835	18.3	17.0	1.3	0.0	-17.0	0.0	
1.14844	-1.1	835	18.3	17.0	1.3	0.0	-17.0	0.0	
1.15234	-1.1	834	18.2	17.0	1.2	0.0	-17.0	0.0	
1.15625	-1.1	834	18.3	17.1	1.2	0.0	-17.1	0.0	
1.16016	-1.0	834	18.3	17.1	1.2	0.0	-17.1	0.0	
1.16406	-1.0	834	18.2	17.1	1.1	0.0	-17.1	0.0	
1.16797	-1.0	834	18.3	17.2	1.1	0.0	-17.2	0.0	
1.17188	-1.0	834	18.4	17.2	1.2	0.0	-17.2	0.0	
1.17578	-0.9	834	18.3	17.3	1.0	0.0	-17.3	0.0	
1.17969	-1.0	834	18.3	17.2	1.1	0.0	-17.2	0.0	
1.18359	-1.1	834	18.3	17.3	1.0	0.0	-17.3	0.0	
1.18750	-1.0	834	18.3	17.4	0.9	0.0	-17.4	0.0	
1.19141	-1.1	834	18.3	17.4	0.9	0.0	-17.4	0.0	
1.19531	-1.0	834	18.3	17.5	0.8	0.0	-17.5	0.0	
1.19922	-1.0	834	18.4	17.5	0.9	0.0	-17.5	0.0	
1.20312	-1.1	834	18.4	17.5	0.9	0.0	-17.5	0.0	
1.20703	-1.1	834	18.4	17.6	0.8	0.0	-17.6	0.0	
1.21094	-1.2	833	18.5	17.6	0.9	0.0	-17.6	0.0	
1.21484	-1.3	833	18.5	17.6	0.9	0.0	-17.6	0.0	
1.21875	-1.3	833	18.5	17.6	0.9	0.0	-17.6	0.0	
1.22266	-1.1	833	18.6	17.7	0.9	0.0	-17.7	0.0	
1.22656	-1.3	833	18.6	17.7	0.9	0.0	-17.7	0.0	
1.23047	-1.4	833	18.7	17.7	1.0	0.0	-17.7	0.0	
1.23438	-1.4	833	18.7	17.8	0.9	0.0	-17.8	0.0	
1.23828	-1.4	833	18.8	17.8	1.0	0.0	-17.8	0.0	
1.24219	-1.3	833	18.8	17.8	1.0	0.0	-17.8	0.0	
1.24609	-1.2	833	18.9	17.9	1.0	0.0	-17.9	0.0	
1.25000	-1.3	833	18.9	17.9	1.0	0.0	-17.9	0.0	
1.25391	-1.3	833	18.9	17.9	1.0	0.0	-17.9	0.0	
1.25781	-1.2	832	18.9	18.0	0.9	0.0	-18.0	0.0	
1.26172	-1.1	832	18.9	18.0	0.9	0.0	-18.0	0.0	
1.26562	-1.1	832	19.0	18.0	1.0	0.0	-18.0	0.0	
1.26953	-1.1	832	19.1	18.0	1.1	0.0	-18.0	0.0	
1.27344	-1.1	832	19.1	18.1	1.0	0.0	-18.1	0.0	
1.27734	-1.3	832	19.1	18.1	1.0	0.0	-18.1	0.0	
1.28125	-1.3	832	19.1	18.2	0.9	0.0	-18.2	0.0	
1.28516	-1.2	832	19.2	18.2	1.0	0.0	-18.2	0.0	
1.28906	-1.3	832	19.2	18.2	1.0	0.0	-18.2	0.0	
1.29297	-1.3	832	19.3	18.3	1.0	0.0	-18.3	0.0	
1.29688	-1.2	832	19.3	18.3	1.0	0.0	-18.3	0.0	
1.30078	-1.3	832	19.3	18.2	1.1	0.0	-18.2	0.0	
1.30469	-1.5	831	19.3	18.3	1.0	0.0	-18.3	0.0	
1.30859	-1.4	831	19.4	18.3	1.1	0.0	-18.3	0.0	
1.31250	-1.3	831	19.5	18.3	1.2	0.0	-18.3	0.0	
1.31641	-1.4	831	19.5	18.4	1.1	0.0	-18.4	0.0	
1.32031	-1.3	831	19.5	18.5	1.0	0.0	-18.5	0.0	
1.32422	-1.0	831	19.5	18.4	1.1	0.0	-18.4	0.0	
1.32812	-1.1	831	19.5	18.5	1.0	0.0	-18.5	0.0	
1.33203	-1.1	831	19.5	18.5	1.0	0.0	-18.5	0.0	
1.33594	-0.9	831	19.6	18.5	1.1	0.0	-18.5	0.0	
1.33984	-0.9	831	19.6	18.6	1.0	0.0	-18.6	0.0	
1.34375	-1.0	831	19.6	18.6	1.0	0.0	-18.6	0.0	
1.34766	-0.7	831	19.6	18.6	1.0	0.0	-18.6	0.0	
1.35156	-0.9	831	19.6	18.7	0.9	0.0	-18.7	0.0	
1.35547	-1.1	831	19.5	18.7	0.8	0.0	-18.7	0.0	
1.35938	-0.8	831	19.5	18.8	0.7	0.0	-18.8	0.0	
1.36328	-1.0	830	19.5	18.8	0.7	0.0	-18.8	0.0	
1.36719	-1.0	830	19.5	18.8	0.7	0.0	-18.8	0.0	
1.37109	-0.9	830	19.5	18.9	0.6	0.0	-18.9	0.0	
1.37500	-1.0	830	19.5	18.9	0.6	0.0	-18.9	0.0	
1.37891	-1.1	830	19.4	18.9	0.5	0.0	-18.9	0.0	
1.38281	-1.1	830	19.5	19.0	0.5	0.0	-19.0	0.0	
1.38672	-1.0	830	19.5	19.0	0.5	0.0	-19.0	0.0	
1.39062	-1.2	830	19.5	19.0	0.5	0.0	-19.0	0.0	
1.39453	-1.2	830	19.6	19.0	0.6	0.0	-19.0	0.0	
1.39844	-1.1	830	19.7	19.1	0.6	0.0	-19.1	0.0	
1.40234	-1.2	830	19.7	19.1	0.6	0.0	-19.1	0.0	
1.40625	-1.5	830	19.8	19.2	0.6	0.0	-19.2	0.0	
1.41016	-1.7	830	19.8	19.2	0.6	0.0	-19.2	0.0	
1.41406	-1.7	829	19.9	19.3	0.6	0.0	-19.3	0.0	
1.41797	-1.7	829	19.9	19.4	0.5	0.0	-19.4	0.0	
1.42188	-1.5	829	20.0	19.3	0.7	0.0	-19.3	0.0	
1.42578	-1.4	829	20.1	19.4	0.7	0.0	-19.4	0.0	
1.42969	-1.4	829	20.0	19.4	0.6	0.0	-19.4	0.0	
1.43359	-1.2	829	20.1	19.4	0.7	0.0	-19.4	0.0	
1.43750	-1.0	829	20.0	19.4	0.6	0.0	-19.4	0.0	
1.44141	-1.0	829	20.0	19.4	0.6	0.0	-19.4	0.0	
1.44531	-0.9	829	20.1	19.4	0.7	0.0	-19.4	0.0	
1.44922	-0.8	829	20.1	19.4	0.7	0.0	-19.4	0.0	
1.45312	-0.9	829	20.0	19.4	0.6	0.0	-19.4	0.0	
1.45703	-0.9	829	20.0	19.3	0.7	0.0	-19.3	0.0	
1.46094	-0.9	829	20.0	19.3	0.7	0.0	-19.3	0.0	
1.46484	-1.0	828	20.0	19.3	0.7	0.0	-19.3	0.0	
1.46875	-0.8	828	19.9	19.3	0.6	0.0	-19.3	0.0	
1.47266	-0.7	828	19.9	19.2	0.7	0.0	-19.2	0.0	
1.47656	-0.8	828	19.9	19.2	0.7	0.0	-19.2	0.0	
1.48047	-0.9	828	19.9	19.1	0.8	0.0	-19.1	0.0	
1.48438	-0.9	828	19.9	19.1	0.8	0.0	-19.1	0.0	
1.48828	-1.1	828	19.9	19.0	0.9	0.0	-19.0	0.0	
1.49219	-1.1	828	19.9	19.0	0.9	0.0	-19.0	0.0	
1.49609	-1.0	828	20.0	19.0	1.0	0.0	-19.0	0.0	
1.50000	-1.3	828	20.0	18.9	1.1	0.0	-18.9	0.0	
1.50391	-1.6	828	20.1	18.8	1.3	0.0	-18.8	0.0	
1.50781	-1.6	828	20.2	18.9	1.3	0.0	-18.9	0.0	
1.51172	-1.9	828	20.3	18.8	1.5	0.0	-18.8	0.0	
1.51562	-2.4	827	20.4	18.8	1.6	0.0	-18.8	0.0	
1.51953	-2.7	827	20.5	18.8	1.7	0.0	-18.8	0.0	
1.52344	-2.7	827	20.6	18.8	1.8	0.0	-18.8	0.0	
1.52734	-2.7	827	20.7	18.8	1.9	0.0	-18.8	0.0	
1.53125	-2.7	827	20.8	18.8	2.0	0.0	-18.8	0.0	
1.53516	-2.5	827	20.9	18.8	2.1	0.0	-18.8	0.0	
1.53906	-2.3	826	21.0	18.8	2.2	0.0	-18.8	0.0	
1.54297	-2.1	826	21.0	18.8	2.2	0.0	-18.8	0.0	
1.54688	-1.6	826	21.1	18.8	2.3	0.0	-18.8	0.0	
1.55078	-1.5	826	21.1	18.8	2.3	0.0	-18.8	0.0	
1.55469	-1.2	826	21.1	18.8	2.3	0.0	-18.8	0.0	
1.55859	-0.7	826	21.1	18.8	2.3	0.0	-18.8	0.0	
1.56250	-0.7	826	21.1	18.8	2.3	0.0	-18.8	0.0	
1.56641	-0.8	826	21.0	18.8	2.2	0.0	-18.8	0.0	
1.57031	-0.8	826	21.0	18.8	2.2	0.0	-18.8	0.0	
1.57422	-0.9	826	21.0	18.8	2.2	0.0	-18.8	0.0	
1.57812	-0.9	826	21.0	18.8	2.2	0.0	-18.8	0.0	
1.58203	-0.8	826	21.0	18.8	2.2	0.0	-18.8	0.0	
1.58594	-0.7	826	21.0	18.9	2.1	0.0	-18.9	0.0	
1.58984	-0.8	826	21.0	18.9	2.1	0.0	-18.9	0.0	
1.59375	-0.9	825	21.0	18.8	2.2	0.0	-18.8	0.0	
1.59766	-1.0	825	21.0	18.8	2.2	0.0	-18.8	0.0	
1.60156	-1.1	825	20.9	18.9	2.0	0.0	-18.9	0.0	
1.60547	-1.3	825	21.0	18.9	2.1	0.0	-18.9	0.0	
1.60938	-1.2	825	21.0	18.9	2.1	0.0	-18.9	0.0	
1.61328	-1.1	825	21.0	18.9	2.1	0.0	-18.9	0.0	
1.61719	-1.3	825	21.0	18.9	2.1	0.0	-18.9	0.0	
1.62109	-1.1	825	21.1	18.9	2.2	0.0	-18.9	0.0	
1.62500	-1.1	825	21.1	19.0	2.1	0.0	-19.0	0.0	
1.62891	-1.2	825	21.1	19.0	2.1	0.0	-19.0	0.0	
1.63281	-1.2	825	21.1	19.0	2.1	0.0	-19.0	0.0	
1.63672	-1.0	825	21.2	19.0	2.2	0.0	-19.0	0.0	
1.64062	-1.0	825	21.1	19.0	2.1	0.0	-19.0	0.0	
1.64453	-0.9	825	21.1	19.0	2.1	0.0	-19.0	0.0	
1.64844	-0.9	824	21.1	19.1	2.0	0.0	-19.1	0.0	
1.65234	-1.0	824	21.1	19.1	2.0	0.0	-19.1	0.0	
1.65625	-1.0	824	21.1	19.2	1.9	0.0	-19.2	0.0	
1.66016	-0.9	824	21.1	19.2	1.9	0.0	-19.2	0.0	
1.66406	-0.8	824	21.1	19.2	1.9	0.0	-19.2	0.0	
1.66797	-0.8	824	21.1	19.3	1.8	0.0	-19.3	0.0	
1.67188	-1.0	824	21.1	19.3	1.8	0.0	-19.3	0.0	
1.67578	-1.2	824	21.2	19.3	1.9	0.0	-19.3	0.0	
1.67969	-1.1	824	21.2	19.4	1.8	0.0	-19.4	0.0	
1.68359	-1.0	824	21.2	19.4	1.8	0.0	-19.4	0.0	
1.68750	-1.2	824	21.3	19.4	1.9	0.0	-19.4	0.0	
1.69141	-1.2	824	21.3	19.5	1.8	0.0	-19.5	0.0	
1.69531	-1.2	824	21.3	19.5	1.8	0.0	-19.5	0.0	
1.69922	-1.3	824	21.4	19.6	1.8	0.0	-19.6	0.0	
1.70312	-1.4	823	21.4	19.5	1.9	0.0	-19.5	0.0	
1.70703	-1.2	823	21.4	19.6	1.8	0.0	-19.6	0.0	
1.71094	-1.1	823	21.5	19.6	1.9	0.0	-19.6	0.0	
1.71484	-1.1	823	21.5	19.6	1.9	0.0	-19.6	0.0	
1.71875	-1.0	823	21.5	19.6	1.9	0.0	-19.6	0.0	
1.72266	-0.9	823	21.5	19.7	1.8	0.0	-19.7	0.0	
1.72656	-1.0	823	21.5	19.7	1.8	0.0	-19.7	0.0	
1.73047	-1.1	823	21.5	19.8	1.7	0.0	-19.8	0.0	
1.73438	-1.0	823	21.5	19.8	1.7	0.0	-19.8	0.0	
1.73828	-0.9	823	21.5	19.8	1.7	0.0	-19.8	0.0	
1.74219	-0.9	823	21.5	19.9	1.6	0.0	-19.9	0.0	
1.74609	-0.9	823	21.5	19.9	1.6	0.0	-19.9	0.0	
1.75000	-0.9	823	21.5	19.9	1.6	0.0	-19.9	0.0	
1.75391	-0.9	823	21.5	20.0	1.5	0.0	-20.0	0.0	
1.75781	-0.9	823	21.4	20.0	1.4	0.0	-20.0	0.0	
1.76172	-1.0	823	21.4	20.0	1.4	0.0	-20.0	0.0	
1.76562	-1.0	822	21.4	20.0	1.4	0.0	-20.0	0.0	
1.76953	-0.9	822	21.4	20.1	1.3	0.0	-20.1	0.0	
1.77344	-0.8	822	21.3	20.1	1.2	0.0	-20.1	0.0	
1.77734	-0.9	822	21.3	20.1	1.2	0.0	-20.1	0.0	
1.78125	-0.8	822	21.3	20.1	1.2	0.0	-20.1	0.0	
1.78516	-0.7	822	21.2	20.1	1.1	0.0	-20.1	0.0	
1.78906	-0.8	822	21.2	20.2	1.0	0.0	-20.2	0.0	
1.79297	-0.6	822	21.1	20.2	0.9	0.0	-20.2	0.0	
1.79688	-0.5	822	21.1	20.2	0.9	0.0	-20.2	0.0	
1.80078	-0.6	822	21.1	20.2	0.9	0.0	-20.2	0.0	
1.80469	-0.6	822	21.0	20.2	0.8	0.0	-20.2	0.0	
1.80859	-0.6	822	20.9	20.2	0.7	0.0	-20.2	0.0	
1.81250	-0.7	822	20.9	20.2	0.7	0.0	-20.2	0.0	
1.81641	-0.8	822	20.9	20.2	0.7	0.0	-20.2	0.0	
1.82031	-0.8	822	20.8	20.2	0.6	0.0	-20.2	0.0	
1.82422	-0.8	822	20.8	20.2	0.6	0.0	-20.2	0.0	
1.82812	-0.9	822	20.8	20.2	0.6	0.0	-20.2	0.0	
1.83203	-0.9	822	20.8	20.2	0.6	0.0	-20.2	0.0	
1.83594	-0.7	822	20.8	20.2	0.6	0.0	-20.2	0.0	
1.83984	-0.7	822	20.7	20.2	0.5	0.0	-20.2	0.0	
1.84375	-0.6	822	20.6	20.2	0.4	0.0	-20.2	0.0	
1.84766	-0.6	821	20.6	20.2	0.4	0.0	-20.2	0.0	
1.85156	-0.7	821	20.6	20.2	0.4	0.0	-20.2	0.0	
1.85547	-0.5	821	20.4	20.1	0.3	0.0	-20.1	0.0	
1.85938	-0.2	821	20.3	20.2	0.1	0.0	-20.2	0.0	
1.86328	-0.1	821	20.2	20.2	0.0	0.0	-20.2	0.0	
1.86719	0.2	821	20.1	20.1	0.0	0.0	-20.1	0.0	
1.87109	0.6	821	20.0	20.0	0.0	0.0	-20.0	0.0	
1.87500	0.8	821	19.9	20.1	-0.2	0.0	-20.1	0.0	
1.87891	1.0	822	19.7	20.1	-0.4	0.0	-20.1	0.0	
1.88281	1.2	822	19.7	20.0	-0.3	0.0	-20.0	0.0	
1.88672	1.4	822	19.5	19.9	-0.4	0.0	-19.9	0.0	
1.89062	1.6	822	19.3	19.9	-0.6	0.0	-19.9	0.0	
1.89453	1.6	822	19.2	19.8	-0.6	0.0	-19.8	0.0	
1.89844	1.5	822	19.0	19.8	-0.8	0.0	-19.8	0.0	
1.90234	1.3	822	18.9	19.8	-0.9	0.0	-19.8	0.0	
1.90625	1.1	822	18.8	19.8	-1.0	0.0	-19.8	0.0	
1.91016	1.0	822	18.8	19.7	-0.9	0.0	-19.7	0.0	
1.91406	0.7	822	18.7	19.7	-1.0	0.0	-19.7	0.0	
1.91797	0.3	822	18.6	19.6	-1.0	0.0	-19.6	0.0	
1.92188	0.2	822	18.6	19.6	-1.0	0.0	-19.6	0.0	
1.92578	-0.1	822	18.5	19.6	-1.1	0.0	-19.6	0.0	
1.92969	-0.5	822	18.5	19.4	-0.9	0.0	-19.4	0.0	
1.93359	-0.5	822	18.4	19.4	-1.0	0.0	-19.4	0.0	
1.93750	-0.7	822	18.4	19.4	-1.0	0.0	-19.4	0.0	
1.94141	-1.0	822	18.4	19.4	-1.0	0.0	-19.4	0.0	
1.94531	-0.8	822	18.4	19.3	-0.9	0.0	-19.3	0.0	
1.94922	-0.9	822	18.3	19.3	-1.0	0.0	-19.3	0.0	
1.95312	-1.0	822	18.3	19.2	-0.9	0.0	-19.2	0.0	
1.95703	-0.8	822	18.3	19.2	-0.9	0.0	-19.2	0.0	
1.96094	-0.7	822	18.2	19.1	-0.9	0.0	-19.1	0.0	
1.96484	-0.8	822	18.2	19.1	-0.9	0.0	-19.1	0.0	
1.96875	-0.8	822	18.2	19.1	-0.9	0.0	-19.1	0.0	
1.97266	-0.7	822	18.1	18.9	-0.8	0.0	-18.9	0.0	
1.97656	-0.6	822	18.1	18.9	-0.8	0.0	-18.9	0.0	
1.98047	-0.5	822	18.0	18.9	-0.9	0.0	-18.9	0.0	
1.98438	-0.5	822	18.0	18.8	-0.8	0.0	-18.8	0.0	
1.98828	-0.4	822	17.9	18.8	-0.9	0.0	-18.8	0.0	
1.99219	-0.3	822	17.8	18.7	-0.9	0.0	-18.7	0.0	
1.99609	-0.4	822	17.8	18.7	-0.9	0.0	-18.7	0.0	
2.00000	-0.3	822	17.8	18.7	-0.9	0.0	-18.7	0.0	
2.00391	-0.4	821	17.7	18.6	-0.9	0.0	-18.6	0.0	
2.00781	-0.5	821	17.6	18.6	-1.0	0.0	-18.6	0.0	
2.01172	-0.4	821	17.6	18.5	-0.9	0.0	-18.5	0.0	
2.01562	-0.4	821	17.5	18.4	-0.9	0.0	-18.4	0.0	
2.01953	-0.5	821	17.5	18.4	-0.9	0.0	-18.4	0.0	
2.02344	-0.5	821	17.5	18.4	-0.9	0.0	-18.4	0.0	
2.02734	-0.4	821	17.4	18.3	-0.9	0.0	-18.3	0.0	
2.03125	-0.5	821	17.4	18.3	-0.9	0.0	-18.3	0.0	
2.03516	-0.6	821	17.3	18.2	-0.9	0.0	-18.2	0.0	
2.03906	-0.6	821	17.3	18.1	-0.8	0.0	-18.1	0.0	
2.04297	-0.6	821	17.2	18.1	-0.9	0.0	-18.1	0.0	
2.04688	-0.6	821	17.2	18.1	-0.9	0.0	-18.1	0.0	
2.05078	-0.7	821	17.2	18.0	-0.8	0.0	-18.0	0.0	
2.05469	-0.8	821	17.2	17.9	-0.7	0.0	-17.9	0.0	
2.05859	-0.7	821	17.2	17.9	-0.7	0.0	-17.9	0.0	
2.06250	-0.8	821	17.1	17.9	-0.8	0.0	-17.9	0.0	
2.06641	-0.9	821	17.1	17.8	-0.7	0.0	-17.8	0.0	
2.07031	-0.8	821	17.1	17.7	-0.6	0.0	-17.7	0.0	
2.07422	-0.8	821	17.1	17.8	-0.7	0.0	-17.8	0.0	
2.07812	-0.8	821	17.1	17.7	-0.6	0.0	-17.7	0.0	
2.08203	-0.9	821	17.0	17.6	-0.6	0.0	-17.6	0.0	
2.08594	-0.9	821	17.0	17.7	-0.7	0.0	-17.7	0.0	
2.08984	-0.8	821	17.0	17.7	-0.7	0.0	-17.7	0.0	
2.09375	-0.9	820	17.0	17.5	-0.5	0.0	-17.5	0.0	
2.09766	-0.8	820	17.0	17.5	-0.5	0.0	-17.5	0.0	
2.10156	-0.7	820	16.9	17.5	-0.6	0.0	-17.5	0.0	
2.10547	-0.8	820	16.8	17.5	-0.7	0.0	-17.5	0.0	
2.10938	-0.7	820	16.9	17.4	-0.5	0.0	-17.4	0.0	
2.11328	-0.7	820	16.8	17.4	-0.6	0.0	-17.4	0.0	
2.11719	-0.8	820	16.8	17.4	-0.6	0.0	-17.4	0.0	
2.12109	-0.9	820	16.8	17.4	-0.6	0.0	-17.4	0.0	
2.12500	-0.8	820	16.8	17.3	-0.5	0.0	-17.3	0.0	
2.12891	-0.9	820	16.8	17.3	-0.5	0.0	-17.3	0.0	
2.13281	-0.8	820	16.8	17.3	-0.5	0.0	-17.3	0.0	
2.13672	-0.9	820	16.7	17.3	-0.6	0.0	-17.3	0.0	
2.14062	-1.0	820	16.7	17.3	-0.6	0.0	-17.3	0.0	
2.14453	-1.0	820	16.8	17.3	-0.5	0.0	-17.3	0.0	
2.14844	-1.0	820	16.8	17.3	-0.5	0.0	-17.3	0.0	
2.15234	-1.1	820	16.8	17.3	-0.5	0.0	-17.3	0.0	
2.15625	-1.1	820	16.8	17.3	-0.5	0.0	-17.3	0.0	
2.16016	-1.1	819	16.9	17.3	-0.4	0.0	-17.3	0.0	
2.16406	-1.1	819	16.9	17.3	-0.4	0.0	-17.3	0.0	
2.16797	-1.1	819	16.9	17.3	-0.4	0.0	-17.3	0.0	
2.17188	-1.1	819	17.0	17.3	-0.3	0.0	-17.3	0.0	
2.17578	-1.1	819	17.0	17.3	-0.3	0.0	-17.3	0.0	
2.17969	-1.1	819	17.0	17.2	-0.2	0.0	-17.2	0.0	
2.18359	-1.0	819	17.0	17.2	-0.2	0.0	-17.2	0.0	
2.18750	-0.9	819	16.9	17.2	-0.3	0.0	-17.2	0.0	
2.19141	-1.0	819	16.9	17.2	-0.3	0.0	-17.2	0.0	
2.19531	-0.7	819	16.8	17.1	-0.3	0.0	-17.1	0.0	
2.19922	-0.6	819	16.8	17.1	-0.3	0.0	-17.1	0.0	
2.20312	-0.8	819	16.8	17.0	-0.2	0.0	-17.0	0.0	
2.20703	-0.5	819	16.7	17.0	-0.3	0.0	-17.0	0.0	
2.21094	-0.3	819	16.7	16.9	-0.2	0.0	-16.9	0.0	
2.21484	-0.5	819	16.6	16.8	-0.2	0.0	-16.8	0.0	
2.21875	-0.4	819	16.5	16.7	-0.2	0.0	-16.7	0.0	
2.22266	-0.4	819	16.5	16.6	-0.1	0.0	-16.6	0.0	
2.22656	-0.6	819	16.5	16.5	0.0	0.0	-16.5	0.0	
2.23047	-0.6	819	16.4	16.5	-0.1	0.0	-16.5	0.0	
2.23438	-0.6	819	16.4	16.4	0.0	0.0	-16.4	0.0	
2.23828	-0.9	819	16.4	16.3	0.1	0.0	-16.3	0.0	
2.24219	-1.1	818	16.4	16.2	0.2	0.0	-16.2	0.0	
2.24609	-1.0	818	16.5	16.1	0.4	0.0	-16.1	0.0	
2.25000	-1.1	818	16.5	16.0	0.5	0.0	-16.0	0.0	
2.25391	-1.3	818	16.5	15.9	0.6	0.0	-15.9	0.0	
2.25781	-1.2	818	16.5	15.9	0.6	0.0	-15.9	0.0	
2.26172	-1.1	818	16.6	15.8	0.8	0.0	-15.8	0.0	
2.26562	-1.2	818	16.6	15.7	0.9	0.0	-15.7	0.0	
2.26953	-1.3	818	16.6	15.7	0.9	0.0	-15.7	0.0	
2.27344	-1.3	818	16.7	15.6	1.1	0.0	-15.6	0.0	
2.27734	-1.4	818	16.7	15.5	1.2	0.0	-15.5	0.0	
2.28125	-1.4	818	16.7	15.5	1.2	0.0	-15.5	0.0	
2.28516	-1.3	818	16.8	15.4	1.4	0.0	-15.4	0.0	
2.28906	-1.2	817	16.9	15.4	1.5	0.0	-15.4	0.0	
2.29297	-1.1	817	16.9	15.3	1.6	0.0	-15.3	0.0	
2.29688	-1.0	817	16.9	15.3	1.6	0.0	-15.3	0.0	
2.30078	-1.0	817	16.9	15.3	1.6	0.0	-15.3	0.0	
2.30469	-1.0	817	16.9	15.3	1.6	0.0	-15.3	0.0	
2.30859	-1.0	817	16.9	15.2	1.7	0.0	-15.2	0.0	
2.31250	-0.9	817	16.9	15.1	1.8	0.0	-15.1	0.0	
2.31641	-1.0	817	16.9	15.1	1.8	0.0	-15.1	0.0	
2.32031	-1.0	817	17.0	15.1	1.9	0.0	-15.1	0.0	
2.32422	-0.9	817	17.0	15.1	1.9	0.0	-15.1	0.0	
2.32812	-1.0	817	16.9	15.1	1.8	0.0	-15.1	0.0	
2.33203	-1.0	817	16.9	15.0	1.9	0.0	-15.0	0.0	
2.33594	-1.0	817	16.9	14.9	2.0	0.0	-14.9	0.0	
2.33984	-1.0	817	16.9	14.9	2.0	0.0	-14.9	0.0	
2.34375	-0.8	817	16.9	15.0	1.9	0.0	-15.0	0.0	
2.34766	-0.7	817	16.9	15.0	1.9	0.0	-15.0	0.0	
2.35156	-0.9	816	16.9	14.9	2.0	0.0	-14.9	0.0	
2.35547	-0.9	816	16.8	14.9	1.9	0.0	-14.9	0.0	
2.35938	-0.9	816	16.8	14.9	1.9	0.0	-14.9	0.0	
2.36328	-1.0	816	16.9	14.8	2.1	0.0	-14.8	0.0	
2.36719	-0.9	816	16.8	14.8	2.0	0.0	-14.8	0.0	
2.37109	-0.9	816	16.8	14.8	2.0	0.0	-14.8	0.0	
2.37500	-1.0	816	16.8	14.8	2.0	0.0	-14.8	0.0	
2.37891	-1.0	816	16.8	14.8	2.0	0.0	-14.8	0.0	
2.38281	-1.0	816	16.8	14.8	2.0	0.0	-14.8	0.0	
2.38672	-1.0	816	16.8	14.8	2.0	0.0	-14.8	0.0	
2.39062	-1.0	816	16.8	14.8	2.0	0.0	-14.8	0.0	
2.39453	-0.9	816	16.8	14.8	2.0	0.0	-14.8	0.0	
2.39844	-0.9	816	16.8	14.9	1.9	0.0	-14.9	0.0	
2.40234	-1.1	816	16.8	14.8	2.0	0.0	-14.8	0.0	
2.40625	-1.1	816	16.8	14.8	2.0	0.0	-14.8	0.0	
2.41016	-1.0	816	16.9	14.9	2.0	0.0	-14.9	0.0	
2.41406	-1.0	815	16.8	14.9	1.9	0.0	-14.9	0.0	
2.41797	-1.1	815	16.8	14.9	1.9	0.0	-14.9	0.0	
2.42188	-0.9	815	16.9	15.0	1.9	0.0	-15.0	0.0	
2.42578	-1.1	815	16.9	15.0	1.9	0.0	-15.0	0.0	
2.42969	-1.1	815	16.8	14.9	1.9	0.0	-14.9	0.0	
2.43359	-0.9	815	16.9	15.0	1.9	0.0	-15.0	0.0	
2.43750	-0.9	815	16.8	15.0	1.8	0.0	-15.0	0.0	
2.44141	-1.0	815	16.8	15.0	1.8	0.0	-15.0	0.0	
2.44531	-0.8	815	16.8	15.0	1.8	0.0	-15.0	0.0	
2.44922	-0.9	815	16.8	15.1	1.7	0.0	-15.1	0.0	
2.45312	-1.0	815	16.7	15.0	1.7	0.0	-15.0	0.0	
2.45703	-0.8	815	16.8	15.1	1.7	0.0	-15.1	0.0	
2.46094	-0.8	815	16.7	15.1	1.6	0.0	-15.1	0.0	
2.46484	-0.8	815	16.7	15.1	1.6	0.0	-15.1	0.0	
2.46875	-0.7	815	16.7	15.1	1.6	0.0	-15.1	0.0	
2.47266	-0.9	815	16.7	15.1	1.6	0.0	-15.1	0.0	
2.47656	-0.9	815	16.7	15.1	1.6	0.0	-15.1	0.0	
2.48047	-0.9	814	16.6	15.1	1.5	0.0	-15.1	0.0	
2.48438	-0.9	814	16.6	15.1	1.5	0.0	-15.1	0.0	
2.48828	-0.8	814	16.6	15.2	1.4	0.0	-15.2	0.0	
2.49219	-0.9	814	16.6	15.2	1.4	0.0	-15.2	0.0	
2.49609	-0.9	814	16.6	15.1	1.5	0.0	-15.1	0.0	
2.50000	-1.0	814	16.6	15.2	1.4	0.0	-15.2	0.0	
2.50391	-1.2	814	16.7	15.2	1.5	0.0	-15.2	0.0	
2.50781	-0.9	814	16.7	15.2	1.5	0.0	-15.2	0.0	
2.51172	-0.8	814	16.7	15.3	1.4	0.0	-15.3	0.0	
2.51562	-1.1	814	16.7	15.3	1.4	0.0	-15.3	0.0	
2.51953	-1.1	814	16.7	15.2	1.5	0.0	-15.2	0.0	
2.52344	-1.0	814	16.7	15.3	1.4	0.0	-15.3	0.0	
2.52734	-1.0	814	16.7	15.3	1.4	0.0	-15.3	0.0	
2.53125	-1.0	814	16.7	15.3	1.4	0.0	-15.3	0.0	
2.53516	-0.9	814	16.7	15.4	1.3	0.0	-15.4	0.0	
2.53906	-1.0	814	16.7	15.4	1.3	0.0	-15.4	0.0	
2.54297	-1.1	813	16.7	15.4	1.3	0.0	-15.4	0.0	
2.54688	-0.9	813	16.8	15.4	1.4	0.0	-15.4	0.0	
2.55078	-0.9	813	16.7	15.4	1.3	0.0	-15.4	0.0	
2.55469	-1.1	813	16.7	15.4	1.3	0.0	-15.4	0.0	
2.55859	-1.0	813	16.8	15.4	1.4	0.0	-15.4	0.0	
2.56250	-0.9	813	16.7	15.4	1.3	0.0	-15.4	0.0	
2.56641	-1.0	813	16.8	15.5	1.3	0.0	-15.5	0.0	
2.57031	-0.9	813	16.8	15.5	1.3	0.0	-15.5	0.0	
2.57422	-0.9	813	16.7	15.5	1.2	0.0	-15.5	0.0	
2.57812	-1.1	813	16.7	15.5	1.2	0.0	-15.5	0.0	
2.58203	-1.0	813	16.8	15.5	1.3	0.0	-15.5	0.0	
2.58594	-1.0	813	16.8	15.5	1.3	0.0	-15.5	0.0	
2.58984	-1.2	813	16.7	15.5	1.2	0.0	-15.5	0.0	
2.59375	-1.1	813	16.8	15.6	1.2	0.0	-15.6	0.0	
2.59766	-1.0	813	16.8	15.6	1.2	0.0	-15.6	0.0	
2.60156	-1.1	812	16.8	15.6	1.2	0.0	-15.6	0.0	
2.60547	-1.1	812	16.8	15.7	1.1	0.0	-15.7	0.0	
2.60938	-0.9	812	16.8	15.7	1.1	0.0	-15.7	0.0	
2.61328	-0.9	812	16.8	15.7	1.1	0.0	-15.7	0.0	
2.61719	-1.0	812	16.8	15.7	1.1	0.0	-15.7	0.0	
2.62109	-0.9	812	16.8	15.7	1.1	0.0	-15.7	0.0	
2.62500	-1.0	812	16.9	15.8	1.1	0.0	-15.8	0.0	
2.62891	-1.2	812	16.9	15.8	1.1	0.0	-15.8	0.0	
2.63281	-1.0	812	16.9	15.8	1.1	0.0	-15.8	0.0	
2.63672	-1.0	812	16.8	15.9	0.9	0.0	-15.9	0.0	
2.64062	-1.1	812	16.8	15.9	0.9	0.0	-15.9	0.0	
2.64453	-1.0	812	16.8	15.9	0.9	0.0	-15.9	0.0	
2.64844	-1.0	812	16.9	15.9	1.0	0.0	-15.9	0.0	
2.65234	-1.0	812	16.9	16.0	0.9	0.0	-16.0	0.0	
2.65625	-0.9	812	16.9	16.0	0.9	0.0	-16.0	0.0	
2.66016	-1.0	811	16.9	16.0	0.9	0.0	-16.0	0.0	
2.66406	-1.0	811	16.8	16.1	0.7	0.0	-16.1	0.0	
2.66797	-0.8	811	16.8	16.1	0.7	0.0	-16.1	0.0	
2.67188	-0.8	811	16.8	16.1	0.7	0.0	-16.1	0.0	
2.67578	-0.9	811	16.8	16.1	0.7	0.0	-16.1	0.0	
2.67969	-1.0	811	16.8	16.1	0.7	0.0	-16.1	0.0	
2.68359	-0.9	811	16.8	16.2	0.6	0.0	-16.2	0.0	
2.68750	-0.8	811	16.8	16.2	0.6	0.0	-16.2	0.0	
2.69141	-0.9	811	16.7	16.2	0.5	0.0	-16.2	0.0	
2.69531	-1.0	811	16.8	16.3	0.5	0.0	-16.3	0.0	
2.69922	-1.0	811	16.8	16.2	0.6	0.0	-16.2	0.0	
2.70312	-1.1	811	16.8	16.2	0.6	0.0	-16.2	0.0	
2.70703	-1.0	811	16.7	16.2	0.5	0.0	-16.2	0.0	
2.71094	-1.0	811	16.8	16.3	0.5	0.0	-16.3	0.0	
2.71484	-1.1	811	16.8	16.3	0.5	0.0	-16.3	0.0	
2.71875	-1.0	811	16.7	16.3	0.4	0.0	-16.3	0.0	
2.72266	-0.9	810	16.7	16.4	0.3	0.0	-16.4	0.0	
2.72656	-1.1	810	16.8	16.4	0.4	0.0	-16.4	0.0	
2.73047	-1.1	810	16.7	16.4	0.3	0.0	-16.4	0.0	
2.73438	-1.0	810	16.7	16.3	0.4	0.0	-16.3	0.0	
2.73828	-1.1	810	16.8	16.3	0.5	0.0	-16.3	0.0	
2.74219	-1.0	810	16.8	16.4	0.4	0.0	-16.4	0.0	
2.74609	-1.0	810	16.8	16.4	0.4	0.0	-16.4	0.0	
2.75000	-1.1	810	16.8	16.4	0.4	0.0	-16.4	0.0	
2.75391	-1.0	810	16.8	16.4	0.4	0.0	-16.4	0.0	
2.75781	-1.0	810	16.8	16.4	0.4	0.0	-16.4	0.0	
2.76172	-0.9	810	16.9	16.4	0.5	0.0	-16.4	0.0	
2.76562	-1.0	810	16.8	16.4	0.4	0.0	-16.4	0.0	
2.76953	-1.1	810	16.9	16.4	0.5	0.0	-16.4	0.0	
2.77344	-1.0	810	16.8	16.5	0.3	0.0	-16.5	0.0	
2.77734	-1.2	810	16.8	16.4	0.4	0.0	-16.4	0.0	
2.78125	-1.2	809	16.9	16.4	0.5	0.0	-16.4	0.0	
2.78516	-1.1	809	16.9	16.5	0.4	0.0	-16.5	0.0	
2.78906	-1.2	809	16.9	16.5	0.4	0.0	-16.5	0.0	
2.79297	-1.1	809	16.9	16.5	0.4	0.0	-16.5	0.0	
2.79688	-0.9	809	17.0	16.5	0.5	0.0	-16.5	0.0	
2.80078	-1.1	809	17.0	16.5	0.5	0.0	-16.5	0.0	
2.80469	-1.2	809	17.0	16.5	0.5	0.0	-16.5	0.0	
2.80859	-1.0	809	17.0	16.5	0.5	0.0	-16.5	0.0	
2.81250	-1.1	809	17.0	16.5	0.5	0.0	-16.5	0.0	
2.81641	-1.1	809	17.0	16.5	0.5	0.0	-16.5	0.0	
2.82031	-0.9	809	17.0	16.5	0.5	0.0	-16.5	0.0	
2.82422	-1.0	809	17.0	16.5	0.5	0.0	-16.5	0.0	
2.82812	-1.1	809	17.0	16.5	0.5	0.0	-16.5	0.0	
2.83203	-1.0	809	17.0	16.5	0.5	0.0	-16.5	0.0	
2.83594	-0.9	808	17.0	16.6	0.4	0.0	-16.6	0.0	
2.83984	-1.0	808	17.0	16.5	0.5	0.0	-16.5	0.0	
2.84375	-0.9	808	17.0	16.5	0.5	0.0	-16.5	0.0	
2.84766	-0.8	808	17.0	16.5	0.5	0.0	-16.5	0.0	
2.85156	-1.0	808	17.0	16.6	0.4	0.0	-16.6	0.0	
2.85547	-1.0	808	16.9	16.6	0.3	0.0	-16.6	0.0	
2.85938	-0.9	808	16.9	16.6	0.3	0.0	-16.6	0.0	
2.86328	-1.0	808	16.9	16.6	0.3	0.0	-16.6	0.0	
2.86719	-1.1	808	16.9	16.7	0.2	0.0	-16.7	0.0	
2.87109	-0.9	808	16.9	16.7	0.2	0.0	-16.7	0.0	
2.87500	-1.0	808	16.9	16.7	0.2	0.0	-16.7	0.0	
2.87891	-1.3	808	16.9	16.6	0.3	0.0	-16.6	0.0	
2.88281	-1.1	808	16.9	16.7	0.2	0.0	-16.7	0.0	
2.88672	-1.0	808	16.9	16.7	0.2	0.0	-16.7	0.0	
2.89062	-1.1	808	16.9	16.7	0.2	0.0	-16.7	0.0	
2.89453	-1.2	808	16.9	16.7	0.2	0.0	-16.7	0.0	
2.89844	-1.2	807	16.9	16.8	0.1	0.0	-16.8	0.0	
2.90234	-1.2	807	16.9	16.8	0.1	0.0	-16.8	0.0	
2.90625	-1.2	807	17.0	16.8	0.2	0.0	-16.8	0.0	
2.91016	-1.1	807	17.1	16.9	0.2	0.0	-16.9	0.0	
2.91406	-1.2	807	17.1	16.9	0.2	0.0	-16.9	0.0	
2.91797	-1.4	807	17.1	16.9	0.2	0.0	-16.9	0.0	
2.92188	-1.1	807	17.1	16.9	0.2	0.0	-16.9	0.0	
2.92578	-1.0	807	17.0	16.9	0.1	0.0	-16.9	0.0	
2.92969	-1.0	807	17.0	16.9	0.1	0.0	-16.9	0.0	
2.93359	-0.8	807	17.1	16.9	0.2	0.0	-16.9	0.0	
2.93750	-0.9	807	17.1	16.9	0.2	0.0	-16.9	0.0	
2.94141	-0.9	807	17.0	16.9	0.1	0.0	-16.9	0.0	
2.94531	-0.7	807	17.0	16.9	0.1	0.0	-16.9	0.0	
2.94922	-0.7	807	16.9	16.9	0.0	0.0	-16.9	0.0	
2.95312	-0.8	807	16.8	16.8	0.0	0.0	-16.8	0.0	
2.95703	-0.4	806	16.8	16.7	0.1	0.0	-16.7	0.0	
2.96094	-0.2	806	16.8	16.7	0.1	0.0	-16.7	0.0	
2.96484	-0.3	806	16.7	16.6	0.1	0.0	-16.6	0.0	
2.96875	-0.3	806	16.6	16.6	0.0	0.0	-16.6	0.0	
2.97266	-0.3	806	16.6	16.5	0.1	0.0	-16.5	0.0	
2.97656	-0.6	806	16.5	16.4	0.1	0.0	-16.4	0.0	
2.98047	-0.8	806	16.5	16.3	0.2	0.0	-16.3	0.0	
2.98438	-0.8	806	16.6	16.2	0.4	0.0	-16.2	0.0	
2.98828	-0.9	806	16.5	16.2	0.3	0.0	-16.2	0.0	
2.99219	-1.1	806	16.5	16.1	0.4	0.0	-16.1	0.0	
2.99609	-1.0	806	16.5	16.1	0.4	0.0	-16.1	0.0	
3.00000	-1.1	806	16.5	15.9	0.6	0.0	-15.9	0.0	
3.00391	-1.3	806	16.5	15.8	0.7	0.0	-15.8	0.0	
3.00781	-1.2	806	16.6	15.8	0.8	0.0	-15.8	0.0	
3.01172	-1.2	806	16.6	15.7	0.9	0.0	-15.7	0.0	
3.01562	-1.3	806	16.7	15.6	1.1	0.0	-15.6	0.0	
3.01953	-1.4	806	16.8	15.6	1.2	0.0	-15.6	0.0	
3.02344	-1.6	805	16.8	15.6	1.2	0.0	-15.6	0.0	
3.02734	-1.8	805	16.9	15.5	1.4	0.0	-15.5	0.0	
3.03125	-1.7	805	17.0	15.5	1.5	0.0	-15.5	0.0	
3.03516	-1.6	805	17.1	15.4	1.7	0.0	-15.4	0.0	
3.03906	-1.4	805	17.1	15.4	1.7	0.0	-15.4	0.0	
3.04297	-1.3	805	17.2	15.4	1.8	0.0	-15.4	0.0	
3.04688	-1.4	805	17.2	15.3	1.9	0.0	-15.3	0.0	
3.05078	-1.6	805	17.2	15.3	1.9	0.0	-15.3	0.0	
3.05469	-1.7	805	17.2	15.3	1.9	0.0	-15.3	0.0	
3.05859	-1.5	805	17.4	15.3	2.1	0.0	-15.3	0.0	
3.06250	-1.4	804	17.4	15.3	2.1	0.0	-15.3	0.0	
3.06641	-1.3	804	17.4	15.3	2.1	0.0	-15.3	0.0	
3.07031	-1.2	804	17.5	15.2	2.3	0.0	-15.2	0.0	
3.07422	-1.3	804	17.5	15.2	2.3	0.0	-15.2	0.0	
3.07812	-1.3	804	17.5	15.2	2.3	0.0	-15.2	0.0	
3.08203	-1.1	804	17.6	15.2	2.4	0.0	-15.2	0.0	
3.08594	-1.3	804	17.6	15.3	2.3	0.0	-15.3	0.0	
3.08984	-1.2	804	17.6	15.3	2.3	0.0	-15.3	0.0	
3.09375	-1.1	804	17.6	15.3	2.3	0.0	-15.3	0.0	
3.09766	-1.2	804	17.7	15.3	2.4	0.0	-15.3	0.0	
3.10156	-1.1	804	17.7	15.3	2.4	0.0	-15.3	0.0	
3.10547	-1.1	804	17.8	15.2	2.6	0.0	-15.2	0.0	
3.10938	-1.2	804	17.8	15.3	2.5	0.0	-15.3	0.0	
3.11328	-1.0	803	17.8	15.3	2.5	0.0	-15.3	0.0	
3.11719	-1.2	803	17.8	15.2	2.6	0.0	-15.2	0.0	
3.12109	-1.0	803	17.8	15.3	2.5	0.0	-15.3	0.0	
3.12500	-0.9	803	17.9	15.4	2.5	0.0	-15.4	0.0	
3.12891	-1.3	803	17.9	15.3	2.6	0.0	-15.3	0.0	
3.13281	-1.3	803	18.0	15.4	2.6	0.0	-15.4	0.0	
3.13672	-1.2	803	18.0	15.4	2.6	0.0	-15.4	0.0	
3.14062	-1.4	803	18.0	15.4	2.6	0.0	-15.4	0.0	
3.14453	-1.4	803	18.1	15.5	2.6	0.0	-15.5	0.0	
3.14844	-1.3	803	18.1	15.5	2.6	0.0	-15.5	0.0	
3.15234	-1.4	803	18.1	15.6	2.5	0.0	-15.6	0.0	
3.15625	-1.5	803	18.2	15.6	2.6	0.0	-15.6	0.0	
3.16016	-1.4	802	18.3	15.7	2.6	0.0	-15.7	0.0	
3.16406	-1.4	802	18.3	15.8	2.5	0.0	-15.8	0.0	
3.16797	-1.4	802	18.3	15.8	2.5	0.0	-15.8	0.0	
3.17188	-1.3	802	18.4	15.8	2.6	0.0	-15.8	0.0	
3.17578	-1.2	802	18.4	15.9	2.5	0.0	-15.9	0.0	
3.17969	-1.3	802	18.4	15.9	2.5	0.0	-15.9	0.0	
3.18359	-1.1	802	18.4	16.0	2.4	0.0	-16.0	0.0	
3.18750	-0.9	802	18.4	16.1	2.3	0.0	-16.1	0.0	
3.19141	-1.0	802	18.4	16.1	2.3	0.0	-16.1	0.0	
3.19531	-0.9	802	18.4	16.1	2.3	0.0	-16.1	0.0	
3.19922	-0.8	802	18.4	16.2	2.2	0.0	-16.2	0.0	
3.20312	-1.0	802	18.4	16.3	2.1	0.0	-16.3	0.0	
3.20703	-0.9	802	18.4	16.2	2.2	0.0	-16.2	0.0	
3.21094	-0.9	802	18.3	16.3	2.0	0.0	-16.3	0.0	
3.21484	-1.0	801	18.3	16.3	2.0	0.0	-16.3	0.0	
3.21875	-0.9	801	18.3	16.3	2.0	0.0	-16.3	0.0	
3.22266	-0.9	801	18.3	16.3	2.0	0.0	-16.3	0.0	
3.22656	-1.0	801	18.3	16.4	1.9	0.0	-16.4	0.0	
3.23047	-1.0	801	18.3	16.4	1.9	0.0	-16.4	0.0	
3.23438	-1.0	801	18.3	16.4	1.9	0.0	-16.4	0.0	
3.23828	-1.1	801	18.3	16.5	1.8	0.0	-16.5	0.0	
3.24219	-1.2	801	18.4	16.5	1.9	0.0	-16.5	0.0	
3.24609	-1.1	801	18.4	16.6	1.8	0.0	-16.6	0.0	
3.25000	-1.1	801	18.4	16.6	1.8	0.0	-16.6	0.0	
3.25391	-1.3	801	18.5	16.6	1.9	0.0	-16.6	0.0	
3.25781	-1.4	801	18.5	16.7	1.8	0.0	-16.7	0.0	
3.26172	-1.4	801	18.6	16.8	1.8	0.0	-16.8	0.0	
3.26562	-1.5	801	18.6	16.8	1.8	0.0	-16.8	0.0	
3.26953	-1.5	800	18.7	16.8	1.9	0.0	-16.8	0.0	
3.27344	-1.6	800	18.8	16.9	1.9	0.0	-16.9	0.0	
3.27734	-1.7	800	18.8	16.9	1.9	0.0	-16.9	0.0	
3.28125	-1.6	800	18.9	16.9	2.0	0.0	-16.9	0.0	
3.28516	-1.5	800	18.9	17.0	1.9	0.0	-17.0	0.0	
3.28906	-1.4	800	18.9	17.0	1.9	0.0	-17.0	0.0	
3.29297	-1.3	800	19.0	17.0	2.0	0.0	-17.0	0.0	
3.29688	-1.3	800	19.0	17.1	1.9	0.0	-17.1	0.0	
3.30078	-1.3	800	19.0	17.1	1.9	0.0	-17.1	0.0	
3.30469	-1.3	800	19.0	17.2	1.8	0.0	-17.2	0.0	
3.30859	-1.2	800	19.1	17.3	1.8	0.0	-17.3	0.0	
3.31250	-1.0	799	19.1	17.2	1.9	0.0	-17.2	0.0	
3.31641	-1.0	799	19.1	17.3	1.8	0.0	-17.3	0.0	
3.32031	-1.1	799	19.2	17.4	1.8	0.0	-17.4	0.0	
3.32422	-1.1	799	19.2	17.4	1.8	0.0	-17.4	0.0	
3.32812	-1.2	799	19.2	17.5	1.7	0.0	-17.5	0.0	
3.33203	-1.3	799	19.3	17.5	1.8	0.0	-17.5	0.0	
3.33594	-1.2	799	19.3	17.5	1.8	0.0	-17.5	0.0	
3.33984	-1.2	799	19.3	17.6	1.7	0.0	-17.6	0.0	
3.34375	-1.4	799	19.4	17.7	1.7	0.0	-17.7	0.0	
3.34766	-1.4	799	19.4	17.7	1.7	0.0	-17.7	0.0	
3.35156	-1.5	799	19.4	17.8	1.6	0.0	-17.8	0.0	
3.35547	-1.5	799	19.5	17.8	1.7	0.0	-17.8	0.0	
3.35938	-1.6	798	19.7	17.9	1.8	0.0	-17.9	0.0	
3.36328	-1.7	798	19.7	17.9	1.8	0.0	-17.9	0.0	
3.36719	-1.7	798	19.7	18.0	1.7	0.0	-18.0	0.0	
3.37109	-1.7	798	19.8	18.1	1.7	0.0	-18.1	0.0	
3.37500	-1.7	798	19.9	18.1	1.8	0.0	-18.1	0.0	
3.37891	-1.7	798	19.9	18.2	1.7	0.0	-18.2	0.0	
3.38281	-1.7	798	20.0	18.3	1.7	0.0	-18.3	0.0	
3.38672	-1.7	798	20.0	18.3	1.7	0.0	-18.3	0.0	
3.39062	-1.6	798	20.1	18.4	1.7	0.0	-18.4	0.0	
3.39453	-1.4	797	20.1	18.5	1.6	0.0	-18.5	0.0	
3.39844	-1.3	797	20.2	18.6	1.6	0.0	-18.6	0.0	
3.40234	-1.5	797	20.3	18.6	1.7	0.0	-18.6	0.0	
3.40625	-1.4	797	20.3	18.6	1.7	0.0	-18.6	0.0	
3.41016	-1.2	797	20.3	18.7	1.6	0.0	-18.7	0.0	
3.41406	-1.3	797	20.4	18.7	1.7	0.0	-18.7	0.0	
3.41797	-1.3	797	20.4	18.8	1.6	0.0	-18.8	0.0	
3.42188	-1.1	797	20.4	18.9	1.5	0.0	-18.9	0.0	
3.42578	-1.1	797	20.4	18.9	1.5	0.0	-18.9	0.0	
3.42969	-1.0	797	20.3	19.0	1.3	0.0	-19.0	0.0	
3.43359	-0.9	797	20.4	19.1	1.3	0.0	-19.1	0.0	
3.43750	-1.1	797	20.4	19.1	1.3	0.0	-19.1	0.0	
3.44141	-1.0	797	20.3	19.2	1.1	0.0	-19.2	0.0	
3.44531	-0.9	796	20.4	19.2	1.2	0.0	-19.2	0.0	
3.44922	-0.9	796	20.4	19.2	1.2	0.0	-19.2	0.0	
3.45312	-1.0	796	20.3	19.2	1.1	0.0	-19.2	0.0	
3.45703	-1.0	796	20.3	19.3	1.0	0.0	-19.3	0.0	
3.46094	-1.0	796	20.3	19.4	0.9	0.0	-19.4	0.0	
3.46484	-0.9	796	20.2	19.4	0.8	0.0	-19.4	0.0	
3.46875	-0.8	796	20.2	19.4	0.8	0.0	-19.4	0.0	
3.47266	-0.8	796	20.2	19.4	0.8	0.0	-19.4	0.0	
3.47656	-0.9	796	20.1	19.5	0.6	0.0	-19.5	0.0	
3.48047	-1.0	796	20.1	19.5	0.6	0.0	-19.5	0.0	
3.48438	-1.0	796	20.1	19.5	0.6	0.0	-19.5	0.0	
3.48828	-1.1	796	20.1	19.6	0.5	0.0	-19.6	0.0	
3.49219	-1.1	796	20.1	19.6	0.5	0.0	-19.6	0.0	
3.49609	-1.0	796	20.1	19.6	0.5	0.0	-19.6	0.0	
3.50000	-1.0	796	20.2	19.6	0.6	0.0	-19.6	0.0	
3.50391	-1.1	796	20.2	19.6	0.6	0.0	-19.6	0.0	
3.50781	-1.2	795	20.2	19.7	0.5	0.0	-19.7	0.0	
3.51172	-1.3	795	20.3	19.7	0.6	0.0	-19.7	0.0	
3.51562	-1.3	795	20.3	19.7	0.6	0.0	-19.7	0.0	
3.51953	-1.4	795	20.4	19.7	0.7	0.0	-19.7	0.0	
3.52344	-1.6	795	20.4	19.8	0.6	0.0	-19.8	0.0	
3.52734	-1.6	795	20.5	19.8	0.7	0.0	-19.8	0.0	
3.53125	-1.7	795	20.5	19.8	0.7	0.0	-19.8	0.0	
3.53516	-1.7	795	20.6	19.9	0.7	0.0	-19.9	0.0	
3.53906	-1.6	795	20.6	19.9	0.7	0.0	-19.9	0.0	
3.54297	-1.6	795	20.7	19.9	0.8	0.0	-19.9	0.0	
3.54688	-1.4	794	20.8	19.9	0.9	0.0	-19.9	0.0	
3.55078	-1.4	794	20.8	20.0	0.8	0.0	-20.0	0.0	
3.55469	-1.4	794	20.8	20.0	0.8	0.0	-20.0	0.0	
3.55859	-1.2	794	20.8	20.0	0.8	0.0	-20.0	0.0	
3.56250	-1.0	794	20.9	20.0	0.9	0.0	-20.0	0.0	
3.56641	-1.0	794	20.9	20.1	0.8	0.0	-20.1	0.0	
3.57031	-1.1	794	20.9	20.1	0.8	0.0	-20.1	0.0	
3.57422	-1.0	794	20.9	20.1	0.8	0.0	-20.1	0.0	
3.57812	-1.0	794	20.9	20.2	0.7	0.0	-20.2	0.0	
3.58203	-1.1	794	20.9	20.2	0.7	0.0	-20.2	0.0	
3.58594	-1.0	794	21.0	20.2	0.8	0.0	-20.2	0.0	
3.58984	-1.0	794	21.0	20.2	0.8	0.0	-20.2	0.0	
3.59375	-1.2	794	21.0	20.3	0.7	0.0	-20.3	0.0	
3.59766	-1.2	794	21.1	20.3	0.8	0.0	-20.3	0.0	
3.60156	-1.3	793	21.1	20.4	0.7	0.0	-20.4	0.0	
3.60547	-1.3	793	21.1	20.4	0.7	0.0	-20.4	0.0	
3.60938	-1.2	793	21.1	20.4	0.7	0.0	-20.4	0.0	
3.61328	-1.4	793	21.2	20.5	0.7	0.0	-20.5	0.0	
3.61719	-1.6	793	21.2	20.5	0.7	0.0	-20.5	0.0	
3.62109	-1.5	793	21.3	20.5	0.8	0.0	-20.5	0.0	
3.62500	-1.5	793	21.3	20.6	0.7	0.0	-20.6	0.0	
3.62891	-1.7	793	21.4	20.6	0.8	0.0	-20.6	0.0	
3.63281	-1.8	793	21.5	20.7	0.8	0.0	-20.7	0.0	
3.63672	-1.7	793	21.5	20.7	0.8	0.0	-20.7	0.0	
3.64062	-1.7	792	21.6	20.8	0.8	0.0	-20.8	0.0	
3.64453	-1.7	792	21.6	20.8	0.8	0.0	-20.8	0.0	
3.64844	-1.7	792	21.7	20.9	0.8	0.0	-20.9	0.0	
3.65234	-1.6	792	21.7	21.0	0.7	0.0	-21.0	0.0	
3.65625	-1.6	792	21.8	21.0	0.8	0.0	-21.0	0.0	
3.66016	-1.5	792	21.8	21.0	0.8	0.0	-21.0	0.0	
3.66406	-1.5	792	21.9	21.2	0.7	0.0	-21.2	0.0	
3.66797	-1.5	792	21.9	21.2	0.7	0.0	-21.2	0.0	
3.67188	-1.2	792	22.0	21.2	0.8	0.0	-21.2	0.0	
3.67578	-1.1	792	22.0	21.3	0.7	0.0	-21.3	0.0	
3.67969	-1.2	791	22.0	21.4	0.6	0.0	-21.4	0.0	
3.68359	-1.1	791	22.0	21.4	0.6	0.0	-21.4	0.0	
3.68750	-1.1	791	22.0	21.4	0.6	0.0	-21.4	0.0	
3.69141	-1.1	791	22.0	21.4	0.6	0.0	-21.4	0.0	
3.69531	-0.9	791	22.0	21.4	0.6	0.0	-21.4	0.0	
3.69922	-0.9	791	22.0	21.5	0.5	0.0	-21.5	0.0	
3.70312	-1.0	791	22.0	21.5	0.5	0.0	-21.5	0.0	
3.70703	-1.1	791	22.0	21.4	0.6	0.0	-21.4	0.0	
3.71094	-1.1	791	22.1	21.4	0.7	0.0	-21.4	0.0	
3.71484	-1.1	791	22.1	21.4	0.7	0.0	-21.4	0.0	
3.71875	-1.1	791	22.1	21.4	0.7	0.0	-21.4	0.0	
3.72266	-1.1	791	22.1	21.4	0.7	0.0	-21.4	0.0	
3.72656	-1.1	791	22.2	21.4	0.8	0.0	-21.4	0.0	
3.73047	-1.2	791	22.2	21.4	0.8	0.0	-21.4	0.0	
3.73438	-1.3	790	22.2	21.4	0.8	0.0	-21.4	0.0	
3.73828	-1.1	790	22.3	21.4	0.9	0.0	-21.4	0.0	
3.74219	-1.4	790	22.3	21.4	0.9	0.0	-21.4	0.0	
3.74609	-1.7	790	22.4	21.3	1.1	0.0	-21.3	0.0	
3.75000	-1.8	790	22.5	21.3	1.2	0.0	-21.3	0.0	
3.75391	-2.1	790	22.6	21.3	1.3	0.0	-21.3	0.0	
3.75781	-2.4	790	22.8	21.3	1.5	0.0	-21.3	0.0	
3.76172	-2.9	790	22.9	21.3	1.6	0.0	-21.3	0.0	
3.76562	-3.2	789	23.0	21.3	1.7	0.0	-21.3	0.0	
3.76953	-3.5	789	23.1	21.4	1.7	0.0	-21.4	0.0	
3.77344	-3.8	789	23.3	21.4	1.9	0.0	-21.4	0.0	
3.77734	-3.7	789	23.5	21.3	2.2	0.0	-21.3	0.0	
3.78125	-3.6	788	23.6	21.3	2.3	0.0	-21.3	0.0	
3.78516	-3.6	788	23.6	21.4	2.2	0.0	-21.4	0.0	
3.78906	-3.6	788	23.8	21.4	2.4	0.0	-21.4	0.0	
3.79297	-3.6	788	23.9	21.4	2.5	0.0	-21.4	0.0	
3.79688	-3.2	788	24.0	21.5	2.5	0.0	-21.5	0.0	
3.80078	-2.7	787	24.0	21.5	2.5	0.0	-21.5	0.0	
3.80469	-2.0	787	24.0	21.5	2.5	0.0	-21.5	0.0	
3.80859	-1.4	787	24.1	21.6	2.5	0.0	-21.6	0.0	
3.81250	-1.2	787	24.1	21.6	2.5	0.0	-21.6	0.0	
3.81641	-1.2	787	24.0	21.7	2.3	0.0	-21.7	0.0	
3.82031	-0.9	787	24.1	21.7	2.4	0.0	-21.7	0.0	
3.82422	-0.7	787	24.1	21.7	2.4	0.0	-21.7	0.0	
3.82812	-0.9	787	24.0	21.8	2.2	0.0	-21.8	0.0	
3.83203	-0.7	787	24.0	21.7	2.3	0.0	-21.7	0.0	
3.83594	-0.7	787	24.0	21.7	2.3	0.0	-21.7	0.0	
3.83984	-0.8	787	23.9	21.8	2.1	0.0	-21.8	0.0	
3.84375	-0.6	787	23.9	21.8	2.1	0.0	-21.8	0.0	
3.84766	-0.5	787	23.8	21.8	2.0	0.0	-21.8	0.0	
3.85156	-0.5	787	23.7	21.9	1.8	0.0	-21.9	0.0	
3.85547	-0.5	787	23.6	21.9	1.7	0.0	-21.9	0.0	
3.85938	-0.5	787	23.6	21.8	1.8	0.0	-21.8	0.0	
3.86328	-0.6	786	23.6	21.8	1.8	0.0	-21.8	0.0	
3.86719	-0.7	786	23.6	21.9	1.7	0.0	-21.9	0.0	
3.87109	-0.6	786	23.5	21.9	1.6	0.0	-21.9	0.0	
3.87500	-0.8	786	23.4	21.9	1.5	0.0	-21.9	0.0	
3.87891	-1.0	786	23.4	21.9	1.5	0.0	-21.9	0.0	
3.88281	-0.9	786	23.4	21.9	1.5	0.0	-21.9	0.0	
3.88672	-0.9	786	23.4	22.0	1.4	0.0	-22.0	0.0	
3.89062	-0.9	786	23.3	21.9	1.4	0.0	-21.9	0.0	
3.89453	-0.6	786	23.2	21.9	1.3	0.0	-21.9	0.0	
3.89844	-0.6	786	23.2	21.9	1.3	0.0	-21.9	0.0	
3.90234	-0.7	786	23.1	21.9	1.2	0.0	-21.9	0.0	
3.90625	-0.5	786	23.1	21.9	1.2	0.0	-21.9	0.0	
3.91016	-0.3	786	23.0	21.9	1.1	0.0	-21.9	0.0	
3.91406	-0.1	786	22.8	21.8	1.0	0.0	-21.8	0.0	
3.91797	0.1	786	22.8	21.9	0.9	0.0	-21.9	0.0	
3.92188	0.4	786	22.6	21.9	0.7	0.0	-21.9	0.0	
3.92578	0.6	786	22.5	21.8	0.7	0.0	-21.8	0.0	
3.92969	0.7	786	22.4	21.9	0.5	0.0	-21.9	0.0	
3.93359	0.7	786	22.3	21.8	0.5	0.0	-21.8	0.0	
3.93750	0.6	786	22.2	21.8	0.4	0.0	-21.8	0.0	
3.94141	0.5	786	22.1	21.7	0.4	0.0	-21.7	0.0	
3.94531	0.6	786	22.0	21.7	0.3	0.0	-21.7	0.0	
3.94922	0.4	786	22.0	21.7	0.3	0.0	-21.7	0.0	
3.95312	0.1	786	21.8	21.7	0.1	0.0	-21.7	0.0	
3.95703	0.1	786	21.8	21.6	0.2	0.0	-21.6	0.0	
3.96094	-0.0	786	21.7	21.6	0.1	0.0	-21.6	0.0	
3.96484	-0.2	786	21.6	21.5	0.1	0.0	-21.5	0.0	
3.96875	-0.1	786	21.5	21.4	0.1	0.0	-21.4	0.0	
3.97266	-0.1	786	21.4	21.5	-0.1	0.0	-21.5	0.0	
3.97656	-0.2	786	21.3	21.4	-0.1	0.0	-21.4	0.0	
3.98047	-0.2	786	21.2	21.3	-0.1	0.0	-21.3	0.0	
3.98438	0.1	786	21.1	21.3	-0.2	0.0	-21.3	0.0	
3.98828	0.3	786	21.0	21.2	-0.2	0.0	-21.2	0.0	
3.99219	0.3	786	20.9	21.2	-0.3	0.0	-21.2	0.0	
3.99609	0.5	786	20.8	21.2	-0.4	0.0	-21.2	0.0	
4.00000	0.7	786	20.7	21.1	-0.4	0.0	-21.1	0.0	
4.00391	0.8	786	20.6	21.1	-0.5	0.0	-21.1	0.0	
4.00781	0.7	786	20.5	21.0	-0.5	0.0	-21.0	0.0	
4.01172	0.8	786	20.4	21.0	-0.6	0.0	-21.0	0.0	
4.01562	0.7	786	20.2	20.9	-0.7	0.0	-20.9	0.0	
4.01953	0.7	787	20.1	20.8	-0.7	0.0	-20.8	0.0	
4.02344	0.8	787	20.0	20.8	-0.8	0.0	-20.8	0.0	
4.02734	0.7	787	19.9	20.7	-0.8	0.0	-20.7	0.0	
4.03125	0.7	787	19.8	20.7	-0.9	0.0	-20.7	0.0	
4.03516	0.7	787	19.7	20.6	-0.9	0.0	-20.6	0.0	
4.03906	0.6	787	19.6	20.6	-1.0	0.0	-20.6	0.0	
4.04297	0.5	787	19.5	20.5	-1.0	0.0	-20.5	0.0	
4.04688	0.6	787	19.4	20.4	-1.0	0.0	-20.4	0.0	
4.05078	0.6	787	19.3	20.4	-1.1	0.0	-20.4	0.0	
4.05469	0.6	787	19.2	20.3	-1.1	0.0	-20.3	0.0	
4.05859	0.7	787	19.1	20.2	-1.1	0.0	-20.2	0.0	
4.06250	0.7	787	19.0	20.1	-1.1	0.0	-20.1	0.0	
4.06641	0.6	787	18.9	20.0	-1.1	0.0	-20.0	0.0	
4.07031	0.5	787	18.8	20.0	-1.2	0.0	-20.0	0.0	
4.07422	0.5	787	18.7	19.9	-1.2	0.0	-19.9	0.0	
4.07812	0.3	787	18.6	19.9	-1.3	0.0	-19.9	0.0	
4.08203	0.2	787	18.6	19.8	-1.2	0.0	-19.8	0.0	
4.08594	0.0	787	18.6	19.7	-1.1	0.0	-19.7	0.0	
4.08984	-0.2	787	18.5	19.7	-1.2	0.0	-19.7	0.0	
4.09375	-0.4	787	18.5	19.5	-1.0	0.0	-19.5	0.0	
4.09766	-0.6	787	18.4	19.5	-1.1	0.0	-19.5	0.0	
4.10156	-0.6	787	18.4	19.5	-1.1	0.0	-19.5	0.0	
4.10547	-0.7	787	18.4	19.4	-1.0	0.0	-19.4	0.0	
4.10938	-0.8	787	18.4	19.3	-0.9	0.0	-19.3	0.0	
4.11328	-0.8	787	18.4	19.3	-0.9	0.0	-19.3	0.0	
4.11719	-1.0	787	18.4	19.3	-0.9	0.0	-19.3	0.0	
4.12109	-0.9	787	18.3	19.2	-0.9	0.0	-19.2	0.0	
4.12500	-0.8	787	18.3	19.1	-0.8	0.0	-19.1	0.0	
4.12891	-0.9	787	18.2	19.1	-0.9	0.0	-19.1	0.0	
4.13281	-0.8	787	18.2	19.1	-0.9	0.0	-19.1	0.0	
4.13672	-0.7	787	18.2	19.0	-0.8	0.0	-19.0	0.0	
4.14062	-0.6	787	18.2	19.0	-0.8	0.0	-19.0	0.0	
4.14453	-0.4	786	18.0	18.9	-0.9	0.0	-18.9	0.0	
4.14844	-0.2	786	17.9	18.8	-0.9	0.0	-18.8	0.0	
4.15234	-0.1	786	17.9	18.8	-0.9	0.0	-18.8	0.0	
4.15625	-0.1	786	17.8	18.8	-1.0	0.0	-18.8	0.0	
4.16016	0.1	786	17.7	18.7	-1.0	0.0	-18.7	0.0	
4.16406	0.2	786	17.6	18.7	-1.1	0.0	-18.7	0.0	
4.16797	0.3	786	17.6	18.6	-1.0	0.0	-18.6	0.0	
4.17188	0.4	787	17.5	18.6	-1.1	0.0	-18.6	0.0	
4.17578	0.3	787	17.4	18.5	-1.1	0.0	-18.5	0.0	
4.17969	0.2	787	17.3	18.5	-1.2	0.0	-18.5	0.0	
4.18359	0.1	787	17.3	18.4	-1.1	0.0	-18.4	0.0	
4.18750	0.0	787	17.2	18.4	-1.2	0.0	-18.4	0.0	
4.19141	-0.2	787	17.2	18.4	-1.2	0.0	-18.4	0.0	
4.19531	-0.5	787	17.1	18.3	-1.2	0.0	-18.3	0.0	
4.19922	-0.5	786	17.1	18.3	-1.2	0.0	-18.3	0.0	
4.20312	-0.7	786	17.0	18.2	-1.2	0.0	-18.2	0.0	
4.20703	-0.9	786	17.0	18.2	-1.2	0.0	-18.2	0.0	
4.21094	-1.0	786	17.0	18.2	-1.2	0.0	-18.2	0.0	
4.21484	-1.0	786	17.0	18.1	-1.1	0.0	-18.1	0.0	
4.21875	-1.1	786	17.0	18.0	-1.0	0.0	-18.0	0.0	
4.22266	-1.0	786	17.0	18.0	-1.0	0.0	-18.0	0.0	
4.22656	-1.0	786	17.0	18.0	-1.0	0.0	-18.0	0.0	
4.23047	-1.0	786	17.0	17.9	-0.9	0.0	-17.9	0.0	
4.23438	-0.9	786	17.1	17.9	-0.8	0.0	-17.9	0.0	
4.23828	-0.9	786	17.1	17.9	-0.8	0.0	-17.9	0.0	
4.24219	-0.9	786	17.1	17.8	-0.7	0.0	-17.8	0.0	
4.24609	-0.8	786	17.1	17.8	-0.7	0.0	-17.8	0.0	
4.25000	-0.8	786	17.1	17.8	-0.7	0.0	-17.8	0.0	
4.25391	-0.9	786	17.1	17.7	-0.6	0.0	-17.7	0.0	
4.25781	-0.8	786	17.1	17.7	-0.6	0.0	-17.7	0.0	
4.26172	-0.9	786	17.1	17.7	-0.6	0.0	-17.7	0.0	
4.26562	-0.8	785	17.0	17.6	-0.6	0.0	-17.6	0.0	
4.26953	-0.8	785	17.0	17.6	-0.6	0.0	-17.6	0.0	
4.27344	-0.9	785	17.1	17.6	-0.5	0.0	-17.6	0.0	
4.27734	-0.8	785	17.0	17.6	-0.6	0.0	-17.6	0.0	
4.28125	-1.0	785	17.0	17.5	-0.5	0.0	-17.5	0.0	
4.28516	-1.0	785	17.0	17.5	-0.5	0.0	-17.5	0.0	
4.28906	-0.9	785	17.0	17.5	-0.5	0.0	-17.5	0.0	
4.29297	-1.0	785	17.0	17.4	-0.4	0.0	-17.4	0.0	
4.29688	-1.0	785	17.0	17.5	-0.5	0.0	-17.5	0.0	
4.30078	-1.0	785	17.0	17.4	-0.4	0.0	-17.4	0.0	
4.30469	-1.1	785	17.1	17.4	-0.3	0.0	-17.4	0.0	
4.30859	-1.0	785	17.1	17.3	-0.2	0.0	-17.3	0.0	
4.31250	-1.0	785	17.1	17.3	-0.2	0.0	-17.3	0.0	
4.31641	-1.1	785	17.1	17.4	-0.3	0.0	-17.4	0.0	
4.32031	-1.0	785	17.1	17.3	-0.2	0.0	-17.3	0.0	
4.32422	-1.0	785	17.2	17.3	-0.1	0.0	-17.3	0.0	
4.32812	-1.1	784	17.2	17.3	-0.1	0.0	-17.3	0.0	
4.33203	-1.1	784	17.1	17.2	-0.1	0.0	-17.2	0.0	
4.33594	-1.0	784	17.2	17.2	0.0	0.0	-17.2	0.0	
4.33984	-1.0	784	17.2	17.3	-0.1	0.0	-17.3	0.0	
4.34375	-1.0	784	17.1	17.2	-0.1	0.0	-17.2	0.0	
4.34766	-0.9	784	17.2	17.2	0.0	0.0	-17.2	0.0	
4.35156	-1.0	784	17.2	17.3	-0.1	0.0	-17.3	0.0	
4.35547	-1.0	784	17.1	17.2	-0.1	0.0	-17.2	0.0	
4.35938	-0.8	784	17.1	17.2	-0.1	0.0	-17.2	0.0	
4.36328	-0.8	784	17.1	17.3	-0.2	0.0	-17.3	0.0	
4.36719	-0.9	784	17.1	17.2	-0.1	0.0	-17.2	0.0	
4.37109	-1.0	784	17.1	17.2	-0.1	0.0	-17.2	0.0	
4.37500	-0.9	784	17.0	17.2	-0.2	0.0	-17.2	0.0	
4.37891	-0.9	784	17.0	17.2	-0.2	0.0	-17.2	0.0	
4.38281	-1.0	784	17.0	17.3	-0.3	0.0	-17.3	0.0	
4.38672	-0.8	784	17.1	17.2	-0.1	0.0	-17.2	0.0	
4.39062	-0.8	783	17.0	17.2	-0.2	0.0	-17.2	0.0	
4.39453	-1.0	783	17.0	17.3	-0.3	0.0	-17.3	0.0	
4.39844	-1.0	783	16.9	17.2	-0.3	0.0	-17.2	0.0	
4.40234	-1.0	783	17.0	17.3	-0.3	0.0	-17.3	0.0	
4.40625	-1.2	783	17.1	17.2	-0.1	0.0	-17.2	0.0	
4.41016	-1.0	783	17.1	17.2	-0.1	0.0	-17.2	0.0	
4.41406	-1.0	783	17.1	17.3	-0.2	0.0	-17.3	0.0	
4.41797	-1.2	783	17.1	17.3	-0.2	0.0	-17.3	0.0	
4.42188	-1.1	783	17.1	17.4	-0.3	0.0	-17.4	0.0	
4.42578	-1.1	783	17.2	17.4	-0.2	0.0	-17.4	0.0	
4.42969	-1.2	783	17.2	17.4	-0.2	0.0	-17.4	0.0	
4.43359	-1.1	783	17.2	17.4	-0.2	0.0	-17.4	0.0	
4.43750	-0.9	783	17.2	17.4	-0.2	0.0	-17.4	0.0	
4.44141	-0.9	783	17.2	17.3	-0.1	0.0	-17.3	0.0	
4.44531	-0.9	783	17.2	17.3	-0.1	0.0	-17.3	0.0	
4.44922	-0.8	782	17.1	17.3	-0.2	0.0	-17.3	0.0	
4.45312	-0.9	782	17.1	17.3	-0.2	0.0	-17.3	0.0	
4.45703	-0.7	782	17.1	17.2	-0.1	0.0	-17.2	0.0	
4.46094	-0.6	782	17.0	17.2	-0.2	0.0	-17.2	0.0	
4.46484	-0.5	782	16.9	17.1	-0.2	0.0	-17.1	0.0	
4.46875	-0.3	782	16.9	17.1	-0.2	0.0	-17.1	0.0	
4.47266	-0.1	782	16.8	17.0	-0.2	0.0	-17.0	0.0	
4.47656	-0.1	782	16.7	16.9	-0.2	0.0	-16.9	0.0	
4.48047	-0.2	782	16.6	16.9	-0.3	0.0	-16.9	0.0	
4.48438	-0.2	782	16.6	16.8	-0.2	0.0	-16.8	0.0	
4.48828	-0.3	782	16.6	16.7	-0.1	0.0	-16.7	0.0	
4.49219	-0.5	782	16.5	16.6	-0.1	0.0	-16.6	0.0	
4.49609	-0.5	782	16.6	16.5	0.1	0.0	-16.5	0.0	
4.50000	-0.8	782	16.5	16.5	0.0	0.0	-16.5	0.0	
4.50391	-1.0	782	16.5	16.4	0.1	0.0	-16.4	0.0	
4.50781	-1.0	782	16.5	16.3	0.2	0.0	-16.3	0.0	
4.51172	-1.2	782	16.5	16.2	0.3	0.0	-16.2	0.0	
4.51562	-1.2	782	16.5	16.1	0.4	0.0	-16.1	0.0	
4.51953	-1.0	782	16.6	16.0	0.6	0.0	-16.0	0.0	
4.52344	-1.2	782	16.7	16.0	0.7	0.0	-16.0	0.0	
4.52734	-1.4	782	16.7	15.9	0.8	0.0	-15.9	0.0	
4.53125	-1.6	781	16.8	15.8	1.0	0.0	-15.8	0.0	
4.53516	-1.6	781	16.8	15.8	1.0	0.0	-15.8	0.0	
4.53906	-1.6	781	17.0	15.7	1.3	0.0	-15.7	0.0	
4.54297	-1.6	781	17.0	15.7	1.3	0.0	-15.7	0.0	
4.54688	-1.4	781	17.0	15.7	1.3	0.0	-15.7	0.0	
4.55078	-1.3	781	17.0	15.6	1.4	0.0	-15.6	0.0	
4.55469	-1.4	781	17.1	15.6	1.5	0.0	-15.6	0.0	
4.55859	-1.3	781	17.1	15.5	1.6	0.0	-15.5	0.0	
4.56250	-1.1	781	17.2	15.5	1.7	0.0	-15.5	0.0	
4.56641	-1.1	781	17.2	15.5	1.7	0.0	-15.5	0.0	
4.57031	-1.1	781	17.2	15.5	1.7	0.0	-15.5	0.0	
4.57422	-0.9	781	17.3	15.4	1.9	0.0	-15.4	0.0	
4.57812	-1.0	780	17.2	15.4	1.8	0.0	-15.4	0.0	
4.58203	-1.0	780	17.2	15.3	1.9	0.0	-15.3	0.0	
4.58594	-0.9	780	17.3	15.3	2.0	0.0	-15.3	0.0	
4.58984	-0.9	780	17.3	15.3	2.0	0.0	-15.3	0.0	
4.59375	-1.0	780	17.3	15.3	2.0	0.0	-15.3	0.0	
4.59766	-0.9	780	17.3	15.3	2.0	0.0	-15.3	0.0	
4.60156	-0.9	780	17.3	15.2	2.1	0.0	-15.2	0.0	
4.60547	-1.0	780	17.3	15.3	2.0	0.0	-15.3	0.0	
4.60938	-0.9	780	17.3	15.3	2.0	0.0	-15.3	0.0	
4.61328	-0.9	780	17.3	15.2	2.1	0.0	-15.2	0.0	
4.61719	-1.0	780	17.3	15.2	2.1	0.0	-15.2	0.0	
4.62109	-0.9	780	17.3	15.3	2.0	0.0	-15.3	0.0	
4.62500	-1.0	780	17.4	15.3	2.1	0.0	-15.3	0.0	
4.62891	-1.1	780	17.4	15.2	2.2	0.0	-15.2	0.0	
4.63281	-0.9	780	17.4	15.2	2.2	0.0	-15.2	0.0	
4.63672	-0.9	780	17.4	15.2	2.2	0.0	-15.2	0.0	
4.64062	-1.1	779	17.4	15.3	2.1	0.0	-15.3	0.0	
4.64453	-1.0	779	17.4	15.3	2.1	0.0	-15.3	0.0	
4.64844	-0.9	779	17.4	15.3	2.1	0.0	-15.3	0.0	
4.65234	-1.1	779	17.4	15.3	2.1	0.0	-15.3	0.0	
4.65625	-1.2	779	17.4	15.3	2.1	0.0	-15.3	0.0	
4.66016	-1.1	779	17.4	15.4	2.0	0.0	-15.4	0.0	
4.66406	-1.1	779	17.5	15.4	2.1	0.0	-15.4	0.0	
4.66797	-1.1	779	17.6	15.4	2.2	0.0	-15.4	0.0	
4.67188	-1.0	779	17.6	15.5	2.1	0.0	-15.5	0.0	
4.67578	-1.1	779	17.6	15.5	2.1	0.0	-15.5	0.0	
4.67969	-1.4	779	17.7	15.6	2.1	0.0	-15.6	0.0	
4.68359	-1.3	779	17.7	15.6	2.1	0.0	-15.6	0.0	
4.68750	-1.2	779	17.8	15.7	2.1	0.0	-15.7	0.0	
4.69141	-1.5	779	17.8	15.7	2.1	0.0	-15.7	0.0	
4.69531	-1.3	778	17.8	15.7	2.1	0.0	-15.7	0.0	
4.69922	-1.1	778	17.9	15.7	2.2	0.0	-15.7	0.0	
4.70312	-1.3	778	17.9	15.8	2.1	0.0	-15.8	0.0	
4.70703	-1.3	778	17.9	15.8	2.1	0.0	-15.8	0.0	
4.71094	-1.1	778	17.9	15.8	2.1	0.0	-15.8	0.0	
4.71484	-1.0	778	17.9	15.9	2.0	0.0	-15.9	0.0	
4.71875	-1.1	778	17.9	15.9	2.0	0.0	-15.9	0.0	
4.72266	-0.9	778	18.0	15.9	2.1	0.0	-15.9	0.0	
4.72656	-1.0	778	18.0	15.9	2.1	0.0	-15.9	0.0	
4.73047	-1.1	778	18.0	16.0	2.0	0.0	-16.0	0.0	
4.73438	-1.0	778	18.0	16.0	2.0	0.0	-16.0	0.0	
4.73828	-0.9	778	18.0	16.0	2.0	0.0	-16.0	0.0	
4.74219	-1.0	778	18.1	16.1	2.0	0.0	-16.1	0.0	
4.74609	-1.2	778	18.1	16.2	1.9	0.0	-16.2	0.0	
4.75000	-1.2	777	18.1	16.2	1.9	0.0	-16.2	0.0	
4.75391	-1.3	777	18.2	16.2	2.0	0.0	-16.2	0.0	
4.75781	-1.3	777	18.2	16.2	2.0	0.0	-16.2	0.0	
4.76172	-1.4	777	18.2	16.3	1.9	0.0	-16.3	0.0	
4.76562	-1.7	777	18.3	16.4	1.9	0.0	-16.4	0.0	
4.76953	-1.7	777	18.4	16.4	2.0	0.0	-16.4	0.0	
4.77344	-1.6	777	18.5	16.4	2.1	0.0	-16.4	0.0	
4.77734	-2.0	777	18.5	16.6	1.9	0.0	-16.6	0.0	
4.78125	-2.0	777	18.5	16.6	1.9	0.0	-16.6	0.0	
4.78516	-1.7	776	18.7	16.6	2.1	0.0	-16.6	0.0	
4.78906	-1.8	776	18.8	16.7	2.1	0.0	-16.7	0.0	
4.79297	-1.8	776	18.7	16.7	2.0	0.0	-16.7	0.0	
4.79688	-1.6	776	18.8	16.8	2.0	0.0	-16.8	0.0	
4.80078	-1.5	776	18.9	16.9	2.0	0.0	-16.9	0.0	
4.80469	-1.5	776	18.9	16.9	2.0	0.0	-16.9	0.0	
4.80859	-1.1	776	19.0	17.0	2.0	0.0	-17.0	0.0	
4.81250	-1.0	776	19.0	17.0	2.0	0.0	-17.0	0.0	
4.81641	-1.3	776	19.0	17.1	1.9	0.0	-17.1	0.0	
4.82031	-1.3	776	19.0	17.2	1.8	0.0	-17.2	0.0	
4.82422	-1.1	776	19.1	17.2	1.9	0.0	-17.2	0.0	
4.82812	-1.4	775	19.2	17.2	2.0	0.0	-17.2	0.0	
4.83203	-1.4	775	19.2	17.3	1.9	0.0	-17.3	0.0	
4.83594	-1.3	775	19.3	17.4	1.9	0.0	-17.4	0.0	
4.83984	-1.5	775	19.4	17.4	2.0	0.0	-17.4	0.0	
4.84375	-1.7	775	19.4	17.5	1.9	0.0	-17.5	0.0	
4.84766	-1.8	775	19.4	17.5	1.9	0.0	-17.5	0.0	
4.85156	-2.0	775	19.5	17.6	1.9	0.0	-17.6	0.0	
4.85547	-2.1	775	19.6	17.7	1.9	0.0	-17.7	0.0	
4.85938	-2.1	775	19.7	17.8	1.9	0.0	-17.8	0.0	
4.86328	-2.1	774	19.8	17.8	2.0	0.0	-17.8	0.0	
4.86719	-2.1	774	19.9	17.9	2.0	0.0	-17.9	0.0	
4.87109	-2.1	774	19.9	18.0	1.9	0.0	-18.0	0.0	
4.87500	-2.1	774	20.0	18.1	1.9	0.0	-18.1	0.0	
4.87891	-2.1	774	20.0	18.1	1.9	0.0	-18.1	0.0	
4.88281	-1.9	774	20.1	18.1	2.0	0.0	-18.1	0.0	
4.88672	-2.0	774	20.2	18.3	1.9	0.0	-18.3	0.0	
4.89062	-2.0	774	20.3	18.4	1.9	0.0	-18.4	0.0	
4.89453	-2.0	773	20.4	18.4	2.0	0.0	-18.4	0.0	
4.89844	-1.9	773	20.5	18.5	2.0	0.0	-18.5	0.0	
4.90234	-1.9	773	20.5	18.6	1.9	0.0	-18.6	0.0	
4.90625	-1.9	773	20.6	18.6	2.0	0.0	-18.6	0.0	
4.91016	-1.7	773	20.7	18.7	2.0	0.0	-18.7	0.0	
4.91406	-1.7	773	20.7	18.8	1.9	0.0	-18.8	0.0	
4.91797	-1.9	773	20.8	18.9	1.9	0.0	-18.9	0.0	
4.92188	-1.9	773	20.9	19.0	1.9	0.0	-19.0	0.0	
4.92578	-1.8	772	20.9	19.0	1.9	0.0	-19.0	0.0	
4.92969	-1.7	772	20.9	19.2	1.7	0.0	-19.2	0.0	
4.93359	-1.6	772	21.0	19.3	1.7	0.0	-19.3	0.0	
4.93750	-1.6	772	21.1	19.3	1.8	0.0	-19.3	0.0	
4.94141	-1.6	772	21.1	19.4	1.7	0.0	-19.4	0.0	
4.94531	-1.4	772	21.2	19.5	1.7	0.0	-19.5	0.0	
4.94922	-1.5	772	21.2	19.5	1.7	0.0	-19.5	0.0	
4.95312	-1.6	772	21.3	19.6	1.7	0.0	-19.6	0.0	
4.95703	-1.6	772	21.3	19.7	1.6	0.0	-19.7	0.0	
4.96094	-1.6	771	21.4	19.8	1.6	0.0	-19.8	0.0	
4.96484	-1.6	771	21.4	19.9	1.5	0.0	-19.9	0.0	
4.96875	-1.6	771	21.5	19.9	1.6	0.0	-19.9	0.0	
4.97266	-1.8	771	21.6	20.0	1.6	0.0	-20.0	0.0	
4.97656	-2.0	771	21.6	20.1	1.5	0.0	-20.1	0.0	
4.98047	-2.1	771	21.7	20.1	1.6	0.0	-20.1	0.0	
4.98438	-2.2	771	21.9	20.2	1.7	0.0	-20.2	0.0	
4.98828	-2.4	771	22.0	20.3	1.7	0.0	-20.3	0.0	
4.99219	-2.7	770	22.1	20.3	1.8	0.0	-20.3	0.0	
4.99609	-2.8	770	22.2	20.4	1.8	0.0	-20.4	0.0	
5.00000	-2.9	770	22.3	20.5	1.8	0.0	-20.5	0.0	
5.00391	-3.1	770	22.4	20.6	1.8	0.0	-20.6	0.0	
5.00781	-3.2	770	22.5	20.7	1.8	0.0	-20.7	0.0	
5.01172	-2.9	769	22.6	20.8	1.8	0.0	-20.8	0.0	
5.01562	-2.6	769	22.7	20.8	1.9	0.0	-20.8	0.0	
5.01953	-2.5	769	22.8	20.9	1.9	0.0	-20.9	0.0	
5.02344	-2.5	769	22.8	21.0	1.8	0.0	-21.0	0.0	
5.02734	-2.4	769	22.9	21.1	1.8	0.0	-21.1	0.0	
5.03125	-2.3	769	23.0	21.1	1.9	0.0	-21.1	0.0	
5.03516	-2.2	769	23.1	21.2	1.9	0.0	-21.2	0.0	
5.03906	-2.2	768	23.2	21.3	1.9	0.0	-21.3	0.0	
5.04297	-2.4	768	23.3	21.4	1.9	0.0	-21.4	0.0	
5.04688	-2.4	768	23.3	21.4	1.9	0.0	-21.4	0.0	
5.05078	-2.5	768	23.5	21.5	2.0	0.0	-21.5	0.0	
5.05469	-2.7	768	23.6	21.6	2.0	0.0	-21.6	0.0	
5.05859	-2.5	768	23.7	21.7	2.0	0.0	-21.7	0.0	
5.06250	-2.4	767	23.7	21.8	1.9	0.0	-21.8	0.0	
5.06641	-2.7	767	23.8	21.9	1.9	0.0	-21.9	0.0	
5.07031	-2.6	767	23.9	21.9	2.0	0.0	-21.9	0.0	
5.07422	-2.3	767	24.0	22.0	2.0	0.0	-22.0	0.0	
5.07812	-2.4	767	24.0	22.1	1.9	0.0	-22.1	0.0	
5.08203	-2.1	767	24.0	22.2	1.8	0.0	-22.2	0.0	
5.08594	-1.6	767	24.1	22.3	1.8	0.0	-22.3	0.0	
5.08984	-1.5	766	24.1	22.3	1.8	0.0	-22.3	0.0	
5.09375	-1.1	766	24.1	22.4	1.7	0.0	-22.4	0.0	
5.09766	-0.8	766	24.1	22.5	1.6	0.0	-22.5	0.0	
5.10156	-1.0	766	24.0	22.5	1.5	0.0	-22.5	0.0	
5.10547	-1.0	766	24.1	22.6	1.5	0.0	-22.6	0.0	
5.10938	-0.8	766	24.1	22.7	1.4	0.0	-22.7	0.0	
5.11328	-0.9	766	24.0	22.7	1.3	0.0	-22.7	0.0	
5.11719	-1.0	766	24.0	22.8	1.2	0.0	-22.8	0.0	
5.12109	-0.9	766	23.9	22.8	1.1	0.0	-22.8	0.0	
5.12500	-0.8	766	23.9	22.9	1.0	0.0	-22.9	0.0	
5.12891	-0.9	766	23.9	22.9	1.0	0.0	-22.9	0.0	
5.13281	-1.0	766	23.9	22.9	1.0	0.0	-22.9	0.0	
5.13672	-0.9	766	23.9	23.0	0.9	0.0	-23.0	0.0	
5.14062	-0.8	766	23.8	23.1	0.7	0.0	-23.1	0.0	
5.14453	-0.8	766	23.8	23.1	0.7	0.0	-23.1	0.0	
5.14844	-0.8	766	23.8	23.1	0.7	0.0	-23.1	0.0	
5.15234	-0.8	765	23.6	23.2	0.4	0.0	-23.2	0.0	
5.15625	-0.6	765	23.5	23.2	0.3	0.0	-23.2	0.0	
5.16016	-0.2	765	23.5	23.2	0.3	0.0	-23.2	0.0	
5.16406	-0.0	765	23.3	23.2	0.1	0.0	-23.2	0.0	
5.16797	0.3	765	23.2	23.2	0.0	0.0	-23.2	0.0	
5.17188	0.7	765	23.0	23.2	-0.2	0.0	-23.2	0.0	
5.17578	0.9	766	22.8	23.3	-0.5	0.0	-23.3	0.0	
5.17969	1.2	766	22.7	23.3	-0.6	0.0	-23.3	0.0	
5.18359	1.6	766	22.6	23.2	-0.6	0.0	-23.2	0.0	
5.18750	2.0	766	22.4	23.2	-0.8	0.0	-23.2	0.0	
5.19141	1.9	766	22.2	23.2	-1.0	0.0	-23.2	0.0	
5.19531	1.8	766	22.1	23.1	-1.0	0.0	-23.1	0.0	
5.19922	1.5	766	22.0	23.1	-1.1	0.0	-23.1	0.0	
5.20312	1.0	766	21.9	23.0	-1.1	0.0	-23.0	0.0	
5.20703	0.8	766	21.7	22.9	-1.2	0.0	-22.9	0.0	
5.21094	0.6	766	21.7	22.9	-1.2	0.0	-22.9	0.0	
5.21484	0.5	766	21.6	22.8	-1.2	0.0	-22.8	0.0	
5.21875	0.5	766	21.4	22.7	-1.3	0.0	-22.7	0.0	
5.22266	0.3	766	21.3	22.7	-1.4	0.0	-22.7	0.0	
5.22656	0.1	766	21.2	22.6	-1.4	0.0	-22.6	0.0	
5.23047	0.1	766	21.1	22.4	-1.3	0.0	-22.4	0.0	
5.23438	0.3	766	21.1	22.3	-1.2	0.0	-22.3	0.0	
5.23828	0.5	767	20.9	22.2	-1.3	0.0	-22.2	0.0	
5.24219	0.6	767	20.8	22.1	-1.3	0.0	-22.1	0.0	
5.24609	0.7	767	20.6	22.0	-1.4	0.0	-22.0	0.0	
5.25000	1.0	767	20.5	21.9	-1.4	0.0	-21.9	0.0	
5.25391	0.9	767	20.4	21.8	-1.4	0.0	-21.8	0.0	
5.25781	1.0	767	20.3	21.6	-1.3	0.0	-21.6	0.0	
5.26172	1.5	767	20.2	21.5	-1.3	0.0	-21.5	0.0	
5.26562	1.4	767	20.0	21.4	-1.4	0.0	-21.4	0.0	
5.26953	1.3	767	19.8	21.2	-1.4	0.0	-21.2	0.0	
5.27344	1.5	767	19.7	21.1	-1.4	0.0	-21.1	0.0	
5.27734	1.4	767	19.6	20.9	-1.3	0.0	-20.9	0.0	
5.28125	1.5	767	19.4	20.8	-1.4	0.0	-20.8	0.0	
5.28516	1.6	767	19.3	20.7	-1.4	0.0	-20.7	0.0	
5.28906	1.5	768	19.1	20.5	-1.4	0.0	-20.5	0.0	
5.29297	1.4	768	19.0	20.4	-1.4	0.0	-20.4	0.0	
5.29688	1.3	768	18.9	20.2	-1.3	0.0	-20.2	0.0	
5.30078	0.9	768	18.8	20.0	-1.2	0.0	-20.0	0.0	
5.30469	0.8	768	18.6	19.9	-1.3	0.0	-19.9	0.0	
5.30859	0.7	768	18.6	19.8	-1.2	0.0	-19.8	0.0	
5.31250	0.6	768	18.5	19.6	-1.1	0.0	-19.6	0.0	
5.31641	0.4	768	18.4	19.5	-1.1	0.0	-19.5	0.0	
5.32031	0.3	768	18.3	19.4	-1.1	0.0	-19.4	0.0	
5.32422	0.1	768	18.3	19.3	-1.0	0.0	-19.3	0.0	
5.32812	-0.2	768	18.2	19.1	-0.9	0.0	-19.1	0.0	
5.33203	-0.2	768	18.1	19.0	-0.9	0.0	-19.0	0.0	
5.33594	-0.2	768	18.1	18.9	-0.8	0.0	-18.9	0.0	
5.33984	-0.5	768	18.0	18.7	-0.7	0.0	-18.7	0.0	
5.34375	-0.6	768	18.0	18.6	-0.6	0.0	-18.6	0.0	
5.34766	-0.6	768	18.0	18.5	-0.5	0.0	-18.5	0.0	
5.35156	-0.9	768	18.0	18.4	-0.4	0.0	-18.4	0.0	
5.35547	-0.8	768	17.9	18.3	-0.4	0.0	-18.3	0.0	
5.35938	-0.6	768	17.8	18.1	-0.3	0.0	-18.1	0.0	
5.36328	-0.7	768	17.9	18.0	-0.1	0.0	-18.0	0.0	
5.36719	-0.9	768	17.9	18.0	-0.1	0.0	-18.0	0.0	
5.37109	-0.8	768	17.8	17.9	-0.1	0.0	-17.9	0.0	
5.37500	-0.7	767	17.8	17.8	0.0	0.0	-17.8	0.0	
5.37891	-0.7	767	17.7	17.7	0.0	0.0	-17.7	0.0	
5.38281	-0.7	767	17.7	17.6	0.1	0.0	-17.6	0.0	
5.38672	-0.6	767	17.7	17.5	0.2	0.0	-17.5	0.0	
5.39062	-0.8	767	17.6	17.5	0.1	0.0	-17.5	0.0	
5.39453	-0.8	767	17.6	17.4	0.2	0.0	-17.4	0.0	
5.39844	-0.7	767	17.6	17.4	0.2	0.0	-17.4	0.0	
5.40234	-0.7	767	17.5	17.3	0.2	0.0	-17.3	0.0	
5.40625	-0.7	767	17.5	17.3	0.2	0.0	-17.3	0.0	
5.41016	-0.5	767	17.4	17.2	0.2	0.0	-17.2	0.0	
5.41406	-0.5	767	17.3	17.0	0.3	0.0	-17.0	0.0	
5.41797	-0.6	767	17.3	17.1	0.2	0.0	-17.1	0.0	
5.42188	-0.6	767	17.3	17.1	0.2	0.0	-17.1	0.0	
5.42578	-0.7	767	17.2	17.0	0.2	0.0	-17.0	0.0	
5.42969	-0.7	767	17.2	17.0	0.2	0.0	-17.0	0.0	
5.43359	-0.5	767	17.1	16.9	0.2	0.0	-16.9	0.0	
5.43750	-0.5	767	17.1	16.9	0.2	0.0	-16.9	0.0	
5.44141	-0.7	767	17.0	16.9	0.1	0.0	-16.9	0.0	
5.44531	-0.6	767	17.0	16.8	0.2	0.0	-16.8	0.0	
5.44922	-0.5	767	17.0	16.8	0.2	0.0	-16.8	0.0	
5.45312	-0.6	767	17.0	16.8	0.2	0.0	-16.8	0.0	
5.45703	-0.6	767	16.9	16.7	0.2	0.0	-16.7	0.0	
5.46094	-0.5	767	16.9	16.7	0.2	0.0	-16.7	0.0	
5.46484	-0.6	767	16.8	16.7	0.1	0.0	-16.7	0.0	
5.46875	-0.6	766	16.8	16.6	0.2	0.0	-16.6	0.0	
5.47266	-0.5	766	16.8	16.6	0.2	0.0	-16.6	0.0	
5.47656	-0.6	766	16.7	16.6	0.1	0.0	-16.6	0.0	
5.48047	-0.8	766	16.7	16.5	0.2	0.0	-16.5	0.0	
5.48438	-0.8	766	16.7	16.4	0.3	0.0	-16.4	0.0	
5.48828	-0.9	766	16.7	16.4	0.3	0.0	-16.4	0.0	
5.49219	-1.0	766	16.7	16.4	0.3	0.0	-16.4	0.0	
5.49609	-0.9	766	16.7	16.4	0.3	0.0	-16.4	0.0	
5.50000	-1.0	766	16.7	16.4	0.3	0.0	-16.4	0.0	
5.50391	-1.1	766	16.7	16.3	0.4	0.0	-16.3	0.0	
