FluxView - FluxMed acquisition system
Signal file
Serial Number	:
W version:	1.20h-OX-CO2	File version:	1.13
Sampling rate:	256 Hz
Time	Flow	Volume	Paw	Pes	Ptpulm	Pga	Ptdiaf	CO2	
0.00391	-0.4	-495	12.6	14.1	-1.5	14.1	0.0	14.1	
0.00781	-0.4	-495	12.6	14.0	-1.4	14.0	0.0	14.0	
0.01172	-0.5	-495	12.5	13.9	-1.4	13.9	0.0	13.9	
0.01562	-0.5	-495	12.5	13.8	-1.3	13.8	0.0	13.8	
0.01953	-0.4	-495	12.4	13.7	-1.3	13.7	0.0	13.7	
0.02344	-0.4	-495	12.4	13.7	-1.3	13.7	0.0	13.7	
0.02734	-0.3	-495	12.4	13.6	-1.2	13.6	0.0	13.6	
0.03125	-0.3	-495	12.4	13.6	-1.2	13.6	0.0	13.6	
0.03516	-0.2	-495	12.4	13.5	-1.1	13.5	0.0	13.5	
0.03906	-0.1	-495	12.3	13.5	-1.2	13.5	0.0	13.5	
0.04297	-0.0	-495	12.2	13.5	-1.3	13.5	0.0	13.5	
0.04688	-0.0	-495	12.2	13.4	-1.2	13.4	0.0	13.4	
0.05078	-0.0	-495	12.2	13.3	-1.1	13.3	0.0	13.3	
0.05469	-0.0	-495	12.2	13.2	-1.0	13.2	0.0	13.2	
0.05859	-0.1	-495	12.2	13.2	-1.0	13.2	0.0	13.2	
0.06250	-0.0	-495	12.2	13.2	-1.0	13.2	0.0	13.2	
0.06641	-0.1	-495	12.2	13.1	-0.9	13.1	0.0	13.1	
0.07031	-0.3	-495	12.2	13.0	-0.8	13.0	0.0	13.0	
0.07422	-0.3	-495	12.2	12.9	-0.7	12.9	0.0	12.9	
0.07812	-0.3	-495	12.2	12.9	-0.7	12.9	0.0	12.9	
0.08203	-0.4	-495	12.2	12.9	-0.7	12.9	0.0	12.9	
0.08594	-0.4	-495	12.2	12.8	-0.6	12.8	0.0	12.8	
0.08984	-0.3	-495	12.3	12.8	-0.5	12.8	0.0	12.8	
0.09375	-0.4	-495	12.2	12.7	-0.5	12.7	0.0	12.7	
0.09766	-0.6	-495	12.3	12.7	-0.4	12.7	0.0	12.7	
0.10156	-0.5	-495	12.3	12.6	-0.3	12.6	0.0	12.6	
0.10547	-0.4	-495	12.4	12.6	-0.2	12.6	0.0	12.6	
0.10938	-0.4	-495	12.6	12.6	0.0	12.6	0.0	12.6	
0.11328	-0.3	-495	12.4	12.6	-0.2	12.6	0.0	12.6	
0.11719	-0.4	-495	12.1	12.5	-0.4	12.5	0.0	12.5	
0.12109	-0.8	-495	12.1	12.5	-0.4	12.5	0.0	12.5	
0.12500	-0.8	-495	12.1	12.5	-0.4	12.5	0.0	12.5	
0.12891	-0.8	-495	12.2	12.4	-0.2	12.4	0.0	12.4	
0.13281	-1.1	-495	12.2	12.4	-0.2	12.4	0.0	12.4	
0.13672	-0.9	-495	12.2	12.4	-0.2	12.4	0.0	12.4	
0.14062	-0.7	-495	12.3	12.4	-0.1	12.4	0.0	12.4	
0.14453	-0.8	-495	12.3	12.3	0.0	12.3	0.0	12.3	
0.14844	-0.7	-496	12.1	12.3	-0.2	12.3	0.0	12.3	
0.15234	-0.6	-496	12.1	12.3	-0.2	12.3	0.0	12.3	
0.15625	-0.8	-496	12.2	12.3	-0.1	12.3	0.0	12.3	
0.16016	-0.8	-496	12.2	12.2	0.0	12.2	0.0	12.2	
0.16406	-0.7	-496	12.2	12.1	0.1	12.1	0.0	12.1	
0.16797	-0.7	-496	12.1	12.1	0.0	12.1	0.0	12.1	
0.17188	-0.7	-496	12.1	12.1	0.0	12.1	0.0	12.1	
0.17578	-0.6	-496	12.1	12.1	0.0	12.1	0.0	12.1	
0.17969	-0.5	-496	12.0	12.0	0.0	12.0	0.0	12.0	
0.18359	-0.6	-496	12.1	12.0	0.1	12.0	0.0	12.0	
0.18750	-0.5	-496	12.1	11.9	0.2	11.9	0.0	11.9	
0.19141	-0.4	-496	12.0	11.9	0.1	11.9	0.0	11.9	
0.19531	-0.5	-496	12.0	11.8	0.2	11.8	0.0	11.8	
0.19922	-0.5	-496	11.9	11.9	0.0	11.9	0.0	11.9	
0.20312	-0.6	-496	11.9	11.9	0.0	11.9	0.0	11.9	
0.20703	-0.6	-496	11.9	11.8	0.1	11.8	0.0	11.8	
0.21094	-0.6	-496	11.9	11.8	0.1	11.8	0.0	11.8	
0.21484	-0.7	-496	11.9	11.7	0.2	11.7	0.0	11.7	
0.21875	-0.6	-496	11.9	11.7	0.2	11.7	0.0	11.7	
0.22266	-0.6	-496	11.8	11.7	0.1	11.7	0.0	11.7	
0.22656	-0.6	-496	11.8	11.6	0.2	11.6	0.0	11.6	
0.23047	-0.5	-496	11.8	11.6	0.2	11.6	0.0	11.6	
0.23438	-0.6	-496	11.8	11.6	0.2	11.6	0.0	11.6	
0.23828	-0.6	-496	11.8	11.6	0.2	11.6	0.0	11.6	
0.24219	-0.7	-496	11.8	11.5	0.3	11.5	0.0	11.5	
0.24609	-0.8	-497	11.8	11.5	0.3	11.5	0.0	11.5	
0.25000	-0.7	-497	11.8	11.5	0.3	11.5	0.0	11.5	
0.25391	-0.7	-497	11.8	11.5	0.3	11.5	0.0	11.5	
0.25781	-0.8	-497	11.8	11.5	0.3	11.5	0.0	11.5	
0.26172	-0.9	-497	11.8	11.5	0.3	11.5	0.0	11.5	
0.26562	-0.7	-497	11.8	11.4	0.4	11.4	0.0	11.4	
0.26953	-0.7	-497	11.8	11.4	0.4	11.4	0.0	11.4	
0.27344	-0.7	-497	11.8	11.4	0.4	11.4	0.0	11.4	
0.27734	-0.7	-497	11.8	11.5	0.3	11.5	0.0	11.5	
0.28125	-0.7	-497	11.8	11.5	0.3	11.5	0.0	11.5	
0.28516	-0.7	-497	11.8	11.4	0.4	11.4	0.0	11.4	
0.28906	-0.7	-497	11.8	11.4	0.4	11.4	0.0	11.4	
0.29297	-0.7	-497	11.8	11.4	0.4	11.4	0.0	11.4	
0.29688	-0.8	-497	11.8	11.4	0.4	11.4	0.0	11.4	
0.30078	-0.8	-497	11.8	11.4	0.4	11.4	0.0	11.4	
0.30469	-0.7	-497	11.7	11.3	0.4	11.3	0.0	11.3	
0.30859	-0.7	-497	11.7	11.3	0.4	11.3	0.0	11.3	
0.31250	-0.7	-497	11.7	11.3	0.4	11.3	0.0	11.3	
0.31641	-0.7	-497	11.7	11.3	0.4	11.3	0.0	11.3	
0.32031	-0.7	-497	11.7	11.3	0.4	11.3	0.0	11.3	
0.32422	-0.8	-497	11.7	11.2	0.5	11.2	0.0	11.2	
0.32812	-0.8	-498	11.7	11.2	0.5	11.2	0.0	11.2	
0.33203	-0.8	-498	11.7	11.3	0.4	11.3	0.0	11.3	
0.33594	-0.8	-498	11.7	11.2	0.5	11.2	0.0	11.2	
0.33984	-0.7	-498	11.7	11.2	0.5	11.2	0.0	11.2	
0.34375	-0.7	-498	11.7	11.2	0.5	11.2	0.0	11.2	
0.34766	-0.9	-498	11.7	11.2	0.5	11.2	0.0	11.2	
0.35156	-0.7	-498	11.7	11.2	0.5	11.2	0.0	11.2	
0.35547	-0.6	-498	11.7	11.2	0.5	11.2	0.0	11.2	
0.35938	-0.7	-498	11.7	11.1	0.6	11.1	0.0	11.1	
0.36328	-0.7	-498	11.6	11.2	0.4	11.2	0.0	11.2	
0.36719	-0.6	-498	11.6	11.2	0.4	11.2	0.0	11.2	
0.37109	-0.7	-498	11.7	11.2	0.5	11.2	0.0	11.2	
0.37500	-0.7	-498	11.7	11.2	0.5	11.2	0.0	11.2	
0.37891	-0.7	-498	11.6	11.2	0.4	11.2	0.0	11.2	
0.38281	-0.6	-498	11.6	11.1	0.5	11.1	0.0	11.1	
0.38672	-0.6	-498	11.6	11.1	0.5	11.1	0.0	11.1	
0.39062	-0.6	-498	11.6	11.2	0.4	11.2	0.0	11.2	
0.39453	-0.7	-498	11.6	11.1	0.5	11.1	0.0	11.1	
0.39844	-0.6	-498	11.6	11.1	0.5	11.1	0.0	11.1	
0.40234	-0.6	-498	11.6	11.1	0.5	11.1	0.0	11.1	
0.40625	-0.8	-498	11.6	11.1	0.5	11.1	0.0	11.1	
0.41016	-0.7	-498	11.6	11.1	0.5	11.1	0.0	11.1	
0.41406	-0.7	-499	11.5	11.1	0.4	11.1	0.0	11.1	
0.41797	-0.8	-499	11.6	11.1	0.5	11.1	0.0	11.1	
0.42188	-0.8	-499	11.6	11.1	0.5	11.1	0.0	11.1	
0.42578	-0.6	-499	11.6	11.1	0.5	11.1	0.0	11.1	
0.42969	-0.5	-499	11.6	11.1	0.5	11.1	0.0	11.1	
0.43359	-0.7	-499	11.5	11.1	0.4	11.1	0.0	11.1	
0.43750	-0.7	-499	11.5	11.2	0.3	11.2	0.0	11.2	
0.44141	-0.7	-499	11.5	11.2	0.3	11.2	0.0	11.2	
0.44531	-0.7	-499	11.5	11.1	0.4	11.1	0.0	11.1	
0.44922	-0.6	-499	11.5	11.1	0.4	11.1	0.0	11.1	
0.45312	-0.6	-499	11.5	11.2	0.3	11.2	0.0	11.2	
0.45703	-0.8	-499	11.5	11.1	0.4	11.1	0.0	11.1	
0.46094	-0.7	-499	11.4	11.1	0.3	11.1	0.0	11.1	
0.46484	-0.5	-499	11.4	11.2	0.2	11.2	0.0	11.2	
0.46875	-0.7	-499	11.4	11.1	0.3	11.1	0.0	11.1	
0.47266	-0.7	-499	11.4	11.1	0.3	11.1	0.0	11.1	
0.47656	-0.6	-499	11.4	11.1	0.3	11.1	0.0	11.1	
0.48047	-0.7	-499	11.4	11.2	0.2	11.2	0.0	11.2	
0.48438	-0.7	-499	11.4	11.1	0.3	11.1	0.0	11.1	
0.48828	-0.6	-499	11.4	11.1	0.3	11.1	0.0	11.1	
0.49219	-0.7	-499	11.3	11.1	0.2	11.1	0.0	11.1	
0.49609	-0.8	-499	11.3	11.1	0.2	11.1	0.0	11.1	
0.50000	-0.7	-499	11.3	11.1	0.2	11.1	0.0	11.1	
0.50391	-0.7	-500	11.4	11.1	0.3	11.1	0.0	11.1	
0.50781	-0.8	-500	11.4	11.1	0.3	11.1	0.0	11.1	
0.51172	-0.9	-500	11.3	11.1	0.2	11.1	0.0	11.1	
0.51562	-0.7	-500	11.4	11.1	0.3	11.1	0.0	11.1	
0.51953	-0.8	-500	11.4	11.1	0.3	11.1	0.0	11.1	
0.52344	-0.9	-500	11.3	11.1	0.2	11.1	0.0	11.1	
0.52734	-0.8	-500	11.4	11.1	0.3	11.1	0.0	11.1	
0.53125	-0.8	-500	11.4	11.1	0.3	11.1	0.0	11.1	
0.53516	-0.7	-500	11.3	11.1	0.2	11.1	0.0	11.1	
0.53906	-0.6	-500	11.4	11.1	0.3	11.1	0.0	11.1	
0.54297	-0.7	-500	11.4	11.1	0.3	11.1	0.0	11.1	
0.54688	-0.8	-500	11.4	11.1	0.3	11.1	0.0	11.1	
0.55078	-0.6	-500	11.5	11.1	0.4	11.1	0.0	11.1	
0.55469	-0.6	-500	11.4	11.1	0.3	11.1	0.0	11.1	
0.55859	-0.7	-500	11.4	11.1	0.3	11.1	0.0	11.1	
0.56250	-0.7	-500	11.5	11.1	0.4	11.1	0.0	11.1	
0.56641	-0.7	-500	11.4	11.1	0.3	11.1	0.0	11.1	
0.57031	-0.8	-500	11.4	11.1	0.3	11.1	0.0	11.1	
0.57422	-0.8	-500	11.4	11.1	0.3	11.1	0.0	11.1	
0.57812	-0.7	-500	11.5	11.1	0.4	11.1	0.0	11.1	
0.58203	-0.7	-500	11.4	11.2	0.2	11.2	0.0	11.2	
0.58594	-0.8	-501	11.5	11.2	0.3	11.2	0.0	11.2	
0.58984	-0.7	-501	11.5	11.1	0.4	11.1	0.0	11.1	
0.59375	-0.8	-501	11.5	11.1	0.4	11.1	0.0	11.1	
0.59766	-0.9	-501	11.4	11.1	0.3	11.1	0.0	11.1	
0.60156	-0.8	-501	11.5	11.1	0.4	11.1	0.0	11.1	
0.60547	-0.7	-501	11.5	11.2	0.3	11.2	0.0	11.2	
0.60938	-0.7	-501	11.5	11.2	0.3	11.2	0.0	11.2	
0.61328	-0.8	-501	11.5	11.2	0.3	11.2	0.0	11.2	
0.61719	-0.9	-501	11.6	11.2	0.4	11.2	0.0	11.2	
0.62109	-1.0	-501	11.6	11.1	0.5	11.1	0.0	11.1	
0.62500	-0.9	-501	11.6	11.2	0.4	11.2	0.0	11.2	
0.62891	-0.9	-501	11.6	11.2	0.4	11.2	0.0	11.2	
0.63281	-1.0	-501	11.6	11.2	0.4	11.2	0.0	11.2	
0.63672	-1.0	-501	11.7	11.2	0.5	11.2	0.0	11.2	
0.64062	-0.9	-501	11.7	11.3	0.4	11.3	0.0	11.3	
0.64453	-1.0	-501	11.7	11.3	0.4	11.3	0.0	11.3	
0.64844	-0.9	-501	11.8	11.2	0.6	11.2	0.0	11.2	
0.65234	-0.9	-502	11.8	11.3	0.5	11.3	0.0	11.3	
0.65625	-1.1	-502	11.8	11.3	0.5	11.3	0.0	11.3	
0.66016	-1.2	-502	11.8	11.2	0.6	11.2	0.0	11.2	
0.66406	-1.0	-502	11.9	11.3	0.6	11.3	0.0	11.3	
0.66797	-1.0	-502	12.0	11.3	0.7	11.3	0.0	11.3	
0.67188	-1.3	-502	12.0	11.3	0.7	11.3	0.0	11.3	
0.67578	-1.3	-502	12.1	11.4	0.7	11.4	0.0	11.4	
0.67969	-1.1	-502	12.1	11.4	0.7	11.4	0.0	11.4	
0.68359	-1.1	-502	12.2	11.4	0.8	11.4	0.0	11.4	
0.68750	-1.3	-502	12.2	11.4	0.8	11.4	0.0	11.4	
0.69141	-1.3	-502	12.3	11.4	0.9	11.4	0.0	11.4	
0.69531	-1.2	-502	12.3	11.5	0.8	11.5	0.0	11.5	
0.69922	-1.2	-502	12.4	11.5	0.9	11.5	0.0	11.5	
0.70312	-1.3	-503	12.5	11.5	1.0	11.5	0.0	11.5	
0.70703	-1.3	-503	12.5	11.4	1.1	11.4	0.0	11.4	
0.71094	-1.3	-503	12.5	11.5	1.0	11.5	0.0	11.5	
0.71484	-1.4	-503	12.7	11.6	1.1	11.6	0.0	11.6	
0.71875	-1.4	-503	12.7	11.6	1.1	11.6	0.0	11.6	
0.72266	-1.5	-503	12.8	11.5	1.3	11.5	0.0	11.5	
0.72656	-1.6	-503	12.9	11.6	1.3	11.6	0.0	11.6	
0.73047	-1.5	-503	12.9	11.6	1.3	11.6	0.0	11.6	
0.73438	-1.6	-503	13.0	11.6	1.4	11.6	0.0	11.6	
0.73828	-1.6	-503	13.0	11.7	1.3	11.7	0.0	11.7	
0.74219	-1.6	-503	13.1	11.7	1.4	11.7	0.0	11.7	
0.74609	-1.7	-504	13.2	11.7	1.5	11.7	0.0	11.7	
0.75000	-1.6	-504	13.3	11.8	1.5	11.8	0.0	11.8	
0.75391	-1.4	-504	13.3	11.8	1.5	11.8	0.0	11.8	
0.75781	-1.5	-504	13.4	11.9	1.5	11.9	0.0	11.9	
0.76172	-1.6	-504	13.4	11.9	1.5	11.9	0.0	11.9	
0.76562	-1.5	-504	13.5	11.9	1.6	11.9	0.0	11.9	
0.76953	-1.5	-504	13.6	11.9	1.7	11.9	0.0	11.9	
0.77344	-1.6	-504	13.7	12.0	1.7	12.0	0.0	12.0	
0.77734	-1.4	-504	13.8	12.0	1.8	12.0	0.0	12.0	
0.78125	-1.5	-504	13.8	12.1	1.7	12.1	0.0	12.1	
0.78516	-1.6	-505	13.8	12.1	1.7	12.1	0.0	12.1	
0.78906	-1.4	-505	13.9	12.2	1.7	12.2	0.0	12.2	
0.79297	-1.4	-505	14.0	12.2	1.8	12.2	0.0	12.2	
0.79688	-1.4	-505	14.0	12.3	1.7	12.3	0.0	12.3	
0.80078	-1.4	-505	14.1	12.3	1.8	12.3	0.0	12.3	
0.80469	-1.3	-505	14.1	12.3	1.8	12.3	0.0	12.3	
0.80859	-1.3	-505	14.2	12.4	1.8	12.4	0.0	12.4	
0.81250	-1.3	-505	14.2	12.4	1.8	12.4	0.0	12.4	
0.81641	-1.2	-505	14.3	12.5	1.8	12.5	0.0	12.5	
0.82031	-1.3	-505	14.4	12.6	1.8	12.6	0.0	12.6	
0.82422	-1.3	-505	14.4	12.6	1.8	12.6	0.0	12.6	
0.82812	-1.2	-506	14.5	12.6	1.9	12.6	0.0	12.6	
0.83203	-1.3	-506	14.5	12.7	1.8	12.7	0.0	12.7	
0.83594	-1.2	-506	14.5	12.7	1.8	12.7	0.0	12.7	
0.83984	-1.1	-506	14.6	12.8	1.8	12.8	0.0	12.8	
0.84375	-1.2	-506	14.6	12.9	1.7	12.9	0.0	12.9	
0.84766	-1.2	-506	14.7	12.9	1.8	12.9	0.0	12.9	
0.85156	-1.1	-506	14.7	13.0	1.7	13.0	0.0	13.0	
0.85547	-1.1	-506	14.7	13.1	1.6	13.1	0.0	13.1	
0.85938	-1.3	-506	14.8	13.1	1.7	13.1	0.0	13.1	
0.86328	-1.2	-506	14.8	13.1	1.7	13.1	0.0	13.1	
0.86719	-1.2	-506	14.9	13.2	1.7	13.2	0.0	13.2	
0.87109	-1.3	-506	14.9	13.2	1.7	13.2	0.0	13.2	
0.87500	-1.1	-506	14.9	13.2	1.7	13.2	0.0	13.2	
0.87891	-1.0	-507	15.0	13.3	1.7	13.3	0.0	13.3	
0.88281	-1.2	-507	15.1	13.3	1.8	13.3	0.0	13.3	
0.88672	-1.1	-507	15.1	13.3	1.8	13.3	0.0	13.3	
0.89062	-0.9	-507	15.1	13.4	1.7	13.4	0.0	13.4	
0.89453	-1.1	-507	15.1	13.4	1.7	13.4	0.0	13.4	
0.89844	-1.0	-507	15.2	13.4	1.8	13.4	0.0	13.4	
0.90234	-0.8	-507	15.1	13.5	1.6	13.5	0.0	13.5	
0.90625	-0.8	-507	15.2	13.5	1.7	13.5	0.0	13.5	
0.91016	-0.9	-507	15.2	13.5	1.7	13.5	0.0	13.5	
0.91406	-0.8	-507	15.1	13.5	1.6	13.5	0.0	13.5	
0.91797	-0.7	-507	15.2	13.5	1.7	13.5	0.0	13.5	
0.92188	-0.7	-507	15.2	13.6	1.6	13.6	0.0	13.6	
0.92578	-0.6	-507	15.2	13.6	1.6	13.6	0.0	13.6	
0.92969	-0.7	-507	15.2	13.6	1.6	13.6	0.0	13.6	
0.93359	-0.8	-507	15.2	13.7	1.5	13.7	0.0	13.7	
0.93750	-0.8	-507	15.2	13.6	1.6	13.6	0.0	13.6	
0.94141	-0.8	-507	15.2	13.7	1.5	13.7	0.0	13.7	
0.94531	-0.8	-507	15.2	13.7	1.5	13.7	0.0	13.7	
0.94922	-0.9	-508	15.3	13.7	1.6	13.7	0.0	13.7	
0.95312	-0.8	-508	15.3	13.8	1.5	13.8	0.0	13.8	
0.95703	-0.9	-508	15.3	13.8	1.5	13.8	0.0	13.8	
0.96094	-0.9	-508	15.4	13.8	1.6	13.8	0.0	13.8	
0.96484	-0.9	-508	15.4	13.8	1.6	13.8	0.0	13.8	
0.96875	-1.1	-508	15.4	13.8	1.6	13.8	0.0	13.8	
0.97266	-1.1	-508	15.5	13.8	1.7	13.8	0.0	13.8	
0.97656	-1.1	-508	15.5	13.9	1.6	13.9	0.0	13.9	
0.98047	-1.2	-508	15.6	13.9	1.7	13.9	0.0	13.9	
0.98438	-1.2	-508	15.6	13.9	1.7	13.9	0.0	13.9	
0.98828	-1.0	-508	15.7	13.9	1.8	13.9	0.0	13.9	
0.99219	-1.1	-508	15.7	14.0	1.7	14.0	0.0	14.0	
0.99609	-1.3	-508	15.7	14.0	1.7	14.0	0.0	14.0	
1.00000	-1.2	-508	15.8	14.0	1.8	14.0	0.0	14.0	
1.00391	-1.1	-508	15.9	14.1	1.8	14.1	0.0	14.1	
1.00781	-0.9	-509	15.8	14.1	1.7	14.1	0.0	14.1	
1.01172	-0.8	-509	15.8	14.1	1.7	14.1	0.0	14.1	
1.01562	-0.9	-509	15.9	14.1	1.8	14.1	0.0	14.1	
1.01953	-1.0	-509	15.9	14.2	1.7	14.2	0.0	14.2	
1.02344	-0.9	-509	15.9	14.2	1.7	14.2	0.0	14.2	
1.02734	-0.7	-509	15.9	14.2	1.7	14.2	0.0	14.2	
1.03125	-0.7	-509	15.9	14.2	1.7	14.2	0.0	14.2	
1.03516	-0.8	-509	15.9	14.2	1.7	14.2	0.0	14.2	
1.03906	-0.8	-509	15.9	14.2	1.7	14.2	0.0	14.2	
1.04297	-0.7	-509	15.9	14.2	1.7	14.2	0.0	14.2	
1.04688	-0.7	-509	15.9	14.3	1.6	14.3	0.0	14.3	
1.05078	-0.7	-509	15.9	14.3	1.6	14.3	0.0	14.3	
1.05469	-0.7	-509	15.9	14.3	1.6	14.3	0.0	14.3	
1.05859	-0.8	-509	15.9	14.3	1.6	14.3	0.0	14.3	
1.06250	-0.8	-509	15.9	14.3	1.6	14.3	0.0	14.3	
1.06641	-0.7	-509	15.9	14.4	1.5	14.4	0.0	14.4	
1.07031	-0.8	-509	16.0	14.3	1.7	14.3	0.0	14.3	
1.07422	-0.9	-509	16.0	14.3	1.7	14.3	0.0	14.3	
1.07812	-0.8	-509	16.0	14.4	1.6	14.4	0.0	14.4	
1.08203	-0.8	-510	16.0	14.4	1.6	14.4	0.0	14.4	
1.08594	-0.9	-510	16.1	14.4	1.7	14.4	0.0	14.4	
1.08984	-0.8	-510	16.0	14.4	1.6	14.4	0.0	14.4	
1.09375	-0.8	-510	16.0	14.4	1.6	14.4	0.0	14.4	
1.09766	-0.9	-510	16.1	14.4	1.7	14.4	0.0	14.4	
1.10156	-0.8	-510	16.1	14.5	1.6	14.5	0.0	14.5	
1.10547	-0.7	-510	16.1	14.5	1.6	14.5	0.0	14.5	
1.10938	-0.7	-510	16.0	14.5	1.5	14.5	0.0	14.5	
1.11328	-0.7	-510	16.0	14.5	1.5	14.5	0.0	14.5	
1.11719	-0.8	-510	16.0	14.5	1.5	14.5	0.0	14.5	
1.12109	-0.9	-510	16.0	14.5	1.5	14.5	0.0	14.5	
1.12500	-0.7	-510	16.1	14.5	1.6	14.5	0.0	14.5	
1.12891	-0.7	-510	16.1	14.6	1.5	14.6	0.0	14.6	
1.13281	-0.8	-510	16.1	14.6	1.5	14.6	0.0	14.6	
1.13672	-0.8	-510	16.1	14.6	1.5	14.6	0.0	14.6	
1.14062	-0.8	-510	16.1	14.6	1.5	14.6	0.0	14.6	
1.14453	-0.8	-510	16.1	14.7	1.4	14.7	0.0	14.7	
1.14844	-0.7	-510	16.1	14.6	1.5	14.6	0.0	14.6	
1.15234	-0.7	-510	16.2	14.6	1.6	14.6	0.0	14.6	
1.15625	-0.8	-510	16.1	14.7	1.4	14.7	0.0	14.7	
1.16016	-0.9	-511	16.1	14.7	1.4	14.7	0.0	14.7	
1.16406	-0.7	-511	16.1	14.7	1.4	14.7	0.0	14.7	
1.16797	-0.6	-511	16.1	14.7	1.4	14.7	0.0	14.7	
1.17188	-0.7	-511	16.1	14.7	1.4	14.7	0.0	14.7	
1.17578	-0.7	-511	16.1	14.7	1.4	14.7	0.0	14.7	
1.17969	-0.8	-511	16.1	14.7	1.4	14.7	0.0	14.7	
1.18359	-0.8	-511	16.1	14.7	1.4	14.7	0.0	14.7	
1.18750	-0.7	-511	16.1	14.8	1.3	14.8	0.0	14.8	
1.19141	-0.8	-511	16.1	14.8	1.3	14.8	0.0	14.8	
1.19531	-0.9	-511	16.1	14.8	1.3	14.8	0.0	14.8	
1.19922	-0.8	-511	16.1	14.8	1.3	14.8	0.0	14.8	
1.20312	-0.7	-511	16.1	14.8	1.3	14.8	0.0	14.8	
1.20703	-0.8	-511	16.1	14.8	1.3	14.8	0.0	14.8	
1.21094	-0.8	-511	16.1	14.8	1.3	14.8	0.0	14.8	
1.21484	-0.7	-511	16.1	14.8	1.3	14.8	0.0	14.8	
1.21875	-0.7	-511	16.1	14.8	1.3	14.8	0.0	14.8	
1.22266	-0.8	-511	16.1	14.8	1.3	14.8	0.0	14.8	
1.22656	-0.7	-511	16.2	14.8	1.4	14.8	0.0	14.8	
1.23047	-0.6	-511	16.2	14.8	1.4	14.8	0.0	14.8	
1.23438	-0.8	-511	16.1	14.9	1.2	14.9	0.0	14.9	
1.23828	-0.7	-512	16.1	14.8	1.3	14.8	0.0	14.8	
1.24219	-0.7	-512	16.2	14.9	1.3	14.9	0.0	14.9	
1.24609	-0.8	-512	16.1	14.9	1.2	14.9	0.0	14.9	
1.25000	-0.7	-512	16.1	14.9	1.2	14.9	0.0	14.9	
1.25391	-0.7	-512	16.1	14.9	1.2	14.9	0.0	14.9	
1.25781	-0.7	-512	16.2	14.9	1.3	14.9	0.0	14.9	
1.26172	-0.8	-512	16.2	14.8	1.4	14.8	0.0	14.8	
1.26562	-0.7	-512	16.1	14.9	1.2	14.9	0.0	14.9	
1.26953	-0.7	-512	16.2	15.0	1.2	15.0	0.0	15.0	
1.27344	-0.7	-512	16.2	14.9	1.3	14.9	0.0	14.9	
1.27734	-0.7	-512	16.2	14.9	1.3	14.9	0.0	14.9	
1.28125	-0.9	-512	16.2	14.9	1.3	14.9	0.0	14.9	
1.28516	-0.9	-512	16.2	14.9	1.3	14.9	0.0	14.9	
1.28906	-0.6	-512	16.2	14.9	1.3	14.9	0.0	14.9	
1.29297	-0.7	-512	16.2	15.0	1.2	15.0	0.0	15.0	
1.29688	-0.9	-512	16.2	15.0	1.2	15.0	0.0	15.0	
1.30078	-0.7	-512	16.2	15.0	1.2	15.0	0.0	15.0	
1.30469	-0.7	-512	16.2	15.0	1.2	15.0	0.0	15.0	
1.30859	-0.8	-512	16.2	15.0	1.2	15.0	0.0	15.0	
1.31250	-0.8	-512	16.2	15.0	1.2	15.0	0.0	15.0	
1.31641	-0.7	-512	16.2	15.0	1.2	15.0	0.0	15.0	
1.32031	-0.8	-513	16.2	15.0	1.2	15.0	0.0	15.0	
1.32422	-0.7	-513	16.2	15.1	1.1	15.1	0.0	15.1	
1.32812	-0.6	-513	16.3	15.1	1.2	15.1	0.0	15.1	
1.33203	-0.7	-513	16.2	15.1	1.1	15.1	0.0	15.1	
1.33594	-0.8	-513	16.2	15.1	1.1	15.1	0.0	15.1	
1.33984	-0.7	-513	16.2	15.1	1.1	15.1	0.0	15.1	
1.34375	-0.6	-513	16.2	15.1	1.1	15.1	0.0	15.1	
1.34766	-0.7	-513	16.2	15.1	1.1	15.1	0.0	15.1	
1.35156	-0.7	-513	16.3	15.1	1.2	15.1	0.0	15.1	
1.35547	-0.6	-513	16.2	15.2	1.0	15.2	0.0	15.2	
1.35938	-0.7	-513	16.2	15.1	1.1	15.1	0.0	15.1	
1.36328	-0.7	-513	16.2	15.2	1.0	15.2	0.0	15.2	
1.36719	-0.6	-513	16.2	15.2	1.0	15.2	0.0	15.2	
1.37109	-0.7	-513	16.2	15.2	1.0	15.2	0.0	15.2	
1.37500	-0.8	-513	16.2	15.2	1.0	15.2	0.0	15.2	
1.37891	-0.7	-513	16.2	15.3	0.9	15.3	0.0	15.3	
1.38281	-0.6	-513	16.3	15.3	1.0	15.3	0.0	15.3	
1.38672	-0.7	-513	16.3	15.3	1.0	15.3	0.0	15.3	
1.39062	-0.7	-513	16.3	15.3	1.0	15.3	0.0	15.3	
1.39453	-0.7	-513	16.2	15.3	0.9	15.3	0.0	15.3	
1.39844	-0.7	-513	16.2	15.3	0.9	15.3	0.0	15.3	
1.40234	-0.6	-513	16.3	15.4	0.9	15.4	0.0	15.4	
1.40625	-0.7	-514	16.3	15.3	1.0	15.3	0.0	15.3	
1.41016	-0.8	-514	16.3	15.3	1.0	15.3	0.0	15.3	
1.41406	-0.7	-514	16.3	15.4	0.9	15.4	0.0	15.4	
1.41797	-0.7	-514	16.2	15.4	0.8	15.4	0.0	15.4	
1.42188	-0.8	-514	16.3	15.4	0.9	15.4	0.0	15.4	
1.42578	-0.7	-514	16.3	15.4	0.9	15.4	0.0	15.4	
1.42969	-0.6	-514	16.3	15.4	0.9	15.4	0.0	15.4	
1.43359	-0.7	-514	16.3	15.4	0.9	15.4	0.0	15.4	
1.43750	-0.8	-514	16.3	15.4	0.9	15.4	0.0	15.4	
1.44141	-0.8	-514	16.3	15.4	0.9	15.4	0.0	15.4	
1.44531	-0.7	-514	16.3	15.4	0.9	15.4	0.0	15.4	
1.44922	-0.8	-514	16.3	15.4	0.9	15.4	0.0	15.4	
1.45312	-0.6	-514	16.4	15.5	0.9	15.5	0.0	15.5	
1.45703	-0.7	-514	16.4	15.4	1.0	15.4	0.0	15.4	
1.46094	-0.9	-514	16.3	15.4	0.9	15.4	0.0	15.4	
1.46484	-0.7	-514	16.4	15.5	0.9	15.5	0.0	15.5	
1.46875	-0.7	-514	16.4	15.5	0.9	15.5	0.0	15.5	
1.47266	-0.8	-514	16.3	15.5	0.8	15.5	0.0	15.5	
1.47656	-0.7	-514	16.4	15.6	0.8	15.6	0.0	15.6	
1.48047	-0.7	-514	16.4	15.6	0.8	15.6	0.0	15.6	
1.48438	-0.8	-514	16.3	15.5	0.8	15.5	0.0	15.5	
1.48828	-0.7	-515	16.4	15.6	0.8	15.6	0.0	15.6	
1.49219	-0.7	-515	16.4	15.6	0.8	15.6	0.0	15.6	
1.49609	-0.7	-515	16.4	15.6	0.8	15.6	0.0	15.6	
1.50000	-0.7	-515	16.4	15.6	0.8	15.6	0.0	15.6	
1.50391	-0.7	-515	16.4	15.6	0.8	15.6	0.0	15.6	
1.50781	-0.7	-515	16.4	15.6	0.8	15.6	0.0	15.6	
1.51172	-0.8	-515	16.4	15.6	0.8	15.6	0.0	15.6	
1.51562	-0.9	-515	16.4	15.6	0.8	15.6	0.0	15.6	
1.51953	-0.9	-515	16.4	15.7	0.7	15.7	0.0	15.7	
1.52344	-0.8	-515	16.4	15.7	0.7	15.7	0.0	15.7	
1.52734	-0.7	-515	16.4	15.7	0.7	15.7	0.0	15.7	
1.53125	-0.8	-515	16.4	15.6	0.8	15.6	0.0	15.6	
1.53516	-0.9	-515	16.4	15.6	0.8	15.6	0.0	15.6	
1.53906	-0.7	-515	16.5	15.7	0.8	15.7	0.0	15.7	
1.54297	-0.7	-515	16.4	15.7	0.7	15.7	0.0	15.7	
1.54688	-0.8	-515	16.4	15.7	0.7	15.7	0.0	15.7	
1.55078	-0.7	-515	16.4	15.7	0.7	15.7	0.0	15.7	
1.55469	-0.8	-515	16.5	15.7	0.8	15.7	0.0	15.7	
1.55859	-0.8	-515	16.4	15.7	0.7	15.7	0.0	15.7	
1.56250	-0.7	-515	16.4	15.7	0.7	15.7	0.0	15.7	
1.56641	-0.7	-516	16.4	15.7	0.7	15.7	0.0	15.7	
1.57031	-0.8	-516	16.4	15.7	0.7	15.7	0.0	15.7	
1.57422	-0.8	-516	16.5	15.7	0.8	15.7	0.0	15.7	
1.57812	-0.7	-516	16.5	15.8	0.7	15.8	0.0	15.8	
1.58203	-0.7	-516	16.5	15.8	0.7	15.8	0.0	15.8	
1.58594	-0.7	-516	16.5	15.8	0.7	15.8	0.0	15.8	
1.58984	-0.7	-516	16.5	15.8	0.7	15.8	0.0	15.8	
1.59375	-0.8	-516	16.5	15.7	0.8	15.7	0.0	15.7	
1.59766	-0.8	-516	16.4	15.8	0.6	15.8	0.0	15.8	
1.60156	-0.6	-516	16.5	15.8	0.7	15.8	0.0	15.8	
1.60547	-0.8	-516	16.5	15.8	0.7	15.8	0.0	15.8	
1.60938	-0.8	-516	16.5	15.7	0.8	15.7	0.0	15.7	
1.61328	-0.6	-516	16.5	15.7	0.8	15.7	0.0	15.7	
1.61719	-0.8	-516	16.5	15.8	0.7	15.8	0.0	15.8	
1.62109	-0.9	-516	16.5	15.7	0.8	15.7	0.0	15.7	
1.62500	-0.7	-516	16.5	15.7	0.8	15.7	0.0	15.7	
1.62891	-0.7	-516	16.5	15.7	0.8	15.7	0.0	15.7	
1.63281	-0.8	-516	16.5	15.7	0.8	15.7	0.0	15.7	
1.63672	-0.6	-516	16.5	15.7	0.8	15.7	0.0	15.7	
1.64062	-0.5	-516	16.5	15.7	0.8	15.7	0.0	15.7	
1.64453	-0.7	-516	16.5	15.7	0.8	15.7	0.0	15.7	
1.64844	-0.7	-516	16.5	15.7	0.8	15.7	0.0	15.7	
1.65234	-0.7	-517	16.5	15.7	0.8	15.7	0.0	15.7	
1.65625	-0.7	-517	16.5	15.7	0.8	15.7	0.0	15.7	
1.66016	-0.8	-517	16.4	15.7	0.7	15.7	0.0	15.7	
1.66406	-0.7	-517	16.5	15.7	0.8	15.7	0.0	15.7	
1.66797	-0.6	-517	16.5	15.7	0.8	15.7	0.0	15.7	
1.67188	-0.8	-517	16.5	15.7	0.8	15.7	0.0	15.7	
1.67578	-0.9	-517	16.5	15.7	0.8	15.7	0.0	15.7	
1.67969	-0.8	-517	16.5	15.7	0.8	15.7	0.0	15.7	
1.68359	-0.8	-517	16.4	15.7	0.7	15.7	0.0	15.7	
1.68750	-0.7	-517	16.4	15.7	0.7	15.7	0.0	15.7	
1.69141	-0.5	-517	16.5	15.7	0.8	15.7	0.0	15.7	
1.69531	-0.8	-517	16.5	15.7	0.8	15.7	0.0	15.7	
1.69922	-0.8	-517	16.5	15.7	0.8	15.7	0.0	15.7	
1.70312	-0.7	-517	16.5	15.7	0.8	15.7	0.0	15.7	
1.70703	-0.8	-517	16.4	15.7	0.7	15.7	0.0	15.7	
1.71094	-0.8	-517	16.5	15.8	0.7	15.8	0.0	15.8	
1.71484	-0.6	-517	16.5	15.8	0.7	15.8	0.0	15.8	
1.71875	-0.7	-517	16.5	15.8	0.7	15.8	0.0	15.8	
1.72266	-0.9	-517	16.4	15.8	0.6	15.8	0.0	15.8	
1.72656	-0.8	-517	16.5	15.8	0.7	15.8	0.0	15.8	
1.73047	-0.8	-518	16.4	15.8	0.6	15.8	0.0	15.8	
1.73438	-0.8	-518	16.4	15.8	0.6	15.8	0.0	15.8	
1.73828	-0.7	-518	16.4	15.8	0.6	15.8	0.0	15.8	
1.74219	-0.8	-518	16.4	15.8	0.6	15.8	0.0	15.8	
1.74609	-0.8	-518	16.5	15.8	0.7	15.8	0.0	15.8	
1.75000	-0.7	-518	16.5	15.8	0.7	15.8	0.0	15.8	
1.75391	-0.8	-518	16.5	15.8	0.7	15.8	0.0	15.8	
1.75781	-0.8	-518	16.4	15.8	0.6	15.8	0.0	15.8	
1.76172	-0.8	-518	16.4	15.8	0.6	15.8	0.0	15.8	
1.76562	-0.7	-518	16.5	15.9	0.6	15.9	0.0	15.9	
1.76953	-0.8	-518	16.5	15.9	0.6	15.9	0.0	15.9	
1.77344	-0.8	-518	16.4	15.8	0.6	15.8	0.0	15.8	
1.77734	-0.7	-518	16.5	15.8	0.7	15.8	0.0	15.8	
1.78125	-0.7	-518	16.5	15.9	0.6	15.9	0.0	15.9	
1.78516	-0.7	-518	16.4	15.8	0.6	15.8	0.0	15.8	
1.78906	-0.6	-518	16.4	15.8	0.6	15.8	0.0	15.8	
1.79297	-0.6	-518	16.4	15.8	0.6	15.8	0.0	15.8	
1.79688	-0.6	-518	16.4	15.8	0.6	15.8	0.0	15.8	
1.80078	-0.5	-518	16.4	15.8	0.6	15.8	0.0	15.8	
1.80469	-0.5	-518	16.4	15.7	0.7	15.7	0.0	15.7	
1.80859	-0.5	-518	16.3	15.7	0.6	15.7	0.0	15.7	
1.81250	-0.5	-518	16.3	15.7	0.6	15.7	0.0	15.7	
1.81641	-0.5	-518	16.3	15.7	0.6	15.7	0.0	15.7	
1.82031	-0.7	-519	16.3	15.6	0.7	15.6	0.0	15.6	
1.82422	-0.7	-519	16.2	15.6	0.6	15.6	0.0	15.6	
1.82812	-0.7	-519	16.2	15.6	0.6	15.6	0.0	15.6	
1.83203	-0.7	-519	16.2	15.6	0.6	15.6	0.0	15.6	
1.83594	-0.8	-519	16.2	15.6	0.6	15.6	0.0	15.6	
1.83984	-0.7	-519	16.2	15.5	0.7	15.5	0.0	15.5	
1.84375	-0.7	-519	16.2	15.5	0.7	15.5	0.0	15.5	
1.84766	-0.7	-519	16.2	15.5	0.7	15.5	0.0	15.5	
1.85156	-0.7	-519	16.2	15.5	0.7	15.5	0.0	15.5	
1.85547	-0.8	-519	16.3	15.5	0.8	15.5	0.0	15.5	
1.85938	-0.8	-519	16.3	15.5	0.8	15.5	0.0	15.5	
1.86328	-0.9	-519	16.3	15.4	0.9	15.4	0.0	15.4	
1.86719	-0.9	-519	16.3	15.4	0.9	15.4	0.0	15.4	
1.87109	-0.8	-519	16.3	15.5	0.8	15.5	0.0	15.5	
1.87500	-0.8	-519	16.3	15.4	0.9	15.4	0.0	15.4	
1.87891	-1.0	-519	16.4	15.4	1.0	15.4	0.0	15.4	
1.88281	-1.0	-519	16.4	15.4	1.0	15.4	0.0	15.4	
1.88672	-1.0	-519	16.4	15.4	1.0	15.4	0.0	15.4	
1.89062	-0.9	-519	16.4	15.4	1.0	15.4	0.0	15.4	
1.89453	-1.0	-520	16.5	15.4	1.1	15.4	0.0	15.4	
1.89844	-0.9	-520	16.5	15.4	1.1	15.4	0.0	15.4	
1.90234	-0.7	-520	16.5	15.4	1.1	15.4	0.0	15.4	
1.90625	-0.7	-520	16.5	15.4	1.1	15.4	0.0	15.4	
1.91016	-0.9	-520	16.5	15.4	1.1	15.4	0.0	15.4	
1.91406	-0.7	-520	16.5	15.4	1.1	15.4	0.0	15.4	
1.91797	-0.7	-520	16.5	15.4	1.1	15.4	0.0	15.4	
1.92188	-0.8	-520	16.5	15.4	1.1	15.4	0.0	15.4	
1.92578	-0.6	-520	16.5	15.4	1.1	15.4	0.0	15.4	
1.92969	-0.5	-520	16.5	15.4	1.1	15.4	0.0	15.4	
1.93359	-0.7	-520	16.5	15.4	1.1	15.4	0.0	15.4	
1.93750	-0.8	-520	16.5	15.4	1.1	15.4	0.0	15.4	
1.94141	-0.7	-520	16.4	15.3	1.1	15.3	0.0	15.3	
1.94531	-0.8	-520	16.4	15.3	1.1	15.3	0.0	15.3	
1.94922	-0.7	-520	16.4	15.3	1.1	15.3	0.0	15.3	
1.95312	-0.5	-520	16.3	15.3	1.0	15.3	0.0	15.3	
1.95703	-0.6	-520	16.3	15.3	1.0	15.3	0.0	15.3	
1.96094	-0.7	-520	16.2	15.2	1.0	15.2	0.0	15.2	
1.96484	-0.5	-520	16.3	15.2	1.1	15.2	0.0	15.2	
1.96875	-0.5	-520	16.2	15.2	1.0	15.2	0.0	15.2	
1.97266	-0.6	-520	16.2	15.2	1.0	15.2	0.0	15.2	
1.97656	-0.4	-520	16.2	15.2	1.0	15.2	0.0	15.2	
1.98047	-0.2	-520	16.1	15.1	1.0	15.1	0.0	15.1	
1.98438	-0.3	-520	16.0	15.2	0.8	15.2	0.0	15.2	
1.98828	-0.1	-520	16.0	15.1	0.9	15.1	0.0	15.1	
1.99219	0.1	-520	15.9	15.0	0.9	15.0	0.0	15.0	
1.99609	0.0	-520	15.8	15.0	0.8	15.0	0.0	15.0	
2.00000	0.2	-520	15.8	15.0	0.8	15.0	0.0	15.0	
2.00391	0.4	-520	15.7	15.0	0.7	15.0	0.0	15.0	
2.00781	0.5	-520	15.6	15.0	0.6	15.0	0.0	15.0	
2.01172	0.5	-520	15.5	14.9	0.6	14.9	0.0	14.9	
2.01562	0.5	-520	15.4	14.9	0.5	14.9	0.0	14.9	
2.01953	0.4	-520	15.3	14.8	0.5	14.8	0.0	14.8	
2.02344	0.4	-520	15.2	14.8	0.4	14.8	0.0	14.8	
2.02734	0.5	-520	15.2	14.8	0.4	14.8	0.0	14.8	
2.03125	0.5	-520	15.1	14.7	0.4	14.7	0.0	14.7	
2.03516	0.4	-520	15.0	14.7	0.3	14.7	0.0	14.7	
2.03906	0.3	-520	14.9	14.7	0.2	14.7	0.0	14.7	
2.04297	0.3	-520	14.9	14.6	0.3	14.6	0.0	14.6	
2.04688	0.1	-520	14.8	14.6	0.2	14.6	0.0	14.6	
2.05078	0.1	-520	14.7	14.6	0.1	14.6	0.0	14.6	
2.05469	0.1	-520	14.7	14.6	0.1	14.6	0.0	14.6	
2.05859	0.1	-520	14.6	14.5	0.1	14.5	0.0	14.5	
2.06250	0.0	-520	14.5	14.5	0.0	14.5	0.0	14.5	
2.06641	0.0	-520	14.5	14.4	0.1	14.4	0.0	14.4	
2.07031	-0.0	-520	14.4	14.4	0.0	14.4	0.0	14.4	
2.07422	0.0	-520	14.4	14.3	0.1	14.3	0.0	14.3	
2.07812	-0.0	-520	14.3	14.3	0.0	14.3	0.0	14.3	
2.08203	-0.0	-520	14.2	14.2	0.0	14.2	0.0	14.2	
2.08594	-0.1	-520	14.2	14.2	0.0	14.2	0.0	14.2	
2.08984	-0.1	-520	14.2	14.1	0.1	14.1	0.0	14.1	
2.09375	-0.1	-520	14.1	14.1	0.0	14.1	0.0	14.1	
2.09766	-0.2	-520	14.1	14.1	0.0	14.1	0.0	14.1	
2.10156	-0.2	-520	14.1	13.9	0.2	13.9	0.0	13.9	
2.10547	-0.2	-520	13.9	13.9	0.0	13.9	0.0	13.9	
2.10938	-0.4	-520	13.9	13.9	0.0	13.9	0.0	13.9	
2.11328	-0.2	-520	13.8	13.8	0.0	13.8	0.0	13.8	
2.11719	-0.3	-520	13.8	13.8	0.0	13.8	0.0	13.8	
2.12109	-0.5	-520	13.8	13.8	0.0	13.8	0.0	13.8	
2.12500	-0.3	-520	13.8	13.7	0.1	13.7	0.0	13.7	
2.12891	-0.3	-520	13.7	13.7	0.0	13.7	0.0	13.7	
2.13281	-0.5	-520	13.7	13.6	0.1	13.6	0.0	13.6	
2.13672	-0.4	-520	13.6	13.6	0.0	13.6	0.0	13.6	
2.14062	-0.4	-520	13.6	13.6	0.0	13.6	0.0	13.6	
2.14453	-0.4	-520	13.6	13.5	0.1	13.5	0.0	13.5	
2.14844	-0.4	-520	13.5	13.5	0.0	13.5	0.0	13.5	
2.15234	-0.5	-521	13.5	13.5	0.0	13.5	0.0	13.5	
2.15625	-0.5	-521	13.5	13.4	0.1	13.4	0.0	13.4	
2.16016	-0.5	-521	13.4	13.3	0.1	13.3	0.0	13.3	
2.16406	-0.4	-521	13.4	13.4	0.0	13.4	0.0	13.4	
2.16797	-0.4	-521	13.4	13.3	0.1	13.3	0.0	13.3	
2.17188	-0.5	-521	13.3	13.3	0.0	13.3	0.0	13.3	
2.17578	-0.3	-521	13.3	13.3	0.0	13.3	0.0	13.3	
2.17969	-0.4	-521	13.2	13.2	0.0	13.2	0.0	13.2	
2.18359	-0.6	-521	13.2	13.2	0.0	13.2	0.0	13.2	
2.18750	-0.4	-521	13.1	13.2	-0.1	13.2	0.0	13.2	
2.19141	-0.2	-521	13.1	13.1	0.0	13.1	0.0	13.1	
2.19531	-0.4	-521	13.1	13.1	0.0	13.1	0.0	13.1	
2.19922	-0.3	-521	13.0	13.0	0.0	13.0	0.0	13.0	
2.20312	-0.1	-521	13.0	13.0	0.0	13.0	0.0	13.0	
2.20703	-0.2	-521	13.0	13.0	0.0	13.0	0.0	13.0	
2.21094	-0.2	-521	12.9	13.0	-0.1	13.0	0.0	13.0	
2.21484	-0.2	-521	12.9	12.9	0.0	12.9	0.0	12.9	
2.21875	-0.2	-521	12.8	12.9	-0.1	12.9	0.0	12.9	
2.22266	-0.1	-521	12.8	12.9	-0.1	12.9	0.0	12.9	
2.22656	-0.1	-521	12.7	12.8	-0.1	12.8	0.0	12.8	
2.23047	-0.2	-521	12.7	12.8	-0.1	12.8	0.0	12.8	
2.23438	-0.2	-521	12.6	12.7	-0.1	12.7	0.0	12.7	
2.23828	-0.1	-521	12.6	12.7	-0.1	12.7	0.0	12.7	
2.24219	-0.2	-521	12.5	12.7	-0.2	12.7	0.0	12.7	
2.24609	-0.4	-521	12.5	12.7	-0.2	12.7	0.0	12.7	
2.25000	-0.3	-521	12.5	12.6	-0.1	12.6	0.0	12.6	
2.25391	-0.2	-521	12.4	12.6	-0.2	12.6	0.0	12.6	
2.25781	-0.5	-521	12.4	12.5	-0.1	12.5	0.0	12.5	
2.26172	-0.4	-521	12.3	12.5	-0.2	12.5	0.0	12.5	
2.26562	-0.4	-521	12.3	12.5	-0.2	12.5	0.0	12.5	
2.26953	-0.7	-521	12.3	12.5	-0.2	12.5	0.0	12.5	
2.27344	-0.6	-521	12.3	12.4	-0.1	12.4	0.0	12.4	
2.27734	-0.5	-521	12.3	12.4	-0.1	12.4	0.0	12.4	
2.28125	-0.6	-521	12.3	12.4	-0.1	12.4	0.0	12.4	
2.28516	-0.6	-521	12.2	12.3	-0.1	12.3	0.0	12.3	
2.28906	-0.5	-521	12.2	12.3	-0.1	12.3	0.0	12.3	
2.29297	-0.5	-521	12.2	12.3	-0.1	12.3	0.0	12.3	
2.29688	-0.6	-521	12.1	12.3	-0.2	12.3	0.0	12.3	
2.30078	-0.7	-521	12.2	12.3	-0.1	12.3	0.0	12.3	
2.30469	-0.6	-521	12.1	12.3	-0.2	12.3	0.0	12.3	
2.30859	-0.7	-522	12.1	12.3	-0.2	12.3	0.0	12.3	
2.31250	-0.8	-522	12.1	12.2	-0.1	12.2	0.0	12.2	
2.31641	-0.8	-522	12.1	12.2	-0.1	12.2	0.0	12.2	
2.32031	-0.8	-522	12.1	12.2	-0.1	12.2	0.0	12.2	
2.32422	-0.7	-522	12.1	12.2	-0.1	12.2	0.0	12.2	
2.32812	-0.6	-522	12.1	12.1	0.0	12.1	0.0	12.1	
2.33203	-0.7	-522	12.1	12.1	0.0	12.1	0.0	12.1	
2.33594	-0.8	-522	12.1	12.1	0.0	12.1	0.0	12.1	
2.33984	-0.7	-522	12.1	12.1	0.0	12.1	0.0	12.1	
2.34375	-0.7	-522	12.1	12.0	0.1	12.0	0.0	12.0	
2.34766	-0.8	-522	12.1	12.0	0.1	12.0	0.0	12.0	
2.35156	-0.7	-522	12.1	12.0	0.1	12.0	0.0	12.0	
2.35547	-0.7	-522	12.1	12.0	0.1	12.0	0.0	12.0	
2.35938	-0.8	-522	12.0	11.9	0.1	11.9	0.0	11.9	
2.36328	-0.7	-522	12.0	12.0	0.0	12.0	0.0	12.0	
2.36719	-0.7	-522	12.1	11.9	0.2	11.9	0.0	11.9	
2.37109	-0.8	-522	12.0	11.9	0.1	11.9	0.0	11.9	
2.37500	-0.8	-522	12.0	12.0	0.0	12.0	0.0	12.0	
2.37891	-0.7	-522	12.1	11.9	0.2	11.9	0.0	11.9	
2.38281	-0.8	-522	12.0	11.9	0.1	11.9	0.0	11.9	
2.38672	-0.8	-522	12.0	11.9	0.1	11.9	0.0	11.9	
2.39062	-0.7	-523	12.0	11.8	0.2	11.8	0.0	11.8	
2.39453	-0.8	-523	12.1	11.9	0.2	11.9	0.0	11.9	
2.39844	-0.8	-523	12.0	11.8	0.2	11.8	0.0	11.8	
2.40234	-0.6	-523	12.1	11.8	0.3	11.8	0.0	11.8	
2.40625	-0.7	-523	12.1	11.8	0.3	11.8	0.0	11.8	
2.41016	-0.8	-523	12.0	11.8	0.2	11.8	0.0	11.8	
2.41406	-0.7	-523	12.1	11.8	0.3	11.8	0.0	11.8	
2.41797	-0.8	-523	12.1	11.8	0.3	11.8	0.0	11.8	
2.42188	-0.8	-523	12.0	11.7	0.3	11.7	0.0	11.7	
2.42578	-0.7	-523	12.1	11.7	0.4	11.7	0.0	11.7	
2.42969	-0.8	-523	12.1	11.7	0.4	11.7	0.0	11.7	
2.43359	-0.9	-523	12.1	11.7	0.4	11.7	0.0	11.7	
2.43750	-0.7	-523	12.1	11.7	0.4	11.7	0.0	11.7	
2.44141	-0.7	-523	12.1	11.7	0.4	11.7	0.0	11.7	
2.44531	-0.8	-523	12.1	11.8	0.3	11.8	0.0	11.8	
2.44922	-0.7	-523	12.1	11.8	0.3	11.8	0.0	11.8	
2.45312	-0.8	-523	12.1	11.7	0.4	11.7	0.0	11.7	
2.45703	-0.8	-523	12.1	11.7	0.4	11.7	0.0	11.7	
2.46094	-0.9	-523	12.1	11.7	0.4	11.7	0.0	11.7	
2.46484	-0.8	-523	12.2	11.7	0.5	11.7	0.0	11.7	
2.46875	-0.7	-524	12.2	11.7	0.5	11.7	0.0	11.7	
2.47266	-0.8	-524	12.2	11.7	0.5	11.7	0.0	11.7	
2.47656	-0.8	-524	12.2	11.7	0.5	11.7	0.0	11.7	
2.48047	-0.7	-524	12.3	11.7	0.6	11.7	0.0	11.7	
2.48438	-0.8	-524	12.3	11.7	0.6	11.7	0.0	11.7	
2.48828	-0.8	-524	12.3	11.7	0.6	11.7	0.0	11.7	
2.49219	-0.8	-524	12.3	11.7	0.6	11.7	0.0	11.7	
2.49609	-0.9	-524	12.4	11.7	0.7	11.7	0.0	11.7	
2.50000	-0.9	-524	12.4	11.7	0.7	11.7	0.0	11.7	
2.50391	-0.8	-524	12.4	11.6	0.8	11.6	0.0	11.6	
2.50781	-0.9	-524	12.4	11.6	0.8	11.6	0.0	11.6	
2.51172	-1.0	-524	12.5	11.7	0.8	11.7	0.0	11.7	
2.51562	-1.0	-524	12.5	11.7	0.8	11.7	0.0	11.7	
2.51953	-1.1	-524	12.5	11.6	0.9	11.6	0.0	11.6	
2.52344	-1.1	-524	12.7	11.7	1.0	11.7	0.0	11.7	
2.52734	-1.0	-524	12.7	11.7	1.0	11.7	0.0	11.7	
2.53125	-1.1	-524	12.7	11.7	1.0	11.7	0.0	11.7	
2.53516	-1.2	-525	12.8	11.7	1.1	11.7	0.0	11.7	
2.53906	-1.2	-525	12.8	11.7	1.1	11.7	0.0	11.7	
2.54297	-1.2	-525	12.8	11.7	1.1	11.7	0.0	11.7	
2.54688	-1.2	-525	12.9	11.7	1.2	11.7	0.0	11.7	
2.55078	-1.2	-525	13.0	11.7	1.3	11.7	0.0	11.7	
2.55469	-1.3	-525	13.1	11.7	1.4	11.7	0.0	11.7	
2.55859	-1.3	-525	13.1	11.8	1.3	11.8	0.0	11.8	
2.56250	-1.4	-525	13.2	11.8	1.4	11.8	0.0	11.8	
2.56641	-1.5	-525	13.2	11.8	1.4	11.8	0.0	11.8	
2.57031	-1.5	-525	13.3	11.9	1.4	11.9	0.0	11.9	
2.57422	-1.4	-525	13.3	11.9	1.4	11.9	0.0	11.9	
2.57812	-1.3	-525	13.4	11.9	1.5	11.9	0.0	11.9	
2.58203	-1.3	-526	13.4	12.0	1.4	12.0	0.0	12.0	
2.58594	-1.3	-526	13.5	12.1	1.4	12.1	0.0	12.1	
2.58984	-1.3	-526	13.6	12.1	1.5	12.1	0.0	12.1	
2.59375	-1.3	-526	13.6	12.1	1.5	12.1	0.0	12.1	
2.59766	-1.4	-526	13.6	12.0	1.6	12.0	0.0	12.0	
2.60156	-1.3	-526	13.7	12.1	1.6	12.1	0.0	12.1	
2.60547	-1.2	-526	13.8	12.2	1.6	12.2	0.0	12.2	
2.60938	-1.2	-526	13.8	12.2	1.6	12.2	0.0	12.2	
2.61328	-1.2	-526	13.8	12.3	1.5	12.3	0.0	12.3	
2.61719	-1.2	-526	13.9	12.3	1.6	12.3	0.0	12.3	
2.62109	-1.2	-526	14.0	12.4	1.6	12.4	0.0	12.4	
2.62500	-1.1	-526	14.0	12.4	1.6	12.4	0.0	12.4	
2.62891	-1.1	-527	14.0	12.5	1.5	12.5	0.0	12.5	
2.63281	-1.2	-527	14.0	12.5	1.5	12.5	0.0	12.5	
2.63672	-1.3	-527	14.1	12.5	1.6	12.5	0.0	12.5	
2.64062	-1.2	-527	14.2	12.6	1.6	12.6	0.0	12.6	
2.64453	-1.2	-527	14.2	12.6	1.6	12.6	0.0	12.6	
2.64844	-1.3	-527	14.3	12.6	1.7	12.6	0.0	12.6	
2.65234	-1.3	-527	14.3	12.7	1.6	12.7	0.0	12.7	
2.65625	-1.3	-527	14.4	12.7	1.7	12.7	0.0	12.7	
2.66016	-1.4	-527	14.4	12.7	1.7	12.7	0.0	12.7	
2.66406	-1.3	-527	14.5	12.8	1.7	12.8	0.0	12.8	
2.66797	-1.1	-527	14.5	12.8	1.7	12.8	0.0	12.8	
2.67188	-1.2	-527	14.5	12.8	1.7	12.8	0.0	12.8	
2.67578	-1.2	-528	14.5	12.8	1.7	12.8	0.0	12.8	
2.67969	-1.0	-528	14.6	12.9	1.7	12.9	0.0	12.9	
2.68359	-1.0	-528	14.7	12.9	1.8	12.9	0.0	12.9	
2.68750	-1.0	-528	14.7	12.9	1.8	12.9	0.0	12.9	
2.69141	-0.9	-528	14.7	13.0	1.7	13.0	0.0	13.0	
2.69531	-0.8	-528	14.8	13.0	1.8	13.0	0.0	13.0	
2.69922	-0.8	-528	14.8	13.0	1.8	13.0	0.0	13.0	
2.70312	-0.8	-528	14.8	13.0	1.8	13.0	0.0	13.0	
2.70703	-0.8	-528	14.8	13.0	1.8	13.0	0.0	13.0	
2.71094	-0.8	-528	14.8	13.1	1.7	13.1	0.0	13.1	
2.71484	-0.8	-528	14.8	13.1	1.7	13.1	0.0	13.1	
2.71875	-1.0	-528	14.9	13.1	1.8	13.1	0.0	13.1	
2.72266	-0.9	-528	14.9	13.2	1.7	13.2	0.0	13.2	
2.72656	-0.8	-528	14.9	13.2	1.7	13.2	0.0	13.2	
2.73047	-0.9	-528	15.0	13.2	1.8	13.2	0.0	13.2	
2.73438	-1.0	-528	15.0	13.2	1.8	13.2	0.0	13.2	
2.73828	-1.2	-528	15.0	13.2	1.8	13.2	0.0	13.2	
2.74219	-1.1	-529	15.0	13.2	1.8	13.2	0.0	13.2	
2.74609	-1.2	-529	15.1	13.3	1.8	13.3	0.0	13.3	
2.75000	-1.3	-529	15.1	13.3	1.8	13.3	0.0	13.3	
2.75391	-1.2	-529	15.2	13.3	1.9	13.3	0.0	13.3	
2.75781	-1.3	-529	15.3	13.3	2.0	13.3	0.0	13.3	
2.76172	-1.3	-529	15.3	13.3	2.0	13.3	0.0	13.3	
2.76562	-1.3	-529	15.4	13.4	2.0	13.4	0.0	13.4	
2.76953	-1.3	-529	15.4	13.5	1.9	13.5	0.0	13.5	
2.77344	-1.2	-529	15.5	13.5	2.0	13.5	0.0	13.5	
2.77734	-1.1	-529	15.5	13.5	2.0	13.5	0.0	13.5	
2.78125	-1.0	-529	15.5	13.5	2.0	13.5	0.0	13.5	
2.78516	-1.0	-529	15.6	13.5	2.1	13.5	0.0	13.5	
2.78906	-1.0	-529	15.6	13.6	2.0	13.6	0.0	13.6	
2.79297	-1.0	-530	15.6	13.6	2.0	13.6	0.0	13.6	
2.79688	-0.8	-530	15.6	13.6	2.0	13.6	0.0	13.6	
2.80078	-0.8	-530	15.7	13.7	2.0	13.7	0.0	13.7	
2.80469	-0.8	-530	15.7	13.7	2.0	13.7	0.0	13.7	
2.80859	-0.8	-530	15.7	13.7	2.0	13.7	0.0	13.7	
2.81250	-0.9	-530	15.7	13.7	2.0	13.7	0.0	13.7	
2.81641	-0.9	-530	15.7	13.7	2.0	13.7	0.0	13.7	
2.82031	-0.7	-530	15.7	13.8	1.9	13.8	0.0	13.8	
2.82422	-0.7	-530	15.7	13.7	2.0	13.7	0.0	13.7	
2.82812	-0.8	-530	15.7	13.7	2.0	13.7	0.0	13.7	
2.83203	-0.9	-530	15.7	13.8	1.9	13.8	0.0	13.8	
2.83594	-0.9	-530	15.7	13.8	1.9	13.8	0.0	13.8	
2.83984	-0.7	-530	15.7	13.9	1.8	13.9	0.0	13.9	
2.84375	-0.8	-530	15.7	13.9	1.8	13.9	0.0	13.9	
2.84766	-0.8	-530	15.8	13.9	1.9	13.9	0.0	13.9	
2.85156	-0.7	-530	15.7	13.9	1.8	13.9	0.0	13.9	
2.85547	-0.8	-530	15.7	13.9	1.8	13.9	0.0	13.9	
2.85938	-0.9	-530	15.7	13.9	1.8	13.9	0.0	13.9	
2.86328	-0.7	-530	15.7	13.9	1.8	13.9	0.0	13.9	
2.86719	-0.7	-531	15.8	13.9	1.9	13.9	0.0	13.9	
2.87109	-0.9	-531	15.8	14.0	1.8	14.0	0.0	14.0	
2.87500	-0.9	-531	15.8	14.0	1.8	14.0	0.0	14.0	
2.87891	-0.8	-531	15.8	14.0	1.8	14.0	0.0	14.0	
2.88281	-0.8	-531	15.9	14.0	1.9	14.0	0.0	14.0	
2.88672	-0.8	-531	15.8	14.0	1.8	14.0	0.0	14.0	
2.89062	-0.7	-531	15.8	14.1	1.7	14.1	0.0	14.1	
2.89453	-0.7	-531	15.8	14.1	1.7	14.1	0.0	14.1	
2.89844	-0.7	-531	15.8	14.0	1.8	14.0	0.0	14.0	
2.90234	-0.6	-531	15.9	14.1	1.8	14.1	0.0	14.1	
2.90625	-0.7	-531	15.9	14.1	1.8	14.1	0.0	14.1	
2.91016	-0.8	-531	15.9	14.1	1.8	14.1	0.0	14.1	
2.91406	-0.8	-531	15.9	14.1	1.8	14.1	0.0	14.1	
2.91797	-0.9	-531	15.9	14.1	1.8	14.1	0.0	14.1	
2.92188	-0.9	-531	15.8	14.2	1.6	14.2	0.0	14.2	
2.92578	-0.7	-531	15.8	14.2	1.6	14.2	0.0	14.2	
2.92969	-0.7	-531	15.9	14.2	1.7	14.2	0.0	14.2	
2.93359	-0.7	-531	15.9	14.2	1.7	14.2	0.0	14.2	
2.93750	-0.7	-531	15.9	14.2	1.7	14.2	0.0	14.2	
2.94141	-0.7	-531	15.9	14.2	1.7	14.2	0.0	14.2	
2.94531	-0.7	-531	15.9	14.3	1.6	14.3	0.0	14.3	
2.94922	-0.6	-532	15.8	14.3	1.5	14.3	0.0	14.3	
2.95312	-0.6	-532	15.9	14.3	1.6	14.3	0.0	14.3	
2.95703	-0.7	-532	15.9	14.3	1.6	14.3	0.0	14.3	
2.96094	-0.7	-532	15.9	14.3	1.6	14.3	0.0	14.3	
2.96484	-0.7	-532	15.9	14.3	1.6	14.3	0.0	14.3	
2.96875	-0.8	-532	15.9	14.3	1.6	14.3	0.0	14.3	
2.97266	-0.8	-532	15.9	14.3	1.6	14.3	0.0	14.3	
2.97656	-0.7	-532	15.9	14.4	1.5	14.4	0.0	14.4	
2.98047	-0.8	-532	15.9	14.4	1.5	14.4	0.0	14.4	
2.98438	-0.8	-532	15.9	14.4	1.5	14.4	0.0	14.4	
2.98828	-0.8	-532	15.9	14.3	1.6	14.3	0.0	14.3	
2.99219	-0.8	-532	15.9	14.4	1.5	14.4	0.0	14.4	
2.99609	-0.9	-532	15.9	14.4	1.5	14.4	0.0	14.4	
3.00000	-0.8	-532	15.9	14.4	1.5	14.4	0.0	14.4	
3.00391	-0.6	-532	15.9	14.4	1.5	14.4	0.0	14.4	
3.00781	-0.8	-532	15.9	14.4	1.5	14.4	0.0	14.4	
3.01172	-0.9	-532	15.9	14.4	1.5	14.4	0.0	14.4	
3.01562	-0.8	-532	15.9	14.4	1.5	14.4	0.0	14.4	
3.01953	-0.8	-532	16.0	14.4	1.6	14.4	0.0	14.4	
3.02344	-0.7	-532	16.0	14.5	1.5	14.5	0.0	14.5	
3.02734	-0.7	-533	16.0	14.4	1.6	14.4	0.0	14.4	
3.03125	-0.7	-533	16.0	14.5	1.5	14.5	0.0	14.5	
3.03516	-0.7	-533	16.0	14.5	1.5	14.5	0.0	14.5	
3.03906	-0.8	-533	15.9	14.5	1.4	14.5	0.0	14.5	
3.04297	-0.7	-533	16.0	14.5	1.5	14.5	0.0	14.5	
3.04688	-0.8	-533	16.0	14.5	1.5	14.5	0.0	14.5	
3.05078	-0.8	-533	16.0	14.5	1.5	14.5	0.0	14.5	
3.05469	-0.7	-533	16.0	14.6	1.4	14.6	0.0	14.6	
3.05859	-0.8	-533	16.0	14.6	1.4	14.6	0.0	14.6	
3.06250	-0.8	-533	16.0	14.5	1.5	14.5	0.0	14.5	
3.06641	-0.7	-533	16.0	14.5	1.5	14.5	0.0	14.5	
3.07031	-0.8	-533	16.0	14.6	1.4	14.6	0.0	14.6	
3.07422	-0.8	-533	16.0	14.6	1.4	14.6	0.0	14.6	
3.07812	-0.7	-533	16.0	14.6	1.4	14.6	0.0	14.6	
3.08203	-0.8	-533	16.0	14.6	1.4	14.6	0.0	14.6	
3.08594	-0.8	-533	16.0	14.6	1.4	14.6	0.0	14.6	
3.08984	-0.7	-533	16.0	14.6	1.4	14.6	0.0	14.6	
3.09375	-0.7	-533	16.0	14.7	1.3	14.7	0.0	14.7	
3.09766	-0.9	-533	16.0	14.7	1.3	14.7	0.0	14.7	
3.10156	-0.8	-533	16.0	14.7	1.3	14.7	0.0	14.7	
3.10547	-0.7	-534	16.0	14.7	1.3	14.7	0.0	14.7	
3.10938	-0.8	-534	16.0	14.7	1.3	14.7	0.0	14.7	
3.11328	-0.8	-534	16.0	14.7	1.3	14.7	0.0	14.7	
3.11719	-0.7	-534	16.0	14.7	1.3	14.7	0.0	14.7	
3.12109	-0.7	-534	16.0	14.7	1.3	14.7	0.0	14.7	
3.12500	-0.7	-534	16.0	14.8	1.2	14.8	0.0	14.8	
3.12891	-0.8	-534	16.0	14.8	1.2	14.8	0.0	14.8	
3.13281	-0.8	-534	16.0	14.8	1.2	14.8	0.0	14.8	
3.13672	-0.7	-534	16.0	14.8	1.2	14.8	0.0	14.8	
3.14062	-0.7	-534	16.0	14.8	1.2	14.8	0.0	14.8	
3.14453	-0.8	-534	16.0	14.8	1.2	14.8	0.0	14.8	
3.14844	-0.9	-534	16.0	14.8	1.2	14.8	0.0	14.8	
3.15234	-0.8	-534	16.0	14.8	1.2	14.8	0.0	14.8	
3.15625	-0.7	-534	16.0	14.8	1.2	14.8	0.0	14.8	
3.16016	-0.8	-534	16.0	14.9	1.1	14.9	0.0	14.9	
3.16406	-0.7	-534	16.0	14.9	1.1	14.9	0.0	14.9	
3.16797	-0.8	-534	16.0	14.9	1.1	14.9	0.0	14.9	
3.17188	-0.9	-534	16.0	14.9	1.1	14.9	0.0	14.9	
3.17578	-0.7	-534	16.1	14.9	1.2	14.9	0.0	14.9	
3.17969	-0.7	-534	16.0	14.9	1.1	14.9	0.0	14.9	
3.18359	-0.8	-535	16.1	14.9	1.2	14.9	0.0	14.9	
3.18750	-0.7	-535	16.1	15.0	1.1	15.0	0.0	15.0	
3.19141	-0.7	-535	16.1	15.0	1.1	15.0	0.0	15.0	
3.19531	-0.9	-535	16.1	15.0	1.1	15.0	0.0	15.0	
3.19922	-1.0	-535	16.1	15.0	1.1	15.0	0.0	15.0	
3.20312	-0.9	-535	16.1	15.0	1.1	15.0	0.0	15.0	
3.20703	-0.9	-535	16.2	15.0	1.2	15.0	0.0	15.0	
3.21094	-0.9	-535	16.2	15.0	1.2	15.0	0.0	15.0	
3.21484	-0.9	-535	16.2	15.1	1.1	15.1	0.0	15.1	
3.21875	-0.8	-535	16.2	15.1	1.1	15.1	0.0	15.1	
3.22266	-0.8	-535	16.2	15.1	1.1	15.1	0.0	15.1	
3.22656	-0.8	-535	16.2	15.1	1.1	15.1	0.0	15.1	
3.23047	-0.8	-535	16.2	15.2	1.0	15.2	0.0	15.2	
3.23438	-0.8	-535	16.3	15.2	1.1	15.2	0.0	15.2	
3.23828	-0.8	-535	16.3	15.1	1.2	15.1	0.0	15.1	
3.24219	-0.8	-535	16.3	15.1	1.2	15.1	0.0	15.1	
3.24609	-0.9	-535	16.3	15.2	1.1	15.2	0.0	15.2	
3.25000	-0.8	-535	16.3	15.2	1.1	15.2	0.0	15.2	
3.25391	-0.7	-535	16.3	15.2	1.1	15.2	0.0	15.2	
3.25781	-0.7	-536	16.3	15.2	1.1	15.2	0.0	15.2	
3.26172	-0.8	-536	16.3	15.2	1.1	15.2	0.0	15.2	
3.26562	-0.7	-536	16.3	15.2	1.1	15.2	0.0	15.2	
3.26953	-0.6	-536	16.3	15.2	1.1	15.2	0.0	15.2	
3.27344	-0.7	-536	16.3	15.3	1.0	15.3	0.0	15.3	
3.27734	-0.8	-536	16.4	15.3	1.1	15.3	0.0	15.3	
3.28125	-0.7	-536	16.4	15.3	1.1	15.3	0.0	15.3	
3.28516	-0.7	-536	16.4	15.3	1.1	15.3	0.0	15.3	
3.28906	-0.7	-536	16.3	15.3	1.0	15.3	0.0	15.3	
3.29297	-0.6	-536	16.4	15.3	1.1	15.3	0.0	15.3	
3.29688	-0.7	-536	16.4	15.3	1.1	15.3	0.0	15.3	
3.30078	-0.7	-536	16.4	15.3	1.1	15.3	0.0	15.3	
3.30469	-0.5	-536	16.4	15.3	1.1	15.3	0.0	15.3	
3.30859	-0.7	-536	16.4	15.3	1.1	15.3	0.0	15.3	
3.31250	-0.7	-536	16.4	15.4	1.0	15.4	0.0	15.4	
3.31641	-0.6	-536	16.4	15.4	1.0	15.4	0.0	15.4	
3.32031	-0.8	-536	16.4	15.4	1.0	15.4	0.0	15.4	
3.32422	-0.8	-536	16.4	15.4	1.0	15.4	0.0	15.4	
3.32812	-0.7	-536	16.4	15.4	1.0	15.4	0.0	15.4	
3.33203	-0.7	-536	16.4	15.4	1.0	15.4	0.0	15.4	
3.33594	-0.7	-536	16.4	15.4	1.0	15.4	0.0	15.4	
3.33984	-0.7	-536	16.4	15.4	1.0	15.4	0.0	15.4	
3.34375	-0.9	-537	16.4	15.5	0.9	15.5	0.0	15.5	
3.34766	-0.9	-537	16.4	15.5	0.9	15.5	0.0	15.5	
3.35156	-0.7	-537	16.4	15.4	1.0	15.4	0.0	15.4	
3.35547	-0.7	-537	16.4	15.5	0.9	15.5	0.0	15.5	
3.35938	-0.8	-537	16.3	15.5	0.8	15.5	0.0	15.5	
3.36328	-0.7	-537	16.3	15.5	0.8	15.5	0.0	15.5	
3.36719	-0.7	-537	16.4	15.5	0.9	15.5	0.0	15.5	
3.37109	-0.8	-537	16.4	15.5	0.9	15.5	0.0	15.5	
3.37500	-0.7	-537	16.4	15.5	0.9	15.5	0.0	15.5	
3.37891	-0.7	-537	16.4	15.5	0.9	15.5	0.0	15.5	
3.38281	-0.7	-537	16.3	15.5	0.8	15.5	0.0	15.5	
3.38672	-0.7	-537	16.3	15.5	0.8	15.5	0.0	15.5	
3.39062	-0.6	-537	16.3	15.5	0.8	15.5	0.0	15.5	
3.39453	-0.6	-537	16.3	15.5	0.8	15.5	0.0	15.5	
3.39844	-0.6	-537	16.3	15.5	0.8	15.5	0.0	15.5	
3.40234	-0.5	-537	16.2	15.4	0.8	15.4	0.0	15.4	
3.40625	-0.4	-537	16.2	15.4	0.8	15.4	0.0	15.4	
3.41016	-0.6	-537	16.2	15.4	0.8	15.4	0.0	15.4	
3.41406	-0.4	-537	16.1	15.4	0.7	15.4	0.0	15.4	
3.41797	-0.2	-537	16.0	15.4	0.6	15.4	0.0	15.4	
3.42188	-0.2	-537	16.0	15.4	0.6	15.4	0.0	15.4	
3.42578	0.0	-537	15.9	15.4	0.5	15.4	0.0	15.4	
3.42969	0.2	-537	15.9	15.3	0.6	15.3	0.0	15.3	
3.43359	0.2	-537	15.7	15.3	0.4	15.3	0.0	15.3	
3.43750	0.2	-537	15.6	15.3	0.3	15.3	0.0	15.3	
3.44141	0.5	-537	15.6	15.2	0.4	15.2	0.0	15.2	
3.44531	0.5	-537	15.4	15.2	0.2	15.2	0.0	15.2	
3.44922	0.5	-537	15.4	15.2	0.2	15.2	0.0	15.2	
3.45312	0.7	-537	15.3	15.2	0.1	15.2	0.0	15.2	
3.45703	0.6	-537	15.2	15.1	0.1	15.1	0.0	15.1	
3.46094	0.5	-537	15.1	15.1	0.0	15.1	0.0	15.1	
3.46484	0.5	-537	15.0	15.1	-0.1	15.1	0.0	15.1	
3.46875	0.4	-537	14.9	15.0	-0.1	15.0	0.0	15.0	
3.47266	0.5	-537	14.8	15.0	-0.2	15.0	0.0	15.0	
3.47656	0.6	-537	14.8	14.9	-0.1	14.9	0.0	14.9	
3.48047	0.5	-537	14.7	14.9	-0.2	14.9	0.0	14.9	
3.48438	0.4	-537	14.6	14.9	-0.3	14.9	0.0	14.9	
3.48828	0.3	-537	14.5	14.8	-0.3	14.8	0.0	14.8	
3.49219	0.3	-537	14.5	14.8	-0.3	14.8	0.0	14.8	
3.49609	0.3	-537	14.4	14.8	-0.4	14.8	0.0	14.8	
3.50000	0.4	-537	14.3	14.8	-0.5	14.8	0.0	14.8	
3.50391	0.4	-537	14.3	14.8	-0.5	14.8	0.0	14.8	
3.50781	0.2	-537	14.2	14.7	-0.5	14.7	0.0	14.7	
3.51172	0.2	-537	14.1	14.6	-0.5	14.6	0.0	14.6	
3.51562	0.2	-537	14.1	14.6	-0.5	14.6	0.0	14.6	
3.51953	0.0	-537	14.0	14.6	-0.6	14.6	0.0	14.6	
3.52344	-0.1	-537	13.9	14.6	-0.7	14.6	0.0	14.6	
3.52734	0.0	-537	13.9	14.5	-0.6	14.5	0.0	14.5	
3.53125	0.1	-537	13.8	14.4	-0.6	14.4	0.0	14.4	
3.53516	-0.0	-537	13.7	14.4	-0.7	14.4	0.0	14.4	
3.53906	-0.2	-537	13.7	14.3	-0.6	14.3	0.0	14.3	
3.54297	-0.1	-537	13.7	14.3	-0.6	14.3	0.0	14.3	
3.54688	-0.1	-537	13.6	14.3	-0.7	14.3	0.0	14.3	
3.55078	-0.1	-537	13.5	14.2	-0.7	14.2	0.0	14.2	
3.55469	-0.1	-537	13.5	14.2	-0.7	14.2	0.0	14.2	
3.55859	-0.1	-537	13.4	14.1	-0.7	14.1	0.0	14.1	
3.56250	-0.2	-537	13.4	14.0	-0.6	14.0	0.0	14.0	
3.56641	-0.2	-537	13.3	14.0	-0.7	14.0	0.0	14.0	
3.57031	-0.3	-537	13.3	13.9	-0.6	13.9	0.0	13.9	
3.57422	-0.4	-537	13.3	13.9	-0.6	13.9	0.0	13.9	
3.57812	-0.3	-537	13.2	13.8	-0.6	13.8	0.0	13.8	
3.58203	-0.3	-537	13.2	13.7	-0.5	13.7	0.0	13.7	
3.58594	-0.3	-537	13.1	13.7	-0.6	13.7	0.0	13.7	
3.58984	-0.2	-537	13.1	13.6	-0.5	13.6	0.0	13.6	
3.59375	-0.1	-537	13.0	13.5	-0.5	13.5	0.0	13.5	
3.59766	-0.3	-537	13.0	13.5	-0.5	13.5	0.0	13.5	
3.60156	-0.4	-537	13.0	13.4	-0.4	13.4	0.0	13.4	
3.60547	-0.3	-537	12.9	13.4	-0.5	13.4	0.0	13.4	
3.60938	-0.4	-537	12.9	13.3	-0.4	13.3	0.0	13.3	
3.61328	-0.5	-537	12.9	13.2	-0.3	13.2	0.0	13.2	
3.61719	-0.5	-537	12.9	13.2	-0.3	13.2	0.0	13.2	
3.62109	-0.5	-537	12.8	13.1	-0.3	13.1	0.0	13.1	
3.62500	-0.6	-537	12.8	13.0	-0.2	13.0	0.0	13.0	
3.62891	-0.6	-537	12.8	13.0	-0.2	13.0	0.0	13.0	
3.63281	-0.8	-537	12.8	13.0	-0.2	13.0	0.0	13.0	
3.63672	-0.8	-537	12.8	12.9	-0.1	12.9	0.0	12.9	
3.64062	-0.7	-537	12.8	12.9	-0.1	12.9	0.0	12.9	
3.64453	-0.7	-537	12.8	12.8	0.0	12.8	0.0	12.8	
3.64844	-0.8	-537	12.8	12.8	0.0	12.8	0.0	12.8	
3.65234	-0.7	-537	12.9	12.8	0.1	12.8	0.0	12.8	
3.65625	-0.9	-538	12.9	12.7	0.2	12.7	0.0	12.7	
3.66016	-1.0	-538	12.8	12.7	0.1	12.7	0.0	12.7	
3.66406	-0.9	-538	12.9	12.7	0.2	12.7	0.0	12.7	
3.66797	-0.9	-538	13.0	12.6	0.4	12.6	0.0	12.6	
3.67188	-0.8	-538	13.0	12.6	0.4	12.6	0.0	12.6	
3.67578	-0.8	-538	13.0	12.6	0.4	12.6	0.0	12.6	
3.67969	-0.8	-538	13.0	12.6	0.4	12.6	0.0	12.6	
3.68359	-0.8	-538	12.9	12.5	0.4	12.5	0.0	12.5	
3.68750	-0.8	-538	12.9	12.5	0.4	12.5	0.0	12.5	
3.69141	-0.7	-538	12.9	12.5	0.4	12.5	0.0	12.5	
3.69531	-0.6	-538	12.9	12.4	0.5	12.4	0.0	12.4	
3.69922	-0.6	-538	12.9	12.4	0.5	12.4	0.0	12.4	
3.70312	-0.6	-538	12.9	12.4	0.5	12.4	0.0	12.4	
3.70703	-0.6	-538	12.9	12.3	0.6	12.3	0.0	12.3	
3.71094	-0.5	-538	12.8	12.3	0.5	12.3	0.0	12.3	
3.71484	-0.5	-538	12.8	12.2	0.6	12.2	0.0	12.2	
3.71875	-0.7	-538	12.8	12.2	0.6	12.2	0.0	12.2	
3.72266	-0.6	-538	12.8	12.2	0.6	12.2	0.0	12.2	
3.72656	-0.6	-538	12.8	12.2	0.6	12.2	0.0	12.2	
3.73047	-0.7	-538	12.8	12.1	0.7	12.1	0.0	12.1	
3.73438	-0.7	-538	12.7	12.1	0.6	12.1	0.0	12.1	
3.73828	-0.7	-539	12.7	12.1	0.6	12.1	0.0	12.1	
3.74219	-0.7	-539	12.7	12.0	0.7	12.0	0.0	12.0	
3.74609	-0.8	-539	12.7	12.0	0.7	12.0	0.0	12.0	
3.75000	-0.8	-539	12.7	12.0	0.7	12.0	0.0	12.0	
3.75391	-0.7	-539	12.7	11.9	0.8	11.9	0.0	11.9	
3.75781	-0.8	-539	12.6	11.9	0.7	11.9	0.0	11.9	
3.76172	-0.8	-539	12.6	11.9	0.7	11.9	0.0	11.9	
3.76562	-0.7	-539	12.7	11.9	0.8	11.9	0.0	11.9	
3.76953	-0.8	-539	12.7	11.8	0.9	11.8	0.0	11.8	
3.77344	-0.8	-539	12.6	11.8	0.8	11.8	0.0	11.8	
3.77734	-0.7	-539	12.6	11.8	0.8	11.8	0.0	11.8	
3.78125	-0.8	-539	12.6	11.8	0.8	11.8	0.0	11.8	
3.78516	-0.8	-539	12.6	11.7	0.9	11.7	0.0	11.7	
3.78906	-0.7	-539	12.6	11.7	0.9	11.7	0.0	11.7	
3.79297	-0.7	-539	12.6	11.7	0.9	11.7	0.0	11.7	
3.79688	-0.7	-539	12.6	11.7	0.9	11.7	0.0	11.7	
3.80078	-0.6	-539	12.6	11.7	0.9	11.7	0.0	11.7	
3.80469	-0.6	-539	12.6	11.7	0.9	11.7	0.0	11.7	
3.80859	-0.8	-539	12.6	11.6	1.0	11.6	0.0	11.6	
3.81250	-0.7	-539	12.6	11.7	0.9	11.7	0.0	11.7	
3.81641	-0.6	-539	12.6	11.6	1.0	11.6	0.0	11.6	
3.82031	-0.7	-540	12.6	11.6	1.0	11.6	0.0	11.6	
3.82422	-0.7	-540	12.5	11.6	0.9	11.6	0.0	11.6	
3.82812	-0.6	-540	12.5	11.6	0.9	11.6	0.0	11.6	
3.83203	-0.7	-540	12.5	11.5	1.0	11.5	0.0	11.5	
3.83594	-0.7	-540	12.5	11.6	0.9	11.6	0.0	11.6	
3.83984	-0.5	-540	12.5	11.6	0.9	11.6	0.0	11.6	
3.84375	-0.7	-540	12.4	11.5	0.9	11.5	0.0	11.5	
3.84766	-0.8	-540	12.5	11.5	1.0	11.5	0.0	11.5	
3.85156	-0.7	-540	12.5	11.5	1.0	11.5	0.0	11.5	
3.85547	-0.6	-540	12.4	11.5	0.9	11.5	0.0	11.5	
3.85938	-0.6	-540	12.4	11.4	1.0	11.4	0.0	11.4	
3.86328	-0.6	-540	12.4	11.4	1.0	11.4	0.0	11.4	
3.86719	-0.7	-540	12.4	11.4	1.0	11.4	0.0	11.4	
3.87109	-0.8	-540	12.4	11.4	1.0	11.4	0.0	11.4	
3.87500	-0.8	-540	12.4	11.4	1.0	11.4	0.0	11.4	
3.87891	-0.7	-540	12.4	11.4	1.0	11.4	0.0	11.4	
3.88281	-0.7	-540	12.3	11.4	0.9	11.4	0.0	11.4	
3.88672	-0.8	-540	12.4	11.4	1.0	11.4	0.0	11.4	
3.89062	-0.8	-540	12.4	11.4	1.0	11.4	0.0	11.4	
3.89453	-0.8	-540	12.4	11.4	1.0	11.4	0.0	11.4	
3.89844	-0.8	-540	12.4	11.3	1.1	11.3	0.0	11.3	
3.90234	-0.6	-540	12.4	11.3	1.1	11.3	0.0	11.3	
3.90625	-0.7	-541	12.4	11.4	1.0	11.4	0.0	11.4	
3.91016	-0.7	-541	12.4	11.3	1.1	11.3	0.0	11.3	
3.91406	-0.6	-541	12.3	11.3	1.0	11.3	0.0	11.3	
3.91797	-0.7	-541	12.4	11.3	1.1	11.3	0.0	11.3	
3.92188	-0.8	-541	12.4	11.3	1.1	11.3	0.0	11.3	
3.92578	-0.7	-541	12.4	11.3	1.1	11.3	0.0	11.3	
3.92969	-0.7	-541	12.4	11.3	1.1	11.3	0.0	11.3	
3.93359	-0.7	-541	12.4	11.3	1.1	11.3	0.0	11.3	
3.93750	-0.7	-541	12.4	11.3	1.1	11.3	0.0	11.3	
3.94141	-0.7	-541	12.5	11.3	1.2	11.3	0.0	11.3	
3.94531	-0.8	-541	12.4	11.3	1.1	11.3	0.0	11.3	
3.94922	-0.8	-541	12.4	11.3	1.1	11.3	0.0	11.3	
3.95312	-0.7	-541	12.4	11.3	1.1	11.3	0.0	11.3	
3.95703	-0.8	-541	12.4	11.3	1.1	11.3	0.0	11.3	
3.96094	-0.8	-541	12.3	11.3	1.0	11.3	0.0	11.3	
3.96484	-0.6	-541	12.4	11.3	1.1	11.3	0.0	11.3	
3.96875	-0.8	-541	12.3	11.3	1.0	11.3	0.0	11.3	
3.97266	-0.8	-541	12.3	11.3	1.0	11.3	0.0	11.3	
3.97656	-0.6	-541	12.4	11.3	1.1	11.3	0.0	11.3	
3.98047	-0.7	-541	12.3	11.4	0.9	11.4	0.0	11.4	
3.98438	-0.7	-541	12.3	11.3	1.0	11.3	0.0	11.3	
3.98828	-0.7	-541	12.3	11.3	1.0	11.3	0.0	11.3	
3.99219	-0.7	-542	12.3	11.3	1.0	11.3	0.0	11.3	
3.99609	-0.7	-542	12.3	11.3	1.0	11.3	0.0	11.3	
4.00000	-0.7	-542	12.4	11.3	1.1	11.3	0.0	11.3	
4.00391	-0.7	-542	12.3	11.4	0.9	11.4	0.0	11.4	
4.00781	-0.7	-542	12.3	11.4	0.9	11.4	0.0	11.4	
4.01172	-0.8	-542	12.4	11.4	1.0	11.4	0.0	11.4	
4.01562	-0.8	-542	12.4	11.4	1.0	11.4	0.0	11.4	
4.01953	-0.7	-542	12.3	11.4	0.9	11.4	0.0	11.4	
4.02344	-0.8	-542	12.4	11.4	1.0	11.4	0.0	11.4	
4.02734	-0.7	-542	12.4	11.4	1.0	11.4	0.0	11.4	
4.03125	-0.8	-542	12.4	11.4	1.0	11.4	0.0	11.4	
4.03516	-0.8	-542	12.4	11.4	1.0	11.4	0.0	11.4	
4.03906	-0.7	-542	12.4	11.4	1.0	11.4	0.0	11.4	
4.04297	-0.9	-542	12.4	11.4	1.0	11.4	0.0	11.4	
4.04688	-1.0	-542	12.5	11.5	1.0	11.5	0.0	11.5	
4.05078	-0.8	-542	12.5	11.4	1.1	11.4	0.0	11.4	
4.05469	-0.9	-542	12.6	11.4	1.2	11.4	0.0	11.4	
4.05859	-1.0	-542	12.6	11.5	1.1	11.5	0.0	11.5	
4.06250	-1.1	-542	12.6	11.6	1.0	11.6	0.0	11.6	
4.06641	-1.2	-543	12.7	11.5	1.2	11.5	0.0	11.5	
4.07031	-1.2	-543	12.7	11.6	1.1	11.6	0.0	11.6	
4.07422	-1.2	-543	12.8	11.6	1.2	11.6	0.0	11.6	
4.07812	-1.1	-543	12.9	11.6	1.3	11.6	0.0	11.6	
4.08203	-1.2	-543	13.0	11.6	1.4	11.6	0.0	11.6	
4.08594	-1.3	-543	13.0	11.6	1.4	11.6	0.0	11.6	
4.08984	-1.3	-543	13.0	11.6	1.4	11.6	0.0	11.6	
4.09375	-1.5	-543	13.1	11.7	1.4	11.7	0.0	11.7	
4.09766	-1.6	-543	13.2	11.7	1.5	11.7	0.0	11.7	
4.10156	-1.4	-543	13.2	11.8	1.4	11.8	0.0	11.8	
4.10547	-1.5	-543	13.3	11.8	1.5	11.8	0.0	11.8	
4.10938	-1.6	-544	13.3	11.8	1.5	11.8	0.0	11.8	
4.11328	-1.5	-544	13.4	11.9	1.5	11.9	0.0	11.9	
4.11719	-1.5	-544	13.5	11.9	1.6	11.9	0.0	11.9	
4.12109	-1.6	-544	13.6	11.9	1.7	11.9	0.0	11.9	
4.12500	-1.5	-544	13.6	12.0	1.6	12.0	0.0	12.0	
4.12891	-1.5	-544	13.7	12.0	1.7	12.0	0.0	12.0	
4.13281	-1.4	-544	13.7	12.0	1.7	12.0	0.0	12.0	
4.13672	-1.4	-544	13.8	12.0	1.8	12.0	0.0	12.0	
4.14062	-1.4	-544	13.9	12.1	1.8	12.1	0.0	12.1	
4.14453	-1.3	-544	13.9	12.2	1.7	12.2	0.0	12.2	
4.14844	-1.4	-544	13.9	12.2	1.7	12.2	0.0	12.2	
4.15234	-1.4	-545	14.1	12.2	1.9	12.2	0.0	12.2	
4.15625	-1.3	-545	14.1	12.3	1.8	12.3	0.0	12.3	
4.16016	-1.3	-545	14.1	12.3	1.8	12.3	0.0	12.3	
4.16406	-1.2	-545	14.2	12.4	1.8	12.4	0.0	12.4	
4.16797	-1.3	-545	14.2	12.4	1.8	12.4	0.0	12.4	
4.17188	-1.3	-545	14.2	12.5	1.7	12.5	0.0	12.5	
4.17578	-1.2	-545	14.3	12.5	1.8	12.5	0.0	12.5	
4.17969	-1.2	-545	14.3	12.5	1.8	12.5	0.0	12.5	
4.18359	-1.2	-545	14.3	12.5	1.8	12.5	0.0	12.5	
4.18750	-1.2	-545	14.4	12.5	1.9	12.5	0.0	12.5	
4.19141	-1.1	-545	14.5	12.6	1.9	12.6	0.0	12.6	
4.19531	-1.3	-545	14.5	12.6	1.9	12.6	0.0	12.6	
4.19922	-1.3	-546	14.6	12.7	1.9	12.7	0.0	12.7	
4.20312	-1.1	-546	14.6	12.8	1.8	12.8	0.0	12.8	
4.20703	-1.0	-546	14.6	12.8	1.8	12.8	0.0	12.8	
4.21094	-1.0	-546	14.7	12.9	1.8	12.9	0.0	12.9	
4.21484	-0.9	-546	14.7	12.9	1.8	12.9	0.0	12.9	
4.21875	-1.1	-546	14.7	12.9	1.8	12.9	0.0	12.9	
4.22266	-1.0	-546	14.7	12.9	1.8	12.9	0.0	12.9	
4.22656	-0.9	-546	14.8	13.0	1.8	13.0	0.0	13.0	
4.23047	-0.9	-546	14.8	13.0	1.8	13.0	0.0	13.0	
4.23438	-1.0	-546	14.8	13.0	1.8	13.0	0.0	13.0	
4.23828	-0.8	-546	14.8	13.1	1.7	13.1	0.0	13.1	
4.24219	-0.8	-546	14.9	13.1	1.8	13.1	0.0	13.1	
4.24609	-0.9	-546	14.9	13.2	1.7	13.2	0.0	13.2	
4.25000	-0.9	-546	14.9	13.2	1.7	13.2	0.0	13.2	
4.25391	-0.8	-546	15.0	13.2	1.8	13.2	0.0	13.2	
4.25781	-0.8	-546	15.0	13.2	1.8	13.2	0.0	13.2	
4.26172	-0.9	-547	15.0	13.3	1.7	13.3	0.0	13.3	
4.26562	-0.9	-547	15.0	13.3	1.7	13.3	0.0	13.3	
4.26953	-1.0	-547	15.1	13.3	1.8	13.3	0.0	13.3	
4.27344	-0.9	-547	15.1	13.3	1.8	13.3	0.0	13.3	
4.27734	-0.8	-547	15.1	13.4	1.7	13.4	0.0	13.4	
4.28125	-0.8	-547	15.1	13.4	1.7	13.4	0.0	13.4	
4.28516	-0.8	-547	15.1	13.4	1.7	13.4	0.0	13.4	
4.28906	-0.8	-547	15.1	13.5	1.6	13.5	0.0	13.5	
4.29297	-0.8	-547	15.1	13.5	1.6	13.5	0.0	13.5	
4.29688	-0.7	-547	15.1	13.5	1.6	13.5	0.0	13.5	
4.30078	-0.8	-547	15.2	13.5	1.7	13.5	0.0	13.5	
4.30469	-0.9	-547	15.2	13.5	1.7	13.5	0.0	13.5	
4.30859	-0.9	-547	15.1	13.6	1.5	13.6	0.0	13.6	
4.31250	-0.9	-547	15.2	13.6	1.6	13.6	0.0	13.6	
4.31641	-0.9	-547	15.3	13.6	1.7	13.6	0.0	13.6	
4.32031	-0.9	-547	15.3	13.7	1.6	13.7	0.0	13.7	
4.32422	-0.9	-547	15.3	13.6	1.7	13.6	0.0	13.6	
4.32812	-0.9	-547	15.3	13.6	1.7	13.6	0.0	13.6	
4.33203	-0.9	-548	15.3	13.7	1.6	13.7	0.0	13.7	
4.33594	-0.9	-548	15.4	13.7	1.7	13.7	0.0	13.7	
4.33984	-0.8	-548	15.4	13.8	1.6	13.8	0.0	13.8	
4.34375	-0.8	-548	15.4	13.8	1.6	13.8	0.0	13.8	
4.34766	-0.9	-548	15.4	13.8	1.6	13.8	0.0	13.8	
4.35156	-0.9	-548	15.5	13.9	1.6	13.9	0.0	13.9	
4.35547	-0.8	-548	15.5	13.8	1.7	13.8	0.0	13.8	
4.35938	-0.9	-548	15.4	13.8	1.6	13.8	0.0	13.8	
4.36328	-1.0	-548	15.5	13.9	1.6	13.9	0.0	13.9	
4.36719	-1.0	-548	15.6	13.9	1.7	13.9	0.0	13.9	
4.37109	-0.9	-548	15.5	14.0	1.5	14.0	0.0	14.0	
4.37500	-0.7	-548	15.6	14.0	1.6	14.0	0.0	14.0	
4.37891	-0.7	-548	15.6	14.0	1.6	14.0	0.0	14.0	
4.38281	-0.8	-548	15.6	14.0	1.6	14.0	0.0	14.0	
4.38672	-0.8	-548	15.6	14.1	1.5	14.1	0.0	14.1	
4.39062	-0.7	-548	15.6	14.1	1.5	14.1	0.0	14.1	
4.39453	-0.8	-548	15.6	14.1	1.5	14.1	0.0	14.1	
4.39844	-0.8	-548	15.6	14.2	1.4	14.2	0.0	14.2	
4.40234	-0.6	-548	15.7	14.2	1.5	14.2	0.0	14.2	
4.40625	-0.6	-549	15.7	14.2	1.5	14.2	0.0	14.2	
4.41016	-0.7	-549	15.7	14.3	1.4	14.3	0.0	14.3	
4.41406	-0.6	-549	15.7	14.3	1.4	14.3	0.0	14.3	
4.41797	-0.7	-549	15.7	14.3	1.4	14.3	0.0	14.3	
4.42188	-0.8	-549	15.7	14.3	1.4	14.3	0.0	14.3	
4.42578	-0.8	-549	15.7	14.3	1.4	14.3	0.0	14.3	
4.42969	-0.8	-549	15.8	14.4	1.4	14.4	0.0	14.4	
4.43359	-0.9	-549	15.8	14.4	1.4	14.4	0.0	14.4	
4.43750	-0.9	-549	15.8	14.5	1.3	14.5	0.0	14.5	
4.44141	-0.8	-549	15.8	14.5	1.3	14.5	0.0	14.5	
4.44531	-0.8	-549	15.8	14.5	1.3	14.5	0.0	14.5	
4.44922	-0.8	-549	15.9	14.5	1.4	14.5	0.0	14.5	
4.45312	-0.7	-549	15.9	14.5	1.4	14.5	0.0	14.5	
4.45703	-0.7	-549	15.9	14.5	1.4	14.5	0.0	14.5	
4.46094	-0.8	-549	15.9	14.5	1.4	14.5	0.0	14.5	
4.46484	-0.8	-549	15.9	14.5	1.4	14.5	0.0	14.5	
4.46875	-0.8	-549	15.9	14.5	1.4	14.5	0.0	14.5	
4.47266	-0.8	-549	15.9	14.5	1.4	14.5	0.0	14.5	
4.47656	-0.6	-549	15.9	14.6	1.3	14.6	0.0	14.6	
4.48047	-0.6	-549	15.8	14.6	1.2	14.6	0.0	14.6	
4.48438	-0.7	-550	15.8	14.5	1.3	14.5	0.0	14.5	
4.48828	-0.7	-550	15.8	14.5	1.3	14.5	0.0	14.5	
4.49219	-0.6	-550	15.8	14.5	1.3	14.5	0.0	14.5	
4.49609	-0.7	-550	15.8	14.6	1.2	14.6	0.0	14.6	
4.50000	-0.7	-550	15.8	14.6	1.2	14.6	0.0	14.6	
4.50391	-0.7	-550	15.7	14.5	1.2	14.5	0.0	14.5	
4.50781	-0.8	-550	15.7	14.6	1.1	14.6	0.0	14.6	
4.51172	-0.8	-550	15.7	14.6	1.1	14.6	0.0	14.6	
4.51562	-0.7	-550	15.7	14.5	1.2	14.5	0.0	14.5	
4.51953	-0.8	-550	15.8	14.5	1.3	14.5	0.0	14.5	
4.52344	-0.9	-550	15.8	14.5	1.3	14.5	0.0	14.5	
4.52734	-0.8	-550	15.8	14.6	1.2	14.6	0.0	14.6	
4.53125	-0.8	-550	15.8	14.6	1.2	14.6	0.0	14.6	
4.53516	-1.0	-550	15.9	14.6	1.3	14.6	0.0	14.6	
4.53906	-1.0	-550	15.9	14.6	1.3	14.6	0.0	14.6	
4.54297	-1.0	-550	15.9	14.6	1.3	14.6	0.0	14.6	
4.54688	-1.0	-550	16.0	14.6	1.4	14.6	0.0	14.6	
4.55078	-1.1	-550	16.0	14.6	1.4	14.6	0.0	14.6	
4.55469	-1.1	-550	16.0	14.6	1.4	14.6	0.0	14.6	
4.55859	-1.0	-551	16.1	14.7	1.4	14.7	0.0	14.7	
4.56250	-1.1	-551	16.1	14.7	1.4	14.7	0.0	14.7	
4.56641	-1.0	-551	16.1	14.6	1.5	14.6	0.0	14.6	
4.57031	-0.9	-551	16.1	14.6	1.5	14.6	0.0	14.6	
4.57422	-0.8	-551	16.1	14.7	1.4	14.7	0.0	14.7	
4.57812	-0.7	-551	16.2	14.7	1.5	14.7	0.0	14.7	
4.58203	-0.7	-551	16.2	14.7	1.5	14.7	0.0	14.7	
4.58594	-0.8	-551	16.2	14.7	1.5	14.7	0.0	14.7	
4.58984	-0.8	-551	16.2	14.7	1.5	14.7	0.0	14.7	
4.59375	-0.7	-551	16.2	14.7	1.5	14.7	0.0	14.7	
4.59766	-0.7	-551	16.2	14.7	1.5	14.7	0.0	14.7	
4.60156	-0.8	-551	16.2	14.7	1.5	14.7	0.0	14.7	
4.60547	-0.7	-551	16.2	14.8	1.4	14.8	0.0	14.8	
4.60938	-0.7	-551	16.1	14.7	1.4	14.7	0.0	14.7	
4.61328	-0.8	-551	16.2	14.7	1.5	14.7	0.0	14.7	
4.61719	-0.7	-551	16.2	14.7	1.5	14.7	0.0	14.7	
4.62109	-0.7	-551	16.1	14.7	1.4	14.7	0.0	14.7	
4.62500	-0.7	-551	16.1	14.7	1.4	14.7	0.0	14.7	
4.62891	-0.7	-551	16.2	14.7	1.5	14.7	0.0	14.7	
4.63281	-0.8	-552	16.2	14.8	1.4	14.8	0.0	14.8	
4.63672	-0.8	-552	16.1	14.8	1.3	14.8	0.0	14.8	
4.64062	-0.7	-552	16.2	14.7	1.5	14.7	0.0	14.7	
4.64453	-0.8	-552	16.2	14.7	1.5	14.7	0.0	14.7	
4.64844	-0.8	-552	16.2	14.7	1.5	14.7	0.0	14.7	
4.65234	-0.8	-552	16.2	14.7	1.5	14.7	0.0	14.7	
4.65625	-0.7	-552	16.2	14.7	1.5	14.7	0.0	14.7	
4.66016	-0.8	-552	16.1	14.7	1.4	14.7	0.0	14.7	
4.66406	-0.8	-552	16.2	14.7	1.5	14.7	0.0	14.7	
4.66797	-0.7	-552	16.2	14.7	1.5	14.7	0.0	14.7	
4.67188	-0.8	-552	16.1	14.7	1.4	14.7	0.0	14.7	
4.67578	-0.8	-552	16.2	14.7	1.5	14.7	0.0	14.7	
4.67969	-0.7	-552	16.2	14.8	1.4	14.8	0.0	14.8	
4.68359	-0.9	-552	16.1	14.7	1.4	14.7	0.0	14.7	
4.68750	-0.9	-552	16.2	14.7	1.5	14.7	0.0	14.7	
4.69141	-0.7	-552	16.2	14.8	1.4	14.8	0.0	14.8	
4.69531	-0.7	-552	16.1	14.8	1.3	14.8	0.0	14.8	
4.69922	-0.8	-552	16.1	14.7	1.4	14.7	0.0	14.7	
4.70312	-0.7	-552	16.1	14.8	1.3	14.8	0.0	14.8	
4.70703	-0.8	-552	16.1	14.8	1.3	14.8	0.0	14.8	
4.71094	-0.9	-553	16.1	14.8	1.3	14.8	0.0	14.8	
4.71484	-0.6	-553	16.1	14.8	1.3	14.8	0.0	14.8	
4.71875	-0.7	-553	16.1	14.7	1.4	14.7	0.0	14.7	
4.72266	-0.8	-553	16.1	14.8	1.3	14.8	0.0	14.8	
4.72656	-0.7	-553	16.1	14.8	1.3	14.8	0.0	14.8	
4.73047	-0.7	-553	16.1	14.8	1.3	14.8	0.0	14.8	
4.73438	-0.7	-553	16.1	14.8	1.3	14.8	0.0	14.8	
4.73828	-0.6	-553	16.1	14.8	1.3	14.8	0.0	14.8	
4.74219	-0.7	-553	16.0	14.8	1.2	14.8	0.0	14.8	
4.74609	-0.8	-553	16.1	14.8	1.3	14.8	0.0	14.8	
4.75000	-0.8	-553	16.2	14.8	1.4	14.8	0.0	14.8	
4.75391	-0.7	-553	16.1	14.8	1.3	14.8	0.0	14.8	
4.75781	-0.7	-553	16.1	14.8	1.3	14.8	0.0	14.8	
4.76172	-0.7	-553	16.1	14.8	1.3	14.8	0.0	14.8	
4.76562	-0.7	-553	16.1	14.8	1.3	14.8	0.0	14.8	
4.76953	-0.7	-553	16.1	14.8	1.3	14.8	0.0	14.8	
4.77344	-0.7	-553	16.1	14.8	1.3	14.8	0.0	14.8	
4.77734	-0.6	-553	16.1	14.8	1.3	14.8	0.0	14.8	
4.78125	-0.7	-553	16.1	14.8	1.3	14.8	0.0	14.8	
4.78516	-0.8	-553	16.0	14.8	1.2	14.8	0.0	14.8	
4.78906	-0.7	-553	16.1	14.8	1.3	14.8	0.0	14.8	
4.79297	-0.7	-554	16.1	14.8	1.3	14.8	0.0	14.8	
4.79688	-0.8	-554	16.1	14.8	1.3	14.8	0.0	14.8	
4.80078	-0.7	-554	16.1	14.8	1.3	14.8	0.0	14.8	
4.80469	-0.8	-554	16.1	14.8	1.3	14.8	0.0	14.8	
4.80859	-0.8	-554	16.1	14.8	1.3	14.8	0.0	14.8	
4.81250	-0.6	-554	16.1	14.8	1.3	14.8	0.0	14.8	
4.81641	-0.8	-554	16.2	14.8	1.4	14.8	0.0	14.8	
4.82031	-0.6	-554	16.8	14.8	2.0	14.8	0.0	14.8	
4.82422	0.7	-554	17.5	14.8	2.7	14.8	0.0	14.8	
4.82812	2.8	-554	18.0	14.9	3.1	14.9	0.0	14.9	
4.83203	6.4	-553	18.3	14.9	3.4	14.9	0.0	14.9	
4.83594	10.4	-553	18.4	14.8	3.6	14.8	0.0	14.8	
