FluxView - FluxMed acquisition system
Signal file
Serial Number	:
W version:	1.20h-OX-CO2	File version:	1.13
Sampling rate:	256 Hz
Time	Flow	Volume	Paw	Pes	Ptpulm	Pga	Ptdiaf	CO2	
0.00391	0.4	70	17.7	15.0	2.7	15.0	0.0	15.0	
0.00781	0.4	70	17.7	15.0	2.7	15.0	0.0	15.0	
0.01172	0.4	71	17.7	15.0	2.7	15.0	0.0	15.0	
0.01562	0.4	71	17.7	15.0	2.7	15.0	0.0	15.0	
0.01953	0.4	71	17.7	15.0	2.7	15.0	0.0	15.0	
0.02344	0.4	71	17.7	15.0	2.7	15.0	0.0	15.0	
0.02734	0.4	71	17.7	15.0	2.7	15.0	0.0	15.0	
0.03125	0.4	71	17.6	15.0	2.6	15.0	0.0	15.0	
0.03516	0.4	71	17.6	15.0	2.6	15.0	0.0	15.0	
0.03906	0.4	71	17.6	15.0	2.6	15.0	0.0	15.0	
0.04297	0.4	71	17.6	15.0	2.6	15.0	0.0	15.0	
0.04688	0.4	71	17.6	15.0	2.6	15.0	0.0	15.0	
0.05078	0.5	71	17.5	15.0	2.5	15.0	0.0	15.0	
0.05469	0.5	71	17.5	15.0	2.5	15.0	0.0	15.0	
0.05859	0.5	71	17.5	15.0	2.5	15.0	0.0	15.0	
0.06250	0.5	71	17.5	15.0	2.5	15.0	0.0	15.0	
0.06641	0.4	71	17.4	15.0	2.4	15.0	0.0	15.0	
0.07031	0.4	71	17.4	15.0	2.4	15.0	0.0	15.0	
0.07422	0.4	71	17.4	15.0	2.4	15.0	0.0	15.0	
0.07812	0.4	71	17.4	15.0	2.4	15.0	0.0	15.0	
0.08203	0.4	71	17.4	15.0	2.4	15.0	0.0	15.0	
0.08594	0.4	71	17.4	15.0	2.4	15.0	0.0	15.0	
0.08984	0.3	71	17.3	15.0	2.3	15.0	0.0	15.0	
0.09375	0.3	71	17.3	15.0	2.3	15.0	0.0	15.0	
0.09766	0.3	71	17.3	15.0	2.3	15.0	0.0	15.0	
0.10156	0.3	71	17.3	15.0	2.3	15.0	0.0	15.0	
0.10547	0.3	71	17.3	15.0	2.3	15.0	0.0	15.0	
0.10938	0.3	71	17.3	15.0	2.3	15.0	0.0	15.0	
0.11328	0.2	71	17.3	15.0	2.3	15.0	0.0	15.0	
0.11719	0.3	71	17.3	15.0	2.3	15.0	0.0	15.0	
0.12109	0.3	71	17.3	15.0	2.3	15.0	0.0	15.0	
0.12500	0.3	71	17.3	15.0	2.3	15.0	0.0	15.0	
0.12891	0.3	71	17.3	15.0	2.3	15.0	0.0	15.0	
0.13281	0.3	71	17.3	15.0	2.3	15.0	0.0	15.0	
0.13672	0.3	71	17.3	15.0	2.3	15.0	0.0	15.0	
0.14062	0.3	71	17.3	15.0	2.3	15.0	0.0	15.0	
0.14453	0.3	71	17.3	15.0	2.3	15.0	0.0	15.0	
0.14844	0.3	71	17.3	15.0	2.3	15.0	0.0	15.0	
0.15234	0.3	71	17.3	15.0	2.3	15.0	0.0	15.0	
0.15625	0.3	71	17.3	15.0	2.3	15.0	0.0	15.0	
0.16016	0.3	71	17.3	15.0	2.3	15.0	0.0	15.0	
0.16406	0.3	71	17.3	15.1	2.2	15.1	0.0	15.1	
0.16797	0.3	71	17.3	15.1	2.2	15.1	0.0	15.1	
0.17188	0.3	71	17.3	15.1	2.2	15.1	0.0	15.1	
0.17578	0.3	71	17.3	15.1	2.2	15.1	0.0	15.1	
0.17969	0.3	71	17.3	15.1	2.2	15.1	0.0	15.1	
0.18359	0.3	72	17.3	15.1	2.2	15.1	0.0	15.1	
0.18750	0.3	72	17.3	15.1	2.2	15.1	0.0	15.1	
0.19141	0.3	72	17.3	15.1	2.2	15.1	0.0	15.1	
0.19531	0.3	72	17.3	15.1	2.2	15.1	0.0	15.1	
0.19922	0.3	72	17.3	15.1	2.2	15.1	0.0	15.1	
0.20312	0.3	72	17.3	15.1	2.2	15.1	0.0	15.1	
0.20703	0.3	72	17.3	15.1	2.2	15.1	0.0	15.1	
0.21094	0.3	72	17.3	15.1	2.2	15.1	0.0	15.1	
0.21484	0.3	72	17.3	15.1	2.2	15.1	0.0	15.1	
0.21875	0.2	72	17.3	15.2	2.1	15.2	0.0	15.2	
0.22266	0.3	72	17.3	15.2	2.1	15.2	0.0	15.2	
0.22656	0.3	72	17.3	15.2	2.1	15.2	0.0	15.2	
0.23047	0.3	72	17.3	15.2	2.1	15.2	0.0	15.2	
0.23438	0.3	72	17.3	15.2	2.1	15.2	0.0	15.2	
0.23828	0.3	72	17.3	15.2	2.1	15.2	0.0	15.2	
0.24219	0.3	72	17.3	15.2	2.1	15.2	0.0	15.2	
0.24609	0.3	72	17.3	15.2	2.1	15.2	0.0	15.2	
0.25000	0.3	72	17.3	15.2	2.1	15.2	0.0	15.2	
0.25391	0.3	72	17.4	15.2	2.2	15.2	0.0	15.2	
0.25781	0.3	72	17.4	15.3	2.1	15.3	0.0	15.3	
0.26172	0.3	72	17.4	15.3	2.1	15.3	0.0	15.3	
0.26562	0.3	72	17.4	15.3	2.1	15.3	0.0	15.3	
0.26953	0.3	72	17.4	15.3	2.1	15.3	0.0	15.3	
0.27344	0.3	72	17.4	15.3	2.1	15.3	0.0	15.3	
0.27734	0.3	72	17.4	15.3	2.1	15.3	0.0	15.3	
0.28125	0.3	72	17.4	15.3	2.1	15.3	0.0	15.3	
0.28516	0.3	72	17.4	15.3	2.1	15.3	0.0	15.3	
0.28906	0.3	72	17.4	15.4	2.0	15.4	0.0	15.4	
0.29297	0.3	72	17.4	15.4	2.0	15.4	0.0	15.4	
0.29688	0.3	72	17.4	15.4	2.0	15.4	0.0	15.4	
0.30078	0.2	72	17.4	15.4	2.0	15.4	0.0	15.4	
0.30469	0.3	72	17.4	15.4	2.0	15.4	0.0	15.4	
0.30859	0.3	72	17.4	15.4	2.0	15.4	0.0	15.4	
0.31250	0.2	72	17.4	15.4	2.0	15.4	0.0	15.4	
0.31641	0.2	72	17.4	15.4	2.0	15.4	0.0	15.4	
0.32031	0.3	72	17.4	15.4	2.0	15.4	0.0	15.4	
0.32422	0.3	72	17.4	15.4	2.0	15.4	0.0	15.4	
0.32812	0.3	72	17.4	15.4	2.0	15.4	0.0	15.4	
0.33203	0.3	72	17.4	15.5	1.9	15.5	0.0	15.5	
0.33594	0.3	72	17.4	15.5	1.9	15.5	0.0	15.5	
0.33984	0.2	72	17.5	15.4	2.1	15.4	0.0	15.4	
0.34375	0.3	72	17.5	15.4	2.1	15.4	0.0	15.4	
0.34766	0.3	72	17.5	15.4	2.1	15.4	0.0	15.4	
0.35156	0.2	72	17.5	15.5	2.0	15.5	0.0	15.5	
0.35547	0.2	72	17.5	15.5	2.0	15.5	0.0	15.5	
0.35938	0.2	72	17.5	15.5	2.0	15.5	0.0	15.5	
0.36328	0.2	72	17.5	15.4	2.1	15.4	0.0	15.4	
0.36719	0.3	72	17.5	15.4	2.1	15.4	0.0	15.4	
0.37109	0.3	72	17.5	15.4	2.1	15.4	0.0	15.4	
0.37500	0.3	72	17.6	15.4	2.2	15.4	0.0	15.4	
0.37891	0.3	72	17.6	15.4	2.2	15.4	0.0	15.4	
0.38281	0.3	72	17.6	15.4	2.2	15.4	0.0	15.4	
0.38672	0.3	72	17.6	15.4	2.2	15.4	0.0	15.4	
0.39062	0.3	72	17.6	15.4	2.2	15.4	0.0	15.4	
0.39453	0.3	73	17.6	15.3	2.3	15.3	0.0	15.3	
0.39844	0.3	73	17.6	15.3	2.3	15.3	0.0	15.3	
0.40234	0.3	73	17.5	15.3	2.2	15.3	0.0	15.3	
0.40625	0.3	73	17.6	15.3	2.3	15.3	0.0	15.3	
0.41016	0.3	73	17.6	15.3	2.3	15.3	0.0	15.3	
0.41406	0.3	73	17.5	15.3	2.2	15.3	0.0	15.3	
0.41797	0.3	73	17.5	15.3	2.2	15.3	0.0	15.3	
0.42188	0.3	73	17.5	15.3	2.2	15.3	0.0	15.3	
0.42578	0.3	73	17.5	15.3	2.2	15.3	0.0	15.3	
0.42969	0.3	73	17.6	15.3	2.3	15.3	0.0	15.3	
0.43359	0.3	73	17.5	15.2	2.3	15.2	0.0	15.2	
0.43750	0.3	73	17.5	15.2	2.3	15.2	0.0	15.2	
0.44141	0.3	73	17.5	15.3	2.2	15.3	0.0	15.3	
0.44531	0.3	73	17.5	15.2	2.3	15.2	0.0	15.2	
0.44922	0.2	73	17.6	15.2	2.4	15.2	0.0	15.2	
0.45312	0.3	73	17.6	15.2	2.4	15.2	0.0	15.2	
0.45703	0.2	73	17.6	15.2	2.4	15.2	0.0	15.2	
0.46094	0.2	73	17.6	15.3	2.3	15.3	0.0	15.3	
0.46484	0.3	73	17.6	15.3	2.3	15.3	0.0	15.3	
0.46875	0.2	73	17.6	15.3	2.3	15.3	0.0	15.3	
0.47266	0.2	73	17.6	15.3	2.3	15.3	0.0	15.3	
0.47656	0.2	73	17.6	15.3	2.3	15.3	0.0	15.3	
0.48047	0.3	73	17.7	15.3	2.4	15.3	0.0	15.3	
0.48438	0.2	73	17.7	15.3	2.4	15.3	0.0	15.3	
0.48828	0.3	73	17.7	15.3	2.4	15.3	0.0	15.3	
0.49219	0.3	73	17.7	15.4	2.3	15.4	0.0	15.4	
0.49609	0.3	73	17.7	15.4	2.3	15.4	0.0	15.4	
0.50000	0.3	73	17.7	15.4	2.3	15.4	0.0	15.4	
0.50391	0.3	73	17.7	15.4	2.3	15.4	0.0	15.4	
0.50781	0.4	73	17.7	15.4	2.3	15.4	0.0	15.4	
0.51172	0.4	73	17.7	15.4	2.3	15.4	0.0	15.4	
0.51562	0.4	73	17.6	15.4	2.2	15.4	0.0	15.4	
0.51953	0.4	73	17.6	15.4	2.2	15.4	0.0	15.4	
0.52344	0.4	73	17.6	15.4	2.2	15.4	0.0	15.4	
0.52734	0.4	73	17.6	15.4	2.2	15.4	0.0	15.4	
0.53125	0.5	73	17.6	15.4	2.2	15.4	0.0	15.4	
0.53516	0.4	73	17.6	15.4	2.2	15.4	0.0	15.4	
0.53906	0.4	73	17.5	15.4	2.1	15.4	0.0	15.4	
0.54297	0.4	73	17.5	15.4	2.1	15.4	0.0	15.4	
0.54688	0.4	73	17.5	15.4	2.1	15.4	0.0	15.4	
0.55078	0.4	73	17.5	15.4	2.1	15.4	0.0	15.4	
0.55469	0.3	73	17.5	15.3	2.2	15.3	0.0	15.3	
0.55859	0.3	73	17.5	15.3	2.2	15.3	0.0	15.3	
0.56250	0.2	73	17.5	15.3	2.2	15.3	0.0	15.3	
0.56641	0.2	73	17.5	15.3	2.2	15.3	0.0	15.3	
0.57031	0.2	73	17.5	15.3	2.2	15.3	0.0	15.3	
0.57422	0.1	73	17.5	15.2	2.3	15.2	0.0	15.2	
0.57812	0.1	73	17.5	15.2	2.3	15.2	0.0	15.2	
0.58203	0.1	73	17.6	15.2	2.4	15.2	0.0	15.2	
0.58594	0.1	73	17.6	15.2	2.4	15.2	0.0	15.2	
0.58984	0.1	73	17.7	15.2	2.5	15.2	0.0	15.2	
0.59375	0.1	73	17.7	15.2	2.5	15.2	0.0	15.2	
0.59766	0.1	73	17.7	15.2	2.5	15.2	0.0	15.2	
0.60156	0.0	73	17.8	15.2	2.6	15.2	0.0	15.2	
0.60547	0.1	73	17.8	15.2	2.6	15.2	0.0	15.2	
0.60938	0.1	73	17.8	15.2	2.6	15.2	0.0	15.2	
0.61328	0.1	73	17.9	15.2	2.7	15.2	0.0	15.2	
0.61719	0.1	73	17.9	15.2	2.7	15.2	0.0	15.2	
0.62109	0.1	73	17.9	15.2	2.7	15.2	0.0	15.2	
0.62500	0.1	73	18.0	15.2	2.8	15.2	0.0	15.2	
0.62891	0.2	73	18.0	15.2	2.8	15.2	0.0	15.2	
0.63281	0.2	74	18.0	15.2	2.8	15.2	0.0	15.2	
0.63672	0.2	74	18.0	15.2	2.8	15.2	0.0	15.2	
0.64062	0.3	74	18.0	15.2	2.8	15.2	0.0	15.2	
0.64453	0.3	74	18.0	15.2	2.8	15.2	0.0	15.2	
0.64844	0.3	74	18.0	15.2	2.8	15.2	0.0	15.2	
0.65234	0.3	74	18.0	15.2	2.8	15.2	0.0	15.2	
0.65625	0.4	74	18.0	15.2	2.8	15.2	0.0	15.2	
0.66016	0.3	74	18.0	15.2	2.8	15.2	0.0	15.2	
0.66406	0.3	74	18.0	15.2	2.8	15.2	0.0	15.2	
0.66797	0.3	74	18.0	15.2	2.8	15.2	0.0	15.2	
0.67188	0.3	74	18.0	15.2	2.8	15.2	0.0	15.2	
0.67578	0.3	74	18.0	15.2	2.8	15.2	0.0	15.2	
0.67969	0.3	74	18.0	15.2	2.8	15.2	0.0	15.2	
0.68359	0.3	74	18.0	15.1	2.9	15.1	0.0	15.1	
0.68750	0.3	74	18.0	15.1	2.9	15.1	0.0	15.1	
0.69141	0.3	74	18.0	15.1	2.9	15.1	0.0	15.1	
0.69531	0.3	74	18.0	15.2	2.8	15.2	0.0	15.2	
0.69922	0.3	74	18.0	15.2	2.8	15.2	0.0	15.2	
0.70312	0.3	74	18.0	15.2	2.8	15.2	0.0	15.2	
0.70703	0.3	74	17.9	15.2	2.7	15.2	0.0	15.2	
0.71094	0.3	74	17.9	15.2	2.7	15.2	0.0	15.2	
0.71484	0.4	74	17.9	15.2	2.7	15.2	0.0	15.2	
0.71875	0.4	74	17.9	15.2	2.7	15.2	0.0	15.2	
0.72266	0.4	74	17.9	15.2	2.7	15.2	0.0	15.2	
0.72656	0.4	74	17.8	15.2	2.6	15.2	0.0	15.2	
0.73047	0.4	74	17.8	15.2	2.6	15.2	0.0	15.2	
0.73438	0.5	74	17.8	15.2	2.6	15.2	0.0	15.2	
0.73828	0.5	74	17.8	15.2	2.6	15.2	0.0	15.2	
0.74219	0.5	74	17.8	15.2	2.6	15.2	0.0	15.2	
0.74609	0.5	74	17.7	15.2	2.5	15.2	0.0	15.2	
0.75000	0.5	74	17.7	15.2	2.5	15.2	0.0	15.2	
0.75391	0.5	74	17.6	15.2	2.4	15.2	0.0	15.2	
0.75781	0.5	74	17.6	15.2	2.4	15.2	0.0	15.2	
0.76172	0.5	74	17.6	15.2	2.4	15.2	0.0	15.2	
0.76562	0.5	74	17.6	15.2	2.4	15.2	0.0	15.2	
0.76953	0.4	74	17.6	15.1	2.5	15.1	0.0	15.1	
0.77344	0.4	74	17.5	15.2	2.3	15.2	0.0	15.2	
0.77734	0.4	74	17.5	15.1	2.4	15.1	0.0	15.1	
0.78125	0.4	74	17.5	15.1	2.4	15.1	0.0	15.1	
0.78516	0.3	74	17.5	15.1	2.4	15.1	0.0	15.1	
0.78906	0.3	74	17.5	15.1	2.4	15.1	0.0	15.1	
0.79297	0.3	74	17.5	15.1	2.4	15.1	0.0	15.1	
0.79688	0.3	75	17.5	15.1	2.4	15.1	0.0	15.1	
0.80078	0.3	75	17.5	15.1	2.4	15.1	0.0	15.1	
0.80469	0.3	75	17.5	15.1	2.4	15.1	0.0	15.1	
0.80859	0.2	75	17.5	15.1	2.4	15.1	0.0	15.1	
0.81250	0.3	75	17.5	15.1	2.4	15.1	0.0	15.1	
0.81641	0.3	75	17.5	15.1	2.4	15.1	0.0	15.1	
0.82031	0.3	75	17.5	15.1	2.4	15.1	0.0	15.1	
0.82422	0.3	75	17.5	15.1	2.4	15.1	0.0	15.1	
0.82812	0.3	75	17.5	15.1	2.4	15.1	0.0	15.1	
0.83203	0.3	75	17.5	15.2	2.3	15.2	0.0	15.2	
0.83594	0.3	75	17.5	15.2	2.3	15.2	0.0	15.2	
0.83984	0.3	75	17.5	15.2	2.3	15.2	0.0	15.2	
0.84375	0.3	75	17.5	15.2	2.3	15.2	0.0	15.2	
0.84766	0.3	75	17.5	15.2	2.3	15.2	0.0	15.2	
0.85156	0.3	75	17.5	15.2	2.3	15.2	0.0	15.2	
0.85547	0.3	75	17.5	15.2	2.3	15.2	0.0	15.2	
0.85938	0.3	75	17.5	15.2	2.3	15.2	0.0	15.2	
0.86328	0.3	75	17.5	15.2	2.3	15.2	0.0	15.2	
0.86719	0.3	75	17.5	15.2	2.3	15.2	0.0	15.2	
0.87109	0.3	75	17.5	15.2	2.3	15.2	0.0	15.2	
0.87500	0.3	75	17.5	15.2	2.3	15.2	0.0	15.2	
0.87891	0.3	75	17.5	15.2	2.3	15.2	0.0	15.2	
0.88281	0.3	75	17.5	15.3	2.2	15.3	0.0	15.3	
0.88672	0.3	75	17.5	15.2	2.3	15.2	0.0	15.2	
0.89062	0.3	75	17.5	15.2	2.3	15.2	0.0	15.2	
0.89453	0.3	75	17.5	15.3	2.2	15.3	0.0	15.3	
0.89844	0.3	75	17.5	15.3	2.2	15.3	0.0	15.3	
0.90234	0.3	75	17.5	15.3	2.2	15.3	0.0	15.3	
0.90625	0.3	75	17.5	15.3	2.2	15.3	0.0	15.3	
0.91016	0.3	75	17.5	15.3	2.2	15.3	0.0	15.3	
0.91406	0.3	75	17.5	15.3	2.2	15.3	0.0	15.3	
0.91797	0.2	75	17.5	15.3	2.2	15.3	0.0	15.3	
0.92188	0.3	75	17.5	15.3	2.2	15.3	0.0	15.3	
0.92578	0.3	75	17.5	15.3	2.2	15.3	0.0	15.3	
0.92969	0.3	75	17.5	15.4	2.1	15.4	0.0	15.4	
0.93359	0.3	75	17.5	15.4	2.1	15.4	0.0	15.4	
0.93750	0.3	75	17.5	15.4	2.1	15.4	0.0	15.4	
0.94141	0.3	75	17.5	15.4	2.1	15.4	0.0	15.4	
0.94531	0.3	75	17.5	15.4	2.1	15.4	0.0	15.4	
0.94922	0.3	75	17.5	15.4	2.1	15.4	0.0	15.4	
0.95312	0.3	75	17.6	15.4	2.2	15.4	0.0	15.4	
0.95703	0.3	75	17.6	15.4	2.2	15.4	0.0	15.4	
0.96094	0.3	75	17.6	15.5	2.1	15.5	0.0	15.5	
0.96484	0.3	75	17.6	15.5	2.1	15.5	0.0	15.5	
0.96875	0.3	75	17.5	15.5	2.0	15.5	0.0	15.5	
0.97266	0.3	75	17.5	15.5	2.0	15.5	0.0	15.5	
0.97656	0.3	75	17.5	15.5	2.0	15.5	0.0	15.5	
0.98047	0.3	75	17.6	15.5	2.1	15.5	0.0	15.5	
0.98438	0.3	75	17.6	15.5	2.1	15.5	0.0	15.5	
0.98828	0.3	75	17.6	15.5	2.1	15.5	0.0	15.5	
0.99219	0.3	75	17.6	15.5	2.1	15.5	0.0	15.5	
0.99609	0.3	75	17.6	15.5	2.1	15.5	0.0	15.5	
1.00000	0.3	76	17.6	15.5	2.1	15.5	0.0	15.5	
1.00391	0.2	76	17.6	15.5	2.1	15.5	0.0	15.5	
1.00781	0.3	76	17.6	15.5	2.1	15.5	0.0	15.5	
1.01172	0.3	76	17.6	15.5	2.1	15.5	0.0	15.5	
1.01562	0.2	76	17.6	15.6	2.0	15.6	0.0	15.6	
1.01953	0.2	76	17.6	15.6	2.0	15.6	0.0	15.6	
1.02344	0.2	76	17.6	15.6	2.0	15.6	0.0	15.6	
1.02734	0.2	76	17.6	15.6	2.0	15.6	0.0	15.6	
1.03125	0.2	76	17.7	15.6	2.1	15.6	0.0	15.6	
1.03516	0.2	76	17.6	15.6	2.0	15.6	0.0	15.6	
1.03906	0.2	76	17.7	15.6	2.1	15.6	0.0	15.6	
1.04297	0.3	76	17.7	15.6	2.1	15.6	0.0	15.6	
1.04688	0.3	76	17.7	15.6	2.1	15.6	0.0	15.6	
1.05078	0.2	76	17.7	15.5	2.2	15.5	0.0	15.5	
1.05469	0.3	76	17.7	15.5	2.2	15.5	0.0	15.5	
1.05859	0.2	76	17.8	15.5	2.3	15.5	0.0	15.5	
1.06250	0.2	76	17.8	15.5	2.3	15.5	0.0	15.5	
1.06641	0.2	76	17.8	15.5	2.3	15.5	0.0	15.5	
1.07031	0.3	76	17.8	15.5	2.3	15.5	0.0	15.5	
1.07422	0.3	76	17.8	15.5	2.3	15.5	0.0	15.5	
1.07812	0.3	76	17.8	15.5	2.3	15.5	0.0	15.5	
1.08203	0.3	76	17.8	15.4	2.4	15.4	0.0	15.4	
1.08594	0.3	76	17.8	15.4	2.4	15.4	0.0	15.4	
1.08984	0.3	76	17.8	15.4	2.4	15.4	0.0	15.4	
1.09375	0.3	76	17.8	15.4	2.4	15.4	0.0	15.4	
1.09766	0.3	76	17.8	15.4	2.4	15.4	0.0	15.4	
1.10156	0.3	76	17.8	15.4	2.4	15.4	0.0	15.4	
1.10547	0.3	76	17.8	15.4	2.4	15.4	0.0	15.4	
1.10938	0.3	76	17.8	15.4	2.4	15.4	0.0	15.4	
1.11328	0.3	76	17.8	15.4	2.4	15.4	0.0	15.4	
1.11719	0.3	76	17.7	15.4	2.3	15.4	0.0	15.4	
1.12109	0.2	76	17.8	15.4	2.4	15.4	0.0	15.4	
1.12500	0.3	76	17.8	15.4	2.4	15.4	0.0	15.4	
1.12891	0.2	76	17.8	15.4	2.4	15.4	0.0	15.4	
1.13281	0.3	76	17.7	15.4	2.3	15.4	0.0	15.4	
1.13672	0.3	76	17.8	15.4	2.4	15.4	0.0	15.4	
1.14062	0.2	76	17.8	15.4	2.4	15.4	0.0	15.4	
1.14453	0.2	76	17.8	15.4	2.4	15.4	0.0	15.4	
1.14844	0.2	76	17.8	15.4	2.4	15.4	0.0	15.4	
1.15234	0.2	76	17.8	15.4	2.4	15.4	0.0	15.4	
1.15625	0.2	76	17.8	15.4	2.4	15.4	0.0	15.4	
1.16016	0.2	76	17.8	15.5	2.3	15.5	0.0	15.5	
1.16406	0.2	76	17.9	15.5	2.4	15.5	0.0	15.5	
1.16797	0.2	76	17.9	15.5	2.4	15.5	0.0	15.5	
1.17188	0.3	76	17.9	15.5	2.4	15.5	0.0	15.5	
1.17578	0.3	76	17.9	15.5	2.4	15.5	0.0	15.5	
1.17969	0.3	76	17.9	15.5	2.4	15.5	0.0	15.5	
1.18359	0.3	76	17.9	15.6	2.3	15.6	0.0	15.6	
1.18750	0.3	76	17.9	15.6	2.3	15.6	0.0	15.6	
1.19141	0.4	76	17.9	15.6	2.3	15.6	0.0	15.6	
1.19531	0.4	76	17.9	15.6	2.3	15.6	0.0	15.6	
1.19922	0.3	76	17.9	15.6	2.3	15.6	0.0	15.6	
1.20312	0.4	76	17.9	15.6	2.3	15.6	0.0	15.6	
1.20703	0.4	76	17.9	15.6	2.3	15.6	0.0	15.6	
1.21094	0.4	76	17.8	15.6	2.2	15.6	0.0	15.6	
1.21484	0.4	76	17.8	15.6	2.2	15.6	0.0	15.6	
1.21875	0.4	77	17.8	15.6	2.2	15.6	0.0	15.6	
1.22266	0.4	77	17.8	15.6	2.2	15.6	0.0	15.6	
1.22656	0.3	77	17.8	15.6	2.2	15.6	0.0	15.6	
1.23047	0.3	77	17.7	15.6	2.1	15.6	0.0	15.6	
1.23438	0.2	77	17.7	15.5	2.2	15.5	0.0	15.5	
1.23828	0.2	77	17.8	15.5	2.3	15.5	0.0	15.5	
1.24219	0.2	77	17.8	15.5	2.3	15.5	0.0	15.5	
1.24609	0.2	77	17.8	15.5	2.3	15.5	0.0	15.5	
1.25000	0.1	77	17.8	15.5	2.3	15.5	0.0	15.5	
1.25391	0.1	77	17.8	15.5	2.3	15.5	0.0	15.5	
1.25781	0.1	77	17.8	15.4	2.4	15.4	0.0	15.4	
1.26172	0.1	77	17.9	15.4	2.5	15.4	0.0	15.4	
1.26562	0.0	77	17.9	15.4	2.5	15.4	0.0	15.4	
1.26953	0.0	77	17.9	15.4	2.5	15.4	0.0	15.4	
1.27344	0.0	77	18.0	15.4	2.6	15.4	0.0	15.4	
1.27734	0.0	77	18.0	15.4	2.6	15.4	0.0	15.4	
1.28125	0.0	77	18.0	15.4	2.6	15.4	0.0	15.4	
1.28516	0.1	77	18.1	15.4	2.7	15.4	0.0	15.4	
1.28906	0.1	77	18.1	15.4	2.7	15.4	0.0	15.4	
1.29297	0.1	77	18.1	15.4	2.7	15.4	0.0	15.4	
1.29688	0.1	77	18.2	15.4	2.8	15.4	0.0	15.4	
1.30078	0.2	77	18.2	15.4	2.8	15.4	0.0	15.4	
1.30469	0.2	77	18.2	15.4	2.8	15.4	0.0	15.4	
1.30859	0.2	77	18.2	15.4	2.8	15.4	0.0	15.4	
1.31250	0.3	77	18.3	15.4	2.9	15.4	0.0	15.4	
1.31641	0.3	77	18.3	15.4	2.9	15.4	0.0	15.4	
1.32031	0.3	77	18.3	15.4	2.9	15.4	0.0	15.4	
1.32422	0.3	77	18.3	15.4	2.9	15.4	0.0	15.4	
1.32812	0.4	77	18.3	15.4	2.9	15.4	0.0	15.4	
1.33203	0.3	77	18.3	15.4	2.9	15.4	0.0	15.4	
1.33594	0.3	77	18.3	15.4	2.9	15.4	0.0	15.4	
1.33984	0.4	77	18.3	15.4	2.9	15.4	0.0	15.4	
1.34375	0.4	77	18.3	15.4	2.9	15.4	0.0	15.4	
1.34766	0.4	77	18.2	15.4	2.8	15.4	0.0	15.4	
1.35156	0.4	77	18.2	15.4	2.8	15.4	0.0	15.4	
1.35547	0.3	77	18.2	15.4	2.8	15.4	0.0	15.4	
1.35938	0.4	77	18.2	15.4	2.8	15.4	0.0	15.4	
1.36328	0.3	77	18.2	15.4	2.8	15.4	0.0	15.4	
1.36719	0.3	77	18.2	15.4	2.8	15.4	0.0	15.4	
1.37109	0.3	77	18.2	15.4	2.8	15.4	0.0	15.4	
1.37500	0.3	77	18.2	15.4	2.8	15.4	0.0	15.4	
1.37891	0.3	77	18.2	15.4	2.8	15.4	0.0	15.4	
1.38281	0.3	77	18.1	15.4	2.7	15.4	0.0	15.4	
1.38672	0.3	77	18.1	15.4	2.7	15.4	0.0	15.4	
1.39062	0.3	77	18.1	15.4	2.7	15.4	0.0	15.4	
1.39453	0.3	77	18.1	15.4	2.7	15.4	0.0	15.4	
1.39844	0.4	77	18.1	15.4	2.7	15.4	0.0	15.4	
1.40234	0.4	77	18.1	15.4	2.7	15.4	0.0	15.4	
1.40625	0.4	77	18.0	15.4	2.6	15.4	0.0	15.4	
1.41016	0.4	77	18.0	15.4	2.6	15.4	0.0	15.4	
1.41406	0.4	77	18.0	15.4	2.6	15.4	0.0	15.4	
1.41797	0.4	77	18.0	15.4	2.6	15.4	0.0	15.4	
1.42188	0.4	77	18.0	15.4	2.6	15.4	0.0	15.4	
1.42578	0.5	77	17.9	15.4	2.5	15.4	0.0	15.4	
1.42969	0.4	77	17.9	15.4	2.5	15.4	0.0	15.4	
1.43359	0.4	77	17.9	15.4	2.5	15.4	0.0	15.4	
1.43750	0.4	77	17.9	15.4	2.5	15.4	0.0	15.4	
1.44141	0.4	78	17.8	15.4	2.4	15.4	0.0	15.4	
1.44531	0.4	78	17.8	15.4	2.4	15.4	0.0	15.4	
1.44922	0.3	78	17.8	15.4	2.4	15.4	0.0	15.4	
1.45312	0.3	78	17.8	15.4	2.4	15.4	0.0	15.4	
1.45703	0.3	78	17.8	15.4	2.4	15.4	0.0	15.4	
1.46094	0.3	78	17.8	15.4	2.4	15.4	0.0	15.4	
1.46484	0.3	78	17.8	15.4	2.4	15.4	0.0	15.4	
1.46875	0.3	78	17.8	15.3	2.5	15.3	0.0	15.3	
1.47266	0.2	78	17.8	15.3	2.5	15.3	0.0	15.3	
1.47656	0.2	78	17.8	15.3	2.5	15.3	0.0	15.3	
1.48047	0.3	78	17.8	15.3	2.5	15.3	0.0	15.3	
1.48438	0.3	78	17.8	15.3	2.5	15.3	0.0	15.3	
1.48828	0.3	78	17.8	15.4	2.4	15.4	0.0	15.4	
1.49219	0.2	78	17.8	15.4	2.4	15.4	0.0	15.4	
1.49609	0.2	78	17.8	15.4	2.4	15.4	0.0	15.4	
1.50000	0.3	78	17.8	15.4	2.4	15.4	0.0	15.4	
1.50391	0.3	78	17.8	15.4	2.4	15.4	0.0	15.4	
1.50781	0.3	78	17.8	15.4	2.4	15.4	0.0	15.4	
1.51172	0.3	78	17.8	15.4	2.4	15.4	0.0	15.4	
1.51562	0.3	78	17.9	15.4	2.5	15.4	0.0	15.4	
1.51953	0.3	78	17.9	15.4	2.5	15.4	0.0	15.4	
1.52344	0.3	78	17.9	15.4	2.5	15.4	0.0	15.4	
1.52734	0.3	78	17.9	15.5	2.4	15.5	0.0	15.5	
1.53125	0.3	78	17.9	15.5	2.4	15.5	0.0	15.5	
1.53516	0.3	78	17.9	15.5	2.4	15.5	0.0	15.5	
1.53906	0.3	78	17.9	15.5	2.4	15.5	0.0	15.5	
1.54297	0.3	78	17.9	15.5	2.4	15.5	0.0	15.5	
1.54688	0.3	78	17.9	15.5	2.4	15.5	0.0	15.5	
1.55078	0.3	78	17.9	15.5	2.4	15.5	0.0	15.5	
1.55469	0.3	78	17.9	15.5	2.4	15.5	0.0	15.5	
1.55859	0.3	78	17.9	15.6	2.3	15.6	0.0	15.6	
1.56250	0.3	78	17.9	15.6	2.3	15.6	0.0	15.6	
1.56641	0.3	78	17.9	15.6	2.3	15.6	0.0	15.6	
1.57031	0.2	78	17.9	15.6	2.3	15.6	0.0	15.6	
1.57422	0.3	78	17.9	15.6	2.3	15.6	0.0	15.6	
1.57812	0.3	78	17.9	15.6	2.3	15.6	0.0	15.6	
1.58203	0.3	78	17.9	15.6	2.3	15.6	0.0	15.6	
1.58594	0.3	78	17.9	15.6	2.3	15.6	0.0	15.6	
1.58984	0.3	78	17.9	15.6	2.3	15.6	0.0	15.6	
1.59375	0.2	78	17.9	15.7	2.2	15.7	0.0	15.7	
1.59766	0.3	78	17.9	15.7	2.2	15.7	0.0	15.7	
1.60156	0.3	78	17.9	15.7	2.2	15.7	0.0	15.7	
1.60547	0.3	78	17.9	15.7	2.2	15.7	0.0	15.7	
1.60938	0.3	78	17.9	15.7	2.2	15.7	0.0	15.7	
1.61328	0.3	78	17.9	15.7	2.2	15.7	0.0	15.7	
1.61719	0.3	78	17.9	15.7	2.2	15.7	0.0	15.7	
1.62109	0.3	78	17.9	15.7	2.2	15.7	0.0	15.7	
1.62500	0.3	78	17.9	15.7	2.2	15.7	0.0	15.7	
1.62891	0.3	78	17.9	15.7	2.2	15.7	0.0	15.7	
1.63281	0.3	78	17.9	15.8	2.1	15.8	0.0	15.8	
1.63672	0.3	78	17.9	15.8	2.1	15.8	0.0	15.8	
1.64062	0.4	78	17.9	15.8	2.1	15.8	0.0	15.8	
1.64453	0.3	78	17.9	15.8	2.1	15.8	0.0	15.8	
1.64844	0.3	79	17.9	15.8	2.1	15.8	0.0	15.8	
1.65234	0.3	79	17.9	15.8	2.1	15.8	0.0	15.8	
1.65625	0.3	79	17.8	15.8	2.0	15.8	0.0	15.8	
1.66016	0.3	79	17.8	15.8	2.0	15.8	0.0	15.8	
1.66406	0.3	79	17.8	15.8	2.0	15.8	0.0	15.8	
1.66797	0.3	79	17.8	15.8	2.0	15.8	0.0	15.8	
1.67188	0.3	79	17.8	15.9	1.9	15.9	0.0	15.9	
1.67578	0.3	79	17.8	15.9	1.9	15.9	0.0	15.9	
1.67969	0.3	79	17.8	15.9	1.9	15.9	0.0	15.9	
1.68359	0.3	79	17.8	15.9	1.9	15.9	0.0	15.9	
1.68750	0.3	79	17.8	15.9	1.9	15.9	0.0	15.9	
1.69141	0.3	79	17.8	15.9	1.9	15.9	0.0	15.9	
1.69531	0.3	79	17.8	15.9	1.9	15.9	0.0	15.9	
1.69922	0.3	79	17.8	15.9	1.9	15.9	0.0	15.9	
1.70312	0.3	79	17.8	15.9	1.9	15.9	0.0	15.9	
1.70703	0.3	79	17.8	15.9	1.9	15.9	0.0	15.9	
1.71094	0.3	79	17.8	15.9	1.9	15.9	0.0	15.9	
1.71484	0.3	79	17.8	15.9	1.9	15.9	0.0	15.9	
1.71875	0.3	79	17.8	15.9	1.9	15.9	0.0	15.9	
1.72266	0.2	79	17.8	15.8	2.0	15.8	0.0	15.8	
1.72656	0.3	79	17.8	15.8	2.0	15.8	0.0	15.8	
1.73047	0.3	79	17.8	15.8	2.0	15.8	0.0	15.8	
1.73438	0.3	79	17.8	15.8	2.0	15.8	0.0	15.8	
1.73828	0.3	79	17.8	15.8	2.0	15.8	0.0	15.8	
1.74219	0.3	79	17.8	15.8	2.0	15.8	0.0	15.8	
1.74609	0.3	79	17.8	15.7	2.1	15.7	0.0	15.7	
1.75000	0.3	79	17.8	15.7	2.1	15.7	0.0	15.7	
1.75391	0.3	79	17.8	15.7	2.1	15.7	0.0	15.7	
1.75781	0.3	79	17.8	15.7	2.1	15.7	0.0	15.7	
1.76172	0.3	79	17.8	15.6	2.2	15.6	0.0	15.6	
1.76562	0.3	79	17.8	15.6	2.2	15.6	0.0	15.6	
1.76953	0.3	79	17.8	15.6	2.2	15.6	0.0	15.6	
1.77344	0.3	79	17.8	15.6	2.2	15.6	0.0	15.6	
1.77734	0.3	79	17.8	15.6	2.2	15.6	0.0	15.6	
1.78125	0.3	79	17.8	15.6	2.2	15.6	0.0	15.6	
1.78516	0.3	79	17.8	15.6	2.2	15.6	0.0	15.6	
1.78906	0.3	79	17.7	15.5	2.2	15.5	0.0	15.5	
1.79297	0.3	79	17.7	15.5	2.2	15.5	0.0	15.5	
1.79688	0.3	79	17.8	15.5	2.3	15.5	0.0	15.5	
1.80078	0.3	79	17.8	15.5	2.3	15.5	0.0	15.5	
1.80469	0.2	79	17.8	15.5	2.3	15.5	0.0	15.5	
1.80859	0.2	79	17.8	15.5	2.3	15.5	0.0	15.5	
1.81250	0.3	79	17.8	15.5	2.3	15.5	0.0	15.5	
1.81641	0.2	79	17.8	15.5	2.3	15.5	0.0	15.5	
1.82031	0.2	79	17.8	15.5	2.3	15.5	0.0	15.5	
1.82422	0.2	79	17.8	15.5	2.3	15.5	0.0	15.5	
1.82812	0.2	79	17.8	15.6	2.2	15.6	0.0	15.6	
1.83203	0.2	79	17.8	15.6	2.2	15.6	0.0	15.6	
1.83594	0.2	79	17.8	15.6	2.2	15.6	0.0	15.6	
1.83984	0.3	79	17.8	15.6	2.2	15.6	0.0	15.6	
1.84375	0.3	79	17.9	15.6	2.3	15.6	0.0	15.6	
1.84766	0.3	79	17.9	15.6	2.3	15.6	0.0	15.6	
1.85156	0.3	79	17.9	15.6	2.3	15.6	0.0	15.6	
1.85547	0.3	79	17.9	15.6	2.3	15.6	0.0	15.6	
1.85938	0.3	80	17.9	15.7	2.2	15.7	0.0	15.7	
1.86328	0.3	80	17.9	15.7	2.2	15.7	0.0	15.7	
1.86719	0.3	80	17.8	15.7	2.1	15.7	0.0	15.7	
1.87109	0.4	80	17.8	15.7	2.1	15.7	0.0	15.7	
1.87500	0.4	80	17.8	15.7	2.1	15.7	0.0	15.7	
1.87891	0.4	80	17.8	15.7	2.1	15.7	0.0	15.7	
1.88281	0.4	80	17.8	15.7	2.1	15.7	0.0	15.7	
1.88672	0.4	80	17.8	15.7	2.1	15.7	0.0	15.7	
1.89062	0.4	80	17.8	15.7	2.1	15.7	0.0	15.7	
1.89453	0.4	80	17.7	15.7	2.0	15.7	0.0	15.7	
1.89844	0.4	80	17.7	15.6	2.1	15.6	0.0	15.6	
1.90234	0.4	80	17.7	15.6	2.1	15.6	0.0	15.6	
1.90625	0.3	80	17.7	15.6	2.1	15.6	0.0	15.6	
1.91016	0.3	80	17.7	15.6	2.1	15.6	0.0	15.6	
1.91406	0.3	80	17.7	15.6	2.1	15.6	0.0	15.6	
1.91797	0.2	80	17.7	15.6	2.1	15.6	0.0	15.6	
1.92188	0.2	80	17.7	15.5	2.2	15.5	0.0	15.5	
1.92578	0.2	80	17.7	15.5	2.2	15.5	0.0	15.5	
1.92969	0.1	80	17.7	15.5	2.2	15.5	0.0	15.5	
1.93359	0.1	80	17.7	15.5	2.2	15.5	0.0	15.5	
1.93750	0.1	80	17.8	15.5	2.3	15.5	0.0	15.5	
1.94141	0.1	80	17.8	15.4	2.4	15.4	0.0	15.4	
1.94531	0.0	80	17.8	15.4	2.4	15.4	0.0	15.4	
1.94922	-0.0	80	17.9	15.4	2.5	15.4	0.0	15.4	
1.95312	-0.0	80	17.9	15.4	2.5	15.4	0.0	15.4	
1.95703	-0.0	80	17.9	15.4	2.5	15.4	0.0	15.4	
1.96094	-0.0	80	18.0	15.4	2.6	15.4	0.0	15.4	
1.96484	-0.0	80	18.0	15.4	2.6	15.4	0.0	15.4	
1.96875	0.1	80	18.1	15.4	2.7	15.4	0.0	15.4	
1.97266	0.1	80	18.1	15.4	2.7	15.4	0.0	15.4	
1.97656	0.1	80	18.1	15.4	2.7	15.4	0.0	15.4	
1.98047	0.1	80	18.2	15.4	2.8	15.4	0.0	15.4	
1.98438	0.1	80	18.2	15.4	2.8	15.4	0.0	15.4	
1.98828	0.1	80	18.2	15.4	2.8	15.4	0.0	15.4	
1.99219	0.1	80	18.2	15.4	2.8	15.4	0.0	15.4	
1.99609	0.2	80	18.3	15.4	2.9	15.4	0.0	15.4	
2.00000	0.2	80	18.3	15.4	2.9	15.4	0.0	15.4	
2.00391	0.2	80	18.3	15.4	2.9	15.4	0.0	15.4	
2.00781	0.2	80	18.3	15.4	2.9	15.4	0.0	15.4	
2.01172	0.2	80	18.3	15.4	2.9	15.4	0.0	15.4	
2.01562	0.2	80	18.3	15.4	2.9	15.4	0.0	15.4	
2.01953	0.3	80	18.4	15.4	3.0	15.4	0.0	15.4	
2.02344	0.3	80	18.4	15.4	3.0	15.4	0.0	15.4	
2.02734	0.2	80	18.4	15.4	3.0	15.4	0.0	15.4	
2.03125	0.2	80	18.4	15.4	3.0	15.4	0.0	15.4	
2.03516	0.3	80	18.4	15.4	3.0	15.4	0.0	15.4	
2.03906	0.3	80	18.4	15.4	3.0	15.4	0.0	15.4	
2.04297	0.3	80	18.4	15.4	3.0	15.4	0.0	15.4	
2.04688	0.3	80	18.4	15.4	3.0	15.4	0.0	15.4	
2.05078	0.3	80	18.4	15.4	3.0	15.4	0.0	15.4	
2.05469	0.3	80	18.4	15.4	3.0	15.4	0.0	15.4	
2.05859	0.3	80	18.4	15.5	2.9	15.5	0.0	15.5	
2.06250	0.3	80	18.4	15.5	2.9	15.5	0.0	15.5	
2.06641	0.3	80	18.4	15.5	2.9	15.5	0.0	15.5	
2.07031	0.3	80	18.4	15.5	2.9	15.5	0.0	15.5	
2.07422	0.4	80	18.3	15.5	2.8	15.5	0.0	15.5	
2.07812	0.4	80	18.3	15.5	2.8	15.5	0.0	15.5	
2.08203	0.4	80	18.3	15.5	2.8	15.5	0.0	15.5	
2.08594	0.5	80	18.3	15.5	2.8	15.5	0.0	15.5	
2.08984	0.5	80	18.3	15.5	2.8	15.5	0.0	15.5	
2.09375	0.4	80	18.2	15.5	2.7	15.5	0.0	15.5	
2.09766	0.5	80	18.2	15.5	2.7	15.5	0.0	15.5	
2.10156	0.5	81	18.2	15.5	2.7	15.5	0.0	15.5	
2.10547	0.4	81	18.1	15.5	2.6	15.5	0.0	15.5	
2.10938	0.4	81	18.1	15.5	2.6	15.5	0.0	15.5	
2.11328	0.4	81	18.1	15.5	2.6	15.5	0.0	15.5	
2.11719	0.3	81	18.1	15.5	2.6	15.5	0.0	15.5	
2.12109	0.3	81	18.1	15.5	2.6	15.5	0.0	15.5	
2.12500	0.3	81	18.1	15.5	2.6	15.5	0.0	15.5	
2.12891	0.2	81	18.1	15.5	2.6	15.5	0.0	15.5	
2.13281	0.2	81	18.1	15.5	2.6	15.5	0.0	15.5	
2.13672	0.1	81	18.1	15.5	2.6	15.5	0.0	15.5	
2.14062	0.1	81	18.2	15.5	2.7	15.5	0.0	15.5	
2.14453	0.1	81	18.2	15.5	2.7	15.5	0.0	15.5	
2.14844	0.0	81	18.2	15.5	2.7	15.5	0.0	15.5	
2.15234	0.0	81	18.3	15.6	2.7	15.6	0.0	15.6	
2.15625	0.0	81	18.3	15.6	2.7	15.6	0.0	15.6	
2.16016	-0.0	81	18.3	15.6	2.7	15.6	0.0	15.6	
2.16406	-0.0	81	18.4	15.6	2.8	15.6	0.0	15.6	
2.16797	-0.0	81	18.4	15.6	2.8	15.6	0.0	15.6	
2.17188	-0.0	81	18.5	15.6	2.9	15.6	0.0	15.6	
2.17578	0.0	81	18.5	15.7	2.8	15.7	0.0	15.7	
2.17969	0.1	81	18.6	15.7	2.9	15.7	0.0	15.7	
2.18359	0.0	81	18.6	15.7	2.9	15.7	0.0	15.7	
2.18750	0.0	81	18.6	15.7	2.9	15.7	0.0	15.7	
2.19141	0.1	81	18.7	15.8	2.9	15.8	0.0	15.8	
2.19531	0.1	81	18.7	15.8	2.9	15.8	0.0	15.8	
2.19922	0.1	81	18.7	15.8	2.9	15.8	0.0	15.8	
2.20312	0.1	81	18.8	15.9	2.9	15.9	0.0	15.9	
2.20703	0.1	81	18.8	15.9	2.9	15.9	0.0	15.9	
2.21094	0.1	81	18.8	15.9	2.9	15.9	0.0	15.9	
2.21484	0.1	81	18.9	15.9	3.0	15.9	0.0	15.9	
2.21875	0.0	81	18.9	16.0	2.9	16.0	0.0	16.0	
2.22266	-0.0	81	18.9	16.0	2.9	16.0	0.0	16.0	
2.22656	-0.1	81	19.0	16.0	3.0	16.0	0.0	16.0	
2.23047	-0.2	81	19.0	16.1	2.9	16.1	0.0	16.1	
2.23438	-0.2	81	19.1	16.1	3.0	16.1	0.0	16.1	
2.23828	-0.3	81	19.1	16.1	3.0	16.1	0.0	16.1	
2.24219	-0.3	81	19.2	16.2	3.0	16.2	0.0	16.2	
2.24609	-0.3	81	19.2	16.2	3.0	16.2	0.0	16.2	
2.25000	-0.4	81	19.3	16.3	3.0	16.3	0.0	16.3	
2.25391	-0.4	81	19.4	16.3	3.1	16.3	0.0	16.3	
2.25781	-0.4	81	19.4	16.3	3.1	16.3	0.0	16.3	
2.26172	-0.4	81	19.5	16.4	3.1	16.4	0.0	16.4	
2.26562	-0.4	81	19.5	16.4	3.1	16.4	0.0	16.4	
2.26953	-0.3	81	19.6	16.5	3.1	16.5	0.0	16.5	
2.27344	-0.3	80	19.7	16.5	3.2	16.5	0.0	16.5	
2.27734	-0.3	80	19.7	16.6	3.1	16.6	0.0	16.6	
2.28125	-0.2	80	19.8	16.6	3.2	16.6	0.0	16.6	
2.28516	-0.1	80	19.8	16.6	3.2	16.6	0.0	16.6	
2.28906	0.0	80	19.8	16.7	3.1	16.7	0.0	16.7	
2.29297	0.0	80	19.9	16.7	3.2	16.7	0.0	16.7	
2.29688	-0.0	80	19.9	16.8	3.1	16.8	0.0	16.8	
2.30078	0.1	80	20.0	16.8	3.2	16.8	0.0	16.8	
2.30469	0.1	80	20.0	16.9	3.1	16.9	0.0	16.9	
2.30859	0.1	80	20.0	16.9	3.1	16.9	0.0	16.9	
2.31250	0.1	80	20.0	17.0	3.0	17.0	0.0	17.0	
2.31641	0.1	80	20.1	17.0	3.1	17.0	0.0	17.0	
2.32031	0.1	80	20.1	17.1	3.0	17.1	0.0	17.1	
2.32422	0.1	81	20.1	17.1	3.0	17.1	0.0	17.1	
2.32812	0.1	81	20.1	17.2	2.9	17.2	0.0	17.2	
2.33203	0.1	81	20.1	17.2	2.9	17.2	0.0	17.2	
2.33594	0.0	81	20.2	17.3	2.9	17.3	0.0	17.3	
2.33984	0.0	81	20.2	17.3	2.9	17.3	0.0	17.3	
2.34375	-0.0	81	20.3	17.3	3.0	17.3	0.0	17.3	
2.34766	-0.1	81	20.3	17.4	2.9	17.4	0.0	17.4	
2.35156	-0.1	81	20.3	17.4	2.9	17.4	0.0	17.4	
2.35547	-0.2	80	20.4	17.5	2.9	17.5	0.0	17.5	
2.35938	-0.2	80	20.4	17.5	2.9	17.5	0.0	17.5	
2.36328	-0.2	80	20.5	17.6	2.9	17.6	0.0	17.6	
2.36719	-0.2	80	20.5	17.6	2.9	17.6	0.0	17.6	
2.37109	-0.2	80	20.6	17.7	2.9	17.7	0.0	17.7	
2.37500	-0.3	80	20.6	17.7	2.9	17.7	0.0	17.7	
2.37891	-0.3	80	20.7	17.7	3.0	17.7	0.0	17.7	
2.38281	-0.3	80	20.7	17.8	2.9	17.8	0.0	17.8	
2.38672	-0.3	80	20.8	17.8	3.0	17.8	0.0	17.8	
2.39062	-0.3	80	20.8	17.9	2.9	17.9	0.0	17.9	
2.39453	-0.4	80	20.9	17.9	3.0	17.9	0.0	17.9	
2.39844	-0.3	80	21.0	17.9	3.1	17.9	0.0	17.9	
2.40234	-0.4	80	21.0	18.0	3.0	18.0	0.0	18.0	
2.40625	-0.4	80	21.1	18.0	3.1	18.0	0.0	18.0	
2.41016	-0.4	80	21.1	18.0	3.1	18.0	0.0	18.0	
2.41406	-0.4	80	21.2	18.0	3.2	18.0	0.0	18.0	
2.41797	-0.5	80	21.3	18.0	3.3	18.0	0.0	18.0	
2.42188	-0.5	80	21.3	18.1	3.2	18.1	0.0	18.1	
2.42578	-0.6	80	21.4	18.1	3.3	18.1	0.0	18.1	
2.42969	-0.6	80	21.5	18.1	3.4	18.1	0.0	18.1	
2.43359	-0.6	80	21.5	18.2	3.3	18.2	0.0	18.2	
2.43750	-0.7	80	21.6	18.2	3.4	18.2	0.0	18.2	
2.44141	-0.7	80	21.7	18.2	3.5	18.2	0.0	18.2	
2.44531	-0.7	80	21.7	18.3	3.4	18.3	0.0	18.3	
2.44922	-0.7	80	21.8	18.3	3.5	18.3	0.0	18.3	
2.45312	-0.7	80	21.9	18.4	3.5	18.4	0.0	18.4	
2.45703	-0.7	80	21.9	18.4	3.5	18.4	0.0	18.4	
2.46094	-0.7	80	22.0	18.5	3.5	18.5	0.0	18.5	
2.46484	-0.7	80	22.1	18.5	3.6	18.5	0.0	18.5	
2.46875	-0.8	80	22.2	18.5	3.7	18.5	0.0	18.5	
2.47266	-0.7	80	22.3	18.6	3.7	18.6	0.0	18.6	
2.47656	-0.7	79	22.3	18.7	3.6	18.7	0.0	18.7	
2.48047	-0.7	79	22.4	18.7	3.7	18.7	0.0	18.7	
2.48438	-0.7	79	22.5	18.7	3.8	18.7	0.0	18.7	
2.48828	-0.8	79	22.6	18.8	3.8	18.8	0.0	18.8	
2.49219	-0.8	79	22.6	18.9	3.7	18.9	0.0	18.9	
2.49609	-0.8	79	22.7	19.0	3.7	19.0	0.0	19.0	
2.50000	-0.9	79	22.8	19.0	3.8	19.0	0.0	19.0	
2.50391	-0.9	79	22.9	19.1	3.8	19.1	0.0	19.1	
2.50781	-0.9	79	23.0	19.2	3.8	19.2	0.0	19.2	
2.51172	-1.0	79	23.0	19.3	3.7	19.3	0.0	19.3	
2.51562	-1.0	79	23.1	19.3	3.8	19.3	0.0	19.3	
2.51953	-1.0	79	23.2	19.4	3.8	19.4	0.0	19.4	
2.52344	-1.0	79	23.3	19.5	3.8	19.5	0.0	19.5	
2.52734	-0.9	79	23.4	19.6	3.8	19.6	0.0	19.6	
2.53125	-0.9	79	23.4	19.7	3.7	19.7	0.0	19.7	
2.53516	-0.8	79	23.5	19.8	3.7	19.8	0.0	19.8	
2.53906	-0.7	79	23.6	19.9	3.7	19.9	0.0	19.9	
2.54297	-0.7	79	23.6	20.0	3.6	20.0	0.0	20.0	
2.54688	-0.6	79	23.7	20.1	3.6	20.1	0.0	20.1	
2.55078	-0.5	78	23.7	20.1	3.6	20.1	0.0	20.1	
2.55469	-0.4	78	23.8	20.2	3.6	20.2	0.0	20.2	
2.55859	-0.4	78	23.8	20.3	3.5	20.3	0.0	20.3	
2.56250	-0.3	78	23.9	20.4	3.5	20.4	0.0	20.4	
2.56641	-0.2	78	23.9	20.4	3.5	20.4	0.0	20.4	
2.57031	-0.3	78	24.0	20.5	3.5	20.5	0.0	20.5	
2.57422	-0.3	78	24.0	20.6	3.4	20.6	0.0	20.6	
2.57812	-0.3	78	24.1	20.6	3.5	20.6	0.0	20.6	
2.58203	-0.4	78	24.1	20.7	3.4	20.7	0.0	20.7	
2.58594	-0.5	78	24.2	20.8	3.4	20.8	0.0	20.8	
2.58984	-0.6	78	24.3	20.8	3.5	20.8	0.0	20.8	
2.59375	-0.8	78	24.4	20.9	3.5	20.9	0.0	20.9	
2.59766	-1.0	78	24.4	21.0	3.4	21.0	0.0	21.0	
2.60156	-1.1	78	24.5	21.1	3.4	21.1	0.0	21.1	
2.60547	-1.3	78	24.6	21.1	3.5	21.1	0.0	21.1	
2.60938	-1.4	78	24.7	21.2	3.5	21.2	0.0	21.2	
2.61328	-1.5	78	24.8	21.3	3.5	21.3	0.0	21.3	
2.61719	-1.6	78	24.9	21.3	3.6	21.3	0.0	21.3	
2.62109	-1.7	78	25.0	21.4	3.6	21.4	0.0	21.4	
2.62500	-1.7	77	25.1	21.5	3.6	21.5	0.0	21.5	
2.62891	-1.7	77	25.2	21.6	3.6	21.6	0.0	21.6	
2.63281	-1.7	77	25.3	21.6	3.7	21.6	0.0	21.6	
2.63672	-1.6	77	25.4	21.7	3.7	21.7	0.0	21.7	
2.64062	-1.5	77	25.5	21.8	3.7	21.8	0.0	21.8	
2.64453	-1.4	77	25.6	21.9	3.7	21.9	0.0	21.9	
2.64844	-1.3	77	25.7	21.9	3.8	21.9	0.0	21.9	
2.65234	-1.3	77	25.8	22.0	3.8	22.0	0.0	22.0	
2.65625	-1.2	77	25.9	22.1	3.8	22.1	0.0	22.1	
2.66016	-1.1	77	26.0	22.2	3.8	22.2	0.0	22.2	
2.66406	-1.0	77	26.1	22.3	3.8	22.3	0.0	22.3	
2.66797	-1.0	76	26.1	22.4	3.7	22.4	0.0	22.4	
2.67188	-0.9	76	26.2	22.4	3.8	22.4	0.0	22.4	
2.67578	-0.9	76	26.3	22.5	3.8	22.5	0.0	22.5	
2.67969	-0.9	76	26.3	22.5	3.8	22.5	0.0	22.5	
2.68359	-0.8	76	26.4	22.6	3.8	22.6	0.0	22.6	
2.68750	-0.8	76	26.5	22.7	3.8	22.7	0.0	22.7	
2.69141	-0.8	76	26.5	22.8	3.7	22.8	0.0	22.8	
2.69531	-0.7	76	26.6	22.8	3.8	22.8	0.0	22.8	
2.69922	-0.7	76	26.7	22.9	3.8	22.9	0.0	22.9	
2.70312	-0.7	76	26.7	23.0	3.7	23.0	0.0	23.0	
2.70703	-0.6	76	26.8	23.0	3.8	23.0	0.0	23.0	
2.71094	-0.5	76	26.8	23.1	3.7	23.1	0.0	23.1	
2.71484	-0.4	76	26.9	23.2	3.7	23.2	0.0	23.2	
2.71875	-0.3	76	26.9	23.2	3.7	23.2	0.0	23.2	
2.72266	-0.3	76	26.9	23.3	3.6	23.3	0.0	23.3	
2.72656	-0.2	76	27.0	23.4	3.6	23.4	0.0	23.4	
2.73047	-0.1	76	27.0	23.4	3.6	23.4	0.0	23.4	
2.73438	-0.1	76	27.0	23.5	3.5	23.5	0.0	23.5	
2.73828	-0.0	76	27.1	23.6	3.5	23.6	0.0	23.6	
2.74219	0.0	76	27.1	23.6	3.5	23.6	0.0	23.6	
2.74609	0.0	76	27.1	23.7	3.4	23.7	0.0	23.7	
2.75000	0.1	76	27.1	23.7	3.4	23.7	0.0	23.7	
2.75391	0.2	76	27.1	23.8	3.3	23.8	0.0	23.8	
2.75781	0.1	76	27.2	23.9	3.3	23.9	0.0	23.9	
2.76172	0.1	76	27.2	23.9	3.3	23.9	0.0	23.9	
2.76562	0.1	76	27.2	24.0	3.2	24.0	0.0	24.0	
2.76953	0.1	76	27.2	24.0	3.2	24.0	0.0	24.0	
2.77344	0.2	76	27.2	24.1	3.1	24.1	0.0	24.1	
2.77734	0.2	76	27.2	24.1	3.1	24.1	0.0	24.1	
2.78125	0.2	76	27.2	24.2	3.0	24.2	0.0	24.2	
2.78516	0.2	76	27.2	24.2	3.0	24.2	0.0	24.2	
2.78906	0.3	76	27.2	24.3	2.9	24.3	0.0	24.3	
2.79297	0.3	76	27.2	24.3	2.9	24.3	0.0	24.3	
2.79688	0.3	76	27.2	24.3	2.9	24.3	0.0	24.3	
2.80078	0.3	76	27.2	24.4	2.8	24.4	0.0	24.4	
2.80469	0.3	76	27.2	24.4	2.8	24.4	0.0	24.4	
2.80859	0.3	76	27.2	24.5	2.7	24.5	0.0	24.5	
2.81250	0.3	76	27.2	24.5	2.7	24.5	0.0	24.5	
2.81641	0.3	76	27.2	24.6	2.6	24.6	0.0	24.6	
2.82031	0.3	76	27.2	24.6	2.6	24.6	0.0	24.6	
2.82422	0.3	76	27.1	24.7	2.4	24.7	0.0	24.7	
2.82812	0.3	76	27.1	24.7	2.4	24.7	0.0	24.7	
2.83203	0.2	76	27.1	24.7	2.4	24.7	0.0	24.7	
2.83594	0.3	76	27.1	24.8	2.3	24.8	0.0	24.8	
2.83984	0.3	76	27.1	24.8	2.3	24.8	0.0	24.8	
2.84375	0.2	76	27.1	24.8	2.3	24.8	0.0	24.8	
2.84766	0.3	76	27.1	24.9	2.2	24.9	0.0	24.9	
2.85156	0.3	76	27.1	24.9	2.2	24.9	0.0	24.9	
2.85547	0.3	76	27.1	25.0	2.1	25.0	0.0	25.0	
2.85938	0.3	76	27.1	25.0	2.1	25.0	0.0	25.0	
2.86328	0.4	76	27.1	25.0	2.1	25.0	0.0	25.0	
2.86719	0.4	76	27.1	25.1	2.0	25.1	0.0	25.1	
2.87109	0.5	76	27.0	25.1	1.9	25.1	0.0	25.1	
2.87500	0.5	76	27.0	25.1	1.9	25.1	0.0	25.1	
2.87891	0.5	76	27.0	25.2	1.8	25.2	0.0	25.2	
2.88281	0.6	77	26.9	25.2	1.7	25.2	0.0	25.2	
2.88672	0.7	77	26.9	25.2	1.7	25.2	0.0	25.2	
2.89062	0.7	77	26.8	25.3	1.5	25.3	0.0	25.3	
2.89453	0.7	77	26.8	25.3	1.5	25.3	0.0	25.3	
2.89844	0.7	77	26.7	25.3	1.4	25.3	0.0	25.3	
2.90234	0.7	77	26.7	25.3	1.4	25.3	0.0	25.3	
2.90625	0.7	77	26.6	25.3	1.3	25.3	0.0	25.3	
2.91016	0.7	77	26.6	25.4	1.2	25.4	0.0	25.4	
2.91406	0.7	77	26.5	25.4	1.1	25.4	0.0	25.4	
2.91797	0.8	77	26.4	25.4	1.0	25.4	0.0	25.4	
2.92188	0.8	77	26.4	25.4	1.0	25.4	0.0	25.4	
2.92578	0.9	77	26.3	25.4	0.9	25.4	0.0	25.4	
2.92969	1.0	77	26.2	25.4	0.8	25.4	0.0	25.4	
2.93359	1.2	77	26.1	25.4	0.7	25.4	0.0	25.4	
2.93750	1.4	77	26.0	25.4	0.6	25.4	0.0	25.4	
2.94141	1.5	77	26.0	25.4	0.6	25.4	0.0	25.4	
2.94531	1.6	77	25.8	25.4	0.4	25.4	0.0	25.4	
2.94922	1.8	78	25.7	25.4	0.3	25.4	0.0	25.4	
2.95312	2.0	78	25.6	25.3	0.3	25.3	0.0	25.3	
2.95703	2.1	78	25.5	25.3	0.2	25.3	0.0	25.3	
2.96094	2.2	78	25.4	25.3	0.1	25.3	0.0	25.3	
2.96484	2.2	78	25.3	25.3	0.0	25.3	0.0	25.3	
2.96875	2.2	78	25.2	25.3	-0.1	25.3	0.0	25.3	
2.97266	2.2	78	25.1	25.2	-0.1	25.2	0.0	25.2	
2.97656	2.1	79	24.9	25.2	-0.3	25.2	0.0	25.2	
2.98047	2.0	79	24.8	25.2	-0.4	25.2	0.0	25.2	
2.98438	1.9	79	24.7	25.1	-0.4	25.1	0.0	25.1	
2.98828	1.8	79	24.6	25.1	-0.5	25.1	0.0	25.1	
2.99219	1.7	79	24.5	25.0	-0.5	25.0	0.0	25.0	
2.99609	1.6	79	24.5	25.0	-0.5	25.0	0.0	25.0	
3.00000	1.5	79	24.4	25.0	-0.6	25.0	0.0	25.0	
3.00391	1.4	79	24.3	24.9	-0.6	24.9	0.0	24.9	
3.00781	1.4	79	24.2	24.9	-0.7	24.9	0.0	24.9	
3.01172	1.4	80	24.1	24.8	-0.7	24.8	0.0	24.8	
3.01562	1.5	80	24.0	24.8	-0.8	24.8	0.0	24.8	
3.01953	1.5	80	23.9	24.7	-0.8	24.7	0.0	24.7	
3.02344	1.5	80	23.8	24.7	-0.9	24.7	0.0	24.7	
3.02734	1.6	80	23.8	24.6	-0.8	24.6	0.0	24.6	
3.03125	1.7	80	23.7	24.6	-0.9	24.6	0.0	24.6	
3.03516	1.8	80	23.6	24.5	-0.9	24.5	0.0	24.5	
3.03906	1.8	80	23.5	24.4	-0.9	24.4	0.0	24.4	
3.04297	1.9	80	23.4	24.4	-1.0	24.4	0.0	24.4	
3.04688	2.0	81	23.3	24.3	-1.0	24.3	0.0	24.3	
3.05078	2.2	81	23.2	24.2	-1.0	24.2	0.0	24.2	
3.05469	2.3	81	23.0	24.2	-1.2	24.2	0.0	24.2	
3.05859	2.5	81	22.9	24.1	-1.2	24.1	0.0	24.1	
3.06250	2.7	81	22.8	24.0	-1.2	24.0	0.0	24.0	
3.06641	2.9	81	22.6	23.9	-1.3	23.9	0.0	23.9	
3.07031	3.0	82	22.5	23.8	-1.3	23.8	0.0	23.8	
3.07422	3.2	82	22.4	23.7	-1.3	23.7	0.0	23.7	
3.07812	3.3	82	22.2	23.6	-1.4	23.6	0.0	23.6	
3.08203	3.4	82	22.0	23.5	-1.5	23.5	0.0	23.5	
3.08594	3.4	82	21.9	23.4	-1.5	23.4	0.0	23.4	
3.08984	3.4	83	21.8	23.3	-1.5	23.3	0.0	23.3	
3.09375	3.4	83	21.6	23.2	-1.6	23.2	0.0	23.2	
3.09766	3.2	83	21.5	23.1	-1.6	23.1	0.0	23.1	
3.10156	3.1	83	21.4	23.0	-1.6	23.0	0.0	23.0	
3.10547	2.9	83	21.2	22.9	-1.7	22.9	0.0	22.9	
3.10938	2.6	84	21.1	22.8	-1.7	22.8	0.0	22.8	
3.11328	2.4	84	21.0	22.7	-1.7	22.7	0.0	22.7	
3.11719	2.1	84	20.9	22.6	-1.7	22.6	0.0	22.6	
3.12109	1.9	84	20.8	22.5	-1.7	22.5	0.0	22.5	
3.12500	1.7	84	20.7	22.4	-1.7	22.4	0.0	22.4	
3.12891	1.5	84	20.7	22.3	-1.6	22.3	0.0	22.3	
3.13281	1.4	84	20.6	22.2	-1.6	22.2	0.0	22.2	
3.13672	1.4	84	20.5	22.1	-1.6	22.1	0.0	22.1	
3.14062	1.3	84	20.5	22.0	-1.5	22.0	0.0	22.0	
3.14453	1.3	85	20.4	21.9	-1.5	21.9	0.0	21.9	
3.14844	1.4	85	20.3	21.8	-1.5	21.8	0.0	21.8	
3.15234	1.4	85	20.2	21.7	-1.5	21.7	0.0	21.7	
3.15625	1.5	85	20.1	21.6	-1.5	21.6	0.0	21.6	
3.16016	1.7	85	20.0	21.4	-1.4	21.4	0.0	21.4	
3.16406	1.8	85	20.0	21.4	-1.4	21.4	0.0	21.4	
3.16797	1.9	85	19.9	21.3	-1.4	21.3	0.0	21.3	
3.17188	2.0	85	19.8	21.2	-1.4	21.2	0.0	21.2	
3.17578	2.1	85	19.7	21.1	-1.4	21.1	0.0	21.1	
3.17969	2.1	86	19.5	21.0	-1.5	21.0	0.0	21.0	
3.18359	2.2	86	19.5	20.9	-1.4	20.9	0.0	20.9	
3.18750	2.1	86	19.4	20.8	-1.4	20.8	0.0	20.8	
3.19141	2.1	86	19.3	20.7	-1.4	20.7	0.0	20.7	
3.19531	2.0	86	19.2	20.6	-1.4	20.6	0.0	20.6	
3.19922	1.9	86	19.1	20.5	-1.4	20.5	0.0	20.5	
3.20312	1.8	86	19.0	20.4	-1.4	20.4	0.0	20.4	
3.20703	1.6	87	18.9	20.3	-1.4	20.3	0.0	20.3	
3.21094	1.4	87	18.9	20.3	-1.4	20.3	0.0	20.3	
3.21484	1.3	87	18.8	20.2	-1.4	20.2	0.0	20.2	
3.21875	1.1	87	18.8	20.1	-1.3	20.1	0.0	20.1	
3.22266	0.9	87	18.7	20.0	-1.3	20.0	0.0	20.0	
3.22656	0.8	87	18.7	19.9	-1.2	19.9	0.0	19.9	
3.23047	0.7	87	18.6	19.8	-1.2	19.8	0.0	19.8	
3.23438	0.7	87	18.6	19.7	-1.1	19.7	0.0	19.7	
3.23828	0.6	87	18.6	19.7	-1.1	19.7	0.0	19.7	
3.24219	0.5	87	18.5	19.6	-1.1	19.6	0.0	19.6	
3.24609	0.5	87	18.5	19.5	-1.0	19.5	0.0	19.5	
3.25000	0.5	87	18.5	19.4	-0.9	19.4	0.0	19.4	
3.25391	0.5	87	18.4	19.3	-0.9	19.3	0.0	19.3	
3.25781	0.6	87	18.4	19.2	-0.8	19.2	0.0	19.2	
3.26172	0.7	87	18.4	19.1	-0.7	19.1	0.0	19.1	
3.26562	0.7	87	18.3	19.0	-0.7	19.0	0.0	19.0	
3.26953	0.8	87	18.3	19.0	-0.7	19.0	0.0	19.0	
3.27344	0.8	87	18.3	18.9	-0.6	18.9	0.0	18.9	
3.27734	0.8	87	18.2	18.8	-0.6	18.8	0.0	18.8	
3.28125	0.8	87	18.2	18.7	-0.5	18.7	0.0	18.7	
3.28516	0.8	88	18.1	18.6	-0.5	18.6	0.0	18.6	
3.28906	0.8	88	18.1	18.5	-0.4	18.5	0.0	18.5	
3.29297	0.8	88	18.1	18.4	-0.3	18.4	0.0	18.4	
3.29688	0.8	88	18.0	18.4	-0.4	18.4	0.0	18.4	
3.30078	0.7	88	18.0	18.3	-0.3	18.3	0.0	18.3	
3.30469	0.7	88	18.0	18.2	-0.2	18.2	0.0	18.2	
3.30859	0.6	88	17.9	18.1	-0.2	18.1	0.0	18.1	
3.31250	0.5	88	17.9	18.0	-0.1	18.0	0.0	18.0	
3.31641	0.5	88	17.9	17.9	0.0	17.9	0.0	17.9	
3.32031	0.4	88	17.9	17.9	0.0	17.9	0.0	17.9	
3.32422	0.4	88	17.9	17.8	0.1	17.8	0.0	17.8	
3.32812	0.3	88	17.9	17.7	0.2	17.7	0.0	17.7	
3.33203	0.3	88	17.9	17.7	0.2	17.7	0.0	17.7	
3.33594	0.3	88	17.9	17.6	0.3	17.6	0.0	17.6	
3.33984	0.2	88	17.9	17.5	0.4	17.5	0.0	17.5	
3.34375	0.2	88	17.9	17.5	0.4	17.5	0.0	17.5	
3.34766	0.2	88	17.9	17.4	0.5	17.4	0.0	17.4	
3.35156	0.2	88	17.9	17.4	0.5	17.4	0.0	17.4	
3.35547	0.2	88	17.9	17.3	0.6	17.3	0.0	17.3	
3.35938	0.2	88	18.0	17.2	0.8	17.2	0.0	17.2	
3.36328	0.2	88	18.0	17.2	0.8	17.2	0.0	17.2	
3.36719	0.2	88	18.0	17.1	0.9	17.1	0.0	17.1	
3.37109	0.2	88	18.0	17.1	0.9	17.1	0.0	17.1	
3.37500	0.3	88	18.0	17.1	0.9	17.1	0.0	17.1	
3.37891	0.3	88	18.0	17.0	1.0	17.0	0.0	17.0	
3.38281	0.3	88	18.0	17.0	1.0	17.0	0.0	17.0	
3.38672	0.3	88	18.0	16.9	1.1	16.9	0.0	16.9	
3.39062	0.3	88	18.0	16.9	1.1	16.9	0.0	16.9	
3.39453	0.4	88	18.0	16.8	1.2	16.8	0.0	16.8	
3.39844	0.4	88	18.0	16.8	1.2	16.8	0.0	16.8	
3.40234	0.4	88	18.0	16.8	1.2	16.8	0.0	16.8	
3.40625	0.4	88	18.0	16.7	1.3	16.7	0.0	16.7	
3.41016	0.4	88	18.0	16.7	1.3	16.7	0.0	16.7	
3.41406	0.4	88	18.0	16.7	1.3	16.7	0.0	16.7	
3.41797	0.4	88	18.0	16.6	1.4	16.6	0.0	16.6	
3.42188	0.4	88	17.9	16.6	1.3	16.6	0.0	16.6	
3.42578	0.4	88	17.9	16.6	1.3	16.6	0.0	16.6	
3.42969	0.4	88	17.9	16.6	1.3	16.6	0.0	16.6	
3.43359	0.4	88	17.9	16.5	1.4	16.5	0.0	16.5	
3.43750	0.4	89	17.8	16.5	1.3	16.5	0.0	16.5	
3.44141	0.4	89	17.8	16.5	1.3	16.5	0.0	16.5	
3.44531	0.4	89	17.8	16.4	1.4	16.4	0.0	16.4	
3.44922	0.5	89	17.8	16.4	1.4	16.4	0.0	16.4	
3.45312	0.4	89	17.7	16.4	1.3	16.4	0.0	16.4	
3.45703	0.4	89	17.7	16.4	1.3	16.4	0.0	16.4	
3.46094	0.4	89	17.7	16.3	1.4	16.3	0.0	16.3	
3.46484	0.4	89	17.7	16.3	1.4	16.3	0.0	16.3	
3.46875	0.4	89	17.7	16.3	1.4	16.3	0.0	16.3	
3.47266	0.4	89	17.7	16.2	1.5	16.2	0.0	16.2	
3.47656	0.4	89	17.6	16.2	1.4	16.2	0.0	16.2	
3.48047	0.3	89	17.6	16.2	1.4	16.2	0.0	16.2	
3.48438	0.4	89	17.6	16.2	1.4	16.2	0.0	16.2	
3.48828	0.4	89	17.6	16.1	1.5	16.1	0.0	16.1	
3.49219	0.3	89	17.6	16.1	1.5	16.1	0.0	16.1	
3.49609	0.3	89	17.6	16.1	1.5	16.1	0.0	16.1	
3.50000	0.3	89	17.6	16.0	1.6	16.0	0.0	16.0	
3.50391	0.3	89	17.6	16.0	1.6	16.0	0.0	16.0	
3.50781	0.3	89	17.6	16.0	1.6	16.0	0.0	16.0	
3.51172	0.3	89	17.6	16.0	1.6	16.0	0.0	16.0	
3.51562	0.3	89	17.6	16.0	1.6	16.0	0.0	16.0	
3.51953	0.3	89	17.6	15.9	1.7	15.9	0.0	15.9	
3.52344	0.3	89	17.6	15.9	1.7	15.9	0.0	15.9	
3.52734	0.3	89	17.6	15.9	1.7	15.9	0.0	15.9	
3.53125	0.3	89	17.6	15.9	1.7	15.9	0.0	15.9	
3.53516	0.3	89	17.6	15.9	1.7	15.9	0.0	15.9	
3.53906	0.3	89	17.6	15.9	1.7	15.9	0.0	15.9	
3.54297	0.3	89	17.6	15.9	1.7	15.9	0.0	15.9	
3.54688	0.3	89	17.6	15.9	1.7	15.9	0.0	15.9	
3.55078	0.3	89	17.6	15.9	1.7	15.9	0.0	15.9	
3.55469	0.3	89	17.6	15.8	1.8	15.8	0.0	15.8	
3.55859	0.3	89	17.6	15.8	1.8	15.8	0.0	15.8	
3.56250	0.3	89	17.6	15.9	1.7	15.9	0.0	15.9	
3.56641	0.3	89	17.6	15.8	1.8	15.8	0.0	15.8	
3.57031	0.3	89	17.6	15.8	1.8	15.8	0.0	15.8	
3.57422	0.3	89	17.6	15.8	1.8	15.8	0.0	15.8	
3.57812	0.3	89	17.6	15.8	1.8	15.8	0.0	15.8	
3.58203	0.3	89	17.6	15.8	1.8	15.8	0.0	15.8	
3.58594	0.4	89	17.6	15.8	1.8	15.8	0.0	15.8	
3.58984	0.4	89	17.6	15.8	1.8	15.8	0.0	15.8	
3.59375	0.3	89	17.6	15.8	1.8	15.8	0.0	15.8	
3.59766	0.3	89	17.6	15.8	1.8	15.8	0.0	15.8	
3.60156	0.3	89	17.6	15.8	1.8	15.8	0.0	15.8	
3.60547	0.3	89	17.6	15.8	1.8	15.8	0.0	15.8	
3.60938	0.3	89	17.6	15.8	1.8	15.8	0.0	15.8	
3.61328	0.3	89	17.6	15.8	1.8	15.8	0.0	15.8	
3.61719	0.3	90	17.6	15.8	1.8	15.8	0.0	15.8	
3.62109	0.3	90	17.6	15.8	1.8	15.8	0.0	15.8	
3.62500	0.3	90	17.6	15.8	1.8	15.8	0.0	15.8	
3.62891	0.3	90	17.6	15.8	1.8	15.8	0.0	15.8	
3.63281	0.3	90	17.6	15.8	1.8	15.8	0.0	15.8	
3.63672	0.3	90	17.6	15.8	1.8	15.8	0.0	15.8	
3.64062	0.3	90	17.6	15.8	1.8	15.8	0.0	15.8	
3.64453	0.3	90	17.6	15.7	1.9	15.7	0.0	15.7	
3.64844	0.3	90	17.6	15.8	1.8	15.8	0.0	15.8	
3.65234	0.3	90	17.6	15.8	1.8	15.8	0.0	15.8	
3.65625	0.3	90	17.6	15.8	1.8	15.8	0.0	15.8	
3.66016	0.3	90	17.6	15.8	1.8	15.8	0.0	15.8	
3.66406	0.3	90	17.6	15.8	1.8	15.8	0.0	15.8	
3.66797	0.3	90	17.6	15.8	1.8	15.8	0.0	15.8	
3.67188	0.3	90	17.6	15.8	1.8	15.8	0.0	15.8	
3.67578	0.3	90	17.5	15.8	1.7	15.8	0.0	15.8	
3.67969	0.3	90	17.5	15.8	1.7	15.8	0.0	15.8	
3.68359	0.3	90	17.6	15.8	1.8	15.8	0.0	15.8	
3.68750	0.3	90	17.6	15.8	1.8	15.8	0.0	15.8	
3.69141	0.3	90	17.6	15.8	1.8	15.8	0.0	15.8	
3.69531	0.3	90	17.6	15.8	1.8	15.8	0.0	15.8	
3.69922	0.3	90	17.6	15.8	1.8	15.8	0.0	15.8	
3.70312	0.2	90	17.6	15.8	1.8	15.8	0.0	15.8	
3.70703	0.2	90	17.6	15.8	1.8	15.8	0.0	15.8	
3.71094	0.3	90	17.6	15.8	1.8	15.8	0.0	15.8	
3.71484	0.2	90	17.6	15.8	1.8	15.8	0.0	15.8	
3.71875	0.2	90	17.6	15.8	1.8	15.8	0.0	15.8	
3.72266	0.2	90	17.6	15.8	1.8	15.8	0.0	15.8	
3.72656	0.3	90	17.6	15.8	1.8	15.8	0.0	15.8	
3.73047	0.3	90	17.6	15.8	1.8	15.8	0.0	15.8	
3.73438	0.2	90	17.7	15.8	1.9	15.8	0.0	15.8	
3.73828	0.2	90	17.7	15.8	1.9	15.8	0.0	15.8	
3.74219	0.2	90	17.7	15.8	1.9	15.8	0.0	15.8	
3.74609	0.2	90	17.7	15.7	2.0	15.7	0.0	15.7	
3.75000	0.3	90	17.7	15.7	2.0	15.7	0.0	15.7	
3.75391	0.2	90	17.7	15.7	2.0	15.7	0.0	15.7	
3.75781	0.2	90	17.7	15.7	2.0	15.7	0.0	15.7	
3.76172	0.2	90	17.7	15.7	2.0	15.7	0.0	15.7	
3.76562	0.3	90	17.7	15.7	2.0	15.7	0.0	15.7	
3.76953	0.3	90	17.8	15.7	2.1	15.7	0.0	15.7	
3.77344	0.3	90	17.8	15.7	2.1	15.7	0.0	15.7	
3.77734	0.3	90	17.8	15.6	2.2	15.6	0.0	15.6	
3.78125	0.3	90	17.8	15.6	2.2	15.6	0.0	15.6	
3.78516	0.3	90	17.8	15.6	2.2	15.6	0.0	15.6	
3.78906	0.3	90	17.8	15.6	2.2	15.6	0.0	15.6	
3.79297	0.3	90	17.8	15.6	2.2	15.6	0.0	15.6	
3.79688	0.3	90	17.8	15.5	2.3	15.5	0.0	15.5	
3.80078	0.3	90	17.8	15.5	2.3	15.5	0.0	15.5	
3.80469	0.3	90	17.8	15.5	2.3	15.5	0.0	15.5	
3.80859	0.3	90	17.8	15.5	2.3	15.5	0.0	15.5	
3.81250	0.3	90	17.8	15.5	2.3	15.5	0.0	15.5	
3.81641	0.3	90	17.8	15.5	2.3	15.5	0.0	15.5	
3.82031	0.3	90	17.7	15.5	2.2	15.5	0.0	15.5	
3.82422	0.3	90	17.7	15.5	2.2	15.5	0.0	15.5	
3.82812	0.3	90	17.7	15.5	2.2	15.5	0.0	15.5	
3.83203	0.3	91	17.7	15.5	2.2	15.5	0.0	15.5	
3.83594	0.3	91	17.7	15.4	2.3	15.4	0.0	15.4	
3.83984	0.2	91	17.7	15.4	2.3	15.4	0.0	15.4	
3.84375	0.3	91	17.7	15.4	2.3	15.4	0.0	15.4	
3.84766	0.3	91	17.8	15.5	2.3	15.5	0.0	15.5	
3.85156	0.2	91	17.8	15.5	2.3	15.5	0.0	15.5	
3.85547	0.2	91	17.8	15.5	2.3	15.5	0.0	15.5	
3.85938	0.2	91	17.8	15.5	2.3	15.5	0.0	15.5	
3.86328	0.2	91	17.8	15.5	2.3	15.5	0.0	15.5	
3.86719	0.2	91	17.8	15.5	2.3	15.5	0.0	15.5	
3.87109	0.2	91	17.8	15.5	2.3	15.5	0.0	15.5	
3.87500	0.2	91	17.9	15.5	2.4	15.5	0.0	15.5	
3.87891	0.2	91	17.9	15.5	2.4	15.5	0.0	15.5	
3.88281	0.2	91	17.9	15.5	2.4	15.5	0.0	15.5	
3.88672	0.3	91	17.9	15.5	2.4	15.5	0.0	15.5	
3.89062	0.3	91	17.9	15.6	2.3	15.6	0.0	15.6	
3.89453	0.3	91	17.9	15.6	2.3	15.6	0.0	15.6	
3.89844	0.3	91	17.9	15.6	2.3	15.6	0.0	15.6	
3.90234	0.4	91	17.9	15.6	2.3	15.6	0.0	15.6	
3.90625	0.4	91	17.9	15.6	2.3	15.6	0.0	15.6	
3.91016	0.4	91	17.8	15.6	2.2	15.6	0.0	15.6	
3.91406	0.4	91	17.8	15.6	2.2	15.6	0.0	15.6	
3.91797	0.4	91	17.8	15.6	2.2	15.6	0.0	15.6	
3.92188	0.4	91	17.8	15.6	2.2	15.6	0.0	15.6	
3.92578	0.5	91	17.7	15.6	2.1	15.6	0.0	15.6	
3.92969	0.5	91	17.7	15.6	2.1	15.6	0.0	15.6	
3.93359	0.4	91	17.7	15.6	2.1	15.6	0.0	15.6	
3.93750	0.4	91	17.7	15.5	2.2	15.5	0.0	15.5	
3.94141	0.4	91	17.6	15.5	2.1	15.5	0.0	15.5	
3.94531	0.3	91	17.6	15.5	2.1	15.5	0.0	15.5	
3.94922	0.3	91	17.6	15.5	2.1	15.5	0.0	15.5	
3.95312	0.2	91	17.6	15.5	2.1	15.5	0.0	15.5	
3.95703	0.2	91	17.6	15.4	2.2	15.4	0.0	15.4	
3.96094	0.2	91	17.6	15.4	2.2	15.4	0.0	15.4	
3.96484	0.2	91	17.6	15.4	2.2	15.4	0.0	15.4	
3.96875	0.1	91	17.7	15.4	2.3	15.4	0.0	15.4	
3.97266	0.1	91	17.7	15.4	2.3	15.4	0.0	15.4	
3.97656	0.0	91	17.7	15.4	2.3	15.4	0.0	15.4	
3.98047	0.0	91	17.8	15.3	2.5	15.3	0.0	15.3	
3.98438	0.0	91	17.8	15.3	2.5	15.3	0.0	15.3	
3.98828	0.0	91	17.8	15.3	2.5	15.3	0.0	15.3	
3.99219	0.0	91	17.9	15.3	2.6	15.3	0.0	15.3	
3.99609	0.0	91	17.9	15.3	2.6	15.3	0.0	15.3	
4.00000	0.1	91	17.9	15.3	2.6	15.3	0.0	15.3	
4.00391	0.1	91	18.0	15.3	2.7	15.3	0.0	15.3	
4.00781	0.1	91	18.0	15.3	2.7	15.3	0.0	15.3	
4.01172	0.1	91	18.0	15.3	2.7	15.3	0.0	15.3	
4.01562	0.2	91	18.1	15.3	2.8	15.3	0.0	15.3	
4.01953	0.2	91	18.1	15.3	2.8	15.3	0.0	15.3	
4.02344	0.2	91	18.1	15.3	2.8	15.3	0.0	15.3	
4.02734	0.2	91	18.1	15.3	2.8	15.3	0.0	15.3	
4.03125	0.2	91	18.1	15.3	2.8	15.3	0.0	15.3	
4.03516	0.3	91	18.1	15.3	2.8	15.3	0.0	15.3	
4.03906	0.3	91	18.1	15.3	2.8	15.3	0.0	15.3	
4.04297	0.3	91	18.1	15.3	2.8	15.3	0.0	15.3	
4.04688	0.3	91	18.1	15.3	2.8	15.3	0.0	15.3	
4.05078	0.3	91	18.1	15.3	2.8	15.3	0.0	15.3	
4.05469	0.3	91	18.1	15.3	2.8	15.3	0.0	15.3	
4.05859	0.3	91	18.1	15.3	2.8	15.3	0.0	15.3	
4.06250	0.3	91	18.1	15.3	2.8	15.3	0.0	15.3	
4.06641	0.4	91	18.1	15.3	2.8	15.3	0.0	15.3	
4.07031	0.4	91	18.1	15.3	2.8	15.3	0.0	15.3	
4.07422	0.3	91	18.1	15.3	2.8	15.3	0.0	15.3	
4.07812	0.3	92	18.1	15.3	2.8	15.3	0.0	15.3	
4.08203	0.3	92	18.1	15.3	2.8	15.3	0.0	15.3	
4.08594	0.3	92	18.1	15.3	2.8	15.3	0.0	15.3	
4.08984	0.3	92	18.1	15.3	2.8	15.3	0.0	15.3	
4.09375	0.3	92	18.1	15.3	2.8	15.3	0.0	15.3	
4.09766	0.3	92	18.0	15.3	2.7	15.3	0.0	15.3	
4.10156	0.3	92	18.1	15.3	2.8	15.3	0.0	15.3	
4.10547	0.3	92	18.0	15.3	2.7	15.3	0.0	15.3	
4.10938	0.3	92	18.0	15.3	2.7	15.3	0.0	15.3	
4.11328	0.4	92	18.0	15.3	2.7	15.3	0.0	15.3	
4.11719	0.4	92	18.0	15.3	2.7	15.3	0.0	15.3	
4.12109	0.4	92	18.0	15.3	2.7	15.3	0.0	15.3	
4.12500	0.4	92	18.0	15.3	2.7	15.3	0.0	15.3	
4.12891	0.4	92	17.9	15.3	2.6	15.3	0.0	15.3	
4.13281	0.4	92	17.9	15.3	2.6	15.3	0.0	15.3	
4.13672	0.4	92	17.9	15.3	2.6	15.3	0.0	15.3	
4.14062	0.4	92	17.9	15.3	2.6	15.3	0.0	15.3	
4.14453	0.5	92	17.8	15.3	2.5	15.3	0.0	15.3	
4.14844	0.4	92	17.8	15.3	2.5	15.3	0.0	15.3	
4.15234	0.4	92	17.8	15.3	2.5	15.3	0.0	15.3	
4.15625	0.4	92	17.8	15.3	2.5	15.3	0.0	15.3	
4.16016	0.4	92	17.8	15.2	2.6	15.2	0.0	15.2	
4.16406	0.3	92	17.7	15.2	2.5	15.2	0.0	15.2	
4.16797	0.4	92	17.7	15.2	2.5	15.2	0.0	15.2	
4.17188	0.4	92	17.7	15.2	2.5	15.2	0.0	15.2	
4.17578	0.3	92	17.7	15.2	2.5	15.2	0.0	15.2	
4.17969	0.3	92	17.7	15.2	2.5	15.2	0.0	15.2	
4.18359	0.3	92	17.7	15.2	2.5	15.2	0.0	15.2	
4.18750	0.3	92	17.7	15.2	2.5	15.2	0.0	15.2	
4.19141	0.3	92	17.7	15.2	2.5	15.2	0.0	15.2	
4.19531	0.3	92	17.7	15.2	2.5	15.2	0.0	15.2	
4.19922	0.3	92	17.7	15.2	2.5	15.2	0.0	15.2	
4.20312	0.3	92	17.7	15.2	2.5	15.2	0.0	15.2	
4.20703	0.3	92	17.7	15.2	2.5	15.2	0.0	15.2	
4.21094	0.3	92	17.7	15.3	2.4	15.3	0.0	15.3	
4.21484	0.3	92	17.7	15.3	2.4	15.3	0.0	15.3	
4.21875	0.3	92	17.7	15.3	2.4	15.3	0.0	15.3	
4.22266	0.3	92	17.7	15.3	2.4	15.3	0.0	15.3	
4.22656	0.3	92	17.7	15.3	2.4	15.3	0.0	15.3	
4.23047	0.3	92	17.7	15.3	2.4	15.3	0.0	15.3	
4.23438	0.3	92	17.7	15.3	2.4	15.3	0.0	15.3	
4.23828	0.3	92	17.7	15.3	2.4	15.3	0.0	15.3	
4.24219	0.3	92	17.7	15.4	2.3	15.4	0.0	15.4	
4.24609	0.3	92	17.7	15.4	2.3	15.4	0.0	15.4	
4.25000	0.3	92	17.7	15.4	2.3	15.4	0.0	15.4	
4.25391	0.3	92	17.7	15.4	2.3	15.4	0.0	15.4	
4.25781	0.3	93	17.7	15.4	2.3	15.4	0.0	15.4	
4.26172	0.3	93	17.7	15.4	2.3	15.4	0.0	15.4	
4.26562	0.3	93	17.6	15.4	2.2	15.4	0.0	15.4	
4.26953	0.3	93	17.6	15.4	2.2	15.4	0.0	15.4	
4.27344	0.3	93	17.6	15.4	2.2	15.4	0.0	15.4	
4.27734	0.3	93	17.6	15.4	2.2	15.4	0.0	15.4	
4.28125	0.3	93	17.6	15.4	2.2	15.4	0.0	15.4	
4.28516	0.3	93	17.6	15.4	2.2	15.4	0.0	15.4	
4.28906	0.2	93	17.6	15.4	2.2	15.4	0.0	15.4	
4.29297	0.3	93	17.6	15.4	2.2	15.4	0.0	15.4	
4.29688	0.3	93	17.6	15.4	2.2	15.4	0.0	15.4	
4.30078	0.2	93	17.6	15.4	2.2	15.4	0.0	15.4	
4.30469	0.3	93	17.6	15.5	2.1	15.5	0.0	15.5	
4.30859	0.2	93	17.6	15.5	2.1	15.5	0.0	15.5	
4.31250	0.2	93	17.6	15.5	2.1	15.5	0.0	15.5	
4.31641	0.3	93	17.6	15.5	2.1	15.5	0.0	15.5	
4.32031	0.2	93	17.6	15.5	2.1	15.5	0.0	15.5	
4.32422	0.3	93	17.6	15.5	2.1	15.5	0.0	15.5	
4.32812	0.3	93	17.6	15.5	2.1	15.5	0.0	15.5	
4.33203	0.3	93	17.6	15.5	2.1	15.5	0.0	15.5	
4.33594	0.3	93	17.6	15.5	2.1	15.5	0.0	15.5	
4.33984	0.3	93	17.6	15.5	2.1	15.5	0.0	15.5	
4.34375	0.3	93	17.6	15.5	2.1	15.5	0.0	15.5	
4.34766	0.3	93	17.6	15.6	2.0	15.6	0.0	15.6	
4.35156	0.3	93	17.6	15.6	2.0	15.6	0.0	15.6	
4.35547	0.2	93	17.6	15.6	2.0	15.6	0.0	15.6	
4.35938	0.3	93	17.6	15.6	2.0	15.6	0.0	15.6	
4.36328	0.3	93	17.6	15.6	2.0	15.6	0.0	15.6	
4.36719	0.2	93	17.6	15.6	2.0	15.6	0.0	15.6	
4.37109	0.3	93	17.6	15.6	2.0	15.6	0.0	15.6	
4.37500	0.3	93	17.6	15.6	2.0	15.6	0.0	15.6	
4.37891	0.3	93	17.6	15.6	2.0	15.6	0.0	15.6	
4.38281	0.3	93	17.6	15.6	2.0	15.6	0.0	15.6	
4.38672	0.3	93	17.6	15.6	2.0	15.6	0.0	15.6	
4.39062	0.3	93	17.6	15.6	2.0	15.6	0.0	15.6	
4.39453	0.2	93	17.6	15.7	1.9	15.7	0.0	15.7	
4.39844	0.3	93	17.7	15.7	2.0	15.7	0.0	15.7	
4.40234	0.3	93	17.7	15.7	2.0	15.7	0.0	15.7	
4.40625	0.3	93	17.7	15.7	2.0	15.7	0.0	15.7	
4.41016	0.2	93	17.7	15.6	2.1	15.6	0.0	15.6	
4.41406	0.2	93	17.7	15.7	2.0	15.7	0.0	15.7	
4.41797	0.2	93	17.7	15.7	2.0	15.7	0.0	15.7	
4.42188	0.3	93	17.7	15.7	2.0	15.7	0.0	15.7	
4.42578	0.3	93	17.7	15.6	2.1	15.6	0.0	15.6	
4.42969	0.2	93	17.7	15.6	2.1	15.6	0.0	15.6	
4.43359	0.2	93	17.7	15.6	2.1	15.6	0.0	15.6	
4.43750	0.3	93	17.7	15.6	2.1	15.6	0.0	15.6	
4.44141	0.2	93	17.7	15.6	2.1	15.6	0.0	15.6	
4.44531	0.2	93	17.8	15.6	2.2	15.6	0.0	15.6	
4.44922	0.2	93	17.8	15.6	2.2	15.6	0.0	15.6	
4.45312	0.3	93	17.8	15.6	2.2	15.6	0.0	15.6	
4.45703	0.3	93	17.8	15.6	2.2	15.6	0.0	15.6	
4.46094	0.3	93	17.8	15.5	2.3	15.5	0.0	15.5	
4.46484	0.2	93	17.8	15.5	2.3	15.5	0.0	15.5	
4.46875	0.3	93	17.8	15.5	2.3	15.5	0.0	15.5	
4.47266	0.3	93	17.8	15.5	2.3	15.5	0.0	15.5	
4.47656	0.3	93	17.8	15.5	2.3	15.5	0.0	15.5	
4.48047	0.3	94	17.8	15.5	2.3	15.5	0.0	15.5	
4.48438	0.3	94	17.8	15.5	2.3	15.5	0.0	15.5	
4.48828	0.3	94	17.8	15.5	2.3	15.5	0.0	15.5	
4.49219	0.3	94	17.8	15.5	2.3	15.5	0.0	15.5	
4.49609	0.3	94	17.8	15.5	2.3	15.5	0.0	15.5	
4.50000	0.3	94	17.8	15.4	2.4	15.4	0.0	15.4	
4.50391	0.3	94	17.8	15.4	2.4	15.4	0.0	15.4	
4.50781	0.2	94	17.8	15.4	2.4	15.4	0.0	15.4	
4.51172	0.2	94	17.8	15.4	2.4	15.4	0.0	15.4	
4.51562	0.3	94	17.8	15.4	2.4	15.4	0.0	15.4	
4.51953	0.2	94	17.8	15.4	2.4	15.4	0.0	15.4	
4.52344	0.2	94	17.8	15.4	2.4	15.4	0.0	15.4	
4.52734	0.2	94	17.8	15.4	2.4	15.4	0.0	15.4	
4.53125	0.2	94	17.8	15.4	2.4	15.4	0.0	15.4	
4.53516	0.2	94	17.8	15.4	2.4	15.4	0.0	15.4	
4.53906	0.2	94	17.8	15.5	2.3	15.5	0.0	15.5	
4.54297	0.2	94	17.8	15.5	2.3	15.5	0.0	15.5	
4.54688	0.2	94	17.9	15.5	2.4	15.5	0.0	15.5	
4.55078	0.2	94	17.9	15.5	2.4	15.5	0.0	15.5	
4.55469	0.2	94	17.9	15.5	2.4	15.5	0.0	15.5	
4.55859	0.2	94	17.9	15.5	2.4	15.5	0.0	15.5	
4.56250	0.3	94	17.9	15.5	2.4	15.5	0.0	15.5	
4.56641	0.3	94	17.9	15.6	2.3	15.6	0.0	15.6	
4.57031	0.3	94	17.9	15.6	2.3	15.6	0.0	15.6	
4.57422	0.3	94	17.9	15.6	2.3	15.6	0.0	15.6	
4.57812	0.3	94	17.9	15.6	2.3	15.6	0.0	15.6	
4.58203	0.3	94	17.9	15.6	2.3	15.6	0.0	15.6	
4.58594	0.3	94	17.9	15.6	2.3	15.6	0.0	15.6	
4.58984	0.4	94	17.9	15.6	2.3	15.6	0.0	15.6	
4.59375	0.4	94	17.8	15.6	2.2	15.6	0.0	15.6	
4.59766	0.4	94	17.8	15.6	2.2	15.6	0.0	15.6	
4.60156	0.5	94	17.8	15.6	2.2	15.6	0.0	15.6	
4.60547	0.4	94	17.8	15.6	2.2	15.6	0.0	15.6	
4.60938	0.4	94	17.7	15.6	2.1	15.6	0.0	15.6	
4.61328	0.4	94	17.7	15.6	2.1	15.6	0.0	15.6	
4.61719	0.4	94	17.7	15.6	2.1	15.6	0.0	15.6	
4.62109	0.4	94	17.7	15.6	2.1	15.6	0.0	15.6	
4.62500	0.3	94	17.7	15.5	2.2	15.5	0.0	15.5	
4.62891	0.2	94	17.7	15.5	2.2	15.5	0.0	15.5	
4.63281	0.2	94	17.7	15.5	2.2	15.5	0.0	15.5	
4.63672	0.2	94	17.7	15.5	2.2	15.5	0.0	15.5	
4.64062	0.2	94	17.7	15.4	2.3	15.4	0.0	15.4	
4.64453	0.1	94	17.7	15.4	2.3	15.4	0.0	15.4	
4.64844	0.1	94	17.7	15.4	2.3	15.4	0.0	15.4	
4.65234	0.1	94	17.8	15.4	2.4	15.4	0.0	15.4	
4.65625	0.0	94	17.8	15.4	2.4	15.4	0.0	15.4	
4.66016	0.1	94	17.8	15.4	2.4	15.4	0.0	15.4	
4.66406	0.0	94	17.9	15.4	2.5	15.4	0.0	15.4	
4.66797	0.1	94	17.9	15.4	2.5	15.4	0.0	15.4	
4.67188	0.1	94	17.9	15.4	2.5	15.4	0.0	15.4	
4.67578	0.1	94	18.0	15.3	2.7	15.3	0.0	15.3	
4.67969	0.1	94	18.0	15.3	2.7	15.3	0.0	15.3	
4.68359	0.1	94	18.0	15.3	2.7	15.3	0.0	15.3	
4.68750	0.1	94	18.1	15.3	2.8	15.3	0.0	15.3	
4.69141	0.1	94	18.1	15.3	2.8	15.3	0.0	15.3	
4.69531	0.2	94	18.1	15.3	2.8	15.3	0.0	15.3	
4.69922	0.2	94	18.1	15.3	2.8	15.3	0.0	15.3	
4.70312	0.2	94	18.1	15.3	2.8	15.3	0.0	15.3	
4.70703	0.2	94	18.1	15.3	2.8	15.3	0.0	15.3	
4.71094	0.2	94	18.2	15.3	2.9	15.3	0.0	15.3	
4.71484	0.3	94	18.2	15.3	2.9	15.3	0.0	15.3	
4.71875	0.3	94	18.2	15.3	2.9	15.3	0.0	15.3	
4.72266	0.3	94	18.2	15.3	2.9	15.3	0.0	15.3	
4.72656	0.3	94	18.2	15.3	2.9	15.3	0.0	15.3	
4.73047	0.3	95	18.2	15.3	2.9	15.3	0.0	15.3	
4.73438	0.3	95	18.2	15.3	2.9	15.3	0.0	15.3	
4.73828	0.4	95	18.2	15.3	2.9	15.3	0.0	15.3	
4.74219	0.4	95	18.1	15.3	2.8	15.3	0.0	15.3	
4.74609	0.3	95	18.1	15.3	2.8	15.3	0.0	15.3	
4.75000	0.3	95	18.1	15.3	2.8	15.3	0.0	15.3	
4.75391	0.3	95	18.1	15.3	2.8	15.3	0.0	15.3	
4.75781	0.3	95	18.1	15.3	2.8	15.3	0.0	15.3	
4.76172	0.3	95	18.1	15.3	2.8	15.3	0.0	15.3	
4.76562	0.3	95	18.1	15.3	2.8	15.3	0.0	15.3	
4.76953	0.3	95	18.1	15.3	2.8	15.3	0.0	15.3	
4.77344	0.3	95	18.1	15.3	2.8	15.3	0.0	15.3	
4.77734	0.3	95	18.1	15.3	2.8	15.3	0.0	15.3	
4.78125	0.3	95	18.0	15.3	2.7	15.3	0.0	15.3	
4.78516	0.4	95	18.0	15.3	2.7	15.3	0.0	15.3	
4.78906	0.4	95	18.0	15.3	2.7	15.3	0.0	15.3	
4.79297	0.4	95	18.0	15.3	2.7	15.3	0.0	15.3	
4.79688	0.4	95	18.0	15.3	2.7	15.3	0.0	15.3	
4.80078	0.4	95	18.0	15.3	2.7	15.3	0.0	15.3	
4.80469	0.4	95	17.9	15.3	2.6	15.3	0.0	15.3	
4.80859	0.4	95	17.9	15.3	2.6	15.3	0.0	15.3	
4.81250	0.4	95	17.9	15.3	2.6	15.3	0.0	15.3	
4.81641	0.5	95	17.9	15.3	2.6	15.3	0.0	15.3	
4.82031	0.4	95	17.8	15.3	2.5	15.3	0.0	15.3	
4.82422	0.4	95	17.8	15.3	2.5	15.3	0.0	15.3	
4.82812	0.4	95	17.8	15.3	2.5	15.3	0.0	15.3	
4.83203	0.4	95	17.8	15.3	2.5	15.3	0.0	15.3	
4.83594	0.4	95	17.7	15.3	2.4	15.3	0.0	15.3	
4.83984	0.4	95	17.7	15.3	2.4	15.3	0.0	15.3	
4.84375	0.3	95	17.7	15.3	2.4	15.3	0.0	15.3	
4.84766	0.3	95	17.7	15.3	2.4	15.3	0.0	15.3	
4.85156	0.3	95	17.7	15.3	2.4	15.3	0.0	15.3	
4.85547	0.3	95	17.7	15.3	2.4	15.3	0.0	15.3	
4.85938	0.3	95	17.7	15.3	2.4	15.3	0.0	15.3	
4.86328	0.3	95	17.7	15.3	2.4	15.3	0.0	15.3	
4.86719	0.3	95	17.7	15.2	2.5	15.2	0.0	15.2	
4.87109	0.3	95	17.7	15.3	2.4	15.3	0.0	15.3	
4.87500	0.3	95	17.7	15.3	2.4	15.3	0.0	15.3	
4.87891	0.3	95	17.7	15.3	2.4	15.3	0.0	15.3	
4.88281	0.3	95	17.7	15.3	2.4	15.3	0.0	15.3	
4.88672	0.3	95	17.7	15.3	2.4	15.3	0.0	15.3	
4.89062	0.3	95	17.7	15.3	2.4	15.3	0.0	15.3	
4.89453	0.3	95	17.7	15.3	2.4	15.3	0.0	15.3	
4.89844	0.3	95	17.7	15.3	2.4	15.3	0.0	15.3	
4.90234	0.3	95	17.7	15.3	2.4	15.3	0.0	15.3	
4.90625	0.3	96	17.7	15.3	2.4	15.3	0.0	15.3	
4.91016	0.3	96	17.7	15.3	2.4	15.3	0.0	15.3	
4.91406	0.3	96	17.7	15.3	2.4	15.3	0.0	15.3	
4.91797	0.3	96	17.7	15.3	2.4	15.3	0.0	15.3	
4.92188	0.3	96	17.7	15.3	2.4	15.3	0.0	15.3	
4.92578	0.3	96	17.7	15.4	2.3	15.4	0.0	15.4	
4.92969	0.3	96	17.6	15.4	2.2	15.4	0.0	15.4	
4.93359	0.3	96	17.6	15.4	2.2	15.4	0.0	15.4	
4.93750	0.3	96	17.6	15.4	2.2	15.4	0.0	15.4	
4.94141	0.3	96	17.6	15.4	2.2	15.4	0.0	15.4	
4.94531	0.3	96	17.6	15.4	2.2	15.4	0.0	15.4	
4.94922	0.3	96	17.6	15.4	2.2	15.4	0.0	15.4	
4.95312	0.3	96	17.6	15.4	2.2	15.4	0.0	15.4	
4.95703	0.3	96	17.6	15.4	2.2	15.4	0.0	15.4	
4.96094	0.3	96	17.6	15.4	2.2	15.4	0.0	15.4	
4.96484	0.3	96	17.6	15.4	2.2	15.4	0.0	15.4	
4.96875	0.3	96	17.6	15.5	2.1	15.5	0.0	15.5	
4.97266	0.3	96	17.6	15.5	2.1	15.5	0.0	15.5	
4.97656	0.3	96	17.6	15.5	2.1	15.5	0.0	15.5	
4.98047	0.3	96	17.6	15.5	2.1	15.5	0.0	15.5	
4.98438	0.3	96	17.6	15.5	2.1	15.5	0.0	15.5	
4.98828	0.3	96	17.6	15.5	2.1	15.5	0.0	15.5	
4.99219	0.3	96	17.6	15.5	2.1	15.5	0.0	15.5	
4.99609	0.3	96	17.6	15.5	2.1	15.5	0.0	15.5	
5.00000	0.3	96	17.6	15.5	2.1	15.5	0.0	15.5	
5.00391	0.3	96	17.6	15.5	2.1	15.5	0.0	15.5	
5.00781	0.3	96	17.6	15.5	2.1	15.5	0.0	15.5	
5.01172	0.3	96	17.6	15.6	2.0	15.6	0.0	15.6	
5.01562	0.3	96	17.6	15.6	2.0	15.6	0.0	15.6	
5.01953	0.3	96	17.7	15.6	2.1	15.6	0.0	15.6	
5.02344	0.3	96	17.7	15.6	2.1	15.6	0.0	15.6	
5.02734	0.3	96	17.6	15.6	2.0	15.6	0.0	15.6	
5.03125	0.3	96	17.7	15.6	2.1	15.6	0.0	15.6	
5.03516	0.3	96	17.7	15.6	2.1	15.6	0.0	15.6	
5.03906	0.3	96	17.6	15.6	2.0	15.6	0.0	15.6	
5.04297	0.3	96	17.7	15.6	2.1	15.6	0.0	15.6	
5.04688	0.3	96	17.6	15.6	2.0	15.6	0.0	15.6	
5.05078	0.2	96	17.6	15.6	2.0	15.6	0.0	15.6	
5.05469	0.3	96	17.7	15.7	2.0	15.7	0.0	15.7	
5.05859	0.3	96	17.7	15.7	2.0	15.7	0.0	15.7	
5.06250	0.3	96	17.6	15.7	1.9	15.7	0.0	15.7	
5.06641	0.3	96	17.7	15.7	2.0	15.7	0.0	15.7	
5.07031	0.2	96	17.7	15.7	2.0	15.7	0.0	15.7	
5.07422	0.3	96	17.7	15.7	2.0	15.7	0.0	15.7	
5.07812	0.3	96	17.7	15.7	2.0	15.7	0.0	15.7	
5.08203	0.2	96	17.7	15.7	2.0	15.7	0.0	15.7	
5.08594	0.2	96	17.7	15.7	2.0	15.7	0.0	15.7	
5.08984	0.3	96	17.7	15.7	2.0	15.7	0.0	15.7	
5.09375	0.2	96	17.7	15.7	2.0	15.7	0.0	15.7	
5.09766	0.2	96	17.7	15.7	2.0	15.7	0.0	15.7	
5.10156	0.2	96	17.7	15.7	2.0	15.7	0.0	15.7	
5.10547	0.2	96	17.7	15.7	2.0	15.7	0.0	15.7	
5.10938	0.2	96	17.7	15.7	2.0	15.7	0.0	15.7	
5.11328	0.3	96	17.8	15.7	2.1	15.7	0.0	15.7	
5.11719	0.3	96	17.8	15.7	2.1	15.7	0.0	15.7	
5.12109	0.3	97	17.8	15.6	2.2	15.6	0.0	15.6	
5.12500	0.3	97	17.8	15.6	2.2	15.6	0.0	15.6	
5.12891	0.3	97	17.8	15.6	2.2	15.6	0.0	15.6	
5.13281	0.3	97	17.8	15.6	2.2	15.6	0.0	15.6	
5.13672	0.3	97	17.8	15.6	2.2	15.6	0.0	15.6	
5.14062	0.3	97	17.8	15.6	2.2	15.6	0.0	15.6	
5.14453	0.3	97	17.8	15.6	2.2	15.6	0.0	15.6	
5.14844	0.3	97	17.8	15.6	2.2	15.6	0.0	15.6	
5.15234	0.4	97	17.8	15.5	2.3	15.5	0.0	15.5	
5.15625	0.3	97	17.8	15.5	2.3	15.5	0.0	15.5	
5.16016	0.3	97	17.8	15.5	2.3	15.5	0.0	15.5	
5.16406	0.3	97	17.8	15.5	2.3	15.5	0.0	15.5	
5.16797	0.3	97	17.8	15.5	2.3	15.5	0.0	15.5	
5.17188	0.3	97	17.8	15.5	2.3	15.5	0.0	15.5	
5.17578	0.3	97	17.8	15.5	2.3	15.5	0.0	15.5	
5.17969	0.3	97	17.8	15.5	2.3	15.5	0.0	15.5	
5.18359	0.3	97	17.8	15.5	2.3	15.5	0.0	15.5	
5.18750	0.3	97	17.8	15.5	2.3	15.5	0.0	15.5	
5.19141	0.3	97	17.8	15.4	2.4	15.4	0.0	15.4	
5.19531	0.3	97	17.8	15.5	2.3	15.5	0.0	15.5	
5.19922	0.2	97	17.8	15.5	2.3	15.5	0.0	15.5	
5.20312	0.2	97	17.8	15.5	2.3	15.5	0.0	15.5	
5.20703	0.2	97	17.8	15.5	2.3	15.5	0.0	15.5	
5.21094	0.2	97	17.8	15.5	2.3	15.5	0.0	15.5	
5.21484	0.2	97	17.8	15.5	2.3	15.5	0.0	15.5	
5.21875	0.2	97	17.8	15.5	2.3	15.5	0.0	15.5	
5.22266	0.2	97	17.8	15.5	2.3	15.5	0.0	15.5	
5.22656	0.2	97	17.8	15.6	2.2	15.6	0.0	15.6	
5.23047	0.3	97	17.9	15.6	2.3	15.6	0.0	15.6	
5.23438	0.2	97	17.9	15.6	2.3	15.6	0.0	15.6	
5.23828	0.2	97	17.9	15.6	2.3	15.6	0.0	15.6	
5.24219	0.2	97	17.9	15.6	2.3	15.6	0.0	15.6	
5.24609	0.3	97	17.9	15.6	2.3	15.6	0.0	15.6	
5.25000	0.3	97	17.9	15.6	2.3	15.6	0.0	15.6	
5.25391	0.3	97	17.9	15.7	2.2	15.7	0.0	15.7	
5.25781	0.3	97	17.9	15.7	2.2	15.7	0.0	15.7	
5.26172	0.4	97	17.9	15.7	2.2	15.7	0.0	15.7	
5.26562	0.4	97	17.8	15.7	2.1	15.7	0.0	15.7	
5.26953	0.4	97	17.8	15.7	2.1	15.7	0.0	15.7	
5.27344	0.4	97	17.8	15.7	2.1	15.7	0.0	15.7	
5.27734	0.4	97	17.8	15.7	2.1	15.7	0.0	15.7	
5.28125	0.4	97	17.8	15.7	2.1	15.7	0.0	15.7	
5.28516	0.4	97	17.7	15.7	2.0	15.7	0.0	15.7	
