FluxView - FluxMed acquisition system
Signal file
Serial Number	:
W version:	1.20h-OX-CO2	File version:	1.13
Sampling rate:	256 Hz
Time	Flow	Volume	Paw	Pes	Ptpulm	Pga	Ptdiaf	CO2	
0.00391	1.5	376	2.0	0.5	1.5	0.5	0.0	0.5	
0.00781	1.4	376	1.9	0.5	1.4	0.5	0.0	0.5	
0.01172	1.4	376	1.9	0.4	1.5	0.4	0.0	0.4	
0.01562	1.4	377	1.8	0.3	1.5	0.3	0.0	0.3	
0.01953	1.4	377	1.7	0.2	1.5	0.2	0.0	0.2	
0.02344	1.4	377	1.6	0.2	1.4	0.2	0.0	0.2	
0.02734	1.3	377	1.6	0.1	1.5	0.1	0.0	0.1	
0.03125	1.3	377	1.5	0.0	1.5	0.0	0.0	0.0	
0.03516	1.3	377	1.5	-0.1	1.6	-0.1	0.0	-0.1	
0.03906	1.2	377	1.4	-0.1	1.5	-0.1	0.0	-0.1	
0.04297	1.2	377	1.4	-0.2	1.6	-0.2	0.0	-0.2	
0.04688	1.2	377	1.3	-0.3	1.6	-0.3	0.0	-0.3	
0.05078	1.1	377	1.3	-0.3	1.6	-0.3	0.0	-0.3	
0.05469	1.1	377	1.2	-0.4	1.6	-0.4	0.0	-0.4	
0.05859	1.0	377	1.2	-0.5	1.7	-0.5	0.0	-0.5	
0.06250	0.9	378	1.1	-0.6	1.7	-0.6	0.0	-0.6	
0.06641	0.9	378	1.1	-0.6	1.7	-0.6	0.0	-0.6	
0.07031	0.9	378	1.1	-0.7	1.8	-0.7	0.0	-0.7	
0.07422	0.8	378	1.1	-0.7	1.8	-0.7	0.0	-0.7	
0.07812	0.7	378	1.0	-0.8	1.8	-0.8	0.0	-0.8	
0.08203	0.7	378	1.0	-0.9	1.9	-0.9	0.0	-0.9	
0.08594	0.6	378	1.0	-0.9	1.9	-0.9	0.0	-0.9	
0.08984	0.5	378	1.0	-1.0	2.0	-1.0	0.0	-1.0	
0.09375	0.4	378	1.0	-1.0	2.0	-1.0	0.0	-1.0	
0.09766	0.3	378	1.0	-1.1	2.1	-1.1	0.0	-1.1	
0.10156	0.2	378	1.0	-1.1	2.1	-1.1	0.0	-1.1	
0.10547	0.2	378	1.0	-1.2	2.2	-1.2	0.0	-1.2	
0.10938	0.1	378	1.0	-1.2	2.2	-1.2	0.0	-1.2	
0.11328	0.0	378	1.1	-1.3	2.4	-1.3	0.0	-1.3	
0.11719	-0.1	378	1.1	-1.3	2.4	-1.3	0.0	-1.3	
0.12109	-0.2	378	1.2	-1.3	2.5	-1.3	0.0	-1.3	
0.12500	-0.3	378	1.3	-1.3	2.6	-1.3	0.0	-1.3	
0.12891	-0.5	378	1.4	-1.3	2.7	-1.3	0.0	-1.3	
0.13281	-0.6	378	1.5	-1.4	2.9	-1.4	0.0	-1.4	
0.13672	-0.8	378	1.6	-1.4	3.0	-1.4	0.0	-1.4	
0.14062	-1.1	378	1.8	-1.4	3.2	-1.4	0.0	-1.4	
0.14453	-1.4	378	1.9	-1.4	3.3	-1.4	0.0	-1.4	
0.14844	-1.7	377	2.1	-1.3	3.4	-1.3	0.0	-1.3	
0.15234	-2.1	377	2.3	-1.3	3.6	-1.3	0.0	-1.3	
0.15625	-2.5	377	2.5	-1.3	3.8	-1.3	0.0	-1.3	
0.16016	-3.0	377	2.8	-1.3	4.1	-1.3	0.0	-1.3	
0.16406	-3.5	377	3.0	-1.2	4.2	-1.2	0.0	-1.2	
0.16797	-4.1	377	3.3	-1.2	4.5	-1.2	0.0	-1.2	
0.17188	-4.6	376	3.6	-1.2	4.8	-1.2	0.0	-1.2	
0.17578	-5.1	376	3.9	-1.1	5.0	-1.1	0.0	-1.1	
0.17969	-5.6	376	4.2	-1.0	5.2	-1.0	0.0	-1.0	
0.18359	-6.0	375	4.6	-1.0	5.6	-1.0	0.0	-1.0	
0.18750	-6.5	375	4.9	-0.9	5.8	-0.9	0.0	-0.9	
0.19141	-6.9	374	5.3	-0.8	6.1	-0.8	0.0	-0.8	
0.19531	-7.2	374	5.6	-0.7	6.3	-0.7	0.0	-0.7	
0.19922	-7.4	373	6.0	-0.6	6.6	-0.6	0.0	-0.6	
0.20312	-7.5	373	6.3	-0.5	6.8	-0.5	0.0	-0.5	
0.20703	-7.6	372	6.6	-0.4	7.0	-0.4	0.0	-0.4	
0.21094	-7.6	372	7.0	-0.3	7.3	-0.3	0.0	-0.3	
0.21484	-7.5	371	7.3	-0.1	7.4	-0.1	0.0	-0.1	
0.21875	-7.4	371	7.6	0.0	7.6	0.0	0.0	0.0	
0.22266	-7.2	370	7.9	0.1	7.8	0.1	0.0	0.1	
0.22656	-6.9	370	8.1	0.3	7.8	0.3	0.0	0.3	
0.23047	-6.6	370	8.4	0.4	8.0	0.4	0.0	0.4	
0.23438	-6.2	369	8.6	0.5	8.1	0.5	0.0	0.5	
0.23828	-5.9	369	8.9	0.6	8.3	0.6	0.0	0.6	
0.24219	-5.5	368	9.1	0.8	8.3	0.8	0.0	0.8	
0.24609	-5.1	368	9.2	0.9	8.3	0.9	0.0	0.9	
0.25000	-4.7	368	9.4	1.0	8.4	1.0	0.0	1.0	
0.25391	-4.4	367	9.6	1.1	8.5	1.1	0.0	1.1	
0.25781	-4.0	367	9.7	1.2	8.5	1.2	0.0	1.2	
0.26172	-3.6	367	9.9	1.2	8.7	1.2	0.0	1.2	
0.26562	-3.3	367	10.0	1.3	8.7	1.3	0.0	1.3	
0.26953	-3.1	367	10.1	1.4	8.7	1.4	0.0	1.4	
0.27344	-2.9	366	10.2	1.5	8.7	1.5	0.0	1.5	
0.27734	-2.7	366	10.3	1.5	8.8	1.5	0.0	1.5	
0.28125	-2.5	366	10.5	1.6	8.9	1.6	0.0	1.6	
0.28516	-2.4	366	10.6	1.6	9.0	1.6	0.0	1.6	
0.28906	-2.3	366	10.7	1.7	9.0	1.7	0.0	1.7	
0.29297	-2.3	366	10.8	1.8	9.0	1.8	0.0	1.8	
0.29688	-2.2	365	10.9	1.9	9.0	1.9	0.0	1.9	
0.30078	-2.1	365	11.0	1.9	9.1	1.9	0.0	1.9	
0.30469	-2.1	365	11.0	2.0	9.0	2.0	0.0	2.0	
0.30859	-2.0	365	11.1	2.1	9.0	2.1	0.0	2.1	
0.31250	-1.9	365	11.2	2.1	9.1	2.1	0.0	2.1	
0.31641	-1.8	365	11.3	2.2	9.1	2.2	0.0	2.2	
0.32031	-1.7	365	11.4	2.3	9.1	2.3	0.0	2.3	
0.32422	-1.6	365	11.5	2.4	9.1	2.4	0.0	2.4	
0.32812	-1.6	364	11.5	2.4	9.1	2.4	0.0	2.4	
0.33203	-1.4	364	11.6	2.5	9.1	2.5	0.0	2.5	
0.33594	-1.2	364	11.6	2.6	9.0	2.6	0.0	2.6	
0.33984	-1.1	364	11.7	2.7	9.0	2.7	0.0	2.7	
0.34375	-1.0	364	11.7	2.7	9.0	2.7	0.0	2.7	
0.34766	-0.9	364	11.8	2.8	9.0	2.8	0.0	2.8	
0.35156	-0.8	364	11.8	2.9	8.9	2.9	0.0	2.9	
0.35547	-0.6	364	11.8	3.0	8.8	3.0	0.0	3.0	
0.35938	-0.5	364	11.9	3.1	8.8	3.1	0.0	3.1	
0.36328	-0.5	364	11.9	3.1	8.8	3.1	0.0	3.1	
0.36719	-0.4	364	11.9	3.2	8.7	3.2	0.0	3.2	
0.37109	-0.4	364	12.0	3.3	8.7	3.3	0.0	3.3	
0.37500	-0.3	364	12.0	3.3	8.7	3.3	0.0	3.3	
0.37891	-0.3	364	12.0	3.4	8.6	3.4	0.0	3.4	
0.38281	-0.2	364	12.0	3.5	8.5	3.5	0.0	3.5	
0.38672	-0.2	364	12.1	3.5	8.6	3.5	0.0	3.5	
0.39062	-0.3	364	12.1	3.6	8.5	3.6	0.0	3.6	
0.39453	-0.2	364	12.1	3.7	8.4	3.7	0.0	3.7	
0.39844	-0.2	364	12.1	3.7	8.4	3.7	0.0	3.7	
0.40234	-0.2	364	12.2	3.7	8.5	3.7	0.0	3.7	
0.40625	-0.2	364	12.2	3.8	8.4	3.8	0.0	3.8	
0.41016	-0.2	364	12.2	3.8	8.4	3.8	0.0	3.8	
0.41406	-0.2	364	12.3	3.9	8.4	3.9	0.0	3.9	
0.41797	-0.3	364	12.3	4.0	8.3	4.0	0.0	4.0	
0.42188	-0.2	364	12.3	4.0	8.3	4.0	0.0	4.0	
0.42578	-0.2	364	12.3	4.0	8.3	4.0	0.0	4.0	
0.42969	-0.2	364	12.4	4.1	8.3	4.1	0.0	4.1	
0.43359	-0.2	364	12.4	4.1	8.3	4.1	0.0	4.1	
0.43750	-0.2	364	12.4	4.1	8.3	4.1	0.0	4.1	
0.44141	-0.2	364	12.4	4.2	8.2	4.2	0.0	4.2	
0.44531	-0.1	364	12.5	4.2	8.3	4.2	0.0	4.2	
0.44922	-0.2	364	12.5	4.2	8.3	4.2	0.0	4.2	
0.45312	-0.2	364	12.5	4.3	8.2	4.3	0.0	4.3	
0.45703	-0.1	364	12.5	4.3	8.2	4.3	0.0	4.3	
0.46094	-0.1	364	12.5	4.3	8.2	4.3	0.0	4.3	
0.46484	-0.1	364	12.5	4.4	8.1	4.4	0.0	4.4	
0.46875	-0.1	364	12.6	4.4	8.2	4.4	0.0	4.4	
0.47266	-0.1	364	12.6	4.4	8.2	4.4	0.0	4.4	
0.47656	-0.1	364	12.6	4.5	8.1	4.5	0.0	4.5	
0.48047	-0.1	364	12.6	4.5	8.1	4.5	0.0	4.5	
0.48438	-0.1	364	12.6	4.5	8.1	4.5	0.0	4.5	
0.48828	-0.1	364	12.7	4.6	8.1	4.6	0.0	4.6	
0.49219	-0.1	364	12.7	4.6	8.1	4.6	0.0	4.6	
0.49609	-0.1	363	12.7	4.7	8.0	4.7	0.0	4.7	
0.50000	-0.0	363	12.7	4.7	8.0	4.7	0.0	4.7	
0.50391	-0.1	363	12.7	4.8	7.9	4.8	0.0	4.8	
0.50781	-0.0	363	12.7	4.8	7.9	4.8	0.0	4.8	
0.51172	-0.0	363	12.7	4.8	7.9	4.8	0.0	4.8	
0.51562	-0.0	363	12.7	4.9	7.8	4.9	0.0	4.9	
0.51953	0.0	363	12.7	4.9	7.8	4.9	0.0	4.9	
0.52344	0.0	363	12.7	4.9	7.8	4.9	0.0	4.9	
0.52734	0.1	363	12.7	5.0	7.7	5.0	0.0	5.0	
0.53125	0.1	364	12.7	5.0	7.7	5.0	0.0	5.0	
0.53516	0.1	364	12.7	5.1	7.6	5.1	0.0	5.1	
0.53906	0.1	364	12.7	5.1	7.6	5.1	0.0	5.1	
0.54297	0.1	364	12.7	5.1	7.6	5.1	0.0	5.1	
0.54688	0.1	364	12.7	5.2	7.5	5.2	0.0	5.2	
0.55078	0.1	364	12.7	5.2	7.5	5.2	0.0	5.2	
0.55469	0.1	364	12.7	5.2	7.5	5.2	0.0	5.2	
0.55859	0.1	364	12.7	5.3	7.4	5.3	0.0	5.3	
0.56250	0.1	364	12.6	5.3	7.3	5.3	0.0	5.3	
0.56641	0.1	364	12.6	5.4	7.2	5.4	0.0	5.4	
0.57031	0.1	364	12.6	5.4	7.2	5.4	0.0	5.4	
0.57422	0.1	364	12.6	5.4	7.2	5.4	0.0	5.4	
0.57812	0.1	364	12.6	5.5	7.1	5.5	0.0	5.5	
0.58203	0.1	364	12.6	5.5	7.1	5.5	0.0	5.5	
0.58594	0.1	364	12.6	5.5	7.1	5.5	0.0	5.5	
0.58984	0.1	364	12.6	5.5	7.1	5.5	0.0	5.5	
0.59375	0.1	364	12.6	5.6	7.0	5.6	0.0	5.6	
0.59766	0.1	364	12.6	5.6	7.0	5.6	0.0	5.6	
0.60156	0.1	364	12.6	5.6	7.0	5.6	0.0	5.6	
0.60547	0.1	364	12.6	5.7	6.9	5.7	0.0	5.7	
0.60938	0.1	364	12.6	5.7	6.9	5.7	0.0	5.7	
0.61328	0.1	364	12.5	5.7	6.8	5.7	0.0	5.7	
0.61719	0.1	364	12.5	5.8	6.7	5.8	0.0	5.8	
0.62109	0.1	364	12.5	5.8	6.7	5.8	0.0	5.8	
0.62500	0.1	364	12.5	5.9	6.6	5.9	0.0	5.9	
0.62891	0.1	364	12.5	5.9	6.6	5.9	0.0	5.9	
0.63281	0.1	364	12.5	5.9	6.6	5.9	0.0	5.9	
0.63672	0.1	364	12.5	5.9	6.6	5.9	0.0	5.9	
0.64062	0.1	364	12.5	6.0	6.5	6.0	0.0	6.0	
0.64453	0.1	364	12.5	6.0	6.5	6.0	0.0	6.0	
0.64844	0.1	364	12.5	6.0	6.5	6.0	0.0	6.0	
0.65234	0.0	364	12.5	6.1	6.4	6.1	0.0	6.1	
0.65625	0.1	364	12.5	6.1	6.4	6.1	0.0	6.1	
0.66016	0.0	364	12.5	6.1	6.4	6.1	0.0	6.1	
0.66406	0.0	364	12.5	6.1	6.4	6.1	0.0	6.1	
0.66797	0.1	364	12.5	6.2	6.3	6.2	0.0	6.2	
0.67188	0.1	364	12.5	6.2	6.3	6.2	0.0	6.2	
0.67578	0.1	364	12.5	6.2	6.3	6.2	0.0	6.2	
0.67969	0.1	364	12.5	6.3	6.2	6.3	0.0	6.3	
0.68359	0.1	364	12.5	6.3	6.2	6.3	0.0	6.3	
0.68750	0.0	364	12.5	6.3	6.2	6.3	0.0	6.3	
0.69141	0.1	364	12.5	6.3	6.2	6.3	0.0	6.3	
0.69531	0.1	364	12.5	6.4	6.1	6.4	0.0	6.4	
0.69922	0.1	364	12.5	6.4	6.1	6.4	0.0	6.4	
0.70312	0.1	364	12.5	6.4	6.1	6.4	0.0	6.4	
0.70703	0.1	364	12.5	6.4	6.1	6.4	0.0	6.4	
0.71094	0.1	364	12.5	6.5	6.0	6.5	0.0	6.5	
0.71484	0.1	364	12.5	6.5	6.0	6.5	0.0	6.5	
0.71875	0.1	364	12.5	6.5	6.0	6.5	0.0	6.5	
0.72266	0.1	364	12.5	6.5	6.0	6.5	0.0	6.5	
0.72656	0.1	364	12.5	6.5	6.0	6.5	0.0	6.5	
0.73047	0.1	364	12.5	6.5	6.0	6.5	0.0	6.5	
0.73438	0.1	364	12.5	6.6	5.9	6.6	0.0	6.6	
0.73828	0.1	364	12.5	6.6	5.9	6.6	0.0	6.6	
0.74219	0.1	364	12.5	6.6	5.9	6.6	0.0	6.6	
0.74609	0.1	364	12.5	6.6	5.9	6.6	0.0	6.6	
0.75000	0.1	364	12.5	6.6	5.9	6.6	0.0	6.6	
0.75391	0.1	364	12.5	6.6	5.9	6.6	0.0	6.6	
0.75781	0.1	364	12.5	6.7	5.8	6.7	0.0	6.7	
0.76172	0.1	364	12.5	6.7	5.8	6.7	0.0	6.7	
0.76562	0.1	364	12.5	6.7	5.8	6.7	0.0	6.7	
0.76953	0.1	364	12.5	6.7	5.8	6.7	0.0	6.7	
0.77344	0.1	364	12.5	6.7	5.8	6.7	0.0	6.7	
0.77734	0.1	364	12.4	6.7	5.7	6.7	0.0	6.7	
0.78125	0.1	364	12.4	6.7	5.7	6.7	0.0	6.7	
0.78516	0.1	364	12.4	6.8	5.6	6.8	0.0	6.8	
0.78906	0.1	364	12.4	6.8	5.6	6.8	0.0	6.8	
0.79297	0.1	364	12.4	6.8	5.6	6.8	0.0	6.8	
0.79688	0.1	364	12.4	6.8	5.6	6.8	0.0	6.8	
0.80078	0.1	364	12.4	6.8	5.6	6.8	0.0	6.8	
0.80469	0.1	364	12.4	6.8	5.6	6.8	0.0	6.8	
0.80859	0.1	364	12.5	6.8	5.7	6.8	0.0	6.8	
0.81250	0.1	364	12.4	6.8	5.6	6.8	0.0	6.8	
0.81641	0.1	364	12.4	6.8	5.6	6.8	0.0	6.8	
0.82031	0.1	364	12.5	6.9	5.6	6.9	0.0	6.9	
0.82422	0.1	364	12.5	6.9	5.6	6.9	0.0	6.9	
0.82812	0.1	364	12.5	6.9	5.6	6.9	0.0	6.9	
0.83203	0.1	364	12.4	6.9	5.5	6.9	0.0	6.9	
0.83594	0.1	364	12.5	6.9	5.6	6.9	0.0	6.9	
0.83984	0.1	364	12.5	6.9	5.6	6.9	0.0	6.9	
0.84375	0.1	364	12.5	6.9	5.6	6.9	0.0	6.9	
0.84766	0.1	364	12.5	6.9	5.6	6.9	0.0	6.9	
0.85156	0.0	364	12.5	6.9	5.6	6.9	0.0	6.9	
0.85547	0.0	364	12.5	6.9	5.6	6.9	0.0	6.9	
0.85938	0.1	364	12.5	6.9	5.6	6.9	0.0	6.9	
0.86328	0.1	364	12.5	7.0	5.5	7.0	0.0	7.0	
0.86719	0.1	364	12.5	7.0	5.5	7.0	0.0	7.0	
0.87109	0.1	364	12.5	7.0	5.5	7.0	0.0	7.0	
0.87500	0.0	364	12.5	7.0	5.5	7.0	0.0	7.0	
0.87891	0.1	364	12.5	7.0	5.5	7.0	0.0	7.0	
0.88281	0.1	364	12.5	7.0	5.5	7.0	0.0	7.0	
0.88672	0.1	364	12.5	7.0	5.5	7.0	0.0	7.0	
0.89062	0.1	364	12.5	7.0	5.5	7.0	0.0	7.0	
0.89453	0.0	364	12.5	7.0	5.5	7.0	0.0	7.0	
0.89844	0.0	364	12.5	7.0	5.5	7.0	0.0	7.0	
0.90234	0.1	364	12.5	7.0	5.5	7.0	0.0	7.0	
0.90625	0.1	364	12.5	7.1	5.4	7.1	0.0	7.1	
0.91016	0.1	364	12.5	7.1	5.4	7.1	0.0	7.1	
0.91406	0.1	364	12.5	7.1	5.4	7.1	0.0	7.1	
0.91797	0.0	364	12.5	7.1	5.4	7.1	0.0	7.1	
0.92188	0.1	364	12.5	7.1	5.4	7.1	0.0	7.1	
0.92578	0.1	364	12.5	7.1	5.4	7.1	0.0	7.1	
0.92969	0.1	364	12.5	7.1	5.4	7.1	0.0	7.1	
0.93359	0.1	364	12.5	7.1	5.4	7.1	0.0	7.1	
0.93750	0.1	364	12.5	7.2	5.3	7.2	0.0	7.2	
0.94141	0.1	364	12.6	7.2	5.4	7.2	0.0	7.2	
0.94531	0.1	364	12.6	7.2	5.4	7.2	0.0	7.2	
0.94922	0.1	364	12.6	7.2	5.4	7.2	0.0	7.2	
0.95312	0.1	364	12.6	7.2	5.4	7.2	0.0	7.2	
0.95703	0.1	364	12.6	7.2	5.4	7.2	0.0	7.2	
0.96094	0.1	364	12.6	7.3	5.3	7.3	0.0	7.3	
0.96484	0.1	364	12.6	7.3	5.3	7.3	0.0	7.3	
0.96875	0.1	364	12.6	7.3	5.3	7.3	0.0	7.3	
0.97266	0.1	364	12.6	7.3	5.3	7.3	0.0	7.3	
0.97656	0.0	364	12.6	7.3	5.3	7.3	0.0	7.3	
0.98047	0.0	364	12.6	7.3	5.3	7.3	0.0	7.3	
0.98438	0.0	364	12.6	7.3	5.3	7.3	0.0	7.3	
0.98828	0.0	364	12.6	7.3	5.3	7.3	0.0	7.3	
0.99219	0.0	364	12.6	7.4	5.2	7.4	0.0	7.4	
0.99609	0.0	364	12.6	7.4	5.2	7.4	0.0	7.4	
1.00000	0.0	364	12.6	7.4	5.2	7.4	0.0	7.4	
1.00391	0.1	364	12.7	7.4	5.3	7.4	0.0	7.4	
1.00781	0.0	364	12.7	7.4	5.3	7.4	0.0	7.4	
1.01172	0.0	364	12.7	7.4	5.3	7.4	0.0	7.4	
1.01562	0.0	364	12.7	7.4	5.3	7.4	0.0	7.4	
1.01953	0.0	364	12.7	7.4	5.3	7.4	0.0	7.4	
1.02344	0.1	364	12.7	7.4	5.3	7.4	0.0	7.4	
1.02734	0.0	364	12.7	7.4	5.3	7.4	0.0	7.4	
1.03125	0.0	364	12.7	7.4	5.3	7.4	0.0	7.4	
1.03516	0.1	364	12.7	7.4	5.3	7.4	0.0	7.4	
1.03906	0.1	364	12.7	7.4	5.3	7.4	0.0	7.4	
1.04297	0.1	364	12.7	7.4	5.3	7.4	0.0	7.4	
1.04688	0.1	364	12.7	7.3	5.4	7.3	0.0	7.3	
1.05078	0.1	364	12.7	7.3	5.4	7.3	0.0	7.3	
1.05469	0.2	364	12.7	7.2	5.5	7.2	0.0	7.2	
1.05859	0.1	364	12.7	7.2	5.5	7.2	0.0	7.2	
1.06250	0.1	364	12.6	7.2	5.4	7.2	0.0	7.2	
1.06641	0.1	364	12.6	7.1	5.5	7.1	0.0	7.1	
1.07031	0.1	364	12.6	7.0	5.6	7.0	0.0	7.0	
1.07422	0.1	364	12.6	7.0	5.6	7.0	0.0	7.0	
1.07812	0.1	364	12.6	6.9	5.7	6.9	0.0	6.9	
1.08203	0.1	364	12.6	6.9	5.7	6.9	0.0	6.9	
1.08594	0.1	364	12.6	6.8	5.8	6.8	0.0	6.8	
1.08984	0.0	364	12.6	6.8	5.8	6.8	0.0	6.8	
1.09375	0.0	364	12.7	6.7	6.0	6.7	0.0	6.7	
1.09766	-0.0	364	12.7	6.7	6.0	6.7	0.0	6.7	
1.10156	-0.0	364	12.7	6.6	6.1	6.6	0.0	6.6	
1.10547	-0.0	364	12.7	6.6	6.1	6.6	0.0	6.6	
1.10938	-0.1	364	12.8	6.6	6.2	6.6	0.0	6.6	
1.11328	-0.1	364	12.8	6.5	6.3	6.5	0.0	6.5	
1.11719	-0.1	364	12.8	6.5	6.3	6.5	0.0	6.5	
1.12109	-0.1	364	12.9	6.5	6.4	6.5	0.0	6.5	
1.12500	-0.1	364	12.9	6.4	6.5	6.4	0.0	6.4	
1.12891	-0.1	364	12.9	6.4	6.5	6.4	0.0	6.4	
1.13281	-0.0	364	12.9	6.4	6.5	6.4	0.0	6.4	
1.13672	-0.0	364	12.9	6.4	6.5	6.4	0.0	6.4	
1.14062	0.0	364	12.9	6.4	6.5	6.4	0.0	6.4	
1.14453	0.0	364	12.9	6.4	6.5	6.4	0.0	6.4	
1.14844	0.0	364	12.9	6.3	6.6	6.3	0.0	6.3	
1.15234	0.0	364	12.9	6.3	6.6	6.3	0.0	6.3	
1.15625	0.1	364	12.9	6.3	6.6	6.3	0.0	6.3	
1.16016	0.1	364	12.9	6.3	6.6	6.3	0.0	6.3	
1.16406	0.1	364	12.9	6.3	6.6	6.3	0.0	6.3	
1.16797	0.1	364	12.9	6.3	6.6	6.3	0.0	6.3	
1.17188	0.1	364	12.9	6.2	6.7	6.2	0.0	6.2	
1.17578	0.1	364	12.9	6.2	6.7	6.2	0.0	6.2	
1.17969	0.1	364	12.9	6.2	6.7	6.2	0.0	6.2	
1.18359	0.1	364	12.9	6.2	6.7	6.2	0.0	6.2	
1.18750	0.1	364	12.9	6.2	6.7	6.2	0.0	6.2	
1.19141	0.1	364	12.9	6.2	6.7	6.2	0.0	6.2	
1.19531	0.1	364	12.9	6.1	6.8	6.1	0.0	6.1	
1.19922	0.1	364	12.9	6.1	6.8	6.1	0.0	6.1	
1.20312	0.1	364	12.9	6.1	6.8	6.1	0.0	6.1	
1.20703	0.1	364	12.9	6.1	6.8	6.1	0.0	6.1	
1.21094	0.1	364	12.9	6.1	6.8	6.1	0.0	6.1	
1.21484	0.1	364	12.9	6.1	6.8	6.1	0.0	6.1	
1.21875	0.1	364	12.9	6.1	6.8	6.1	0.0	6.1	
1.22266	0.1	364	12.9	6.0	6.9	6.0	0.0	6.0	
1.22656	0.1	364	12.9	6.0	6.9	6.0	0.0	6.0	
1.23047	0.1	364	12.9	6.0	6.9	6.0	0.0	6.0	
1.23438	0.1	364	12.9	6.0	6.9	6.0	0.0	6.0	
1.23828	0.1	364	12.9	6.0	6.9	6.0	0.0	6.0	
1.24219	0.0	364	12.9	6.0	6.9	6.0	0.0	6.0	
1.24609	0.0	364	12.9	6.0	6.9	6.0	0.0	6.0	
1.25000	0.1	364	12.9	5.9	7.0	5.9	0.0	5.9	
1.25391	0.1	364	12.9	5.9	7.0	5.9	0.0	5.9	
1.25781	0.1	364	12.9	5.9	7.0	5.9	0.0	5.9	
1.26172	0.1	364	12.9	5.9	7.0	5.9	0.0	5.9	
1.26562	0.1	364	12.9	5.9	7.0	5.9	0.0	5.9	
1.26953	0.1	364	12.9	5.9	7.0	5.9	0.0	5.9	
1.27344	0.1	364	13.0	5.9	7.1	5.9	0.0	5.9	
1.27734	0.1	364	13.0	5.9	7.1	5.9	0.0	5.9	
1.28125	0.1	364	13.0	5.9	7.1	5.9	0.0	5.9	
1.28516	0.1	364	13.0	5.9	7.1	5.9	0.0	5.9	
1.28906	0.1	364	13.0	5.9	7.1	5.9	0.0	5.9	
1.29297	0.1	364	13.0	5.9	7.1	5.9	0.0	5.9	
1.29688	0.0	364	13.0	5.9	7.1	5.9	0.0	5.9	
1.30078	0.0	364	13.0	5.9	7.1	5.9	0.0	5.9	
1.30469	0.0	364	13.0	5.9	7.1	5.9	0.0	5.9	
1.30859	0.0	364	13.0	6.0	7.0	6.0	0.0	6.0	
1.31250	0.0	364	13.0	6.0	7.0	6.0	0.0	6.0	
1.31641	0.0	364	13.0	6.0	7.0	6.0	0.0	6.0	
1.32031	0.1	364	13.0	6.0	7.0	6.0	0.0	6.0	
1.32422	0.1	364	13.0	6.0	7.0	6.0	0.0	6.0	
1.32812	0.1	364	13.0	6.1	6.9	6.1	0.0	6.1	
1.33203	0.1	364	13.0	6.1	6.9	6.1	0.0	6.1	
1.33594	0.1	364	13.0	6.1	6.9	6.1	0.0	6.1	
1.33984	0.2	365	13.0	6.1	6.9	6.1	0.0	6.1	
1.34375	0.2	365	13.0	6.1	6.9	6.1	0.0	6.1	
1.34766	0.2	365	13.0	6.2	6.8	6.2	0.0	6.2	
1.35156	0.2	365	12.9	6.2	6.7	6.2	0.0	6.2	
1.35547	0.1	365	12.9	6.2	6.7	6.2	0.0	6.2	
1.35938	0.2	365	12.9	6.2	6.7	6.2	0.0	6.2	
1.36328	0.1	365	12.9	6.2	6.7	6.2	0.0	6.2	
1.36719	0.1	365	12.9	6.2	6.7	6.2	0.0	6.2	
1.37109	0.2	365	12.9	6.2	6.7	6.2	0.0	6.2	
1.37500	0.1	365	12.9	6.2	6.7	6.2	0.0	6.2	
1.37891	0.1	365	12.8	6.2	6.6	6.2	0.0	6.2	
1.38281	0.1	365	12.8	6.3	6.5	6.3	0.0	6.3	
1.38672	0.1	365	12.8	6.3	6.5	6.3	0.0	6.3	
1.39062	0.1	365	12.8	6.3	6.5	6.3	0.0	6.3	
1.39453	0.1	365	12.8	6.3	6.5	6.3	0.0	6.3	
1.39844	0.1	365	12.8	6.3	6.5	6.3	0.0	6.3	
1.40234	0.1	365	12.8	6.4	6.4	6.4	0.0	6.4	
1.40625	0.0	365	12.8	6.4	6.4	6.4	0.0	6.4	
1.41016	0.0	365	12.8	6.4	6.4	6.4	0.0	6.4	
1.41406	0.1	365	12.9	6.4	6.5	6.4	0.0	6.4	
1.41797	0.0	365	12.9	6.5	6.4	6.5	0.0	6.5	
1.42188	0.1	365	12.8	6.5	6.3	6.5	0.0	6.5	
1.42578	0.1	365	12.8	6.5	6.3	6.5	0.0	6.5	
1.42969	0.1	365	12.9	6.5	6.4	6.5	0.0	6.5	
1.43359	0.1	365	12.8	6.5	6.3	6.5	0.0	6.5	
1.43750	0.1	365	12.9	6.6	6.3	6.6	0.0	6.6	
1.44141	0.1	365	12.8	6.6	6.2	6.6	0.0	6.6	
1.44531	0.1	365	12.8	6.6	6.2	6.6	0.0	6.6	
1.44922	0.1	365	12.9	6.6	6.3	6.6	0.0	6.6	
1.45312	0.1	365	12.8	6.7	6.1	6.7	0.0	6.7	
1.45703	0.1	365	12.8	6.7	6.1	6.7	0.0	6.7	
1.46094	0.1	365	12.8	6.7	6.1	6.7	0.0	6.7	
1.46484	0.1	365	12.8	6.7	6.1	6.7	0.0	6.7	
1.46875	0.1	365	12.8	6.7	6.1	6.7	0.0	6.7	
1.47266	0.1	365	12.8	6.7	6.1	6.7	0.0	6.7	
1.47656	0.1	365	12.8	6.7	6.1	6.7	0.0	6.7	
1.48047	0.1	365	12.8	6.8	6.0	6.8	0.0	6.8	
1.48438	0.1	365	12.8	6.8	6.0	6.8	0.0	6.8	
1.48828	0.1	365	12.8	6.8	6.0	6.8	0.0	6.8	
1.49219	0.1	365	12.8	6.8	6.0	6.8	0.0	6.8	
1.49609	0.1	365	12.8	6.8	6.0	6.8	0.0	6.8	
1.50000	0.1	365	12.8	6.8	6.0	6.8	0.0	6.8	
1.50391	0.1	365	12.7	6.8	5.9	6.8	0.0	6.8	
1.50781	0.1	365	12.7	6.9	5.8	6.9	0.0	6.9	
1.51172	0.1	365	12.7	6.9	5.8	6.9	0.0	6.9	
1.51562	0.1	365	12.7	6.9	5.8	6.9	0.0	6.9	
1.51953	0.1	365	12.7	6.9	5.8	6.9	0.0	6.9	
1.52344	0.1	365	12.7	6.9	5.8	6.9	0.0	6.9	
1.52734	0.1	365	12.7	6.9	5.8	6.9	0.0	6.9	
1.53125	0.1	365	12.7	7.0	5.7	7.0	0.0	7.0	
1.53516	0.1	365	12.7	7.0	5.7	7.0	0.0	7.0	
1.53906	0.1	365	12.7	7.0	5.7	7.0	0.0	7.0	
1.54297	0.1	365	12.7	7.0	5.7	7.0	0.0	7.0	
1.54688	0.1	365	12.7	7.0	5.7	7.0	0.0	7.0	
1.55078	0.1	365	12.7	7.0	5.7	7.0	0.0	7.0	
1.55469	0.1	365	12.7	7.0	5.7	7.0	0.0	7.0	
1.55859	0.1	365	12.7	7.0	5.7	7.0	0.0	7.0	
1.56250	0.1	365	12.7	7.0	5.7	7.0	0.0	7.0	
1.56641	0.1	365	12.7	7.0	5.7	7.0	0.0	7.0	
1.57031	0.1	365	12.7	7.1	5.6	7.1	0.0	7.1	
1.57422	0.1	365	12.7	7.1	5.6	7.1	0.0	7.1	
1.57812	0.1	365	12.7	7.1	5.6	7.1	0.0	7.1	
1.58203	0.1	365	12.7	7.1	5.6	7.1	0.0	7.1	
1.58594	0.1	365	12.7	7.1	5.6	7.1	0.0	7.1	
1.58984	0.1	365	12.7	7.1	5.6	7.1	0.0	7.1	
1.59375	0.1	365	12.7	7.1	5.6	7.1	0.0	7.1	
1.59766	0.1	365	12.7	7.1	5.6	7.1	0.0	7.1	
1.60156	0.1	365	12.7	7.2	5.5	7.2	0.0	7.2	
1.60547	0.1	365	12.7	7.1	5.6	7.1	0.0	7.1	
1.60938	0.1	365	12.7	7.2	5.5	7.2	0.0	7.2	
1.61328	0.1	365	12.7	7.2	5.5	7.2	0.0	7.2	
1.61719	0.1	365	12.7	7.2	5.5	7.2	0.0	7.2	
1.62109	0.1	365	12.7	7.2	5.5	7.2	0.0	7.2	
1.62500	0.1	365	12.7	7.2	5.5	7.2	0.0	7.2	
1.62891	0.1	365	12.7	7.2	5.5	7.2	0.0	7.2	
1.63281	0.1	365	12.7	7.2	5.5	7.2	0.0	7.2	
1.63672	0.1	365	12.7	7.2	5.5	7.2	0.0	7.2	
1.64062	0.1	365	12.7	7.2	5.5	7.2	0.0	7.2	
1.64453	0.1	365	12.7	7.2	5.5	7.2	0.0	7.2	
1.64844	0.1	365	12.7	7.2	5.5	7.2	0.0	7.2	
1.65234	0.1	365	12.7	7.2	5.5	7.2	0.0	7.2	
1.65625	0.1	365	12.7	7.2	5.5	7.2	0.0	7.2	
1.66016	0.1	365	12.7	7.2	5.5	7.2	0.0	7.2	
1.66406	0.1	365	12.7	7.3	5.4	7.3	0.0	7.3	
1.66797	0.1	365	12.7	7.3	5.4	7.3	0.0	7.3	
1.67188	0.1	365	12.7	7.3	5.4	7.3	0.0	7.3	
1.67578	0.1	365	12.7	7.3	5.4	7.3	0.0	7.3	
1.67969	0.1	365	12.7	7.3	5.4	7.3	0.0	7.3	
1.68359	0.1	365	12.7	7.3	5.4	7.3	0.0	7.3	
1.68750	0.1	365	12.7	7.3	5.4	7.3	0.0	7.3	
1.69141	0.1	365	12.7	7.3	5.4	7.3	0.0	7.3	
1.69531	0.1	365	12.7	7.3	5.4	7.3	0.0	7.3	
1.69922	0.0	365	12.7	7.3	5.4	7.3	0.0	7.3	
1.70312	0.1	365	12.7	7.3	5.4	7.3	0.0	7.3	
1.70703	0.1	365	12.7	7.3	5.4	7.3	0.0	7.3	
1.71094	0.0	365	12.7	7.3	5.4	7.3	0.0	7.3	
1.71484	0.1	365	12.7	7.4	5.3	7.4	0.0	7.4	
1.71875	0.1	365	12.7	7.4	5.3	7.4	0.0	7.4	
1.72266	0.1	365	12.7	7.4	5.3	7.4	0.0	7.4	
1.72656	0.1	365	12.7	7.4	5.3	7.4	0.0	7.4	
1.73047	0.0	365	12.7	7.4	5.3	7.4	0.0	7.4	
1.73438	0.0	365	12.7	7.4	5.3	7.4	0.0	7.4	
1.73828	0.0	365	12.7	7.4	5.3	7.4	0.0	7.4	
1.74219	0.1	365	12.7	7.4	5.3	7.4	0.0	7.4	
1.74609	0.1	365	12.7	7.5	5.2	7.5	0.0	7.5	
1.75000	0.1	365	12.7	7.5	5.2	7.5	0.0	7.5	
1.75391	0.1	365	12.7	7.5	5.2	7.5	0.0	7.5	
1.75781	0.1	365	12.7	7.5	5.2	7.5	0.0	7.5	
1.76172	0.2	365	12.7	7.5	5.2	7.5	0.0	7.5	
1.76562	0.2	365	12.7	7.5	5.2	7.5	0.0	7.5	
1.76953	0.3	365	12.6	7.5	5.1	7.5	0.0	7.5	
1.77344	0.4	365	12.5	7.5	5.0	7.5	0.0	7.5	
1.77734	0.6	365	12.5	7.5	5.0	7.5	0.0	7.5	
1.78125	0.9	365	12.4	7.5	4.9	7.5	0.0	7.5	
1.78516	1.1	365	12.2	7.5	4.7	7.5	0.0	7.5	
1.78906	1.5	366	12.1	7.5	4.6	7.5	0.0	7.5	
1.79297	1.8	366	11.9	7.4	4.5	7.4	0.0	7.4	
1.79688	2.2	366	11.7	7.4	4.3	7.4	0.0	7.4	
1.80078	2.6	366	11.5	7.4	4.1	7.4	0.0	7.4	
1.80469	3.0	366	11.3	7.3	4.0	7.3	0.0	7.3	
1.80859	3.4	366	11.1	7.3	3.8	7.3	0.0	7.3	
1.81250	3.8	367	10.9	7.2	3.7	7.2	0.0	7.2	
1.81641	4.1	367	10.7	7.2	3.5	7.2	0.0	7.2	
1.82031	4.4	367	10.4	7.1	3.3	7.1	0.0	7.1	
1.82422	4.6	367	10.2	7.0	3.2	7.0	0.0	7.0	
1.82812	4.7	368	10.0	6.9	3.1	6.9	0.0	6.9	
1.83203	4.8	368	9.7	6.8	2.9	6.8	0.0	6.8	
1.83594	4.9	368	9.5	6.6	2.9	6.6	0.0	6.6	
1.83984	4.9	369	9.3	6.5	2.8	6.5	0.0	6.5	
1.84375	4.8	369	9.1	6.4	2.7	6.4	0.0	6.4	
1.84766	4.7	369	8.9	6.2	2.7	6.2	0.0	6.2	
1.85156	4.6	370	8.7	6.1	2.6	6.1	0.0	6.1	
1.85547	4.4	370	8.5	5.9	2.6	5.9	0.0	5.9	
1.85938	4.1	370	8.4	5.8	2.6	5.8	0.0	5.8	
1.86328	3.9	370	8.2	5.6	2.6	5.6	0.0	5.6	
1.86719	3.7	371	8.1	5.4	2.7	5.4	0.0	5.4	
1.87109	3.4	371	8.0	5.3	2.7	5.3	0.0	5.3	
1.87500	3.2	371	7.8	5.1	2.7	5.1	0.0	5.1	
1.87891	3.0	371	7.7	5.0	2.7	5.0	0.0	5.0	
1.88281	2.8	372	7.6	4.8	2.8	4.8	0.0	4.8	
1.88672	2.6	372	7.5	4.7	2.8	4.7	0.0	4.7	
1.89062	2.5	372	7.4	4.5	2.9	4.5	0.0	4.5	
1.89453	2.4	372	7.3	4.4	2.9	4.4	0.0	4.4	
1.89844	2.3	372	7.2	4.3	2.9	4.3	0.0	4.3	
1.90234	2.3	372	7.1	4.1	3.0	4.1	0.0	4.1	
1.90625	2.3	372	7.0	4.0	3.0	4.0	0.0	4.0	
1.91016	2.2	373	6.8	3.8	3.0	3.8	0.0	3.8	
1.91406	2.2	373	6.7	3.7	3.0	3.7	0.0	3.7	
1.91797	2.3	373	6.6	3.6	3.0	3.6	0.0	3.6	
1.92188	2.2	373	6.5	3.5	3.0	3.5	0.0	3.5	
1.92578	2.3	373	6.4	3.3	3.1	3.3	0.0	3.3	
1.92969	2.3	373	6.3	3.2	3.1	3.2	0.0	3.2	
1.93359	2.3	373	6.2	3.1	3.1	3.1	0.0	3.1	
1.93750	2.3	374	6.1	3.0	3.1	3.0	0.0	3.0	
1.94141	2.4	374	5.9	2.8	3.1	2.8	0.0	2.8	
1.94531	2.3	374	5.8	2.7	3.1	2.7	0.0	2.7	
1.94922	2.4	374	5.7	2.6	3.1	2.6	0.0	2.6	
1.95312	2.4	374	5.6	2.5	3.1	2.5	0.0	2.5	
1.95703	2.4	374	5.5	2.4	3.1	2.4	0.0	2.4	
1.96094	2.4	375	5.4	2.2	3.2	2.2	0.0	2.2	
1.96484	2.3	375	5.3	2.1	3.2	2.1	0.0	2.1	
1.96875	2.3	375	5.2	2.0	3.2	2.0	0.0	2.0	
1.97266	2.3	375	5.0	1.9	3.1	1.9	0.0	1.9	
1.97656	2.2	375	5.0	1.8	3.2	1.8	0.0	1.8	
1.98047	2.2	375	4.9	1.7	3.2	1.7	0.0	1.7	
1.98438	2.2	375	4.7	1.6	3.1	1.6	0.0	1.6	
1.98828	2.2	376	4.6	1.4	3.2	1.4	0.0	1.4	
1.99219	2.1	376	4.5	1.3	3.2	1.3	0.0	1.3	
1.99609	2.1	376	4.4	1.2	3.2	1.2	0.0	1.2	
2.00000	2.1	376	4.4	1.1	3.3	1.1	0.0	1.1	
2.00391	2.1	376	4.3	1.0	3.3	1.0	0.0	1.0	
2.00781	2.0	376	4.2	0.9	3.3	0.9	0.0	0.9	
2.01172	2.0	376	4.1	0.8	3.3	0.8	0.0	0.8	
2.01562	1.9	377	4.0	0.7	3.3	0.7	0.0	0.7	
2.01953	1.8	377	3.9	0.7	3.2	0.7	0.0	0.7	
2.02344	1.8	377	3.8	0.6	3.2	0.6	0.0	0.6	
2.02734	1.7	377	3.7	0.5	3.2	0.5	0.0	0.5	
2.03125	1.6	377	3.7	0.4	3.3	0.4	0.0	0.4	
2.03516	1.6	377	3.6	0.3	3.3	0.3	0.0	0.3	
2.03906	1.5	377	3.5	0.2	3.3	0.2	0.0	0.2	
2.04297	1.5	377	3.5	0.1	3.4	0.1	0.0	0.1	
2.04688	1.4	377	3.4	0.0	3.4	0.0	0.0	0.0	
2.05078	1.3	377	3.3	-0.1	3.4	-0.1	0.0	-0.1	
2.05469	1.2	378	3.3	-0.1	3.4	-0.1	0.0	-0.1	
2.05859	1.2	378	3.2	-0.2	3.4	-0.2	0.0	-0.2	
2.06250	1.1	378	3.2	-0.3	3.5	-0.3	0.0	-0.3	
2.06641	1.0	378	3.1	-0.4	3.5	-0.4	0.0	-0.4	
2.07031	1.0	378	3.1	-0.4	3.5	-0.4	0.0	-0.4	
2.07422	0.9	378	3.0	-0.5	3.5	-0.5	0.0	-0.5	
2.07812	0.9	378	3.0	-0.6	3.6	-0.6	0.0	-0.6	
2.08203	0.8	378	3.0	-0.6	3.6	-0.6	0.0	-0.6	
2.08594	0.8	378	2.9	-0.7	3.6	-0.7	0.0	-0.7	
2.08984	0.7	378	2.9	-0.7	3.6	-0.7	0.0	-0.7	
2.09375	0.7	378	2.9	-0.8	3.7	-0.8	0.0	-0.8	
2.09766	0.6	378	2.8	-0.8	3.6	-0.8	0.0	-0.8	
2.10156	0.7	378	2.8	-0.9	3.7	-0.9	0.0	-0.9	
2.10547	0.7	378	2.7	-0.9	3.6	-0.9	0.0	-0.9	
2.10938	0.6	378	2.7	-1.0	3.7	-1.0	0.0	-1.0	
2.11328	0.6	378	2.7	-1.0	3.7	-1.0	0.0	-1.0	
2.11719	0.7	378	2.6	-1.0	3.6	-1.0	0.0	-1.0	
2.12109	0.7	378	2.6	-1.1	3.7	-1.1	0.0	-1.1	
2.12500	0.7	378	2.5	-1.1	3.6	-1.1	0.0	-1.1	
2.12891	0.7	378	2.5	-1.2	3.7	-1.2	0.0	-1.2	
2.13281	0.7	379	2.4	-1.2	3.6	-1.2	0.0	-1.2	
2.13672	0.7	379	2.4	-1.2	3.6	-1.2	0.0	-1.2	
2.14062	0.7	379	2.4	-1.3	3.7	-1.3	0.0	-1.3	
2.14453	0.7	379	2.3	-1.3	3.6	-1.3	0.0	-1.3	
2.14844	0.7	379	2.3	-1.4	3.7	-1.4	0.0	-1.4	
2.15234	0.6	379	2.3	-1.4	3.7	-1.4	0.0	-1.4	
2.15625	0.6	379	2.2	-1.4	3.6	-1.4	0.0	-1.4	
2.16016	0.5	379	2.2	-1.5	3.7	-1.5	0.0	-1.5	
2.16406	0.5	379	2.2	-1.5	3.7	-1.5	0.0	-1.5	
2.16797	0.4	379	2.2	-1.5	3.7	-1.5	0.0	-1.5	
2.17188	0.3	379	2.2	-1.6	3.8	-1.6	0.0	-1.6	
2.17578	0.2	379	2.2	-1.6	3.8	-1.6	0.0	-1.6	
2.17969	0.1	379	2.3	-1.6	3.9	-1.6	0.0	-1.6	
2.18359	0.0	379	2.3	-1.6	3.9	-1.6	0.0	-1.6	
2.18750	-0.1	379	2.4	-1.7	4.1	-1.7	0.0	-1.7	
2.19141	-0.2	379	2.4	-1.7	4.1	-1.7	0.0	-1.7	
2.19531	-0.3	379	2.5	-1.7	4.2	-1.7	0.0	-1.7	
2.19922	-0.5	379	2.6	-1.7	4.3	-1.7	0.0	-1.7	
2.20312	-0.6	379	2.7	-1.7	4.4	-1.7	0.0	-1.7	
2.20703	-0.8	379	2.8	-1.7	4.5	-1.7	0.0	-1.7	
2.21094	-1.1	379	3.0	-1.7	4.7	-1.7	0.0	-1.7	
2.21484	-1.3	379	3.1	-1.7	4.8	-1.7	0.0	-1.7	
2.21875	-1.6	379	3.3	-1.7	5.0	-1.7	0.0	-1.7	
2.22266	-2.0	378	3.5	-1.6	5.1	-1.6	0.0	-1.6	
2.22656	-2.3	378	3.6	-1.6	5.2	-1.6	0.0	-1.6	
2.23047	-2.6	378	3.9	-1.6	5.5	-1.6	0.0	-1.6	
2.23438	-3.0	378	4.1	-1.5	5.6	-1.5	0.0	-1.5	
2.23828	-3.5	378	4.3	-1.5	5.8	-1.5	0.0	-1.5	
2.24219	-3.9	377	4.6	-1.4	6.0	-1.4	0.0	-1.4	
2.24609	-4.3	377	4.8	-1.3	6.1	-1.3	0.0	-1.3	
2.25000	-4.7	377	5.1	-1.3	6.4	-1.3	0.0	-1.3	
2.25391	-5.0	376	5.4	-1.2	6.6	-1.2	0.0	-1.2	
2.25781	-5.4	376	5.7	-1.1	6.8	-1.1	0.0	-1.1	
2.26172	-5.8	376	6.0	-1.0	7.0	-1.0	0.0	-1.0	
2.26562	-6.1	375	6.3	-0.9	7.2	-0.9	0.0	-0.9	
2.26953	-6.3	375	6.6	-0.8	7.4	-0.8	0.0	-0.8	
2.27344	-6.5	375	6.9	-0.7	7.6	-0.7	0.0	-0.7	
2.27734	-6.6	374	7.2	-0.5	7.7	-0.5	0.0	-0.5	
2.28125	-6.6	374	7.5	-0.4	7.9	-0.4	0.0	-0.4	
2.28516	-6.7	373	7.8	-0.3	8.1	-0.3	0.0	-0.3	
2.28906	-6.6	373	8.1	-0.2	8.3	-0.2	0.0	-0.2	
2.29297	-6.5	372	8.4	-0.0	8.4	-0.0	0.0	-0.0	
2.29688	-6.4	372	8.7	0.1	8.6	0.1	0.0	0.1	
2.30078	-6.2	372	8.9	0.2	8.7	0.2	0.0	0.2	
2.30469	-5.9	371	9.1	0.4	8.7	0.4	0.0	0.4	
2.30859	-5.7	371	9.3	0.5	8.8	0.5	0.0	0.5	
2.31250	-5.4	370	9.5	0.6	8.9	0.6	0.0	0.6	
2.31641	-5.0	370	9.7	0.8	8.9	0.8	0.0	0.8	
2.32031	-4.7	370	9.9	0.9	9.0	0.9	0.0	0.9	
2.32422	-4.4	370	10.1	1.0	9.1	1.0	0.0	1.0	
2.32812	-4.0	369	10.2	1.2	9.0	1.2	0.0	1.2	
2.33203	-3.7	369	10.4	1.3	9.1	1.3	0.0	1.3	
2.33594	-3.4	369	10.5	1.4	9.1	1.4	0.0	1.4	
2.33984	-3.1	369	10.6	1.6	9.0	1.6	0.0	1.6	
2.34375	-2.8	368	10.7	1.7	9.0	1.7	0.0	1.7	
2.34766	-2.6	368	10.8	1.8	9.0	1.8	0.0	1.8	
2.35156	-2.3	368	10.9	1.9	9.0	1.9	0.0	1.9	
2.35547	-2.1	368	11.0	2.0	9.0	2.0	0.0	2.0	
2.35938	-2.0	368	11.1	2.1	9.0	2.1	0.0	2.1	
2.36328	-1.9	368	11.2	2.3	8.9	2.3	0.0	2.3	
2.36719	-1.7	368	11.2	2.4	8.8	2.4	0.0	2.4	
2.37109	-1.6	367	11.3	2.5	8.8	2.5	0.0	2.5	
2.37500	-1.5	367	11.4	2.6	8.8	2.6	0.0	2.6	
2.37891	-1.3	367	11.4	2.7	8.7	2.7	0.0	2.7	
2.38281	-1.3	367	11.5	2.8	8.7	2.8	0.0	2.8	
2.38672	-1.2	367	11.6	2.9	8.7	2.9	0.0	2.9	
2.39062	-1.1	367	11.6	3.0	8.6	3.0	0.0	3.0	
2.39453	-1.1	367	11.6	3.1	8.5	3.1	0.0	3.1	
2.39844	-0.9	367	11.7	3.2	8.5	3.2	0.0	3.2	
2.40234	-0.9	367	11.7	3.3	8.4	3.3	0.0	3.3	
2.40625	-0.8	367	11.8	3.4	8.4	3.4	0.0	3.4	
2.41016	-0.7	367	11.8	3.5	8.3	3.5	0.0	3.5	
2.41406	-0.7	367	11.9	3.6	8.3	3.6	0.0	3.6	
2.41797	-0.7	367	11.9	3.7	8.2	3.7	0.0	3.7	
2.42188	-0.6	367	11.9	3.7	8.2	3.7	0.0	3.7	
2.42578	-0.5	367	12.0	3.8	8.2	3.8	0.0	3.8	
2.42969	-0.5	367	12.0	3.9	8.1	3.9	0.0	3.9	
2.43359	-0.5	367	12.0	4.0	8.0	4.0	0.0	4.0	
2.43750	-0.4	367	12.1	4.1	8.0	4.1	0.0	4.1	
2.44141	-0.4	366	12.1	4.1	8.0	4.1	0.0	4.1	
2.44531	-0.4	366	12.1	4.2	7.9	4.2	0.0	4.2	
2.44922	-0.3	366	12.1	4.3	7.8	4.3	0.0	4.3	
2.45312	-0.3	366	12.2	4.3	7.9	4.3	0.0	4.3	
2.45703	-0.2	366	12.2	4.4	7.8	4.4	0.0	4.4	
2.46094	-0.2	366	12.2	4.5	7.7	4.5	0.0	4.5	
2.46484	-0.2	366	12.2	4.5	7.7	4.5	0.0	4.5	
2.46875	-0.2	366	12.2	4.6	7.6	4.6	0.0	4.6	
2.47266	-0.2	366	12.3	4.6	7.7	4.6	0.0	4.6	
2.47656	-0.2	366	12.3	4.7	7.6	4.7	0.0	4.7	
2.48047	-0.1	366	12.3	4.8	7.5	4.8	0.0	4.8	
2.48438	-0.2	366	12.3	4.8	7.5	4.8	0.0	4.8	
2.48828	-0.2	366	12.3	4.9	7.4	4.9	0.0	4.9	
2.49219	-0.1	366	12.4	5.0	7.4	5.0	0.0	5.0	
2.49609	-0.1	366	12.4	5.0	7.4	5.0	0.0	5.0	
2.50000	-0.2	366	12.4	5.1	7.3	5.1	0.0	5.1	
2.50391	-0.1	366	12.4	5.1	7.3	5.1	0.0	5.1	
2.50781	-0.1	366	12.4	5.2	7.2	5.2	0.0	5.2	
2.51172	-0.1	366	12.4	5.3	7.1	5.3	0.0	5.3	
2.51562	-0.1	366	12.5	5.3	7.2	5.3	0.0	5.3	
2.51953	-0.1	366	12.5	5.4	7.1	5.4	0.0	5.4	
2.52344	-0.1	366	12.5	5.4	7.1	5.4	0.0	5.4	
2.52734	-0.1	366	12.5	5.5	7.0	5.5	0.0	5.5	
2.53125	-0.1	366	12.5	5.5	7.0	5.5	0.0	5.5	
2.53516	-0.1	366	12.5	5.6	6.9	5.6	0.0	5.6	
2.53906	-0.1	366	12.5	5.6	6.9	5.6	0.0	5.6	
2.54297	-0.1	366	12.5	5.7	6.8	5.7	0.0	5.7	
2.54688	-0.1	366	12.5	5.7	6.8	5.7	0.0	5.7	
2.55078	-0.1	366	12.6	5.8	6.8	5.8	0.0	5.8	
2.55469	-0.1	366	12.6	5.8	6.8	5.8	0.0	5.8	
2.55859	-0.1	366	12.6	5.9	6.7	5.9	0.0	5.9	
2.56250	-0.1	366	12.6	5.9	6.7	5.9	0.0	5.9	
2.56641	-0.1	366	12.7	6.0	6.7	6.0	0.0	6.0	
2.57031	-0.0	366	12.7	6.0	6.7	6.0	0.0	6.0	
2.57422	-0.0	366	12.7	6.0	6.7	6.0	0.0	6.0	
2.57812	-0.1	366	12.7	6.1	6.6	6.1	0.0	6.1	
2.58203	-0.0	366	12.7	6.1	6.6	6.1	0.0	6.1	
2.58594	-0.0	366	12.7	6.1	6.6	6.1	0.0	6.1	
2.58984	-0.1	366	12.7	6.2	6.5	6.2	0.0	6.2	
2.59375	-0.0	366	12.7	6.2	6.5	6.2	0.0	6.2	
2.59766	0.0	366	12.7	6.2	6.5	6.2	0.0	6.2	
2.60156	-0.0	366	12.7	6.3	6.4	6.3	0.0	6.3	
2.60547	0.0	366	12.7	6.3	6.4	6.3	0.0	6.3	
2.60938	0.1	366	12.7	6.3	6.4	6.3	0.0	6.3	
2.61328	0.1	366	12.7	6.3	6.4	6.3	0.0	6.3	
2.61719	0.0	366	12.7	6.3	6.4	6.3	0.0	6.3	
2.62109	0.1	366	12.7	6.3	6.4	6.3	0.0	6.3	
2.62500	0.1	366	12.7	6.3	6.4	6.3	0.0	6.3	
2.62891	0.1	366	12.7	6.3	6.4	6.3	0.0	6.3	
2.63281	0.1	366	12.7	6.3	6.4	6.3	0.0	6.3	
2.63672	0.1	366	12.7	6.3	6.4	6.3	0.0	6.3	
2.64062	0.1	366	12.7	6.2	6.5	6.2	0.0	6.2	
2.64453	0.1	366	12.7	6.2	6.5	6.2	0.0	6.2	
2.64844	0.1	366	12.7	6.1	6.6	6.1	0.0	6.1	
2.65234	0.1	366	12.7	6.1	6.6	6.1	0.0	6.1	
2.65625	0.0	366	12.7	6.1	6.6	6.1	0.0	6.1	
2.66016	0.0	366	12.7	6.0	6.7	6.0	0.0	6.0	
2.66406	-0.0	366	12.7	6.0	6.7	6.0	0.0	6.0	
2.66797	-0.1	366	12.7	6.0	6.7	6.0	0.0	6.0	
2.67188	-0.0	366	12.8	5.9	6.9	5.9	0.0	5.9	
2.67578	-0.1	366	12.8	5.9	6.9	5.9	0.0	5.9	
2.67969	-0.1	366	12.8	5.9	6.9	5.9	0.0	5.9	
2.68359	-0.1	366	12.9	5.9	7.0	5.9	0.0	5.9	
2.68750	-0.1	366	12.9	5.8	7.1	5.8	0.0	5.8	
2.69141	-0.2	366	12.9	5.8	7.1	5.8	0.0	5.8	
2.69531	-0.2	366	12.9	5.8	7.1	5.8	0.0	5.8	
2.69922	-0.2	366	13.0	5.8	7.2	5.8	0.0	5.8	
2.70312	-0.1	366	13.0	5.8	7.2	5.8	0.0	5.8	
2.70703	-0.1	366	13.0	5.8	7.2	5.8	0.0	5.8	
2.71094	-0.1	366	13.0	5.8	7.2	5.8	0.0	5.8	
2.71484	-0.1	366	13.0	5.8	7.2	5.8	0.0	5.8	
2.71875	-0.0	366	13.0	5.8	7.2	5.8	0.0	5.8	
2.72266	0.0	366	13.0	5.8	7.2	5.8	0.0	5.8	
2.72656	0.0	366	13.0	5.8	7.2	5.8	0.0	5.8	
2.73047	0.0	366	13.0	5.8	7.2	5.8	0.0	5.8	
2.73438	0.1	366	13.0	5.8	7.2	5.8	0.0	5.8	
2.73828	0.1	366	13.0	5.8	7.2	5.8	0.0	5.8	
2.74219	0.1	366	13.0	5.8	7.2	5.8	0.0	5.8	
2.74609	0.1	366	13.0	5.8	7.2	5.8	0.0	5.8	
2.75000	0.1	366	13.0	5.7	7.3	5.7	0.0	5.7	
2.75391	0.1	366	13.0	5.7	7.3	5.7	0.0	5.7	
2.75781	0.1	366	13.0	5.7	7.3	5.7	0.0	5.7	
2.76172	0.1	366	13.0	5.7	7.3	5.7	0.0	5.7	
2.76562	0.1	366	13.0	5.7	7.3	5.7	0.0	5.7	
2.76953	0.1	366	13.0	5.7	7.3	5.7	0.0	5.7	
2.77344	0.1	366	13.0	5.7	7.3	5.7	0.0	5.7	
2.77734	0.1	366	13.0	5.7	7.3	5.7	0.0	5.7	
2.78125	0.0	366	13.0	5.7	7.3	5.7	0.0	5.7	
2.78516	0.0	366	13.0	5.7	7.3	5.7	0.0	5.7	
2.78906	0.0	366	13.1	5.7	7.4	5.7	0.0	5.7	
2.79297	0.1	366	13.1	5.7	7.4	5.7	0.0	5.7	
2.79688	0.1	366	13.1	5.7	7.4	5.7	0.0	5.7	
2.80078	0.0	366	13.1	5.7	7.4	5.7	0.0	5.7	
2.80469	0.0	366	13.1	5.6	7.5	5.6	0.0	5.6	
2.80859	0.1	366	13.1	5.6	7.5	5.6	0.0	5.6	
2.81250	0.1	366	13.1	5.6	7.5	5.6	0.0	5.6	
2.81641	0.1	366	13.1	5.6	7.5	5.6	0.0	5.6	
2.82031	0.1	366	13.1	5.6	7.5	5.6	0.0	5.6	
2.82422	0.1	366	13.1	5.6	7.5	5.6	0.0	5.6	
2.82812	0.1	366	13.1	5.6	7.5	5.6	0.0	5.6	
2.83203	0.1	366	13.1	5.6	7.5	5.6	0.0	5.6	
2.83594	0.1	366	13.1	5.6	7.5	5.6	0.0	5.6	
2.83984	0.1	366	13.1	5.6	7.5	5.6	0.0	5.6	
2.84375	0.1	366	13.1	5.6	7.5	5.6	0.0	5.6	
2.84766	0.1	366	13.1	5.6	7.5	5.6	0.0	5.6	
2.85156	0.0	366	13.1	5.6	7.5	5.6	0.0	5.6	
2.85547	0.0	366	13.1	5.6	7.5	5.6	0.0	5.6	
2.85938	0.1	366	13.1	5.6	7.5	5.6	0.0	5.6	
2.86328	0.1	366	13.1	5.6	7.5	5.6	0.0	5.6	
2.86719	0.1	366	13.1	5.6	7.5	5.6	0.0	5.6	
2.87109	0.1	366	13.1	5.6	7.5	5.6	0.0	5.6	
2.87500	0.1	366	13.1	5.6	7.5	5.6	0.0	5.6	
2.87891	0.0	366	13.1	5.7	7.4	5.7	0.0	5.7	
2.88281	0.0	366	13.2	5.7	7.5	5.7	0.0	5.7	
2.88672	0.1	366	13.2	5.7	7.5	5.7	0.0	5.7	
2.89062	0.0	366	13.2	5.7	7.5	5.7	0.0	5.7	
2.89453	0.1	366	13.2	5.7	7.5	5.7	0.0	5.7	
2.89844	0.1	366	13.2	5.7	7.5	5.7	0.0	5.7	
2.90234	0.1	366	13.1	5.8	7.3	5.8	0.0	5.8	
2.90625	0.1	366	13.1	5.8	7.3	5.8	0.0	5.8	
2.91016	0.1	366	13.1	5.8	7.3	5.8	0.0	5.8	
2.91406	0.1	366	13.1	5.8	7.3	5.8	0.0	5.8	
2.91797	0.1	366	13.1	5.9	7.2	5.9	0.0	5.9	
2.92188	0.1	366	13.1	5.9	7.2	5.9	0.0	5.9	
2.92578	0.1	366	13.1	5.9	7.2	5.9	0.0	5.9	
2.92969	0.1	366	13.1	5.9	7.2	5.9	0.0	5.9	
2.93359	0.1	366	13.0	5.9	7.1	5.9	0.0	5.9	
2.93750	0.1	366	13.0	6.0	7.0	6.0	0.0	6.0	
2.94141	0.1	366	13.0	6.0	7.0	6.0	0.0	6.0	
2.94531	0.1	366	13.0	6.0	7.0	6.0	0.0	6.0	
2.94922	0.1	366	13.0	6.0	7.0	6.0	0.0	6.0	
2.95312	0.1	366	13.0	6.0	7.0	6.0	0.0	6.0	
2.95703	0.1	366	13.0	6.1	6.9	6.1	0.0	6.1	
2.96094	0.1	366	13.0	6.1	6.9	6.1	0.0	6.1	
2.96484	0.1	366	13.0	6.1	6.9	6.1	0.0	6.1	
2.96875	0.1	366	13.0	6.1	6.9	6.1	0.0	6.1	
2.97266	0.1	366	13.0	6.1	6.9	6.1	0.0	6.1	
2.97656	0.1	366	13.0	6.2	6.8	6.2	0.0	6.2	
2.98047	0.0	366	13.0	6.2	6.8	6.2	0.0	6.2	
2.98438	0.1	366	13.0	6.2	6.8	6.2	0.0	6.2	
2.98828	0.1	367	13.0	6.2	6.8	6.2	0.0	6.2	
2.99219	0.1	367	13.0	6.2	6.8	6.2	0.0	6.2	
2.99609	0.1	367	13.0	6.3	6.7	6.3	0.0	6.3	
3.00000	0.1	367	13.0	6.3	6.7	6.3	0.0	6.3	
3.00391	0.1	367	13.0	6.3	6.7	6.3	0.0	6.3	
3.00781	0.1	367	13.0	6.3	6.7	6.3	0.0	6.3	
3.01172	0.0	367	13.0	6.4	6.6	6.4	0.0	6.4	
3.01562	0.1	367	13.0	6.4	6.6	6.4	0.0	6.4	
3.01953	0.1	367	13.0	6.4	6.6	6.4	0.0	6.4	
3.02344	0.1	367	13.0	6.4	6.6	6.4	0.0	6.4	
3.02734	0.1	367	13.0	6.5	6.5	6.5	0.0	6.5	
3.03125	0.1	367	12.9	6.5	6.4	6.5	0.0	6.5	
3.03516	0.1	367	12.9	6.5	6.4	6.5	0.0	6.5	
3.03906	0.1	367	12.9	6.5	6.4	6.5	0.0	6.5	
3.04297	0.1	367	12.9	6.5	6.4	6.5	0.0	6.5	
3.04688	0.1	367	12.9	6.6	6.3	6.6	0.0	6.6	
3.05078	0.1	367	12.9	6.6	6.3	6.6	0.0	6.6	
3.05469	0.1	367	12.9	6.6	6.3	6.6	0.0	6.6	
3.05859	0.1	367	12.9	6.6	6.3	6.6	0.0	6.6	
3.06250	0.1	367	12.8	6.6	6.2	6.6	0.0	6.6	
3.06641	0.1	367	12.8	6.6	6.2	6.6	0.0	6.6	
3.07031	0.1	367	12.8	6.7	6.1	6.7	0.0	6.7	
3.07422	0.1	367	12.8	6.7	6.1	6.7	0.0	6.7	
3.07812	0.1	367	12.8	6.7	6.1	6.7	0.0	6.7	
3.08203	0.1	367	12.8	6.7	6.1	6.7	0.0	6.7	
3.08594	0.1	367	12.8	6.7	6.1	6.7	0.0	6.7	
3.08984	0.1	367	12.8	6.7	6.1	6.7	0.0	6.7	
3.09375	0.2	367	12.7	6.7	6.0	6.7	0.0	6.7	
3.09766	0.1	367	12.7	6.8	5.9	6.8	0.0	6.8	
3.10156	0.1	367	12.7	6.8	5.9	6.8	0.0	6.8	
3.10547	0.1	367	12.7	6.8	5.9	6.8	0.0	6.8	
3.10938	0.1	367	12.7	6.8	5.9	6.8	0.0	6.8	
3.11328	0.1	367	12.7	6.8	5.9	6.8	0.0	6.8	
3.11719	0.1	367	12.7	6.8	5.9	6.8	0.0	6.8	
3.12109	0.1	367	12.7	6.8	5.9	6.8	0.0	6.8	
3.12500	0.1	367	12.7	6.8	5.9	6.8	0.0	6.8	
3.12891	0.1	367	12.7	6.8	5.9	6.8	0.0	6.8	
3.13281	0.1	367	12.7	6.9	5.8	6.9	0.0	6.9	
3.13672	0.1	367	12.7	6.9	5.8	6.9	0.0	6.9	
3.14062	0.1	367	12.7	6.9	5.8	6.9	0.0	6.9	
3.14453	0.1	367	12.7	6.9	5.8	6.9	0.0	6.9	
3.14844	0.1	367	12.7	6.9	5.8	6.9	0.0	6.9	
3.15234	0.1	367	12.7	6.9	5.8	6.9	0.0	6.9	
3.15625	0.1	367	12.7	6.9	5.8	6.9	0.0	6.9	
3.16016	0.1	367	12.7	6.9	5.8	6.9	0.0	6.9	
3.16406	0.0	367	12.7	6.9	5.8	6.9	0.0	6.9	
3.16797	0.1	367	12.7	6.9	5.8	6.9	0.0	6.9	
3.17188	0.1	367	12.7	7.0	5.7	7.0	0.0	7.0	
3.17578	0.0	367	12.7	7.0	5.7	7.0	0.0	7.0	
3.17969	0.0	367	12.7	7.0	5.7	7.0	0.0	7.0	
3.18359	0.1	367	12.7	7.0	5.7	7.0	0.0	7.0	
3.18750	0.1	367	12.8	7.0	5.8	7.0	0.0	7.0	
3.19141	0.1	367	12.8	7.0	5.8	7.0	0.0	7.0	
3.19531	0.1	367	12.8	7.0	5.8	7.0	0.0	7.0	
3.19922	0.1	367	12.8	7.0	5.8	7.0	0.0	7.0	
3.20312	0.1	367	12.8	7.0	5.8	7.0	0.0	7.0	
3.20703	0.1	367	12.8	7.0	5.8	7.0	0.0	7.0	
3.21094	0.1	367	12.8	7.0	5.8	7.0	0.0	7.0	
3.21484	0.1	367	12.8	7.1	5.7	7.1	0.0	7.1	
3.21875	0.1	367	12.8	7.1	5.7	7.1	0.0	7.1	
3.22266	0.1	367	12.8	7.1	5.7	7.1	0.0	7.1	
3.22656	0.0	367	12.8	7.1	5.7	7.1	0.0	7.1	
3.23047	0.1	367	12.8	7.1	5.7	7.1	0.0	7.1	
3.23438	0.1	367	12.8	7.1	5.7	7.1	0.0	7.1	
3.23828	0.1	367	12.8	7.1	5.7	7.1	0.0	7.1	
3.24219	0.1	367	12.8	7.1	5.7	7.1	0.0	7.1	
3.24609	0.1	367	12.8	7.1	5.7	7.1	0.0	7.1	
3.25000	0.1	367	12.8	7.1	5.7	7.1	0.0	7.1	
3.25391	0.1	367	12.8	7.1	5.7	7.1	0.0	7.1	
3.25781	0.1	367	12.8	7.1	5.7	7.1	0.0	7.1	
3.26172	0.1	367	12.8	7.2	5.6	7.2	0.0	7.2	
3.26562	0.1	367	12.8	7.2	5.6	7.2	0.0	7.2	
3.26953	0.1	367	12.8	7.1	5.7	7.1	0.0	7.1	
3.27344	0.1	367	12.7	7.2	5.5	7.2	0.0	7.2	
3.27734	0.1	367	12.8	7.2	5.6	7.2	0.0	7.2	
3.28125	0.1	367	12.7	7.2	5.5	7.2	0.0	7.2	
3.28516	0.1	367	12.7	7.2	5.5	7.2	0.0	7.2	
3.28906	0.1	367	12.7	7.2	5.5	7.2	0.0	7.2	
3.29297	0.1	367	12.8	7.2	5.6	7.2	0.0	7.2	
3.29688	0.1	367	12.7	7.2	5.5	7.2	0.0	7.2	
3.30078	0.1	367	12.7	7.3	5.4	7.3	0.0	7.3	
3.30469	0.1	367	12.8	7.3	5.5	7.3	0.0	7.3	
3.30859	0.1	367	12.8	7.3	5.5	7.3	0.0	7.3	
3.31250	0.1	367	12.8	7.3	5.5	7.3	0.0	7.3	
3.31641	0.0	367	12.8	7.3	5.5	7.3	0.0	7.3	
3.32031	0.0	367	12.8	7.3	5.5	7.3	0.0	7.3	
3.32422	0.0	367	12.8	7.3	5.5	7.3	0.0	7.3	
3.32812	0.0	367	12.8	7.3	5.5	7.3	0.0	7.3	
3.33203	-0.0	367	12.8	7.3	5.5	7.3	0.0	7.3	
3.33594	0.0	367	12.8	7.4	5.4	7.4	0.0	7.4	
3.33984	0.0	367	12.8	7.4	5.4	7.4	0.0	7.4	
3.34375	0.1	367	12.9	7.4	5.5	7.4	0.0	7.4	
3.34766	-0.0	367	12.9	7.4	5.5	7.4	0.0	7.4	
3.35156	-0.0	367	12.9	7.4	5.5	7.4	0.0	7.4	
3.35547	0.0	367	12.9	7.4	5.5	7.4	0.0	7.4	
3.35938	-0.0	367	12.9	7.4	5.5	7.4	0.0	7.4	
3.36328	0.0	367	12.9	7.4	5.5	7.4	0.0	7.4	
3.36719	0.1	367	12.9	7.4	5.5	7.4	0.0	7.4	
3.37109	0.0	367	12.9	7.4	5.5	7.4	0.0	7.4	
3.37500	0.0	367	12.9	7.4	5.5	7.4	0.0	7.4	
3.37891	0.0	367	12.9	7.4	5.5	7.4	0.0	7.4	
3.38281	0.0	367	12.9	7.4	5.5	7.4	0.0	7.4	
3.38672	0.0	367	13.0	7.5	5.5	7.5	0.0	7.5	
3.39062	0.0	367	13.0	7.5	5.5	7.5	0.0	7.5	
3.39453	0.1	367	13.0	7.4	5.6	7.4	0.0	7.4	
3.39844	0.1	367	13.0	7.4	5.6	7.4	0.0	7.4	
3.40234	0.1	367	13.0	7.4	5.6	7.4	0.0	7.4	
3.40625	0.1	367	12.9	7.4	5.5	7.4	0.0	7.4	
3.41016	0.1	367	12.9	7.4	5.5	7.4	0.0	7.4	
3.41406	0.1	367	12.9	7.3	5.6	7.3	0.0	7.3	
3.41797	0.1	367	12.9	7.3	5.6	7.3	0.0	7.3	
3.42188	0.2	367	12.9	7.2	5.7	7.2	0.0	7.2	
3.42578	0.2	367	12.9	7.2	5.7	7.2	0.0	7.2	
3.42969	0.1	367	12.8	7.1	5.7	7.1	0.0	7.1	
3.43359	0.1	367	12.8	7.0	5.8	7.0	0.0	7.0	
3.43750	0.1	367	12.8	7.0	5.8	7.0	0.0	7.0	
3.44141	0.1	367	12.8	6.9	5.9	6.9	0.0	6.9	
3.44531	0.1	367	12.8	6.9	5.9	6.9	0.0	6.9	
3.44922	0.0	367	12.8	6.8	6.0	6.8	0.0	6.8	
3.45312	-0.0	367	12.8	6.7	6.1	6.7	0.0	6.7	
3.45703	-0.0	367	12.9	6.7	6.2	6.7	0.0	6.7	
3.46094	-0.0	367	12.9	6.6	6.3	6.6	0.0	6.6	
3.46484	-0.1	367	12.9	6.6	6.3	6.6	0.0	6.6	
3.46875	-0.0	367	12.9	6.6	6.3	6.6	0.0	6.6	
3.47266	-0.1	367	13.0	6.5	6.5	6.5	0.0	6.5	
3.47656	-0.1	367	13.0	6.5	6.5	6.5	0.0	6.5	
3.48047	-0.1	367	13.0	6.5	6.5	6.5	0.0	6.5	
3.48438	-0.1	367	13.0	6.4	6.6	6.4	0.0	6.4	
3.48828	-0.1	367	13.0	6.4	6.6	6.4	0.0	6.4	
3.49219	-0.1	367	13.1	6.4	6.7	6.4	0.0	6.4	
3.49609	-0.0	367	13.1	6.4	6.7	6.4	0.0	6.4	
3.50000	0.0	367	13.1	6.3	6.8	6.3	0.0	6.3	
3.50391	0.0	367	13.1	6.3	6.8	6.3	0.0	6.3	
3.50781	0.1	367	13.1	6.3	6.8	6.3	0.0	6.3	
3.51172	0.0	367	13.1	6.3	6.8	6.3	0.0	6.3	
3.51562	0.0	367	13.1	6.3	6.8	6.3	0.0	6.3	
3.51953	0.1	367	13.1	6.2	6.9	6.2	0.0	6.2	
3.52344	0.1	367	13.1	6.2	6.9	6.2	0.0	6.2	
3.52734	0.1	367	13.1	6.2	6.9	6.2	0.0	6.2	
3.53125	0.1	367	13.1	6.2	6.9	6.2	0.0	6.2	
3.53516	0.1	367	13.1	6.2	6.9	6.2	0.0	6.2	
3.53906	0.1	367	13.1	6.1	7.0	6.1	0.0	6.1	
3.54297	0.1	367	13.1	6.1	7.0	6.1	0.0	6.1	
3.54688	0.1	367	13.1	6.1	7.0	6.1	0.0	6.1	
3.55078	0.1	367	13.1	6.1	7.0	6.1	0.0	6.1	
3.55469	0.1	367	13.1	6.1	7.0	6.1	0.0	6.1	
3.55859	0.1	367	13.1	6.1	7.0	6.1	0.0	6.1	
3.56250	0.1	367	13.1	6.1	7.0	6.1	0.0	6.1	
3.56641	0.1	367	13.1	6.0	7.1	6.0	0.0	6.0	
3.57031	0.0	367	13.1	6.0	7.1	6.0	0.0	6.0	
3.57422	0.1	367	13.1	6.0	7.1	6.0	0.0	6.0	
3.57812	0.1	367	13.1	6.0	7.1	6.0	0.0	6.0	
3.58203	0.0	367	13.1	6.0	7.1	6.0	0.0	6.0	
3.58594	0.0	367	13.1	6.0	7.1	6.0	0.0	6.0	
3.58984	0.0	367	13.1	5.9	7.2	5.9	0.0	5.9	
3.59375	0.1	367	13.1	5.9	7.2	5.9	0.0	5.9	
3.59766	0.1	367	13.1	5.9	7.2	5.9	0.0	5.9	
3.60156	0.1	367	13.1	5.9	7.2	5.9	0.0	5.9	
3.60547	0.1	367	13.1	5.9	7.2	5.9	0.0	5.9	
3.60938	0.1	367	13.1	5.9	7.2	5.9	0.0	5.9	
3.61328	0.1	367	13.1	5.9	7.2	5.9	0.0	5.9	
3.61719	0.1	367	13.1	5.9	7.2	5.9	0.0	5.9	
3.62109	0.1	367	13.1	5.9	7.2	5.9	0.0	5.9	
3.62500	0.1	367	13.2	5.9	7.3	5.9	0.0	5.9	
3.62891	0.1	367	13.2	5.9	7.3	5.9	0.0	5.9	
3.63281	0.1	367	13.2	5.9	7.3	5.9	0.0	5.9	
3.63672	0.0	367	13.2	5.9	7.3	5.9	0.0	5.9	
3.64062	0.0	367	13.2	5.9	7.3	5.9	0.0	5.9	
3.64453	0.0	367	13.2	5.9	7.3	5.9	0.0	5.9	
3.64844	0.1	367	13.2	5.9	7.3	5.9	0.0	5.9	
3.65234	0.0	367	13.2	5.9	7.3	5.9	0.0	5.9	
3.65625	0.1	367	13.2	5.9	7.3	5.9	0.0	5.9	
3.66016	0.1	367	13.2	5.9	7.3	5.9	0.0	5.9	
3.66406	0.0	367	13.2	5.9	7.3	5.9	0.0	5.9	
3.66797	0.1	367	13.2	5.9	7.3	5.9	0.0	5.9	
3.67188	0.1	367	13.2	5.9	7.3	5.9	0.0	5.9	
3.67578	0.1	367	13.2	5.9	7.3	5.9	0.0	5.9	
3.67969	0.2	367	13.2	6.0	7.2	6.0	0.0	6.0	
3.68359	0.2	367	13.2	6.0	7.2	6.0	0.0	6.0	
3.68750	0.2	367	13.1	6.0	7.1	6.0	0.0	6.0	
3.69141	0.4	367	13.1	6.0	7.1	6.0	0.0	6.0	
3.69531	0.4	367	13.0	6.0	7.0	6.0	0.0	6.0	
3.69922	0.6	367	12.9	6.0	6.9	6.0	0.0	6.0	
3.70312	0.9	367	12.8	6.0	6.8	6.0	0.0	6.0	
3.70703	1.2	368	12.7	6.0	6.7	6.0	0.0	6.0	
3.71094	1.5	368	12.5	6.0	6.5	6.0	0.0	6.0	
3.71484	1.9	368	12.4	6.0	6.4	6.0	0.0	6.0	
3.71875	2.3	368	12.2	6.0	6.2	6.0	0.0	6.0	
3.72266	2.8	368	11.9	6.0	5.9	6.0	0.0	6.0	
3.72656	3.3	368	11.7	5.9	5.8	5.9	0.0	5.9	
3.73047	3.8	369	11.5	5.9	5.6	5.9	0.0	5.9	
3.73438	4.2	369	11.2	5.8	5.4	5.8	0.0	5.8	
3.73828	4.5	369	11.0	5.8	5.2	5.8	0.0	5.8	
3.74219	4.9	369	10.7	5.7	5.0	5.7	0.0	5.7	
3.74609	5.1	370	10.5	5.7	4.8	5.7	0.0	5.7	
3.75000	5.2	370	10.2	5.6	4.6	5.6	0.0	5.6	
3.75391	5.2	370	10.0	5.6	4.4	5.6	0.0	5.6	
3.75781	5.2	371	9.8	5.5	4.3	5.5	0.0	5.5	
3.76172	5.1	371	9.6	5.4	4.2	5.4	0.0	5.4	
3.76562	4.9	371	9.4	5.3	4.1	5.3	0.0	5.3	
3.76953	4.7	372	9.2	5.3	3.9	5.3	0.0	5.3	
3.77344	4.5	372	9.0	5.2	3.8	5.2	0.0	5.2	
3.77734	4.2	372	8.8	5.1	3.7	5.1	0.0	5.1	
3.78125	4.0	373	8.7	5.0	3.7	5.0	0.0	5.0	
3.78516	3.7	373	8.5	5.0	3.5	5.0	0.0	5.0	
3.78906	3.5	373	8.4	4.9	3.5	4.9	0.0	4.9	
3.79297	3.3	373	8.3	4.8	3.5	4.8	0.0	4.8	
3.79688	3.1	373	8.1	4.7	3.4	4.7	0.0	4.7	
3.80078	3.0	374	8.0	4.7	3.3	4.7	0.0	4.7	
3.80469	2.9	374	7.9	4.6	3.3	4.6	0.0	4.6	
3.80859	2.8	374	7.7	4.5	3.2	4.5	0.0	4.5	
3.81250	2.7	374	7.6	4.4	3.2	4.4	0.0	4.4	
3.81641	2.7	374	7.5	4.3	3.2	4.3	0.0	4.3	
3.82031	2.7	375	7.4	4.3	3.1	4.3	0.0	4.3	
3.82422	2.7	375	7.2	4.2	3.0	4.2	0.0	4.2	
3.82812	2.7	375	7.1	4.1	3.0	4.1	0.0	4.1	
3.83203	2.7	375	7.0	4.0	3.0	4.0	0.0	4.0	
3.83594	2.7	375	6.8	3.9	2.9	3.9	0.0	3.9	
3.83984	2.7	375	6.7	3.8	2.9	3.8	0.0	3.8	
3.84375	2.7	376	6.6	3.8	2.8	3.8	0.0	3.8	
3.84766	2.7	376	6.5	3.7	2.8	3.7	0.0	3.7	
3.85156	2.6	376	6.4	3.6	2.8	3.6	0.0	3.6	
3.85547	2.6	376	6.2	3.5	2.7	3.5	0.0	3.5	
3.85938	2.5	376	6.1	3.4	2.7	3.4	0.0	3.4	
3.86328	2.4	376	6.0	3.3	2.7	3.3	0.0	3.3	
3.86719	2.3	377	5.9	3.3	2.6	3.3	0.0	3.3	
3.87109	2.3	377	5.8	3.2	2.6	3.2	0.0	3.2	
3.87500	2.2	377	5.7	3.1	2.6	3.1	0.0	3.1	
3.87891	2.1	377	5.6	3.0	2.6	3.0	0.0	3.0	
3.88281	2.0	377	5.5	2.9	2.6	2.9	0.0	2.9	
3.88672	2.0	377	5.4	2.9	2.5	2.9	0.0	2.9	
3.89062	2.0	377	5.3	2.8	2.5	2.8	0.0	2.8	
3.89453	1.9	378	5.2	2.7	2.5	2.7	0.0	2.7	
3.89844	1.9	378	5.2	2.6	2.6	2.6	0.0	2.6	
3.90234	1.9	378	5.0	2.6	2.4	2.6	0.0	2.6	
3.90625	1.9	378	5.0	2.5	2.5	2.5	0.0	2.5	
3.91016	1.9	378	4.9	2.4	2.5	2.4	0.0	2.4	
3.91406	1.8	378	4.8	2.3	2.5	2.3	0.0	2.3	
3.91797	1.8	378	4.7	2.2	2.5	2.2	0.0	2.2	
3.92188	1.8	378	4.6	2.2	2.4	2.2	0.0	2.2	
3.92578	1.8	379	4.5	2.1	2.4	2.1	0.0	2.1	
3.92969	1.8	379	4.4	2.0	2.4	2.0	0.0	2.0	
3.93359	1.9	379	4.3	1.9	2.4	1.9	0.0	1.9	
3.93750	1.8	379	4.2	1.9	2.3	1.9	0.0	1.9	
3.94141	1.8	379	4.1	1.8	2.3	1.8	0.0	1.8	
3.94531	1.8	379	4.0	1.7	2.3	1.7	0.0	1.7	
3.94922	1.8	379	3.9	1.6	2.3	1.6	0.0	1.6	
3.95312	1.8	379	3.9	1.5	2.4	1.5	0.0	1.5	
3.95703	1.8	379	3.8	1.5	2.3	1.5	0.0	1.5	
3.96094	1.8	380	3.7	1.4	2.3	1.4	0.0	1.4	
3.96484	1.7	380	3.6	1.3	2.3	1.3	0.0	1.3	
3.96875	1.7	380	3.5	1.2	2.3	1.2	0.0	1.2	
3.97266	1.7	380	3.4	1.2	2.2	1.2	0.0	1.2	
3.97656	1.6	380	3.3	1.1	2.2	1.1	0.0	1.1	
3.98047	1.6	380	3.3	1.0	2.3	1.0	0.0	1.0	
3.98438	1.6	380	3.2	0.9	2.3	0.9	0.0	0.9	
3.98828	1.5	380	3.1	0.8	2.3	0.8	0.0	0.8	
3.99219	1.5	380	3.1	0.8	2.3	0.8	0.0	0.8	
3.99609	1.4	381	3.0	0.7	2.3	0.7	0.0	0.7	
4.00000	1.4	381	2.9	0.6	2.3	0.6	0.0	0.6	
4.00391	1.4	381	2.9	0.5	2.4	0.5	0.0	0.5	
4.00781	1.4	381	2.8	0.5	2.3	0.5	0.0	0.5	
4.01172	1.4	381	2.7	0.4	2.3	0.4	0.0	0.4	
4.01562	1.3	381	2.6	0.3	2.3	0.3	0.0	0.3	
4.01953	1.3	381	2.6	0.3	2.3	0.3	0.0	0.3	
4.02344	1.3	381	2.5	0.2	2.3	0.2	0.0	0.2	
4.02734	1.3	381	2.4	0.1	2.3	0.1	0.0	0.1	
4.03125	1.3	381	2.4	0.0	2.4	0.0	0.0	0.0	
4.03516	1.3	381	2.3	-0.0	2.3	-0.0	0.0	-0.0	
4.03906	1.2	381	2.2	-0.1	2.3	-0.1	0.0	-0.1	
4.04297	1.2	382	2.2	-0.2	2.4	-0.2	0.0	-0.2	
4.04688	1.2	382	2.1	-0.2	2.3	-0.2	0.0	-0.2	
4.05078	1.2	382	2.0	-0.3	2.3	-0.3	0.0	-0.3	
4.05469	1.2	382	2.0	-0.4	2.4	-0.4	0.0	-0.4	
4.05859	1.1	382	1.9	-0.4	2.3	-0.4	0.0	-0.4	
4.06250	1.1	382	1.9	-0.5	2.4	-0.5	0.0	-0.5	
4.06641	1.0	382	1.8	-0.6	2.4	-0.6	0.0	-0.6	
4.07031	0.9	382	1.8	-0.6	2.4	-0.6	0.0	-0.6	
4.07422	0.9	382	1.8	-0.7	2.5	-0.7	0.0	-0.7	
4.07812	0.8	382	1.7	-0.7	2.4	-0.7	0.0	-0.7	
4.08203	0.7	382	1.7	-0.8	2.5	-0.8	0.0	-0.8	
4.08594	0.6	382	1.7	-0.8	2.5	-0.8	0.0	-0.8	
4.08984	0.5	382	1.7	-0.9	2.6	-0.9	0.0	-0.9	
4.09375	0.4	382	1.7	-0.9	2.6	-0.9	0.0	-0.9	
4.09766	0.4	382	1.7	-1.0	2.7	-1.0	0.0	-1.0	
4.10156	0.3	382	1.7	-1.0	2.7	-1.0	0.0	-1.0	
4.10547	0.1	382	1.7	-1.1	2.8	-1.1	0.0	-1.1	
4.10938	0.0	382	1.8	-1.1	2.9	-1.1	0.0	-1.1	
4.11328	-0.1	382	1.8	-1.1	2.9	-1.1	0.0	-1.1	
4.11719	-0.2	382	1.9	-1.1	3.0	-1.1	0.0	-1.1	
4.12109	-0.3	382	2.0	-1.2	3.2	-1.2	0.0	-1.2	
4.12500	-0.5	382	2.0	-1.2	3.2	-1.2	0.0	-1.2	
4.12891	-0.7	382	2.2	-1.2	3.4	-1.2	0.0	-1.2	
4.13281	-0.9	382	2.3	-1.2	3.5	-1.2	0.0	-1.2	
4.13672	-1.2	382	2.4	-1.2	3.6	-1.2	0.0	-1.2	
4.14062	-1.5	382	2.6	-1.3	3.9	-1.3	0.0	-1.3	
4.14453	-1.8	382	2.8	-1.2	4.0	-1.2	0.0	-1.2	
4.14844	-2.2	382	3.0	-1.2	4.2	-1.2	0.0	-1.2	
4.15234	-2.6	382	3.2	-1.2	4.4	-1.2	0.0	-1.2	
4.15625	-3.0	381	3.4	-1.2	4.6	-1.2	0.0	-1.2	
4.16016	-3.4	381	3.6	-1.2	4.8	-1.2	0.0	-1.2	
4.16406	-3.8	381	3.9	-1.1	5.0	-1.1	0.0	-1.1	
4.16797	-4.3	381	4.2	-1.1	5.3	-1.1	0.0	-1.1	
4.17188	-4.8	380	4.5	-1.0	5.5	-1.0	0.0	-1.0	
4.17578	-5.2	380	4.8	-1.0	5.8	-1.0	0.0	-1.0	
4.17969	-5.6	380	5.1	-0.9	6.0	-0.9	0.0	-0.9	
4.18359	-6.0	379	5.4	-0.8	6.2	-0.8	0.0	-0.8	
4.18750	-6.3	379	5.7	-0.8	6.5	-0.8	0.0	-0.8	
4.19141	-6.6	378	6.1	-0.7	6.8	-0.7	0.0	-0.7	
4.19531	-6.8	378	6.4	-0.6	7.0	-0.6	0.0	-0.6	
4.19922	-7.0	377	6.7	-0.5	7.2	-0.5	0.0	-0.5	
4.20312	-7.0	377	7.0	-0.4	7.4	-0.4	0.0	-0.4	
4.20703	-7.0	377	7.3	-0.3	7.6	-0.3	0.0	-0.3	
4.21094	-6.9	376	7.6	-0.3	7.9	-0.3	0.0	-0.3	
4.21484	-6.8	376	7.9	-0.2	8.1	-0.2	0.0	-0.2	
4.21875	-6.7	375	8.2	-0.2	8.4	-0.2	0.0	-0.2	
4.22266	-6.4	375	8.4	-0.1	8.5	-0.1	0.0	-0.1	
4.22656	-6.2	374	8.7	-0.0	8.7	-0.0	0.0	-0.0	
4.23047	-5.9	374	8.9	0.0	8.9	0.0	0.0	0.0	
4.23438	-5.7	374	9.1	0.1	9.0	0.1	0.0	0.1	
4.23828	-5.4	373	9.4	0.1	9.3	0.1	0.0	0.1	
4.24219	-5.1	373	9.6	0.2	9.4	0.2	0.0	0.2	
4.24609	-4.9	373	9.8	0.3	9.5	0.3	0.0	0.3	
4.25000	-4.7	372	10.0	0.4	9.6	0.4	0.0	0.4	
4.25391	-4.5	372	10.2	0.4	9.8	0.4	0.0	0.4	
4.25781	-4.3	372	10.3	0.5	9.8	0.5	0.0	0.5	
4.26172	-4.1	372	10.5	0.6	9.9	0.6	0.0	0.6	
4.26562	-3.9	371	10.7	0.7	10.0	0.7	0.0	0.7	
4.26953	-3.7	371	10.8	0.8	10.0	0.8	0.0	0.8	
4.27344	-3.5	371	11.0	0.9	10.1	0.9	0.0	0.9	
4.27734	-3.3	371	11.1	1.0	10.1	1.0	0.0	1.0	
4.28125	-3.1	370	11.2	1.0	10.2	1.0	0.0	1.0	
4.28516	-2.9	370	11.3	1.2	10.1	1.2	0.0	1.2	
4.28906	-2.6	370	11.4	1.3	10.1	1.3	0.0	1.3	
4.29297	-2.4	370	11.5	1.3	10.2	1.3	0.0	1.3	
4.29688	-2.2	370	11.5	1.5	10.0	1.5	0.0	1.5	
4.30078	-2.0	370	11.6	1.6	10.0	1.6	0.0	1.6	
4.30469	-1.8	369	11.7	1.6	10.1	1.6	0.0	1.6	
4.30859	-1.6	369	11.7	1.7	10.0	1.7	0.0	1.7	
4.31250	-1.4	369	11.8	1.8	10.0	1.8	0.0	1.8	
4.31641	-1.3	369	11.9	1.9	10.0	1.9	0.0	1.9	
4.32031	-1.1	369	11.9	2.0	9.9	2.0	0.0	2.0	
4.32422	-1.0	369	11.9	2.1	9.8	2.1	0.0	2.1	
4.32812	-0.9	369	12.0	2.2	9.8	2.2	0.0	2.2	
4.33203	-0.8	369	12.0	2.3	9.7	2.3	0.0	2.3	
4.33594	-0.8	369	12.1	2.3	9.8	2.3	0.0	2.3	
4.33984	-0.7	369	12.1	2.4	9.7	2.4	0.0	2.4	
4.34375	-0.7	369	12.1	2.5	9.6	2.5	0.0	2.5	
4.34766	-0.6	369	12.2	2.6	9.6	2.6	0.0	2.6	
4.35156	-0.6	369	12.2	2.7	9.5	2.7	0.0	2.7	
4.35547	-0.6	369	12.3	2.7	9.6	2.7	0.0	2.7	
4.35938	-0.6	369	12.3	2.8	9.5	2.8	0.0	2.8	
4.36328	-0.5	369	12.3	2.9	9.4	2.9	0.0	2.9	
4.36719	-0.5	369	12.4	2.9	9.5	2.9	0.0	2.9	
4.37109	-0.5	369	12.4	3.0	9.4	3.0	0.0	3.0	
4.37500	-0.5	369	12.4	3.1	9.3	3.1	0.0	3.1	
4.37891	-0.5	368	12.5	3.1	9.4	3.1	0.0	3.1	
4.38281	-0.4	368	12.5	3.2	9.3	3.2	0.0	3.2	
4.38672	-0.4	368	12.6	3.2	9.4	3.2	0.0	3.2	
4.39062	-0.4	368	12.6	3.3	9.3	3.3	0.0	3.3	
4.39453	-0.4	368	12.6	3.4	9.2	3.4	0.0	3.4	
4.39844	-0.3	368	12.6	3.4	9.2	3.4	0.0	3.4	
4.40234	-0.4	368	12.6	3.4	9.2	3.4	0.0	3.4	
4.40625	-0.3	368	12.7	3.5	9.2	3.5	0.0	3.5	
4.41016	-0.3	368	12.7	3.5	9.2	3.5	0.0	3.5	
4.41406	-0.3	368	12.7	3.6	9.1	3.6	0.0	3.6	
4.41797	-0.3	368	12.8	3.6	9.2	3.6	0.0	3.6	
4.42188	-0.3	368	12.8	3.7	9.1	3.7	0.0	3.7	
4.42578	-0.3	368	12.8	3.7	9.1	3.7	0.0	3.7	
4.42969	-0.2	368	12.8	3.8	9.0	3.8	0.0	3.8	
4.43359	-0.2	368	12.8	3.8	9.0	3.8	0.0	3.8	
4.43750	-0.2	368	12.9	3.8	9.1	3.8	0.0	3.8	
4.44141	-0.2	368	12.9	3.9	9.0	3.9	0.0	3.9	
4.44531	-0.2	368	12.9	3.9	9.0	3.9	0.0	3.9	
4.44922	-0.2	368	13.0	4.0	9.0	4.0	0.0	4.0	
4.45312	-0.2	368	13.0	4.1	8.9	4.1	0.0	4.1	
4.45703	-0.2	368	13.0	4.1	8.9	4.1	0.0	4.1	
4.46094	-0.2	368	13.0	4.1	8.9	4.1	0.0	4.1	
4.46484	-0.2	368	13.0	4.2	8.8	4.2	0.0	4.2	
4.46875	-0.1	368	13.0	4.3	8.7	4.3	0.0	4.3	
4.47266	-0.1	368	13.0	4.3	8.7	4.3	0.0	4.3	
4.47656	-0.1	368	13.1	4.4	8.7	4.4	0.0	4.4	
4.48047	-0.1	368	13.1	4.4	8.7	4.4	0.0	4.4	
4.48438	-0.0	368	13.1	4.5	8.6	4.5	0.0	4.5	
4.48828	0.0	368	13.1	4.5	8.6	4.5	0.0	4.5	
4.49219	0.1	368	13.0	4.6	8.4	4.6	0.0	4.6	
4.49609	0.1	368	13.0	4.6	8.4	4.6	0.0	4.6	
4.50000	0.1	368	13.0	4.6	8.4	4.6	0.0	4.6	
4.50391	0.1	368	13.0	4.7	8.3	4.7	0.0	4.7	
4.50781	0.1	368	13.0	4.8	8.2	4.8	0.0	4.8	
4.51172	0.1	368	13.0	4.8	8.2	4.8	0.0	4.8	
4.51562	0.1	368	13.0	4.8	8.2	4.8	0.0	4.8	
4.51953	0.1	368	13.0	4.9	8.1	4.9	0.0	4.9	
4.52344	0.1	368	12.9	4.9	8.0	4.9	0.0	4.9	
4.52734	0.1	368	12.9	5.0	7.9	5.0	0.0	5.0	
4.53125	0.1	368	12.9	5.0	7.9	5.0	0.0	5.0	
4.53516	0.1	368	12.9	5.0	7.9	5.0	0.0	5.0	
4.53906	0.1	368	12.9	5.1	7.8	5.1	0.0	5.1	
4.54297	0.1	368	12.9	5.1	7.8	5.1	0.0	5.1	
4.54688	0.1	368	12.9	5.2	7.7	5.2	0.0	5.2	
4.55078	0.1	368	12.9	5.2	7.7	5.2	0.0	5.2	
4.55469	0.1	368	12.8	5.2	7.6	5.2	0.0	5.2	
4.55859	0.1	368	12.8	5.3	7.5	5.3	0.0	5.3	
4.56250	0.1	368	12.8	5.3	7.5	5.3	0.0	5.3	
4.56641	0.1	368	12.8	5.3	7.5	5.3	0.0	5.3	
4.57031	0.1	368	12.8	5.4	7.4	5.4	0.0	5.4	
4.57422	0.0	368	12.8	5.4	7.4	5.4	0.0	5.4	
4.57812	0.1	368	12.8	5.4	7.4	5.4	0.0	5.4	
4.58203	0.1	368	12.8	5.5	7.3	5.5	0.0	5.5	
4.58594	0.1	368	12.8	5.5	7.3	5.5	0.0	5.5	
4.58984	0.1	368	12.8	5.5	7.3	5.5	0.0	5.5	
4.59375	0.1	368	12.8	5.6	7.2	5.6	0.0	5.6	
4.59766	0.0	368	12.8	5.6	7.2	5.6	0.0	5.6	
4.60156	0.0	368	12.8	5.6	7.2	5.6	0.0	5.6	
4.60547	0.1	368	12.8	5.7	7.1	5.7	0.0	5.7	
4.60938	0.1	368	12.8	5.7	7.1	5.7	0.0	5.7	
4.61328	0.1	368	12.8	5.8	7.0	5.8	0.0	5.8	
4.61719	0.1	368	12.8	5.8	7.0	5.8	0.0	5.8	
4.62109	0.1	368	12.8	5.8	7.0	5.8	0.0	5.8	
4.62500	0.1	368	12.8	5.9	6.9	5.9	0.0	5.9	
4.62891	0.0	368	12.8	5.9	6.9	5.9	0.0	5.9	
4.63281	0.1	368	12.8	5.9	6.9	5.9	0.0	5.9	
4.63672	0.1	368	12.8	6.0	6.8	6.0	0.0	6.0	
4.64062	0.0	368	12.8	6.0	6.8	6.0	0.0	6.0	
4.64453	0.0	368	12.8	6.0	6.8	6.0	0.0	6.0	
4.64844	0.1	368	12.8	6.0	6.8	6.0	0.0	6.0	
4.65234	0.1	368	12.8	6.1	6.7	6.1	0.0	6.1	
4.65625	0.1	368	12.8	6.1	6.7	6.1	0.0	6.1	
4.66016	0.1	368	12.8	6.1	6.7	6.1	0.0	6.1	
4.66406	0.1	368	12.8	6.1	6.7	6.1	0.0	6.1	
4.66797	0.1	368	12.8	6.2	6.6	6.2	0.0	6.2	
4.67188	0.1	368	12.8	6.2	6.6	6.2	0.0	6.2	
4.67578	0.1	368	12.7	6.2	6.5	6.2	0.0	6.2	
4.67969	0.1	368	12.8	6.2	6.6	6.2	0.0	6.2	
4.68359	0.1	368	12.8	6.3	6.5	6.3	0.0	6.3	
4.68750	0.1	368	12.8	6.3	6.5	6.3	0.0	6.3	
4.69141	0.1	368	12.7	6.3	6.4	6.3	0.0	6.3	
4.69531	0.1	368	12.7	6.3	6.4	6.3	0.0	6.3	
4.69922	0.1	368	12.7	6.3	6.4	6.3	0.0	6.3	
4.70312	0.1	368	12.7	6.3	6.4	6.3	0.0	6.3	
4.70703	0.1	368	12.7	6.4	6.3	6.4	0.0	6.4	
4.71094	0.1	368	12.7	6.4	6.3	6.4	0.0	6.4	
4.71484	0.1	368	12.7	6.4	6.3	6.4	0.0	6.4	
4.71875	0.1	368	12.7	6.4	6.3	6.4	0.0	6.4	
4.72266	0.1	368	12.7	6.5	6.2	6.5	0.0	6.5	
4.72656	0.1	368	12.7	6.5	6.2	6.5	0.0	6.5	
4.73047	0.1	368	12.7	6.5	6.2	6.5	0.0	6.5	
4.73438	0.1	368	12.7	6.5	6.2	6.5	0.0	6.5	
4.73828	0.1	368	12.7	6.5	6.2	6.5	0.0	6.5	
4.74219	0.1	368	12.7	6.5	6.2	6.5	0.0	6.5	
4.74609	0.1	368	12.7	6.6	6.1	6.6	0.0	6.6	
4.75000	0.1	368	12.7	6.6	6.1	6.6	0.0	6.6	
4.75391	0.1	368	12.7	6.6	6.1	6.6	0.0	6.6	
4.75781	0.1	368	12.7	6.6	6.1	6.6	0.0	6.6	
4.76172	0.1	368	12.7	6.6	6.1	6.6	0.0	6.6	
4.76562	0.1	368	12.7	6.6	6.1	6.6	0.0	6.6	
4.76953	0.1	368	12.7	6.6	6.1	6.6	0.0	6.6	
4.77344	0.1	369	12.7	6.7	6.0	6.7	0.0	6.7	
4.77734	0.1	369	12.7	6.7	6.0	6.7	0.0	6.7	
4.78125	0.1	369	12.7	6.7	6.0	6.7	0.0	6.7	
4.78516	0.1	369	12.7	6.7	6.0	6.7	0.0	6.7	
4.78906	0.1	369	12.7	6.7	6.0	6.7	0.0	6.7	
4.79297	0.0	369	12.7	6.7	6.0	6.7	0.0	6.7	
4.79688	0.1	369	12.7	6.7	6.0	6.7	0.0	6.7	
4.80078	0.1	369	12.7	6.7	6.0	6.7	0.0	6.7	
4.80469	0.1	369	12.7	6.7	6.0	6.7	0.0	6.7	
4.80859	0.1	369	12.7	6.8	5.9	6.8	0.0	6.8	
4.81250	0.1	369	12.7	6.8	5.9	6.8	0.0	6.8	
4.81641	0.1	369	12.7	6.8	5.9	6.8	0.0	6.8	
4.82031	0.1	369	12.7	6.8	5.9	6.8	0.0	6.8	
4.82422	0.1	369	12.7	6.8	5.9	6.8	0.0	6.8	
4.82812	0.1	369	12.7	6.8	5.9	6.8	0.0	6.8	
4.83203	0.1	369	12.7	6.8	5.9	6.8	0.0	6.8	
4.83594	0.1	369	12.7	6.8	5.9	6.8	0.0	6.8	
4.83984	0.1	369	12.7	6.8	5.9	6.8	0.0	6.8	
4.84375	0.1	369	12.7	6.8	5.9	6.8	0.0	6.8	
4.84766	0.1	369	12.7	6.8	5.9	6.8	0.0	6.8	
4.85156	0.1	369	12.7	6.8	5.9	6.8	0.0	6.8	
4.85547	0.1	369	12.7	6.8	5.9	6.8	0.0	6.8	
4.85938	0.0	369	12.7	6.8	5.9	6.8	0.0	6.8	
4.86328	0.1	369	12.7	6.9	5.8	6.9	0.0	6.9	
4.86719	0.1	369	12.7	6.9	5.8	6.9	0.0	6.9	
4.87109	0.0	369	12.7	6.9	5.8	6.9	0.0	6.9	
4.87500	0.0	369	12.7	6.9	5.8	6.9	0.0	6.9	
4.87891	0.0	369	12.7	6.9	5.8	6.9	0.0	6.9	
4.88281	0.1	369	12.7	6.9	5.8	6.9	0.0	6.9	
4.88672	0.1	369	12.7	7.0	5.7	7.0	0.0	7.0	
4.89062	0.0	369	12.7	6.9	5.8	6.9	0.0	6.9	
4.89453	0.0	369	12.7	7.0	5.7	7.0	0.0	7.0	
4.89844	0.1	369	12.7	7.0	5.7	7.0	0.0	7.0	
4.90234	0.1	369	12.7	7.0	5.7	7.0	0.0	7.0	
4.90625	0.0	369	12.8	7.0	5.8	7.0	0.0	7.0	
4.91016	0.0	369	12.8	7.0	5.8	7.0	0.0	7.0	
4.91406	0.0	369	12.8	7.1	5.7	7.1	0.0	7.1	
4.91797	-0.0	369	12.8	7.1	5.7	7.1	0.0	7.1	
4.92188	0.0	369	12.8	7.1	5.7	7.1	0.0	7.1	
4.92578	0.1	369	12.8	7.1	5.7	7.1	0.0	7.1	
4.92969	0.1	369	12.8	7.1	5.7	7.1	0.0	7.1	
4.93359	0.0	369	12.8	7.1	5.7	7.1	0.0	7.1	
4.93750	0.0	369	12.8	7.2	5.6	7.2	0.0	7.2	
4.94141	0.0	369	12.8	7.2	5.6	7.2	0.0	7.2	
4.94531	-0.0	369	12.9	7.2	5.7	7.2	0.0	7.2	
4.94922	0.0	369	12.9	7.2	5.7	7.2	0.0	7.2	
4.95312	0.0	369	12.9	7.2	5.7	7.2	0.0	7.2	
4.95703	0.0	369	12.9	7.2	5.7	7.2	0.0	7.2	
4.96094	0.0	369	12.9	7.2	5.7	7.2	0.0	7.2	
4.96484	0.0	369	12.9	7.2	5.7	7.2	0.0	7.2	
4.96875	-0.0	369	12.9	7.2	5.7	7.2	0.0	7.2	
4.97266	0.0	369	12.9	7.2	5.7	7.2	0.0	7.2	
4.97656	0.1	369	12.9	7.3	5.6	7.3	0.0	7.3	
4.98047	0.0	369	12.9	7.3	5.6	7.3	0.0	7.3	
4.98438	0.0	369	13.0	7.3	5.7	7.3	0.0	7.3	
4.98828	0.0	369	13.0	7.2	5.8	7.2	0.0	7.2	
4.99219	0.0	369	13.0	7.3	5.7	7.3	0.0	7.3	
4.99609	0.0	369	12.9	7.3	5.6	7.3	0.0	7.3	
5.00000	0.1	369	13.0	7.2	5.8	7.2	0.0	7.2	
5.00391	0.1	369	13.0	7.2	5.8	7.2	0.0	7.2	
5.00781	0.1	369	12.9	7.2	5.7	7.2	0.0	7.2	
5.01172	0.1	369	12.9	7.2	5.7	7.2	0.0	7.2	
5.01562	0.2	369	12.9	7.1	5.8	7.1	0.0	7.1	
5.01953	0.2	369	12.9	7.0	5.9	7.0	0.0	7.0	
5.02344	0.1	369	12.9	7.0	5.9	7.0	0.0	7.0	
5.02734	0.1	369	12.8	6.9	5.9	6.9	0.0	6.9	
5.03125	0.1	369	12.8	6.9	5.9	6.9	0.0	6.9	
5.03516	0.1	369	12.8	6.8	6.0	6.8	0.0	6.8	
5.03906	0.1	369	12.8	6.8	6.0	6.8	0.0	6.8	
5.04297	0.1	369	12.8	6.7	6.1	6.7	0.0	6.7	
5.04688	0.1	369	12.8	6.6	6.2	6.6	0.0	6.6	
5.05078	0.0	369	12.8	6.6	6.2	6.6	0.0	6.6	
5.05469	-0.0	369	12.9	6.5	6.4	6.5	0.0	6.5	
5.05859	-0.0	369	12.9	6.5	6.4	6.5	0.0	6.5	
5.06250	-0.0	369	12.9	6.4	6.5	6.4	0.0	6.4	
5.06641	-0.1	369	12.9	6.4	6.5	6.4	0.0	6.4	
5.07031	-0.1	369	12.9	6.4	6.5	6.4	0.0	6.4	
5.07422	-0.1	369	13.0	6.3	6.7	6.3	0.0	6.3	
5.07812	-0.1	369	13.0	6.3	6.7	6.3	0.0	6.3	
5.08203	-0.0	369	13.0	6.3	6.7	6.3	0.0	6.3	
5.08594	-0.0	369	13.0	6.2	6.8	6.2	0.0	6.2	
5.08984	-0.1	369	13.1	6.2	6.9	6.2	0.0	6.2	
5.09375	-0.1	369	13.1	6.2	6.9	6.2	0.0	6.2	
5.09766	-0.1	369	13.1	6.2	6.9	6.2	0.0	6.2	
5.10156	-0.0	369	13.1	6.1	7.0	6.1	0.0	6.1	
5.10547	0.0	369	13.1	6.1	7.0	6.1	0.0	6.1	
5.10938	-0.0	369	13.1	6.1	7.0	6.1	0.0	6.1	
5.11328	0.0	369	13.1	6.1	7.0	6.1	0.0	6.1	
5.11719	0.1	369	13.1	6.1	7.0	6.1	0.0	6.1	
5.12109	0.1	369	13.1	6.0	7.1	6.0	0.0	6.0	
5.12500	0.1	369	13.1	6.0	7.1	6.0	0.0	6.0	
5.12891	0.1	369	13.1	6.0	7.1	6.0	0.0	6.0	
5.13281	0.1	369	13.1	6.0	7.1	6.0	0.0	6.0	
5.13672	0.1	369	13.1	6.0	7.1	6.0	0.0	6.0	
5.14062	0.1	369	13.1	6.0	7.1	6.0	0.0	6.0	
5.14453	0.1	369	13.1	6.0	7.1	6.0	0.0	6.0	
5.14844	0.1	369	13.1	5.9	7.2	5.9	0.0	5.9	
5.15234	0.1	369	13.1	5.9	7.2	5.9	0.0	5.9	
5.15625	0.1	369	13.1	5.9	7.2	5.9	0.0	5.9	
5.16016	0.1	369	13.1	5.9	7.2	5.9	0.0	5.9	
5.16406	0.1	369	13.1	5.9	7.2	5.9	0.0	5.9	
5.16797	0.1	369	13.1	5.9	7.2	5.9	0.0	5.9	
5.17188	0.0	369	13.1	5.9	7.2	5.9	0.0	5.9	
5.17578	0.0	369	13.1	5.9	7.2	5.9	0.0	5.9	
5.17969	0.0	369	13.1	5.8	7.3	5.8	0.0	5.8	
5.18359	0.0	369	13.1	5.8	7.3	5.8	0.0	5.8	
5.18750	0.0	369	13.1	5.8	7.3	5.8	0.0	5.8	
5.19141	0.1	369	13.1	5.8	7.3	5.8	0.0	5.8	
5.19531	0.1	369	13.1	5.8	7.3	5.8	0.0	5.8	
5.19922	0.1	369	13.1	5.8	7.3	5.8	0.0	5.8	
5.20312	0.1	369	13.1	5.7	7.4	5.7	0.0	5.7	
5.20703	0.0	369	13.1	5.7	7.4	5.7	0.0	5.7	
5.21094	0.0	369	13.1	5.7	7.4	5.7	0.0	5.7	
5.21484	0.1	369	13.1	5.7	7.4	5.7	0.0	5.7	
5.21875	0.1	369	13.1	5.7	7.4	5.7	0.0	5.7	
5.22266	0.1	369	13.1	5.7	7.4	5.7	0.0	5.7	
5.22656	0.1	369	13.1	5.7	7.4	5.7	0.0	5.7	
5.23047	0.1	369	13.1	5.7	7.4	5.7	0.0	5.7	
5.23438	0.0	369	13.1	5.7	7.4	5.7	0.0	5.7	
5.23828	0.1	369	13.1	5.7	7.4	5.7	0.0	5.7	
5.24219	0.0	369	13.1	5.7	7.4	5.7	0.0	5.7	
5.24609	0.0	369	13.1	5.7	7.4	5.7	0.0	5.7	
5.25000	0.1	369	13.2	5.7	7.5	5.7	0.0	5.7	
5.25391	0.0	369	13.2	5.7	7.5	5.7	0.0	5.7	
5.25781	0.0	369	13.2	5.7	7.5	5.7	0.0	5.7	
5.26172	0.0	369	13.2	5.7	7.5	5.7	0.0	5.7	
5.26562	0.0	369	13.2	5.7	7.5	5.7	0.0	5.7	
5.26953	0.1	369	13.2	5.8	7.4	5.8	0.0	5.8	
5.27344	0.0	369	13.2	5.8	7.4	5.8	0.0	5.8	
5.27734	0.0	369	13.2	5.8	7.4	5.8	0.0	5.8	
5.28125	0.1	369	13.2	5.8	7.4	5.8	0.0	5.8	
5.28516	0.1	369	13.2	5.8	7.4	5.8	0.0	5.8	
5.28906	0.1	369	13.2	5.8	7.4	5.8	0.0	5.8	
5.29297	0.1	369	13.2	5.9	7.3	5.9	0.0	5.9	
5.29688	0.1	369	13.2	5.9	7.3	5.9	0.0	5.9	
5.30078	0.1	369	13.2	5.9	7.3	5.9	0.0	5.9	
5.30469	0.2	369	13.1	5.9	7.2	5.9	0.0	5.9	
5.30859	0.2	369	13.1	5.9	7.2	5.9	0.0	5.9	
5.31250	0.2	369	13.1	6.0	7.1	6.0	0.0	6.0	
5.31641	0.1	369	13.1	6.0	7.1	6.0	0.0	6.0	
5.32031	0.2	369	13.1	6.0	7.1	6.0	0.0	6.0	
5.32422	0.2	369	13.1	6.0	7.1	6.0	0.0	6.0	
5.32812	0.2	369	13.1	6.0	7.1	6.0	0.0	6.0	
5.33203	0.1	369	13.0	6.0	7.0	6.0	0.0	6.0	
5.33594	0.1	369	13.0	6.0	7.0	6.0	0.0	6.0	
5.33984	0.1	369	13.0	6.1	6.9	6.1	0.0	6.1	
5.34375	0.1	369	13.0	6.1	6.9	6.1	0.0	6.1	
5.34766	0.1	369	13.0	6.1	6.9	6.1	0.0	6.1	
5.35156	0.1	369	13.0	6.1	6.9	6.1	0.0	6.1	
5.35547	0.1	369	13.0	6.1	6.9	6.1	0.0	6.1	
5.35938	0.1	369	13.0	6.2	6.8	6.2	0.0	6.2	
5.36328	0.1	369	13.0	6.2	6.8	6.2	0.0	6.2	
5.36719	0.1	369	13.0	6.2	6.8	6.2	0.0	6.2	
5.37109	0.1	369	13.0	6.2	6.8	6.2	0.0	6.2	
5.37500	0.0	369	13.0	6.2	6.8	6.2	0.0	6.2	
5.37891	0.1	369	13.0	6.3	6.7	6.3	0.0	6.3	
5.38281	0.1	369	13.0	6.3	6.7	6.3	0.0	6.3	
5.38672	0.1	369	13.0	6.3	6.7	6.3	0.0	6.3	
5.39062	0.1	369	13.0	6.3	6.7	6.3	0.0	6.3	
5.39453	0.1	369	13.0	6.3	6.7	6.3	0.0	6.3	
5.39844	0.1	369	13.0	6.4	6.6	6.4	0.0	6.4	
5.40234	0.1	369	13.0	6.4	6.6	6.4	0.0	6.4	
5.40625	0.1	369	13.0	6.4	6.6	6.4	0.0	6.4	
5.41016	0.1	369	13.0	6.4	6.6	6.4	0.0	6.4	
5.41406	0.1	369	13.0	6.5	6.5	6.5	0.0	6.5	
5.41797	0.1	369	13.0	6.5	6.5	6.5	0.0	6.5	
5.42188	0.1	369	13.0	6.5	6.5	6.5	0.0	6.5	
5.42578	0.1	369	13.0	6.5	6.5	6.5	0.0	6.5	
5.42969	0.1	369	12.9	6.5	6.4	6.5	0.0	6.5	
5.43359	0.1	369	12.9	6.6	6.3	6.6	0.0	6.6	
5.43750	0.1	369	12.9	6.6	6.3	6.6	0.0	6.6	
5.44141	0.2	369	12.9	6.6	6.3	6.6	0.0	6.6	
5.44531	0.1	369	12.9	6.6	6.3	6.6	0.0	6.6	
5.44922	0.1	369	12.9	6.6	6.3	6.6	0.0	6.6	
5.45312	0.2	369	12.9	6.7	6.2	6.7	0.0	6.7	
5.45703	0.2	369	12.9	6.7	6.2	6.7	0.0	6.7	
5.46094	0.1	369	12.9	6.7	6.2	6.7	0.0	6.7	
5.46484	0.1	369	12.9	6.7	6.2	6.7	0.0	6.7	
5.46875	0.1	369	12.8	6.7	6.1	6.7	0.0	6.7	
5.47266	0.1	369	12.8	6.7	6.1	6.7	0.0	6.7	
5.47656	0.1	369	12.8	6.7	6.1	6.7	0.0	6.7	
5.48047	0.1	369	12.8	6.7	6.1	6.7	0.0	6.7	
5.48438	0.1	369	12.8	6.8	6.0	6.8	0.0	6.8	
5.48828	0.1	369	12.8	6.8	6.0	6.8	0.0	6.8	
5.49219	0.1	369	12.8	6.8	6.0	6.8	0.0	6.8	
5.49609	0.1	369	12.8	6.8	6.0	6.8	0.0	6.8	
5.50000	0.1	369	12.8	6.8	6.0	6.8	0.0	6.8	
5.50391	0.1	369	12.8	6.8	6.0	6.8	0.0	6.8	
5.50781	0.1	369	12.8	6.8	6.0	6.8	0.0	6.8	
5.51172	0.1	369	12.8	6.9	5.9	6.9	0.0	6.9	
5.51562	0.1	369	12.8	6.9	5.9	6.9	0.0	6.9	
5.51953	0.1	369	12.8	6.9	5.9	6.9	0.0	6.9	
5.52344	0.1	369	12.8	6.9	5.9	6.9	0.0	6.9	
5.52734	0.0	369	12.8	6.9	5.9	6.9	0.0	6.9	
5.53125	0.1	369	12.8	6.9	5.9	6.9	0.0	6.9	
5.53516	0.1	369	12.8	6.9	5.9	6.9	0.0	6.9	
5.53906	0.1	369	12.8	6.9	5.9	6.9	0.0	6.9	
5.54297	0.1	369	12.8	6.9	5.9	6.9	0.0	6.9	
5.54688	0.1	369	12.8	6.9	5.9	6.9	0.0	6.9	
5.55078	0.1	369	12.8	7.0	5.8	7.0	0.0	7.0	
5.55469	0.1	369	12.8	7.0	5.8	7.0	0.0	7.0	
5.55859	0.1	369	12.8	7.0	5.8	7.0	0.0	7.0	
5.56250	0.0	369	12.8	7.0	5.8	7.0	0.0	7.0	
5.56641	0.1	369	12.8	7.0	5.8	7.0	0.0	7.0	
5.57031	0.1	369	12.8	7.0	5.8	7.0	0.0	7.0	
5.57422	0.1	369	12.8	7.0	5.8	7.0	0.0	7.0	
5.57812	0.1	369	12.8	7.0	5.8	7.0	0.0	7.0	
5.58203	0.1	369	12.8	7.0	5.8	7.0	0.0	7.0	
5.58594	0.1	369	12.8	7.0	5.8	7.0	0.0	7.0	
5.58984	0.1	369	12.8	7.1	5.7	7.1	0.0	7.1	
5.59375	0.1	369	12.8	7.1	5.7	7.1	0.0	7.1	
5.59766	0.1	369	12.8	7.1	5.7	7.1	0.0	7.1	
5.60156	0.1	369	12.8	7.1	5.7	7.1	0.0	7.1	
5.60547	0.1	369	12.8	7.1	5.7	7.1	0.0	7.1	
5.60938	0.1	370	12.8	7.1	5.7	7.1	0.0	7.1	
5.61328	0.1	370	12.8	7.1	5.7	7.1	0.0	7.1	
5.61719	0.1	370	12.8	7.1	5.7	7.1	0.0	7.1	
5.62109	0.1	370	12.8	7.1	5.7	7.1	0.0	7.1	
5.62500	0.1	370	12.8	7.1	5.7	7.1	0.0	7.1	
5.62891	0.1	370	12.8	7.1	5.7	7.1	0.0	7.1	
5.63281	0.1	370	12.8	7.1	5.7	7.1	0.0	7.1	
5.63672	0.1	370	12.8	7.1	5.7	7.1	0.0	7.1	
5.64062	0.1	370	12.8	7.1	5.7	7.1	0.0	7.1	
5.64453	0.1	370	12.8	7.1	5.7	7.1	0.0	7.1	
5.64844	0.1	370	12.8	7.2	5.6	7.2	0.0	7.2	
5.65234	0.1	370	12.8	7.2	5.6	7.2	0.0	7.2	
5.65625	0.1	370	12.8	7.2	5.6	7.2	0.0	7.2	
5.66016	0.1	370	12.8	7.2	5.6	7.2	0.0	7.2	
5.66406	0.1	370	12.8	7.2	5.6	7.2	0.0	7.2	
5.66797	0.1	370	12.8	7.2	5.6	7.2	0.0	7.2	
5.67188	0.1	370	12.8	7.2	5.6	7.2	0.0	7.2	
5.67578	0.1	370	12.8	7.2	5.6	7.2	0.0	7.2	
5.67969	0.1	370	12.8	7.2	5.6	7.2	0.0	7.2	
5.68359	0.0	370	12.8	7.2	5.6	7.2	0.0	7.2	
5.68750	0.0	370	12.8	7.2	5.6	7.2	0.0	7.2	
5.69141	0.0	370	12.8	7.2	5.6	7.2	0.0	7.2	
5.69531	0.0	370	12.8	7.2	5.6	7.2	0.0	7.2	
5.69922	0.1	370	12.8	7.3	5.5	7.3	0.0	7.3	
5.70312	0.0	370	12.9	7.3	5.6	7.3	0.0	7.3	
5.70703	0.0	370	12.8	7.3	5.5	7.3	0.0	7.3	
5.71094	0.0	370	12.9	7.3	5.6	7.3	0.0	7.3	
5.71484	0.0	370	12.9	7.3	5.6	7.3	0.0	7.3	
5.71875	0.1	370	12.9	7.3	5.6	7.3	0.0	7.3	
5.72266	0.1	370	12.9	7.3	5.6	7.3	0.0	7.3	
5.72656	0.0	370	12.9	7.4	5.5	7.4	0.0	7.4	
5.73047	0.0	370	12.9	7.4	5.5	7.4	0.0	7.4	
5.73438	0.1	370	12.9	7.4	5.5	7.4	0.0	7.4	
5.73828	0.1	370	12.9	7.4	5.5	7.4	0.0	7.4	
5.74219	0.0	370	12.9	7.4	5.5	7.4	0.0	7.4	
5.74609	0.0	370	12.9	7.4	5.5	7.4	0.0	7.4	
5.75000	0.0	370	13.0	7.4	5.6	7.4	0.0	7.4	
5.75391	0.1	370	13.0	7.4	5.6	7.4	0.0	7.4	
5.75781	0.0	370	13.0	7.4	5.6	7.4	0.0	7.4	
5.76172	0.0	370	13.0	7.4	5.6	7.4	0.0	7.4	
5.76562	0.1	370	13.0	7.5	5.5	7.5	0.0	7.5	
5.76953	0.0	370	13.0	7.5	5.5	7.5	0.0	7.5	
5.77344	0.0	370	13.0	7.5	5.5	7.5	0.0	7.5	
5.77734	0.1	370	13.0	7.5	5.5	7.5	0.0	7.5	
5.78125	0.1	370	13.0	7.5	5.5	7.5	0.0	7.5	
5.78516	0.1	370	13.0	7.5	5.5	7.5	0.0	7.5	
5.78906	0.1	370	13.0	7.5	5.5	7.5	0.0	7.5	
5.79297	0.1	370	13.0	7.5	5.5	7.5	0.0	7.5	
5.79688	0.1	370	13.0	7.5	5.5	7.5	0.0	7.5	
5.80078	0.0	370	13.0	7.5	5.5	7.5	0.0	7.5	
5.80469	0.1	370	13.0	7.5	5.5	7.5	0.0	7.5	
5.80859	0.1	370	13.0	7.5	5.5	7.5	0.0	7.5	
5.81250	0.1	370	13.0	7.4	5.6	7.4	0.0	7.4	
5.81641	0.1	370	13.0	7.4	5.6	7.4	0.0	7.4	
5.82031	0.1	370	13.0	7.4	5.6	7.4	0.0	7.4	
5.82422	0.1	370	13.0	7.3	5.7	7.3	0.0	7.3	
5.82812	0.2	370	12.9	7.2	5.7	7.2	0.0	7.2	
5.83203	0.2	370	12.9	7.2	5.7	7.2	0.0	7.2	
5.83594	0.1	370	12.9	7.1	5.8	7.1	0.0	7.1	
5.83984	0.1	370	12.9	7.0	5.9	7.0	0.0	7.0	
5.84375	0.1	370	12.9	7.0	5.9	7.0	0.0	7.0	
5.84766	0.1	370	12.9	6.9	6.0	6.9	0.0	6.9	
5.85156	0.1	370	12.9	6.9	6.0	6.9	0.0	6.9	
5.85547	0.1	370	12.9	6.8	6.1	6.8	0.0	6.8	
5.85938	0.0	370	12.9	6.7	6.2	6.7	0.0	6.7	
5.86328	0.0	370	13.0	6.7	6.3	6.7	0.0	6.7	
5.86719	-0.0	370	13.0	6.7	6.3	6.7	0.0	6.7	
5.87109	-0.0	370	13.0	6.6	6.4	6.6	0.0	6.6	
5.87500	-0.0	370	13.0	6.6	6.4	6.6	0.0	6.6	
5.87891	-0.1	370	13.0	6.5	6.5	6.5	0.0	6.5	
5.88281	-0.1	370	13.1	6.5	6.6	6.5	0.0	6.5	
5.88672	-0.1	370	13.1	6.5	6.6	6.5	0.0	6.5	
5.89062	-0.0	370	13.1	6.4	6.7	6.4	0.0	6.4	
5.89453	-0.1	370	13.1	6.4	6.7	6.4	0.0	6.4	
5.89844	-0.0	370	13.1	6.4	6.7	6.4	0.0	6.4	
5.90234	-0.0	370	13.1	6.4	6.7	6.4	0.0	6.4	
5.90625	0.0	370	13.2	6.3	6.9	6.3	0.0	6.3	
5.91016	0.0	370	13.2	6.3	6.9	6.3	0.0	6.3	
5.91406	0.0	370	13.2	6.3	6.9	6.3	0.0	6.3	
5.91797	0.0	370	13.2	6.3	6.9	6.3	0.0	6.3	
5.92188	0.1	370	13.2	6.3	6.9	6.3	0.0	6.3	
5.92578	0.1	370	13.2	6.3	6.9	6.3	0.0	6.3	
5.92969	0.1	370	13.2	6.2	7.0	6.2	0.0	6.2	
5.93359	0.1	370	13.2	6.2	7.0	6.2	0.0	6.2	
5.93750	0.1	370	13.1	6.2	6.9	6.2	0.0	6.2	
5.94141	0.2	370	13.1	6.2	6.9	6.2	0.0	6.2	
5.94531	0.2	370	13.1	6.2	6.9	6.2	0.0	6.2	
5.94922	0.2	370	13.1	6.1	7.0	6.1	0.0	6.1	
5.95312	0.2	370	13.0	6.1	6.9	6.1	0.0	6.1	
5.95703	0.3	370	13.0	6.1	6.9	6.1	0.0	6.1	
5.96094	0.5	370	12.9	6.1	6.8	6.1	0.0	6.1	
5.96484	0.7	370	12.8	6.0	6.8	6.0	0.0	6.0	
5.96875	1.0	370	12.7	6.0	6.7	6.0	0.0	6.0	
5.97266	1.3	370	12.6	6.0	6.6	6.0	0.0	6.0	
5.97656	1.7	370	12.4	5.9	6.5	5.9	0.0	5.9	
5.98047	2.1	370	12.2	5.9	6.3	5.9	0.0	5.9	
5.98438	2.6	371	12.0	5.8	6.2	5.8	0.0	5.8	
5.98828	3.1	371	11.8	5.8	6.0	5.8	0.0	5.8	
5.99219	3.6	371	11.5	5.7	5.8	5.7	0.0	5.7	
5.99609	4.0	371	11.3	5.6	5.7	5.6	0.0	5.6	
6.00000	4.4	372	11.1	5.5	5.6	5.5	0.0	5.5	
6.00391	4.7	372	10.8	5.5	5.3	5.5	0.0	5.5	
6.00781	4.9	372	10.6	5.4	5.2	5.4	0.0	5.4	
6.01172	5.1	372	10.3	5.3	5.0	5.3	0.0	5.3	
6.01562	5.2	373	10.1	5.2	4.9	5.2	0.0	5.2	
6.01953	5.2	373	9.9	5.1	4.8	5.1	0.0	5.1	
6.02344	5.1	373	9.7	5.0	4.7	5.0	0.0	5.0	
6.02734	4.9	374	9.4	4.9	4.5	4.9	0.0	4.9	
6.03125	4.8	374	9.2	4.8	4.4	4.8	0.0	4.8	
6.03516	4.5	374	9.1	4.7	4.4	4.7	0.0	4.7	
6.03906	4.3	375	8.9	4.6	4.3	4.6	0.0	4.6	
6.04297	4.0	375	8.8	4.5	4.3	4.5	0.0	4.5	
6.04688	3.8	375	8.6	4.4	4.2	4.4	0.0	4.4	
6.05078	3.5	375	8.5	4.3	4.2	4.3	0.0	4.3	
6.05469	3.3	376	8.4	4.2	4.2	4.2	0.0	4.2	
6.05859	3.1	376	8.2	4.1	4.1	4.1	0.0	4.1	
6.06250	2.9	376	8.1	4.0	4.1	4.0	0.0	4.0	
6.06641	2.7	376	8.0	3.9	4.1	3.9	0.0	3.9	
6.07031	2.7	376	7.9	3.9	4.0	3.9	0.0	3.9	
6.07422	2.6	377	7.8	3.8	4.0	3.8	0.0	3.8	
6.07812	2.4	377	7.7	3.7	4.0	3.7	0.0	3.7	
6.08203	2.3	377	7.5	3.6	3.9	3.6	0.0	3.6	
6.08594	2.3	377	7.4	3.5	3.9	3.5	0.0	3.5	
6.08984	2.3	377	7.3	3.4	3.9	3.4	0.0	3.4	
6.09375	2.3	377	7.2	3.4	3.8	3.4	0.0	3.4	
6.09766	2.3	377	7.1	3.3	3.8	3.3	0.0	3.3	
6.10156	2.3	378	6.9	3.2	3.7	3.2	0.0	3.2	
6.10547	2.4	378	6.8	3.1	3.7	3.1	0.0	3.1	
6.10938	2.4	378	6.7	3.0	3.7	3.0	0.0	3.0	
6.11328	2.4	378	6.6	3.0	3.6	3.0	0.0	3.0	
6.11719	2.4	378	6.5	2.9	3.6	2.9	0.0	2.9	
6.12109	2.4	378	6.4	2.8	3.6	2.8	0.0	2.8	
6.12500	2.4	379	6.2	2.7	3.5	2.7	0.0	2.7	
6.12891	2.4	379	6.1	2.6	3.5	2.6	0.0	2.6	
6.13281	2.3	379	6.0	2.6	3.4	2.6	0.0	2.6	
6.13672	2.3	379	5.9	2.5	3.4	2.5	0.0	2.5	
6.14062	2.3	379	5.8	2.4	3.4	2.4	0.0	2.4	
6.14453	2.2	379	5.7	2.3	3.4	2.3	0.0	2.3	
6.14844	2.1	379	5.6	2.2	3.4	2.2	0.0	2.2	
6.15234	2.1	380	5.5	2.2	3.3	2.2	0.0	2.2	
6.15625	2.0	380	5.4	2.1	3.3	2.1	0.0	2.1	
6.16016	2.0	380	5.3	2.0	3.3	2.0	0.0	2.0	
6.16406	1.9	380	5.2	1.9	3.3	1.9	0.0	1.9	
6.16797	1.9	380	5.2	1.9	3.3	1.9	0.0	1.9	
6.17188	1.8	380	5.1	1.8	3.3	1.8	0.0	1.8	
6.17578	1.7	380	5.0	1.7	3.3	1.7	0.0	1.7	
6.17969	1.7	380	4.9	1.7	3.2	1.7	0.0	1.7	
6.18359	1.7	381	4.8	1.6	3.2	1.6	0.0	1.6	
6.18750	1.7	381	4.7	1.5	3.2	1.5	0.0	1.5	
6.19141	1.7	381	4.6	1.4	3.2	1.4	0.0	1.4	
6.19531	1.7	381	4.6	1.4	3.2	1.4	0.0	1.4	
6.19922	1.7	381	4.5	1.3	3.2	1.3	0.0	1.3	
6.20312	1.7	381	4.4	1.2	3.2	1.2	0.0	1.2	
6.20703	1.7	381	4.3	1.2	3.1	1.2	0.0	1.2	
6.21094	1.8	381	4.2	1.1	3.1	1.1	0.0	1.1	
6.21484	1.8	381	4.1	1.0	3.1	1.0	0.0	1.0	
6.21875	1.8	382	4.0	1.0	3.0	1.0	0.0	1.0	
6.22266	1.8	382	3.9	0.9	3.0	0.9	0.0	0.9	
6.22656	1.9	382	3.8	0.8	3.0	0.8	0.0	0.8	
6.23047	1.9	382	3.7	0.8	2.9	0.8	0.0	0.8	
6.23438	1.9	382	3.6	0.7	2.9	0.7	0.0	0.7	
6.23828	1.9	382	3.5	0.6	2.9	0.6	0.0	0.6	
6.24219	1.9	382	3.4	0.6	2.8	0.6	0.0	0.6	
6.24609	1.8	382	3.3	0.5	2.8	0.5	0.0	0.5	
6.25000	1.8	383	3.2	0.4	2.8	0.4	0.0	0.4	
6.25391	1.8	383	3.1	0.3	2.8	0.3	0.0	0.3	
6.25781	1.8	383	3.1	0.3	2.8	0.3	0.0	0.3	
6.26172	1.7	383	3.0	0.2	2.8	0.2	0.0	0.2	
6.26562	1.7	383	2.9	0.2	2.7	0.2	0.0	0.2	
6.26953	1.7	383	2.8	0.1	2.7	0.1	0.0	0.1	
6.27344	1.7	383	2.7	0.0	2.7	0.0	0.0	0.0	
6.27734	1.6	383	2.6	-0.1	2.7	-0.1	0.0	-0.1	
6.28125	1.6	383	2.6	-0.1	2.7	-0.1	0.0	-0.1	
6.28516	1.6	383	2.5	-0.2	2.7	-0.2	0.0	-0.2	
6.28906	1.6	384	2.4	-0.3	2.7	-0.3	0.0	-0.3	
6.29297	1.6	384	2.3	-0.4	2.7	-0.4	0.0	-0.4	
6.29688	1.6	384	2.2	-0.4	2.6	-0.4	0.0	-0.4	
6.30078	1.6	384	2.2	-0.5	2.7	-0.5	0.0	-0.5	
6.30469	1.6	384	2.1	-0.6	2.7	-0.6	0.0	-0.6	
6.30859	1.5	384	2.0	-0.6	2.6	-0.6	0.0	-0.6	
6.31250	1.5	384	1.9	-0.7	2.6	-0.7	0.0	-0.7	
6.31641	1.5	384	1.9	-0.8	2.7	-0.8	0.0	-0.8	
6.32031	1.5	384	1.8	-0.8	2.6	-0.8	0.0	-0.8	
6.32422	1.5	385	1.7	-0.9	2.6	-0.9	0.0	-0.9	
6.32812	1.4	385	1.6	-1.0	2.6	-1.0	0.0	-1.0	
6.33203	1.4	385	1.6	-1.0	2.6	-1.0	0.0	-1.0	
6.33594	1.4	385	1.5	-1.1	2.6	-1.1	0.0	-1.1	
6.33984	1.3	385	1.4	-1.2	2.6	-1.2	0.0	-1.2	
6.34375	1.3	385	1.4	-1.2	2.6	-1.2	0.0	-1.2	
6.34766	1.2	385	1.3	-1.3	2.6	-1.3	0.0	-1.3	
6.35156	1.1	385	1.3	-1.3	2.6	-1.3	0.0	-1.3	
6.35547	1.1	385	1.2	-1.4	2.6	-1.4	0.0	-1.4	
6.35938	1.0	385	1.2	-1.5	2.7	-1.5	0.0	-1.5	
6.36328	0.9	385	1.1	-1.5	2.6	-1.5	0.0	-1.5	
6.36719	0.9	385	1.1	-1.6	2.7	-1.6	0.0	-1.6	
6.37109	0.8	385	1.1	-1.6	2.7	-1.6	0.0	-1.6	
6.37500	0.6	385	1.1	-1.7	2.8	-1.7	0.0	-1.7	
6.37891	0.6	385	1.1	-1.8	2.9	-1.8	0.0	-1.8	
6.38281	0.5	386	1.1	-1.8	2.9	-1.8	0.0	-1.8	
6.38672	0.4	386	1.1	-1.8	2.9	-1.8	0.0	-1.8	
6.39062	0.3	386	1.0	-1.9	2.9	-1.9	0.0	-1.9	
6.39453	0.2	386	1.1	-1.9	3.0	-1.9	0.0	-1.9	
6.39844	0.1	386	1.1	-2.0	3.1	-2.0	0.0	-2.0	
6.40234	0.1	386	1.1	-2.0	3.1	-2.0	0.0	-2.0	
6.40625	-0.0	386	1.2	-2.0	3.2	-2.0	0.0	-2.0	
6.41016	-0.1	386	1.2	-2.1	3.3	-2.1	0.0	-2.1	
6.41406	-0.2	386	1.3	-2.1	3.4	-2.1	0.0	-2.1	
