FluxView - FluxMed acquisition system
Signal file
Serial Number	:
W version:	1.20h-OX-CO2	File version:	1.13
Sampling rate:	256 Hz
Time	Flow	Volume	Paw	Pes	Ptpulm	Pga	Ptdiaf	CO2	
0.00391	0.8	48209	-1.5	4.9	-6.4	4.9	0.0	4.9	
0.00781	0.8	48210	-1.5	4.8	-6.3	4.8	0.0	4.8	
0.01172	0.7	48210	-1.6	4.7	-6.3	4.7	0.0	4.7	
0.01562	0.7	48210	-1.6	4.6	-6.2	4.6	0.0	4.6	
0.01953	0.7	48210	-1.7	4.5	-6.2	4.5	0.0	4.5	
0.02344	0.7	48210	-1.7	4.4	-6.1	4.4	0.0	4.4	
0.02734	0.7	48210	-1.7	4.3	-6.0	4.3	0.0	4.3	
0.03125	0.6	48210	-1.8	4.3	-6.1	4.3	0.0	4.3	
0.03516	0.6	48210	-1.8	4.2	-6.0	4.2	0.0	4.2	
0.03906	0.5	48210	-1.8	4.1	-5.9	4.1	0.0	4.1	
0.04297	0.4	48210	-1.9	4.0	-5.9	4.0	0.0	4.0	
0.04688	0.3	48210	-1.9	3.9	-5.8	3.9	0.0	3.9	
0.05078	0.2	48210	-1.9	3.8	-5.7	3.8	0.0	3.8	
0.05469	0.1	48210	-1.8	3.8	-5.6	3.8	0.0	3.8	
0.05859	0.0	48210	-1.8	3.7	-5.5	3.7	0.0	3.7	
0.06250	-0.2	48210	-1.7	3.6	-5.3	3.6	0.0	3.6	
0.06641	-0.4	48210	-1.6	3.6	-5.2	3.6	0.0	3.6	
0.07031	-0.6	48210	-1.5	3.5	-5.0	3.5	0.0	3.5	
0.07422	-0.8	48210	-1.4	3.4	-4.8	3.4	0.0	3.4	
0.07812	-1.1	48210	-1.2	3.4	-4.6	3.4	0.0	3.4	
0.08203	-1.4	48210	-1.1	3.4	-4.5	3.4	0.0	3.4	
0.08594	-1.8	48210	-0.9	3.3	-4.2	3.3	0.0	3.3	
0.08984	-2.3	48209	-0.6	3.3	-3.9	3.3	0.0	3.3	
0.09375	-2.8	48209	-0.4	3.3	-3.7	3.3	0.0	3.3	
0.09766	-3.3	48209	-0.1	3.3	-3.4	3.3	0.0	3.3	
0.10156	-3.9	48209	0.2	3.3	-3.1	3.3	0.0	3.3	
0.10547	-4.5	48208	0.5	3.3	-2.8	3.3	0.0	3.3	
0.10938	-5.1	48208	0.8	3.3	-2.5	3.3	0.0	3.3	
0.11328	-5.7	48208	1.2	3.3	-2.1	3.3	0.0	3.3	
0.11719	-6.3	48207	1.6	3.4	-1.8	3.4	0.0	3.4	
0.12109	-6.8	48207	2.0	3.4	-1.4	3.4	0.0	3.4	
0.12500	-7.3	48206	2.4	3.5	-1.1	3.5	0.0	3.5	
0.12891	-7.8	48206	2.8	3.6	-0.8	3.6	0.0	3.6	
0.13281	-8.1	48205	3.2	3.7	-0.5	3.7	0.0	3.7	
0.13672	-8.5	48205	3.6	3.8	-0.2	3.8	0.0	3.8	
0.14062	-8.7	48204	4.0	3.9	0.1	3.9	0.0	3.9	
0.14453	-8.9	48204	4.4	4.0	0.4	4.0	0.0	4.0	
0.14844	-9.0	48203	4.8	4.1	0.7	4.1	0.0	4.1	
0.15234	-9.0	48202	5.2	4.2	1.0	4.2	0.0	4.2	
0.15625	-8.9	48202	5.6	4.4	1.2	4.4	0.0	4.4	
0.16016	-8.8	48201	5.9	4.5	1.4	4.5	0.0	4.5	
0.16406	-8.6	48201	6.3	4.7	1.6	4.7	0.0	4.7	
0.16797	-8.4	48200	6.6	4.8	1.8	4.8	0.0	4.8	
0.17188	-8.1	48200	6.9	5.0	1.9	5.0	0.0	5.0	
0.17578	-7.7	48199	7.2	5.1	2.1	5.1	0.0	5.1	
0.17969	-7.4	48199	7.6	5.3	2.3	5.3	0.0	5.3	
0.18359	-7.1	48198	7.8	5.5	2.3	5.5	0.0	5.5	
0.18750	-6.8	48198	8.1	5.7	2.4	5.7	0.0	5.7	
0.19141	-6.4	48197	8.3	5.9	2.4	5.9	0.0	5.9	
0.19531	-6.0	48197	8.5	6.0	2.5	6.0	0.0	6.0	
0.19922	-5.7	48197	8.7	6.2	2.5	6.2	0.0	6.2	
0.20312	-5.3	48196	8.9	6.4	2.5	6.4	0.0	6.4	
0.20703	-5.0	48196	9.1	6.6	2.5	6.6	0.0	6.6	
0.21094	-4.6	48196	9.3	6.7	2.6	6.7	0.0	6.7	
0.21484	-4.3	48195	9.4	6.9	2.5	6.9	0.0	6.9	
0.21875	-4.0	48195	9.6	7.1	2.5	7.1	0.0	7.1	
0.22266	-3.7	48195	9.7	7.3	2.4	7.3	0.0	7.3	
0.22656	-3.5	48195	9.9	7.5	2.4	7.5	0.0	7.5	
0.23047	-3.3	48194	10.0	7.7	2.3	7.7	0.0	7.7	
0.23438	-3.1	48194	10.1	7.8	2.3	7.8	0.0	7.8	
0.23828	-3.0	48194	10.2	8.0	2.2	8.0	0.0	8.0	
0.24219	-2.8	48194	10.3	8.2	2.1	8.2	0.0	8.2	
0.24609	-2.7	48194	10.4	8.4	2.0	8.4	0.0	8.4	
0.25000	-2.6	48194	10.5	8.5	2.0	8.5	0.0	8.5	
0.25391	-2.4	48193	10.6	8.7	1.9	8.7	0.0	8.7	
0.25781	-2.3	48193	10.7	8.9	1.8	8.9	0.0	8.9	
0.26172	-2.2	48193	10.8	9.1	1.7	9.1	0.0	9.1	
0.26562	-2.1	48193	10.9	9.3	1.6	9.3	0.0	9.3	
0.26953	-2.0	48193	10.9	9.4	1.5	9.4	0.0	9.4	
0.27344	-1.9	48193	11.0	9.6	1.4	9.6	0.0	9.6	
0.27734	-1.8	48193	11.1	9.8	1.3	9.8	0.0	9.8	
0.28125	-1.6	48192	11.1	9.9	1.2	9.9	0.0	9.9	
0.28516	-1.6	48192	11.2	10.1	1.1	10.1	0.0	10.1	
0.28906	-1.5	48192	11.2	10.3	0.9	10.3	0.0	10.3	
0.29297	-1.4	48192	11.3	10.4	0.9	10.4	0.0	10.4	
0.29688	-1.3	48192	11.3	10.6	0.7	10.6	0.0	10.6	
0.30078	-1.2	48192	11.4	10.8	0.6	10.8	0.0	10.8	
0.30469	-1.1	48192	11.4	10.9	0.5	10.9	0.0	10.9	
0.30859	-1.0	48192	11.5	11.1	0.4	11.1	0.0	11.1	
0.31250	-1.0	48192	11.5	11.3	0.2	11.3	0.0	11.3	
0.31641	-0.9	48192	11.6	11.4	0.2	11.4	0.0	11.4	
0.32031	-0.8	48192	11.6	11.6	0.0	11.6	0.0	11.6	
0.32422	-0.8	48192	11.6	11.7	-0.1	11.7	0.0	11.7	
0.32812	-0.7	48192	11.7	11.8	-0.1	11.8	0.0	11.8	
0.33203	-0.7	48192	11.7	12.0	-0.3	12.0	0.0	12.0	
0.33594	-0.6	48191	11.7	12.2	-0.5	12.2	0.0	12.2	
0.33984	-0.6	48191	11.7	12.3	-0.6	12.3	0.0	12.3	
0.34375	-0.5	48191	11.8	12.4	-0.6	12.4	0.0	12.4	
0.34766	-0.5	48191	11.8	12.6	-0.8	12.6	0.0	12.6	
0.35156	-0.5	48191	11.8	12.7	-0.9	12.7	0.0	12.7	
0.35547	-0.4	48191	11.8	12.8	-1.0	12.8	0.0	12.8	
0.35938	-0.4	48191	11.8	13.0	-1.2	13.0	0.0	13.0	
0.36328	-0.4	48191	11.9	13.1	-1.2	13.1	0.0	13.1	
0.36719	-0.3	48191	11.9	13.2	-1.3	13.2	0.0	13.2	
0.37109	-0.3	48191	11.9	13.3	-1.4	13.3	0.0	13.3	
0.37500	-0.3	48191	11.9	13.4	-1.5	13.4	0.0	13.4	
0.37891	-0.3	48191	11.9	13.6	-1.7	13.6	0.0	13.6	
0.38281	-0.3	48191	11.9	13.7	-1.8	13.7	0.0	13.7	
0.38672	-0.3	48191	11.9	13.8	-1.9	13.8	0.0	13.8	
0.39062	-0.3	48191	11.9	13.9	-2.0	13.9	0.0	13.9	
0.39453	-0.2	48191	11.9	14.0	-2.1	14.0	0.0	14.0	
0.39844	-0.2	48191	11.9	14.1	-2.2	14.1	0.0	14.1	
0.40234	-0.2	48191	11.9	14.2	-2.3	14.2	0.0	14.2	
0.40625	-0.3	48191	12.0	14.3	-2.3	14.3	0.0	14.3	
0.41016	-0.2	48191	12.0	14.5	-2.5	14.5	0.0	14.5	
0.41406	-0.2	48191	12.0	14.6	-2.6	14.6	0.0	14.6	
0.41797	-0.2	48191	12.0	14.6	-2.6	14.6	0.0	14.6	
0.42188	-0.3	48191	12.0	14.7	-2.7	14.7	0.0	14.7	
0.42578	-0.2	48191	12.0	14.8	-2.8	14.8	0.0	14.8	
0.42969	-0.2	48191	12.0	14.9	-2.9	14.9	0.0	14.9	
0.43359	-0.2	48191	12.0	15.0	-3.0	15.0	0.0	15.0	
0.43750	-0.2	48191	12.0	15.1	-3.1	15.1	0.0	15.1	
0.44141	-0.2	48191	12.0	15.2	-3.2	15.2	0.0	15.2	
0.44531	-0.2	48191	12.1	15.2	-3.1	15.2	0.0	15.2	
0.44922	-0.2	48191	12.1	15.3	-3.2	15.3	0.0	15.3	
0.45312	-0.2	48191	12.1	15.4	-3.3	15.4	0.0	15.4	
0.45703	-0.2	48191	12.1	15.5	-3.4	15.5	0.0	15.5	
0.46094	-0.2	48191	12.1	15.6	-3.5	15.6	0.0	15.6	
0.46484	-0.2	48191	12.1	15.6	-3.5	15.6	0.0	15.6	
0.46875	-0.2	48191	12.1	15.7	-3.6	15.7	0.0	15.7	
0.47266	-0.2	48191	12.1	15.8	-3.7	15.8	0.0	15.8	
0.47656	-0.2	48191	12.1	15.8	-3.7	15.8	0.0	15.8	
0.48047	-0.2	48191	12.1	15.9	-3.8	15.9	0.0	15.9	
0.48438	-0.2	48191	12.1	15.9	-3.8	15.9	0.0	15.9	
0.48828	-0.2	48191	12.1	16.0	-3.9	16.0	0.0	16.0	
0.49219	-0.2	48191	12.1	16.1	-4.0	16.1	0.0	16.1	
0.49609	-0.2	48191	12.1	16.1	-4.0	16.1	0.0	16.1	
0.50000	-0.1	48191	12.1	16.2	-4.1	16.2	0.0	16.2	
0.50391	-0.2	48191	12.1	16.2	-4.1	16.2	0.0	16.2	
0.50781	-0.2	48191	12.1	16.3	-4.2	16.3	0.0	16.3	
0.51172	-0.2	48191	12.1	16.3	-4.2	16.3	0.0	16.3	
0.51562	-0.2	48191	12.1	16.4	-4.3	16.4	0.0	16.4	
0.51953	-0.2	48191	12.1	16.4	-4.3	16.4	0.0	16.4	
0.52344	-0.2	48191	12.1	16.5	-4.4	16.5	0.0	16.5	
0.52734	-0.1	48191	12.1	16.5	-4.4	16.5	0.0	16.5	
0.53125	-0.2	48191	12.1	16.5	-4.4	16.5	0.0	16.5	
0.53516	-0.2	48191	12.1	16.6	-4.5	16.6	0.0	16.6	
0.53906	-0.2	48191	12.1	16.6	-4.5	16.6	0.0	16.6	
0.54297	-0.2	48191	12.2	16.7	-4.5	16.7	0.0	16.7	
0.54688	-0.2	48191	12.2	16.7	-4.5	16.7	0.0	16.7	
0.55078	-0.2	48191	12.2	16.8	-4.6	16.8	0.0	16.8	
0.55469	-0.2	48191	12.2	16.8	-4.6	16.8	0.0	16.8	
0.55859	-0.2	48191	12.2	16.8	-4.6	16.8	0.0	16.8	
0.56250	-0.2	48191	12.2	16.9	-4.7	16.9	0.0	16.9	
0.56641	-0.2	48191	12.2	16.9	-4.7	16.9	0.0	16.9	
0.57031	-0.2	48191	12.2	16.9	-4.7	16.9	0.0	16.9	
0.57422	-0.2	48191	12.2	17.0	-4.8	17.0	0.0	17.0	
0.57812	-0.2	48191	12.3	17.0	-4.7	17.0	0.0	17.0	
0.58203	-0.2	48191	12.3	17.0	-4.7	17.0	0.0	17.0	
0.58594	-0.3	48190	12.3	17.1	-4.8	17.1	0.0	17.1	
0.58984	-0.3	48190	12.3	17.1	-4.8	17.1	0.0	17.1	
0.59375	-0.3	48190	12.3	17.1	-4.8	17.1	0.0	17.1	
0.59766	-0.2	48190	12.4	17.2	-4.8	17.2	0.0	17.2	
0.60156	-0.2	48190	12.4	17.2	-4.8	17.2	0.0	17.2	
0.60547	-0.3	48190	12.4	17.2	-4.8	17.2	0.0	17.2	
0.60938	-0.3	48190	12.4	17.3	-4.9	17.3	0.0	17.3	
0.61328	-0.3	48190	12.4	17.3	-4.9	17.3	0.0	17.3	
0.61719	-0.2	48190	12.4	17.3	-4.9	17.3	0.0	17.3	
0.62109	-0.2	48190	12.4	17.4	-5.0	17.4	0.0	17.4	
0.62500	-0.2	48190	12.5	17.4	-4.9	17.4	0.0	17.4	
0.62891	-0.2	48190	12.5	17.4	-4.9	17.4	0.0	17.4	
0.63281	-0.2	48190	12.5	17.4	-4.9	17.4	0.0	17.4	
0.63672	-0.2	48190	12.5	17.4	-4.9	17.4	0.0	17.4	
0.64062	-0.2	48190	12.5	17.5	-5.0	17.5	0.0	17.5	
0.64453	-0.1	48190	12.5	17.5	-5.0	17.5	0.0	17.5	
0.64844	-0.1	48190	12.4	17.5	-5.1	17.5	0.0	17.5	
0.65234	-0.1	48190	12.4	17.6	-5.2	17.6	0.0	17.6	
0.65625	-0.0	48190	12.4	17.6	-5.2	17.6	0.0	17.6	
0.66016	-0.0	48190	12.4	17.6	-5.2	17.6	0.0	17.6	
0.66406	0.0	48190	12.3	17.6	-5.3	17.6	0.0	17.6	
0.66797	0.0	48190	12.3	17.6	-5.3	17.6	0.0	17.6	
0.67188	-0.0	48190	12.2	17.7	-5.5	17.7	0.0	17.7	
0.67578	-0.0	48190	12.2	17.7	-5.5	17.7	0.0	17.7	
0.67969	-0.0	48190	12.2	17.7	-5.5	17.7	0.0	17.7	
0.68359	0.0	48190	12.2	17.7	-5.5	17.7	0.0	17.7	
0.68750	-0.0	48190	12.1	17.7	-5.6	17.7	0.0	17.7	
0.69141	-0.0	48190	12.1	17.7	-5.6	17.7	0.0	17.7	
0.69531	-0.1	48190	12.1	17.7	-5.6	17.7	0.0	17.7	
0.69922	-0.1	48190	12.1	17.7	-5.6	17.7	0.0	17.7	
0.70312	-0.2	48190	12.1	17.8	-5.7	17.8	0.0	17.8	
0.70703	-0.2	48190	12.2	17.8	-5.6	17.8	0.0	17.8	
0.71094	-0.2	48190	12.2	17.7	-5.5	17.7	0.0	17.7	
0.71484	-0.3	48190	12.2	17.8	-5.6	17.8	0.0	17.8	
0.71875	-0.3	48190	12.3	17.8	-5.5	17.8	0.0	17.8	
0.72266	-0.3	48190	12.3	17.8	-5.5	17.8	0.0	17.8	
0.72656	-0.4	48190	12.4	17.8	-5.4	17.8	0.0	17.8	
0.73047	-0.4	48190	12.4	17.8	-5.4	17.8	0.0	17.8	
0.73438	-0.3	48190	12.4	17.8	-5.4	17.8	0.0	17.8	
0.73828	-0.4	48190	12.5	17.8	-5.3	17.8	0.0	17.8	
0.74219	-0.4	48190	12.5	17.8	-5.3	17.8	0.0	17.8	
0.74609	-0.4	48190	12.5	17.8	-5.3	17.8	0.0	17.8	
0.75000	-0.3	48190	12.5	17.7	-5.2	17.7	0.0	17.7	
0.75391	-0.3	48190	12.6	17.8	-5.2	17.8	0.0	17.8	
0.75781	-0.3	48190	12.6	17.7	-5.1	17.7	0.0	17.7	
0.76172	-0.2	48190	12.6	17.7	-5.1	17.7	0.0	17.7	
0.76562	-0.2	48190	12.6	17.7	-5.1	17.7	0.0	17.7	
0.76953	-0.2	48190	12.6	17.7	-5.1	17.7	0.0	17.7	
0.77344	-0.2	48190	12.6	17.7	-5.1	17.7	0.0	17.7	
0.77734	-0.2	48190	12.6	17.7	-5.1	17.7	0.0	17.7	
0.78125	-0.2	48190	12.6	17.7	-5.1	17.7	0.0	17.7	
0.78516	-0.1	48190	12.6	17.7	-5.1	17.7	0.0	17.7	
0.78906	-0.1	48190	12.6	17.7	-5.1	17.7	0.0	17.7	
0.79297	-0.1	48190	12.6	17.7	-5.1	17.7	0.0	17.7	
0.79688	-0.1	48190	12.6	17.6	-5.0	17.6	0.0	17.6	
0.80078	-0.1	48190	12.6	17.6	-5.0	17.6	0.0	17.6	
0.80469	-0.1	48190	12.6	17.6	-5.0	17.6	0.0	17.6	
0.80859	-0.1	48190	12.6	17.6	-5.0	17.6	0.0	17.6	
0.81250	-0.1	48190	12.6	17.6	-5.0	17.6	0.0	17.6	
0.81641	-0.1	48190	12.6	17.5	-4.9	17.5	0.0	17.5	
0.82031	-0.2	48190	12.6	17.5	-4.9	17.5	0.0	17.5	
0.82422	-0.2	48190	12.6	17.5	-4.9	17.5	0.0	17.5	
0.82812	-0.1	48190	12.6	17.4	-4.8	17.4	0.0	17.4	
0.83203	-0.1	48190	12.6	17.4	-4.8	17.4	0.0	17.4	
0.83594	-0.2	48190	12.6	17.4	-4.8	17.4	0.0	17.4	
0.83984	-0.2	48190	12.6	17.4	-4.8	17.4	0.0	17.4	
0.84375	-0.1	48190	12.6	17.3	-4.7	17.3	0.0	17.3	
0.84766	-0.2	48190	12.6	17.3	-4.7	17.3	0.0	17.3	
0.85156	-0.2	48190	12.6	17.3	-4.7	17.3	0.0	17.3	
0.85547	-0.2	48190	12.6	17.2	-4.6	17.2	0.0	17.2	
0.85938	-0.2	48190	12.6	17.2	-4.6	17.2	0.0	17.2	
0.86328	-0.2	48190	12.7	17.2	-4.5	17.2	0.0	17.2	
0.86719	-0.2	48190	12.7	17.1	-4.4	17.1	0.0	17.1	
0.87109	-0.2	48190	12.7	17.1	-4.4	17.1	0.0	17.1	
0.87500	-0.1	48190	12.7	17.1	-4.4	17.1	0.0	17.1	
0.87891	-0.1	48190	12.7	17.0	-4.3	17.0	0.0	17.0	
0.88281	-0.1	48190	12.7	17.0	-4.3	17.0	0.0	17.0	
0.88672	-0.1	48190	12.7	17.0	-4.3	17.0	0.0	17.0	
0.89062	-0.1	48190	12.7	16.9	-4.2	16.9	0.0	16.9	
0.89453	-0.1	48190	12.7	16.9	-4.2	16.9	0.0	16.9	
0.89844	-0.1	48190	12.7	16.9	-4.2	16.9	0.0	16.9	
0.90234	-0.1	48190	12.7	16.8	-4.1	16.8	0.0	16.8	
0.90625	-0.1	48190	12.7	16.8	-4.1	16.8	0.0	16.8	
0.91016	-0.1	48190	12.6	16.7	-4.1	16.7	0.0	16.7	
0.91406	-0.1	48190	12.6	16.7	-4.1	16.7	0.0	16.7	
0.91797	-0.1	48190	12.6	16.7	-4.1	16.7	0.0	16.7	
0.92188	-0.1	48190	12.6	16.6	-4.0	16.6	0.0	16.6	
0.92578	-0.1	48190	12.6	16.6	-4.0	16.6	0.0	16.6	
0.92969	-0.0	48190	12.6	16.5	-3.9	16.5	0.0	16.5	
0.93359	-0.0	48190	12.5	16.5	-4.0	16.5	0.0	16.5	
0.93750	-0.0	48190	12.5	16.4	-3.9	16.4	0.0	16.4	
0.94141	-0.0	48190	12.5	16.4	-3.9	16.4	0.0	16.4	
0.94531	-0.0	48190	12.5	16.3	-3.8	16.3	0.0	16.3	
0.94922	-0.1	48190	12.5	16.3	-3.8	16.3	0.0	16.3	
0.95312	-0.1	48190	12.5	16.2	-3.7	16.2	0.0	16.2	
0.95703	-0.1	48190	12.4	16.2	-3.8	16.2	0.0	16.2	
0.96094	-0.1	48190	12.4	16.1	-3.7	16.1	0.0	16.1	
0.96484	-0.1	48190	12.4	16.1	-3.7	16.1	0.0	16.1	
0.96875	-0.1	48190	12.4	16.1	-3.7	16.1	0.0	16.1	
0.97266	-0.1	48189	12.4	16.0	-3.6	16.0	0.0	16.0	
0.97656	-0.1	48189	12.4	16.0	-3.6	16.0	0.0	16.0	
0.98047	-0.1	48189	12.4	15.9	-3.5	15.9	0.0	15.9	
0.98438	-0.1	48189	12.4	15.9	-3.5	15.9	0.0	15.9	
0.98828	-0.1	48189	12.4	15.9	-3.5	15.9	0.0	15.9	
0.99219	-0.2	48189	12.4	15.8	-3.4	15.8	0.0	15.8	
0.99609	-0.1	48189	12.4	15.8	-3.4	15.8	0.0	15.8	
1.00000	-0.2	48189	12.4	15.8	-3.4	15.8	0.0	15.8	
1.00391	-0.2	48189	12.4	15.7	-3.3	15.7	0.0	15.7	
1.00781	-0.1	48189	12.5	15.7	-3.2	15.7	0.0	15.7	
1.01172	-0.2	48189	12.5	15.7	-3.2	15.7	0.0	15.7	
1.01562	-0.2	48189	12.5	15.6	-3.1	15.6	0.0	15.6	
1.01953	-0.1	48189	12.5	15.6	-3.1	15.6	0.0	15.6	
1.02344	-0.1	48189	12.5	15.6	-3.1	15.6	0.0	15.6	
1.02734	-0.2	48189	12.5	15.5	-3.0	15.5	0.0	15.5	
1.03125	-0.2	48189	12.5	15.5	-3.0	15.5	0.0	15.5	
1.03516	-0.2	48189	12.5	15.5	-3.0	15.5	0.0	15.5	
1.03906	-0.1	48189	12.5	15.4	-2.9	15.4	0.0	15.4	
1.04297	-0.2	48189	12.5	15.4	-2.9	15.4	0.0	15.4	
1.04688	-0.2	48189	12.5	15.4	-2.9	15.4	0.0	15.4	
1.05078	-0.2	48189	12.6	15.3	-2.7	15.3	0.0	15.3	
1.05469	-0.1	48189	12.6	15.3	-2.7	15.3	0.0	15.3	
1.05859	-0.1	48189	12.6	15.3	-2.7	15.3	0.0	15.3	
1.06250	-0.1	48189	12.6	15.2	-2.6	15.2	0.0	15.2	
1.06641	-0.1	48189	12.6	15.2	-2.6	15.2	0.0	15.2	
1.07031	-0.2	48189	12.6	15.2	-2.6	15.2	0.0	15.2	
1.07422	-0.1	48189	12.6	15.2	-2.6	15.2	0.0	15.2	
1.07812	-0.1	48189	12.6	15.1	-2.5	15.1	0.0	15.1	
1.08203	-0.1	48189	12.6	15.1	-2.5	15.1	0.0	15.1	
1.08594	-0.2	48189	12.6	15.1	-2.5	15.1	0.0	15.1	
1.08984	-0.1	48189	12.6	15.1	-2.5	15.1	0.0	15.1	
1.09375	-0.1	48189	12.5	15.0	-2.5	15.0	0.0	15.0	
1.09766	-0.1	48189	12.6	15.0	-2.4	15.0	0.0	15.0	
1.10156	-0.1	48189	12.6	15.0	-2.4	15.0	0.0	15.0	
1.10547	-0.1	48189	12.5	14.9	-2.4	14.9	0.0	14.9	
1.10938	-0.1	48189	12.5	14.9	-2.4	14.9	0.0	14.9	
1.11328	-0.1	48189	12.5	14.9	-2.4	14.9	0.0	14.9	
1.11719	-0.1	48189	12.5	14.9	-2.4	14.9	0.0	14.9	
1.12109	-0.1	48189	12.5	14.9	-2.4	14.9	0.0	14.9	
1.12500	-0.1	48189	12.5	14.8	-2.3	14.8	0.0	14.8	
1.12891	-0.1	48189	12.5	14.8	-2.3	14.8	0.0	14.8	
1.13281	-0.1	48189	12.5	14.8	-2.3	14.8	0.0	14.8	
1.13672	-0.1	48189	12.5	14.8	-2.3	14.8	0.0	14.8	
1.14062	-0.1	48189	12.5	14.8	-2.3	14.8	0.0	14.8	
1.14453	-0.1	48189	12.5	14.7	-2.2	14.7	0.0	14.7	
1.14844	-0.1	48189	12.5	14.7	-2.2	14.7	0.0	14.7	
1.15234	-0.1	48189	12.5	14.7	-2.2	14.7	0.0	14.7	
1.15625	-0.1	48189	12.5	14.7	-2.2	14.7	0.0	14.7	
1.16016	-0.1	48189	12.5	14.7	-2.2	14.7	0.0	14.7	
1.16406	-0.1	48189	12.5	14.6	-2.1	14.6	0.0	14.6	
1.16797	-0.1	48189	12.5	14.6	-2.1	14.6	0.0	14.6	
1.17188	-0.1	48189	12.5	14.6	-2.1	14.6	0.0	14.6	
1.17578	-0.1	48189	12.5	14.6	-2.1	14.6	0.0	14.6	
1.17969	-0.1	48189	12.5	14.6	-2.1	14.6	0.0	14.6	
1.18359	-0.1	48189	12.5	14.6	-2.1	14.6	0.0	14.6	
1.18750	-0.1	48189	12.5	14.6	-2.1	14.6	0.0	14.6	
1.19141	-0.1	48189	12.5	14.5	-2.0	14.5	0.0	14.5	
1.19531	-0.2	48189	12.5	14.5	-2.0	14.5	0.0	14.5	
1.19922	-0.1	48189	12.5	14.5	-2.0	14.5	0.0	14.5	
1.20312	-0.1	48189	12.5	14.5	-2.0	14.5	0.0	14.5	
1.20703	-0.1	48189	12.5	14.5	-2.0	14.5	0.0	14.5	
1.21094	-0.1	48189	12.5	14.5	-2.0	14.5	0.0	14.5	
1.21484	-0.1	48189	12.5	14.5	-2.0	14.5	0.0	14.5	
1.21875	-0.1	48189	12.5	14.5	-2.0	14.5	0.0	14.5	
1.22266	-0.1	48189	12.5	14.4	-1.9	14.4	0.0	14.4	
1.22656	-0.1	48189	12.5	14.4	-1.9	14.4	0.0	14.4	
1.23047	-0.1	48189	12.5	14.4	-1.9	14.4	0.0	14.4	
1.23438	-0.1	48189	12.5	14.4	-1.9	14.4	0.0	14.4	
1.23828	-0.1	48189	12.5	14.4	-1.9	14.4	0.0	14.4	
1.24219	-0.1	48189	12.4	14.4	-2.0	14.4	0.0	14.4	
1.24609	-0.1	48189	12.4	14.4	-2.0	14.4	0.0	14.4	
1.25000	-0.1	48189	12.4	14.4	-2.0	14.4	0.0	14.4	
1.25391	-0.1	48189	12.4	14.3	-1.9	14.3	0.0	14.3	
1.25781	-0.1	48189	12.4	14.3	-1.9	14.3	0.0	14.3	
1.26172	-0.1	48189	12.4	14.3	-1.9	14.3	0.0	14.3	
1.26562	-0.1	48189	12.5	14.3	-1.8	14.3	0.0	14.3	
1.26953	-0.2	48189	12.5	14.3	-1.8	14.3	0.0	14.3	
1.27344	-0.2	48189	12.4	14.3	-1.9	14.3	0.0	14.3	
1.27734	-0.1	48189	12.5	14.3	-1.8	14.3	0.0	14.3	
1.28125	-0.1	48189	12.5	14.3	-1.8	14.3	0.0	14.3	
1.28516	-0.1	48189	12.5	14.3	-1.8	14.3	0.0	14.3	
1.28906	-0.1	48189	12.5	14.2	-1.7	14.2	0.0	14.2	
1.29297	-0.1	48189	12.5	14.2	-1.7	14.2	0.0	14.2	
1.29688	-0.2	48189	12.5	14.2	-1.7	14.2	0.0	14.2	
1.30078	-0.2	48189	12.5	14.2	-1.7	14.2	0.0	14.2	
1.30469	-0.2	48189	12.5	14.2	-1.7	14.2	0.0	14.2	
1.30859	-0.2	48189	12.5	14.2	-1.7	14.2	0.0	14.2	
1.31250	-0.2	48189	12.6	14.2	-1.6	14.2	0.0	14.2	
1.31641	-0.2	48189	12.6	14.2	-1.6	14.2	0.0	14.2	
1.32031	-0.2	48189	12.6	14.2	-1.6	14.2	0.0	14.2	
1.32422	-0.2	48189	12.6	14.2	-1.6	14.2	0.0	14.2	
1.32812	-0.2	48189	12.6	14.2	-1.6	14.2	0.0	14.2	
1.33203	-0.2	48189	12.6	14.2	-1.6	14.2	0.0	14.2	
1.33594	-0.2	48189	12.6	14.2	-1.6	14.2	0.0	14.2	
1.33984	-0.2	48189	12.7	14.2	-1.5	14.2	0.0	14.2	
1.34375	-0.2	48189	12.7	14.2	-1.5	14.2	0.0	14.2	
1.34766	-0.2	48189	12.7	14.3	-1.6	14.3	0.0	14.3	
1.35156	-0.2	48189	12.7	14.3	-1.6	14.3	0.0	14.3	
1.35547	-0.2	48189	12.7	14.3	-1.6	14.3	0.0	14.3	
1.35938	-0.1	48189	12.7	14.3	-1.6	14.3	0.0	14.3	
1.36328	-0.1	48189	12.7	14.3	-1.6	14.3	0.0	14.3	
1.36719	-0.1	48189	12.7	14.3	-1.6	14.3	0.0	14.3	
1.37109	-0.2	48189	12.7	14.3	-1.6	14.3	0.0	14.3	
1.37500	-0.1	48189	12.7	14.3	-1.6	14.3	0.0	14.3	
1.37891	-0.1	48189	12.7	14.3	-1.6	14.3	0.0	14.3	
1.38281	-0.1	48189	12.7	14.3	-1.6	14.3	0.0	14.3	
1.38672	-0.0	48189	12.6	14.3	-1.7	14.3	0.0	14.3	
1.39062	0.0	48189	12.6	14.3	-1.7	14.3	0.0	14.3	
1.39453	0.0	48189	12.6	14.3	-1.7	14.3	0.0	14.3	
1.39844	0.0	48189	12.5	14.3	-1.8	14.3	0.0	14.3	
1.40234	0.1	48189	12.5	14.3	-1.8	14.3	0.0	14.3	
1.40625	0.1	48189	12.5	14.3	-1.8	14.3	0.0	14.3	
1.41016	0.1	48189	12.4	14.3	-1.9	14.3	0.0	14.3	
1.41406	0.1	48189	12.4	14.3	-1.9	14.3	0.0	14.3	
1.41797	0.0	48189	12.4	14.3	-1.9	14.3	0.0	14.3	
1.42188	0.0	48189	12.4	14.3	-1.9	14.3	0.0	14.3	
1.42578	-0.0	48189	12.4	14.3	-1.9	14.3	0.0	14.3	
1.42969	-0.1	48189	12.4	14.3	-1.9	14.3	0.0	14.3	
1.43359	-0.1	48189	12.4	14.3	-1.9	14.3	0.0	14.3	
1.43750	-0.2	48189	12.4	14.3	-1.9	14.3	0.0	14.3	
1.44141	-0.2	48189	12.4	14.3	-1.9	14.3	0.0	14.3	
1.44531	-0.2	48189	12.5	14.2	-1.7	14.2	0.0	14.2	
1.44922	-0.3	48189	12.5	14.2	-1.7	14.2	0.0	14.2	
1.45312	-0.3	48189	12.6	14.2	-1.6	14.2	0.0	14.2	
1.45703	-0.3	48189	12.6	14.2	-1.6	14.2	0.0	14.2	
1.46094	-0.3	48188	12.6	14.2	-1.6	14.2	0.0	14.2	
1.46484	-0.4	48188	12.7	14.2	-1.5	14.2	0.0	14.2	
1.46875	-0.4	48188	12.7	14.2	-1.5	14.2	0.0	14.2	
1.47266	-0.3	48188	12.7	14.1	-1.4	14.1	0.0	14.1	
1.47656	-0.3	48188	12.8	14.1	-1.3	14.1	0.0	14.1	
1.48047	-0.3	48188	12.8	14.1	-1.3	14.1	0.0	14.1	
1.48438	-0.3	48188	12.8	14.1	-1.3	14.1	0.0	14.1	
1.48828	-0.3	48188	12.8	14.1	-1.3	14.1	0.0	14.1	
1.49219	-0.3	48188	12.9	14.1	-1.2	14.1	0.0	14.1	
1.49609	-0.2	48188	12.9	14.1	-1.2	14.1	0.0	14.1	
1.50000	-0.2	48188	12.9	14.1	-1.2	14.1	0.0	14.1	
1.50391	-0.2	48188	12.9	14.1	-1.2	14.1	0.0	14.1	
1.50781	-0.1	48188	12.9	14.1	-1.2	14.1	0.0	14.1	
1.51172	-0.1	48188	12.9	14.1	-1.2	14.1	0.0	14.1	
1.51562	-0.1	48188	12.9	14.1	-1.2	14.1	0.0	14.1	
1.51953	-0.1	48188	12.9	14.1	-1.2	14.1	0.0	14.1	
1.52344	-0.1	48188	12.9	14.0	-1.1	14.0	0.0	14.0	
1.52734	-0.1	48188	12.9	14.0	-1.1	14.0	0.0	14.0	
1.53125	-0.1	48188	12.9	14.0	-1.1	14.0	0.0	14.0	
1.53516	-0.1	48188	12.9	14.0	-1.1	14.0	0.0	14.0	
1.53906	-0.1	48188	12.9	14.0	-1.1	14.0	0.0	14.0	
1.54297	-0.1	48188	12.8	14.0	-1.2	14.0	0.0	14.0	
1.54688	-0.1	48188	12.9	14.0	-1.1	14.0	0.0	14.0	
1.55078	-0.1	48188	12.9	14.0	-1.1	14.0	0.0	14.0	
1.55469	-0.1	48188	12.8	14.0	-1.2	14.0	0.0	14.0	
1.55859	-0.2	48188	12.8	14.0	-1.2	14.0	0.0	14.0	
1.56250	-0.2	48188	12.8	13.9	-1.1	13.9	0.0	13.9	
1.56641	-0.1	48188	12.8	13.9	-1.1	13.9	0.0	13.9	
1.57031	-0.2	48188	12.8	13.9	-1.1	13.9	0.0	13.9	
1.57422	-0.1	48188	12.9	13.9	-1.0	13.9	0.0	13.9	
1.57812	-0.1	48188	12.8	13.9	-1.1	13.9	0.0	13.9	
1.58203	-0.1	48188	12.8	13.9	-1.1	13.9	0.0	13.9	
1.58594	-0.1	48188	12.8	13.9	-1.1	13.9	0.0	13.9	
1.58984	-0.1	48188	12.8	13.9	-1.1	13.9	0.0	13.9	
1.59375	-0.1	48188	12.8	13.9	-1.1	13.9	0.0	13.9	
1.59766	-0.1	48188	12.8	13.9	-1.1	13.9	0.0	13.9	
1.60156	-0.1	48188	12.8	13.9	-1.1	13.9	0.0	13.9	
1.60547	-0.1	48188	12.8	13.9	-1.1	13.9	0.0	13.9	
1.60938	-0.1	48188	12.8	13.9	-1.1	13.9	0.0	13.9	
1.61328	-0.1	48188	12.8	13.9	-1.1	13.9	0.0	13.9	
1.61719	-0.1	48188	12.8	13.9	-1.1	13.9	0.0	13.9	
1.62109	-0.1	48188	12.8	13.9	-1.1	13.9	0.0	13.9	
1.62500	-0.1	48188	12.8	13.9	-1.1	13.9	0.0	13.9	
1.62891	-0.1	48188	12.8	13.9	-1.1	13.9	0.0	13.9	
1.63281	-0.1	48188	12.8	13.9	-1.1	13.9	0.0	13.9	
1.63672	-0.1	48188	12.8	13.9	-1.1	13.9	0.0	13.9	
1.64062	-0.1	48188	12.8	13.9	-1.1	13.9	0.0	13.9	
1.64453	-0.1	48188	12.8	13.9	-1.1	13.9	0.0	13.9	
1.64844	-0.1	48188	12.8	13.9	-1.1	13.9	0.0	13.9	
1.65234	-0.1	48188	12.8	13.9	-1.1	13.9	0.0	13.9	
1.65625	-0.0	48188	12.7	13.9	-1.2	13.9	0.0	13.9	
1.66016	-0.0	48188	12.7	13.9	-1.2	13.9	0.0	13.9	
1.66406	-0.1	48188	12.7	13.9	-1.2	13.9	0.0	13.9	
1.66797	-0.1	48188	12.7	13.9	-1.2	13.9	0.0	13.9	
1.67188	-0.1	48188	12.7	13.9	-1.2	13.9	0.0	13.9	
1.67578	-0.0	48188	12.7	13.9	-1.2	13.9	0.0	13.9	
1.67969	-0.0	48188	12.7	13.9	-1.2	13.9	0.0	13.9	
1.68359	-0.1	48188	12.6	13.9	-1.3	13.9	0.0	13.9	
1.68750	-0.1	48188	12.6	13.9	-1.3	13.9	0.0	13.9	
1.69141	-0.1	48188	12.6	13.9	-1.3	13.9	0.0	13.9	
1.69531	-0.1	48188	12.6	13.9	-1.3	13.9	0.0	13.9	
1.69922	-0.1	48188	12.6	13.8	-1.2	13.8	0.0	13.8	
1.70312	-0.1	48188	12.6	13.8	-1.2	13.8	0.0	13.8	
1.70703	-0.1	48188	12.6	13.8	-1.2	13.8	0.0	13.8	
1.71094	-0.1	48188	12.6	13.8	-1.2	13.8	0.0	13.8	
1.71484	-0.1	48188	12.6	13.8	-1.2	13.8	0.0	13.8	
1.71875	-0.1	48188	12.6	13.8	-1.2	13.8	0.0	13.8	
1.72266	-0.2	48188	12.7	13.8	-1.1	13.8	0.0	13.8	
1.72656	-0.2	48188	12.7	13.8	-1.1	13.8	0.0	13.8	
1.73047	-0.2	48188	12.7	13.8	-1.1	13.8	0.0	13.8	
1.73438	-0.2	48188	12.7	13.8	-1.1	13.8	0.0	13.8	
1.73828	-0.2	48188	12.7	13.8	-1.1	13.8	0.0	13.8	
1.74219	-0.2	48188	12.7	13.8	-1.1	13.8	0.0	13.8	
1.74609	-0.1	48188	12.7	13.8	-1.1	13.8	0.0	13.8	
1.75000	-0.1	48188	12.7	13.8	-1.1	13.8	0.0	13.8	
1.75391	-0.2	48188	12.8	13.8	-1.0	13.8	0.0	13.8	
1.75781	-0.2	48188	12.8	13.8	-1.0	13.8	0.0	13.8	
1.76172	-0.1	48188	12.8	13.8	-1.0	13.8	0.0	13.8	
1.76562	-0.1	48188	12.8	13.8	-1.0	13.8	0.0	13.8	
1.76953	-0.1	48188	12.8	13.8	-1.0	13.8	0.0	13.8	
1.77344	-0.1	48188	12.8	13.8	-1.0	13.8	0.0	13.8	
1.77734	-0.1	48188	12.7	13.8	-1.1	13.8	0.0	13.8	
1.78125	-0.1	48188	12.7	13.8	-1.1	13.8	0.0	13.8	
1.78516	-0.0	48188	12.7	13.8	-1.1	13.8	0.0	13.8	
1.78906	0.1	48188	12.6	13.8	-1.2	13.8	0.0	13.8	
1.79297	0.2	48188	12.6	13.8	-1.2	13.8	0.0	13.8	
1.79688	0.4	48188	12.5	13.8	-1.3	13.8	0.0	13.8	
1.80078	0.7	48188	12.4	13.8	-1.4	13.8	0.0	13.8	
1.80469	1.0	48188	12.2	13.8	-1.6	13.8	0.0	13.8	
1.80859	1.4	48188	12.1	13.8	-1.7	13.8	0.0	13.8	
1.81250	1.9	48188	11.9	13.7	-1.8	13.7	0.0	13.7	
1.81641	2.4	48188	11.7	13.7	-2.0	13.7	0.0	13.7	
1.82031	3.0	48189	11.4	13.7	-2.3	13.7	0.0	13.7	
1.82422	3.6	48189	11.2	13.6	-2.4	13.6	0.0	13.6	
1.82812	4.1	48189	10.9	13.6	-2.7	13.6	0.0	13.6	
1.83203	4.6	48189	10.6	13.6	-3.0	13.6	0.0	13.6	
1.83594	5.0	48190	10.3	13.5	-3.2	13.5	0.0	13.5	
1.83984	5.4	48190	10.0	13.4	-3.4	13.4	0.0	13.4	
1.84375	5.7	48190	9.8	13.4	-3.6	13.4	0.0	13.4	
1.84766	5.8	48191	9.5	13.3	-3.8	13.3	0.0	13.3	
1.85156	5.9	48191	9.2	13.2	-4.0	13.2	0.0	13.2	
1.85547	5.9	48191	8.9	13.2	-4.3	13.2	0.0	13.2	
1.85938	5.9	48192	8.7	13.1	-4.4	13.1	0.0	13.1	
1.86328	5.8	48192	8.4	13.0	-4.6	13.0	0.0	13.0	
1.86719	5.7	48193	8.2	12.9	-4.7	12.9	0.0	12.9	
1.87109	5.5	48193	8.0	12.8	-4.8	12.8	0.0	12.8	
1.87500	5.3	48193	7.7	12.7	-5.0	12.7	0.0	12.7	
1.87891	5.1	48194	7.5	12.6	-5.1	12.6	0.0	12.6	
1.88281	5.0	48194	7.3	12.6	-5.3	12.6	0.0	12.6	
1.88672	4.8	48194	7.1	12.5	-5.4	12.5	0.0	12.5	
1.89062	4.6	48195	6.9	12.4	-5.5	12.4	0.0	12.4	
1.89453	4.5	48195	6.7	12.3	-5.6	12.3	0.0	12.3	
1.89844	4.4	48195	6.5	12.2	-5.7	12.2	0.0	12.2	
1.90234	4.3	48195	6.4	12.1	-5.7	12.1	0.0	12.1	
1.90625	4.2	48196	6.2	12.0	-5.8	12.0	0.0	12.0	
1.91016	4.2	48196	6.0	11.9	-5.9	11.9	0.0	11.9	
1.91406	4.1	48196	5.8	11.8	-6.0	11.8	0.0	11.8	
1.91797	4.1	48197	5.6	11.7	-6.1	11.7	0.0	11.7	
1.92188	4.0	48197	5.4	11.6	-6.2	11.6	0.0	11.6	
1.92578	4.0	48197	5.3	11.5	-6.2	11.5	0.0	11.5	
1.92969	3.9	48197	5.1	11.4	-6.3	11.4	0.0	11.4	
1.93359	3.9	48198	4.9	11.2	-6.3	11.2	0.0	11.2	
1.93750	3.9	48198	4.7	11.1	-6.4	11.1	0.0	11.1	
1.94141	3.8	48198	4.6	11.0	-6.4	11.0	0.0	11.0	
1.94531	3.8	48198	4.4	10.9	-6.5	10.9	0.0	10.9	
1.94922	3.7	48199	4.3	10.8	-6.5	10.8	0.0	10.8	
1.95312	3.7	48199	4.1	10.7	-6.6	10.7	0.0	10.7	
1.95703	3.6	48199	4.0	10.5	-6.5	10.5	0.0	10.5	
1.96094	3.5	48199	3.8	10.4	-6.6	10.4	0.0	10.4	
1.96484	3.4	48199	3.7	10.3	-6.6	10.3	0.0	10.3	
1.96875	3.2	48200	3.5	10.2	-6.7	10.2	0.0	10.2	
1.97266	3.1	48200	3.4	10.1	-6.7	10.1	0.0	10.1	
1.97656	3.0	48200	3.3	10.0	-6.7	10.0	0.0	10.0	
1.98047	2.9	48200	3.2	9.8	-6.6	9.8	0.0	9.8	
1.98438	2.7	48200	3.1	9.7	-6.6	9.7	0.0	9.7	
1.98828	2.7	48201	3.0	9.6	-6.6	9.6	0.0	9.6	
1.99219	2.5	48201	2.9	9.5	-6.6	9.5	0.0	9.5	
1.99609	2.4	48201	2.8	9.4	-6.6	9.4	0.0	9.4	
2.00000	2.3	48201	2.7	9.3	-6.6	9.3	0.0	9.3	
2.00391	2.3	48201	2.6	9.1	-6.5	9.1	0.0	9.1	
2.00781	2.2	48201	2.5	9.0	-6.5	9.0	0.0	9.0	
2.01172	2.2	48202	2.3	8.9	-6.6	8.9	0.0	8.9	
2.01562	2.1	48202	2.2	8.8	-6.6	8.8	0.0	8.8	
2.01953	2.1	48202	2.1	8.7	-6.6	8.7	0.0	8.7	
2.02344	2.1	48202	2.0	8.5	-6.5	8.5	0.0	8.5	
2.02734	2.1	48202	1.9	8.4	-6.5	8.4	0.0	8.4	
2.03125	2.1	48202	1.8	8.3	-6.5	8.3	0.0	8.3	
2.03516	2.1	48202	1.7	8.2	-6.5	8.2	0.0	8.2	
2.03906	2.1	48202	1.6	8.1	-6.5	8.1	0.0	8.1	
2.04297	2.1	48203	1.5	8.0	-6.5	8.0	0.0	8.0	
2.04688	2.1	48203	1.4	7.9	-6.5	7.9	0.0	7.9	
2.05078	2.0	48203	1.3	7.7	-6.4	7.7	0.0	7.7	
2.05469	2.0	48203	1.2	7.6	-6.4	7.6	0.0	7.6	
2.05859	1.9	48203	1.1	7.5	-6.4	7.5	0.0	7.5	
2.06250	1.8	48203	1.0	7.4	-6.4	7.4	0.0	7.4	
2.06641	1.8	48203	1.0	7.3	-6.3	7.3	0.0	7.3	
2.07031	1.7	48203	0.9	7.2	-6.3	7.2	0.0	7.2	
2.07422	1.6	48204	0.8	7.1	-6.3	7.1	0.0	7.1	
2.07812	1.6	48204	0.7	7.0	-6.3	7.0	0.0	7.0	
2.08203	1.6	48204	0.6	6.9	-6.3	6.9	0.0	6.9	
2.08594	1.5	48204	0.5	6.8	-6.3	6.8	0.0	6.8	
2.08984	1.5	48204	0.5	6.7	-6.2	6.7	0.0	6.7	
2.09375	1.5	48204	0.4	6.6	-6.2	6.6	0.0	6.6	
2.09766	1.5	48204	0.3	6.5	-6.2	6.5	0.0	6.5	
2.10156	1.5	48204	0.2	6.5	-6.3	6.5	0.0	6.5	
2.10547	1.5	48204	0.1	6.4	-6.3	6.4	0.0	6.4	
2.10938	1.4	48204	0.1	6.3	-6.2	6.3	0.0	6.3	
2.11328	1.4	48205	-0.0	6.2	-6.2	6.2	0.0	6.2	
2.11719	1.4	48205	-0.1	6.1	-6.2	6.1	0.0	6.1	
2.12109	1.3	48205	-0.2	6.0	-6.2	6.0	0.0	6.0	
2.12500	1.3	48205	-0.2	5.9	-6.1	5.9	0.0	5.9	
2.12891	1.3	48205	-0.3	5.9	-6.2	5.9	0.0	5.9	
2.13281	1.2	48205	-0.4	5.8	-6.2	5.8	0.0	5.8	
2.13672	1.2	48205	-0.4	5.7	-6.1	5.7	0.0	5.7	
2.14062	1.2	48205	-0.5	5.6	-6.1	5.6	0.0	5.6	
2.14453	1.2	48205	-0.6	5.5	-6.1	5.5	0.0	5.5	
2.14844	1.1	48205	-0.6	5.4	-6.0	5.4	0.0	5.4	
2.15234	1.0	48205	-0.7	5.3	-6.0	5.3	0.0	5.3	
2.15625	1.0	48205	-0.7	5.2	-5.9	5.2	0.0	5.2	
2.16016	0.9	48205	-0.8	5.2	-6.0	5.2	0.0	5.2	
2.16406	0.8	48206	-0.8	5.1	-5.9	5.1	0.0	5.1	
2.16797	0.7	48206	-0.8	5.0	-5.8	5.0	0.0	5.0	
2.17188	0.6	48206	-0.9	4.9	-5.8	4.9	0.0	4.9	
2.17578	0.4	48206	-0.9	4.8	-5.7	4.8	0.0	4.8	
2.17969	0.3	48206	-0.9	4.7	-5.6	4.7	0.0	4.7	
2.18359	0.2	48206	-0.9	4.6	-5.5	4.6	0.0	4.6	
2.18750	0.1	48206	-0.8	4.5	-5.3	4.5	0.0	4.5	
2.19141	0.0	48206	-0.8	4.5	-5.3	4.5	0.0	4.5	
2.19531	-0.0	48206	-0.8	4.4	-5.2	4.4	0.0	4.4	
2.19922	-0.1	48206	-0.8	4.3	-5.1	4.3	0.0	4.3	
2.20312	-0.2	48206	-0.8	4.2	-5.0	4.2	0.0	4.2	
2.20703	-0.2	48206	-0.7	4.1	-4.8	4.1	0.0	4.1	
2.21094	-0.2	48206	-0.7	4.1	-4.8	4.1	0.0	4.1	
2.21484	-0.3	48206	-0.6	4.0	-4.6	4.0	0.0	4.0	
2.21875	-0.4	48206	-0.6	4.0	-4.6	4.0	0.0	4.0	
2.22266	-0.4	48206	-0.5	3.9	-4.4	3.9	0.0	3.9	
2.22656	-0.6	48206	-0.4	3.8	-4.2	3.8	0.0	3.8	
2.23047	-0.8	48205	-0.3	3.8	-4.1	3.8	0.0	3.8	
2.23438	-1.0	48205	-0.1	3.8	-3.9	3.8	0.0	3.8	
2.23828	-1.2	48205	-0.0	3.7	-3.7	3.7	0.0	3.7	
2.24219	-1.6	48205	0.2	3.7	-3.5	3.7	0.0	3.7	
2.24609	-2.0	48205	0.4	3.7	-3.3	3.7	0.0	3.7	
2.25000	-2.5	48205	0.6	3.6	-3.0	3.6	0.0	3.6	
2.25391	-3.1	48205	0.9	3.6	-2.7	3.6	0.0	3.6	
2.25781	-3.6	48205	1.1	3.6	-2.5	3.6	0.0	3.6	
2.26172	-4.3	48204	1.4	3.6	-2.2	3.6	0.0	3.6	
2.26562	-4.9	48204	1.8	3.7	-1.9	3.7	0.0	3.7	
2.26953	-5.5	48204	2.1	3.7	-1.6	3.7	0.0	3.7	
2.27344	-6.1	48203	2.5	3.7	-1.2	3.7	0.0	3.7	
2.27734	-6.7	48203	2.9	3.7	-0.8	3.7	0.0	3.7	
2.28125	-7.2	48202	3.3	3.8	-0.5	3.8	0.0	3.8	
2.28516	-7.7	48202	3.7	3.9	-0.2	3.9	0.0	3.9	
2.28906	-8.1	48201	4.1	3.9	0.2	3.9	0.0	3.9	
2.29297	-8.4	48201	4.5	4.0	0.5	4.0	0.0	4.0	
2.29688	-8.6	48200	4.9	4.1	0.8	4.1	0.0	4.1	
2.30078	-8.7	48200	5.4	4.2	1.2	4.2	0.0	4.2	
2.30469	-8.8	48199	5.8	4.3	1.5	4.3	0.0	4.3	
2.30859	-8.7	48198	6.1	4.5	1.6	4.5	0.0	4.5	
2.31250	-8.6	48198	6.5	4.6	1.9	4.6	0.0	4.6	
2.31641	-8.4	48197	6.8	4.7	2.1	4.7	0.0	4.7	
2.32031	-8.2	48197	7.2	4.8	2.4	4.8	0.0	4.8	
2.32422	-7.9	48196	7.5	5.0	2.5	5.0	0.0	5.0	
2.32812	-7.6	48196	7.8	5.1	2.7	5.1	0.0	5.1	
2.33203	-7.3	48195	8.1	5.3	2.8	5.3	0.0	5.3	
2.33594	-7.0	48195	8.4	5.5	2.9	5.5	0.0	5.5	
2.33984	-6.6	48194	8.6	5.6	3.0	5.6	0.0	5.6	
2.34375	-6.4	48194	8.9	5.8	3.1	5.8	0.0	5.8	
2.34766	-6.1	48194	9.1	5.9	3.2	5.9	0.0	5.9	
2.35156	-5.7	48193	9.3	6.1	3.2	6.1	0.0	6.1	
2.35547	-5.4	48193	9.5	6.3	3.2	6.3	0.0	6.3	
2.35938	-5.1	48193	9.7	6.5	3.2	6.5	0.0	6.5	
2.36328	-4.8	48192	9.9	6.6	3.3	6.6	0.0	6.6	
2.36719	-4.5	48192	10.0	6.8	3.2	6.8	0.0	6.8	
2.37109	-4.3	48192	10.2	7.0	3.2	7.0	0.0	7.0	
2.37500	-4.0	48191	10.3	7.2	3.1	7.2	0.0	7.2	
2.37891	-3.6	48191	10.4	7.3	3.1	7.3	0.0	7.3	
2.38281	-3.4	48191	10.6	7.5	3.1	7.5	0.0	7.5	
2.38672	-3.2	48191	10.7	7.7	3.0	7.7	0.0	7.7	
2.39062	-2.9	48191	10.8	7.8	3.0	7.8	0.0	7.8	
2.39453	-2.7	48190	10.9	8.0	2.9	8.0	0.0	8.0	
2.39844	-2.5	48190	10.9	8.2	2.7	8.2	0.0	8.2	
2.40234	-2.3	48190	11.0	8.3	2.7	8.3	0.0	8.3	
2.40625	-2.1	48190	11.1	8.5	2.6	8.5	0.0	8.5	
2.41016	-1.9	48190	11.2	8.6	2.6	8.6	0.0	8.6	
2.41406	-1.7	48190	11.2	8.8	2.4	8.8	0.0	8.8	
2.41797	-1.6	48190	11.3	8.9	2.4	8.9	0.0	8.9	
2.42188	-1.5	48189	11.3	9.1	2.2	9.1	0.0	9.1	
2.42578	-1.4	48189	11.4	9.3	2.1	9.3	0.0	9.3	
2.42969	-1.3	48189	11.5	9.4	2.1	9.4	0.0	9.4	
2.43359	-1.2	48189	11.5	9.6	1.9	9.6	0.0	9.6	
2.43750	-1.2	48189	11.6	9.7	1.9	9.7	0.0	9.7	
2.44141	-1.1	48189	11.6	9.8	1.8	9.8	0.0	9.8	
2.44531	-1.0	48189	11.6	10.0	1.6	10.0	0.0	10.0	
2.44922	-1.0	48189	11.7	10.1	1.6	10.1	0.0	10.1	
2.45312	-0.9	48189	11.7	10.3	1.4	10.3	0.0	10.3	
2.45703	-0.9	48189	11.8	10.4	1.4	10.4	0.0	10.4	
2.46094	-0.9	48189	11.8	10.5	1.3	10.5	0.0	10.5	
2.46484	-0.9	48189	11.8	10.7	1.1	10.7	0.0	10.7	
2.46875	-0.8	48189	11.9	10.8	1.1	10.8	0.0	10.8	
2.47266	-0.8	48189	11.9	10.9	1.0	10.9	0.0	10.9	
2.47656	-0.7	48189	11.9	11.1	0.8	11.1	0.0	11.1	
2.48047	-0.7	48189	12.0	11.2	0.8	11.2	0.0	11.2	
2.48438	-0.6	48188	12.0	11.3	0.7	11.3	0.0	11.3	
2.48828	-0.6	48188	12.0	11.5	0.5	11.5	0.0	11.5	
2.49219	-0.6	48188	12.1	11.6	0.5	11.6	0.0	11.6	
2.49609	-0.6	48188	12.1	11.7	0.4	11.7	0.0	11.7	
2.50000	-0.6	48188	12.1	11.8	0.3	11.8	0.0	11.8	
2.50391	-0.6	48188	12.2	11.9	0.3	11.9	0.0	11.9	
2.50781	-0.5	48188	12.2	12.1	0.1	12.1	0.0	12.1	
2.51172	-0.5	48188	12.2	12.2	0.0	12.2	0.0	12.2	
2.51562	-0.5	48188	12.2	12.3	-0.1	12.3	0.0	12.3	
2.51953	-0.5	48188	12.3	12.4	-0.1	12.4	0.0	12.4	
2.52344	-0.5	48188	12.3	12.5	-0.2	12.5	0.0	12.5	
2.52734	-0.4	48188	12.3	12.6	-0.3	12.6	0.0	12.6	
2.53125	-0.4	48188	12.3	12.7	-0.4	12.7	0.0	12.7	
2.53516	-0.4	48188	12.3	12.8	-0.5	12.8	0.0	12.8	
2.53906	-0.4	48188	12.3	12.9	-0.6	12.9	0.0	12.9	
2.54297	-0.3	48188	12.4	13.0	-0.6	13.0	0.0	13.0	
2.54688	-0.3	48188	12.4	13.1	-0.7	13.1	0.0	13.1	
2.55078	-0.3	48188	12.4	13.2	-0.8	13.2	0.0	13.2	
2.55469	-0.3	48188	12.4	13.3	-0.9	13.3	0.0	13.3	
2.55859	-0.3	48188	12.4	13.4	-1.0	13.4	0.0	13.4	
2.56250	-0.3	48188	12.4	13.4	-1.0	13.4	0.0	13.4	
2.56641	-0.2	48188	12.4	13.5	-1.1	13.5	0.0	13.5	
2.57031	-0.2	48188	12.4	13.6	-1.2	13.6	0.0	13.6	
2.57422	-0.2	48188	12.4	13.7	-1.3	13.7	0.0	13.7	
2.57812	-0.2	48188	12.5	13.7	-1.2	13.7	0.0	13.7	
2.58203	-0.2	48188	12.4	13.8	-1.4	13.8	0.0	13.8	
2.58594	-0.2	48188	12.4	13.9	-1.5	13.9	0.0	13.9	
2.58984	-0.2	48188	12.5	13.9	-1.4	13.9	0.0	13.9	
2.59375	-0.2	48188	12.5	14.0	-1.5	14.0	0.0	14.0	
2.59766	-0.2	48188	12.5	14.1	-1.6	14.1	0.0	14.1	
2.60156	-0.2	48188	12.5	14.1	-1.6	14.1	0.0	14.1	
2.60547	-0.2	48188	12.5	14.2	-1.7	14.2	0.0	14.2	
2.60938	-0.2	48188	12.5	14.3	-1.8	14.3	0.0	14.3	
2.61328	-0.2	48188	12.5	14.3	-1.8	14.3	0.0	14.3	
2.61719	-0.2	48188	12.5	14.4	-1.9	14.4	0.0	14.4	
2.62109	-0.2	48188	12.5	14.4	-1.9	14.4	0.0	14.4	
2.62500	-0.2	48188	12.5	14.5	-2.0	14.5	0.0	14.5	
2.62891	-0.2	48188	12.5	14.6	-2.1	14.6	0.0	14.6	
2.63281	-0.2	48188	12.5	14.6	-2.1	14.6	0.0	14.6	
2.63672	-0.2	48188	12.5	14.6	-2.1	14.6	0.0	14.6	
2.64062	-0.2	48188	12.5	14.7	-2.2	14.7	0.0	14.7	
2.64453	-0.2	48188	12.5	14.7	-2.2	14.7	0.0	14.7	
2.64844	-0.2	48188	12.5	14.8	-2.3	14.8	0.0	14.8	
2.65234	-0.2	48188	12.5	14.8	-2.3	14.8	0.0	14.8	
2.65625	-0.2	48188	12.5	14.9	-2.4	14.9	0.0	14.9	
2.66016	-0.2	48188	12.5	14.9	-2.4	14.9	0.0	14.9	
2.66406	-0.2	48188	12.5	14.9	-2.4	14.9	0.0	14.9	
2.66797	-0.1	48188	12.6	15.0	-2.4	15.0	0.0	15.0	
2.67188	-0.2	48188	12.5	15.0	-2.5	15.0	0.0	15.0	
2.67578	-0.2	48188	12.5	15.0	-2.5	15.0	0.0	15.0	
2.67969	-0.2	48188	12.6	15.1	-2.5	15.1	0.0	15.1	
2.68359	-0.2	48187	12.6	15.1	-2.5	15.1	0.0	15.1	
2.68750	-0.2	48187	12.5	15.1	-2.6	15.1	0.0	15.1	
2.69141	-0.2	48187	12.5	15.2	-2.7	15.2	0.0	15.2	
2.69531	-0.2	48187	12.5	15.2	-2.7	15.2	0.0	15.2	
2.69922	-0.1	48187	12.5	15.2	-2.7	15.2	0.0	15.2	
2.70312	-0.1	48187	12.5	15.2	-2.7	15.2	0.0	15.2	
2.70703	-0.1	48187	12.5	15.3	-2.8	15.3	0.0	15.3	
2.71094	-0.1	48187	12.5	15.3	-2.8	15.3	0.0	15.3	
2.71484	-0.2	48187	12.5	15.3	-2.8	15.3	0.0	15.3	
2.71875	-0.2	48187	12.5	15.3	-2.8	15.3	0.0	15.3	
2.72266	-0.1	48187	12.5	15.3	-2.8	15.3	0.0	15.3	
2.72656	-0.2	48187	12.5	15.3	-2.8	15.3	0.0	15.3	
2.73047	-0.2	48187	12.5	15.4	-2.9	15.4	0.0	15.4	
2.73438	-0.2	48187	12.5	15.4	-2.9	15.4	0.0	15.4	
2.73828	-0.2	48187	12.5	15.4	-2.9	15.4	0.0	15.4	
2.74219	-0.1	48187	12.5	15.4	-2.9	15.4	0.0	15.4	
2.74609	-0.1	48187	12.5	15.4	-2.9	15.4	0.0	15.4	
2.75000	-0.1	48187	12.5	15.4	-2.9	15.4	0.0	15.4	
2.75391	-0.1	48187	12.6	15.4	-2.8	15.4	0.0	15.4	
2.75781	-0.1	48187	12.6	15.4	-2.8	15.4	0.0	15.4	
2.76172	-0.1	48187	12.6	15.4	-2.8	15.4	0.0	15.4	
2.76562	-0.1	48187	12.6	15.4	-2.8	15.4	0.0	15.4	
2.76953	-0.1	48187	12.6	15.4	-2.8	15.4	0.0	15.4	
2.77344	-0.2	48187	12.6	15.5	-2.9	15.5	0.0	15.5	
2.77734	-0.2	48187	12.6	15.5	-2.9	15.5	0.0	15.5	
2.78125	-0.2	48187	12.6	15.5	-2.9	15.5	0.0	15.5	
2.78516	-0.2	48187	12.6	15.5	-2.9	15.5	0.0	15.5	
2.78906	-0.2	48187	12.6	15.5	-2.9	15.5	0.0	15.5	
2.79297	-0.2	48187	12.6	15.5	-2.9	15.5	0.0	15.5	
2.79688	-0.2	48187	12.6	15.5	-2.9	15.5	0.0	15.5	
2.80078	-0.2	48187	12.7	15.5	-2.8	15.5	0.0	15.5	
2.80469	-0.2	48187	12.7	15.5	-2.8	15.5	0.0	15.5	
2.80859	-0.2	48187	12.7	15.5	-2.8	15.5	0.0	15.5	
2.81250	-0.2	48187	12.7	15.5	-2.8	15.5	0.0	15.5	
2.81641	-0.2	48187	12.7	15.5	-2.8	15.5	0.0	15.5	
2.82031	-0.3	48187	12.7	15.5	-2.8	15.5	0.0	15.5	
2.82422	-0.2	48187	12.7	15.6	-2.9	15.6	0.0	15.6	
2.82812	-0.2	48187	12.8	15.6	-2.8	15.6	0.0	15.6	
2.83203	-0.2	48187	12.8	15.6	-2.8	15.6	0.0	15.6	
2.83594	-0.2	48187	12.8	15.6	-2.8	15.6	0.0	15.6	
2.83984	-0.2	48187	12.8	15.6	-2.8	15.6	0.0	15.6	
2.84375	-0.2	48187	12.8	15.6	-2.8	15.6	0.0	15.6	
2.84766	-0.2	48187	12.8	15.6	-2.8	15.6	0.0	15.6	
2.85156	-0.2	48187	12.8	15.6	-2.8	15.6	0.0	15.6	
2.85547	-0.2	48187	12.8	15.6	-2.8	15.6	0.0	15.6	
2.85938	-0.1	48187	12.8	15.6	-2.8	15.6	0.0	15.6	
2.86328	-0.1	48187	12.8	15.6	-2.8	15.6	0.0	15.6	
2.86719	-0.1	48187	12.8	15.6	-2.8	15.6	0.0	15.6	
2.87109	-0.1	48187	12.8	15.6	-2.8	15.6	0.0	15.6	
2.87500	-0.1	48187	12.8	15.6	-2.8	15.6	0.0	15.6	
2.87891	-0.1	48187	12.8	15.6	-2.8	15.6	0.0	15.6	
2.88281	-0.0	48187	12.7	15.6	-2.9	15.6	0.0	15.6	
2.88672	-0.0	48187	12.7	15.5	-2.8	15.5	0.0	15.5	
2.89062	-0.0	48187	12.7	15.5	-2.8	15.5	0.0	15.5	
2.89453	0.0	48187	12.6	15.5	-2.9	15.5	0.0	15.5	
2.89844	0.1	48187	12.6	15.5	-2.9	15.5	0.0	15.5	
2.90234	0.0	48187	12.6	15.5	-2.9	15.5	0.0	15.5	
2.90625	0.0	48187	12.5	15.4	-2.9	15.4	0.0	15.4	
2.91016	-0.0	48187	12.5	15.4	-2.9	15.4	0.0	15.4	
2.91406	-0.0	48187	12.5	15.3	-2.8	15.3	0.0	15.3	
2.91797	-0.1	48187	12.5	15.3	-2.8	15.3	0.0	15.3	
2.92188	-0.1	48187	12.5	15.3	-2.8	15.3	0.0	15.3	
2.92578	-0.1	48187	12.5	15.2	-2.7	15.2	0.0	15.2	
2.92969	-0.2	48187	12.5	15.2	-2.7	15.2	0.0	15.2	
2.93359	-0.2	48187	12.5	15.2	-2.7	15.2	0.0	15.2	
2.93750	-0.2	48187	12.6	15.1	-2.5	15.1	0.0	15.1	
2.94141	-0.3	48187	12.6	15.1	-2.5	15.1	0.0	15.1	
2.94531	-0.4	48187	12.7	15.1	-2.4	15.1	0.0	15.1	
2.94922	-0.4	48187	12.7	15.0	-2.3	15.0	0.0	15.0	
2.95312	-0.4	48187	12.7	15.0	-2.3	15.0	0.0	15.0	
2.95703	-0.4	48187	12.8	15.0	-2.2	15.0	0.0	15.0	
2.96094	-0.4	48187	12.8	14.9	-2.1	14.9	0.0	14.9	
2.96484	-0.4	48187	12.9	14.9	-2.0	14.9	0.0	14.9	
2.96875	-0.4	48187	12.9	14.9	-2.0	14.9	0.0	14.9	
2.97266	-0.4	48187	12.9	14.8	-1.9	14.8	0.0	14.8	
2.97656	-0.3	48187	13.0	14.8	-1.8	14.8	0.0	14.8	
2.98047	-0.3	48187	13.0	14.8	-1.8	14.8	0.0	14.8	
2.98438	-0.2	48187	13.0	14.8	-1.8	14.8	0.0	14.8	
2.98828	-0.2	48187	13.0	14.7	-1.7	14.7	0.0	14.7	
2.99219	-0.2	48187	13.0	14.7	-1.7	14.7	0.0	14.7	
2.99609	-0.2	48187	13.0	14.7	-1.7	14.7	0.0	14.7	
3.00000	-0.2	48187	13.0	14.6	-1.6	14.6	0.0	14.6	
3.00391	-0.1	48187	13.0	14.6	-1.6	14.6	0.0	14.6	
3.00781	-0.1	48187	13.0	14.6	-1.6	14.6	0.0	14.6	
3.01172	-0.1	48187	13.0	14.5	-1.5	14.5	0.0	14.5	
3.01562	-0.1	48187	13.0	14.5	-1.5	14.5	0.0	14.5	
3.01953	-0.1	48187	13.0	14.5	-1.5	14.5	0.0	14.5	
3.02344	-0.1	48187	13.0	14.4	-1.4	14.4	0.0	14.4	
3.02734	-0.1	48187	13.0	14.4	-1.4	14.4	0.0	14.4	
3.03125	-0.1	48187	13.0	14.3	-1.3	14.3	0.0	14.3	
3.03516	-0.1	48187	13.0	14.3	-1.3	14.3	0.0	14.3	
3.03906	-0.1	48187	13.0	14.3	-1.3	14.3	0.0	14.3	
3.04297	-0.1	48187	13.0	14.2	-1.2	14.2	0.0	14.2	
3.04688	-0.1	48186	13.0	14.2	-1.2	14.2	0.0	14.2	
3.05078	-0.2	48186	13.0	14.1	-1.1	14.1	0.0	14.1	
3.05469	-0.2	48186	13.0	14.1	-1.1	14.1	0.0	14.1	
3.05859	-0.1	48186	13.0	14.0	-1.0	14.0	0.0	14.0	
3.06250	-0.1	48186	13.0	14.0	-1.0	14.0	0.0	14.0	
3.06641	-0.1	48186	13.0	13.9	-0.9	13.9	0.0	13.9	
3.07031	-0.2	48186	13.0	13.9	-0.9	13.9	0.0	13.9	
3.07422	-0.1	48186	13.0	13.9	-0.9	13.9	0.0	13.9	
3.07812	-0.1	48186	13.0	13.8	-0.8	13.8	0.0	13.8	
3.08203	-0.1	48186	13.0	13.8	-0.8	13.8	0.0	13.8	
3.08594	-0.2	48186	13.0	13.7	-0.7	13.7	0.0	13.7	
3.08984	-0.1	48186	13.0	13.7	-0.7	13.7	0.0	13.7	
3.09375	-0.1	48186	13.0	13.7	-0.7	13.7	0.0	13.7	
3.09766	-0.1	48186	13.0	13.6	-0.6	13.6	0.0	13.6	
3.10156	-0.1	48186	13.0	13.6	-0.6	13.6	0.0	13.6	
3.10547	-0.1	48186	13.0	13.6	-0.6	13.6	0.0	13.6	
3.10938	-0.1	48186	13.0	13.5	-0.5	13.5	0.0	13.5	
3.11328	-0.1	48186	13.0	13.5	-0.5	13.5	0.0	13.5	
3.11719	-0.1	48186	13.0	13.5	-0.5	13.5	0.0	13.5	
3.12109	-0.1	48186	12.9	13.5	-0.6	13.5	0.0	13.5	
3.12500	-0.1	48186	12.9	13.4	-0.5	13.4	0.0	13.4	
3.12891	-0.1	48186	12.9	13.4	-0.5	13.4	0.0	13.4	
3.13281	-0.1	48186	12.9	13.4	-0.5	13.4	0.0	13.4	
3.13672	-0.1	48186	12.9	13.4	-0.5	13.4	0.0	13.4	
3.14062	-0.1	48186	12.9	13.3	-0.4	13.3	0.0	13.3	
3.14453	-0.1	48186	12.9	13.3	-0.4	13.3	0.0	13.3	
3.14844	-0.1	48186	12.8	13.3	-0.5	13.3	0.0	13.3	
3.15234	-0.0	48186	12.8	13.3	-0.5	13.3	0.0	13.3	
3.15625	-0.0	48186	12.8	13.2	-0.4	13.2	0.0	13.2	
3.16016	-0.1	48186	12.8	13.2	-0.4	13.2	0.0	13.2	
3.16406	-0.1	48186	12.8	13.2	-0.4	13.2	0.0	13.2	
3.16797	-0.0	48186	12.7	13.1	-0.4	13.1	0.0	13.1	
3.17188	-0.0	48186	12.7	13.1	-0.4	13.1	0.0	13.1	
3.17578	-0.1	48186	12.7	13.1	-0.4	13.1	0.0	13.1	
3.17969	-0.0	48186	12.7	13.1	-0.4	13.1	0.0	13.1	
3.18359	-0.1	48186	12.7	13.0	-0.3	13.0	0.0	13.0	
3.18750	-0.1	48186	12.7	13.0	-0.3	13.0	0.0	13.0	
3.19141	-0.1	48186	12.7	13.0	-0.3	13.0	0.0	13.0	
3.19531	-0.1	48186	12.7	12.9	-0.2	12.9	0.0	12.9	
3.19922	-0.1	48186	12.7	12.9	-0.2	12.9	0.0	12.9	
3.20312	-0.1	48186	12.7	12.9	-0.2	12.9	0.0	12.9	
3.20703	-0.2	48186	12.7	12.8	-0.1	12.8	0.0	12.8	
3.21094	-0.2	48186	12.7	12.8	-0.1	12.8	0.0	12.8	
3.21484	-0.1	48186	12.7	12.8	-0.1	12.8	0.0	12.8	
3.21875	-0.2	48186	12.7	12.8	-0.1	12.8	0.0	12.8	
3.22266	-0.2	48186	12.7	12.8	-0.1	12.8	0.0	12.8	
3.22656	-0.2	48186	12.8	12.7	0.1	12.7	0.0	12.7	
3.23047	-0.2	48186	12.8	12.7	0.1	12.7	0.0	12.7	
3.23438	-0.2	48186	12.8	12.7	0.1	12.7	0.0	12.7	
3.23828	-0.2	48186	12.8	12.7	0.1	12.7	0.0	12.7	
3.24219	-0.2	48186	12.8	12.6	0.2	12.6	0.0	12.6	
3.24609	-0.2	48186	12.8	12.6	0.2	12.6	0.0	12.6	
3.25000	-0.2	48186	12.9	12.6	0.3	12.6	0.0	12.6	
3.25391	-0.2	48186	12.9	12.6	0.3	12.6	0.0	12.6	
3.25781	-0.1	48186	12.9	12.6	0.3	12.6	0.0	12.6	
3.26172	-0.1	48186	12.9	12.6	0.3	12.6	0.0	12.6	
3.26562	-0.1	48186	12.9	12.5	0.4	12.5	0.0	12.5	
3.26953	-0.1	48186	12.9	12.5	0.4	12.5	0.0	12.5	
3.27344	-0.1	48186	12.9	12.5	0.4	12.5	0.0	12.5	
3.27734	-0.2	48186	12.9	12.5	0.4	12.5	0.0	12.5	
3.28125	-0.2	48186	12.9	12.5	0.4	12.5	0.0	12.5	
3.28516	-0.1	48186	12.9	12.5	0.4	12.5	0.0	12.5	
3.28906	-0.1	48186	12.9	12.4	0.5	12.4	0.0	12.4	
3.29297	-0.1	48186	12.9	12.4	0.5	12.4	0.0	12.4	
3.29688	-0.1	48186	12.9	12.4	0.5	12.4	0.0	12.4	
3.30078	-0.2	48186	12.9	12.4	0.5	12.4	0.0	12.4	
3.30469	-0.1	48186	12.9	12.4	0.5	12.4	0.0	12.4	
3.30859	-0.1	48186	12.9	12.4	0.5	12.4	0.0	12.4	
3.31250	-0.1	48186	12.9	12.3	0.6	12.3	0.0	12.3	
3.31641	-0.1	48186	12.9	12.3	0.6	12.3	0.0	12.3	
3.32031	-0.1	48186	12.8	12.3	0.5	12.3	0.0	12.3	
3.32422	-0.1	48186	12.8	12.3	0.5	12.3	0.0	12.3	
3.32812	-0.1	48186	12.8	12.3	0.5	12.3	0.0	12.3	
3.33203	-0.1	48186	12.8	12.3	0.5	12.3	0.0	12.3	
3.33594	-0.1	48186	12.8	12.3	0.5	12.3	0.0	12.3	
3.33984	-0.1	48186	12.8	12.2	0.6	12.2	0.0	12.2	
3.34375	-0.1	48186	12.8	12.2	0.6	12.2	0.0	12.2	
3.34766	-0.1	48186	12.8	12.2	0.6	12.2	0.0	12.2	
3.35156	-0.1	48186	12.8	12.2	0.6	12.2	0.0	12.2	
3.35547	-0.1	48186	12.8	12.2	0.6	12.2	0.0	12.2	
3.35938	-0.1	48186	12.7	12.2	0.5	12.2	0.0	12.2	
3.36328	-0.1	48186	12.7	12.2	0.5	12.2	0.0	12.2	
3.36719	-0.1	48186	12.7	12.2	0.5	12.2	0.0	12.2	
3.37109	-0.1	48186	12.7	12.2	0.5	12.2	0.0	12.2	
3.37500	-0.1	48186	12.7	12.2	0.5	12.2	0.0	12.2	
3.37891	-0.1	48186	12.7	12.2	0.5	12.2	0.0	12.2	
3.38281	-0.1	48186	12.7	12.2	0.5	12.2	0.0	12.2	
3.38672	-0.1	48186	12.7	12.1	0.6	12.1	0.0	12.1	
3.39062	-0.1	48186	12.7	12.2	0.5	12.2	0.0	12.2	
3.39453	-0.1	48186	12.7	12.2	0.5	12.2	0.0	12.2	
3.39844	-0.1	48186	12.7	12.1	0.6	12.1	0.0	12.1	
3.40234	-0.1	48186	12.7	12.1	0.6	12.1	0.0	12.1	
3.40625	-0.1	48186	12.7	12.1	0.6	12.1	0.0	12.1	
3.41016	-0.1	48186	12.7	12.1	0.6	12.1	0.0	12.1	
3.41406	-0.1	48186	12.7	12.1	0.6	12.1	0.0	12.1	
3.41797	-0.1	48186	12.7	12.1	0.6	12.1	0.0	12.1	
3.42188	-0.1	48186	12.7	12.1	0.6	12.1	0.0	12.1	
3.42578	-0.1	48186	12.7	12.1	0.6	12.1	0.0	12.1	
3.42969	-0.2	48186	12.7	12.2	0.5	12.2	0.0	12.2	
3.43359	-0.2	48186	12.7	12.2	0.5	12.2	0.0	12.2	
3.43750	-0.2	48186	12.7	12.1	0.6	12.1	0.0	12.1	
3.44141	-0.1	48186	12.7	12.2	0.5	12.2	0.0	12.2	
3.44531	-0.1	48186	12.7	12.2	0.5	12.2	0.0	12.2	
3.44922	-0.1	48186	12.7	12.2	0.5	12.2	0.0	12.2	
3.45312	-0.1	48186	12.7	12.2	0.5	12.2	0.0	12.2	
3.45703	-0.1	48186	12.7	12.2	0.5	12.2	0.0	12.2	
3.46094	-0.1	48186	12.7	12.2	0.5	12.2	0.0	12.2	
3.46484	-0.1	48186	12.7	12.2	0.5	12.2	0.0	12.2	
3.46875	-0.1	48186	12.7	12.2	0.5	12.2	0.0	12.2	
3.47266	-0.1	48186	12.7	12.1	0.6	12.1	0.0	12.1	
3.47656	-0.1	48186	12.7	12.2	0.5	12.2	0.0	12.2	
3.48047	-0.1	48186	12.7	12.2	0.5	12.2	0.0	12.2	
3.48438	-0.1	48186	12.7	12.2	0.5	12.2	0.0	12.2	
3.48828	-0.1	48186	12.7	12.2	0.5	12.2	0.0	12.2	
3.49219	-0.2	48186	12.7	12.2	0.5	12.2	0.0	12.2	
3.49609	-0.1	48186	12.7	12.2	0.5	12.2	0.0	12.2	
3.50000	-0.1	48186	12.7	12.1	0.6	12.1	0.0	12.1	
3.50391	-0.1	48186	12.7	12.1	0.6	12.1	0.0	12.1	
3.50781	-0.1	48186	12.7	12.1	0.6	12.1	0.0	12.1	
3.51172	-0.1	48186	12.7	12.1	0.6	12.1	0.0	12.1	
3.51562	-0.2	48186	12.7	12.1	0.6	12.1	0.0	12.1	
3.51953	-0.1	48186	12.7	12.1	0.6	12.1	0.0	12.1	
3.52344	-0.1	48186	12.7	12.1	0.6	12.1	0.0	12.1	
3.52734	-0.1	48186	12.7	12.1	0.6	12.1	0.0	12.1	
3.53125	-0.1	48186	12.7	12.1	0.6	12.1	0.0	12.1	
3.53516	-0.1	48186	12.8	12.1	0.7	12.1	0.0	12.1	
3.53906	-0.1	48186	12.8	12.1	0.7	12.1	0.0	12.1	
3.54297	-0.2	48186	12.8	12.1	0.7	12.1	0.0	12.1	
3.54688	-0.1	48186	12.8	12.1	0.7	12.1	0.0	12.1	
3.55078	-0.1	48186	12.8	12.1	0.7	12.1	0.0	12.1	
3.55469	-0.2	48186	12.8	12.1	0.7	12.1	0.0	12.1	
3.55859	-0.1	48186	12.8	12.1	0.7	12.1	0.0	12.1	
3.56250	-0.2	48185	12.8	12.1	0.7	12.1	0.0	12.1	
3.56641	-0.2	48185	12.8	12.1	0.7	12.1	0.0	12.1	
3.57031	-0.2	48185	12.8	12.1	0.7	12.1	0.0	12.1	
3.57422	-0.2	48185	12.9	12.1	0.8	12.1	0.0	12.1	
3.57812	-0.2	48185	12.9	12.1	0.8	12.1	0.0	12.1	
3.58203	-0.1	48185	12.9	12.1	0.8	12.1	0.0	12.1	
3.58594	-0.2	48185	12.9	12.1	0.8	12.1	0.0	12.1	
3.58984	-0.2	48185	12.9	12.1	0.8	12.1	0.0	12.1	
3.59375	-0.2	48185	12.9	12.1	0.8	12.1	0.0	12.1	
3.59766	-0.2	48185	12.9	12.1	0.8	12.1	0.0	12.1	
3.60156	-0.2	48185	12.9	12.1	0.8	12.1	0.0	12.1	
3.60547	-0.1	48185	12.9	12.1	0.8	12.1	0.0	12.1	
3.60938	-0.1	48185	12.9	12.1	0.8	12.1	0.0	12.1	
3.61328	-0.2	48185	12.9	12.1	0.8	12.1	0.0	12.1	
3.61719	-0.1	48185	12.9	12.1	0.8	12.1	0.0	12.1	
3.62109	-0.1	48185	12.9	12.1	0.8	12.1	0.0	12.1	
3.62500	-0.1	48185	12.9	12.1	0.8	12.1	0.0	12.1	
3.62891	-0.1	48185	12.9	12.2	0.7	12.2	0.0	12.2	
3.63281	-0.1	48185	12.9	12.2	0.7	12.2	0.0	12.2	
3.63672	-0.1	48185	12.9	12.1	0.8	12.1	0.0	12.1	
3.64062	-0.0	48185	12.9	12.1	0.8	12.1	0.0	12.1	
3.64453	0.0	48185	12.8	12.1	0.7	12.1	0.0	12.1	
3.64844	-0.0	48185	12.8	12.1	0.7	12.1	0.0	12.1	
3.65234	0.0	48185	12.8	12.1	0.7	12.1	0.0	12.1	
3.65625	0.1	48185	12.7	12.1	0.6	12.1	0.0	12.1	
3.66016	0.1	48185	12.7	12.1	0.6	12.1	0.0	12.1	
3.66406	0.0	48185	12.7	12.1	0.6	12.1	0.0	12.1	
3.66797	0.0	48185	12.6	12.0	0.6	12.0	0.0	12.0	
3.67188	-0.0	48185	12.6	12.0	0.6	12.0	0.0	12.0	
3.67578	-0.0	48185	12.6	12.0	0.6	12.0	0.0	12.0	
3.67969	-0.1	48185	12.6	11.9	0.7	11.9	0.0	11.9	
3.68359	-0.1	48185	12.6	11.9	0.7	11.9	0.0	11.9	
3.68750	-0.2	48185	12.7	11.9	0.8	11.9	0.0	11.9	
3.69141	-0.2	48185	12.7	11.9	0.8	11.9	0.0	11.9	
3.69531	-0.2	48185	12.7	11.9	0.8	11.9	0.0	11.9	
3.69922	-0.3	48185	12.7	11.9	0.8	11.9	0.0	11.9	
3.70312	-0.3	48185	12.8	11.8	1.0	11.8	0.0	11.8	
3.70703	-0.3	48185	12.8	11.8	1.0	11.8	0.0	11.8	
3.71094	-0.4	48185	12.9	11.8	1.1	11.8	0.0	11.8	
3.71484	-0.3	48185	12.9	11.8	1.1	11.8	0.0	11.8	
3.71875	-0.3	48185	12.9	11.8	1.1	11.8	0.0	11.8	
3.72266	-0.3	48185	13.0	11.8	1.2	11.8	0.0	11.8	
3.72656	-0.3	48185	13.0	11.8	1.2	11.8	0.0	11.8	
3.73047	-0.3	48185	13.0	11.7	1.3	11.7	0.0	11.7	
3.73438	-0.3	48185	13.0	11.7	1.3	11.7	0.0	11.7	
3.73828	-0.2	48185	13.1	11.7	1.4	11.7	0.0	11.7	
3.74219	-0.2	48185	13.1	11.7	1.4	11.7	0.0	11.7	
3.74609	-0.2	48185	13.1	11.7	1.4	11.7	0.0	11.7	
3.75000	-0.2	48185	13.1	11.7	1.4	11.7	0.0	11.7	
3.75391	-0.1	48185	13.1	11.7	1.4	11.7	0.0	11.7	
3.75781	-0.2	48185	13.1	11.7	1.4	11.7	0.0	11.7	
3.76172	-0.1	48185	13.1	11.7	1.4	11.7	0.0	11.7	
3.76562	-0.1	48185	13.1	11.7	1.4	11.7	0.0	11.7	
3.76953	-0.1	48185	13.1	11.7	1.4	11.7	0.0	11.7	
3.77344	-0.1	48185	13.1	11.7	1.4	11.7	0.0	11.7	
3.77734	-0.1	48185	13.1	11.7	1.4	11.7	0.0	11.7	
3.78125	-0.1	48185	13.1	11.7	1.4	11.7	0.0	11.7	
3.78516	-0.1	48185	13.1	11.7	1.4	11.7	0.0	11.7	
3.78906	-0.1	48185	13.1	11.6	1.5	11.6	0.0	11.6	
3.79297	-0.1	48185	13.1	11.6	1.5	11.6	0.0	11.6	
3.79688	-0.1	48185	13.1	11.6	1.5	11.6	0.0	11.6	
3.80078	-0.1	48185	13.0	11.6	1.4	11.6	0.0	11.6	
3.80469	-0.1	48185	13.0	11.6	1.4	11.6	0.0	11.6	
3.80859	-0.1	48185	13.0	11.6	1.4	11.6	0.0	11.6	
3.81250	-0.2	48185	13.0	11.6	1.4	11.6	0.0	11.6	
3.81641	-0.1	48185	13.0	11.6	1.4	11.6	0.0	11.6	
3.82031	-0.1	48185	13.0	11.6	1.4	11.6	0.0	11.6	
3.82422	-0.2	48185	13.0	11.6	1.4	11.6	0.0	11.6	
3.82812	-0.1	48185	13.0	11.6	1.4	11.6	0.0	11.6	
3.83203	-0.1	48185	13.0	11.6	1.4	11.6	0.0	11.6	
3.83594	-0.1	48185	13.0	11.6	1.4	11.6	0.0	11.6	
3.83984	-0.1	48185	13.0	11.6	1.4	11.6	0.0	11.6	
3.84375	-0.1	48185	13.0	11.6	1.4	11.6	0.0	11.6	
3.84766	-0.1	48185	13.0	11.6	1.4	11.6	0.0	11.6	
3.85156	-0.1	48185	13.0	11.6	1.4	11.6	0.0	11.6	
3.85547	-0.1	48185	13.0	11.6	1.4	11.6	0.0	11.6	
3.85938	-0.1	48185	13.0	11.6	1.4	11.6	0.0	11.6	
3.86328	-0.1	48185	13.0	11.6	1.4	11.6	0.0	11.6	
3.86719	-0.1	48185	13.0	11.6	1.4	11.6	0.0	11.6	
3.87109	-0.1	48185	13.0	11.6	1.4	11.6	0.0	11.6	
3.87500	-0.0	48185	13.0	11.6	1.4	11.6	0.0	11.6	
3.87891	0.1	48185	12.9	11.6	1.3	11.6	0.0	11.6	
3.88281	0.2	48185	12.9	11.6	1.3	11.6	0.0	11.6	
3.88672	0.4	48185	12.8	11.6	1.2	11.6	0.0	11.6	
3.89062	0.7	48185	12.7	11.6	1.1	11.6	0.0	11.6	
3.89453	1.0	48185	12.5	11.6	0.9	11.6	0.0	11.6	
3.89844	1.4	48185	12.3	11.6	0.7	11.6	0.0	11.6	
3.90234	1.9	48185	12.1	11.6	0.5	11.6	0.0	11.6	
3.90625	2.4	48185	11.9	11.6	0.3	11.6	0.0	11.6	
3.91016	2.9	48186	11.7	11.6	0.1	11.6	0.0	11.6	
3.91406	3.5	48186	11.4	11.5	-0.1	11.5	0.0	11.5	
3.91797	4.1	48186	11.2	11.5	-0.3	11.5	0.0	11.5	
3.92188	4.6	48186	10.9	11.4	-0.5	11.4	0.0	11.4	
3.92578	5.1	48187	10.6	11.4	-0.8	11.4	0.0	11.4	
3.92969	5.5	48187	10.3	11.3	-1.0	11.3	0.0	11.3	
3.93359	5.8	48187	10.0	11.2	-1.2	11.2	0.0	11.2	
3.93750	5.9	48188	9.7	11.2	-1.5	11.2	0.0	11.2	
3.94141	6.0	48188	9.4	11.1	-1.7	11.1	0.0	11.1	
3.94531	6.0	48189	9.2	11.0	-1.8	11.0	0.0	11.0	
3.94922	5.9	48189	8.9	10.9	-2.0	10.9	0.0	10.9	
3.95312	5.8	48189	8.6	10.8	-2.2	10.8	0.0	10.8	
3.95703	5.6	48190	8.4	10.8	-2.4	10.8	0.0	10.8	
3.96094	5.4	48190	8.2	10.7	-2.5	10.7	0.0	10.7	
3.96484	5.1	48190	8.0	10.6	-2.6	10.6	0.0	10.6	
3.96875	4.9	48191	7.8	10.5	-2.7	10.5	0.0	10.5	
3.97266	4.6	48191	7.6	10.4	-2.8	10.4	0.0	10.4	
3.97656	4.4	48191	7.4	10.3	-2.9	10.3	0.0	10.3	
3.98047	4.2	48192	7.2	10.2	-3.0	10.2	0.0	10.2	
3.98438	4.0	48192	7.1	10.1	-3.0	10.1	0.0	10.1	
3.98828	3.9	48192	6.9	10.0	-3.1	10.0	0.0	10.0	
3.99219	3.8	48192	6.7	9.9	-3.2	9.9	0.0	9.9	
3.99609	3.7	48193	6.6	9.8	-3.2	9.8	0.0	9.8	
4.00000	3.7	48193	6.4	9.7	-3.3	9.7	0.0	9.7	
4.00391	3.7	48193	6.2	9.7	-3.5	9.7	0.0	9.7	
4.00781	3.7	48193	6.1	9.6	-3.5	9.6	0.0	9.6	
4.01172	3.7	48193	5.9	9.4	-3.5	9.4	0.0	9.4	
4.01562	3.7	48194	5.7	9.4	-3.7	9.4	0.0	9.4	
4.01953	3.8	48194	5.5	9.3	-3.8	9.3	0.0	9.3	
4.02344	3.8	48194	5.3	9.1	-3.8	9.1	0.0	9.1	
4.02734	3.8	48194	5.2	9.0	-3.8	9.0	0.0	9.0	
4.03125	3.8	48195	5.0	8.9	-3.9	8.9	0.0	8.9	
4.03516	3.8	48195	4.8	8.8	-4.0	8.8	0.0	8.8	
4.03906	3.8	48195	4.7	8.7	-4.0	8.7	0.0	8.7	
4.04297	3.7	48195	4.5	8.6	-4.1	8.6	0.0	8.6	
4.04688	3.7	48196	4.4	8.5	-4.1	8.5	0.0	8.5	
4.05078	3.6	48196	4.2	8.4	-4.2	8.4	0.0	8.4	
4.05469	3.5	48196	4.1	8.3	-4.2	8.3	0.0	8.3	
4.05859	3.4	48196	3.9	8.2	-4.3	8.2	0.0	8.2	
4.06250	3.2	48197	3.8	8.1	-4.3	8.1	0.0	8.1	
4.06641	3.1	48197	3.7	8.0	-4.3	8.0	0.0	8.0	
4.07031	3.0	48197	3.5	7.9	-4.4	7.9	0.0	7.9	
4.07422	2.9	48197	3.4	7.8	-4.4	7.8	0.0	7.8	
4.07812	2.7	48197	3.3	7.6	-4.3	7.6	0.0	7.6	
4.08203	2.6	48198	3.2	7.5	-4.3	7.5	0.0	7.5	
4.08594	2.5	48198	3.1	7.4	-4.3	7.4	0.0	7.4	
4.08984	2.4	48198	3.0	7.3	-4.3	7.3	0.0	7.3	
4.09375	2.3	48198	2.9	7.2	-4.3	7.2	0.0	7.2	
4.09766	2.2	48198	2.8	7.1	-4.3	7.1	0.0	7.1	
4.10156	2.3	48198	2.6	7.0	-4.4	7.0	0.0	7.0	
4.10547	2.3	48198	2.5	6.9	-4.4	6.9	0.0	6.9	
4.10938	2.2	48199	2.4	6.8	-4.4	6.8	0.0	6.8	
4.11328	2.2	48199	2.3	6.7	-4.4	6.7	0.0	6.7	
4.11719	2.2	48199	2.2	6.6	-4.4	6.6	0.0	6.6	
4.12109	2.2	48199	2.1	6.5	-4.4	6.5	0.0	6.5	
4.12500	2.2	48199	2.0	6.4	-4.4	6.4	0.0	6.4	
4.12891	2.3	48199	1.8	6.3	-4.5	6.3	0.0	6.3	
4.13281	2.3	48199	1.7	6.2	-4.5	6.2	0.0	6.2	
4.13672	2.3	48200	1.6	6.1	-4.5	6.1	0.0	6.1	
4.14062	2.4	48200	1.5	6.0	-4.5	6.0	0.0	6.0	
4.14453	2.3	48200	1.4	5.9	-4.5	5.9	0.0	5.9	
4.14844	2.3	48200	1.3	5.8	-4.5	5.8	0.0	5.8	
4.15234	2.4	48200	1.2	5.7	-4.5	5.7	0.0	5.7	
4.15625	2.4	48200	1.0	5.6	-4.6	5.6	0.0	5.6	
4.16016	2.3	48201	0.9	5.5	-4.6	5.5	0.0	5.5	
4.16406	2.3	48201	0.8	5.4	-4.6	5.4	0.0	5.4	
4.16797	2.3	48201	0.7	5.3	-4.6	5.3	0.0	5.3	
4.17188	2.2	48201	0.6	5.2	-4.6	5.2	0.0	5.2	
4.17578	2.2	48201	0.5	5.1	-4.6	5.1	0.0	5.1	
4.17969	2.1	48201	0.4	5.0	-4.6	5.0	0.0	5.0	
4.18359	2.0	48201	0.3	4.9	-4.6	4.9	0.0	4.9	
4.18750	2.0	48201	0.3	4.8	-4.5	4.8	0.0	4.8	
4.19141	1.9	48202	0.2	4.7	-4.5	4.7	0.0	4.7	
4.19531	1.9	48202	0.1	4.6	-4.5	4.6	0.0	4.6	
4.19922	1.8	48202	0.0	4.5	-4.5	4.5	0.0	4.5	
4.20312	1.7	48202	-0.1	4.4	-4.5	4.4	0.0	4.4	
4.20703	1.6	48202	-0.2	4.3	-4.5	4.3	0.0	4.3	
4.21094	1.6	48202	-0.2	4.2	-4.4	4.2	0.0	4.2	
4.21484	1.5	48202	-0.3	4.1	-4.4	4.1	0.0	4.1	
4.21875	1.5	48202	-0.4	4.1	-4.5	4.1	0.0	4.1	
4.22266	1.4	48202	-0.5	4.0	-4.5	4.0	0.0	4.0	
4.22656	1.4	48203	-0.5	3.9	-4.4	3.9	0.0	3.9	
4.23047	1.3	48203	-0.6	3.8	-4.4	3.8	0.0	3.8	
4.23438	1.3	48203	-0.7	3.7	-4.4	3.7	0.0	3.7	
4.23828	1.2	48203	-0.7	3.7	-4.4	3.7	0.0	3.7	
4.24219	1.2	48203	-0.8	3.6	-4.4	3.6	0.0	3.6	
4.24609	1.1	48203	-0.9	3.5	-4.4	3.5	0.0	3.5	
4.25000	1.1	48203	-0.9	3.4	-4.3	3.4	0.0	3.4	
4.25391	1.1	48203	-1.0	3.3	-4.3	3.3	0.0	3.3	
4.25781	1.0	48203	-1.0	3.2	-4.2	3.2	0.0	3.2	
4.26172	0.9	48203	-1.1	3.2	-4.3	3.2	0.0	3.2	
4.26562	0.8	48203	-1.1	3.1	-4.2	3.1	0.0	3.1	
4.26953	0.8	48203	-1.1	3.0	-4.1	3.0	0.0	3.0	
4.27344	0.7	48203	-1.2	3.0	-4.2	3.0	0.0	3.0	
4.27734	0.6	48203	-1.2	2.9	-4.1	2.9	0.0	2.9	
4.28125	0.5	48203	-1.2	2.8	-4.0	2.8	0.0	2.8	
4.28516	0.4	48203	-1.2	2.7	-3.9	2.7	0.0	2.7	
4.28906	0.3	48203	-1.3	2.7	-4.0	2.7	0.0	2.7	
4.29297	0.2	48204	-1.2	2.6	-3.8	2.6	0.0	2.6	
4.29688	0.1	48204	-1.2	2.6	-3.8	2.6	0.0	2.6	
4.30078	0.0	48204	-1.2	2.5	-3.7	2.5	0.0	2.5	
4.30469	-0.0	48204	-1.2	2.5	-3.7	2.5	0.0	2.5	
4.30859	-0.1	48204	-1.1	2.4	-3.5	2.4	0.0	2.4	
4.31250	-0.3	48203	-1.1	2.4	-3.5	2.4	0.0	2.4	
4.31641	-0.4	48203	-1.0	2.3	-3.3	2.3	0.0	2.3	
4.32031	-0.5	48203	-0.9	2.3	-3.2	2.3	0.0	2.3	
4.32422	-0.6	48203	-0.8	2.3	-3.1	2.3	0.0	2.3	
4.32812	-0.8	48203	-0.7	2.3	-3.0	2.3	0.0	2.3	
4.33203	-1.1	48203	-0.5	2.3	-2.8	2.3	0.0	2.3	
4.33594	-1.3	48203	-0.4	2.2	-2.6	2.2	0.0	2.2	
4.33984	-1.6	48203	-0.2	2.3	-2.5	2.3	0.0	2.3	
4.34375	-1.9	48203	-0.0	2.3	-2.3	2.3	0.0	2.3	
4.34766	-2.2	48203	0.2	2.3	-2.1	2.3	0.0	2.3	
4.35156	-2.6	48203	0.4	2.3	-1.9	2.3	0.0	2.3	
4.35547	-3.1	48202	0.6	2.3	-1.7	2.3	0.0	2.3	
4.35938	-3.6	48202	0.9	2.4	-1.5	2.4	0.0	2.4	
4.36328	-4.1	48202	1.2	2.4	-1.2	2.4	0.0	2.4	
4.36719	-4.6	48202	1.5	2.4	-0.9	2.4	0.0	2.4	
4.37109	-5.2	48201	1.8	2.5	-0.7	2.5	0.0	2.5	
4.37500	-5.8	48201	2.2	2.6	-0.4	2.6	0.0	2.6	
4.37891	-6.3	48201	2.6	2.6	0.0	2.6	0.0	2.6	
4.38281	-6.8	48200	2.9	2.7	0.2	2.7	0.0	2.7	
4.38672	-7.2	48200	3.3	2.8	0.5	2.8	0.0	2.8	
4.39062	-7.6	48199	3.7	2.9	0.8	2.9	0.0	2.9	
4.39453	-7.9	48199	4.1	3.0	1.1	3.0	0.0	3.0	
4.39844	-8.1	48198	4.5	3.2	1.3	3.2	0.0	3.2	
4.40234	-8.2	48198	4.9	3.3	1.6	3.3	0.0	3.3	
4.40625	-8.3	48197	5.3	3.4	1.9	3.4	0.0	3.4	
4.41016	-8.4	48196	5.6	3.5	2.1	3.5	0.0	3.5	
4.41406	-8.3	48196	6.0	3.7	2.3	3.7	0.0	3.7	
4.41797	-8.2	48195	6.3	3.8	2.5	3.8	0.0	3.8	
4.42188	-8.1	48195	6.7	4.0	2.7	4.0	0.0	4.0	
4.42578	-7.9	48194	7.0	4.1	2.9	4.1	0.0	4.1	
4.42969	-7.8	48194	7.3	4.3	3.0	4.3	0.0	4.3	
4.43359	-7.6	48193	7.6	4.4	3.2	4.4	0.0	4.4	
4.43750	-7.3	48193	7.9	4.6	3.3	4.6	0.0	4.6	
4.44141	-7.0	48192	8.2	4.8	3.4	4.8	0.0	4.8	
4.44531	-6.8	48192	8.5	4.9	3.6	4.9	0.0	4.9	
4.44922	-6.6	48192	8.8	5.1	3.7	5.1	0.0	5.1	
4.45312	-6.3	48191	9.0	5.3	3.7	5.3	0.0	5.3	
4.45703	-6.0	48191	9.3	5.5	3.8	5.5	0.0	5.5	
4.46094	-5.9	48190	9.5	5.6	3.9	5.6	0.0	5.6	
4.46484	-5.6	48190	9.7	5.8	3.9	5.8	0.0	5.8	
4.46875	-5.3	48190	9.9	6.0	3.9	6.0	0.0	6.0	
4.47266	-5.1	48189	10.1	6.2	3.9	6.2	0.0	6.2	
4.47656	-4.8	48189	10.3	6.3	4.0	6.3	0.0	6.3	
4.48047	-4.5	48189	10.4	6.5	3.9	6.5	0.0	6.5	
4.48438	-4.1	48188	10.5	6.7	3.8	6.7	0.0	6.7	
4.48828	-3.9	48188	10.7	6.9	3.8	6.9	0.0	6.9	
4.49219	-3.6	48188	10.8	7.0	3.8	7.0	0.0	7.0	
4.49609	-3.3	48188	10.9	7.2	3.7	7.2	0.0	7.2	
4.50000	-3.0	48188	11.0	7.4	3.6	7.4	0.0	7.4	
4.50391	-2.7	48187	11.1	7.5	3.6	7.5	0.0	7.5	
4.50781	-2.5	48187	11.2	7.7	3.5	7.7	0.0	7.7	
4.51172	-2.3	48187	11.2	7.8	3.4	7.8	0.0	7.8	
4.51562	-2.1	48187	11.3	8.0	3.3	8.0	0.0	8.0	
4.51953	-1.9	48187	11.4	8.1	3.3	8.1	0.0	8.1	
4.52344	-1.7	48187	11.4	8.3	3.1	8.3	0.0	8.3	
4.52734	-1.6	48187	11.5	8.4	3.1	8.4	0.0	8.4	
4.53125	-1.5	48186	11.6	8.6	3.0	8.6	0.0	8.6	
4.53516	-1.4	48186	11.6	8.7	2.9	8.7	0.0	8.7	
4.53906	-1.4	48186	11.7	8.8	2.9	8.8	0.0	8.8	
4.54297	-1.2	48186	11.7	8.9	2.8	8.9	0.0	8.9	
4.54688	-1.2	48186	11.8	9.0	2.8	9.0	0.0	9.0	
4.55078	-1.2	48186	11.9	9.2	2.7	9.2	0.0	9.2	
4.55469	-1.1	48186	11.9	9.3	2.6	9.3	0.0	9.3	
4.55859	-1.1	48186	12.0	9.4	2.6	9.4	0.0	9.4	
4.56250	-1.1	48186	12.0	9.5	2.5	9.5	0.0	9.5	
4.56641	-1.0	48186	12.1	9.6	2.5	9.6	0.0	9.6	
4.57031	-1.0	48186	12.1	9.7	2.4	9.7	0.0	9.7	
4.57422	-1.0	48186	12.1	9.7	2.4	9.7	0.0	9.7	
4.57812	-0.9	48186	12.2	9.9	2.3	9.9	0.0	9.9	
4.58203	-0.9	48186	12.2	10.0	2.2	10.0	0.0	10.0	
4.58594	-0.9	48185	12.3	10.0	2.3	10.0	0.0	10.0	
4.58984	-0.8	48185	12.3	10.1	2.2	10.1	0.0	10.1	
4.59375	-0.8	48185	12.3	10.2	2.1	10.2	0.0	10.2	
4.59766	-0.7	48185	12.4	10.3	2.1	10.3	0.0	10.3	
4.60156	-0.6	48185	12.4	10.4	2.0	10.4	0.0	10.4	
4.60547	-0.6	48185	12.4	10.4	2.0	10.4	0.0	10.4	
4.60938	-0.6	48185	12.5	10.5	2.0	10.5	0.0	10.5	
4.61328	-0.5	48185	12.5	10.6	1.9	10.6	0.0	10.6	
4.61719	-0.5	48185	12.5	10.7	1.8	10.7	0.0	10.7	
4.62109	-0.4	48185	12.5	10.8	1.7	10.8	0.0	10.8	
4.62500	-0.4	48185	12.5	10.8	1.7	10.8	0.0	10.8	
4.62891	-0.4	48185	12.6	10.9	1.7	10.9	0.0	10.9	
4.63281	-0.3	48185	12.6	11.0	1.6	11.0	0.0	11.0	
4.63672	-0.3	48185	12.6	11.0	1.6	11.0	0.0	11.0	
4.64062	-0.3	48185	12.6	11.1	1.5	11.1	0.0	11.1	
4.64453	-0.3	48185	12.6	11.1	1.5	11.1	0.0	11.1	
4.64844	-0.3	48185	12.6	11.2	1.4	11.2	0.0	11.2	
4.65234	-0.2	48185	12.6	11.2	1.4	11.2	0.0	11.2	
4.65625	-0.2	48185	12.6	11.3	1.3	11.3	0.0	11.3	
4.66016	-0.1	48185	12.6	11.4	1.2	11.4	0.0	11.4	
4.66406	-0.1	48185	12.6	11.4	1.2	11.4	0.0	11.4	
4.66797	-0.1	48185	12.6	11.4	1.2	11.4	0.0	11.4	
4.67188	-0.1	48185	12.6	11.5	1.1	11.5	0.0	11.5	
4.67578	-0.1	48185	12.6	11.5	1.1	11.5	0.0	11.5	
4.67969	-0.1	48185	12.6	11.6	1.0	11.6	0.0	11.6	
4.68359	-0.2	48185	12.6	11.6	1.0	11.6	0.0	11.6	
4.68750	-0.2	48185	12.6	11.7	0.9	11.7	0.0	11.7	
4.69141	-0.2	48185	12.6	11.7	0.9	11.7	0.0	11.7	
4.69531	-0.2	48185	12.6	11.8	0.8	11.8	0.0	11.8	
4.69922	-0.2	48185	12.6	11.8	0.8	11.8	0.0	11.8	
4.70312	-0.2	48185	12.6	11.8	0.8	11.8	0.0	11.8	
4.70703	-0.2	48185	12.6	11.9	0.7	11.9	0.0	11.9	
4.71094	-0.2	48185	12.6	11.9	0.7	11.9	0.0	11.9	
4.71484	-0.2	48185	12.6	11.9	0.7	11.9	0.0	11.9	
4.71875	-0.2	48185	12.6	12.0	0.6	12.0	0.0	12.0	
4.72266	-0.2	48185	12.7	12.0	0.7	12.0	0.0	12.0	
4.72656	-0.2	48185	12.7	12.0	0.7	12.0	0.0	12.0	
4.73047	-0.2	48185	12.7	12.1	0.6	12.1	0.0	12.1	
4.73438	-0.2	48185	12.7	12.1	0.6	12.1	0.0	12.1	
4.73828	-0.2	48185	12.7	12.1	0.6	12.1	0.0	12.1	
4.74219	-0.2	48185	12.7	12.2	0.5	12.2	0.0	12.2	
4.74609	-0.2	48185	12.7	12.2	0.5	12.2	0.0	12.2	
4.75000	-0.2	48185	12.7	12.2	0.5	12.2	0.0	12.2	
4.75391	-0.2	48185	12.7	12.2	0.5	12.2	0.0	12.2	
4.75781	-0.2	48185	12.8	12.3	0.5	12.3	0.0	12.3	
4.76172	-0.2	48185	12.8	12.3	0.5	12.3	0.0	12.3	
4.76562	-0.2	48185	12.8	12.3	0.5	12.3	0.0	12.3	
4.76953	-0.2	48185	12.8	12.3	0.5	12.3	0.0	12.3	
4.77344	-0.1	48185	12.8	12.4	0.4	12.4	0.0	12.4	
4.77734	-0.1	48185	12.8	12.4	0.4	12.4	0.0	12.4	
4.78125	-0.1	48185	12.8	12.4	0.4	12.4	0.0	12.4	
4.78516	-0.1	48185	12.8	12.4	0.4	12.4	0.0	12.4	
4.78906	-0.1	48185	12.8	12.4	0.4	12.4	0.0	12.4	
4.79297	-0.1	48185	12.8	12.5	0.3	12.5	0.0	12.5	
4.79688	-0.1	48185	12.8	12.5	0.3	12.5	0.0	12.5	
4.80078	-0.2	48185	12.8	12.5	0.3	12.5	0.0	12.5	
4.80469	-0.2	48185	12.8	12.5	0.3	12.5	0.0	12.5	
4.80859	-0.2	48184	12.8	12.6	0.2	12.6	0.0	12.6	
4.81250	-0.3	48184	12.8	12.6	0.2	12.6	0.0	12.6	
4.81641	-0.3	48184	12.8	12.6	0.2	12.6	0.0	12.6	
4.82031	-0.3	48184	12.8	12.6	0.2	12.6	0.0	12.6	
4.82422	-0.4	48184	12.8	12.6	0.2	12.6	0.0	12.6	
4.82812	-0.4	48184	12.7	12.7	0.0	12.7	0.0	12.7	
4.83203	-0.4	48184	12.7	12.7	0.0	12.7	0.0	12.7	
4.83594	-0.4	48184	12.7	12.7	0.0	12.7	0.0	12.7	
4.83984	-0.3	48184	12.7	12.7	0.0	12.7	0.0	12.7	
4.84375	-0.3	48184	12.7	12.7	0.0	12.7	0.0	12.7	
4.84766	-0.2	48184	12.7	12.7	0.0	12.7	0.0	12.7	
4.85156	-0.2	48184	12.7	12.8	-0.1	12.8	0.0	12.8	
4.85547	-0.1	48184	12.7	12.8	-0.1	12.8	0.0	12.8	
4.85938	-0.1	48184	12.7	12.8	-0.1	12.8	0.0	12.8	
4.86328	-0.0	48184	12.7	12.8	-0.1	12.8	0.0	12.8	
4.86719	0.0	48184	12.7	12.8	-0.1	12.8	0.0	12.8	
4.87109	0.0	48184	12.7	12.8	-0.1	12.8	0.0	12.8	
4.87500	0.0	48184	12.7	12.8	-0.1	12.8	0.0	12.8	
4.87891	0.1	48184	12.7	12.8	-0.1	12.8	0.0	12.8	
4.88281	0.1	48184	12.8	12.8	0.0	12.8	0.0	12.8	
4.88672	0.0	48184	12.7	12.9	-0.2	12.9	0.0	12.9	
4.89062	0.0	48184	12.7	12.9	-0.2	12.9	0.0	12.9	
4.89453	0.0	48184	12.7	12.9	-0.2	12.9	0.0	12.9	
4.89844	-0.0	48184	12.7	12.9	-0.2	12.9	0.0	12.9	
4.90234	-0.0	48184	12.7	12.9	-0.2	12.9	0.0	12.9	
4.90625	-0.1	48184	12.7	12.9	-0.2	12.9	0.0	12.9	
4.91016	-0.2	48184	12.7	12.9	-0.2	12.9	0.0	12.9	
4.91406	-0.2	48184	12.7	12.9	-0.2	12.9	0.0	12.9	
4.91797	-0.2	48184	12.6	12.9	-0.3	12.9	0.0	12.9	
4.92188	-0.2	48184	12.6	13.0	-0.4	13.0	0.0	13.0	
4.92578	-0.3	48184	12.6	13.0	-0.4	13.0	0.0	13.0	
4.92969	-0.3	48184	12.6	12.9	-0.3	12.9	0.0	12.9	
4.93359	-0.2	48184	12.6	12.9	-0.3	12.9	0.0	12.9	
4.93750	-0.2	48184	12.6	13.0	-0.4	13.0	0.0	13.0	
4.94141	-0.3	48184	12.6	13.0	-0.4	13.0	0.0	13.0	
4.94531	-0.3	48184	12.6	13.0	-0.4	13.0	0.0	13.0	
4.94922	-0.2	48184	12.6	13.0	-0.4	13.0	0.0	13.0	
4.95312	-0.2	48184	12.6	13.0	-0.4	13.0	0.0	13.0	
4.95703	-0.2	48184	12.6	13.0	-0.4	13.0	0.0	13.0	
4.96094	-0.1	48184	12.6	13.0	-0.4	13.0	0.0	13.0	
4.96484	-0.1	48184	12.6	13.0	-0.4	13.0	0.0	13.0	
4.96875	-0.1	48184	12.6	13.0	-0.4	13.0	0.0	13.0	
4.97266	-0.1	48184	12.6	13.0	-0.4	13.0	0.0	13.0	
4.97656	-0.1	48184	12.6	13.0	-0.4	13.0	0.0	13.0	
4.98047	-0.1	48184	12.7	13.0	-0.3	13.0	0.0	13.0	
4.98438	-0.1	48184	12.7	13.0	-0.3	13.0	0.0	13.0	
4.98828	-0.1	48184	12.7	13.0	-0.3	13.0	0.0	13.0	
4.99219	-0.1	48184	12.7	13.0	-0.3	13.0	0.0	13.0	
4.99609	-0.1	48184	12.7	13.0	-0.3	13.0	0.0	13.0	
5.00000	-0.1	48184	12.7	13.0	-0.3	13.0	0.0	13.0	
5.00391	-0.0	48184	12.7	13.0	-0.3	13.0	0.0	13.0	
5.00781	-0.0	48184	12.7	13.0	-0.3	13.0	0.0	13.0	
5.01172	-0.1	48184	12.7	13.0	-0.3	13.0	0.0	13.0	
5.01562	-0.0	48184	12.7	13.0	-0.3	13.0	0.0	13.0	
5.01953	-0.0	48184	12.7	13.0	-0.3	13.0	0.0	13.0	
5.02344	-0.1	48184	12.7	13.0	-0.3	13.0	0.0	13.0	
5.02734	-0.1	48184	12.7	13.0	-0.3	13.0	0.0	13.0	
5.03125	-0.1	48184	12.7	13.0	-0.3	13.0	0.0	13.0	
5.03516	-0.1	48184	12.7	13.0	-0.3	13.0	0.0	13.0	
5.03906	-0.1	48184	12.7	13.0	-0.3	13.0	0.0	13.0	
5.04297	-0.1	48184	12.7	13.0	-0.3	13.0	0.0	13.0	
5.04688	-0.1	48184	12.7	13.0	-0.3	13.0	0.0	13.0	
5.05078	-0.1	48184	12.7	13.0	-0.3	13.0	0.0	13.0	
5.05469	-0.2	48184	12.7	13.0	-0.3	13.0	0.0	13.0	
5.05859	-0.2	48184	12.7	13.0	-0.3	13.0	0.0	13.0	
5.06250	-0.2	48184	12.7	13.0	-0.3	13.0	0.0	13.0	
5.06641	-0.2	48184	12.7	13.0	-0.3	13.0	0.0	13.0	
5.07031	-0.2	48184	12.8	13.0	-0.2	13.0	0.0	13.0	
5.07422	-0.2	48184	12.8	13.0	-0.2	13.0	0.0	13.0	
5.07812	-0.2	48184	12.8	13.0	-0.2	13.0	0.0	13.0	
5.08203	-0.2	48184	12.8	13.0	-0.2	13.0	0.0	13.0	
5.08594	-0.2	48184	12.8	13.0	-0.2	13.0	0.0	13.0	
5.08984	-0.2	48184	12.9	13.0	-0.1	13.0	0.0	13.0	
5.09375	-0.2	48184	12.9	13.0	-0.1	13.0	0.0	13.0	
5.09766	-0.2	48184	12.9	13.1	-0.2	13.1	0.0	13.1	
5.10156	-0.2	48184	12.9	13.1	-0.2	13.1	0.0	13.1	
5.10547	-0.2	48184	12.9	13.1	-0.2	13.1	0.0	13.1	
5.10938	-0.2	48184	12.9	13.1	-0.2	13.1	0.0	13.1	
5.11328	-0.2	48184	12.9	13.1	-0.2	13.1	0.0	13.1	
5.11719	-0.2	48184	12.9	13.1	-0.2	13.1	0.0	13.1	
5.12109	-0.2	48184	12.9	13.1	-0.2	13.1	0.0	13.1	
5.12500	-0.1	48184	13.0	13.1	-0.1	13.1	0.0	13.1	
5.12891	-0.1	48184	13.0	13.1	-0.1	13.1	0.0	13.1	
5.13281	-0.1	48184	13.0	13.1	-0.1	13.1	0.0	13.1	
5.13672	-0.1	48184	12.9	13.1	-0.2	13.1	0.0	13.1	
5.14062	-0.1	48184	12.9	13.1	-0.2	13.1	0.0	13.1	
5.14453	-0.1	48184	12.9	13.1	-0.2	13.1	0.0	13.1	
5.14844	-0.0	48184	12.9	13.1	-0.2	13.1	0.0	13.1	
5.15234	0.0	48184	12.9	13.1	-0.2	13.1	0.0	13.1	
5.15625	0.0	48184	12.8	13.0	-0.2	13.0	0.0	13.0	
5.16016	0.0	48184	12.8	13.0	-0.2	13.0	0.0	13.0	
5.16406	0.1	48184	12.7	13.0	-0.3	13.0	0.0	13.0	
5.16797	0.1	48184	12.7	12.9	-0.2	12.9	0.0	12.9	
5.17188	0.1	48184	12.7	12.9	-0.2	12.9	0.0	12.9	
5.17578	0.1	48184	12.7	12.8	-0.1	12.8	0.0	12.8	
5.17969	0.0	48184	12.6	12.8	-0.2	12.8	0.0	12.8	
5.18359	0.0	48184	12.6	12.8	-0.2	12.8	0.0	12.8	
5.18750	0.0	48184	12.6	12.7	-0.1	12.7	0.0	12.7	
5.19141	-0.1	48184	12.6	12.7	-0.1	12.7	0.0	12.7	
5.19531	-0.2	48184	12.6	12.6	0.0	12.6	0.0	12.6	
5.19922	-0.2	48184	12.6	12.6	0.0	12.6	0.0	12.6	
5.20312	-0.2	48184	12.6	12.6	0.0	12.6	0.0	12.6	
5.20703	-0.3	48184	12.7	12.5	0.2	12.5	0.0	12.5	
5.21094	-0.3	48184	12.7	12.5	0.2	12.5	0.0	12.5	
5.21484	-0.3	48184	12.8	12.4	0.4	12.4	0.0	12.4	
5.21875	-0.3	48184	12.8	12.4	0.4	12.4	0.0	12.4	
5.22266	-0.4	48184	12.8	12.4	0.4	12.4	0.0	12.4	
5.22656	-0.4	48184	12.9	12.3	0.6	12.3	0.0	12.3	
5.23047	-0.3	48183	12.9	12.3	0.6	12.3	0.0	12.3	
5.23438	-0.3	48183	12.9	12.3	0.6	12.3	0.0	12.3	
5.23828	-0.3	48183	12.9	12.3	0.6	12.3	0.0	12.3	
5.24219	-0.3	48183	13.0	12.2	0.8	12.2	0.0	12.2	
5.24609	-0.2	48183	13.0	12.2	0.8	12.2	0.0	12.2	
5.25000	-0.3	48183	13.0	12.2	0.8	12.2	0.0	12.2	
5.25391	-0.2	48183	13.0	12.1	0.9	12.1	0.0	12.1	
5.25781	-0.1	48183	13.0	12.1	0.9	12.1	0.0	12.1	
5.26172	-0.1	48183	13.0	12.1	0.9	12.1	0.0	12.1	
5.26562	-0.1	48183	13.0	12.1	0.9	12.1	0.0	12.1	
5.26953	-0.1	48183	13.0	12.0	1.0	12.0	0.0	12.0	
5.27344	-0.1	48183	13.0	12.0	1.0	12.0	0.0	12.0	
5.27734	-0.1	48183	13.0	12.0	1.0	12.0	0.0	12.0	
5.28125	-0.1	48183	13.0	12.0	1.0	12.0	0.0	12.0	
5.28516	-0.1	48183	13.0	12.0	1.0	12.0	0.0	12.0	
5.28906	-0.1	48183	13.0	12.0	1.0	12.0	0.0	12.0	
5.29297	-0.1	48183	13.0	11.9	1.1	11.9	0.0	11.9	
5.29688	-0.1	48183	13.0	11.9	1.1	11.9	0.0	11.9	
5.30078	-0.1	48183	13.0	11.9	1.1	11.9	0.0	11.9	
5.30469	-0.1	48183	13.0	11.9	1.1	11.9	0.0	11.9	
5.30859	-0.1	48183	13.0	11.9	1.1	11.9	0.0	11.9	
5.31250	-0.1	48183	13.0	11.8	1.2	11.8	0.0	11.8	
5.31641	-0.1	48183	13.0	11.8	1.2	11.8	0.0	11.8	
5.32031	-0.1	48183	13.0	11.8	1.2	11.8	0.0	11.8	
5.32422	-0.1	48183	13.0	11.8	1.2	11.8	0.0	11.8	
5.32812	-0.1	48183	13.0	11.8	1.2	11.8	0.0	11.8	
5.33203	-0.1	48183	13.0	11.8	1.2	11.8	0.0	11.8	
5.33594	-0.1	48183	13.0	11.7	1.3	11.7	0.0	11.7	
5.33984	-0.1	48183	13.0	11.8	1.2	11.8	0.0	11.8	
5.34375	-0.1	48183	13.0	11.7	1.3	11.7	0.0	11.7	
5.34766	-0.1	48183	13.0	11.7	1.3	11.7	0.0	11.7	
5.35156	-0.1	48183	13.0	11.7	1.3	11.7	0.0	11.7	
5.35547	-0.1	48183	13.0	11.7	1.3	11.7	0.0	11.7	
5.35938	-0.1	48183	13.0	11.7	1.3	11.7	0.0	11.7	
5.36328	-0.1	48183	13.0	11.7	1.3	11.7	0.0	11.7	
5.36719	-0.1	48183	13.0	11.7	1.3	11.7	0.0	11.7	
5.37109	-0.1	48183	13.0	11.7	1.3	11.7	0.0	11.7	
5.37500	-0.2	48183	13.0	11.7	1.3	11.7	0.0	11.7	
5.37891	-0.1	48183	13.0	11.7	1.3	11.7	0.0	11.7	
5.38281	-0.1	48183	13.0	11.7	1.3	11.7	0.0	11.7	
5.38672	-0.1	48183	13.0	11.7	1.3	11.7	0.0	11.7	
5.39062	-0.1	48183	13.0	11.7	1.3	11.7	0.0	11.7	
5.39453	-0.1	48183	13.0	11.7	1.3	11.7	0.0	11.7	
5.39844	-0.1	48183	13.0	11.7	1.3	11.7	0.0	11.7	
5.40234	-0.1	48183	13.0	11.7	1.3	11.7	0.0	11.7	
5.40625	-0.1	48183	12.9	11.7	1.2	11.7	0.0	11.7	
5.41016	-0.1	48183	12.9	11.7	1.2	11.7	0.0	11.7	
5.41406	-0.1	48183	12.9	11.7	1.2	11.7	0.0	11.7	
5.41797	-0.0	48183	12.9	11.7	1.2	11.7	0.0	11.7	
5.42188	-0.0	48183	12.9	11.7	1.2	11.7	0.0	11.7	
5.42578	-0.1	48183	12.9	11.7	1.2	11.7	0.0	11.7	
5.42969	-0.1	48183	12.9	11.7	1.2	11.7	0.0	11.7	
5.43359	-0.0	48183	12.8	11.7	1.1	11.7	0.0	11.7	
5.43750	-0.0	48183	12.8	11.7	1.1	11.7	0.0	11.7	
5.44141	-0.0	48183	12.8	11.7	1.1	11.7	0.0	11.7	
5.44531	-0.1	48183	12.8	11.6	1.2	11.6	0.0	11.6	
5.44922	-0.1	48183	12.8	11.6	1.2	11.6	0.0	11.6	
5.45312	-0.1	48183	12.8	11.6	1.2	11.6	0.0	11.6	
5.45703	-0.0	48183	12.8	11.6	1.2	11.6	0.0	11.6	
5.46094	-0.0	48183	12.7	11.6	1.1	11.6	0.0	11.6	
5.46484	-0.1	48183	12.8	11.6	1.2	11.6	0.0	11.6	
5.46875	-0.1	48183	12.8	11.6	1.2	11.6	0.0	11.6	
5.47266	-0.1	48183	12.8	11.6	1.2	11.6	0.0	11.6	
5.47656	-0.1	48183	12.8	11.6	1.2	11.6	0.0	11.6	
5.48047	-0.1	48183	12.8	11.6	1.2	11.6	0.0	11.6	
5.48438	-0.1	48183	12.8	11.6	1.2	11.6	0.0	11.6	
5.48828	-0.1	48183	12.8	11.6	1.2	11.6	0.0	11.6	
5.49219	-0.1	48183	12.8	11.6	1.2	11.6	0.0	11.6	
5.49609	-0.1	48183	12.8	11.6	1.2	11.6	0.0	11.6	
5.50000	-0.1	48183	12.8	11.6	1.2	11.6	0.0	11.6	
5.50391	-0.2	48183	12.8	11.6	1.2	11.6	0.0	11.6	
5.50781	-0.1	48183	12.8	11.6	1.2	11.6	0.0	11.6	
5.51172	-0.1	48183	12.8	11.6	1.2	11.6	0.0	11.6	
5.51562	-0.1	48183	12.8	11.6	1.2	11.6	0.0	11.6	
5.51953	-0.1	48183	12.9	11.6	1.3	11.6	0.0	11.6	
5.52344	-0.1	48183	12.9	11.6	1.3	11.6	0.0	11.6	
5.52734	-0.2	48183	12.9	11.6	1.3	11.6	0.0	11.6	
5.53125	-0.1	48183	12.9	11.6	1.3	11.6	0.0	11.6	
5.53516	-0.1	48183	12.9	11.6	1.3	11.6	0.0	11.6	
5.53906	-0.2	48183	12.9	11.6	1.3	11.6	0.0	11.6	
5.54297	-0.1	48183	12.9	11.6	1.3	11.6	0.0	11.6	
5.54688	-0.1	48183	12.9	11.6	1.3	11.6	0.0	11.6	
5.55078	-0.1	48183	12.9	11.6	1.3	11.6	0.0	11.6	
5.55469	-0.1	48183	12.9	11.6	1.3	11.6	0.0	11.6	
5.55859	-0.1	48183	12.9	11.6	1.3	11.6	0.0	11.6	
5.56250	-0.1	48183	12.9	11.6	1.3	11.6	0.0	11.6	
5.56641	-0.1	48183	12.9	11.6	1.3	11.6	0.0	11.6	
5.57031	-0.1	48183	12.9	11.6	1.3	11.6	0.0	11.6	
5.57422	-0.1	48183	12.9	11.6	1.3	11.6	0.0	11.6	
5.57812	-0.1	48183	12.9	11.6	1.3	11.6	0.0	11.6	
5.58203	-0.1	48183	12.9	11.6	1.3	11.6	0.0	11.6	
5.58594	-0.1	48183	12.9	11.6	1.3	11.6	0.0	11.6	
5.58984	-0.1	48183	12.9	11.7	1.2	11.7	0.0	11.7	
5.59375	-0.1	48183	12.9	11.6	1.3	11.6	0.0	11.6	
5.59766	-0.1	48183	12.8	11.6	1.2	11.6	0.0	11.6	
5.60156	-0.1	48183	12.8	11.7	1.1	11.7	0.0	11.7	
5.60547	-0.1	48183	12.8	11.7	1.1	11.7	0.0	11.7	
5.60938	-0.1	48183	12.8	11.7	1.1	11.7	0.0	11.7	
5.61328	-0.1	48183	12.8	11.7	1.1	11.7	0.0	11.7	
5.61719	-0.1	48183	12.8	11.7	1.1	11.7	0.0	11.7	
5.62109	-0.1	48183	12.8	11.7	1.1	11.7	0.0	11.7	
5.62500	-0.1	48183	12.8	11.7	1.1	11.7	0.0	11.7	
5.62891	-0.1	48183	12.8	11.7	1.1	11.7	0.0	11.7	
5.63281	-0.1	48183	12.8	11.7	1.1	11.7	0.0	11.7	
5.63672	-0.1	48183	12.8	11.7	1.1	11.7	0.0	11.7	
5.64062	-0.1	48183	12.8	11.7	1.1	11.7	0.0	11.7	
5.64453	-0.1	48183	12.8	11.7	1.1	11.7	0.0	11.7	
5.64844	-0.1	48183	12.8	11.7	1.1	11.7	0.0	11.7	
5.65234	-0.1	48183	12.8	11.7	1.1	11.7	0.0	11.7	
5.65625	-0.1	48183	12.8	11.7	1.1	11.7	0.0	11.7	
5.66016	-0.1	48183	12.8	11.7	1.1	11.7	0.0	11.7	
5.66406	-0.1	48183	12.8	11.7	1.1	11.7	0.0	11.7	
5.66797	-0.1	48183	12.8	11.7	1.1	11.7	0.0	11.7	
5.67188	-0.1	48183	12.8	11.7	1.1	11.7	0.0	11.7	
5.67578	-0.1	48183	12.8	11.7	1.1	11.7	0.0	11.7	
5.67969	-0.1	48183	12.8	11.7	1.1	11.7	0.0	11.7	
5.68359	-0.1	48183	12.8	11.7	1.1	11.7	0.0	11.7	
5.68750	-0.1	48183	12.8	11.8	1.0	11.8	0.0	11.8	
5.69141	-0.1	48183	12.8	11.8	1.0	11.8	0.0	11.8	
5.69531	-0.1	48183	12.8	11.8	1.0	11.8	0.0	11.8	
5.69922	-0.1	48183	12.8	11.8	1.0	11.8	0.0	11.8	
5.70312	-0.1	48183	12.8	11.8	1.0	11.8	0.0	11.8	
5.70703	-0.1	48183	12.8	11.8	1.0	11.8	0.0	11.8	
5.71094	-0.1	48183	12.8	11.8	1.0	11.8	0.0	11.8	
5.71484	-0.1	48183	12.8	11.8	1.0	11.8	0.0	11.8	
5.71875	-0.1	48183	12.8	11.8	1.0	11.8	0.0	11.8	
5.72266	-0.1	48183	12.8	11.8	1.0	11.8	0.0	11.8	
5.72656	-0.1	48183	12.8	11.8	1.0	11.8	0.0	11.8	
5.73047	-0.2	48183	12.8	11.8	1.0	11.8	0.0	11.8	
5.73438	-0.1	48183	12.8	11.8	1.0	11.8	0.0	11.8	
5.73828	-0.2	48183	12.8	11.8	1.0	11.8	0.0	11.8	
5.74219	-0.2	48183	12.8	11.8	1.0	11.8	0.0	11.8	
5.74609	-0.1	48183	12.8	11.8	1.0	11.8	0.0	11.8	
5.75000	-0.1	48183	12.8	11.9	0.9	11.9	0.0	11.9	
5.75391	-0.1	48183	12.8	11.9	0.9	11.9	0.0	11.9	
5.75781	-0.1	48183	12.8	11.8	1.0	11.8	0.0	11.8	
5.76172	-0.1	48183	12.7	11.8	0.9	11.8	0.0	11.8	
5.76562	-0.1	48183	12.7	11.8	0.9	11.8	0.0	11.8	
5.76953	-0.1	48183	12.7	11.9	0.8	11.9	0.0	11.9	
5.77344	-0.1	48183	12.7	11.9	0.8	11.9	0.0	11.9	
5.77734	-0.1	48183	12.7	11.8	0.9	11.8	0.0	11.8	
5.78125	-0.1	48183	12.7	11.9	0.8	11.9	0.0	11.9	
5.78516	-0.1	48183	12.7	11.9	0.8	11.9	0.0	11.9	
5.78906	-0.1	48183	12.7	11.9	0.8	11.9	0.0	11.9	
5.79297	-0.1	48182	12.7	11.9	0.8	11.9	0.0	11.9	
5.79688	-0.1	48182	12.7	11.9	0.8	11.9	0.0	11.9	
5.80078	-0.1	48182	12.8	11.9	0.9	11.9	0.0	11.9	
5.80469	-0.2	48182	12.8	11.9	0.9	11.9	0.0	11.9	
5.80859	-0.2	48182	12.8	11.9	0.9	11.9	0.0	11.9	
5.81250	-0.1	48182	12.8	11.9	0.9	11.9	0.0	11.9	
5.81641	-0.1	48182	12.8	11.9	0.9	11.9	0.0	11.9	
5.82031	-0.1	48182	12.8	11.9	0.9	11.9	0.0	11.9	
5.82422	-0.2	48182	12.8	11.9	0.9	11.9	0.0	11.9	
5.82812	-0.2	48182	12.8	11.9	0.9	11.9	0.0	11.9	
5.83203	-0.1	48182	12.8	11.9	0.9	11.9	0.0	11.9	
5.83594	-0.2	48182	12.8	11.9	0.9	11.9	0.0	11.9	
5.83984	-0.2	48182	12.8	11.9	0.9	11.9	0.0	11.9	
5.84375	-0.2	48182	12.9	12.0	0.9	12.0	0.0	12.0	
5.84766	-0.2	48182	12.9	12.0	0.9	12.0	0.0	12.0	
5.85156	-0.2	48182	12.9	12.0	0.9	12.0	0.0	12.0	
5.85547	-0.2	48182	12.9	12.0	0.9	12.0	0.0	12.0	
5.85938	-0.2	48182	12.9	12.0	0.9	12.0	0.0	12.0	
5.86328	-0.2	48182	12.9	12.0	0.9	12.0	0.0	12.0	
5.86719	-0.1	48182	13.0	12.0	1.0	12.0	0.0	12.0	
5.87109	-0.2	48182	12.9	12.0	0.9	12.0	0.0	12.0	
5.87500	-0.1	48182	12.9	12.1	0.8	12.1	0.0	12.1	
5.87891	-0.1	48182	13.0	12.1	0.9	12.1	0.0	12.1	
5.88281	-0.1	48182	13.0	12.1	0.9	12.1	0.0	12.1	
5.88672	-0.1	48182	12.9	12.1	0.8	12.1	0.0	12.1	
5.89062	-0.1	48182	13.0	12.1	0.9	12.1	0.0	12.1	
5.89453	-0.1	48182	13.0	12.1	0.9	12.1	0.0	12.1	
5.89844	-0.1	48182	12.9	12.1	0.8	12.1	0.0	12.1	
5.90234	-0.1	48182	12.9	12.1	0.8	12.1	0.0	12.1	
5.90625	-0.1	48182	12.9	12.1	0.8	12.1	0.0	12.1	
5.91016	-0.0	48182	12.9	12.1	0.8	12.1	0.0	12.1	
5.91406	0.0	48182	12.8	12.1	0.7	12.1	0.0	12.1	
5.91797	0.1	48182	12.8	12.1	0.7	12.1	0.0	12.1	
5.92188	0.0	48182	12.8	12.1	0.7	12.1	0.0	12.1	
5.92578	0.1	48182	12.7	12.1	0.6	12.1	0.0	12.1	
5.92969	0.2	48182	12.7	12.0	0.7	12.0	0.0	12.0	
5.93359	0.2	48182	12.6	12.0	0.6	12.0	0.0	12.0	
5.93750	0.3	48182	12.5	12.0	0.5	12.0	0.0	12.0	
5.94141	0.4	48182	12.5	11.9	0.6	11.9	0.0	11.9	
5.94531	0.4	48182	12.4	11.9	0.5	11.9	0.0	11.9	
5.94922	0.6	48182	12.3	11.9	0.4	11.9	0.0	11.9	
5.95312	0.7	48182	12.2	11.8	0.4	11.8	0.0	11.8	
5.95703	1.0	48182	12.0	11.8	0.2	11.8	0.0	11.8	
5.96094	1.3	48183	11.9	11.7	0.2	11.7	0.0	11.7	
5.96484	1.6	48183	11.8	11.7	0.1	11.7	0.0	11.7	
5.96875	2.0	48183	11.6	11.6	0.0	11.6	0.0	11.6	
5.97266	2.4	48183	11.4	11.5	-0.1	11.5	0.0	11.5	
5.97656	2.8	48183	11.2	11.5	-0.3	11.5	0.0	11.5	
5.98047	3.2	48183	11.0	11.4	-0.4	11.4	0.0	11.4	
5.98438	3.6	48184	10.7	11.3	-0.6	11.3	0.0	11.3	
5.98828	4.0	48184	10.5	11.3	-0.8	11.3	0.0	11.3	
5.99219	4.4	48184	10.2	11.2	-1.0	11.2	0.0	11.2	
5.99609	4.7	48184	10.0	11.1	-1.1	11.1	0.0	11.1	
6.00000	5.0	48185	9.7	11.0	-1.3	11.0	0.0	11.0	
6.00391	5.1	48185	9.5	10.9	-1.4	10.9	0.0	10.9	
6.00781	5.3	48185	9.2	10.8	-1.6	10.8	0.0	10.8	
6.01172	5.4	48186	8.9	10.8	-1.9	10.8	0.0	10.8	
6.01562	5.4	48186	8.7	10.7	-2.0	10.7	0.0	10.7	
6.01953	5.4	48186	8.4	10.6	-2.2	10.6	0.0	10.6	
6.02344	5.4	48187	8.2	10.5	-2.3	10.5	0.0	10.5	
6.02734	5.3	48187	8.0	10.4	-2.4	10.4	0.0	10.4	
6.03125	5.3	48188	7.7	10.3	-2.6	10.3	0.0	10.3	
6.03516	5.2	48188	7.5	10.2	-2.7	10.2	0.0	10.2	
6.03906	5.1	48188	7.3	10.1	-2.8	10.1	0.0	10.1	
6.04297	5.1	48189	7.0	10.0	-3.0	10.0	0.0	10.0	
6.04688	4.9	48189	6.8	9.9	-3.1	9.9	0.0	9.9	
6.05078	4.9	48189	6.6	9.8	-3.2	9.8	0.0	9.8	
6.05469	4.8	48189	6.4	9.7	-3.3	9.7	0.0	9.7	
6.05859	4.8	48190	6.2	9.5	-3.3	9.5	0.0	9.5	
6.06250	4.8	48190	6.0	9.4	-3.4	9.4	0.0	9.4	
6.06641	4.7	48190	5.8	9.3	-3.5	9.3	0.0	9.3	
6.07031	4.7	48191	5.6	9.2	-3.6	9.2	0.0	9.2	
6.07422	4.6	48191	5.4	9.1	-3.7	9.1	0.0	9.1	
6.07812	4.5	48191	5.2	8.9	-3.7	8.9	0.0	8.9	
6.08203	4.5	48192	5.0	8.8	-3.8	8.8	0.0	8.8	
6.08594	4.4	48192	4.8	8.7	-3.9	8.7	0.0	8.7	
6.08984	4.4	48192	4.6	8.6	-4.0	8.6	0.0	8.6	
6.09375	4.3	48192	4.4	8.5	-4.1	8.5	0.0	8.5	
6.09766	4.2	48193	4.2	8.3	-4.1	8.3	0.0	8.3	
6.10156	4.1	48193	4.1	8.2	-4.1	8.2	0.0	8.2	
6.10547	4.0	48193	3.9	8.1	-4.2	8.1	0.0	8.1	
6.10938	3.9	48194	3.7	7.9	-4.2	7.9	0.0	7.9	
6.11328	3.8	48194	3.6	7.8	-4.2	7.8	0.0	7.8	
6.11719	3.6	48194	3.4	7.7	-4.3	7.7	0.0	7.7	
6.12109	3.5	48194	3.3	7.6	-4.3	7.6	0.0	7.6	
6.12500	3.3	48194	3.2	7.4	-4.2	7.4	0.0	7.4	
6.12891	3.2	48195	3.0	7.3	-4.3	7.3	0.0	7.3	
6.13281	3.0	48195	2.9	7.2	-4.3	7.2	0.0	7.2	
6.13672	2.8	48195	2.8	7.0	-4.2	7.0	0.0	7.0	
6.14062	2.7	48195	2.7	6.9	-4.2	6.9	0.0	6.9	
6.14453	2.6	48195	2.6	6.8	-4.2	6.8	0.0	6.8	
6.14844	2.5	48196	2.5	6.7	-4.2	6.7	0.0	6.7	
6.15234	2.4	48196	2.4	6.6	-4.2	6.6	0.0	6.6	
6.15625	2.3	48196	2.3	6.4	-4.1	6.4	0.0	6.4	
6.16016	2.2	48196	2.2	6.3	-4.1	6.3	0.0	6.3	
6.16406	2.2	48196	2.1	6.2	-4.1	6.2	0.0	6.2	
6.16797	2.2	48196	1.9	6.1	-4.2	6.1	0.0	6.1	
6.17188	2.2	48196	1.8	6.0	-4.2	6.0	0.0	6.0	
6.17578	2.2	48197	1.7	5.8	-4.1	5.8	0.0	5.8	
6.17969	2.2	48197	1.6	5.7	-4.1	5.7	0.0	5.7	
6.18359	2.3	48197	1.5	5.6	-4.1	5.6	0.0	5.6	
6.18750	2.3	48197	1.4	5.5	-4.1	5.5	0.0	5.5	
6.19141	2.3	48197	1.2	5.3	-4.1	5.3	0.0	5.3	
6.19531	2.3	48197	1.1	5.2	-4.1	5.2	0.0	5.2	
6.19922	2.3	48197	1.1	5.1	-4.0	5.1	0.0	5.1	
6.20312	2.3	48198	0.9	5.0	-4.1	5.0	0.0	5.0	
6.20703	2.2	48198	0.9	4.9	-4.0	4.9	0.0	4.9	
6.21094	2.2	48198	0.8	4.7	-3.9	4.7	0.0	4.7	
6.21484	2.2	48198	0.7	4.6	-3.9	4.6	0.0	4.6	
6.21875	2.1	48198	0.6	4.5	-3.9	4.5	0.0	4.5	
6.22266	2.0	48198	0.5	4.4	-3.9	4.4	0.0	4.4	
6.22656	1.9	48198	0.4	4.3	-3.9	4.3	0.0	4.3	
6.23047	1.8	48199	0.3	4.2	-3.9	4.2	0.0	4.2	
6.23438	1.7	48199	0.2	4.0	-3.8	4.0	0.0	4.0	
6.23828	1.6	48199	0.2	4.0	-3.8	4.0	0.0	4.0	
6.24219	1.5	48199	0.1	3.8	-3.7	3.8	0.0	3.8	
6.24609	1.4	48199	0.0	3.7	-3.7	3.7	0.0	3.7	
6.25000	1.3	48199	-0.0	3.6	-3.6	3.6	0.0	3.6	
6.25391	1.2	48199	-0.1	3.5	-3.6	3.5	0.0	3.5	
6.25781	1.1	48199	-0.2	3.4	-3.6	3.4	0.0	3.4	
6.26172	1.1	48199	-0.2	3.3	-3.5	3.3	0.0	3.3	
6.26562	1.0	48199	-0.3	3.2	-3.5	3.2	0.0	3.2	
6.26953	0.9	48199	-0.3	3.1	-3.4	3.1	0.0	3.1	
6.27344	0.9	48199	-0.4	3.0	-3.4	3.0	0.0	3.0	
6.27734	0.9	48199	-0.5	2.9	-3.4	2.9	0.0	2.9	
6.28125	0.9	48200	-0.5	2.9	-3.4	2.9	0.0	2.9	
6.28516	0.9	48200	-0.6	2.8	-3.4	2.8	0.0	2.8	
6.28906	0.9	48200	-0.6	2.7	-3.3	2.7	0.0	2.7	
6.29297	0.9	48200	-0.7	2.6	-3.3	2.6	0.0	2.6	
6.29688	0.9	48200	-0.7	2.5	-3.2	2.5	0.0	2.5	
6.30078	0.9	48200	-0.8	2.4	-3.2	2.4	0.0	2.4	
6.30469	0.9	48200	-0.9	2.4	-3.3	2.4	0.0	2.4	
6.30859	0.9	48200	-0.9	2.3	-3.2	2.3	0.0	2.3	
6.31250	0.8	48200	-1.0	2.2	-3.2	2.2	0.0	2.2	
6.31641	0.8	48200	-1.0	2.1	-3.1	2.1	0.0	2.1	
6.32031	0.8	48200	-1.0	2.1	-3.1	2.1	0.0	2.1	
6.32422	0.7	48200	-1.1	2.0	-3.1	2.0	0.0	2.0	
6.32812	0.7	48200	-1.1	1.9	-3.0	1.9	0.0	1.9	
6.33203	0.6	48200	-1.2	1.8	-3.0	1.8	0.0	1.8	
6.33594	0.6	48200	-1.2	1.8	-3.0	1.8	0.0	1.8	
6.33984	0.5	48200	-1.2	1.7	-2.9	1.7	0.0	1.7	
6.34375	0.4	48200	-1.2	1.6	-2.8	1.6	0.0	1.6	
6.34766	0.3	48200	-1.2	1.6	-2.8	1.6	0.0	1.6	
6.35156	0.2	48200	-1.2	1.5	-2.7	1.5	0.0	1.5	
6.35547	0.0	48200	-1.2	1.5	-2.7	1.5	0.0	1.5	
6.35938	-0.0	48200	-1.1	1.4	-2.5	1.4	0.0	1.4	
6.36328	-0.1	48200	-1.1	1.4	-2.5	1.4	0.0	1.4	
6.36719	-0.3	48200	-1.0	1.3	-2.3	1.3	0.0	1.3	
6.37109	-0.4	48200	-1.0	1.3	-2.3	1.3	0.0	1.3	
6.37500	-0.5	48200	-0.9	1.3	-2.2	1.3	0.0	1.3	
6.37891	-0.7	48200	-0.8	1.2	-2.0	1.2	0.0	1.2	
6.38281	-0.9	48200	-0.6	1.2	-1.8	1.2	0.0	1.2	
6.38672	-1.2	48200	-0.5	1.2	-1.7	1.2	0.0	1.2	
6.39062	-1.5	48200	-0.3	1.2	-1.5	1.2	0.0	1.2	
6.39453	-1.9	48200	-0.1	1.2	-1.3	1.2	0.0	1.2	
6.39844	-2.3	48200	0.1	1.2	-1.1	1.2	0.0	1.2	
6.40234	-2.9	48200	0.4	1.2	-0.8	1.2	0.0	1.2	
6.40625	-3.4	48199	0.6	1.2	-0.6	1.2	0.0	1.2	
6.41016	-4.0	48199	0.9	1.2	-0.3	1.2	0.0	1.2	
6.41406	-4.6	48199	1.2	1.3	-0.1	1.3	0.0	1.3	
6.41797	-5.2	48198	1.6	1.3	0.3	1.3	0.0	1.3	
6.42188	-5.8	48198	1.9	1.4	0.5	1.4	0.0	1.4	
6.42578	-6.3	48198	2.3	1.4	0.9	1.4	0.0	1.4	
6.42969	-6.8	48197	2.7	1.5	1.2	1.5	0.0	1.5	
6.43359	-7.3	48197	3.1	1.6	1.5	1.6	0.0	1.6	
6.43750	-7.8	48196	3.5	1.7	1.8	1.7	0.0	1.7	
6.44141	-8.1	48196	3.9	1.8	2.1	1.8	0.0	1.8	
6.44531	-8.4	48195	4.3	1.9	2.4	1.9	0.0	1.9	
6.44922	-8.6	48195	4.7	2.0	2.7	2.0	0.0	2.0	
6.45312	-8.7	48194	5.1	2.2	2.9	2.2	0.0	2.2	
6.45703	-8.7	48193	5.5	2.3	3.2	2.3	0.0	2.3	
6.46094	-8.6	48193	5.9	2.4	3.5	2.4	0.0	2.4	
6.46484	-8.5	48192	6.3	2.6	3.7	2.6	0.0	2.6	
6.46875	-8.4	48192	6.6	2.7	3.9	2.7	0.0	2.7	
6.47266	-8.2	48191	6.9	2.9	4.0	2.9	0.0	2.9	
6.47656	-8.0	48191	7.3	3.1	4.2	3.1	0.0	3.1	
6.48047	-7.7	48190	7.6	3.2	4.4	3.2	0.0	3.2	
6.48438	-7.5	48190	7.9	3.4	4.5	3.4	0.0	3.4	
6.48828	-7.1	48189	8.1	3.6	4.5	3.6	0.0	3.6	
6.49219	-6.8	48189	8.4	3.8	4.6	3.8	0.0	3.8	
6.49609	-6.5	48188	8.6	3.9	4.7	3.9	0.0	3.9	
6.50000	-6.1	48188	8.9	4.1	4.8	4.1	0.0	4.1	
6.50391	-5.8	48188	9.1	4.3	4.8	4.3	0.0	4.3	
6.50781	-5.4	48187	9.2	4.5	4.7	4.5	0.0	4.5	
6.51172	-5.2	48187	9.4	4.7	4.7	4.7	0.0	4.7	
6.51562	-4.9	48187	9.6	4.9	4.7	4.9	0.0	4.9	
6.51953	-4.5	48186	9.8	5.0	4.8	5.0	0.0	5.0	
6.52344	-4.2	48186	9.9	5.2	4.7	5.2	0.0	5.2	
6.52734	-3.9	48186	10.1	5.4	4.7	5.4	0.0	5.4	
6.53125	-3.7	48186	10.2	5.6	4.6	5.6	0.0	5.6	
6.53516	-3.4	48185	10.3	5.7	4.6	5.7	0.0	5.7	
6.53906	-3.2	48185	10.4	5.9	4.5	5.9	0.0	5.9	
6.54297	-3.0	48185	10.5	6.1	4.4	6.1	0.0	6.1	
6.54688	-2.8	48185	10.6	6.2	4.4	6.2	0.0	6.2	
6.55078	-2.6	48185	10.7	6.4	4.3	6.4	0.0	6.4	
6.55469	-2.4	48184	10.8	6.5	4.3	6.5	0.0	6.5	
6.55859	-2.3	48184	10.9	6.7	4.2	6.7	0.0	6.7	
6.56250	-2.1	48184	11.0	6.8	4.2	6.8	0.0	6.8	
6.56641	-2.0	48184	11.1	7.0	4.1	7.0	0.0	7.0	
6.57031	-1.9	48184	11.1	7.1	4.0	7.1	0.0	7.1	
6.57422	-1.8	48184	11.2	7.2	4.0	7.2	0.0	7.2	
6.57812	-1.7	48184	11.3	7.3	4.0	7.3	0.0	7.3	
6.58203	-1.6	48184	11.3	7.5	3.8	7.5	0.0	7.5	
6.58594	-1.5	48183	11.4	7.6	3.8	7.6	0.0	7.6	
6.58984	-1.4	48183	11.4	7.7	3.7	7.7	0.0	7.7	
6.59375	-1.3	48183	11.5	7.8	3.7	7.8	0.0	7.8	
6.59766	-1.3	48183	11.6	7.9	3.7	7.9	0.0	7.9	
6.60156	-1.2	48183	11.6	8.0	3.6	8.0	0.0	8.0	
6.60547	-1.1	48183	11.7	8.1	3.6	8.1	0.0	8.1	
6.60938	-1.1	48183	11.7	8.2	3.5	8.2	0.0	8.2	
6.61328	-1.0	48183	11.7	8.3	3.4	8.3	0.0	8.3	
6.61719	-0.9	48183	11.8	8.4	3.4	8.4	0.0	8.4	
6.62109	-0.9	48183	11.8	8.5	3.3	8.5	0.0	8.5	
6.62500	-0.9	48183	11.9	8.6	3.3	8.6	0.0	8.6	
6.62891	-0.8	48183	11.9	8.7	3.2	8.7	0.0	8.7	
6.63281	-0.8	48183	12.0	8.8	3.2	8.8	0.0	8.8	
6.63672	-0.8	48183	12.0	8.9	3.1	8.9	0.0	8.9	
6.64062	-0.7	48183	12.0	9.0	3.0	9.0	0.0	9.0	
6.64453	-0.7	48182	12.1	9.1	3.0	9.1	0.0	9.1	
6.64844	-0.7	48182	12.1	9.2	2.9	9.2	0.0	9.2	
6.65234	-0.7	48182	12.1	9.3	2.8	9.3	0.0	9.3	
6.65625	-0.6	48182	12.2	9.4	2.8	9.4	0.0	9.4	
6.66016	-0.6	48182	12.2	9.5	2.7	9.5	0.0	9.5	
6.66406	-0.5	48182	12.2	9.5	2.7	9.5	0.0	9.5	
6.66797	-0.5	48182	12.2	9.6	2.6	9.6	0.0	9.6	
6.67188	-0.5	48182	12.3	9.7	2.6	9.7	0.0	9.7	
6.67578	-0.4	48182	12.3	9.8	2.5	9.8	0.0	9.8	
6.67969	-0.4	48182	12.3	9.8	2.5	9.8	0.0	9.8	
6.68359	-0.4	48182	12.3	9.9	2.4	9.9	0.0	9.9	
6.68750	-0.3	48182	12.3	10.0	2.3	10.0	0.0	10.0	
6.69141	-0.3	48182	12.3	10.1	2.2	10.1	0.0	10.1	
6.69531	-0.2	48182	12.3	10.1	2.2	10.1	0.0	10.1	
6.69922	-0.2	48182	12.3	10.2	2.1	10.2	0.0	10.2	
6.70312	-0.2	48182	12.3	10.3	2.0	10.3	0.0	10.3	
6.70703	-0.1	48182	12.2	10.3	1.9	10.3	0.0	10.3	
6.71094	-0.1	48182	12.2	10.3	1.9	10.3	0.0	10.3	
6.71484	-0.1	48182	12.2	10.4	1.8	10.4	0.0	10.4	
6.71875	-0.1	48182	12.2	10.4	1.8	10.4	0.0	10.4	
6.72266	-0.1	48182	12.2	10.4	1.8	10.4	0.0	10.4	
6.72656	-0.1	48182	12.2	10.5	1.7	10.5	0.0	10.5	
6.73047	-0.2	48182	12.2	10.5	1.7	10.5	0.0	10.5	
6.73438	-0.1	48182	12.1	10.5	1.6	10.5	0.0	10.5	
6.73828	-0.2	48182	12.2	10.5	1.7	10.5	0.0	10.5	
6.74219	-0.3	48182	12.2	10.5	1.7	10.5	0.0	10.5	
6.74609	-0.3	48182	12.2	10.5	1.7	10.5	0.0	10.5	
6.75000	-0.3	48182	12.2	10.5	1.7	10.5	0.0	10.5	
6.75391	-0.4	48182	12.3	10.5	1.8	10.5	0.0	10.5	
6.75781	-0.4	48182	12.3	10.6	1.7	10.6	0.0	10.6	
6.76172	-0.5	48182	12.4	10.6	1.8	10.6	0.0	10.6	
6.76562	-0.5	48182	12.4	10.6	1.8	10.6	0.0	10.6	
6.76953	-0.6	48182	12.5	10.6	1.9	10.6	0.0	10.6	
6.77344	-0.6	48182	12.5	10.6	1.9	10.6	0.0	10.6	
6.77734	-0.6	48182	12.6	10.6	2.0	10.6	0.0	10.6	
6.78125	-0.6	48182	12.6	10.6	2.0	10.6	0.0	10.6	
6.78516	-0.6	48182	12.6	10.6	2.0	10.6	0.0	10.6	
6.78906	-0.6	48182	12.7	10.6	2.1	10.6	0.0	10.6	
6.79297	-0.6	48182	12.7	10.7	2.0	10.7	0.0	10.7	
6.79688	-0.5	48182	12.7	10.7	2.0	10.7	0.0	10.7	
6.80078	-0.4	48181	12.8	10.7	2.1	10.7	0.0	10.7	
6.80469	-0.3	48181	12.8	10.7	2.1	10.7	0.0	10.7	
