FluxView - FluxMed acquisition system
Signal file
Serial Number	:
W version:	1.20h-OX-CO2	File version:	1.13
Sampling rate:	256 Hz
Time	Flow	Volume	Paw	Pes	Ptpulm	Pga	Ptdiaf	CO2	
0.00391	6.1	-804	30.3	18.6	11.7	0.0	-18.6	0.0	
0.00781	5.2	-804	30.2	18.6	11.6	0.0	-18.6	0.0	
0.01172	5.0	-804	30.0	18.6	11.4	0.0	-18.6	0.0	
0.01562	5.2	-803	30.0	18.7	11.3	0.0	-18.7	0.0	
0.01953	5.1	-803	29.9	18.7	11.2	0.0	-18.7	0.0	
0.02344	4.9	-803	29.8	18.7	11.1	0.0	-18.7	0.0	
0.02734	5.1	-802	29.8	18.7	11.1	0.0	-18.7	0.0	
0.03125	5.0	-802	29.7	18.8	10.9	0.0	-18.8	0.0	
0.03516	4.7	-802	29.5	18.7	10.8	0.0	-18.7	0.0	
0.03906	4.8	-801	29.4	18.8	10.6	0.0	-18.8	0.0	
0.04297	4.7	-801	29.3	18.8	10.5	0.0	-18.8	0.0	
0.04688	4.1	-801	29.2	18.8	10.4	0.0	-18.8	0.0	
0.05078	3.6	-801	29.2	18.8	10.4	0.0	-18.8	0.0	
0.05469	3.4	-800	29.1	18.8	10.3	0.0	-18.8	0.0	
0.05859	3.2	-800	29.0	18.8	10.2	0.0	-18.8	0.0	
0.06250	3.0	-800	29.0	18.8	10.2	0.0	-18.8	0.0	
0.06641	3.1	-800	29.0	18.9	10.1	0.0	-18.9	0.0	
0.07031	3.1	-800	29.0	18.9	10.1	0.0	-18.9	0.0	
0.07422	2.7	-799	28.9	18.9	10.0	0.0	-18.9	0.0	
0.07812	2.6	-799	28.8	18.9	9.9	0.0	-18.9	0.0	
0.08203	2.5	-799	28.7	18.9	9.8	0.0	-18.9	0.0	
0.08594	2.2	-799	28.7	18.9	9.8	0.0	-18.9	0.0	
0.08984	2.0	-799	28.6	18.9	9.7	0.0	-18.9	0.0	
0.09375	1.6	-799	28.6	18.9	9.7	0.0	-18.9	0.0	
0.09766	1.2	-799	28.5	19.0	9.5	0.0	-19.0	0.0	
0.10156	1.3	-799	28.5	18.9	9.6	0.0	-18.9	0.0	
0.10547	1.3	-798	28.5	18.9	9.6	0.0	-18.9	0.0	
0.10938	1.0	-798	28.4	19.0	9.4	0.0	-19.0	0.0	
0.11328	1.1	-798	28.4	19.0	9.4	0.0	-19.0	0.0	
0.11719	1.1	-798	28.4	19.0	9.4	0.0	-19.0	0.0	
0.12109	1.0	-798	28.3	19.0	9.3	0.0	-19.0	0.0	
0.12500	1.1	-798	28.3	19.0	9.3	0.0	-19.0	0.0	
0.12891	1.2	-798	28.2	19.0	9.2	0.0	-19.0	0.0	
0.13281	1.3	-798	28.1	19.1	9.0	0.0	-19.1	0.0	
0.13672	1.3	-798	28.1	19.1	9.0	0.0	-19.1	0.0	
0.14062	1.3	-798	28.1	19.1	9.0	0.0	-19.1	0.0	
0.14453	1.3	-798	28.0	19.1	8.9	0.0	-19.1	0.0	
0.14844	1.3	-798	27.9	19.1	8.8	0.0	-19.1	0.0	
0.15234	1.6	-797	27.9	19.1	8.8	0.0	-19.1	0.0	
0.15625	1.5	-797	27.9	19.1	8.8	0.0	-19.1	0.0	
0.16016	1.4	-797	27.8	19.1	8.7	0.0	-19.1	0.0	
0.16406	1.6	-797	27.8	19.1	8.7	0.0	-19.1	0.0	
0.16797	1.5	-797	27.7	19.1	8.6	0.0	-19.1	0.0	
0.17188	1.5	-797	27.6	19.1	8.5	0.0	-19.1	0.0	
0.17578	1.8	-797	27.5	19.1	8.4	0.0	-19.1	0.0	
0.17969	1.7	-797	27.5	19.1	8.4	0.0	-19.1	0.0	
0.18359	1.2	-797	27.5	19.2	8.3	0.0	-19.2	0.0	
0.18750	1.3	-797	27.4	19.1	8.3	0.0	-19.1	0.0	
0.19141	1.4	-796	27.4	19.1	8.3	0.0	-19.1	0.0	
0.19531	1.3	-796	27.4	19.1	8.3	0.0	-19.1	0.0	
0.19922	1.4	-796	27.3	19.1	8.2	0.0	-19.1	0.0	
0.20312	1.3	-796	27.2	19.2	8.0	0.0	-19.2	0.0	
0.20703	1.0	-796	27.2	19.1	8.1	0.0	-19.1	0.0	
0.21094	1.0	-796	27.1	19.1	8.0	0.0	-19.1	0.0	
0.21484	1.0	-796	27.1	19.1	8.0	0.0	-19.1	0.0	
0.21875	0.9	-796	27.0	19.1	7.9	0.0	-19.1	0.0	
0.22266	1.0	-796	27.0	19.1	7.9	0.0	-19.1	0.0	
0.22656	1.0	-796	27.0	19.1	7.9	0.0	-19.1	0.0	
0.23047	0.9	-796	26.9	19.1	7.8	0.0	-19.1	0.0	
0.23438	0.9	-796	26.9	19.1	7.8	0.0	-19.1	0.0	
0.23828	1.1	-796	26.8	19.1	7.7	0.0	-19.1	0.0	
0.24219	1.1	-796	26.8	19.1	7.7	0.0	-19.1	0.0	
0.24609	1.1	-796	26.8	19.1	7.7	0.0	-19.1	0.0	
0.25000	1.1	-795	26.7	19.0	7.7	0.0	-19.0	0.0	
0.25391	1.1	-795	26.6	19.0	7.6	0.0	-19.0	0.0	
0.25781	1.0	-795	26.6	19.0	7.6	0.0	-19.0	0.0	
0.26172	1.2	-795	26.5	19.0	7.5	0.0	-19.0	0.0	
0.26562	1.4	-795	26.4	19.0	7.4	0.0	-19.0	0.0	
0.26953	1.2	-795	26.4	19.0	7.4	0.0	-19.0	0.0	
0.27344	1.3	-795	26.4	19.0	7.4	0.0	-19.0	0.0	
0.27734	1.6	-795	26.3	19.0	7.3	0.0	-19.0	0.0	
0.28125	1.6	-795	26.2	18.9	7.3	0.0	-18.9	0.0	
0.28516	1.6	-795	26.2	18.8	7.4	0.0	-18.8	0.0	
0.28906	1.8	-795	26.1	18.9	7.2	0.0	-18.9	0.0	
0.29297	1.9	-794	26.0	18.8	7.2	0.0	-18.8	0.0	
0.29688	1.9	-794	25.9	18.8	7.1	0.0	-18.8	0.0	
0.30078	2.3	-794	25.9	18.8	7.1	0.0	-18.8	0.0	
0.30469	2.5	-794	25.8	18.8	7.0	0.0	-18.8	0.0	
0.30859	2.3	-794	25.7	18.7	7.0	0.0	-18.7	0.0	
0.31250	2.3	-794	25.6	18.6	7.0	0.0	-18.6	0.0	
0.31641	2.6	-794	25.6	18.7	6.9	0.0	-18.7	0.0	
0.32031	2.8	-793	25.5	18.6	6.9	0.0	-18.6	0.0	
0.32422	2.7	-793	25.3	18.6	6.7	0.0	-18.6	0.0	
0.32812	2.7	-793	25.3	18.6	6.7	0.0	-18.6	0.0	
0.33203	2.9	-793	25.2	18.6	6.6	0.0	-18.6	0.0	
0.33594	3.0	-793	25.0	18.5	6.5	0.0	-18.5	0.0	
0.33984	3.1	-792	25.0	18.4	6.6	0.0	-18.4	0.0	
0.34375	3.5	-792	24.9	18.4	6.5	0.0	-18.4	0.0	
0.34766	3.6	-792	24.7	18.4	6.3	0.0	-18.4	0.0	
0.35156	3.9	-792	24.6	18.3	6.3	0.0	-18.3	0.0	
0.35547	4.2	-791	24.5	18.3	6.2	0.0	-18.3	0.0	
0.35938	4.2	-791	24.4	18.2	6.2	0.0	-18.2	0.0	
0.36328	4.2	-791	24.3	18.1	6.2	0.0	-18.1	0.0	
0.36719	4.5	-791	24.1	18.1	6.0	0.0	-18.1	0.0	
0.37109	4.8	-790	24.0	18.1	5.9	0.0	-18.1	0.0	
0.37500	5.1	-790	23.9	18.0	5.9	0.0	-18.0	0.0	
0.37891	5.1	-790	23.8	17.9	5.9	0.0	-17.9	0.0	
0.38281	4.8	-789	23.7	17.9	5.8	0.0	-17.9	0.0	
0.38672	4.8	-789	23.5	17.8	5.7	0.0	-17.8	0.0	
0.39062	5.1	-789	23.5	17.8	5.7	0.0	-17.8	0.0	
0.39453	5.1	-788	23.3	17.7	5.6	0.0	-17.7	0.0	
0.39844	5.1	-788	23.2	17.6	5.6	0.0	-17.6	0.0	
0.40234	5.2	-788	23.1	17.6	5.5	0.0	-17.6	0.0	
0.40625	5.1	-787	22.9	17.5	5.4	0.0	-17.5	0.0	
0.41016	4.9	-787	22.8	17.4	5.4	0.0	-17.4	0.0	
0.41406	4.7	-787	22.7	17.4	5.3	0.0	-17.4	0.0	
0.41797	4.4	-786	22.6	17.3	5.3	0.0	-17.3	0.0	
0.42188	4.4	-786	22.5	17.2	5.3	0.0	-17.2	0.0	
0.42578	4.4	-786	22.4	17.2	5.2	0.0	-17.2	0.0	
0.42969	4.4	-786	22.3	17.2	5.1	0.0	-17.2	0.0	
0.43359	4.5	-785	22.2	17.1	5.1	0.0	-17.1	0.0	
0.43750	4.5	-785	22.1	17.0	5.1	0.0	-17.0	0.0	
0.44141	4.6	-785	22.0	17.0	5.0	0.0	-17.0	0.0	
0.44531	4.8	-784	21.8	16.9	4.9	0.0	-16.9	0.0	
0.44922	5.0	-784	21.7	16.8	4.9	0.0	-16.8	0.0	
0.45312	5.1	-784	21.6	16.7	4.9	0.0	-16.7	0.0	
0.45703	4.9	-783	21.5	16.6	4.9	0.0	-16.6	0.0	
0.46094	4.7	-783	21.3	16.6	4.7	0.0	-16.6	0.0	
0.46484	4.6	-783	21.2	16.5	4.7	0.0	-16.5	0.0	
0.46875	4.2	-782	21.2	16.4	4.8	0.0	-16.4	0.0	
0.47266	3.8	-782	21.1	16.4	4.7	0.0	-16.4	0.0	
0.47656	3.5	-782	21.1	16.4	4.7	0.0	-16.4	0.0	
0.48047	3.1	-782	21.0	16.3	4.7	0.0	-16.3	0.0	
0.48438	2.5	-782	20.8	16.2	4.6	0.0	-16.2	0.0	
0.48828	2.1	-782	20.8	16.1	4.7	0.0	-16.1	0.0	
0.49219	1.8	-781	20.8	16.0	4.8	0.0	-16.0	0.0	
0.49609	1.3	-781	20.8	15.9	4.9	0.0	-15.9	0.0	
0.50000	1.0	-781	20.7	15.9	4.8	0.0	-15.9	0.0	
0.50391	0.7	-781	20.7	15.9	4.8	0.0	-15.9	0.0	
0.50781	0.4	-781	20.6	15.7	4.9	0.0	-15.7	0.0	
0.51172	0.2	-781	20.6	15.6	5.0	0.0	-15.6	0.0	
0.51562	0.2	-781	20.6	15.6	5.0	0.0	-15.6	0.0	
0.51953	0.1	-781	20.6	15.6	5.0	0.0	-15.6	0.0	
0.52344	0.1	-781	20.6	15.5	5.1	0.0	-15.5	0.0	
0.52734	0.2	-781	20.6	15.5	5.1	0.0	-15.5	0.0	
0.53125	-0.0	-781	20.5	15.4	5.1	0.0	-15.4	0.0	
0.53516	-0.1	-781	20.5	15.3	5.2	0.0	-15.3	0.0	
0.53906	0.1	-781	20.5	15.3	5.2	0.0	-15.3	0.0	
0.54297	0.1	-781	20.5	15.3	5.2	0.0	-15.3	0.0	
0.54688	0.0	-781	20.5	15.2	5.3	0.0	-15.2	0.0	
0.55078	0.3	-781	20.4	15.2	5.2	0.0	-15.2	0.0	
0.55469	0.4	-781	20.4	15.1	5.3	0.0	-15.1	0.0	
0.55859	0.3	-781	20.4	15.0	5.4	0.0	-15.0	0.0	
0.56250	0.4	-781	20.4	15.0	5.4	0.0	-15.0	0.0	
0.56641	0.7	-781	20.3	14.9	5.4	0.0	-14.9	0.0	
0.57031	0.8	-781	20.2	14.9	5.3	0.0	-14.9	0.0	
0.57422	1.0	-781	20.2	14.8	5.4	0.0	-14.8	0.0	
0.57812	1.2	-781	20.1	14.8	5.3	0.0	-14.8	0.0	
0.58203	1.2	-781	20.1	14.7	5.4	0.0	-14.7	0.0	
0.58594	1.2	-781	20.0	14.7	5.3	0.0	-14.7	0.0	
0.58984	1.3	-781	19.9	14.6	5.3	0.0	-14.6	0.0	
0.59375	1.3	-780	20.0	14.6	5.4	0.0	-14.6	0.0	
0.59766	1.2	-780	19.9	14.5	5.4	0.0	-14.5	0.0	
0.60156	0.9	-780	19.9	14.4	5.5	0.0	-14.4	0.0	
0.60547	0.7	-780	19.8	14.4	5.4	0.0	-14.4	0.0	
0.60938	0.6	-780	19.8	14.4	5.4	0.0	-14.4	0.0	
0.61328	0.5	-780	19.8	14.4	5.4	0.0	-14.4	0.0	
0.61719	0.4	-780	19.7	14.3	5.4	0.0	-14.3	0.0	
0.62109	0.2	-780	19.7	14.3	5.4	0.0	-14.3	0.0	
0.62500	0.1	-780	19.7	14.2	5.5	0.0	-14.2	0.0	
0.62891	0.1	-780	19.7	14.2	5.5	0.0	-14.2	0.0	
0.63281	0.1	-780	19.6	14.1	5.5	0.0	-14.1	0.0	
0.63672	0.1	-780	19.6	14.1	5.5	0.0	-14.1	0.0	
0.64062	0.1	-780	19.5	14.1	5.4	0.0	-14.1	0.0	
0.64453	0.1	-780	19.5	14.0	5.5	0.0	-14.0	0.0	
0.64844	0.1	-780	19.5	14.0	5.5	0.0	-14.0	0.0	
0.65234	0.2	-780	19.5	14.0	5.5	0.0	-14.0	0.0	
0.65625	0.1	-780	19.5	14.0	5.5	0.0	-14.0	0.0	
0.66016	0.0	-780	19.5	13.9	5.6	0.0	-13.9	0.0	
0.66406	0.0	-780	19.5	13.9	5.6	0.0	-13.9	0.0	
0.66797	-0.0	-780	19.4	13.9	5.5	0.0	-13.9	0.0	
0.67188	-0.1	-780	19.4	13.8	5.6	0.0	-13.8	0.0	
0.67578	-0.1	-780	19.5	13.8	5.7	0.0	-13.8	0.0	
0.67969	-0.1	-780	19.5	13.8	5.7	0.0	-13.8	0.0	
0.68359	-0.3	-780	19.4	13.7	5.7	0.0	-13.7	0.0	
0.68750	-0.4	-780	19.5	13.7	5.8	0.0	-13.7	0.0	
0.69141	-0.4	-780	19.6	13.7	5.9	0.0	-13.7	0.0	
0.69531	-0.4	-780	19.5	13.7	5.8	0.0	-13.7	0.0	
0.69922	-0.4	-780	19.5	13.8	5.7	0.0	-13.8	0.0	
0.70312	-0.6	-780	19.6	13.7	5.9	0.0	-13.7	0.0	
0.70703	-0.8	-780	19.6	13.7	5.9	0.0	-13.7	0.0	
0.71094	-1.0	-780	19.7	13.7	6.0	0.0	-13.7	0.0	
0.71484	-1.0	-780	19.8	13.7	6.1	0.0	-13.7	0.0	
0.71875	-1.2	-781	19.9	13.7	6.2	0.0	-13.7	0.0	
0.72266	-1.4	-781	19.9	13.7	6.2	0.0	-13.7	0.0	
0.72656	-1.5	-781	20.0	13.8	6.2	0.0	-13.8	0.0	
0.73047	-1.5	-781	20.1	13.8	6.3	0.0	-13.8	0.0	
0.73438	-1.8	-781	20.2	13.7	6.5	0.0	-13.7	0.0	
0.73828	-1.9	-781	20.2	13.8	6.4	0.0	-13.8	0.0	
0.74219	-1.9	-781	20.3	13.8	6.5	0.0	-13.8	0.0	
0.74609	-2.1	-781	20.4	13.8	6.6	0.0	-13.8	0.0	
0.75000	-2.2	-781	20.5	13.8	6.7	0.0	-13.8	0.0	
0.75391	-2.3	-782	20.6	13.9	6.7	0.0	-13.9	0.0	
0.75781	-2.5	-782	20.6	13.9	6.7	0.0	-13.9	0.0	
0.76172	-2.5	-782	20.7	13.9	6.8	0.0	-13.9	0.0	
0.76562	-2.5	-782	20.9	14.0	6.9	0.0	-14.0	0.0	
0.76953	-2.8	-782	21.0	14.0	7.0	0.0	-14.0	0.0	
0.77344	-3.0	-782	21.1	14.1	7.0	0.0	-14.1	0.0	
0.77734	-3.3	-783	21.2	14.1	7.1	0.0	-14.1	0.0	
0.78125	-3.6	-783	21.3	14.1	7.2	0.0	-14.1	0.0	
0.78516	-3.8	-783	21.4	14.1	7.3	0.0	-14.1	0.0	
0.78906	-3.8	-783	21.5	14.2	7.3	0.0	-14.2	0.0	
0.79297	-4.0	-784	21.7	14.2	7.5	0.0	-14.2	0.0	
0.79688	-4.2	-784	21.8	14.3	7.5	0.0	-14.3	0.0	
0.80078	-4.2	-784	21.9	14.4	7.5	0.0	-14.4	0.0	
0.80469	-4.5	-785	22.0	14.4	7.6	0.0	-14.4	0.0	
0.80859	-5.1	-785	22.2	14.5	7.7	0.0	-14.5	0.0	
0.81250	-5.1	-785	22.3	14.6	7.7	0.0	-14.6	0.0	
0.81641	-4.9	-786	22.5	14.6	7.9	0.0	-14.6	0.0	
0.82031	-5.0	-786	22.6	14.7	7.9	0.0	-14.7	0.0	
0.82422	-4.7	-786	22.7	14.8	7.9	0.0	-14.8	0.0	
0.82812	-4.3	-786	22.8	14.8	8.0	0.0	-14.8	0.0	
0.83203	-4.3	-787	22.9	14.8	8.1	0.0	-14.8	0.0	
0.83594	-4.5	-787	23.0	14.9	8.1	0.0	-14.9	0.0	
0.83984	-4.4	-787	23.2	15.0	8.2	0.0	-15.0	0.0	
0.84375	-4.2	-788	23.2	15.1	8.1	0.0	-15.1	0.0	
0.84766	-3.7	-788	23.3	15.2	8.1	0.0	-15.2	0.0	
0.85156	-3.3	-788	23.5	15.2	8.3	0.0	-15.2	0.0	
0.85547	-3.1	-788	23.6	15.3	8.3	0.0	-15.3	0.0	
0.85938	-3.2	-788	23.6	15.3	8.3	0.0	-15.3	0.0	
0.86328	-3.0	-789	23.7	15.4	8.3	0.0	-15.4	0.0	
0.86719	-2.6	-789	23.9	15.5	8.4	0.0	-15.5	0.0	
0.87109	-2.4	-789	23.9	15.5	8.4	0.0	-15.5	0.0	
0.87500	-2.4	-789	24.0	15.6	8.4	0.0	-15.6	0.0	
0.87891	-2.2	-789	24.1	15.7	8.4	0.0	-15.7	0.0	
0.88281	-2.2	-789	24.1	15.7	8.4	0.0	-15.7	0.0	
0.88672	-2.0	-790	24.2	15.8	8.4	0.0	-15.8	0.0	
0.89062	-1.7	-790	24.3	15.9	8.4	0.0	-15.9	0.0	
0.89453	-1.6	-790	24.3	15.9	8.4	0.0	-15.9	0.0	
0.89844	-1.5	-790	24.4	15.9	8.5	0.0	-15.9	0.0	
0.90234	-1.3	-790	24.4	16.0	8.4	0.0	-16.0	0.0	
0.90625	-1.3	-790	24.4	16.1	8.3	0.0	-16.1	0.0	
0.91016	-1.2	-790	24.5	16.1	8.4	0.0	-16.1	0.0	
0.91406	-0.9	-790	24.5	16.2	8.3	0.0	-16.2	0.0	
0.91797	-0.9	-790	24.6	16.3	8.3	0.0	-16.3	0.0	
0.92188	-0.9	-790	24.6	16.4	8.2	0.0	-16.4	0.0	
0.92578	-0.9	-790	24.7	16.4	8.3	0.0	-16.4	0.0	
0.92969	-0.8	-790	24.7	16.4	8.3	0.0	-16.4	0.0	
0.93359	-0.8	-790	24.8	16.5	8.3	0.0	-16.5	0.0	
0.93750	-0.8	-790	24.8	16.5	8.3	0.0	-16.5	0.0	
0.94141	-0.7	-791	24.8	16.6	8.2	0.0	-16.6	0.0	
0.94531	-0.7	-791	24.9	16.7	8.2	0.0	-16.7	0.0	
0.94922	-0.7	-791	24.9	16.7	8.2	0.0	-16.7	0.0	
0.95312	-0.6	-791	24.9	16.8	8.1	0.0	-16.8	0.0	
0.95703	-0.7	-791	25.0	16.8	8.2	0.0	-16.8	0.0	
0.96094	-0.5	-791	24.9	16.9	8.0	0.0	-16.9	0.0	
0.96484	-0.3	-791	24.9	16.9	8.0	0.0	-16.9	0.0	
0.96875	-0.5	-791	25.0	17.0	8.0	0.0	-17.0	0.0	
0.97266	-0.4	-791	25.0	17.0	8.0	0.0	-17.0	0.0	
0.97656	-0.2	-791	25.0	17.1	7.9	0.0	-17.1	0.0	
0.98047	-0.3	-791	25.0	17.1	7.9	0.0	-17.1	0.0	
0.98438	-0.4	-791	25.0	17.2	7.8	0.0	-17.2	0.0	
0.98828	-0.4	-791	25.0	17.2	7.8	0.0	-17.2	0.0	
0.99219	-0.4	-791	25.1	17.2	7.9	0.0	-17.2	0.0	
0.99609	-0.3	-791	25.1	17.3	7.8	0.0	-17.3	0.0	
1.00000	-0.2	-791	25.1	17.3	7.8	0.0	-17.3	0.0	
1.00391	-0.2	-791	25.1	17.3	7.8	0.0	-17.3	0.0	
1.00781	-0.3	-791	25.0	17.4	7.6	0.0	-17.4	0.0	
1.01172	-0.3	-791	25.0	17.4	7.6	0.0	-17.4	0.0	
1.01562	-0.1	-791	25.0	17.4	7.6	0.0	-17.4	0.0	
1.01953	-0.2	-791	25.0	17.5	7.5	0.0	-17.5	0.0	
1.02344	-0.2	-791	25.0	17.5	7.5	0.0	-17.5	0.0	
1.02734	-0.1	-791	25.0	17.6	7.4	0.0	-17.6	0.0	
1.03125	-0.1	-791	25.0	17.6	7.4	0.0	-17.6	0.0	
1.03516	-0.4	-791	25.0	17.5	7.5	0.0	-17.5	0.0	
1.03906	-0.3	-791	25.0	17.6	7.4	0.0	-17.6	0.0	
1.04297	-0.3	-791	25.0	17.7	7.3	0.0	-17.7	0.0	
1.04688	-0.4	-791	25.0	17.7	7.3	0.0	-17.7	0.0	
1.05078	-0.2	-791	25.0	17.7	7.3	0.0	-17.7	0.0	
1.05469	-0.1	-791	24.9	17.7	7.2	0.0	-17.7	0.0	
1.05859	-0.3	-791	24.9	17.8	7.1	0.0	-17.8	0.0	
1.06250	-0.2	-791	24.9	17.8	7.1	0.0	-17.8	0.0	
1.06641	-0.1	-791	24.9	17.8	7.1	0.0	-17.8	0.0	
1.07031	-0.1	-791	24.9	17.9	7.0	0.0	-17.9	0.0	
1.07422	0.0	-791	24.8	17.9	6.9	0.0	-17.9	0.0	
1.07812	0.1	-791	24.8	17.9	6.9	0.0	-17.9	0.0	
1.08203	-0.1	-791	24.8	17.9	6.9	0.0	-17.9	0.0	
1.08594	-0.0	-791	24.8	17.9	6.9	0.0	-17.9	0.0	
1.08984	0.1	-791	24.8	17.9	6.9	0.0	-17.9	0.0	
1.09375	-0.1	-791	24.8	18.0	6.8	0.0	-18.0	0.0	
1.09766	-0.3	-791	24.8	18.0	6.8	0.0	-18.0	0.0	
1.10156	-0.2	-791	24.7	17.9	6.8	0.0	-17.9	0.0	
1.10547	-0.3	-791	24.8	17.9	6.9	0.0	-17.9	0.0	
1.10938	-0.4	-791	24.8	18.0	6.8	0.0	-18.0	0.0	
1.11328	-0.4	-791	24.8	18.0	6.8	0.0	-18.0	0.0	
1.11719	-0.3	-791	24.8	18.0	6.8	0.0	-18.0	0.0	
1.12109	-0.5	-791	24.8	18.0	6.8	0.0	-18.0	0.0	
1.12500	-0.7	-791	24.8	18.0	6.8	0.0	-18.0	0.0	
1.12891	-0.7	-791	24.9	18.0	6.9	0.0	-18.0	0.0	
1.13281	-0.8	-791	24.9	18.0	6.9	0.0	-18.0	0.0	
1.13672	-0.9	-792	24.9	18.0	6.9	0.0	-18.0	0.0	
1.14062	-0.9	-792	25.0	18.0	7.0	0.0	-18.0	0.0	
1.14453	-1.1	-792	25.0	18.0	7.0	0.0	-18.0	0.0	
1.14844	-1.0	-792	25.0	18.1	6.9	0.0	-18.1	0.0	
1.15234	-0.8	-792	25.1	18.1	7.0	0.0	-18.1	0.0	
1.15625	-0.9	-792	25.1	18.0	7.1	0.0	-18.0	0.0	
1.16016	-0.8	-792	25.2	18.0	7.2	0.0	-18.0	0.0	
1.16406	-0.6	-792	25.2	18.1	7.1	0.0	-18.1	0.0	
1.16797	-0.6	-792	25.2	18.1	7.1	0.0	-18.1	0.0	
1.17188	-0.6	-792	25.2	18.1	7.1	0.0	-18.1	0.0	
1.17578	-0.4	-792	25.3	18.1	7.2	0.0	-18.1	0.0	
1.17969	-0.3	-792	25.2	18.1	7.1	0.0	-18.1	0.0	
1.18359	-0.4	-792	25.3	18.1	7.2	0.0	-18.1	0.0	
1.18750	-0.2	-792	25.3	18.1	7.2	0.0	-18.1	0.0	
1.19141	-0.2	-792	25.3	18.1	7.2	0.0	-18.1	0.0	
1.19531	-0.3	-792	25.3	18.1	7.2	0.0	-18.1	0.0	
1.19922	-0.2	-792	25.3	18.2	7.1	0.0	-18.2	0.0	
1.20312	-0.1	-792	25.3	18.2	7.1	0.0	-18.2	0.0	
1.20703	-0.2	-792	25.3	18.2	7.1	0.0	-18.2	0.0	
1.21094	-0.2	-792	25.3	18.1	7.2	0.0	-18.1	0.0	
1.21484	-0.2	-792	25.3	18.1	7.2	0.0	-18.1	0.0	
1.21875	-0.3	-792	25.3	18.2	7.1	0.0	-18.2	0.0	
1.22266	-0.3	-792	25.2	18.2	7.0	0.0	-18.2	0.0	
1.22656	-0.3	-792	25.3	18.2	7.1	0.0	-18.2	0.0	
1.23047	-0.4	-792	25.3	18.2	7.1	0.0	-18.2	0.0	
1.23438	-0.4	-792	25.2	18.2	7.0	0.0	-18.2	0.0	
1.23828	-0.3	-792	25.2	18.2	7.0	0.0	-18.2	0.0	
1.24219	-0.2	-792	25.2	18.2	7.0	0.0	-18.2	0.0	
1.24609	-0.3	-792	25.2	18.3	6.9	0.0	-18.3	0.0	
1.25000	-0.3	-792	25.2	18.3	6.9	0.0	-18.3	0.0	
1.25391	-0.2	-792	25.2	18.3	6.9	0.0	-18.3	0.0	
1.25781	-0.3	-792	25.1	18.3	6.8	0.0	-18.3	0.0	
1.26172	-0.3	-792	25.2	18.3	6.9	0.0	-18.3	0.0	
1.26562	-0.1	-792	25.2	18.3	6.9	0.0	-18.3	0.0	
1.26953	-0.1	-792	25.1	18.3	6.8	0.0	-18.3	0.0	
1.27344	-0.1	-792	25.1	18.3	6.8	0.0	-18.3	0.0	
1.27734	-0.1	-792	25.1	18.3	6.8	0.0	-18.3	0.0	
1.28125	-0.2	-792	25.1	18.4	6.7	0.0	-18.4	0.0	
1.28516	-0.2	-792	25.1	18.3	6.8	0.0	-18.3	0.0	
1.28906	-0.1	-792	25.1	18.3	6.8	0.0	-18.3	0.0	
1.29297	-0.2	-793	25.1	18.3	6.8	0.0	-18.3	0.0	
1.29688	-0.3	-793	25.0	18.3	6.7	0.0	-18.3	0.0	
1.30078	-0.2	-793	25.0	18.4	6.6	0.0	-18.4	0.0	
1.30469	-0.2	-793	25.0	18.3	6.7	0.0	-18.3	0.0	
1.30859	-0.3	-793	25.0	18.3	6.7	0.0	-18.3	0.0	
1.31250	-0.2	-793	25.0	18.3	6.7	0.0	-18.3	0.0	
1.31641	-0.2	-793	25.0	18.4	6.6	0.0	-18.4	0.0	
1.32031	-0.4	-793	25.0	18.4	6.6	0.0	-18.4	0.0	
1.32422	-0.3	-793	25.0	18.4	6.6	0.0	-18.4	0.0	
1.32812	-0.1	-793	25.1	18.4	6.7	0.0	-18.4	0.0	
1.33203	-0.3	-793	25.0	18.4	6.6	0.0	-18.4	0.0	
1.33594	-0.4	-793	25.0	18.4	6.6	0.0	-18.4	0.0	
1.33984	-0.1	-793	25.0	18.4	6.6	0.0	-18.4	0.0	
1.34375	-0.2	-793	25.0	18.4	6.6	0.0	-18.4	0.0	
1.34766	-0.3	-793	25.1	18.4	6.7	0.0	-18.4	0.0	
1.35156	-0.2	-793	25.1	18.4	6.7	0.0	-18.4	0.0	
1.35547	-0.4	-793	25.1	18.4	6.7	0.0	-18.4	0.0	
1.35938	-0.5	-793	25.0	18.4	6.6	0.0	-18.4	0.0	
1.36328	-0.3	-793	25.1	18.4	6.7	0.0	-18.4	0.0	
1.36719	-0.3	-793	25.1	18.4	6.7	0.0	-18.4	0.0	
1.37109	-0.3	-793	25.1	18.4	6.7	0.0	-18.4	0.0	
1.37500	-0.2	-793	25.1	18.4	6.7	0.0	-18.4	0.0	
1.37891	-0.1	-793	25.1	18.5	6.6	0.0	-18.5	0.0	
1.38281	-0.2	-793	25.1	18.5	6.6	0.0	-18.5	0.0	
1.38672	-0.2	-793	25.0	18.4	6.6	0.0	-18.4	0.0	
1.39062	-0.2	-793	25.1	18.4	6.7	0.0	-18.4	0.0	
1.39453	-0.1	-793	25.1	18.5	6.6	0.0	-18.5	0.0	
1.39844	-0.1	-793	25.1	18.5	6.6	0.0	-18.5	0.0	
1.40234	-0.1	-793	25.1	18.5	6.6	0.0	-18.5	0.0	
1.40625	-0.1	-793	25.0	18.5	6.5	0.0	-18.5	0.0	
1.41016	-0.1	-793	24.9	18.6	6.3	0.0	-18.6	0.0	
1.41406	0.0	-793	24.9	18.5	6.4	0.0	-18.5	0.0	
1.41797	-0.1	-793	24.9	18.5	6.4	0.0	-18.5	0.0	
1.42188	-0.2	-793	24.9	18.5	6.4	0.0	-18.5	0.0	
1.42578	-0.1	-793	24.9	18.5	6.4	0.0	-18.5	0.0	
1.42969	-0.2	-793	24.9	18.5	6.4	0.0	-18.5	0.0	
1.43359	-0.1	-793	24.9	18.5	6.4	0.0	-18.5	0.0	
1.43750	-0.2	-793	24.9	18.5	6.4	0.0	-18.5	0.0	
1.44141	-0.2	-793	24.8	18.5	6.3	0.0	-18.5	0.0	
1.44531	-0.2	-793	24.9	18.6	6.3	0.0	-18.6	0.0	
1.44922	-0.2	-793	24.9	18.5	6.4	0.0	-18.5	0.0	
1.45312	-0.2	-793	24.9	18.5	6.4	0.0	-18.5	0.0	
1.45703	-0.3	-793	24.9	18.5	6.4	0.0	-18.5	0.0	
1.46094	-0.4	-793	24.8	18.5	6.3	0.0	-18.5	0.0	
1.46484	-0.3	-793	24.8	18.5	6.3	0.0	-18.5	0.0	
1.46875	-0.3	-793	24.8	18.5	6.3	0.0	-18.5	0.0	
1.47266	-0.3	-793	24.8	18.5	6.3	0.0	-18.5	0.0	
1.47656	-0.2	-793	24.8	18.5	6.3	0.0	-18.5	0.0	
1.48047	-0.3	-793	24.8	18.5	6.3	0.0	-18.5	0.0	
1.48438	-0.4	-793	24.8	18.5	6.3	0.0	-18.5	0.0	
1.48828	-0.3	-793	24.8	18.5	6.3	0.0	-18.5	0.0	
1.49219	-0.3	-793	24.9	18.5	6.4	0.0	-18.5	0.0	
1.49609	-0.4	-793	24.9	18.5	6.4	0.0	-18.5	0.0	
1.50000	-0.5	-793	24.9	18.5	6.4	0.0	-18.5	0.0	
1.50391	-0.4	-793	24.9	18.5	6.4	0.0	-18.5	0.0	
1.50781	-0.4	-793	24.8	18.6	6.2	0.0	-18.6	0.0	
1.51172	-0.4	-793	24.9	18.5	6.4	0.0	-18.5	0.0	
1.51562	-0.3	-793	24.9	18.5	6.4	0.0	-18.5	0.0	
1.51953	-0.5	-793	24.9	18.6	6.3	0.0	-18.6	0.0	
1.52344	-0.5	-793	25.0	18.6	6.4	0.0	-18.6	0.0	
1.52734	-0.4	-794	25.0	18.5	6.5	0.0	-18.5	0.0	
1.53125	-0.4	-794	25.0	18.6	6.4	0.0	-18.6	0.0	
1.53516	-0.3	-794	25.0	18.6	6.4	0.0	-18.6	0.0	
1.53906	-0.2	-794	25.1	18.5	6.6	0.0	-18.5	0.0	
1.54297	-0.4	-794	25.1	18.6	6.5	0.0	-18.6	0.0	
1.54688	-0.6	-794	25.1	18.6	6.5	0.0	-18.6	0.0	
1.55078	-0.4	-794	25.1	18.6	6.5	0.0	-18.6	0.0	
1.55469	-0.4	-794	25.1	18.6	6.5	0.0	-18.6	0.0	
1.55859	-0.7	-794	25.2	18.6	6.6	0.0	-18.6	0.0	
1.56250	-0.5	-794	25.2	18.6	6.6	0.0	-18.6	0.0	
1.56641	-0.3	-794	25.2	18.7	6.5	0.0	-18.7	0.0	
1.57031	-0.4	-794	25.2	18.6	6.6	0.0	-18.6	0.0	
1.57422	-0.4	-794	25.2	18.6	6.6	0.0	-18.6	0.0	
1.57812	-0.4	-794	25.2	18.6	6.6	0.0	-18.6	0.0	
1.58203	-0.4	-794	25.2	18.7	6.5	0.0	-18.7	0.0	
1.58594	-0.4	-794	25.2	18.7	6.5	0.0	-18.7	0.0	
1.58984	-0.3	-794	25.2	18.7	6.5	0.0	-18.7	0.0	
1.59375	-0.3	-794	25.2	18.7	6.5	0.0	-18.7	0.0	
1.59766	-0.2	-794	25.3	18.7	6.6	0.0	-18.7	0.0	
1.60156	-0.2	-794	25.2	18.7	6.5	0.0	-18.7	0.0	
1.60547	-0.3	-794	25.2	18.7	6.5	0.0	-18.7	0.0	
1.60938	-0.4	-794	25.2	18.7	6.5	0.0	-18.7	0.0	
1.61328	-0.3	-794	25.2	18.7	6.5	0.0	-18.7	0.0	
1.61719	-0.2	-794	25.2	18.7	6.5	0.0	-18.7	0.0	
1.62109	-0.2	-794	25.2	18.7	6.5	0.0	-18.7	0.0	
1.62500	-0.1	-794	25.2	18.7	6.5	0.0	-18.7	0.0	
1.62891	0.0	-794	25.2	18.7	6.5	0.0	-18.7	0.0	
1.63281	-0.1	-794	25.1	18.7	6.4	0.0	-18.7	0.0	
1.63672	-0.2	-794	25.1	18.8	6.3	0.0	-18.8	0.0	
1.64062	-0.1	-794	25.1	18.8	6.3	0.0	-18.8	0.0	
1.64453	-0.1	-794	25.1	18.7	6.4	0.0	-18.7	0.0	
1.64844	-0.2	-794	25.1	18.7	6.4	0.0	-18.7	0.0	
1.65234	-0.0	-794	25.1	18.7	6.4	0.0	-18.7	0.0	
1.65625	-0.1	-794	25.0	18.7	6.3	0.0	-18.7	0.0	
1.66016	-0.3	-794	25.0	18.7	6.3	0.0	-18.7	0.0	
1.66406	-0.3	-794	25.0	18.7	6.3	0.0	-18.7	0.0	
1.66797	-0.2	-794	25.0	18.7	6.3	0.0	-18.7	0.0	
1.67188	-0.2	-794	25.0	18.7	6.3	0.0	-18.7	0.0	
1.67578	-0.3	-794	24.9	18.8	6.1	0.0	-18.8	0.0	
1.67969	-0.2	-794	24.9	18.8	6.1	0.0	-18.8	0.0	
1.68359	-0.2	-794	24.9	18.8	6.1	0.0	-18.8	0.0	
1.68750	-0.2	-794	25.0	18.8	6.2	0.0	-18.8	0.0	
1.69141	-0.1	-794	25.0	18.8	6.2	0.0	-18.8	0.0	
1.69531	-0.1	-794	24.9	18.8	6.1	0.0	-18.8	0.0	
1.69922	-0.1	-794	24.8	18.7	6.1	0.0	-18.7	0.0	
1.70312	-0.0	-794	24.8	18.7	6.1	0.0	-18.7	0.0	
1.70703	-0.1	-794	24.8	18.8	6.0	0.0	-18.8	0.0	
1.71094	-0.3	-794	24.8	18.7	6.1	0.0	-18.7	0.0	
1.71484	-0.2	-794	24.8	18.8	6.0	0.0	-18.8	0.0	
1.71875	-0.2	-794	24.8	18.7	6.1	0.0	-18.7	0.0	
1.72266	-0.4	-794	24.9	18.7	6.2	0.0	-18.7	0.0	
1.72656	-0.3	-794	24.9	18.7	6.2	0.0	-18.7	0.0	
1.73047	-0.2	-794	24.8	18.7	6.1	0.0	-18.7	0.0	
1.73438	-0.4	-794	24.8	18.6	6.2	0.0	-18.6	0.0	
1.73828	-0.5	-794	24.9	18.7	6.2	0.0	-18.7	0.0	
1.74219	-0.5	-794	24.9	18.7	6.2	0.0	-18.7	0.0	
1.74609	-0.5	-795	24.9	18.6	6.3	0.0	-18.6	0.0	
1.75000	-0.5	-795	24.9	18.6	6.3	0.0	-18.6	0.0	
1.75391	-0.6	-795	25.0	18.7	6.3	0.0	-18.7	0.0	
1.75781	-0.7	-795	25.0	18.6	6.4	0.0	-18.6	0.0	
1.76172	-0.8	-795	25.0	18.6	6.4	0.0	-18.6	0.0	
1.76562	-0.8	-795	25.1	18.6	6.5	0.0	-18.6	0.0	
1.76953	-0.7	-795	25.1	18.6	6.5	0.0	-18.6	0.0	
1.77344	-0.7	-795	25.1	18.6	6.5	0.0	-18.6	0.0	
1.77734	-0.6	-795	25.1	18.6	6.5	0.0	-18.6	0.0	
1.78125	-0.6	-795	25.2	18.6	6.6	0.0	-18.6	0.0	
1.78516	-0.7	-795	25.2	18.6	6.6	0.0	-18.6	0.0	
1.78906	-0.5	-795	25.2	18.6	6.6	0.0	-18.6	0.0	
1.79297	-0.3	-795	25.3	18.6	6.7	0.0	-18.6	0.0	
1.79688	-0.5	-795	25.3	18.6	6.7	0.0	-18.6	0.0	
1.80078	-0.4	-795	25.2	18.6	6.6	0.0	-18.6	0.0	
1.80469	-0.1	-795	25.3	18.6	6.7	0.0	-18.6	0.0	
1.80859	-0.2	-795	25.3	18.6	6.7	0.0	-18.6	0.0	
1.81250	-0.2	-795	25.3	18.6	6.7	0.0	-18.6	0.0	
1.81641	-0.1	-795	25.3	18.6	6.7	0.0	-18.6	0.0	
1.82031	-0.2	-795	25.2	18.6	6.6	0.0	-18.6	0.0	
1.82422	-0.2	-795	25.2	18.6	6.6	0.0	-18.6	0.0	
1.82812	-0.0	-795	25.2	18.6	6.6	0.0	-18.6	0.0	
1.83203	-0.1	-795	25.2	18.6	6.6	0.0	-18.6	0.0	
1.83594	-0.1	-795	25.2	18.6	6.6	0.0	-18.6	0.0	
1.83984	-0.0	-795	25.2	18.6	6.6	0.0	-18.6	0.0	
1.84375	-0.1	-795	25.1	18.6	6.5	0.0	-18.6	0.0	
1.84766	-0.2	-795	25.1	18.6	6.5	0.0	-18.6	0.0	
1.85156	-0.1	-795	25.2	18.6	6.6	0.0	-18.6	0.0	
1.85547	-0.1	-795	25.2	18.6	6.6	0.0	-18.6	0.0	
1.85938	-0.2	-795	25.1	18.6	6.5	0.0	-18.6	0.0	
1.86328	-0.2	-795	25.1	18.6	6.5	0.0	-18.6	0.0	
1.86719	-0.2	-795	25.1	18.6	6.5	0.0	-18.6	0.0	
1.87109	-0.2	-795	25.0	18.6	6.4	0.0	-18.6	0.0	
1.87500	0.0	-795	25.0	18.6	6.4	0.0	-18.6	0.0	
1.87891	0.0	-795	25.0	18.6	6.4	0.0	-18.6	0.0	
1.88281	-0.2	-795	25.0	18.6	6.4	0.0	-18.6	0.0	
1.88672	-0.3	-795	25.0	18.6	6.4	0.0	-18.6	0.0	
1.89062	-0.1	-795	24.9	18.6	6.3	0.0	-18.6	0.0	
1.89453	-0.2	-795	24.9	18.6	6.3	0.0	-18.6	0.0	
1.89844	-0.3	-795	24.9	18.6	6.3	0.0	-18.6	0.0	
1.90234	-0.1	-795	24.9	18.6	6.3	0.0	-18.6	0.0	
1.90625	-0.1	-795	24.9	18.6	6.3	0.0	-18.6	0.0	
1.91016	-0.4	-795	24.9	18.6	6.3	0.0	-18.6	0.0	
1.91406	-0.2	-795	24.9	18.6	6.3	0.0	-18.6	0.0	
1.91797	-0.2	-795	24.9	18.6	6.3	0.0	-18.6	0.0	
1.92188	-0.4	-795	24.9	18.6	6.3	0.0	-18.6	0.0	
1.92578	-0.3	-795	24.9	18.7	6.2	0.0	-18.7	0.0	
1.92969	-0.2	-795	24.9	18.6	6.3	0.0	-18.6	0.0	
1.93359	-0.3	-795	24.9	18.6	6.3	0.0	-18.6	0.0	
1.93750	-0.2	-795	24.9	18.6	6.3	0.0	-18.6	0.0	
1.94141	-0.3	-795	24.9	18.6	6.3	0.0	-18.6	0.0	
1.94531	-0.4	-795	24.9	18.6	6.3	0.0	-18.6	0.0	
1.94922	-0.3	-796	25.0	18.6	6.4	0.0	-18.6	0.0	
1.95312	-0.2	-796	25.0	18.6	6.4	0.0	-18.6	0.0	
1.95703	-0.3	-796	24.9	18.6	6.3	0.0	-18.6	0.0	
1.96094	-0.4	-796	25.0	18.6	6.4	0.0	-18.6	0.0	
1.96484	-0.4	-796	25.0	18.6	6.4	0.0	-18.6	0.0	
1.96875	-0.2	-796	25.0	18.6	6.4	0.0	-18.6	0.0	
1.97266	-0.3	-796	25.0	18.6	6.4	0.0	-18.6	0.0	
1.97656	-0.4	-796	25.0	18.7	6.3	0.0	-18.7	0.0	
1.98047	-0.3	-796	25.0	18.7	6.3	0.0	-18.7	0.0	
1.98438	-0.3	-796	25.0	18.6	6.4	0.0	-18.6	0.0	
1.98828	-0.3	-796	25.1	18.7	6.4	0.0	-18.7	0.0	
1.99219	-0.2	-796	25.1	18.7	6.4	0.0	-18.7	0.0	
1.99609	-0.1	-796	25.0	18.6	6.4	0.0	-18.6	0.0	
2.00000	-0.2	-796	25.0	18.6	6.4	0.0	-18.6	0.0	
2.00391	-0.2	-796	25.0	18.7	6.3	0.0	-18.7	0.0	
2.00781	-0.2	-796	25.0	18.7	6.3	0.0	-18.7	0.0	
2.01172	-0.2	-796	24.9	18.6	6.3	0.0	-18.6	0.0	
2.01562	-0.2	-796	24.9	18.7	6.2	0.0	-18.7	0.0	
2.01953	-0.1	-796	24.9	18.7	6.2	0.0	-18.7	0.0	
2.02344	-0.1	-796	24.9	18.7	6.2	0.0	-18.7	0.0	
2.02734	-0.1	-796	24.9	18.7	6.2	0.0	-18.7	0.0	
2.03125	-0.1	-796	24.8	18.7	6.1	0.0	-18.7	0.0	
2.03516	-0.2	-796	24.8	18.7	6.1	0.0	-18.7	0.0	
2.03906	-0.1	-796	24.8	18.7	6.1	0.0	-18.7	0.0	
2.04297	-0.0	-796	24.8	18.7	6.1	0.0	-18.7	0.0	
2.04688	-0.2	-796	24.7	18.7	6.0	0.0	-18.7	0.0	
2.05078	-0.2	-796	24.8	18.7	6.1	0.0	-18.7	0.0	
2.05469	-0.0	-796	24.8	18.7	6.1	0.0	-18.7	0.0	
2.05859	-0.1	-796	24.7	18.7	6.0	0.0	-18.7	0.0	
2.06250	-0.2	-796	24.7	18.7	6.0	0.0	-18.7	0.0	
2.06641	-0.3	-796	24.7	18.7	6.0	0.0	-18.7	0.0	
2.07031	-0.3	-796	24.7	18.7	6.0	0.0	-18.7	0.0	
2.07422	-0.2	-796	24.7	18.6	6.1	0.0	-18.6	0.0	
2.07812	-0.2	-796	24.7	18.7	6.0	0.0	-18.7	0.0	
2.08203	-0.3	-796	24.6	18.7	5.9	0.0	-18.7	0.0	
2.08594	-0.3	-796	24.7	18.6	6.1	0.0	-18.6	0.0	
2.08984	-0.3	-796	24.8	18.6	6.2	0.0	-18.6	0.0	
2.09375	-0.3	-796	24.7	18.7	6.0	0.0	-18.7	0.0	
2.09766	-0.3	-796	24.7	18.7	6.0	0.0	-18.7	0.0	
2.10156	-0.2	-796	24.7	18.7	6.0	0.0	-18.7	0.0	
2.10547	-0.2	-796	24.7	18.6	6.1	0.0	-18.6	0.0	
2.10938	-0.2	-796	24.7	18.6	6.1	0.0	-18.6	0.0	
2.11328	-0.2	-796	24.7	18.7	6.0	0.0	-18.7	0.0	
2.11719	-0.4	-796	24.7	18.7	6.0	0.0	-18.7	0.0	
2.12109	-0.4	-796	24.8	18.7	6.1	0.0	-18.7	0.0	
2.12500	-0.3	-796	24.7	18.7	6.0	0.0	-18.7	0.0	
2.12891	-0.4	-796	24.8	18.6	6.2	0.0	-18.6	0.0	
2.13281	-0.4	-796	24.8	18.6	6.2	0.0	-18.6	0.0	
2.13672	-0.4	-796	24.8	18.6	6.2	0.0	-18.6	0.0	
2.14062	-0.5	-796	24.8	18.6	6.2	0.0	-18.6	0.0	
2.14453	-0.5	-796	24.8	18.6	6.2	0.0	-18.6	0.0	
2.14844	-0.5	-796	24.9	18.7	6.2	0.0	-18.7	0.0	
2.15234	-0.3	-796	24.9	18.7	6.2	0.0	-18.7	0.0	
2.15625	-0.3	-796	24.9	18.7	6.2	0.0	-18.7	0.0	
2.16016	-0.4	-796	24.9	18.6	6.3	0.0	-18.6	0.0	
2.16406	-0.5	-796	25.0	18.7	6.3	0.0	-18.7	0.0	
2.16797	-0.4	-796	25.0	18.7	6.3	0.0	-18.7	0.0	
2.17188	-0.4	-797	25.0	18.7	6.3	0.0	-18.7	0.0	
2.17578	-0.5	-797	25.0	18.7	6.3	0.0	-18.7	0.0	
2.17969	-0.5	-797	25.0	18.7	6.3	0.0	-18.7	0.0	
2.18359	-0.4	-797	25.0	18.7	6.3	0.0	-18.7	0.0	
2.18750	-0.4	-797	25.0	18.7	6.3	0.0	-18.7	0.0	
2.19141	-0.4	-797	25.0	18.7	6.3	0.0	-18.7	0.0	
2.19531	-0.3	-797	25.1	18.7	6.4	0.0	-18.7	0.0	
2.19922	-0.2	-797	25.1	18.7	6.4	0.0	-18.7	0.0	
2.20312	-0.2	-797	25.1	18.7	6.4	0.0	-18.7	0.0	
2.20703	-0.3	-797	25.0	18.7	6.3	0.0	-18.7	0.0	
2.21094	-0.3	-797	25.0	18.7	6.3	0.0	-18.7	0.0	
2.21484	-0.2	-797	25.1	18.7	6.4	0.0	-18.7	0.0	
2.21875	-0.2	-797	25.1	18.8	6.3	0.0	-18.8	0.0	
2.22266	-0.2	-797	25.1	18.7	6.4	0.0	-18.7	0.0	
2.22656	-0.2	-797	25.1	18.7	6.4	0.0	-18.7	0.0	
2.23047	-0.3	-797	25.1	18.8	6.3	0.0	-18.8	0.0	
2.23438	-0.2	-797	25.0	18.7	6.3	0.0	-18.7	0.0	
2.23828	-0.1	-797	25.0	18.7	6.3	0.0	-18.7	0.0	
2.24219	-0.1	-797	25.0	18.8	6.2	0.0	-18.8	0.0	
2.24609	-0.2	-797	24.9	18.8	6.1	0.0	-18.8	0.0	
2.25000	-0.2	-797	24.9	18.8	6.1	0.0	-18.8	0.0	
2.25391	0.0	-797	25.0	18.7	6.3	0.0	-18.7	0.0	
2.25781	-0.0	-797	24.9	18.8	6.1	0.0	-18.8	0.0	
2.26172	-0.2	-797	24.9	18.8	6.1	0.0	-18.8	0.0	
2.26562	-0.2	-797	24.9	18.8	6.1	0.0	-18.8	0.0	
2.26953	-0.2	-797	24.8	18.8	6.0	0.0	-18.8	0.0	
2.27344	-0.2	-797	24.8	18.8	6.0	0.0	-18.8	0.0	
2.27734	-0.2	-797	24.8	18.8	6.0	0.0	-18.8	0.0	
2.28125	-0.2	-797	24.8	18.8	6.0	0.0	-18.8	0.0	
2.28516	-0.2	-797	24.8	18.8	6.0	0.0	-18.8	0.0	
2.28906	-0.2	-797	24.8	18.8	6.0	0.0	-18.8	0.0	
2.29297	-0.2	-797	24.8	18.8	6.0	0.0	-18.8	0.0	
2.29688	-0.2	-797	24.8	18.8	6.0	0.0	-18.8	0.0	
2.30078	-0.1	-797	24.8	18.8	6.0	0.0	-18.8	0.0	
2.30469	-0.1	-797	24.8	18.8	6.0	0.0	-18.8	0.0	
2.30859	-0.1	-797	24.8	18.8	6.0	0.0	-18.8	0.0	
2.31250	-0.1	-797	24.7	18.8	5.9	0.0	-18.8	0.0	
2.31641	-0.1	-797	24.7	18.8	5.9	0.0	-18.8	0.0	
2.32031	-0.2	-797	24.7	18.8	5.9	0.0	-18.8	0.0	
2.32422	-0.3	-797	24.7	18.8	5.9	0.0	-18.8	0.0	
2.32812	-0.1	-797	24.7	18.8	5.9	0.0	-18.8	0.0	
2.33203	-0.2	-797	24.7	18.8	5.9	0.0	-18.8	0.0	
2.33594	-0.3	-797	24.6	18.7	5.9	0.0	-18.7	0.0	
2.33984	-0.2	-797	24.7	18.7	6.0	0.0	-18.7	0.0	
2.34375	-0.3	-797	24.7	18.7	6.0	0.0	-18.7	0.0	
2.34766	-0.3	-797	24.6	18.7	5.9	0.0	-18.7	0.0	
2.35156	-0.2	-797	24.7	18.7	6.0	0.0	-18.7	0.0	
2.35547	-0.4	-797	24.7	18.7	6.0	0.0	-18.7	0.0	
2.35938	-0.5	-797	24.7	18.7	6.0	0.0	-18.7	0.0	
2.36328	-0.5	-797	24.7	18.7	6.0	0.0	-18.7	0.0	
2.36719	-0.5	-797	24.8	18.6	6.2	0.0	-18.6	0.0	
2.37109	-0.5	-797	24.8	18.6	6.2	0.0	-18.6	0.0	
2.37500	-0.6	-797	24.8	18.6	6.2	0.0	-18.6	0.0	
2.37891	-0.7	-797	24.8	18.6	6.2	0.0	-18.6	0.0	
2.38281	-0.8	-797	24.9	18.6	6.3	0.0	-18.6	0.0	
2.38672	-0.7	-797	24.9	18.6	6.3	0.0	-18.6	0.0	
2.39062	-0.6	-798	24.9	18.6	6.3	0.0	-18.6	0.0	
2.39453	-0.5	-798	25.0	18.6	6.4	0.0	-18.6	0.0	
2.39844	-0.6	-798	25.0	18.6	6.4	0.0	-18.6	0.0	
2.40234	-0.6	-798	25.0	18.6	6.4	0.0	-18.6	0.0	
2.40625	-0.6	-798	25.0	18.6	6.4	0.0	-18.6	0.0	
2.41016	-0.5	-798	25.0	18.6	6.4	0.0	-18.6	0.0	
2.41406	-0.3	-798	25.0	18.6	6.4	0.0	-18.6	0.0	
2.41797	-0.3	-798	25.1	18.6	6.5	0.0	-18.6	0.0	
2.42188	-0.3	-798	25.1	18.6	6.5	0.0	-18.6	0.0	
2.42578	-0.2	-798	25.1	18.6	6.5	0.0	-18.6	0.0	
2.42969	-0.1	-798	25.0	18.6	6.4	0.0	-18.6	0.0	
2.43359	-0.2	-798	25.0	18.6	6.4	0.0	-18.6	0.0	
2.43750	-0.2	-798	25.0	18.6	6.4	0.0	-18.6	0.0	
2.44141	-0.1	-798	25.0	18.6	6.4	0.0	-18.6	0.0	
2.44531	-0.2	-798	25.0	18.6	6.4	0.0	-18.6	0.0	
2.44922	-0.2	-798	25.0	18.6	6.4	0.0	-18.6	0.0	
2.45312	-0.0	-798	25.0	18.6	6.4	0.0	-18.6	0.0	
2.45703	-0.1	-798	25.0	18.6	6.4	0.0	-18.6	0.0	
2.46094	-0.2	-798	25.0	18.6	6.4	0.0	-18.6	0.0	
2.46484	-0.1	-798	25.0	18.6	6.4	0.0	-18.6	0.0	
2.46875	-0.2	-798	24.9	18.6	6.3	0.0	-18.6	0.0	
2.47266	-0.2	-798	24.9	18.6	6.3	0.0	-18.6	0.0	
2.47656	-0.3	-798	24.9	18.6	6.3	0.0	-18.6	0.0	
2.48047	-0.2	-798	24.9	18.6	6.3	0.0	-18.6	0.0	
2.48438	-0.3	-798	24.9	18.6	6.3	0.0	-18.6	0.0	
2.48828	-0.3	-798	24.8	18.6	6.2	0.0	-18.6	0.0	
2.49219	-0.0	-798	24.8	18.6	6.2	0.0	-18.6	0.0	
2.49609	-0.2	-798	24.8	18.6	6.2	0.0	-18.6	0.0	
2.50000	-0.3	-798	24.8	18.6	6.2	0.0	-18.6	0.0	
2.50391	-0.1	-798	24.9	18.6	6.3	0.0	-18.6	0.0	
2.50781	-0.3	-798	24.8	18.6	6.2	0.0	-18.6	0.0	
2.51172	-0.3	-798	24.8	18.6	6.2	0.0	-18.6	0.0	
2.51562	-0.1	-798	24.8	18.6	6.2	0.0	-18.6	0.0	
2.51953	-0.2	-798	24.7	18.6	6.1	0.0	-18.6	0.0	
2.52344	-0.2	-798	24.7	18.6	6.1	0.0	-18.6	0.0	
2.52734	-0.3	-798	24.8	18.6	6.2	0.0	-18.6	0.0	
2.53125	-0.3	-798	24.7	18.6	6.1	0.0	-18.6	0.0	
2.53516	-0.3	-798	24.7	18.6	6.1	0.0	-18.6	0.0	
2.53906	-0.3	-798	24.8	18.6	6.2	0.0	-18.6	0.0	
2.54297	-0.3	-798	24.7	18.6	6.1	0.0	-18.6	0.0	
2.54688	-0.5	-798	24.7	18.6	6.1	0.0	-18.6	0.0	
2.55078	-0.4	-798	24.8	18.6	6.2	0.0	-18.6	0.0	
2.55469	-0.2	-798	24.8	18.6	6.2	0.0	-18.6	0.0	
2.55859	-0.4	-798	24.7	18.6	6.1	0.0	-18.6	0.0	
2.56250	-0.5	-798	24.8	18.6	6.2	0.0	-18.6	0.0	
2.56641	-0.3	-798	24.9	18.6	6.3	0.0	-18.6	0.0	
2.57031	-0.3	-798	24.8	18.6	6.2	0.0	-18.6	0.0	
2.57422	-0.5	-798	24.7	18.6	6.1	0.0	-18.6	0.0	
2.57812	-0.4	-798	24.9	18.6	6.3	0.0	-18.6	0.0	
2.58203	-0.4	-798	24.8	18.6	6.2	0.0	-18.6	0.0	
2.58594	-0.5	-798	24.8	18.6	6.2	0.0	-18.6	0.0	
2.58984	-0.4	-798	24.9	18.7	6.2	0.0	-18.7	0.0	
2.59375	-0.3	-799	24.8	18.7	6.1	0.0	-18.7	0.0	
2.59766	-0.3	-799	24.9	18.6	6.3	0.0	-18.6	0.0	
2.60156	-0.2	-799	24.9	18.6	6.3	0.0	-18.6	0.0	
2.60547	-0.2	-799	24.9	18.6	6.3	0.0	-18.6	0.0	
2.60938	-0.2	-799	24.9	18.6	6.3	0.0	-18.6	0.0	
2.61328	-0.2	-799	24.9	18.6	6.3	0.0	-18.6	0.0	
2.61719	-0.1	-799	24.9	18.7	6.2	0.0	-18.7	0.0	
2.62109	-0.1	-799	24.9	18.6	6.3	0.0	-18.6	0.0	
2.62500	-0.1	-799	24.9	18.6	6.3	0.0	-18.6	0.0	
2.62891	-0.1	-799	24.8	18.7	6.1	0.0	-18.7	0.0	
2.63281	-0.2	-799	24.8	18.7	6.1	0.0	-18.7	0.0	
2.63672	-0.2	-799	24.8	18.7	6.1	0.0	-18.7	0.0	
2.64062	-0.1	-799	24.8	18.7	6.1	0.0	-18.7	0.0	
2.64453	0.0	-799	24.8	18.7	6.1	0.0	-18.7	0.0	
2.64844	0.1	-799	24.7	18.7	6.0	0.0	-18.7	0.0	
2.65234	-0.1	-799	24.7	18.6	6.1	0.0	-18.6	0.0	
2.65625	-0.1	-799	24.7	18.6	6.1	0.0	-18.6	0.0	
2.66016	-0.2	-799	24.6	18.7	5.9	0.0	-18.7	0.0	
2.66406	-0.3	-799	24.7	18.6	6.1	0.0	-18.6	0.0	
2.66797	-0.2	-799	24.7	18.7	6.0	0.0	-18.7	0.0	
2.67188	-0.3	-799	24.6	18.7	5.9	0.0	-18.7	0.0	
2.67578	-0.3	-799	24.6	18.6	6.0	0.0	-18.6	0.0	
2.67969	-0.3	-799	24.7	18.7	6.0	0.0	-18.7	0.0	
2.68359	-0.4	-799	24.6	18.7	5.9	0.0	-18.7	0.0	
2.68750	-0.3	-799	24.6	18.7	5.9	0.0	-18.7	0.0	
2.69141	-0.2	-799	24.6	18.7	5.9	0.0	-18.7	0.0	
2.69531	-0.3	-799	24.6	18.7	5.9	0.0	-18.7	0.0	
2.69922	-0.2	-799	24.6	18.6	6.0	0.0	-18.6	0.0	
2.70312	-0.3	-799	24.7	18.7	6.0	0.0	-18.7	0.0	
2.70703	-0.5	-799	24.6	18.7	5.9	0.0	-18.7	0.0	
2.71094	-0.4	-799	24.6	18.7	5.9	0.0	-18.7	0.0	
2.71484	-0.2	-799	24.6	18.7	5.9	0.0	-18.7	0.0	
2.71875	-0.3	-799	24.7	18.7	6.0	0.0	-18.7	0.0	
2.72266	-0.4	-799	24.7	18.6	6.1	0.0	-18.6	0.0	
2.72656	-0.5	-799	24.7	18.7	6.0	0.0	-18.7	0.0	
2.73047	-0.5	-799	24.7	18.7	6.0	0.0	-18.7	0.0	
2.73438	-0.5	-799	24.7	18.7	6.0	0.0	-18.7	0.0	
2.73828	-0.5	-799	24.7	18.7	6.0	0.0	-18.7	0.0	
2.74219	-0.3	-799	24.8	18.7	6.1	0.0	-18.7	0.0	
2.74609	-0.4	-799	24.8	18.7	6.1	0.0	-18.7	0.0	
2.75000	-0.5	-799	24.8	18.7	6.1	0.0	-18.7	0.0	
2.75391	-0.5	-799	24.8	18.7	6.1	0.0	-18.7	0.0	
2.75781	-0.6	-799	24.9	18.7	6.2	0.0	-18.7	0.0	
2.76172	-0.6	-799	24.9	18.6	6.3	0.0	-18.6	0.0	
2.76562	-0.4	-799	24.9	18.7	6.2	0.0	-18.7	0.0	
2.76953	-0.5	-799	24.9	18.7	6.2	0.0	-18.7	0.0	
2.77344	-0.6	-799	24.9	18.7	6.2	0.0	-18.7	0.0	
2.77734	-0.4	-799	25.0	18.7	6.3	0.0	-18.7	0.0	
2.78125	-0.4	-799	25.0	18.7	6.3	0.0	-18.7	0.0	
2.78516	-0.6	-799	25.0	18.7	6.3	0.0	-18.7	0.0	
2.78906	-0.4	-800	25.0	18.7	6.3	0.0	-18.7	0.0	
2.79297	-0.3	-800	25.1	18.7	6.4	0.0	-18.7	0.0	
2.79688	-0.5	-800	25.1	18.7	6.4	0.0	-18.7	0.0	
2.80078	-0.4	-800	25.1	18.8	6.3	0.0	-18.8	0.0	
2.80469	-0.3	-800	25.1	18.8	6.3	0.0	-18.8	0.0	
2.80859	-0.4	-800	25.1	18.8	6.3	0.0	-18.8	0.0	
2.81250	-0.4	-800	25.1	18.8	6.3	0.0	-18.8	0.0	
2.81641	-0.2	-800	25.2	18.8	6.4	0.0	-18.8	0.0	
2.82031	-0.2	-800	25.1	18.8	6.3	0.0	-18.8	0.0	
2.82422	-0.2	-800	25.2	18.8	6.4	0.0	-18.8	0.0	
2.82812	-0.2	-800	25.1	18.8	6.3	0.0	-18.8	0.0	
2.83203	-0.2	-800	25.1	18.8	6.3	0.0	-18.8	0.0	
2.83594	-0.3	-800	25.1	18.8	6.3	0.0	-18.8	0.0	
2.83984	-0.3	-800	25.1	18.8	6.3	0.0	-18.8	0.0	
2.84375	-0.2	-800	25.1	18.8	6.3	0.0	-18.8	0.0	
2.84766	-0.1	-800	25.1	18.8	6.3	0.0	-18.8	0.0	
2.85156	-0.1	-800	25.1	18.9	6.2	0.0	-18.9	0.0	
2.85547	-0.2	-800	25.1	18.8	6.3	0.0	-18.8	0.0	
2.85938	-0.3	-800	25.0	18.8	6.2	0.0	-18.8	0.0	
2.86328	-0.2	-800	25.1	18.8	6.3	0.0	-18.8	0.0	
2.86719	0.0	-800	25.1	18.8	6.3	0.0	-18.8	0.0	
2.87109	-0.1	-800	25.0	18.8	6.2	0.0	-18.8	0.0	
2.87500	-0.1	-800	25.0	18.9	6.1	0.0	-18.9	0.0	
2.87891	-0.0	-800	25.0	18.9	6.1	0.0	-18.9	0.0	
2.88281	-0.2	-800	25.0	18.9	6.1	0.0	-18.9	0.0	
2.88672	-0.3	-800	24.9	18.9	6.0	0.0	-18.9	0.0	
2.89062	-0.2	-800	25.0	18.9	6.1	0.0	-18.9	0.0	
2.89453	-0.1	-800	25.0	18.9	6.1	0.0	-18.9	0.0	
2.89844	-0.3	-800	24.9	18.9	6.0	0.0	-18.9	0.0	
2.90234	-0.3	-800	24.9	18.9	6.0	0.0	-18.9	0.0	
2.90625	-0.3	-800	24.9	18.9	6.0	0.0	-18.9	0.0	
2.91016	-0.3	-800	24.8	18.8	6.0	0.0	-18.8	0.0	
2.91406	-0.2	-800	24.9	18.9	6.0	0.0	-18.9	0.0	
2.91797	-0.1	-800	24.9	18.9	6.0	0.0	-18.9	0.0	
2.92188	-0.3	-800	24.9	18.9	6.0	0.0	-18.9	0.0	
2.92578	-0.1	-800	24.8	18.9	5.9	0.0	-18.9	0.0	
2.92969	0.0	-800	24.8	18.9	5.9	0.0	-18.9	0.0	
2.93359	-0.3	-800	24.7	18.9	5.8	0.0	-18.9	0.0	
2.93750	-0.2	-800	24.7	18.9	5.8	0.0	-18.9	0.0	
2.94141	-0.0	-800	24.8	18.8	6.0	0.0	-18.8	0.0	
2.94531	-0.1	-800	24.8	18.9	5.9	0.0	-18.9	0.0	
2.94922	-0.2	-800	24.8	18.9	5.9	0.0	-18.9	0.0	
2.95312	-0.2	-800	24.7	18.9	5.8	0.0	-18.9	0.0	
2.95703	-0.2	-800	24.7	18.8	5.9	0.0	-18.8	0.0	
2.96094	-0.4	-800	24.7	18.8	5.9	0.0	-18.8	0.0	
2.96484	-0.4	-800	24.8	18.8	6.0	0.0	-18.8	0.0	
2.96875	-0.3	-800	24.8	18.8	6.0	0.0	-18.8	0.0	
2.97266	-0.4	-800	24.8	18.8	6.0	0.0	-18.8	0.0	
2.97656	-0.4	-800	24.9	18.8	6.1	0.0	-18.8	0.0	
2.98047	-0.4	-800	24.9	18.8	6.1	0.0	-18.8	0.0	
2.98438	-0.6	-800	24.8	18.8	6.0	0.0	-18.8	0.0	
2.98828	-0.7	-800	24.9	18.8	6.1	0.0	-18.8	0.0	
2.99219	-0.6	-800	24.9	18.8	6.1	0.0	-18.8	0.0	
2.99609	-0.6	-800	24.9	18.8	6.1	0.0	-18.8	0.0	
3.00000	-0.7	-800	24.9	18.8	6.1	0.0	-18.8	0.0	
3.00391	-0.7	-801	25.0	18.8	6.2	0.0	-18.8	0.0	
3.00781	-0.8	-801	25.0	18.8	6.2	0.0	-18.8	0.0	
3.01172	-0.8	-801	25.0	18.7	6.3	0.0	-18.7	0.0	
3.01562	-0.6	-801	25.1	18.7	6.4	0.0	-18.7	0.0	
3.01953	-0.5	-801	25.1	18.7	6.4	0.0	-18.7	0.0	
3.02344	-0.5	-801	25.1	18.8	6.3	0.0	-18.8	0.0	
3.02734	-0.4	-801	25.1	18.8	6.3	0.0	-18.8	0.0	
3.03125	-0.3	-801	25.1	18.8	6.3	0.0	-18.8	0.0	
3.03516	-0.4	-801	25.1	18.8	6.3	0.0	-18.8	0.0	
3.03906	-0.3	-801	25.1	18.8	6.3	0.0	-18.8	0.0	
3.04297	-0.1	-801	25.1	18.8	6.3	0.0	-18.8	0.0	
3.04688	-0.3	-801	25.1	18.8	6.3	0.0	-18.8	0.0	
3.05078	-0.3	-801	25.1	18.8	6.3	0.0	-18.8	0.0	
3.05469	-0.0	-801	25.1	18.8	6.3	0.0	-18.8	0.0	
3.05859	-0.1	-801	25.1	18.8	6.3	0.0	-18.8	0.0	
3.06250	-0.2	-801	25.2	18.8	6.4	0.0	-18.8	0.0	
3.06641	-0.1	-801	25.2	18.8	6.4	0.0	-18.8	0.0	
3.07031	-0.1	-801	25.2	18.8	6.4	0.0	-18.8	0.0	
3.07422	-0.2	-801	25.1	18.8	6.3	0.0	-18.8	0.0	
3.07812	-0.1	-801	25.1	18.8	6.3	0.0	-18.8	0.0	
3.08203	-0.2	-801	25.1	18.8	6.3	0.0	-18.8	0.0	
3.08594	-0.4	-801	25.0	18.8	6.2	0.0	-18.8	0.0	
3.08984	-0.2	-801	25.1	18.8	6.3	0.0	-18.8	0.0	
3.09375	-0.1	-801	25.1	18.7	6.4	0.0	-18.7	0.0	
3.09766	-0.4	-801	25.0	18.8	6.2	0.0	-18.8	0.0	
3.10156	-0.2	-801	25.0	18.8	6.2	0.0	-18.8	0.0	
3.10547	-0.1	-801	25.0	18.8	6.2	0.0	-18.8	0.0	
3.10938	-0.2	-801	25.0	18.8	6.2	0.0	-18.8	0.0	
3.11328	-0.1	-801	25.0	18.8	6.2	0.0	-18.8	0.0	
3.11719	-0.1	-801	25.0	18.9	6.1	0.0	-18.9	0.0	
3.12109	-0.2	-801	24.9	18.8	6.1	0.0	-18.8	0.0	
3.12500	-0.2	-801	24.9	18.8	6.1	0.0	-18.8	0.0	
3.12891	-0.3	-801	24.9	18.8	6.1	0.0	-18.8	0.0	
3.13281	-0.2	-801	24.9	18.8	6.1	0.0	-18.8	0.0	
3.13672	-0.2	-801	24.9	18.8	6.1	0.0	-18.8	0.0	
3.14062	-0.2	-801	24.9	18.8	6.1	0.0	-18.8	0.0	
3.14453	-0.3	-801	24.9	18.8	6.1	0.0	-18.8	0.0	
3.14844	-0.4	-801	24.9	18.8	6.1	0.0	-18.8	0.0	
3.15234	-0.3	-801	24.9	18.8	6.1	0.0	-18.8	0.0	
3.15625	-0.3	-801	24.9	18.8	6.1	0.0	-18.8	0.0	
3.16016	-0.4	-801	24.9	18.8	6.1	0.0	-18.8	0.0	
3.16406	-0.4	-801	24.9	18.7	6.2	0.0	-18.7	0.0	
3.16797	-0.4	-801	24.9	18.8	6.1	0.0	-18.8	0.0	
3.17188	-0.5	-801	24.9	18.8	6.1	0.0	-18.8	0.0	
3.17578	-0.4	-801	24.9	18.8	6.1	0.0	-18.8	0.0	
3.17969	-0.3	-801	25.0	18.8	6.2	0.0	-18.8	0.0	
3.18359	-0.5	-801	25.0	18.7	6.3	0.0	-18.7	0.0	
3.18750	-0.5	-801	25.0	18.8	6.2	0.0	-18.8	0.0	
3.19141	-0.4	-801	25.0	18.8	6.2	0.0	-18.8	0.0	
3.19531	-0.5	-801	25.0	18.7	6.3	0.0	-18.7	0.0	
3.19922	-0.5	-802	25.0	18.8	6.2	0.0	-18.8	0.0	
3.20312	-0.3	-802	25.1	18.8	6.3	0.0	-18.8	0.0	
3.20703	-0.3	-802	25.0	18.8	6.2	0.0	-18.8	0.0	
3.21094	-0.4	-802	25.0	18.8	6.2	0.0	-18.8	0.0	
3.21484	-0.2	-802	25.0	18.8	6.2	0.0	-18.8	0.0	
3.21875	-0.1	-802	25.1	18.8	6.3	0.0	-18.8	0.0	
3.22266	-0.2	-802	25.0	18.8	6.2	0.0	-18.8	0.0	
3.22656	-0.1	-802	25.0	18.8	6.2	0.0	-18.8	0.0	
3.23047	-0.1	-802	25.0	18.8	6.2	0.0	-18.8	0.0	
3.23438	-0.2	-802	25.0	18.8	6.2	0.0	-18.8	0.0	
3.23828	-0.1	-802	25.0	18.9	6.1	0.0	-18.9	0.0	
3.24219	-0.0	-802	25.0	18.9	6.1	0.0	-18.9	0.0	
3.24609	-0.1	-802	24.9	18.8	6.1	0.0	-18.8	0.0	
3.25000	-0.1	-802	24.9	18.8	6.1	0.0	-18.8	0.0	
3.25391	-0.1	-802	24.9	18.9	6.0	0.0	-18.9	0.0	
